2.0, 0.0, 0.0; 1
5.0, 0.0, 0.0; 1
6.0, 0.0, 0.0; 8
7.0, 0.0, 0.0; 69
8.0, 0.0, 0.0; 141
9.0, 0.0, 0.0; 166
-10.0, 1.0, 0.0; 31
-9.0, 1.0, 0.0; 17
-8.0, 1.0, 0.0; 12
-7.0, 1.0, 0.0; 11
-6.0, 1.0, 0.0; 2
-5.0, 1.0, 0.0; 1
5.0, 1.0, 0.0; 1
6.0, 1.0, 0.0; 25
7.0, 1.0, 0.0; 83
8.0, 1.0, 0.0; 166
9.0, 1.0, 0.0; 155
-10.0, 2.0, 0.0; 22
-9.0, 2.0, 0.0; 15
-8.0, 2.0, 0.0; 10
-7.0, 2.0, 0.0; 9
-6.0, 2.0, 0.0; 2
-5.0, 2.0, 0.0; 2
1.0, 2.0, 0.0; 1
4.0, 2.0, 0.0; 4
5.0, 2.0, 0.0; 23
6.0, 2.0, 0.0; 59
7.0, 2.0, 0.0; 101
8.0, 2.0, 0.0; 176
9.0, 2.0, 0.0; 108
-10.0, 3.0, 0.0; 11
-9.0, 3.0, 0.0; 36
-8.0, 3.0, 0.0; 11
-7.0, 3.0, 0.0; 4
-6.0, 3.0, 0.0; 3
2.0, 3.0, 0.0; 1
3.0, 3.0, 0.0; 9
4.0, 3.0, 0.0; 23
5.0, 3.0, 0.0; 52
6.0, 3.0, 0.0; 81
7.0, 3.0, 0.0; 135
8.0, 3.0, 0.0; 150
9.0, 3.0, 0.0; 67
-10.0, 4.0, 0.0; 3
-9.0, 4.0, 0.0; 19
-8.0, 4.0, 0.0; 16
-7.0, 4.0, 0.0; 17
-6.0, 4.0, 0.0; 7
-4.0, 4.0, 0.0; 7
0.0, 4.0, 0.0; 1
1.0, 4.0, 0.0; 12
2.0, 4.0, 0.0; 25
3.0, 4.0, 0.0; 32
4.0, 4.0, 0.0; 111
5.0, 4.0, 0.0; 99
6.0, 4.0, 0.0; 100
7.0, 4.0, 0.0; 138
8.0, 4.0, 0.0; 147
9.0, 4.0, 0.0; 1
-9.0, 5.0, 0.0; 10
-8.0, 5.0, 0.0; 19
-7.0, 5.0, 0.0; 9
-6.0, 5.0, 0.0; 7
-5.0, 5.0, 0.0; 4
-4.0, 5.0, 0.0; 5
-3.0, 5.0, 0.0; 23
-2.0, 5.0, 0.0; 24
-1.0, 5.0, 0.0; 18
0.0, 5.0, 0.0; 23
1.0, 5.0, 0.0; 31
2.0, 5.0, 0.0; 23
3.0, 5.0, 0.0; 85
4.0, 5.0, 0.0; 199
5.0, 5.0, 0.0; 113
6.0, 5.0, 0.0; 106
7.0, 5.0, 0.0; 125
8.0, 5.0, 0.0; 43
-8.0, 6.0, 0.0; 13
-7.0, 6.0, 0.0; 15
-6.0, 6.0, 0.0; 18
-5.0, 6.0, 0.0; 3
-4.0, 6.0, 0.0; 4
-3.0, 6.0, 0.0; 7
-2.0, 6.0, 0.0; 12
-1.0, 6.0, 0.0; 18
0.0, 6.0, 0.0; 20
1.0, 6.0, 0.0; 26
2.0, 6.0, 0.0; 30
3.0, 6.0, 0.0; 75
4.0, 6.0, 0.0; 108
5.0, 6.0, 0.0; 95
6.0, 6.0, 0.0; 103
7.0, 6.0, 0.0; 58
-7.0, 7.0, 0.0; 8
-6.0, 7.0, 0.0; 19
-5.0, 7.0, 0.0; 8
-4.0, 7.0, 0.0; 9
-3.0, 7.0, 0.0; 9
-2.0, 7.0, 0.0; 11
-1.0, 7.0, 0.0; 11
0.0, 7.0, 0.0; 19
1.0, 7.0, 0.0; 13
2.0, 7.0, 0.0; 31
3.0, 7.0, 0.0; 57
4.0, 7.0, 0.0; 77
5.0, 7.0, 0.0; 95
6.0, 7.0, 0.0; 57
7.0, 7.0, 0.0; 1
-6.0, 8.0, 0.0; 4
-5.0, 8.0, 0.0; 18
-4.0, 8.0, 0.0; 8
-3.0, 8.0, 0.0; 8
-2.0, 8.0, 0.0; 7
-1.0, 8.0, 0.0; 6
0.0, 8.0, 0.0; 18
1.0, 8.0, 0.0; 27
2.0, 8.0, 0.0; 31
3.0, 8.0, 0.0; 58
4.0, 8.0, 0.0; 70
5.0, 8.0, 0.0; 29
-4.0, 9.0, 0.0; 4
-3.0, 9.0, 0.0; 4
-2.0, 9.0, 0.0; 15
-1.0, 9.0, 0.0; 27
0.0, 9.0, 0.0; 24
1.0, 9.0, 0.0; 20
2.0, 9.0, 0.0; 25
3.0, 9.0, 0.0; 19
4.0, 9.0, 0.0; 3
-4.0, -10.0, 1.0; 19
-3.0, -10.0, 1.0; 34
-2.0, -10.0, 1.0; 30
-1.0, -10.0, 1.0; 48
0.0, -10.0, 1.0; 51
1.0, -10.0, 1.0; 43
2.0, -10.0, 1.0; 33
3.0, -10.0, 1.0; 16
4.0, -10.0, 1.0; 1
-6.0, -9.0, 1.0; 15
-5.0, -9.0, 1.0; 45
-4.0, -9.0, 1.0; 37
-3.0, -9.0, 1.0; 32
-2.0, -9.0, 1.0; 27
-1.0, -9.0, 1.0; 28
0.0, -9.0, 1.0; 26
1.0, -9.0, 1.0; 39
2.0, -9.0, 1.0; 39
3.0, -9.0, 1.0; 47
4.0, -9.0, 1.0; 64
5.0, -9.0, 1.0; 14
-7.0, -8.0, 1.0; 33
-6.0, -8.0, 1.0; 32
-5.0, -8.0, 1.0; 22
-4.0, -8.0, 1.0; 19
-3.0, -8.0, 1.0; 10
-2.0, -8.0, 1.0; 26
-1.0, -8.0, 1.0; 16
0.0, -8.0, 1.0; 29
1.0, -8.0, 1.0; 43
2.0, -8.0, 1.0; 35
3.0, -8.0, 1.0; 40
4.0, -8.0, 1.0; 48
5.0, -8.0, 1.0; 62
6.0, -8.0, 1.0; 40
-8.0, -7.0, 1.0; 26
-7.0, -7.0, 1.0; 52
-6.0, -7.0, 1.0; 16
-5.0, -7.0, 1.0; 13
-4.0, -7.0, 1.0; 7
-3.0, -7.0, 1.0; 3
-2.0, -7.0, 1.0; 2
-1.0, -7.0, 1.0; 12
0.0, -7.0, 1.0; 15
1.0, -7.0, 1.0; 45
2.0, -7.0, 1.0; 53
3.0, -7.0, 1.0; 55
4.0, -7.0, 1.0; 59
5.0, -7.0, 1.0; 81
6.0, -7.0, 1.0; 123
7.0, -7.0, 1.0; 51
-9.0, -6.0, 1.0; 19
-8.0, -6.0, 1.0; 50
-7.0, -6.0, 1.0; 36
-6.0, -6.0, 1.0; 14
-5.0, -6.0, 1.0; 1
-3.0, -6.0, 1.0; 4
-2.0, -6.0, 1.0; 3
-1.0, -6.0, 1.0; 8
0.0, -6.0, 1.0; 17
1.0, -6.0, 1.0; 18
2.0, -6.0, 1.0; 34
3.0, -6.0, 1.0; 41
4.0, -6.0, 1.0; 48
5.0, -6.0, 1.0; 88
6.0, -6.0, 1.0; 102
7.0, -6.0, 1.0; 127
8.0, -6.0, 1.0; 20
-9.0, -5.0, 1.0; 59
-8.0, -5.0, 1.0; 69
-7.0, -5.0, 1.0; 24
-6.0, -5.0, 1.0; 5
-5.0, -5.0, 1.0; 2
-4.0, -5.0, 1.0; 2
-2.0, -5.0, 1.0; 2
-1.0, -5.0, 1.0; 2
0.0, -5.0, 1.0; 2
1.0, -5.0, 1.0; 3
2.0, -5.0, 1.0; 20
3.0, -5.0, 1.0; 15
4.0, -5.0, 1.0; 31
5.0, -5.0, 1.0; 54
6.0, -5.0, 1.0; 92
7.0, -5.0, 1.0; 128
8.0, -5.0, 1.0; 127
-10.0, -4.0, 1.0; 18
-9.0, -4.0, 1.0; 71
-8.0, -4.0, 1.0; 33
-7.0, -4.0, 1.0; 14
-6.0, -4.0, 1.0; 3
-5.0, -4.0, 1.0; 1
-3.0, -4.0, 1.0; 1
0.0, -4.0, 1.0; 2
1.0, -4.0, 1.0; 2
2.0, -4.0, 1.0; 1
3.0, -4.0, 1.0; 9
4.0, -4.0, 1.0; 2
5.0, -4.0, 1.0; 32
6.0, -4.0, 1.0; 90
7.0, -4.0, 1.0; 131
8.0, -4.0, 1.0; 149
9.0, -4.0, 1.0; 31
-10.0, -3.0, 1.0; 37
-9.0, -3.0, 1.0; 48
-8.0, -3.0, 1.0; 17
-7.0, -3.0, 1.0; 7
-6.0, -3.0, 1.0; 3
-5.0, -3.0, 1.0; 3
-4.0, -3.0, 1.0; 1
2.0, -3.0, 1.0; 1
3.0, -3.0, 1.0; 2
4.0, -3.0, 1.0; 1
5.0, -3.0, 1.0; 9
6.0, -3.0, 1.0; 72
7.0, -3.0, 1.0; 134
8.0, -3.0, 1.0; 164
9.0, -3.0, 1.0; 76
-10.0, -2.0, 1.0; 35
-9.0, -2.0, 1.0; 37
-8.0, -2.0, 1.0; 13
-7.0, -2.0, 1.0; 9
-6.0, -2.0, 1.0; 5
-5.0, -2.0, 1.0; 3
3.0, -2.0, 1.0; 1
5.0, -2.0, 1.0; 3
6.0, -2.0, 1.0; 32
7.0, -2.0, 1.0; 97
8.0, -2.0, 1.0; 166
9.0, -2.0, 1.0; 114
-10.0, -1.0, 1.0; 17
-9.0, -1.0, 1.0; 30
-8.0, -1.0, 1.0; 9
-7.0, -1.0, 1.0; 22
-6.0, -1.0, 1.0; 10
-5.0, -1.0, 1.0; 2
5.0, -1.0, 1.0; 1
6.0, -1.0, 1.0; 24
7.0, -1.0, 1.0; 103
8.0, -1.0, 1.0; 200
9.0, -1.0, 1.0; 140
-10.0, 0.0, 1.0; 41
-9.0, 0.0, 1.0; 16
-8.0, 0.0, 1.0; 13
-7.0, 0.0, 1.0; 9
-6.0, 0.0, 1.0; 18
-5.0, 0.0, 1.0; 1
5.0, 0.0, 1.0; 1
6.0, 0.0, 1.0; 36
7.0, 0.0, 1.0; 101
8.0, 0.0, 1.0; 179
9.0, 0.0, 1.0; 177
-10.0, 1.0, 1.0; 35
-9.0, 1.0, 1.0; 15
-8.0, 1.0, 1.0; 9
-7.0, 1.0, 1.0; 13
-6.0, 1.0, 1.0; 6
-5.0, 1.0, 1.0; 2
5.0, 1.0, 1.0; 2
6.0, 1.0, 1.0; 47
7.0, 1.0, 1.0; 136
8.0, 1.0, 1.0; 169
9.0, 1.0, 1.0; 125
-10.0, 2.0, 1.0; 30
-9.0, 2.0, 1.0; 12
-8.0, 2.0, 1.0; 8
-7.0, 2.0, 1.0; 6
-6.0, 2.0, 1.0; 4
-5.0, 2.0, 1.0; 5
-4.0, 2.0, 1.0; 2
3.0, 2.0, 1.0; 3
4.0, 2.0, 1.0; 8
5.0, 2.0, 1.0; 29
6.0, 2.0, 1.0; 82
7.0, 2.0, 1.0; 126
8.0, 2.0, 1.0; 164
9.0, 2.0, 1.0; 84
-10.0, 3.0, 1.0; 9
-9.0, 3.0, 1.0; 24
-8.0, 3.0, 1.0; 6
-7.0, 3.0, 1.0; 11
-6.0, 3.0, 1.0; 4
-5.0, 3.0, 1.0; 4
-4.0, 3.0, 1.0; 1
-2.0, 3.0, 1.0; 1
2.0, 3.0, 1.0; 9
3.0, 3.0, 1.0; 10
4.0, 3.0, 1.0; 26
5.0, 3.0, 1.0; 70
6.0, 3.0, 1.0; 114
7.0, 3.0, 1.0; 145
8.0, 3.0, 1.0; 145
9.0, 3.0, 1.0; 48
-9.0, 4.0, 1.0; 24
-8.0, 4.0, 1.0; 11
-7.0, 4.0, 1.0; 6
-6.0, 4.0, 1.0; 6
-5.0, 4.0, 1.0; 2
-4.0, 4.0, 1.0; 6
-3.0, 4.0, 1.0; 7
0.0, 4.0, 1.0; 2
1.0, 4.0, 1.0; 12
2.0, 4.0, 1.0; 37
3.0, 4.0, 1.0; 57
4.0, 4.0, 1.0; 214
5.0, 4.0, 1.0; 102
6.0, 4.0, 1.0; 99
7.0, 4.0, 1.0; 110
8.0, 4.0, 1.0; 119
-9.0, 5.0, 1.0; 12
-8.0, 5.0, 1.0; 15
-7.0, 5.0, 1.0; 4
-6.0, 5.0, 1.0; 2
-5.0, 5.0, 1.0; 3
-4.0, 5.0, 1.0; 4
-3.0, 5.0, 1.0; 13
-2.0, 5.0, 1.0; 12
-1.0, 5.0, 1.0; 11
0.0, 5.0, 1.0; 24
1.0, 5.0, 1.0; 19
2.0, 5.0, 1.0; 51
3.0, 5.0, 1.0; 152
4.0, 5.0, 1.0; 190
5.0, 5.0, 1.0; 121
6.0, 5.0, 1.0; 104
7.0, 5.0, 1.0; 117
8.0, 5.0, 1.0; 27
-8.0, 6.0, 1.0; 12
-7.0, 6.0, 1.0; 13
-6.0, 6.0, 1.0; 9
-5.0, 6.0, 1.0; 6
-4.0, 6.0, 1.0; 1
-3.0, 6.0, 1.0; 3
-2.0, 6.0, 1.0; 4
-1.0, 6.0, 1.0; 8
0.0, 6.0, 1.0; 16
1.0, 6.0, 1.0; 27
2.0, 6.0, 1.0; 31
3.0, 6.0, 1.0; 82
4.0, 6.0, 1.0; 97
5.0, 6.0, 1.0; 100
6.0, 6.0, 1.0; 125
7.0, 6.0, 1.0; 47
-7.0, 7.0, 1.0; 6
-6.0, 7.0, 1.0; 18
-5.0, 7.0, 1.0; 8
-4.0, 7.0, 1.0; 12
-3.0, 7.0, 1.0; 5
-2.0, 7.0, 1.0; 14
-1.0, 7.0, 1.0; 11
0.0, 7.0, 1.0; 27
1.0, 7.0, 1.0; 23
2.0, 7.0, 1.0; 39
3.0, 7.0, 1.0; 49
4.0, 7.0, 1.0; 71
5.0, 7.0, 1.0; 106
6.0, 7.0, 1.0; 51
-5.0, 8.0, 1.0; 7
-4.0, 8.0, 1.0; 11
-3.0, 8.0, 1.0; 11
-2.0, 8.0, 1.0; 6
-1.0, 8.0, 1.0; 8
0.0, 8.0, 1.0; 15
1.0, 8.0, 1.0; 24
2.0, 8.0, 1.0; 39
3.0, 8.0, 1.0; 56
4.0, 8.0, 1.0; 53
5.0, 8.0, 1.0; 20
-4.0, 9.0, 1.0; 1
-3.0, 9.0, 1.0; 4
-2.0, 9.0, 1.0; 7
-1.0, 9.0, 1.0; 13
0.0, 9.0, 1.0; 17
1.0, 9.0, 1.0; 20
2.0, 9.0, 1.0; 35
3.0, 9.0, 1.0; 19
-4.0, -10.0, 2.0; 3
-3.0, -10.0, 2.0; 12
-2.0, -10.0, 2.0; 42
-1.0, -10.0, 2.0; 61
0.0, -10.0, 2.0; 53
1.0, -10.0, 2.0; 45
2.0, -10.0, 2.0; 24
3.0, -10.0, 2.0; 4
-6.0, -9.0, 2.0; 5
-5.0, -9.0, 2.0; 30
-4.0, -9.0, 2.0; 32
-3.0, -9.0, 2.0; 39
-2.0, -9.0, 2.0; 39
-1.0, -9.0, 2.0; 59
0.0, -9.0, 2.0; 91
1.0, -9.0, 2.0; 103
2.0, -9.0, 2.0; 68
3.0, -9.0, 2.0; 65
4.0, -9.0, 2.0; 46
5.0, -9.0, 2.0; 2
-7.0, -8.0, 2.0; 15
-6.0, -8.0, 2.0; 34
-5.0, -8.0, 2.0; 32
-4.0, -8.0, 2.0; 28
-3.0, -8.0, 2.0; 32
-2.0, -8.0, 2.0; 26
-1.0, -8.0, 2.0; 39
0.0, -8.0, 2.0; 68
1.0, -8.0, 2.0; 60
2.0, -8.0, 2.0; 103
3.0, -8.0, 2.0; 75
4.0, -8.0, 2.0; 72
5.0, -8.0, 2.0; 93
6.0, -8.0, 2.0; 24
-8.0, -7.0, 2.0; 12
-7.0, -7.0, 2.0; 47
-6.0, -7.0, 2.0; 41
-5.0, -7.0, 2.0; 25
-4.0, -7.0, 2.0; 10
-3.0, -7.0, 2.0; 2
-2.0, -7.0, 2.0; 12
-1.0, -7.0, 2.0; 26
0.0, -7.0, 2.0; 42
1.0, -7.0, 2.0; 50
2.0, -7.0, 2.0; 71
3.0, -7.0, 2.0; 90
4.0, -7.0, 2.0; 106
5.0, -7.0, 2.0; 118
6.0, -7.0, 2.0; 109
7.0, -7.0, 2.0; 22
-9.0, -6.0, 2.0; 1
-8.0, -6.0, 2.0; 45
-7.0, -6.0, 2.0; 47
-6.0, -6.0, 2.0; 18
-5.0, -6.0, 2.0; 9
-4.0, -6.0, 2.0; 1
-3.0, -6.0, 2.0; 4
-2.0, -6.0, 2.0; 4
-1.0, -6.0, 2.0; 15
0.0, -6.0, 2.0; 41
1.0, -6.0, 2.0; 53
2.0, -6.0, 2.0; 58
3.0, -6.0, 2.0; 63
4.0, -6.0, 2.0; 108
5.0, -6.0, 2.0; 139
6.0, -6.0, 2.0; 184
7.0, -6.0, 2.0; 132
8.0, -6.0, 2.0; 14
-9.0, -5.0, 2.0; 46
-8.0, -5.0, 2.0; 80
-7.0, -5.0, 2.0; 45
-6.0, -5.0, 2.0; 35
-5.0, -5.0, 2.0; 4
-4.0, -5.0, 2.0; 1
-3.0, -5.0, 2.0; 2
-2.0, -5.0, 2.0; 7
-1.0, -5.0, 2.0; 5
0.0, -5.0, 2.0; 10
1.0, -5.0, 2.0; 23
2.0, -5.0, 2.0; 26
3.0, -5.0, 2.0; 30
4.0, -5.0, 2.0; 58
5.0, -5.0, 2.0; 100
6.0, -5.0, 2.0; 143
7.0, -5.0, 2.0; 137
8.0, -5.0, 2.0; 106
-10.0, -4.0, 2.0; 3
-9.0, -4.0, 2.0; 87
-8.0, -4.0, 2.0; 71
-7.0, -4.0, 2.0; 25
-6.0, -4.0, 2.0; 9
-5.0, -4.0, 2.0; 3
-4.0, -4.0, 2.0; 2
-3.0, -4.0, 2.0; 1
0.0, -4.0, 2.0; 1
1.0, -4.0, 2.0; 7
2.0, -4.0, 2.0; 10
3.0, -4.0, 2.0; 12
4.0, -4.0, 2.0; 26
5.0, -4.0, 2.0; 69
6.0, -4.0, 2.0; 109
7.0, -4.0, 2.0; 164
8.0, -4.0, 2.0; 146
9.0, -4.0, 2.0; 13
-10.0, -3.0, 2.0; 25
-9.0, -3.0, 2.0; 80
-8.0, -3.0, 2.0; 44
-7.0, -3.0, 2.0; 23
-6.0, -3.0, 2.0; 12
-5.0, -3.0, 2.0; 8
-4.0, -3.0, 2.0; 3
1.0, -3.0, 2.0; 4
2.0, -3.0, 2.0; 3
3.0, -3.0, 2.0; 7
4.0, -3.0, 2.0; 6
5.0, -3.0, 2.0; 30
6.0, -3.0, 2.0; 86
7.0, -3.0, 2.0; 155
8.0, -3.0, 2.0; 194
9.0, -3.0, 2.0; 44
-10.0, -2.0, 2.0; 28
-9.0, -2.0, 2.0; 49
-8.0, -2.0, 2.0; 21
-7.0, -2.0, 2.0; 17
-6.0, -2.0, 2.0; 31
-5.0, -2.0, 2.0; 19
-4.0, -2.0, 2.0; 4
-2.0, -2.0, 2.0; 1
2.0, -2.0, 2.0; 1
3.0, -2.0, 2.0; 6
4.0, -2.0, 2.0; 2
5.0, -2.0, 2.0; 21
6.0, -2.0, 2.0; 74
7.0, -2.0, 2.0; 143
8.0, -2.0, 2.0; 179
9.0, -2.0, 2.0; 79
-10.0, -1.0, 2.0; 33
-9.0, -1.0, 2.0; 26
-8.0, -1.0, 2.0; 19
-7.0, -1.0, 2.0; 15
-6.0, -1.0, 2.0; 61
-5.0, -1.0, 2.0; 21
-4.0, -1.0, 2.0; 2
3.0, -1.0, 2.0; 1
4.0, -1.0, 2.0; 1
5.0, -1.0, 2.0; 6
6.0, -1.0, 2.0; 56
7.0, -1.0, 2.0; 100
8.0, -1.0, 2.0; 184
9.0, -1.0, 2.0; 109
-10.0, 0.0, 2.0; 30
-9.0, 0.0, 2.0; 21
-8.0, 0.0, 2.0; 20
-7.0, 0.0, 2.0; 11
-6.0, 0.0, 2.0; 43
-5.0, 0.0, 2.0; 9
-4.0, 0.0, 2.0; 4
-2.0, 0.0, 2.0; 1
4.0, 0.0, 2.0; 2
5.0, 0.0, 2.0; 4
6.0, 0.0, 2.0; 63
7.0, 0.0, 2.0; 147
8.0, 0.0, 2.0; 188
9.0, 0.0, 2.0; 105
-10.0, 1.0, 2.0; 26
-9.0, 1.0, 2.0; 23
-8.0, 1.0, 2.0; 11
-7.0, 1.0, 2.0; 13
-6.0, 1.0, 2.0; 9
-5.0, 1.0, 2.0; 10
-4.0, 1.0, 2.0; 3
-3.0, 1.0, 2.0; 1
4.0, 1.0, 2.0; 3
5.0, 1.0, 2.0; 14
6.0, 1.0, 2.0; 72
7.0, 1.0, 2.0; 139
8.0, 1.0, 2.0; 170
9.0, 1.0, 2.0; 88
-10.0, 2.0, 2.0; 20
-9.0, 2.0, 2.0; 31
-8.0, 2.0, 2.0; 19
-7.0, 2.0, 2.0; 9
-6.0, 2.0, 2.0; 10
-5.0, 2.0, 2.0; 9
-4.0, 2.0, 2.0; 15
-3.0, 2.0, 2.0; 1
0.0, 2.0, 2.0; 1
2.0, 2.0, 2.0; 4
3.0, 2.0, 2.0; 8
4.0, 2.0, 2.0; 13
5.0, 2.0, 2.0; 59
6.0, 2.0, 2.0; 106
7.0, 2.0, 2.0; 145
8.0, 2.0, 2.0; 146
9.0, 2.0, 2.0; 59
-10.0, 3.0, 2.0; 5
-9.0, 3.0, 2.0; 31
-8.0, 3.0, 2.0; 10
-7.0, 3.0, 2.0; 9
-6.0, 3.0, 2.0; 3
-5.0, 3.0, 2.0; 1
-4.0, 3.0, 2.0; 9
-3.0, 3.0, 2.0; 4
-1.0, 3.0, 2.0; 1
0.0, 3.0, 2.0; 2
1.0, 3.0, 2.0; 9
2.0, 3.0, 2.0; 23
3.0, 3.0, 2.0; 42
4.0, 3.0, 2.0; 95
5.0, 3.0, 2.0; 107
6.0, 3.0, 2.0; 118
7.0, 3.0, 2.0; 134
8.0, 3.0, 2.0; 129
9.0, 3.0, 2.0; 13
-9.0, 4.0, 2.0; 20
-8.0, 4.0, 2.0; 18
-7.0, 4.0, 2.0; 5
-6.0, 4.0, 2.0; 2
-5.0, 4.0, 2.0; 1
-4.0, 4.0, 2.0; 5
-3.0, 4.0, 2.0; 8
-2.0, 4.0, 2.0; 2
-1.0, 4.0, 2.0; 4
0.0, 4.0, 2.0; 9
1.0, 4.0, 2.0; 24
2.0, 4.0, 2.0; 56
3.0, 4.0, 2.0; 231
4.0, 4.0, 2.0; 234
5.0, 4.0, 2.0; 97
6.0, 4.0, 2.0; 104
7.0, 4.0, 2.0; 119
8.0, 4.0, 2.0; 73
-9.0, 5.0, 2.0; 14
-8.0, 5.0, 2.0; 110
-7.0, 5.0, 2.0; 11
-6.0, 5.0, 2.0; 6
-5.0, 5.0, 2.0; 2
-4.0, 5.0, 2.0; 4
-3.0, 5.0, 2.0; 4
-2.0, 5.0, 2.0; 6
-1.0, 5.0, 2.0; 6
0.0, 5.0, 2.0; 14
1.0, 5.0, 2.0; 29
2.0, 5.0, 2.0; 144
3.0, 5.0, 2.0; 302
4.0, 5.0, 2.0; 120
5.0, 5.0, 2.0; 78
6.0, 5.0, 2.0; 115
7.0, 5.0, 2.0; 111
8.0, 5.0, 2.0; 9
-8.0, 6.0, 2.0; 42
-7.0, 6.0, 2.0; 23
-6.0, 6.0, 2.0; 8
-5.0, 6.0, 2.0; 7
-4.0, 6.0, 2.0; 5
-3.0, 6.0, 2.0; 6
-2.0, 6.0, 2.0; 7
-1.0, 6.0, 2.0; 11
0.0, 6.0, 2.0; 15
1.0, 6.0, 2.0; 50
2.0, 6.0, 2.0; 94
3.0, 6.0, 2.0; 129
4.0, 6.0, 2.0; 87
5.0, 6.0, 2.0; 99
6.0, 6.0, 2.0; 88
7.0, 6.0, 2.0; 22
-7.0, 7.0, 2.0; 3
-6.0, 7.0, 2.0; 14
-5.0, 7.0, 2.0; 5
-4.0, 7.0, 2.0; 8
-3.0, 7.0, 2.0; 9
-2.0, 7.0, 2.0; 10
-1.0, 7.0, 2.0; 11
0.0, 7.0, 2.0; 16
1.0, 7.0, 2.0; 24
2.0, 7.0, 2.0; 41
3.0, 7.0, 2.0; 54
4.0, 7.0, 2.0; 78
5.0, 7.0, 2.0; 104
6.0, 7.0, 2.0; 25
-5.0, 8.0, 2.0; 13
-4.0, 8.0, 2.0; 10
-3.0, 8.0, 2.0; 9
-2.0, 8.0, 2.0; 6
-1.0, 8.0, 2.0; 15
0.0, 8.0, 2.0; 15
1.0, 8.0, 2.0; 20
2.0, 8.0, 2.0; 39
3.0, 8.0, 2.0; 53
4.0, 8.0, 2.0; 50
5.0, 8.0, 2.0; 7
-3.0, 9.0, 2.0; 5
-2.0, 9.0, 2.0; 8
-1.0, 9.0, 2.0; 7
0.0, 9.0, 2.0; 14
1.0, 9.0, 2.0; 11
2.0, 9.0, 2.0; 19
3.0, 9.0, 2.0; 5
-3.0, -10.0, 3.0; 3
-2.0, -10.0, 3.0; 11
-1.0, -10.0, 3.0; 25
0.0, -10.0, 3.0; 27
1.0, -10.0, 3.0; 16
2.0, -10.0, 3.0; 8
-5.0, -9.0, 3.0; 11
-4.0, -9.0, 3.0; 44
-3.0, -9.0, 3.0; 70
-2.0, -9.0, 3.0; 98
-1.0, -9.0, 3.0; 103
0.0, -9.0, 3.0; 104
1.0, -9.0, 3.0; 74
2.0, -9.0, 3.0; 78
3.0, -9.0, 3.0; 60
4.0, -9.0, 3.0; 21
5.0, -9.0, 3.0; 2
-6.0, -8.0, 3.0; 29
-5.0, -8.0, 3.0; 72
-4.0, -8.0, 3.0; 95
-3.0, -8.0, 3.0; 90
-2.0, -8.0, 3.0; 78
-1.0, -8.0, 3.0; 93
0.0, -8.0, 3.0; 115
1.0, -8.0, 3.0; 116
2.0, -8.0, 3.0; 94
3.0, -8.0, 3.0; 82
4.0, -8.0, 3.0; 96
5.0, -8.0, 3.0; 59
6.0, -8.0, 3.0; 4
-8.0, -7.0, 3.0; 2
-7.0, -7.0, 3.0; 29
-6.0, -7.0, 3.0; 79
-5.0, -7.0, 3.0; 81
-4.0, -7.0, 3.0; 28
-3.0, -7.0, 3.0; 22
-2.0, -7.0, 3.0; 36
-1.0, -7.0, 3.0; 62
0.0, -7.0, 3.0; 88
1.0, -7.0, 3.0; 113
2.0, -7.0, 3.0; 120
3.0, -7.0, 3.0; 118
4.0, -7.0, 3.0; 147
5.0, -7.0, 3.0; 121
6.0, -7.0, 3.0; 69
7.0, -7.0, 3.0; 2
-8.0, -6.0, 3.0; 33
-7.0, -6.0, 3.0; 96
-6.0, -6.0, 3.0; 103
-5.0, -6.0, 3.0; 24
-4.0, -6.0, 3.0; 6
-3.0, -6.0, 3.0; 11
-2.0, -6.0, 3.0; 23
-1.0, -6.0, 3.0; 58
0.0, -6.0, 3.0; 101
1.0, -6.0, 3.0; 72
2.0, -6.0, 3.0; 115
3.0, -6.0, 3.0; 140
4.0, -6.0, 3.0; 159
5.0, -6.0, 3.0; 146
6.0, -6.0, 3.0; 164
7.0, -6.0, 3.0; 91
-9.0, -5.0, 3.0; 20
-8.0, -5.0, 3.0; 86
-7.0, -5.0, 3.0; 142
-6.0, -5.0, 3.0; 41
-5.0, -5.0, 3.0; 17
-4.0, -5.0, 3.0; 10
-3.0, -5.0, 3.0; 4
-2.0, -5.0, 3.0; 10
-1.0, -5.0, 3.0; 34
0.0, -5.0, 3.0; 70
1.0, -5.0, 3.0; 69
2.0, -5.0, 3.0; 61
3.0, -5.0, 3.0; 101
4.0, -5.0, 3.0; 94
5.0, -5.0, 3.0; 120
6.0, -5.0, 3.0; 140
7.0, -5.0, 3.0; 151
8.0, -5.0, 3.0; 26
-9.0, -4.0, 3.0; 55
-8.0, -4.0, 3.0; 89
-7.0, -4.0, 3.0; 59
-6.0, -4.0, 3.0; 22
-5.0, -4.0, 3.0; 27
-4.0, -4.0, 3.0; 21
-3.0, -4.0, 3.0; 8
-2.0, -4.0, 3.0; 3
-1.0, -4.0, 3.0; 5
0.0, -4.0, 3.0; 12
1.0, -4.0, 3.0; 24
2.0, -4.0, 3.0; 36
3.0, -4.0, 3.0; 55
4.0, -4.0, 3.0; 82
5.0, -4.0, 3.0; 101
6.0, -4.0, 3.0; 140
7.0, -4.0, 3.0; 172
8.0, -4.0, 3.0; 118
-10.0, -3.0, 3.0; 2
-9.0, -3.0, 3.0; 71
-8.0, -3.0, 3.0; 60
-7.0, -3.0, 3.0; 30
-6.0, -3.0, 3.0; 53
-5.0, -3.0, 3.0; 200
-4.0, -3.0, 3.0; 153
-3.0, -3.0, 3.0; 10
-2.0, -3.0, 3.0; 4
-1.0, -3.0, 3.0; 2
0.0, -3.0, 3.0; 4
1.0, -3.0, 3.0; 21
2.0, -3.0, 3.0; 16
3.0, -3.0, 3.0; 16
4.0, -3.0, 3.0; 24
5.0, -3.0, 3.0; 65
6.0, -3.0, 3.0; 111
7.0, -3.0, 3.0; 183
8.0, -3.0, 3.0; 162
9.0, -3.0, 3.0; 9
-10.0, -2.0, 3.0; 20
-9.0, -2.0, 3.0; 56
-8.0, -2.0, 3.0; 44
-7.0, -2.0, 3.0; 17
-6.0, -2.0, 3.0; 109
-5.0, -2.0, 3.0; 259
-4.0, -2.0, 3.0; 83
-3.0, -2.0, 3.0; 8
-2.0, -2.0, 3.0; 8
-1.0, -2.0, 3.0; 10
0.0, -2.0, 3.0; 6
1.0, -2.0, 3.0; 17
2.0, -2.0, 3.0; 19
3.0, -2.0, 3.0; 12
4.0, -2.0, 3.0; 8
5.0, -2.0, 3.0; 42
6.0, -2.0, 3.0; 99
7.0, -2.0, 3.0; 150
8.0, -2.0, 3.0; 163
9.0, -2.0, 3.0; 36
-10.0, -1.0, 3.0; 16
-9.0, -1.0, 3.0; 46
-8.0, -1.0, 3.0; 18
-7.0, -1.0, 3.0; 17
-6.0, -1.0, 3.0; 69
-5.0, -1.0, 3.0; 95
-4.0, -1.0, 3.0; 37
-3.0, -1.0, 3.0; 21
-2.0, -1.0, 3.0; 16
0.0, -1.0, 3.0; 1
1.0, -1.0, 3.0; 27
2.0, -1.0, 3.0; 36
3.0, -1.0, 3.0; 1
4.0, -1.0, 3.0; 6
5.0, -1.0, 3.0; 38
6.0, -1.0, 3.0; 85
7.0, -1.0, 3.0; 168
8.0, -1.0, 3.0; 178
9.0, -1.0, 3.0; 50
-10.0, 0.0, 3.0; 19
-9.0, 0.0, 3.0; 24
-8.0, 0.0, 3.0; 16
-7.0, 0.0, 3.0; 12
-6.0, 0.0, 3.0; 15
-5.0, 0.0, 3.0; 33
-4.0, 0.0, 3.0; 31
-3.0, 0.0, 3.0; 57
-2.0, 0.0, 3.0; 21
-1.0, 0.0, 3.0; 1
0.0, 0.0, 3.0; 1
1.0, 0.0, 3.0; 1
2.0, 0.0, 3.0; 3
3.0, 0.0, 3.0; 3
4.0, 0.0, 3.0; 1
5.0, 0.0, 3.0; 22
6.0, 0.0, 3.0; 69
7.0, 0.0, 3.0; 156
8.0, 0.0, 3.0; 177
9.0, 0.0, 3.0; 44
-10.0, 1.0, 3.0; 13
-9.0, 1.0, 3.0; 31
-8.0, 1.0, 3.0; 22
-7.0, 1.0, 3.0; 15
-6.0, 1.0, 3.0; 10
-5.0, 1.0, 3.0; 5
-4.0, 1.0, 3.0; 13
-3.0, 1.0, 3.0; 23
-2.0, 1.0, 3.0; 3
-1.0, 1.0, 3.0; 1
0.0, 1.0, 3.0; 2
1.0, 1.0, 3.0; 2
2.0, 1.0, 3.0; 2
3.0, 1.0, 3.0; 9
4.0, 1.0, 3.0; 14
5.0, 1.0, 3.0; 61
6.0, 1.0, 3.0; 92
7.0, 1.0, 3.0; 157
8.0, 1.0, 3.0; 166
9.0, 1.0, 3.0; 39
-10.0, 2.0, 3.0; 4
-9.0, 2.0, 3.0; 45
-8.0, 2.0, 3.0; 15
-7.0, 2.0, 3.0; 14
-6.0, 2.0, 3.0; 10
-5.0, 2.0, 3.0; 2
-4.0, 2.0, 3.0; 6
-3.0, 2.0, 3.0; 4
-2.0, 2.0, 3.0; 4
-1.0, 2.0, 3.0; 2
0.0, 2.0, 3.0; 3
1.0, 2.0, 3.0; 15
2.0, 2.0, 3.0; 32
3.0, 2.0, 3.0; 25
4.0, 2.0, 3.0; 56
5.0, 2.0, 3.0; 79
6.0, 2.0, 3.0; 96
7.0, 2.0, 3.0; 151
8.0, 2.0, 3.0; 124
9.0, 2.0, 3.0; 9
-9.0, 3.0, 3.0; 21
-8.0, 3.0, 3.0; 19
-7.0, 3.0, 3.0; 12
-6.0, 3.0, 3.0; 15
-5.0, 3.0, 3.0; 6
-4.0, 3.0, 3.0; 8
-3.0, 3.0, 3.0; 8
-2.0, 3.0, 3.0; 9
-1.0, 3.0, 3.0; 12
0.0, 3.0, 3.0; 34
1.0, 3.0, 3.0; 54
2.0, 3.0, 3.0; 62
3.0, 3.0, 3.0; 105
4.0, 3.0, 3.0; 150
5.0, 3.0, 3.0; 115
6.0, 3.0, 3.0; 120
7.0, 3.0, 3.0; 142
8.0, 3.0, 3.0; 87
-9.0, 4.0, 3.0; 16
-8.0, 4.0, 3.0; 57
-7.0, 4.0, 3.0; 9
-6.0, 4.0, 3.0; 6
-5.0, 4.0, 3.0; 7
-4.0, 4.0, 3.0; 7
-3.0, 4.0, 3.0; 3
-2.0, 4.0, 3.0; 10
-1.0, 4.0, 3.0; 16
0.0, 4.0, 3.0; 41
1.0, 4.0, 3.0; 72
2.0, 4.0, 3.0; 270
3.0, 4.0, 3.0; 278
4.0, 4.0, 3.0; 116
5.0, 4.0, 3.0; 86
6.0, 4.0, 3.0; 123
7.0, 4.0, 3.0; 124
8.0, 4.0, 3.0; 25
-8.0, 5.0, 3.0; 574
-7.0, 5.0, 3.0; 104
-6.0, 5.0, 3.0; 9
-5.0, 5.0, 3.0; 11
-4.0, 5.0, 3.0; 7
-3.0, 5.0, 3.0; 8
-2.0, 5.0, 3.0; 8
-1.0, 5.0, 3.0; 7
0.0, 5.0, 3.0; 47
1.0, 5.0, 3.0; 259
2.0, 5.0, 3.0; 451
3.0, 5.0, 3.0; 237
4.0, 5.0, 3.0; 82
5.0, 5.0, 3.0; 76
6.0, 5.0, 3.0; 100
7.0, 5.0, 3.0; 60
-8.0, 6.0, 3.0; 41
-7.0, 6.0, 3.0; 197
-6.0, 6.0, 3.0; 13
-5.0, 6.0, 3.0; 4
-4.0, 6.0, 3.0; 6
-3.0, 6.0, 3.0; 6
-2.0, 6.0, 3.0; 8
-1.0, 6.0, 3.0; 12
0.0, 6.0, 3.0; 53
1.0, 6.0, 3.0; 160
2.0, 6.0, 3.0; 210
3.0, 6.0, 3.0; 120
4.0, 6.0, 3.0; 83
5.0, 6.0, 3.0; 96
6.0, 6.0, 3.0; 66
7.0, 6.0, 3.0; 9
-7.0, 7.0, 3.0; 2
-6.0, 7.0, 3.0; 15
-5.0, 7.0, 3.0; 14
-4.0, 7.0, 3.0; 11
-3.0, 7.0, 3.0; 2
-2.0, 7.0, 3.0; 14
-1.0, 7.0, 3.0; 9
0.0, 7.0, 3.0; 16
1.0, 7.0, 3.0; 32
2.0, 7.0, 3.0; 46
3.0, 7.0, 3.0; 65
4.0, 7.0, 3.0; 82
5.0, 7.0, 3.0; 40
6.0, 7.0, 3.0; 4
-5.0, 8.0, 3.0; 2
-4.0, 8.0, 3.0; 15
-3.0, 8.0, 3.0; 10
-2.0, 8.0, 3.0; 10
-1.0, 8.0, 3.0; 14
0.0, 8.0, 3.0; 23
1.0, 8.0, 3.0; 29
2.0, 8.0, 3.0; 59
3.0, 8.0, 3.0; 53
4.0, 8.0, 3.0; 29
-3.0, 9.0, 3.0; 2
-2.0, 9.0, 3.0; 5
-1.0, 9.0, 3.0; 6
0.0, 9.0, 3.0; 14
1.0, 9.0, 3.0; 8
2.0, 9.0, 3.0; 6
-5.0, -9.0, 4.0; 1
-4.0, -9.0, 4.0; 14
-3.0, -9.0, 4.0; 44
-2.0, -9.0, 4.0; 50
-1.0, -9.0, 4.0; 62
0.0, -9.0, 4.0; 71
1.0, -9.0, 4.0; 58
2.0, -9.0, 4.0; 48
3.0, -9.0, 4.0; 20
-6.0, -8.0, 4.0; 8
-5.0, -8.0, 4.0; 37
-4.0, -8.0, 4.0; 126
-3.0, -8.0, 4.0; 226
-2.0, -8.0, 4.0; 250
-1.0, -8.0, 4.0; 191
0.0, -8.0, 4.0; 149
1.0, -8.0, 4.0; 115
2.0, -8.0, 4.0; 116
3.0, -8.0, 4.0; 104
4.0, -8.0, 4.0; 68
5.0, -8.0, 4.0; 16
-7.0, -7.0, 4.0; 6
-6.0, -7.0, 4.0; 82
-5.0, -7.0, 4.0; 190
-4.0, -7.0, 4.0; 276
-3.0, -7.0, 4.0; 198
-2.0, -7.0, 4.0; 125
-1.0, -7.0, 4.0; 114
0.0, -7.0, 4.0; 150
1.0, -7.0, 4.0; 150
2.0, -7.0, 4.0; 114
3.0, -7.0, 4.0; 112
4.0, -7.0, 4.0; 115
5.0, -7.0, 4.0; 120
6.0, -7.0, 4.0; 25
-8.0, -6.0, 4.0; 17
-7.0, -6.0, 4.0; 79
-6.0, -6.0, 4.0; 207
-5.0, -6.0, 4.0; 224
-4.0, -6.0, 4.0; 71
-3.0, -6.0, 4.0; 33
-2.0, -6.0, 4.0; 43
-1.0, -6.0, 4.0; 103
0.0, -6.0, 4.0; 133
1.0, -6.0, 4.0; 169
2.0, -6.0, 4.0; 155
3.0, -6.0, 4.0; 143
4.0, -6.0, 4.0; 146
5.0, -6.0, 4.0; 127
6.0, -6.0, 4.0; 128
7.0, -6.0, 4.0; 24
-8.0, -5.0, 4.0; 60
-7.0, -5.0, 4.0; 153
-6.0, -5.0, 4.0; 152
-5.0, -5.0, 4.0; 53
-4.0, -5.0, 4.0; 49
-3.0, -5.0, 4.0; 112
-2.0, -5.0, 4.0; 115
-1.0, -5.0, 4.0; 89
0.0, -5.0, 4.0; 96
1.0, -5.0, 4.0; 123
2.0, -5.0, 4.0; 133
3.0, -5.0, 4.0; 102
4.0, -5.0, 4.0; 128
5.0, -5.0, 4.0; 147
6.0, -5.0, 4.0; 166
7.0, -5.0, 4.0; 102
8.0, -5.0, 4.0; 1
-9.0, -4.0, 4.0; 18
-8.0, -4.0, 4.0; 93
-7.0, -4.0, 4.0; 108
-6.0, -4.0, 4.0; 68
-5.0, -4.0, 4.0; 56
-4.0, -4.0, 4.0; 339
-3.0, -4.0, 4.0; 435
-2.0, -4.0, 4.0; 152
-1.0, -4.0, 4.0; 78
0.0, -4.0, 4.0; 61
1.0, -4.0, 4.0; 61
2.0, -4.0, 4.0; 92
3.0, -4.0, 4.0; 82
4.0, -4.0, 4.0; 103
5.0, -4.0, 4.0; 123
6.0, -4.0, 4.0; 161
7.0, -4.0, 4.0; 140
8.0, -4.0, 4.0; 27
-9.0, -3.0, 4.0; 44
-8.0, -3.0, 4.0; 78
-7.0, -3.0, 4.0; 51
-6.0, -3.0, 4.0; 23
-5.0, -3.0, 4.0; 235
-4.0, -3.0, 4.0; 931
-3.0, -3.0, 4.0; 326
-2.0, -3.0, 4.0; 53
-1.0, -3.0, 4.0; 23
0.0, -3.0, 4.0; 45
1.0, -3.0, 4.0; 72
2.0, -3.0, 4.0; 56
3.0, -3.0, 4.0; 55
4.0, -3.0, 4.0; 75
5.0, -3.0, 4.0; 119
6.0, -3.0, 4.0; 165
7.0, -3.0, 4.0; 185
8.0, -3.0, 4.0; 92
-9.0, -2.0, 4.0; 42
-8.0, -2.0, 4.0; 51
-7.0, -2.0, 4.0; 18
-6.0, -2.0, 4.0; 34
-5.0, -2.0, 4.0; 155
-4.0, -2.0, 4.0; 240
-3.0, -2.0, 4.0; 68
-2.0, -2.0, 4.0; 115
-1.0, -2.0, 4.0; 515
0.0, -2.0, 4.0; 307
1.0, -2.0, 4.0; 44
2.0, -2.0, 4.0; 41
3.0, -2.0, 4.0; 28
4.0, -2.0, 4.0; 40
5.0, -2.0, 4.0; 99
6.0, -2.0, 4.0; 145
7.0, -2.0, 4.0; 178
8.0, -2.0, 4.0; 140
-10.0, -1.0, 4.0; 2
-9.0, -1.0, 4.0; 42
-8.0, -1.0, 4.0; 32
-7.0, -1.0, 4.0; 13
-6.0, -1.0, 4.0; 16
-5.0, -1.0, 4.0; 59
-4.0, -1.0, 4.0; 141
-3.0, -1.0, 4.0; 136
-2.0, -1.0, 4.0; 848
-1.0, -1.0, 4.0; 2015
0.0, -1.0, 4.0; 757
1.0, -1.0, 4.0; 89
2.0, -1.0, 4.0; 15
3.0, -1.0, 4.0; 12
4.0, -1.0, 4.0; 46
5.0, -1.0, 4.0; 107
6.0, -1.0, 4.0; 139
7.0, -1.0, 4.0; 169
8.0, -1.0, 4.0; 127
9.0, -1.0, 4.0; 1
-10.0, 0.0, 4.0; 1
-9.0, 0.0, 4.0; 40
-8.0, 0.0, 4.0; 38
-7.0, 0.0, 4.0; 20
-6.0, 0.0, 4.0; 7
-5.0, 0.0, 4.0; 14
-4.0, 0.0, 4.0; 31
-3.0, 0.0, 4.0; 145
-2.0, 0.0, 4.0; 265
-1.0, 0.0, 4.0; 245
0.0, 0.0, 4.0; 62
1.0, 0.0, 4.0; 27
2.0, 0.0, 4.0; 15
3.0, 0.0, 4.0; 14
4.0, 0.0, 4.0; 40
5.0, 0.0, 4.0; 101
6.0, 0.0, 4.0; 161
7.0, 0.0, 4.0; 184
8.0, 0.0, 4.0; 106
9.0, 0.0, 4.0; 4
-9.0, 1.0, 4.0; 38
-8.0, 1.0, 4.0; 21
-7.0, 1.0, 4.0; 14
-6.0, 1.0, 4.0; 12
-5.0, 1.0, 4.0; 10
-4.0, 1.0, 4.0; 20
-3.0, 1.0, 4.0; 44
-2.0, 1.0, 4.0; 27
-1.0, 1.0, 4.0; 27
0.0, 1.0, 4.0; 12
1.0, 1.0, 4.0; 22
2.0, 1.0, 4.0; 30
3.0, 1.0, 4.0; 38
4.0, 1.0, 4.0; 59
5.0, 1.0, 4.0; 76
6.0, 1.0, 4.0; 146
7.0, 1.0, 4.0; 173
8.0, 1.0, 4.0; 114
-9.0, 2.0, 4.0; 24
-8.0, 2.0, 4.0; 33
-7.0, 2.0, 4.0; 18
-6.0, 2.0, 4.0; 9
-5.0, 2.0, 4.0; 13
-4.0, 2.0, 4.0; 18
-3.0, 2.0, 4.0; 52
-2.0, 2.0, 4.0; 108
-1.0, 2.0, 4.0; 224
0.0, 2.0, 4.0; 232
1.0, 2.0, 4.0; 147
2.0, 2.0, 4.0; 47
3.0, 2.0, 4.0; 61
4.0, 2.0, 4.0; 96
5.0, 2.0, 4.0; 84
6.0, 2.0, 4.0; 151
7.0, 2.0, 4.0; 163
8.0, 2.0, 4.0; 73
-9.0, 3.0, 4.0; 11
-8.0, 3.0, 4.0; 38
-7.0, 3.0, 4.0; 15
-6.0, 3.0, 4.0; 17
-5.0, 3.0, 4.0; 11
-4.0, 3.0, 4.0; 13
-3.0, 3.0, 4.0; 78
-2.0, 3.0, 4.0; 399
-1.0, 3.0, 4.0; 643
0.0, 3.0, 4.0; 432
1.0, 3.0, 4.0; 146
2.0, 3.0, 4.0; 64
3.0, 3.0, 4.0; 127
4.0, 3.0, 4.0; 120
5.0, 3.0, 4.0; 114
6.0, 3.0, 4.0; 124
7.0, 3.0, 4.0; 141
8.0, 3.0, 4.0; 23
-8.0, 4.0, 4.0; 53
-7.0, 4.0, 4.0; 28
-6.0, 4.0, 4.0; 11
-5.0, 4.0, 4.0; 14
-4.0, 4.0, 4.0; 10
-3.0, 4.0, 4.0; 14
-2.0, 4.0, 4.0; 19
-1.0, 4.0, 4.0; 50
0.0, 4.0, 4.0; 61
1.0, 4.0, 4.0; 74
2.0, 4.0, 4.0; 159
3.0, 4.0, 4.0; 134
4.0, 4.0, 4.0; 120
5.0, 4.0, 4.0; 97
6.0, 4.0, 4.0; 120
7.0, 4.0, 4.0; 120
8.0, 4.0, 4.0; 1
-8.0, 5.0, 4.0; 89
-7.0, 5.0, 4.0; 311
-6.0, 5.0, 4.0; 18
-5.0, 5.0, 4.0; 9
-4.0, 5.0, 4.0; 10
-3.0, 5.0, 4.0; 14
-2.0, 5.0, 4.0; 15
-1.0, 5.0, 4.0; 47
0.0, 5.0, 4.0; 192
1.0, 5.0, 4.0; 444
2.0, 5.0, 4.0; 345
3.0, 5.0, 4.0; 134
4.0, 5.0, 4.0; 109
5.0, 5.0, 4.0; 90
6.0, 5.0, 4.0; 137
7.0, 5.0, 4.0; 17
-7.0, 6.0, 4.0; 100
-6.0, 6.0, 4.0; 60
-5.0, 6.0, 4.0; 8
-4.0, 6.0, 4.0; 8
-3.0, 6.0, 4.0; 18
-2.0, 6.0, 4.0; 21
-1.0, 6.0, 4.0; 61
0.0, 6.0, 4.0; 171
1.0, 6.0, 4.0; 221
2.0, 6.0, 4.0; 121
3.0, 6.0, 4.0; 80
4.0, 6.0, 4.0; 62
5.0, 6.0, 4.0; 69
6.0, 6.0, 4.0; 23
-6.0, 7.0, 4.0; 6
-5.0, 7.0, 4.0; 9
-4.0, 7.0, 4.0; 12
-3.0, 7.0, 4.0; 13
-2.0, 7.0, 4.0; 10
-1.0, 7.0, 4.0; 22
0.0, 7.0, 4.0; 29
1.0, 7.0, 4.0; 48
2.0, 7.0, 4.0; 68
3.0, 7.0, 4.0; 67
4.0, 7.0, 4.0; 73
5.0, 7.0, 4.0; 7
-4.0, 8.0, 4.0; 7
-3.0, 8.0, 4.0; 10
-2.0, 8.0, 4.0; 10
-1.0, 8.0, 4.0; 21
0.0, 8.0, 4.0; 39
1.0, 8.0, 4.0; 52
2.0, 8.0, 4.0; 42
3.0, 8.0, 4.0; 16
4.0, 8.0, 4.0; 1
-2.0, 9.0, 4.0; 1
0.0, 9.0, 4.0; 2
-3.0, -9.0, 5.0; 3
-2.0, -9.0, 5.0; 18
-1.0, -9.0, 5.0; 27
0.0, -9.0, 5.0; 28
1.0, -9.0, 5.0; 22
2.0, -9.0, 5.0; 11
-5.0, -8.0, 5.0; 5
-4.0, -8.0, 5.0; 44
-3.0, -8.0, 5.0; 77
-2.0, -8.0, 5.0; 79
-1.0, -8.0, 5.0; 93
0.0, -8.0, 5.0; 95
1.0, -8.0, 5.0; 90
2.0, -8.0, 5.0; 92
3.0, -8.0, 5.0; 59
4.0, -8.0, 5.0; 16
-6.0, -7.0, 5.0; 18
-5.0, -7.0, 5.0; 84
-4.0, -7.0, 5.0; 142
-3.0, -7.0, 5.0; 214
-2.0, -7.0, 5.0; 141
-1.0, -7.0, 5.0; 110
0.0, -7.0, 5.0; 124
1.0, -7.0, 5.0; 116
2.0, -7.0, 5.0; 111
3.0, -7.0, 5.0; 108
4.0, -7.0, 5.0; 117
5.0, -7.0, 5.0; 43
6.0, -7.0, 5.0; 1
-7.0, -6.0, 5.0; 19
-6.0, -6.0, 5.0; 54
-5.0, -6.0, 5.0; 142
-4.0, -6.0, 5.0; 134
-3.0, -6.0, 5.0; 99
-2.0, -6.0, 5.0; 83
-1.0, -6.0, 5.0; 111
0.0, -6.0, 5.0; 124
1.0, -6.0, 5.0; 101
2.0, -6.0, 5.0; 114
3.0, -6.0, 5.0; 119
4.0, -6.0, 5.0; 118
5.0, -6.0, 5.0; 125
6.0, -6.0, 5.0; 39
-8.0, -5.0, 5.0; 10
-7.0, -5.0, 5.0; 48
-6.0, -5.0, 5.0; 91
-5.0, -5.0, 5.0; 72
-4.0, -5.0, 5.0; 75
-3.0, -5.0, 5.0; 56
-2.0, -5.0, 5.0; 90
-1.0, -5.0, 5.0; 95
0.0, -5.0, 5.0; 107
1.0, -5.0, 5.0; 119
2.0, -5.0, 5.0; 140
3.0, -5.0, 5.0; 107
4.0, -5.0, 5.0; 130
5.0, -5.0, 5.0; 153
6.0, -5.0, 5.0; 121
7.0, -5.0, 5.0; 14
-8.0, -4.0, 5.0; 45
-7.0, -4.0, 5.0; 78
-6.0, -4.0, 5.0; 62
-5.0, -4.0, 5.0; 65
-4.0, -4.0, 5.0; 56
-3.0, -4.0, 5.0; 79
-2.0, -4.0, 5.0; 97
-1.0, -4.0, 5.0; 113
0.0, -4.0, 5.0; 126
1.0, -4.0, 5.0; 118
2.0, -4.0, 5.0; 114
3.0, -4.0, 5.0; 102
4.0, -4.0, 5.0; 113
5.0, -4.0, 5.0; 127
6.0, -4.0, 5.0; 159
7.0, -4.0, 5.0; 65
8.0, -4.0, 5.0; 1
-8.0, -3.0, 5.0; 58
-7.0, -3.0, 5.0; 65
-6.0, -3.0, 5.0; 53
-5.0, -3.0, 5.0; 33
-4.0, -3.0, 5.0; 42
-3.0, -3.0, 5.0; 57
-2.0, -3.0, 5.0; 48
-1.0, -3.0, 5.0; 56
0.0, -3.0, 5.0; 86
1.0, -3.0, 5.0; 109
2.0, -3.0, 5.0; 81
3.0, -3.0, 5.0; 93
4.0, -3.0, 5.0; 126
5.0, -3.0, 5.0; 149
6.0, -3.0, 5.0; 150
7.0, -3.0, 5.0; 150
8.0, -3.0, 5.0; 7
-9.0, -2.0, 5.0; 17
-8.0, -2.0, 5.0; 71
-7.0, -2.0, 5.0; 40
-6.0, -2.0, 5.0; 30
-5.0, -2.0, 5.0; 30
-4.0, -2.0, 5.0; 42
-3.0, -2.0, 5.0; 45
-2.0, -2.0, 5.0; 63
-1.0, -2.0, 5.0; 72
0.0, -2.0, 5.0; 59
1.0, -2.0, 5.0; 54
2.0, -2.0, 5.0; 78
3.0, -2.0, 5.0; 83
4.0, -2.0, 5.0; 102
5.0, -2.0, 5.0; 152
6.0, -2.0, 5.0; 196
7.0, -2.0, 5.0; 157
8.0, -2.0, 5.0; 28
-9.0, -1.0, 5.0; 24
-8.0, -1.0, 5.0; 46
-7.0, -1.0, 5.0; 30
-6.0, -1.0, 5.0; 15
-5.0, -1.0, 5.0; 23
-4.0, -1.0, 5.0; 15
-3.0, -1.0, 5.0; 31
-2.0, -1.0, 5.0; 117
-1.0, -1.0, 5.0; 251
0.0, -1.0, 5.0; 64
1.0, -1.0, 5.0; 66
2.0, -1.0, 5.0; 61
3.0, -1.0, 5.0; 84
4.0, -1.0, 5.0; 105
5.0, -1.0, 5.0; 139
6.0, -1.0, 5.0; 168
7.0, -1.0, 5.0; 140
8.0, -1.0, 5.0; 34
-9.0, 0.0, 5.0; 13
-8.0, 0.0, 5.0; 38
-7.0, 0.0, 5.0; 25
-6.0, 0.0, 5.0; 13
-5.0, 0.0, 5.0; 14
-4.0, 0.0, 5.0; 11
-3.0, 0.0, 5.0; 18
-2.0, 0.0, 5.0; 91
-1.0, 0.0, 5.0; 114
0.0, 0.0, 5.0; 52
1.0, 0.0, 5.0; 62
2.0, 0.0, 5.0; 85
3.0, 0.0, 5.0; 68
4.0, 0.0, 5.0; 104
5.0, 0.0, 5.0; 141
6.0, 0.0, 5.0; 183
7.0, 0.0, 5.0; 125
8.0, 0.0, 5.0; 29
-9.0, 1.0, 5.0; 4
-8.0, 1.0, 5.0; 33
-7.0, 1.0, 5.0; 25
-6.0, 1.0, 5.0; 12
-5.0, 1.0, 5.0; 6
-4.0, 1.0, 5.0; 12
-3.0, 1.0, 5.0; 21
-2.0, 1.0, 5.0; 30
-1.0, 1.0, 5.0; 35
0.0, 1.0, 5.0; 50
1.0, 1.0, 5.0; 73
2.0, 1.0, 5.0; 85
3.0, 1.0, 5.0; 94
4.0, 1.0, 5.0; 88
5.0, 1.0, 5.0; 123
6.0, 1.0, 5.0; 161
7.0, 1.0, 5.0; 131
8.0, 1.0, 5.0; 21
-9.0, 2.0, 5.0; 1
-8.0, 2.0, 5.0; 36
-7.0, 2.0, 5.0; 27
-6.0, 2.0, 5.0; 16
-5.0, 2.0, 5.0; 17
-4.0, 2.0, 5.0; 17
-3.0, 2.0, 5.0; 41
-2.0, 2.0, 5.0; 169
-1.0, 2.0, 5.0; 435
0.0, 2.0, 5.0; 232
1.0, 2.0, 5.0; 78
2.0, 2.0, 5.0; 74
3.0, 2.0, 5.0; 110
4.0, 2.0, 5.0; 131
5.0, 2.0, 5.0; 135
6.0, 2.0, 5.0; 141
7.0, 2.0, 5.0; 110
8.0, 2.0, 5.0; 6
-8.0, 3.0, 5.0; 19
-7.0, 3.0, 5.0; 17
-6.0, 3.0, 5.0; 17
-5.0, 3.0, 5.0; 14
-4.0, 3.0, 5.0; 17
-3.0, 3.0, 5.0; 32
-2.0, 3.0, 5.0; 93
-1.0, 3.0, 5.0; 217
0.0, 3.0, 5.0; 82
1.0, 3.0, 5.0; 50
2.0, 3.0, 5.0; 83
3.0, 3.0, 5.0; 151
4.0, 3.0, 5.0; 143
5.0, 3.0, 5.0; 137
6.0, 3.0, 5.0; 137
7.0, 3.0, 5.0; 83
-8.0, 4.0, 5.0; 8
-7.0, 4.0, 5.0; 42
-6.0, 4.0, 5.0; 13
-5.0, 4.0, 5.0; 11
-4.0, 4.0, 5.0; 16
-3.0, 4.0, 5.0; 24
-2.0, 4.0, 5.0; 12
-1.0, 4.0, 5.0; 35
0.0, 4.0, 5.0; 49
1.0, 4.0, 5.0; 69
2.0, 4.0, 5.0; 100
3.0, 4.0, 5.0; 131
4.0, 4.0, 5.0; 108
5.0, 4.0, 5.0; 105
6.0, 4.0, 5.0; 117
7.0, 4.0, 5.0; 13
-8.0, 5.0, 5.0; 1
-7.0, 5.0, 5.0; 29
-6.0, 5.0, 5.0; 46
-5.0, 5.0, 5.0; 21
-4.0, 5.0, 5.0; 18
-3.0, 5.0, 5.0; 19
-2.0, 5.0, 5.0; 26
-1.0, 5.0, 5.0; 42
0.0, 5.0, 5.0; 90
1.0, 5.0, 5.0; 112
2.0, 5.0, 5.0; 111
3.0, 5.0, 5.0; 109
4.0, 5.0, 5.0; 88
5.0, 5.0, 5.0; 85
6.0, 5.0, 5.0; 39
-6.0, 6.0, 5.0; 17
-5.0, 6.0, 5.0; 22
-4.0, 6.0, 5.0; 23
-3.0, 6.0, 5.0; 16
-2.0, 6.0, 5.0; 29
-1.0, 6.0, 5.0; 43
0.0, 6.0, 5.0; 63
1.0, 6.0, 5.0; 49
2.0, 6.0, 5.0; 88
3.0, 6.0, 5.0; 76
4.0, 6.0, 5.0; 89
5.0, 6.0, 5.0; 33
-5.0, 7.0, 5.0; 4
-4.0, 7.0, 5.0; 17
-3.0, 7.0, 5.0; 21
-2.0, 7.0, 5.0; 32
-1.0, 7.0, 5.0; 23
0.0, 7.0, 5.0; 37
1.0, 7.0, 5.0; 47
2.0, 7.0, 5.0; 72
3.0, 7.0, 5.0; 51
4.0, 7.0, 5.0; 7
-3.0, 8.0, 5.0; 2
-2.0, 8.0, 5.0; 8
-1.0, 8.0, 5.0; 10
0.0, 8.0, 5.0; 17
1.0, 8.0, 5.0; 17
2.0, 8.0, 5.0; 4
-4.0, -8.0, 6.0; 4
-3.0, -8.0, 6.0; 13
-2.0, -8.0, 6.0; 25
-1.0, -8.0, 6.0; 42
0.0, -8.0, 6.0; 53
1.0, -8.0, 6.0; 44
2.0, -8.0, 6.0; 23
3.0, -8.0, 6.0; 2
-5.0, -7.0, 6.0; 13
-4.0, -7.0, 6.0; 39
-3.0, -7.0, 6.0; 77
-2.0, -7.0, 6.0; 78
-1.0, -7.0, 6.0; 64
0.0, -7.0, 6.0; 79
1.0, -7.0, 6.0; 91
2.0, -7.0, 6.0; 109
3.0, -7.0, 6.0; 73
4.0, -7.0, 6.0; 12
-6.0, -6.0, 6.0; 14
-5.0, -6.0, 6.0; 49
-4.0, -6.0, 6.0; 68
-3.0, -6.0, 6.0; 74
-2.0, -6.0, 6.0; 63
-1.0, -6.0, 6.0; 88
0.0, -6.0, 6.0; 75
1.0, -6.0, 6.0; 89
2.0, -6.0, 6.0; 100
3.0, -6.0, 6.0; 106
4.0, -6.0, 6.0; 106
5.0, -6.0, 6.0; 33
6.0, -6.0, 6.0; 1
-7.0, -5.0, 6.0; 10
-6.0, -5.0, 6.0; 36
-5.0, -5.0, 6.0; 62
-4.0, -5.0, 6.0; 48
-3.0, -5.0, 6.0; 61
-2.0, -5.0, 6.0; 68
-1.0, -5.0, 6.0; 86
0.0, -5.0, 6.0; 104
1.0, -5.0, 6.0; 78
2.0, -5.0, 6.0; 103
3.0, -5.0, 6.0; 115
4.0, -5.0, 6.0; 138
5.0, -5.0, 6.0; 92
6.0, -5.0, 6.0; 23
-7.0, -4.0, 6.0; 30
-6.0, -4.0, 6.0; 42
-5.0, -4.0, 6.0; 63
-4.0, -4.0, 6.0; 49
-3.0, -4.0, 6.0; 61
-2.0, -4.0, 6.0; 66
-1.0, -4.0, 6.0; 103
0.0, -4.0, 6.0; 109
1.0, -4.0, 6.0; 121
2.0, -4.0, 6.0; 108
3.0, -4.0, 6.0; 118
4.0, -4.0, 6.0; 118
5.0, -4.0, 6.0; 118
6.0, -4.0, 6.0; 95
7.0, -4.0, 6.0; 5
-8.0, -3.0, 6.0; 14
-7.0, -3.0, 6.0; 58
-6.0, -3.0, 6.0; 46
-5.0, -3.0, 6.0; 53
-4.0, -3.0, 6.0; 42
-3.0, -3.0, 6.0; 50
-2.0, -3.0, 6.0; 73
-1.0, -3.0, 6.0; 81
0.0, -3.0, 6.0; 136
1.0, -3.0, 6.0; 115
2.0, -3.0, 6.0; 106
3.0, -3.0, 6.0; 113
4.0, -3.0, 6.0; 138
5.0, -3.0, 6.0; 168
6.0, -3.0, 6.0; 165
7.0, -3.0, 6.0; 19
-8.0, -2.0, 6.0; 33
-7.0, -2.0, 6.0; 60
-6.0, -2.0, 6.0; 48
-5.0, -2.0, 6.0; 44
-4.0, -2.0, 6.0; 34
-3.0, -2.0, 6.0; 44
-2.0, -2.0, 6.0; 48
-1.0, -2.0, 6.0; 78
0.0, -2.0, 6.0; 103
1.0, -2.0, 6.0; 108
2.0, -2.0, 6.0; 84
3.0, -2.0, 6.0; 94
4.0, -2.0, 6.0; 168
5.0, -2.0, 6.0; 164
6.0, -2.0, 6.0; 179
7.0, -2.0, 6.0; 61
-8.0, -1.0, 6.0; 25
-7.0, -1.0, 6.0; 54
-6.0, -1.0, 6.0; 31
-5.0, -1.0, 6.0; 21
-4.0, -1.0, 6.0; 22
-3.0, -1.0, 6.0; 26
-2.0, -1.0, 6.0; 41
-1.0, -1.0, 6.0; 58
0.0, -1.0, 6.0; 65
1.0, -1.0, 6.0; 97
2.0, -1.0, 6.0; 110
3.0, -1.0, 6.0; 103
4.0, -1.0, 6.0; 132
5.0, -1.0, 6.0; 163
6.0, -1.0, 6.0; 163
7.0, -1.0, 6.0; 71
-8.0, 0.0, 6.0; 41
-7.0, 0.0, 6.0; 50
-6.0, 0.0, 6.0; 36
-5.0, 0.0, 6.0; 19
-4.0, 0.0, 6.0; 22
-3.0, 0.0, 6.0; 18
-2.0, 0.0, 6.0; 32
-1.0, 0.0, 6.0; 48
0.0, 0.0, 6.0; 69
1.0, 0.0, 6.0; 97
2.0, 0.0, 6.0; 105
3.0, 0.0, 6.0; 117
4.0, 0.0, 6.0; 129
5.0, 0.0, 6.0; 143
6.0, 0.0, 6.0; 150
7.0, 0.0, 6.0; 62
-8.0, 1.0, 6.0; 18
-7.0, 1.0, 6.0; 66
-6.0, 1.0, 6.0; 32
-5.0, 1.0, 6.0; 17
-4.0, 1.0, 6.0; 18
-3.0, 1.0, 6.0; 13
-2.0, 1.0, 6.0; 14
-1.0, 1.0, 6.0; 47
0.0, 1.0, 6.0; 64
1.0, 1.0, 6.0; 104
2.0, 1.0, 6.0; 126
3.0, 1.0, 6.0; 130
4.0, 1.0, 6.0; 175
5.0, 1.0, 6.0; 162
6.0, 1.0, 6.0; 138
7.0, 1.0, 6.0; 54
-8.0, 2.0, 6.0; 12
-7.0, 2.0, 6.0; 39
-6.0, 2.0, 6.0; 23
-5.0, 2.0, 6.0; 25
-4.0, 2.0, 6.0; 9
-3.0, 2.0, 6.0; 20
-2.0, 2.0, 6.0; 20
-1.0, 2.0, 6.0; 19
0.0, 2.0, 6.0; 51
1.0, 2.0, 6.0; 99
2.0, 2.0, 6.0; 136
3.0, 2.0, 6.0; 147
4.0, 2.0, 6.0; 134
5.0, 2.0, 6.0; 185
6.0, 2.0, 6.0; 137
7.0, 2.0, 6.0; 25
-7.0, 3.0, 6.0; 30
-6.0, 3.0, 6.0; 19
-5.0, 3.0, 6.0; 22
-4.0, 3.0, 6.0; 21
-3.0, 3.0, 6.0; 16
-2.0, 3.0, 6.0; 16
-1.0, 3.0, 6.0; 38
0.0, 3.0, 6.0; 47
1.0, 3.0, 6.0; 80
2.0, 3.0, 6.0; 128
3.0, 3.0, 6.0; 151
4.0, 3.0, 6.0; 151
5.0, 3.0, 6.0; 166
6.0, 3.0, 6.0; 101
7.0, 3.0, 6.0; 3
-7.0, 4.0, 6.0; 5
-6.0, 4.0, 6.0; 33
-5.0, 4.0, 6.0; 22
-4.0, 4.0, 6.0; 22
-3.0, 4.0, 6.0; 24
-2.0, 4.0, 6.0; 22
-1.0, 4.0, 6.0; 57
0.0, 4.0, 6.0; 44
1.0, 4.0, 6.0; 80
2.0, 4.0, 6.0; 109
3.0, 4.0, 6.0; 104
4.0, 4.0, 6.0; 129
5.0, 4.0, 6.0; 103
6.0, 4.0, 6.0; 31
-6.0, 5.0, 6.0; 15
-5.0, 5.0, 6.0; 28
-4.0, 5.0, 6.0; 50
-3.0, 5.0, 6.0; 44
-2.0, 5.0, 6.0; 50
-1.0, 5.0, 6.0; 60
0.0, 5.0, 6.0; 58
1.0, 5.0, 6.0; 83
2.0, 5.0, 6.0; 90
3.0, 5.0, 6.0; 80
4.0, 5.0, 6.0; 70
5.0, 5.0, 6.0; 36
-5.0, 6.0, 6.0; 13
-4.0, 6.0, 6.0; 25
-3.0, 6.0, 6.0; 45
-2.0, 6.0, 6.0; 38
-1.0, 6.0, 6.0; 47
0.0, 6.0, 6.0; 62
1.0, 6.0, 6.0; 66
2.0, 6.0, 6.0; 62
3.0, 6.0, 6.0; 55
4.0, 6.0, 6.0; 16
5.0, 6.0, 6.0; 1
-4.0, 7.0, 6.0; 3
-3.0, 7.0, 6.0; 10
-2.0, 7.0, 6.0; 12
-1.0, 7.0, 6.0; 10
0.0, 7.0, 6.0; 18
1.0, 7.0, 6.0; 22
2.0, 7.0, 6.0; 20
3.0, 7.0, 6.0; 4
-4.0, -7.0, 7.0; 3
-3.0, -7.0, 7.0; 23
-2.0, -7.0, 7.0; 38
-1.0, -7.0, 7.0; 43
0.0, -7.0, 7.0; 37
1.0, -7.0, 7.0; 46
2.0, -7.0, 7.0; 22
3.0, -7.0, 7.0; 7
-5.0, -6.0, 7.0; 13
-4.0, -6.0, 7.0; 37
-3.0, -6.0, 7.0; 65
-2.0, -6.0, 7.0; 73
-1.0, -6.0, 7.0; 75
0.0, -6.0, 7.0; 87
1.0, -6.0, 7.0; 94
2.0, -6.0, 7.0; 101
3.0, -6.0, 7.0; 61
4.0, -6.0, 7.0; 16
-6.0, -5.0, 7.0; 8
-5.0, -5.0, 7.0; 32
-4.0, -5.0, 7.0; 75
-3.0, -5.0, 7.0; 71
-2.0, -5.0, 7.0; 59
-1.0, -5.0, 7.0; 81
0.0, -5.0, 7.0; 66
1.0, -5.0, 7.0; 98
2.0, -5.0, 7.0; 106
3.0, -5.0, 7.0; 120
4.0, -5.0, 7.0; 84
5.0, -5.0, 7.0; 16
-6.0, -4.0, 7.0; 28
-5.0, -4.0, 7.0; 57
-4.0, -4.0, 7.0; 60
-3.0, -4.0, 7.0; 67
-2.0, -4.0, 7.0; 66
-1.0, -4.0, 7.0; 96
0.0, -4.0, 7.0; 89
1.0, -4.0, 7.0; 85
2.0, -4.0, 7.0; 119
3.0, -4.0, 7.0; 142
4.0, -4.0, 7.0; 120
5.0, -4.0, 7.0; 84
6.0, -4.0, 7.0; 6
-7.0, -3.0, 7.0; 10
-6.0, -3.0, 7.0; 51
-5.0, -3.0, 7.0; 43
-4.0, -3.0, 7.0; 52
-3.0, -3.0, 7.0; 72
-2.0, -3.0, 7.0; 75
-1.0, -3.0, 7.0; 86
0.0, -3.0, 7.0; 106
1.0, -3.0, 7.0; 92
2.0, -3.0, 7.0; 106
3.0, -3.0, 7.0; 129
4.0, -3.0, 7.0; 134
5.0, -3.0, 7.0; 129
6.0, -3.0, 7.0; 30
-7.0, -2.0, 7.0; 29
-6.0, -2.0, 7.0; 82
-5.0, -2.0, 7.0; 49
-4.0, -2.0, 7.0; 44
-3.0, -2.0, 7.0; 54
-2.0, -2.0, 7.0; 71
-1.0, -2.0, 7.0; 80
0.0, -2.0, 7.0; 92
1.0, -2.0, 7.0; 104
2.0, -2.0, 7.0; 126
3.0, -2.0, 7.0; 140
4.0, -2.0, 7.0; 123
5.0, -2.0, 7.0; 143
6.0, -2.0, 7.0; 61
-8.0, -1.0, 7.0; 2
-7.0, -1.0, 7.0; 47
-6.0, -1.0, 7.0; 77
-5.0, -1.0, 7.0; 47
-4.0, -1.0, 7.0; 26
-3.0, -1.0, 7.0; 38
-2.0, -1.0, 7.0; 45
-1.0, -1.0, 7.0; 75
0.0, -1.0, 7.0; 89
1.0, -1.0, 7.0; 103
2.0, -1.0, 7.0; 123
3.0, -1.0, 7.0; 150
4.0, -1.0, 7.0; 153
5.0, -1.0, 7.0; 175
6.0, -1.0, 7.0; 75
-7.0, 0.0, 7.0; 88
-6.0, 0.0, 7.0; 88
-5.0, 0.0, 7.0; 42
-4.0, 0.0, 7.0; 36
-3.0, 0.0, 7.0; 29
-2.0, 0.0, 7.0; 33
-1.0, 0.0, 7.0; 56
0.0, 0.0, 7.0; 75
1.0, 0.0, 7.0; 100
2.0, 0.0, 7.0; 142
3.0, 0.0, 7.0; 176
4.0, 0.0, 7.0; 141
5.0, 0.0, 7.0; 146
6.0, 0.0, 7.0; 60
7.0, 0.0, 7.0; 3
-7.0, 1.0, 7.0; 31
-6.0, 1.0, 7.0; 60
-5.0, 1.0, 7.0; 55
-4.0, 1.0, 7.0; 36
-3.0, 1.0, 7.0; 26
-2.0, 1.0, 7.0; 28
-1.0, 1.0, 7.0; 38
0.0, 1.0, 7.0; 81
1.0, 1.0, 7.0; 111
2.0, 1.0, 7.0; 137
3.0, 1.0, 7.0; 140
4.0, 1.0, 7.0; 144
5.0, 1.0, 7.0; 133
6.0, 1.0, 7.0; 49
-7.0, 2.0, 7.0; 7
-6.0, 2.0, 7.0; 38
-5.0, 2.0, 7.0; 36
-4.0, 2.0, 7.0; 30
-3.0, 2.0, 7.0; 26
-2.0, 2.0, 7.0; 38
-1.0, 2.0, 7.0; 47
0.0, 2.0, 7.0; 71
1.0, 2.0, 7.0; 112
2.0, 2.0, 7.0; 139
3.0, 2.0, 7.0; 119
4.0, 2.0, 7.0; 175
5.0, 2.0, 7.0; 160
6.0, 2.0, 7.0; 34
-6.0, 3.0, 7.0; 19
-5.0, 3.0, 7.0; 47
-4.0, 3.0, 7.0; 43
-3.0, 3.0, 7.0; 28
-2.0, 3.0, 7.0; 33
-1.0, 3.0, 7.0; 57
0.0, 3.0, 7.0; 55
1.0, 3.0, 7.0; 79
2.0, 3.0, 7.0; 113
3.0, 3.0, 7.0; 126
4.0, 3.0, 7.0; 228
5.0, 3.0, 7.0; 115
6.0, 3.0, 7.0; 1
-6.0, 4.0, 7.0; 2
-5.0, 4.0, 7.0; 37
-4.0, 4.0, 7.0; 61
-3.0, 4.0, 7.0; 47
-2.0, 4.0, 7.0; 37
-1.0, 4.0, 7.0; 45
0.0, 4.0, 7.0; 67
1.0, 4.0, 7.0; 72
2.0, 4.0, 7.0; 93
3.0, 4.0, 7.0; 131
4.0, 4.0, 7.0; 132
5.0, 4.0, 7.0; 33
-5.0, 5.0, 7.0; 7
-4.0, 5.0, 7.0; 32
-3.0, 5.0, 7.0; 38
-2.0, 5.0, 7.0; 37
-1.0, 5.0, 7.0; 37
0.0, 5.0, 7.0; 68
1.0, 5.0, 7.0; 69
2.0, 5.0, 7.0; 73
3.0, 5.0, 7.0; 60
4.0, 5.0, 7.0; 17
-4.0, 6.0, 7.0; 1
-3.0, 6.0, 7.0; 9
-2.0, 6.0, 7.0; 16
-1.0, 6.0, 7.0; 26
0.0, 6.0, 7.0; 28
1.0, 6.0, 7.0; 31
2.0, 6.0, 7.0; 18
3.0, 6.0, 7.0; 2
-3.0, -6.0, 8.0; 4
-2.0, -6.0, 8.0; 13
-1.0, -6.0, 8.0; 24
0.0, -6.0, 8.0; 27
1.0, -6.0, 8.0; 31
2.0, -6.0, 8.0; 6
-5.0, -5.0, 8.0; 1
-4.0, -5.0, 8.0; 17
-3.0, -5.0, 8.0; 36
-2.0, -5.0, 8.0; 74
-1.0, -5.0, 8.0; 63
0.0, -5.0, 8.0; 91
1.0, -5.0, 8.0; 75
2.0, -5.0, 8.0; 65
3.0, -5.0, 8.0; 29
4.0, -5.0, 8.0; 2
-5.0, -4.0, 8.0; 18
-4.0, -4.0, 8.0; 56
-3.0, -4.0, 8.0; 83
-2.0, -4.0, 8.0; 79
-1.0, -4.0, 8.0; 81
0.0, -4.0, 8.0; 96
1.0, -4.0, 8.0; 101
2.0, -4.0, 8.0; 111
3.0, -4.0, 8.0; 80
4.0, -4.0, 8.0; 29
-6.0, -3.0, 8.0; 9
-5.0, -3.0, 8.0; 76
-4.0, -3.0, 8.0; 126
-3.0, -3.0, 8.0; 102
-2.0, -3.0, 8.0; 74
-1.0, -3.0, 8.0; 98
0.0, -3.0, 8.0; 115
1.0, -3.0, 8.0; 106
2.0, -3.0, 8.0; 129
3.0, -3.0, 8.0; 114
4.0, -3.0, 8.0; 79
5.0, -3.0, 8.0; 9
-6.0, -2.0, 8.0; 48
-5.0, -2.0, 8.0; 165
-4.0, -2.0, 8.0; 139
-3.0, -2.0, 8.0; 88
-2.0, -2.0, 8.0; 95
-1.0, -2.0, 8.0; 91
0.0, -2.0, 8.0; 111
1.0, -2.0, 8.0; 134
2.0, -2.0, 8.0; 150
3.0, -2.0, 8.0; 159
4.0, -2.0, 8.0; 93
5.0, -2.0, 8.0; 32
-6.0, -1.0, 8.0; 85
-5.0, -1.0, 8.0; 184
-4.0, -1.0, 8.0; 108
-3.0, -1.0, 8.0; 86
-2.0, -1.0, 8.0; 76
-1.0, -1.0, 8.0; 92
0.0, -1.0, 8.0; 106
1.0, -1.0, 8.0; 128
2.0, -1.0, 8.0; 128
3.0, -1.0, 8.0; 131
4.0, -1.0, 8.0; 120
5.0, -1.0, 8.0; 48
-6.0, 0.0, 8.0; 41
-5.0, 0.0, 8.0; 118
-4.0, 0.0, 8.0; 105
-3.0, 0.0, 8.0; 74
-2.0, 0.0, 8.0; 62
-1.0, 0.0, 8.0; 57
0.0, 0.0, 8.0; 88
1.0, 0.0, 8.0; 125
2.0, 0.0, 8.0; 132
3.0, 0.0, 8.0; 146
4.0, 0.0, 8.0; 125
5.0, 0.0, 8.0; 42
-6.0, 1.0, 8.0; 22
-5.0, 1.0, 8.0; 74
-4.0, 1.0, 8.0; 74
-3.0, 1.0, 8.0; 57
-2.0, 1.0, 8.0; 47
-1.0, 1.0, 8.0; 57
0.0, 1.0, 8.0; 80
1.0, 1.0, 8.0; 97
2.0, 1.0, 8.0; 145
3.0, 1.0, 8.0; 157
4.0, 1.0, 8.0; 109
5.0, 1.0, 8.0; 21
-6.0, 2.0, 8.0; 1
-5.0, 2.0, 8.0; 26
-4.0, 2.0, 8.0; 62
-3.0, 2.0, 8.0; 56
-2.0, 2.0, 8.0; 47
-1.0, 2.0, 8.0; 57
0.0, 2.0, 8.0; 87
1.0, 2.0, 8.0; 93
2.0, 2.0, 8.0; 165
3.0, 2.0, 8.0; 184
4.0, 2.0, 8.0; 111
5.0, 2.0, 8.0; 9
-5.0, 3.0, 8.0; 5
-4.0, 3.0, 8.0; 30
-3.0, 3.0, 8.0; 39
-2.0, 3.0, 8.0; 52
-1.0, 3.0, 8.0; 64
0.0, 3.0, 8.0; 92
1.0, 3.0, 8.0; 146
2.0, 3.0, 8.0; 168
3.0, 3.0, 8.0; 170
4.0, 3.0, 8.0; 53
-4.0, 4.0, 8.0; 8
-3.0, 4.0, 8.0; 21
-2.0, 4.0, 8.0; 44
-1.0, 4.0, 8.0; 48
0.0, 4.0, 8.0; 88
1.0, 4.0, 8.0; 75
2.0, 4.0, 8.0; 65
3.0, 4.0, 8.0; 27
4.0, 4.0, 8.0; 5
-3.0, 5.0, 8.0; 7
-2.0, 5.0, 8.0; 7
-1.0, 5.0, 8.0; 16
0.0, 5.0, 8.0; 25
1.0, 5.0, 8.0; 21
2.0, 5.0, 8.0; 13
-1.0, -5.0, 9.0; 5
0.0, -5.0, 9.0; 6
-3.0, -4.0, 9.0; 11
-2.0, -4.0, 9.0; 36
-1.0, -4.0, 9.0; 58
0.0, -4.0, 9.0; 42
1.0, -4.0, 9.0; 34
2.0, -4.0, 9.0; 6
-4.0, -3.0, 9.0; 22
-3.0, -3.0, 9.0; 77
-2.0, -3.0, 9.0; 99
-1.0, -3.0, 9.0; 80
0.0, -3.0, 9.0; 68
1.0, -3.0, 9.0; 75
2.0, -3.0, 9.0; 42
3.0, -3.0, 9.0; 5
-4.0, -2.0, 9.0; 69
-3.0, -2.0, 9.0; 136
-2.0, -2.0, 9.0; 175
-1.0, -2.0, 9.0; 202
0.0, -2.0, 9.0; 184
1.0, -2.0, 9.0; 118
2.0, -2.0, 9.0; 73
3.0, -2.0, 9.0; 28
4.0, -2.0, 9.0; 3
-5.0, -1.0, 9.0; 3
-4.0, -1.0, 9.0; 110
-3.0, -1.0, 9.0; 209
-2.0, -1.0, 9.0; 363
-1.0, -1.0, 9.0; 422
0.0, -1.0, 9.0; 311
1.0, -1.0, 9.0; 210
2.0, -1.0, 9.0; 75
3.0, -1.0, 9.0; 48
4.0, -1.0, 9.0; 3
-5.0, 0.0, 9.0; 4
-4.0, 0.0, 9.0; 90
-3.0, 0.0, 9.0; 169
-2.0, 0.0, 9.0; 209
-1.0, 0.0, 9.0; 201
0.0, 0.0, 9.0; 170
1.0, 0.0, 9.0; 147
2.0, 0.0, 9.0; 97
3.0, 0.0, 9.0; 40
4.0, 0.0, 9.0; 3
-5.0, 1.0, 9.0; 2
-4.0, 1.0, 9.0; 39
-3.0, 1.0, 9.0; 66
-2.0, 1.0, 9.0; 75
-1.0, 1.0, 9.0; 112
0.0, 1.0, 9.0; 123
1.0, 1.0, 9.0; 106
2.0, 1.0, 9.0; 81
3.0, 1.0, 9.0; 23
-4.0, 2.0, 9.0; 1
-3.0, 2.0, 9.0; 27
-2.0, 2.0, 9.0; 45
-1.0, 2.0, 9.0; 86
0.0, 2.0, 9.0; 159
1.0, 2.0, 9.0; 147
2.0, 2.0, 9.0; 65
3.0, 2.0, 9.0; 13
-3.0, 3.0, 9.0; 8
-2.0, 3.0, 9.0; 39
-1.0, 3.0, 9.0; 80
0.0, 3.0, 9.0; 107
1.0, 3.0, 9.0; 83
2.0, 3.0, 9.0; 11
-1.0, 4.0, 9.0; 5
0.0, 4.0, 9.0; 5
-2.0, -5.0, -10.0; 1
-1.0, -5.0, -10.0; 2
0.0, -5.0, -10.0; 3
1.0, -5.0, -10.0; 1
-3.0, -4.0, -10.0; 1
-2.0, -4.0, -10.0; 11
-1.0, -4.0, -10.0; 16
0.0, -4.0, -10.0; 32
1.0, -4.0, -10.0; 39
2.0, -4.0, -10.0; 10
-4.0, -3.0, -10.0; 4
-3.0, -3.0, -10.0; 16
-2.0, -3.0, -10.0; 22
-1.0, -3.0, -10.0; 32
0.0, -3.0, -10.0; 31
1.0, -3.0, -10.0; 58
2.0, -3.0, -10.0; 46
3.0, -3.0, -10.0; 10
-4.0, -2.0, -10.0; 13
-3.0, -2.0, -10.0; 39
-2.0, -2.0, -10.0; 61
-1.0, -2.0, -10.0; 59
0.0, -2.0, -10.0; 58
1.0, -2.0, -10.0; 74
2.0, -2.0, -10.0; 50
3.0, -2.0, -10.0; 20
-5.0, -1.0, -10.0; 8
-4.0, -1.0, -10.0; 66
-3.0, -1.0, -10.0; 156
-2.0, -1.0, -10.0; 242
-1.0, -1.0, -10.0; 214
0.0, -1.0, -10.0; 131
1.0, -1.0, -10.0; 95
2.0, -1.0, -10.0; 58
3.0, -1.0, -10.0; 16
4.0, -1.0, -10.0; 1
-5.0, 0.0, -10.0; 5
-4.0, 0.0, -10.0; 110
-3.0, 0.0, -10.0; 282
-2.0, 0.0, -10.0; 356
-1.0, 0.0, -10.0; 403
0.0, 0.0, -10.0; 237
1.0, 0.0, -10.0; 110
2.0, 0.0, -10.0; 46
3.0, 0.0, -10.0; 18
4.0, 0.0, -10.0; 2
-4.0, 1.0, -10.0; 54
-3.0, 1.0, -10.0; 94
-2.0, 1.0, -10.0; 143
-1.0, 1.0, -10.0; 167
0.0, 1.0, -10.0; 131
1.0, 1.0, -10.0; 65
2.0, 1.0, -10.0; 30
3.0, 1.0, -10.0; 18
-4.0, 2.0, -10.0; 14
-3.0, 2.0, -10.0; 34
-2.0, 2.0, -10.0; 47
-1.0, 2.0, -10.0; 54
0.0, 2.0, -10.0; 82
1.0, 2.0, -10.0; 50
2.0, 2.0, -10.0; 19
3.0, 2.0, -10.0; 5
-3.0, 3.0, -10.0; 5
-2.0, 3.0, -10.0; 19
-1.0, 3.0, -10.0; 27
0.0, 3.0, -10.0; 30
1.0, 3.0, -10.0; 14
2.0, 3.0, -10.0; 5
-1.0, 4.0, -10.0; 4
0.0, 4.0, -10.0; 1
-3.0, -6.0, -9.0; 1
-2.0, -6.0, -9.0; 5
-1.0, -6.0, -9.0; 32
0.0, -6.0, -9.0; 171
1.0, -6.0, -9.0; 115
2.0, -6.0, -9.0; 14
-4.0, -5.0, -9.0; 6
-3.0, -5.0, -9.0; 10
-2.0, -5.0, -9.0; 16
-1.0, -5.0, -9.0; 27
0.0, -5.0, -9.0; 56
1.0, -5.0, -9.0; 49
2.0, -5.0, -9.0; 49
3.0, -5.0, -9.0; 33
4.0, -5.0, -9.0; 1
-5.0, -4.0, -9.0; 6
-4.0, -4.0, -9.0; 14
-3.0, -4.0, -9.0; 23
-2.0, -4.0, -9.0; 22
-1.0, -4.0, -9.0; 13
0.0, -4.0, -9.0; 27
1.0, -4.0, -9.0; 38
2.0, -4.0, -9.0; 71
3.0, -4.0, -9.0; 87
4.0, -4.0, -9.0; 18
-6.0, -3.0, -9.0; 2
-5.0, -3.0, -9.0; 11
-4.0, -3.0, -9.0; 19
-3.0, -3.0, -9.0; 8
-2.0, -3.0, -9.0; 17
-1.0, -3.0, -9.0; 22
0.0, -3.0, -9.0; 27
1.0, -3.0, -9.0; 51
2.0, -3.0, -9.0; 60
3.0, -3.0, -9.0; 55
4.0, -3.0, -9.0; 43
5.0, -3.0, -9.0; 6
-6.0, -2.0, -9.0; 15
-5.0, -2.0, -9.0; 41
-4.0, -2.0, -9.0; 31
-3.0, -2.0, -9.0; 23
-2.0, -2.0, -9.0; 12
-1.0, -2.0, -9.0; 10
0.0, -2.0, -9.0; 27
1.0, -2.0, -9.0; 45
2.0, -2.0, -9.0; 39
3.0, -2.0, -9.0; 50
4.0, -2.0, -9.0; 49
5.0, -2.0, -9.0; 11
-6.0, -1.0, -9.0; 28
-5.0, -1.0, -9.0; 105
-4.0, -1.0, -9.0; 67
-3.0, -1.0, -9.0; 23
-2.0, -1.0, -9.0; 25
-1.0, -1.0, -9.0; 22
0.0, -1.0, -9.0; 33
1.0, -1.0, -9.0; 32
2.0, -1.0, -9.0; 44
3.0, -1.0, -9.0; 52
4.0, -1.0, -9.0; 45
5.0, -1.0, -9.0; 15
-6.0, 0.0, -9.0; 51
-5.0, 0.0, -9.0; 131
-4.0, 0.0, -9.0; 106
-3.0, 0.0, -9.0; 42
-2.0, 0.0, -9.0; 28
-1.0, 0.0, -9.0; 23
0.0, 0.0, -9.0; 33
1.0, 0.0, -9.0; 51
2.0, 0.0, -9.0; 39
3.0, 0.0, -9.0; 37
4.0, 0.0, -9.0; 53
5.0, 0.0, -9.0; 31
-6.0, 1.0, -9.0; 35
-5.0, 1.0, -9.0; 113
-4.0, 1.0, -9.0; 67
-3.0, 1.0, -9.0; 44
-2.0, 1.0, -9.0; 27
-1.0, 1.0, -9.0; 54
0.0, 1.0, -9.0; 48
1.0, 1.0, -9.0; 71
2.0, 1.0, -9.0; 63
3.0, 1.0, -9.0; 68
4.0, 1.0, -9.0; 61
5.0, 1.0, -9.0; 23
-6.0, 2.0, -9.0; 8
-5.0, 2.0, -9.0; 35
-4.0, 2.0, -9.0; 52
-3.0, 2.0, -9.0; 39
-2.0, 2.0, -9.0; 50
-1.0, 2.0, -9.0; 44
0.0, 2.0, -9.0; 62
1.0, 2.0, -9.0; 82
2.0, 2.0, -9.0; 66
3.0, 2.0, -9.0; 67
4.0, 2.0, -9.0; 47
5.0, 2.0, -9.0; 4
-5.0, 3.0, -9.0; 10
-4.0, 3.0, -9.0; 28
-3.0, 3.0, -9.0; 51
-2.0, 3.0, -9.0; 43
-1.0, 3.0, -9.0; 53
0.0, 3.0, -9.0; 80
1.0, 3.0, -9.0; 65
2.0, 3.0, -9.0; 63
3.0, 3.0, -9.0; 47
4.0, 3.0, -9.0; 12
-5.0, 4.0, -9.0; 1
-4.0, 4.0, -9.0; 8
-3.0, 4.0, -9.0; 33
-2.0, 4.0, -9.0; 43
-1.0, 4.0, -9.0; 46
0.0, 4.0, -9.0; 43
1.0, 4.0, -9.0; 45
2.0, 4.0, -9.0; 40
3.0, 4.0, -9.0; 13
4.0, 4.0, -9.0; 1
-3.0, 5.0, -9.0; 1
-2.0, 5.0, -9.0; 9
-1.0, 5.0, -9.0; 20
0.0, 5.0, -9.0; 12
1.0, 5.0, -9.0; 15
2.0, 5.0, -9.0; 4
3.0, 5.0, -9.0; 1
0.0, -8.0, -8.0; 1
-4.0, -7.0, -8.0; 2
-3.0, -7.0, -8.0; 3
-2.0, -7.0, -8.0; 8
-1.0, -7.0, -8.0; 23
0.0, -7.0, -8.0; 177
1.0, -7.0, -8.0; 600
2.0, -7.0, -8.0; 157
3.0, -7.0, -8.0; 2
-5.0, -6.0, -8.0; 1
-4.0, -6.0, -8.0; 6
-3.0, -6.0, -8.0; 18
-2.0, -6.0, -8.0; 12
-1.0, -6.0, -8.0; 19
0.0, -6.0, -8.0; 118
1.0, -6.0, -8.0; 494
2.0, -6.0, -8.0; 196
3.0, -6.0, -8.0; 69
4.0, -6.0, -8.0; 17
-6.0, -5.0, -8.0; 3
-5.0, -5.0, -8.0; 12
-4.0, -5.0, -8.0; 12
-3.0, -5.0, -8.0; 14
-2.0, -5.0, -8.0; 10
-1.0, -5.0, -8.0; 8
0.0, -5.0, -8.0; 11
1.0, -5.0, -8.0; 17
2.0, -5.0, -8.0; 33
3.0, -5.0, -8.0; 90
4.0, -5.0, -8.0; 124
5.0, -5.0, -8.0; 9
-7.0, -4.0, -8.0; 2
-6.0, -4.0, -8.0; 5
-5.0, -4.0, -8.0; 8
-4.0, -4.0, -8.0; 11
-3.0, -4.0, -8.0; 6
-2.0, -4.0, -8.0; 14
-1.0, -4.0, -8.0; 14
0.0, -4.0, -8.0; 10
1.0, -4.0, -8.0; 21
2.0, -4.0, -8.0; 49
3.0, -4.0, -8.0; 48
4.0, -4.0, -8.0; 84
5.0, -4.0, -8.0; 47
6.0, -4.0, -8.0; 3
-7.0, -3.0, -8.0; 2
-6.0, -3.0, -8.0; 14
-5.0, -3.0, -8.0; 14
-4.0, -3.0, -8.0; 11
-3.0, -3.0, -8.0; 9
-2.0, -3.0, -8.0; 12
-1.0, -3.0, -8.0; 14
0.0, -3.0, -8.0; 5
1.0, -3.0, -8.0; 18
2.0, -3.0, -8.0; 49
3.0, -3.0, -8.0; 31
4.0, -3.0, -8.0; 43
5.0, -3.0, -8.0; 59
6.0, -3.0, -8.0; 9
-7.0, -2.0, -8.0; 20
-6.0, -2.0, -8.0; 34
-5.0, -2.0, -8.0; 12
-4.0, -2.0, -8.0; 13
-3.0, -2.0, -8.0; 44
-2.0, -2.0, -8.0; 20
-1.0, -2.0, -8.0; 12
0.0, -2.0, -8.0; 17
1.0, -2.0, -8.0; 13
2.0, -2.0, -8.0; 24
3.0, -2.0, -8.0; 30
4.0, -2.0, -8.0; 45
5.0, -2.0, -8.0; 58
6.0, -2.0, -8.0; 25
-8.0, -1.0, -8.0; 1
-7.0, -1.0, -8.0; 51
-6.0, -1.0, -8.0; 62
-5.0, -1.0, -8.0; 24
-4.0, -1.0, -8.0; 22
-3.0, -1.0, -8.0; 56
-2.0, -1.0, -8.0; 36
-1.0, -1.0, -8.0; 12
0.0, -1.0, -8.0; 14
1.0, -1.0, -8.0; 26
2.0, -1.0, -8.0; 21
3.0, -1.0, -8.0; 35
4.0, -1.0, -8.0; 65
5.0, -1.0, -8.0; 53
6.0, -1.0, -8.0; 51
7.0, -1.0, -8.0; 1
-7.0, 0.0, -8.0; 54
-6.0, 0.0, -8.0; 55
-5.0, 0.0, -8.0; 27
-4.0, 0.0, -8.0; 17
-3.0, 0.0, -8.0; 24
-2.0, 0.0, -8.0; 31
-1.0, 0.0, -8.0; 16
0.0, 0.0, -8.0; 16
1.0, 0.0, -8.0; 19
2.0, 0.0, -8.0; 32
3.0, 0.0, -8.0; 31
4.0, 0.0, -8.0; 50
5.0, 0.0, -8.0; 78
6.0, 0.0, -8.0; 60
-7.0, 1.0, -8.0; 33
-6.0, 1.0, -8.0; 45
-5.0, 1.0, -8.0; 23
-4.0, 1.0, -8.0; 13
-3.0, 1.0, -8.0; 21
-2.0, 1.0, -8.0; 23
-1.0, 1.0, -8.0; 19
0.0, 1.0, -8.0; 19
1.0, 1.0, -8.0; 20
2.0, 1.0, -8.0; 34
3.0, 1.0, -8.0; 41
4.0, 1.0, -8.0; 79
5.0, 1.0, -8.0; 78
6.0, 1.0, -8.0; 43
-7.0, 2.0, -8.0; 8
-6.0, 2.0, -8.0; 63
-5.0, 2.0, -8.0; 35
-4.0, 2.0, -8.0; 19
-3.0, 2.0, -8.0; 21
-2.0, 2.0, -8.0; 14
-1.0, 2.0, -8.0; 22
0.0, 2.0, -8.0; 20
1.0, 2.0, -8.0; 37
2.0, 2.0, -8.0; 48
3.0, 2.0, -8.0; 54
4.0, 2.0, -8.0; 74
5.0, 2.0, -8.0; 82
6.0, 2.0, -8.0; 30
-6.0, 3.0, -8.0; 24
-5.0, 3.0, -8.0; 35
-4.0, 3.0, -8.0; 24
-3.0, 3.0, -8.0; 20
-2.0, 3.0, -8.0; 23
-1.0, 3.0, -8.0; 29
0.0, 3.0, -8.0; 28
1.0, 3.0, -8.0; 37
2.0, 3.0, -8.0; 63
3.0, 3.0, -8.0; 70
4.0, 3.0, -8.0; 80
5.0, 3.0, -8.0; 48
6.0, 3.0, -8.0; 6
-6.0, 4.0, -8.0; 3
-5.0, 4.0, -8.0; 12
-4.0, 4.0, -8.0; 25
-3.0, 4.0, -8.0; 37
-2.0, 4.0, -8.0; 20
-1.0, 4.0, -8.0; 34
0.0, 4.0, -8.0; 57
1.0, 4.0, -8.0; 49
2.0, 4.0, -8.0; 72
3.0, 4.0, -8.0; 79
4.0, 4.0, -8.0; 57
5.0, 4.0, -8.0; 11
-5.0, 5.0, -8.0; 2
-4.0, 5.0, -8.0; 18
-3.0, 5.0, -8.0; 31
-2.0, 5.0, -8.0; 48
-1.0, 5.0, -8.0; 41
0.0, 5.0, -8.0; 67
1.0, 5.0, -8.0; 65
2.0, 5.0, -8.0; 61
3.0, 5.0, -8.0; 42
4.0, 5.0, -8.0; 7
-4.0, 6.0, -8.0; 2
-3.0, 6.0, -8.0; 10
-2.0, 6.0, -8.0; 30
-1.0, 6.0, -8.0; 24
0.0, 6.0, -8.0; 34
1.0, 6.0, -8.0; 34
2.0, 6.0, -8.0; 11
3.0, 6.0, -8.0; 4
0.0, 7.0, -8.0; 1
-3.0, -8.0, -7.0; 3
-2.0, -8.0, -7.0; 9
-1.0, -8.0, -7.0; 18
0.0, -8.0, -7.0; 21
1.0, -8.0, -7.0; 30
2.0, -8.0, -7.0; 23
3.0, -8.0, -7.0; 5
-5.0, -7.0, -7.0; 3
-4.0, -7.0, -7.0; 6
-3.0, -7.0, -7.0; 17
-2.0, -7.0, -7.0; 21
-1.0, -7.0, -7.0; 21
0.0, -7.0, -7.0; 31
1.0, -7.0, -7.0; 69
2.0, -7.0, -7.0; 110
3.0, -7.0, -7.0; 48
4.0, -7.0, -7.0; 19
-6.0, -6.0, -7.0; 2
-5.0, -6.0, -7.0; 8
-4.0, -6.0, -7.0; 5
-3.0, -6.0, -7.0; 10
-2.0, -6.0, -7.0; 18
-1.0, -6.0, -7.0; 19
0.0, -6.0, -7.0; 35
1.0, -6.0, -7.0; 12
2.0, -6.0, -7.0; 22
3.0, -6.0, -7.0; 51
4.0, -6.0, -7.0; 96
5.0, -6.0, -7.0; 54
6.0, -6.0, -7.0; 1
-7.0, -5.0, -7.0; 8
-6.0, -5.0, -7.0; 6
-5.0, -5.0, -7.0; 12
-4.0, -5.0, -7.0; 13
-3.0, -5.0, -7.0; 5
-2.0, -5.0, -7.0; 10
-1.0, -5.0, -7.0; 10
0.0, -5.0, -7.0; 22
1.0, -5.0, -7.0; 15
2.0, -5.0, -7.0; 15
3.0, -5.0, -7.0; 36
4.0, -5.0, -7.0; 51
5.0, -5.0, -7.0; 113
6.0, -5.0, -7.0; 13
-7.0, -4.0, -7.0; 12
-6.0, -4.0, -7.0; 15
-5.0, -4.0, -7.0; 10
-4.0, -4.0, -7.0; 7
-3.0, -4.0, -7.0; 8
-2.0, -4.0, -7.0; 13
-1.0, -4.0, -7.0; 5
0.0, -4.0, -7.0; 8
1.0, -4.0, -7.0; 11
2.0, -4.0, -7.0; 24
3.0, -4.0, -7.0; 38
4.0, -4.0, -7.0; 45
5.0, -4.0, -7.0; 90
6.0, -4.0, -7.0; 35
7.0, -4.0, -7.0; 4
-8.0, -3.0, -7.0; 7
-7.0, -3.0, -7.0; 22
-6.0, -3.0, -7.0; 14
-5.0, -3.0, -7.0; 2
-4.0, -3.0, -7.0; 13
-3.0, -3.0, -7.0; 8
-2.0, -3.0, -7.0; 14
-1.0, -3.0, -7.0; 6
0.0, -3.0, -7.0; 9
1.0, -3.0, -7.0; 11
2.0, -3.0, -7.0; 17
3.0, -3.0, -7.0; 24
4.0, -3.0, -7.0; 32
5.0, -3.0, -7.0; 62
6.0, -3.0, -7.0; 65
7.0, -3.0, -7.0; 15
-8.0, -2.0, -7.0; 16
-7.0, -2.0, -7.0; 31
-6.0, -2.0, -7.0; 8
-5.0, -2.0, -7.0; 16
-4.0, -2.0, -7.0; 37
-3.0, -2.0, -7.0; 20
-2.0, -2.0, -7.0; 10
-1.0, -2.0, -7.0; 5
0.0, -2.0, -7.0; 16
1.0, -2.0, -7.0; 8
2.0, -2.0, -7.0; 25
3.0, -2.0, -7.0; 31
4.0, -2.0, -7.0; 38
5.0, -2.0, -7.0; 50
6.0, -2.0, -7.0; 62
7.0, -2.0, -7.0; 40
-8.0, -1.0, -7.0; 34
-7.0, -1.0, -7.0; 46
-6.0, -1.0, -7.0; 13
-5.0, -1.0, -7.0; 10
-4.0, -1.0, -7.0; 22
-3.0, -1.0, -7.0; 13
-2.0, -1.0, -7.0; 7
-1.0, -1.0, -7.0; 11
0.0, -1.0, -7.0; 10
1.0, -1.0, -7.0; 19
2.0, -1.0, -7.0; 27
3.0, -1.0, -7.0; 21
4.0, -1.0, -7.0; 35
5.0, -1.0, -7.0; 47
6.0, -1.0, -7.0; 87
7.0, -1.0, -7.0; 54
-8.0, 0.0, -7.0; 44
-7.0, 0.0, -7.0; 30
-6.0, 0.0, -7.0; 17
-5.0, 0.0, -7.0; 14
-4.0, 0.0, -7.0; 7
-3.0, 0.0, -7.0; 4
-2.0, 0.0, -7.0; 9
-1.0, 0.0, -7.0; 11
0.0, 0.0, -7.0; 11
1.0, 0.0, -7.0; 13
2.0, 0.0, -7.0; 31
3.0, 0.0, -7.0; 35
4.0, 0.0, -7.0; 52
5.0, 0.0, -7.0; 79
6.0, 0.0, -7.0; 120
7.0, 0.0, -7.0; 71
-8.0, 1.0, -7.0; 27
-7.0, 1.0, -7.0; 22
-6.0, 1.0, -7.0; 10
-5.0, 1.0, -7.0; 13
-4.0, 1.0, -7.0; 9
-3.0, 1.0, -7.0; 8
-2.0, 1.0, -7.0; 6
-1.0, 1.0, -7.0; 12
0.0, 1.0, -7.0; 12
1.0, 1.0, -7.0; 14
2.0, 1.0, -7.0; 32
3.0, 1.0, -7.0; 57
4.0, 1.0, -7.0; 52
5.0, 1.0, -7.0; 85
6.0, 1.0, -7.0; 129
7.0, 1.0, -7.0; 62
-8.0, 2.0, -7.0; 7
-7.0, 2.0, -7.0; 32
-6.0, 2.0, -7.0; 12
-5.0, 2.0, -7.0; 11
-4.0, 2.0, -7.0; 11
-3.0, 2.0, -7.0; 7
-2.0, 2.0, -7.0; 14
-1.0, 2.0, -7.0; 17
0.0, 2.0, -7.0; 9
1.0, 2.0, -7.0; 27
2.0, 2.0, -7.0; 63
3.0, 2.0, -7.0; 69
4.0, 2.0, -7.0; 110
5.0, 2.0, -7.0; 117
6.0, 2.0, -7.0; 135
7.0, 2.0, -7.0; 33
-7.0, 3.0, -7.0; 22
-6.0, 3.0, -7.0; 27
-5.0, 3.0, -7.0; 15
-4.0, 3.0, -7.0; 12
-3.0, 3.0, -7.0; 7
-2.0, 3.0, -7.0; 7
-1.0, 3.0, -7.0; 13
0.0, 3.0, -7.0; 21
1.0, 3.0, -7.0; 43
2.0, 3.0, -7.0; 66
3.0, 3.0, -7.0; 141
4.0, 3.0, -7.0; 129
5.0, 3.0, -7.0; 111
6.0, 3.0, -7.0; 95
7.0, 3.0, -7.0; 4
-7.0, 4.0, -7.0; 8
-6.0, 4.0, -7.0; 24
-5.0, 4.0, -7.0; 28
-4.0, 4.0, -7.0; 17
-3.0, 4.0, -7.0; 14
-2.0, 4.0, -7.0; 7
-1.0, 4.0, -7.0; 23
0.0, 4.0, -7.0; 31
1.0, 4.0, -7.0; 58
2.0, 4.0, -7.0; 89
3.0, 4.0, -7.0; 94
4.0, 4.0, -7.0; 99
5.0, 4.0, -7.0; 82
6.0, 4.0, -7.0; 13
-6.0, 5.0, -7.0; 10
-5.0, 5.0, -7.0; 19
-4.0, 5.0, -7.0; 18
-3.0, 5.0, -7.0; 48
-2.0, 5.0, -7.0; 28
-1.0, 5.0, -7.0; 37
0.0, 5.0, -7.0; 43
1.0, 5.0, -7.0; 62
2.0, 5.0, -7.0; 71
3.0, 5.0, -7.0; 75
4.0, 5.0, -7.0; 103
5.0, 5.0, -7.0; 31
-5.0, 6.0, -7.0; 4
-4.0, 6.0, -7.0; 24
-3.0, 6.0, -7.0; 46
-2.0, 6.0, -7.0; 41
-1.0, 6.0, -7.0; 53
0.0, 6.0, -7.0; 62
1.0, 6.0, -7.0; 53
2.0, 6.0, -7.0; 62
3.0, 6.0, -7.0; 59
4.0, 6.0, -7.0; 21
5.0, 6.0, -7.0; 1
-4.0, 7.0, -7.0; 1
-3.0, 7.0, -7.0; 12
-2.0, 7.0, -7.0; 25
-1.0, 7.0, -7.0; 27
0.0, 7.0, -7.0; 42
1.0, 7.0, -7.0; 38
2.0, 7.0, -7.0; 15
3.0, 7.0, -7.0; 1
-3.0, -9.0, -6.0; 2
-1.0, -9.0, -6.0; 3
1.0, -9.0, -6.0; 3
2.0, -9.0, -6.0; 5
-4.0, -8.0, -6.0; 7
-3.0, -8.0, -6.0; 13
-2.0, -8.0, -6.0; 26
-1.0, -8.0, -6.0; 36
0.0, -8.0, -6.0; 24
1.0, -8.0, -6.0; 15
2.0, -8.0, -6.0; 22
3.0, -8.0, -6.0; 24
4.0, -8.0, -6.0; 8
-6.0, -7.0, -6.0; 3
-5.0, -7.0, -6.0; 12
-4.0, -7.0, -6.0; 21
-3.0, -7.0, -6.0; 20
-2.0, -7.0, -6.0; 37
-1.0, -7.0, -6.0; 51
0.0, -7.0, -6.0; 78
1.0, -7.0, -6.0; 63
2.0, -7.0, -6.0; 24
3.0, -7.0, -6.0; 23
4.0, -7.0, -6.0; 36
5.0, -7.0, -6.0; 32
-7.0, -6.0, -6.0; 7
-6.0, -6.0, -6.0; 10
-5.0, -6.0, -6.0; 4
-4.0, -6.0, -6.0; 14
-3.0, -6.0, -6.0; 9
-2.0, -6.0, -6.0; 14
-1.0, -6.0, -6.0; 27
0.0, -6.0, -6.0; 53
1.0, -6.0, -6.0; 91
2.0, -6.0, -6.0; 40
3.0, -6.0, -6.0; 21
4.0, -6.0, -6.0; 27
5.0, -6.0, -6.0; 92
6.0, -6.0, -6.0; 31
-8.0, -5.0, -6.0; 7
-7.0, -5.0, -6.0; 18
-6.0, -5.0, -6.0; 10
-5.0, -5.0, -6.0; 7
-4.0, -5.0, -6.0; 9
-3.0, -5.0, -6.0; 14
-2.0, -5.0, -6.0; 34
-1.0, -5.0, -6.0; 16
0.0, -5.0, -6.0; 12
1.0, -5.0, -6.0; 46
2.0, -5.0, -6.0; 26
3.0, -5.0, -6.0; 28
4.0, -5.0, -6.0; 59
5.0, -5.0, -6.0; 77
6.0, -5.0, -6.0; 88
7.0, -5.0, -6.0; 16
-8.0, -4.0, -6.0; 12
-7.0, -4.0, -6.0; 26
-6.0, -4.0, -6.0; 6
-5.0, -4.0, -6.0; 8
-4.0, -4.0, -6.0; 10
-3.0, -4.0, -6.0; 72
-2.0, -4.0, -6.0; 338
-1.0, -4.0, -6.0; 282
0.0, -4.0, -6.0; 37
1.0, -4.0, -6.0; 25
2.0, -4.0, -6.0; 20
3.0, -4.0, -6.0; 22
4.0, -4.0, -6.0; 39
5.0, -4.0, -6.0; 62
6.0, -4.0, -6.0; 77
7.0, -4.0, -6.0; 52
-9.0, -3.0, -6.0; 3
-8.0, -3.0, -6.0; 32
-7.0, -3.0, -6.0; 14
-6.0, -3.0, -6.0; 7
-5.0, -3.0, -6.0; 7
-4.0, -3.0, -6.0; 7
-3.0, -3.0, -6.0; 22
-2.0, -3.0, -6.0; 66
-1.0, -3.0, -6.0; 57
0.0, -3.0, -6.0; 46
1.0, -3.0, -6.0; 37
2.0, -3.0, -6.0; 24
3.0, -3.0, -6.0; 19
4.0, -3.0, -6.0; 33
5.0, -3.0, -6.0; 51
6.0, -3.0, -6.0; 83
7.0, -3.0, -6.0; 108
8.0, -3.0, -6.0; 11
-9.0, -2.0, -6.0; 15
-8.0, -2.0, -6.0; 38
-7.0, -2.0, -6.0; 12
-6.0, -2.0, -6.0; 15
-5.0, -2.0, -6.0; 11
-4.0, -2.0, -6.0; 8
-3.0, -2.0, -6.0; 9
-2.0, -2.0, -6.0; 27
-1.0, -2.0, -6.0; 94
0.0, -2.0, -6.0; 249
1.0, -2.0, -6.0; 68
2.0, -2.0, -6.0; 11
3.0, -2.0, -6.0; 15
4.0, -2.0, -6.0; 27
5.0, -2.0, -6.0; 40
6.0, -2.0, -6.0; 79
7.0, -2.0, -6.0; 124
8.0, -2.0, -6.0; 35
-9.0, -1.0, -6.0; 17
-8.0, -1.0, -6.0; 30
-7.0, -1.0, -6.0; 11
-6.0, -1.0, -6.0; 6
-5.0, -1.0, -6.0; 6
-4.0, -1.0, -6.0; 4
-3.0, -1.0, -6.0; 24
-2.0, -1.0, -6.0; 491
-1.0, -1.0, -6.0; 1074
0.0, -1.0, -6.0; 368
1.0, -1.0, -6.0; 63
2.0, -1.0, -6.0; 15
3.0, -1.0, -6.0; 24
4.0, -1.0, -6.0; 49
5.0, -1.0, -6.0; 40
6.0, -1.0, -6.0; 97
7.0, -1.0, -6.0; 128
8.0, -1.0, -6.0; 48
-9.0, 0.0, -6.0; 24
-8.0, 0.0, -6.0; 28
-7.0, 0.0, -6.0; 13
-6.0, 0.0, -6.0; 4
-5.0, 0.0, -6.0; 4
-4.0, 0.0, -6.0; 5
-3.0, 0.0, -6.0; 19
-2.0, 0.0, -6.0; 67
-1.0, 0.0, -6.0; 171
0.0, 0.0, -6.0; 76
1.0, 0.0, -6.0; 13
2.0, 0.0, -6.0; 18
3.0, 0.0, -6.0; 29
4.0, 0.0, -6.0; 50
5.0, 0.0, -6.0; 64
6.0, 0.0, -6.0; 103
7.0, 0.0, -6.0; 117
8.0, 0.0, -6.0; 52
-9.0, 1.0, -6.0; 12
-8.0, 1.0, -6.0; 32
-7.0, 1.0, -6.0; 14
-6.0, 1.0, -6.0; 9
-5.0, 1.0, -6.0; 9
-4.0, 1.0, -6.0; 5
-3.0, 1.0, -6.0; 38
-2.0, 1.0, -6.0; 30
-1.0, 1.0, -6.0; 39
0.0, 1.0, -6.0; 71
1.0, 1.0, -6.0; 29
2.0, 1.0, -6.0; 21
3.0, 1.0, -6.0; 42
4.0, 1.0, -6.0; 53
5.0, 1.0, -6.0; 85
6.0, 1.0, -6.0; 128
7.0, 1.0, -6.0; 131
8.0, 1.0, -6.0; 38
-9.0, 2.0, -6.0; 3
-8.0, 2.0, -6.0; 24
-7.0, 2.0, -6.0; 19
-6.0, 2.0, -6.0; 12
-5.0, 2.0, -6.0; 6
-4.0, 2.0, -6.0; 10
-3.0, 2.0, -6.0; 105
-2.0, 2.0, -6.0; 60
-1.0, 2.0, -6.0; 89
0.0, 2.0, -6.0; 92
1.0, 2.0, -6.0; 27
2.0, 2.0, -6.0; 38
3.0, 2.0, -6.0; 75
4.0, 2.0, -6.0; 115
5.0, 2.0, -6.0; 129
6.0, 2.0, -6.0; 141
7.0, 2.0, -6.0; 135
8.0, 2.0, -6.0; 13
-8.0, 3.0, -6.0; 16
-7.0, 3.0, -6.0; 25
-6.0, 3.0, -6.0; 11
-5.0, 3.0, -6.0; 6
-4.0, 3.0, -6.0; 8
-3.0, 3.0, -6.0; 38
-2.0, 3.0, -6.0; 29
-1.0, 3.0, -6.0; 14
0.0, 3.0, -6.0; 22
1.0, 3.0, -6.0; 28
2.0, 3.0, -6.0; 72
3.0, 3.0, -6.0; 123
4.0, 3.0, -6.0; 196
5.0, 3.0, -6.0; 126
6.0, 3.0, -6.0; 131
7.0, 3.0, -6.0; 74
-8.0, 4.0, -6.0; 3
-7.0, 4.0, -6.0; 25
-6.0, 4.0, -6.0; 28
-5.0, 4.0, -6.0; 24
-4.0, 4.0, -6.0; 13
-3.0, 4.0, -6.0; 14
-2.0, 4.0, -6.0; 8
-1.0, 4.0, -6.0; 18
0.0, 4.0, -6.0; 16
1.0, 4.0, -6.0; 42
2.0, 4.0, -6.0; 101
3.0, 4.0, -6.0; 158
4.0, 4.0, -6.0; 151
5.0, 4.0, -6.0; 109
6.0, 4.0, -6.0; 116
7.0, 4.0, -6.0; 12
-7.0, 5.0, -6.0; 9
-6.0, 5.0, -6.0; 31
-5.0, 5.0, -6.0; 34
-4.0, 5.0, -6.0; 122
-3.0, 5.0, -6.0; 232
-2.0, 5.0, -6.0; 138
-1.0, 5.0, -6.0; 60
0.0, 5.0, -6.0; 59
1.0, 5.0, -6.0; 59
2.0, 5.0, -6.0; 97
3.0, 5.0, -6.0; 114
4.0, 5.0, -6.0; 120
5.0, 5.0, -6.0; 90
6.0, 5.0, -6.0; 48
-6.0, 6.0, -6.0; 7
-5.0, 6.0, -6.0; 20
-4.0, 6.0, -6.0; 41
-3.0, 6.0, -6.0; 171
-2.0, 6.0, -6.0; 241
-1.0, 6.0, -6.0; 133
0.0, 6.0, -6.0; 70
1.0, 6.0, -6.0; 80
2.0, 6.0, -6.0; 85
3.0, 6.0, -6.0; 87
4.0, 6.0, -6.0; 92
5.0, 6.0, -6.0; 31
-5.0, 7.0, -6.0; 4
-4.0, 7.0, -6.0; 23
-3.0, 7.0, -6.0; 60
-2.0, 7.0, -6.0; 81
-1.0, 7.0, -6.0; 81
0.0, 7.0, -6.0; 62
1.0, 7.0, -6.0; 65
2.0, 7.0, -6.0; 76
3.0, 7.0, -6.0; 44
4.0, 7.0, -6.0; 14
-3.0, 8.0, -6.0; 3
-2.0, 8.0, -6.0; 17
-1.0, 8.0, -6.0; 26
0.0, 8.0, -6.0; 33
1.0, 8.0, -6.0; 13
2.0, 8.0, -6.0; 6
0.0, -10.0, -5.0; 1
-4.0, -9.0, -5.0; 8
-3.0, -9.0, -5.0; 7
-2.0, -9.0, -5.0; 8
-1.0, -9.0, -5.0; 17
0.0, -9.0, -5.0; 7
1.0, -9.0, -5.0; 7
2.0, -9.0, -5.0; 15
3.0, -9.0, -5.0; 1
4.0, -9.0, -5.0; 1
-6.0, -8.0, -5.0; 6
-5.0, -8.0, -5.0; 34
-4.0, -8.0, -5.0; 13
-3.0, -8.0, -5.0; 20
-2.0, -8.0, -5.0; 33
-1.0, -8.0, -5.0; 60
0.0, -8.0, -5.0; 97
1.0, -8.0, -5.0; 42
2.0, -8.0, -5.0; 14
3.0, -8.0, -5.0; 21
4.0, -8.0, -5.0; 38
5.0, -8.0, -5.0; 15
-7.0, -7.0, -5.0; 2
-6.0, -7.0, -5.0; 17
-5.0, -7.0, -5.0; 22
-4.0, -7.0, -5.0; 12
-3.0, -7.0, -5.0; 20
-2.0, -7.0, -5.0; 32
-1.0, -7.0, -5.0; 56
0.0, -7.0, -5.0; 213
1.0, -7.0, -5.0; 367
2.0, -7.0, -5.0; 105
3.0, -7.0, -5.0; 28
4.0, -7.0, -5.0; 34
5.0, -7.0, -5.0; 61
6.0, -7.0, -5.0; 22
-8.0, -6.0, -5.0; 8
-7.0, -6.0, -5.0; 24
-6.0, -6.0, -5.0; 5
-5.0, -6.0, -5.0; 7
-4.0, -6.0, -5.0; 9
-3.0, -6.0, -5.0; 11
-2.0, -6.0, -5.0; 10
-1.0, -6.0, -5.0; 19
0.0, -6.0, -5.0; 59
1.0, -6.0, -5.0; 263
2.0, -6.0, -5.0; 196
3.0, -6.0, -5.0; 58
4.0, -6.0, -5.0; 22
5.0, -6.0, -5.0; 50
6.0, -6.0, -5.0; 80
7.0, -6.0, -5.0; 15
-8.0, -5.0, -5.0; 20
-7.0, -5.0, -5.0; 14
-6.0, -5.0, -5.0; 4
-5.0, -5.0, -5.0; 4
-4.0, -5.0, -5.0; 12
-3.0, -5.0, -5.0; 101
-2.0, -5.0, -5.0; 373
-1.0, -5.0, -5.0; 495
0.0, -5.0, -5.0; 186
1.0, -5.0, -5.0; 49
2.0, -5.0, -5.0; 92
3.0, -5.0, -5.0; 38
4.0, -5.0, -5.0; 54
5.0, -5.0, -5.0; 44
6.0, -5.0, -5.0; 124
7.0, -5.0, -5.0; 98
8.0, -5.0, -5.0; 1
-9.0, -4.0, -5.0; 6
-8.0, -4.0, -5.0; 31
-7.0, -4.0, -5.0; 11
-6.0, -4.0, -5.0; 7
-5.0, -4.0, -5.0; 2
-4.0, -4.0, -5.0; 49
-3.0, -4.0, -5.0; 187
-2.0, -4.0, -5.0; 389
-1.0, -4.0, -5.0; 464
0.0, -4.0, -5.0; 230
1.0, -4.0, -5.0; 104
2.0, -4.0, -5.0; 28
3.0, -4.0, -5.0; 17
4.0, -4.0, -5.0; 33
5.0, -4.0, -5.0; 48
6.0, -4.0, -5.0; 108
7.0, -4.0, -5.0; 111
8.0, -4.0, -5.0; 31
-9.0, -3.0, -5.0; 29
-8.0, -3.0, -5.0; 19
-7.0, -3.0, -5.0; 6
-6.0, -3.0, -5.0; 2
-5.0, -3.0, -5.0; 1
-4.0, -3.0, -5.0; 15
-3.0, -3.0, -5.0; 33
-2.0, -3.0, -5.0; 23
-1.0, -3.0, -5.0; 18
0.0, -3.0, -5.0; 20
1.0, -3.0, -5.0; 91
2.0, -3.0, -5.0; 66
3.0, -3.0, -5.0; 9
4.0, -3.0, -5.0; 26
5.0, -3.0, -5.0; 52
6.0, -3.0, -5.0; 85
7.0, -3.0, -5.0; 138
8.0, -3.0, -5.0; 102
-9.0, -2.0, -5.0; 28
-8.0, -2.0, -5.0; 25
-7.0, -2.0, -5.0; 7
-6.0, -2.0, -5.0; 4
-5.0, -2.0, -5.0; 3
-4.0, -2.0, -5.0; 3
-3.0, -2.0, -5.0; 4
-2.0, -2.0, -5.0; 25
-1.0, -2.0, -5.0; 52
0.0, -2.0, -5.0; 50
1.0, -2.0, -5.0; 51
2.0, -2.0, -5.0; 19
3.0, -2.0, -5.0; 3
4.0, -2.0, -5.0; 11
5.0, -2.0, -5.0; 36
6.0, -2.0, -5.0; 92
7.0, -2.0, -5.0; 134
8.0, -2.0, -5.0; 121
-10.0, -1.0, -5.0; 2
-9.0, -1.0, -5.0; 40
-8.0, -1.0, -5.0; 19
-7.0, -1.0, -5.0; 11
-6.0, -1.0, -5.0; 8
-5.0, -1.0, -5.0; 4
-4.0, -1.0, -5.0; 49
-3.0, -1.0, -5.0; 133
-2.0, -1.0, -5.0; 317
-1.0, -1.0, -5.0; 893
0.0, -1.0, -5.0; 456
1.0, -1.0, -5.0; 59
2.0, -1.0, -5.0; 14
3.0, -1.0, -5.0; 12
4.0, -1.0, -5.0; 9
5.0, -1.0, -5.0; 38
6.0, -1.0, -5.0; 80
7.0, -1.0, -5.0; 151
8.0, -1.0, -5.0; 137
9.0, -1.0, -5.0; 4
-10.0, 0.0, -5.0; 5
-9.0, 0.0, -5.0; 28
-8.0, 0.0, -5.0; 17
-7.0, 0.0, -5.0; 9
-6.0, 0.0, -5.0; 4
-5.0, 0.0, -5.0; 5
-4.0, 0.0, -5.0; 35
-3.0, 0.0, -5.0; 58
-2.0, 0.0, -5.0; 196
-1.0, 0.0, -5.0; 1330
0.0, 0.0, -5.0; 555
1.0, 0.0, -5.0; 34
2.0, 0.0, -5.0; 13
3.0, 0.0, -5.0; 13
4.0, 0.0, -5.0; 31
5.0, 0.0, -5.0; 45
6.0, 0.0, -5.0; 83
7.0, 0.0, -5.0; 136
8.0, 0.0, -5.0; 156
9.0, 0.0, -5.0; 4
-9.0, 1.0, -5.0; 25
-8.0, 1.0, -5.0; 13
-7.0, 1.0, -5.0; 12
-6.0, 1.0, -5.0; 6
-5.0, 1.0, -5.0; 14
-4.0, 1.0, -5.0; 194
-3.0, 1.0, -5.0; 105
-2.0, 1.0, -5.0; 11
-1.0, 1.0, -5.0; 13
0.0, 1.0, -5.0; 42
1.0, 1.0, -5.0; 47
2.0, 1.0, -5.0; 19
3.0, 1.0, -5.0; 21
4.0, 1.0, -5.0; 55
5.0, 1.0, -5.0; 100
6.0, 1.0, -5.0; 112
7.0, 1.0, -5.0; 176
8.0, 1.0, -5.0; 143
9.0, 1.0, -5.0; 1
-9.0, 2.0, -5.0; 13
-8.0, 2.0, -5.0; 28
-7.0, 2.0, -5.0; 10
-6.0, 2.0, -5.0; 5
-5.0, 2.0, -5.0; 21
-4.0, 2.0, -5.0; 813
-3.0, 2.0, -5.0; 984
-2.0, 2.0, -5.0; 120
-1.0, 2.0, -5.0; 75
0.0, 2.0, -5.0; 170
1.0, 2.0, -5.0; 62
2.0, 2.0, -5.0; 14
3.0, 2.0, -5.0; 33
4.0, 2.0, -5.0; 95
5.0, 2.0, -5.0; 155
6.0, 2.0, -5.0; 150
7.0, 2.0, -5.0; 159
8.0, 2.0, -5.0; 106
-9.0, 3.0, -5.0; 9
-8.0, 3.0, -5.0; 21
-7.0, 3.0, -5.0; 18
-6.0, 3.0, -5.0; 8
-5.0, 3.0, -5.0; 6
-4.0, 3.0, -5.0; 179
-3.0, 3.0, -5.0; 478
-2.0, 3.0, -5.0; 116
-1.0, 3.0, -5.0; 34
0.0, 3.0, -5.0; 54
1.0, 3.0, -5.0; 36
2.0, 3.0, -5.0; 18
3.0, 3.0, -5.0; 88
4.0, 3.0, -5.0; 152
5.0, 3.0, -5.0; 212
6.0, 3.0, -5.0; 136
7.0, 3.0, -5.0; 145
8.0, 3.0, -5.0; 54
-8.0, 4.0, -5.0; 29
-7.0, 4.0, -5.0; 37
-6.0, 4.0, -5.0; 23
-5.0, 4.0, -5.0; 16
-4.0, 4.0, -5.0; 13
-3.0, 4.0, -5.0; 22
-2.0, 4.0, -5.0; 26
-1.0, 4.0, -5.0; 26
0.0, 4.0, -5.0; 18
1.0, 4.0, -5.0; 33
2.0, 4.0, -5.0; 67
3.0, 4.0, -5.0; 171
4.0, 4.0, -5.0; 155
5.0, 4.0, -5.0; 142
6.0, 4.0, -5.0; 118
7.0, 4.0, -5.0; 103
8.0, 4.0, -5.0; 2
-8.0, 5.0, -5.0; 3
-7.0, 5.0, -5.0; 25
-6.0, 5.0, -5.0; 38
-5.0, 5.0, -5.0; 84
-4.0, 5.0, -5.0; 120
-3.0, 5.0, -5.0; 50
-2.0, 5.0, -5.0; 18
-1.0, 5.0, -5.0; 28
0.0, 5.0, -5.0; 27
1.0, 5.0, -5.0; 51
2.0, 5.0, -5.0; 101
3.0, 5.0, -5.0; 98
4.0, 5.0, -5.0; 131
5.0, 5.0, -5.0; 95
6.0, 5.0, -5.0; 129
7.0, 5.0, -5.0; 17
-7.0, 6.0, -5.0; 3
-6.0, 6.0, -5.0; 13
-5.0, 6.0, -5.0; 48
-4.0, 6.0, -5.0; 194
-3.0, 6.0, -5.0; 300
-2.0, 6.0, -5.0; 252
-1.0, 6.0, -5.0; 159
0.0, 6.0, -5.0; 96
1.0, 6.0, -5.0; 77
2.0, 6.0, -5.0; 84
3.0, 6.0, -5.0; 77
4.0, 6.0, -5.0; 74
5.0, 6.0, -5.0; 84
6.0, 6.0, -5.0; 35
-5.0, 7.0, -5.0; 19
-4.0, 7.0, -5.0; 31
-3.0, 7.0, -5.0; 66
-2.0, 7.0, -5.0; 97
-1.0, 7.0, -5.0; 120
0.0, 7.0, -5.0; 85
1.0, 7.0, -5.0; 71
2.0, 7.0, -5.0; 82
3.0, 7.0, -5.0; 72
4.0, 7.0, -5.0; 63
5.0, 7.0, -5.0; 21
-4.0, 8.0, -5.0; 11
-3.0, 8.0, -5.0; 17
-2.0, 8.0, -5.0; 36
-1.0, 8.0, -5.0; 62
0.0, 8.0, -5.0; 74
1.0, 8.0, -5.0; 65
2.0, 8.0, -5.0; 34
3.0, 8.0, -5.0; 14
4.0, 8.0, -5.0; 1
-2.0, 9.0, -5.0; 1
-1.0, 9.0, -5.0; 4
0.0, 9.0, -5.0; 1
-2.0, -10.0, -4.0; 2
-1.0, -10.0, -4.0; 1
0.0, -10.0, -4.0; 6
1.0, -10.0, -4.0; 3
2.0, -10.0, -4.0; 1
-5.0, -9.0, -4.0; 25
-4.0, -9.0, -4.0; 17
-3.0, -9.0, -4.0; 10
-2.0, -9.0, -4.0; 14
-1.0, -9.0, -4.0; 11
0.0, -9.0, -4.0; 18
1.0, -9.0, -4.0; 15
2.0, -9.0, -4.0; 16
3.0, -9.0, -4.0; 13
4.0, -9.0, -4.0; 14
-7.0, -8.0, -4.0; 1
-6.0, -8.0, -4.0; 27
-5.0, -8.0, -4.0; 40
-4.0, -8.0, -4.0; 11
-3.0, -8.0, -4.0; 10
-2.0, -8.0, -4.0; 13
-1.0, -8.0, -4.0; 24
0.0, -8.0, -4.0; 57
1.0, -8.0, -4.0; 75
2.0, -8.0, -4.0; 26
3.0, -8.0, -4.0; 9
4.0, -8.0, -4.0; 28
5.0, -8.0, -4.0; 41
6.0, -8.0, -4.0; 4
-8.0, -7.0, -4.0; 1
-7.0, -7.0, -4.0; 20
-6.0, -7.0, -4.0; 14
-5.0, -7.0, -4.0; 8
-4.0, -7.0, -4.0; 8
-3.0, -7.0, -4.0; 12
-2.0, -7.0, -4.0; 10
-1.0, -7.0, -4.0; 32
0.0, -7.0, -4.0; 152
1.0, -7.0, -4.0; 450
2.0, -7.0, -4.0; 289
3.0, -7.0, -4.0; 60
4.0, -7.0, -4.0; 27
5.0, -7.0, -4.0; 39
6.0, -7.0, -4.0; 45
7.0, -7.0, -4.0; 5
-8.0, -6.0, -4.0; 23
-7.0, -6.0, -4.0; 21
-6.0, -6.0, -4.0; 8
-5.0, -6.0, -4.0; 2
-4.0, -6.0, -4.0; 5
-3.0, -6.0, -4.0; 2
-2.0, -6.0, -4.0; 9
-1.0, -6.0, -4.0; 30
0.0, -6.0, -4.0; 78
1.0, -6.0, -4.0; 244
2.0, -6.0, -4.0; 382
3.0, -6.0, -4.0; 88
4.0, -6.0, -4.0; 44
5.0, -6.0, -4.0; 41
6.0, -6.0, -4.0; 98
7.0, -6.0, -4.0; 64
8.0, -6.0, -4.0; 1
-9.0, -5.0, -4.0; 15
-8.0, -5.0, -4.0; 26
-7.0, -5.0, -4.0; 9
-6.0, -5.0, -4.0; 3
-5.0, -5.0, -4.0; 3
-4.0, -5.0, -4.0; 3
-3.0, -5.0, -4.0; 1
-2.0, -5.0, -4.0; 4
-1.0, -5.0, -4.0; 16
0.0, -5.0, -4.0; 188
1.0, -5.0, -4.0; 130
2.0, -5.0, -4.0; 71
3.0, -5.0, -4.0; 60
4.0, -5.0, -4.0; 36
5.0, -5.0, -4.0; 37
6.0, -5.0, -4.0; 120
7.0, -5.0, -4.0; 164
8.0, -5.0, -4.0; 27
-9.0, -4.0, -4.0; 28
-8.0, -4.0, -4.0; 19
-7.0, -4.0, -4.0; 5
-6.0, -4.0, -4.0; 3
-5.0, -4.0, -4.0; 5
-4.0, -4.0, -4.0; 4
0.0, -4.0, -4.0; 20
1.0, -4.0, -4.0; 75
2.0, -4.0, -4.0; 64
3.0, -4.0, -4.0; 17
4.0, -4.0, -4.0; 19
5.0, -4.0, -4.0; 48
6.0, -4.0, -4.0; 69
7.0, -4.0, -4.0; 130
8.0, -4.0, -4.0; 100
-10.0, -3.0, -4.0; 3
-9.0, -3.0, -4.0; 39
-8.0, -3.0, -4.0; 16
-7.0, -3.0, -4.0; 6
-6.0, -3.0, -4.0; 2
-5.0, -3.0, -4.0; 1
-4.0, -3.0, -4.0; 2
-3.0, -3.0, -4.0; 1
-1.0, -3.0, -4.0; 1
0.0, -3.0, -4.0; 4
1.0, -3.0, -4.0; 16
2.0, -3.0, -4.0; 12
3.0, -3.0, -4.0; 8
4.0, -3.0, -4.0; 13
5.0, -3.0, -4.0; 37
6.0, -3.0, -4.0; 77
7.0, -3.0, -4.0; 140
8.0, -3.0, -4.0; 173
9.0, -3.0, -4.0; 11
-10.0, -2.0, -4.0; 7
-9.0, -2.0, -4.0; 37
-8.0, -2.0, -4.0; 15
-7.0, -2.0, -4.0; 7
-6.0, -2.0, -4.0; 3
-5.0, -2.0, -4.0; 1
-4.0, -2.0, -4.0; 1
-1.0, -2.0, -4.0; 1
0.0, -2.0, -4.0; 1
1.0, -2.0, -4.0; 1
2.0, -2.0, -4.0; 3
3.0, -2.0, -4.0; 4
4.0, -2.0, -4.0; 4
5.0, -2.0, -4.0; 9
6.0, -2.0, -4.0; 101
7.0, -2.0, -4.0; 153
8.0, -2.0, -4.0; 184
9.0, -2.0, -4.0; 37
-10.0, -1.0, -4.0; 9
-9.0, -1.0, -4.0; 27
-8.0, -1.0, -4.0; 10
-7.0, -1.0, -4.0; 6
-6.0, -1.0, -4.0; 3
-5.0, -1.0, -4.0; 7
-4.0, -1.0, -4.0; 4
0.0, -1.0, -4.0; 1
4.0, -1.0, -4.0; 4
5.0, -1.0, -4.0; 25
6.0, -1.0, -4.0; 106
7.0, -1.0, -4.0; 140
8.0, -1.0, -4.0; 200
9.0, -1.0, -4.0; 68
-10.0, 0.0, -4.0; 15
-9.0, 0.0, -4.0; 23
-8.0, 0.0, -4.0; 12
-7.0, 0.0, -4.0; 3
-6.0, 0.0, -4.0; 4
-5.0, 0.0, -4.0; 9
-4.0, 0.0, -4.0; 6
2.0, 0.0, -4.0; 1
4.0, 0.0, -4.0; 4
5.0, 0.0, -4.0; 36
6.0, 0.0, -4.0; 101
7.0, 0.0, -4.0; 164
8.0, 0.0, -4.0; 184
9.0, 0.0, -4.0; 62
-10.0, 1.0, -4.0; 5
-9.0, 1.0, -4.0; 29
-8.0, 1.0, -4.0; 15
-7.0, 1.0, -4.0; 4
-6.0, 1.0, -4.0; 2
-5.0, 1.0, -4.0; 100
-4.0, 1.0, -4.0; 156
2.0, 1.0, -4.0; 6
3.0, 1.0, -4.0; 17
4.0, 1.0, -4.0; 34
5.0, 1.0, -4.0; 127
6.0, 1.0, -4.0; 137
7.0, 1.0, -4.0; 162
8.0, 1.0, -4.0; 177
9.0, 1.0, -4.0; 38
-10.0, 2.0, -4.0; 5
-9.0, 2.0, -4.0; 19
-8.0, 2.0, -4.0; 12
-7.0, 2.0, -4.0; 5
-6.0, 2.0, -4.0; 6
-5.0, 2.0, -4.0; 129
-4.0, 2.0, -4.0; 334
-3.0, 2.0, -4.0; 11
-1.0, 2.0, -4.0; 1
0.0, 2.0, -4.0; 2
1.0, 2.0, -4.0; 10
2.0, 2.0, -4.0; 10
3.0, 2.0, -4.0; 20
4.0, 2.0, -4.0; 50
5.0, 2.0, -4.0; 172
6.0, 2.0, -4.0; 127
7.0, 2.0, -4.0; 159
8.0, 2.0, -4.0; 160
9.0, 2.0, -4.0; 10
-9.0, 3.0, -4.0; 22
-8.0, 3.0, -4.0; 17
-7.0, 3.0, -4.0; 9
-6.0, 3.0, -4.0; 10
-5.0, 3.0, -4.0; 22
-4.0, 3.0, -4.0; 59
-3.0, 3.0, -4.0; 7
-2.0, 3.0, -4.0; 3
-1.0, 3.0, -4.0; 5
0.0, 3.0, -4.0; 2
1.0, 3.0, -4.0; 14
2.0, 3.0, -4.0; 9
3.0, 3.0, -4.0; 28
4.0, 3.0, -4.0; 112
5.0, 3.0, -4.0; 209
6.0, 3.0, -4.0; 177
7.0, 3.0, -4.0; 172
8.0, 3.0, -4.0; 124
-9.0, 4.0, -4.0; 7
-8.0, 4.0, -4.0; 30
-7.0, 4.0, -4.0; 20
-6.0, 4.0, -4.0; 13
-5.0, 4.0, -4.0; 6
-4.0, 4.0, -4.0; 3
-2.0, 4.0, -4.0; 7
-1.0, 4.0, -4.0; 23
0.0, 4.0, -4.0; 11
1.0, 4.0, -4.0; 21
2.0, 4.0, -4.0; 28
3.0, 4.0, -4.0; 118
4.0, 4.0, -4.0; 164
5.0, 4.0, -4.0; 152
6.0, 4.0, -4.0; 123
7.0, 4.0, -4.0; 159
8.0, 4.0, -4.0; 44
-8.0, 5.0, -4.0; 6
-7.0, 5.0, -4.0; 35
-6.0, 5.0, -4.0; 68
-5.0, 5.0, -4.0; 35
-4.0, 5.0, -4.0; 4
-3.0, 5.0, -4.0; 5
-2.0, 5.0, -4.0; 11
-1.0, 5.0, -4.0; 19
0.0, 5.0, -4.0; 24
1.0, 5.0, -4.0; 41
2.0, 5.0, -4.0; 81
3.0, 5.0, -4.0; 123
4.0, 5.0, -4.0; 98
5.0, 5.0, -4.0; 129
6.0, 5.0, -4.0; 132
7.0, 5.0, -4.0; 79
-7.0, 6.0, -4.0; 14
-6.0, 6.0, -4.0; 51
-5.0, 6.0, -4.0; 146
-4.0, 6.0, -4.0; 106
-3.0, 6.0, -4.0; 26
-2.0, 6.0, -4.0; 10
-1.0, 6.0, -4.0; 20
0.0, 6.0, -4.0; 37
1.0, 6.0, -4.0; 60
2.0, 6.0, -4.0; 100
3.0, 6.0, -4.0; 110
4.0, 6.0, -4.0; 105
5.0, 6.0, -4.0; 93
6.0, 6.0, -4.0; 85
7.0, 6.0, -4.0; 6
-6.0, 7.0, -4.0; 21
-5.0, 7.0, -4.0; 55
-4.0, 7.0, -4.0; 132
-3.0, 7.0, -4.0; 103
-2.0, 7.0, -4.0; 50
-1.0, 7.0, -4.0; 37
0.0, 7.0, -4.0; 63
1.0, 7.0, -4.0; 68
2.0, 7.0, -4.0; 85
3.0, 7.0, -4.0; 67
4.0, 7.0, -4.0; 91
5.0, 7.0, -4.0; 61
6.0, 7.0, -4.0; 4
-5.0, 8.0, -4.0; 15
-4.0, 8.0, -4.0; 32
-3.0, 8.0, -4.0; 46
-2.0, 8.0, -4.0; 33
-1.0, 8.0, -4.0; 57
0.0, 8.0, -4.0; 76
1.0, 8.0, -4.0; 67
2.0, 8.0, -4.0; 62
3.0, 8.0, -4.0; 51
4.0, 8.0, -4.0; 18
-3.0, 9.0, -4.0; 7
-2.0, 9.0, -4.0; 13
-1.0, 9.0, -4.0; 25
0.0, 9.0, -4.0; 19
1.0, 9.0, -4.0; 17
2.0, 9.0, -4.0; 4
-4.0, -10.0, -3.0; 3
-3.0, -10.0, -3.0; 8
-2.0, -10.0, -3.0; 9
-1.0, -10.0, -3.0; 8
0.0, -10.0, -3.0; 8
1.0, -10.0, -3.0; 7
2.0, -10.0, -3.0; 14
3.0, -10.0, -3.0; 1
-6.0, -9.0, -3.0; 2
-5.0, -9.0, -3.0; 22
-4.0, -9.0, -3.0; 17
-3.0, -9.0, -3.0; 8
-2.0, -9.0, -3.0; 7
-1.0, -9.0, -3.0; 16
0.0, -9.0, -3.0; 15
1.0, -9.0, -3.0; 15
2.0, -9.0, -3.0; 17
3.0, -9.0, -3.0; 23
4.0, -9.0, -3.0; 16
5.0, -9.0, -3.0; 4
-7.0, -8.0, -3.0; 11
-6.0, -8.0, -3.0; 18
-5.0, -8.0, -3.0; 19
-4.0, -8.0, -3.0; 4
-3.0, -8.0, -3.0; 3
-2.0, -8.0, -3.0; 10
-1.0, -8.0, -3.0; 16
0.0, -8.0, -3.0; 38
1.0, -8.0, -3.0; 66
2.0, -8.0, -3.0; 56
3.0, -8.0, -3.0; 25
4.0, -8.0, -3.0; 26
5.0, -8.0, -3.0; 43
6.0, -8.0, -3.0; 22
-8.0, -7.0, -3.0; 14
-7.0, -7.0, -3.0; 39
-6.0, -7.0, -3.0; 7
-5.0, -7.0, -3.0; 2
-4.0, -7.0, -3.0; 5
-3.0, -7.0, -3.0; 2
-2.0, -7.0, -3.0; 2
-1.0, -7.0, -3.0; 12
0.0, -7.0, -3.0; 58
1.0, -7.0, -3.0; 200
2.0, -7.0, -3.0; 213
3.0, -7.0, -3.0; 85
4.0, -7.0, -3.0; 22
5.0, -7.0, -3.0; 41
6.0, -7.0, -3.0; 70
7.0, -7.0, -3.0; 30
-9.0, -6.0, -3.0; 9
-8.0, -6.0, -3.0; 61
-7.0, -6.0, -3.0; 9
-6.0, -6.0, -3.0; 6
-4.0, -6.0, -3.0; 1
-2.0, -6.0, -3.0; 3
-1.0, -6.0, -3.0; 10
0.0, -6.0, -3.0; 74
1.0, -6.0, -3.0; 122
2.0, -6.0, -3.0; 196
3.0, -6.0, -3.0; 95
4.0, -6.0, -3.0; 36
5.0, -6.0, -3.0; 34
6.0, -6.0, -3.0; 98
7.0, -6.0, -3.0; 119
8.0, -6.0, -3.0; 16
-9.0, -5.0, -3.0; 39
-8.0, -5.0, -3.0; 29
-7.0, -5.0, -3.0; 2
-6.0, -5.0, -3.0; 2
-2.0, -5.0, -3.0; 1
-1.0, -5.0, -3.0; 1
0.0, -5.0, -3.0; 15
1.0, -5.0, -3.0; 83
2.0, -5.0, -3.0; 71
3.0, -5.0, -3.0; 35
4.0, -5.0, -3.0; 34
5.0, -5.0, -3.0; 28
6.0, -5.0, -3.0; 74
7.0, -5.0, -3.0; 136
8.0, -5.0, -3.0; 99
-10.0, -4.0, -3.0; 2
-9.0, -4.0, -3.0; 40
-8.0, -4.0, -3.0; 25
-7.0, -4.0, -3.0; 6
0.0, -4.0, -3.0; 1
1.0, -4.0, -3.0; 21
2.0, -4.0, -3.0; 30
3.0, -4.0, -3.0; 18
4.0, -4.0, -3.0; 13
5.0, -4.0, -3.0; 30
6.0, -4.0, -3.0; 65
7.0, -4.0, -3.0; 149
8.0, -4.0, -3.0; 178
9.0, -4.0, -3.0; 15
-10.0, -3.0, -3.0; 19
-9.0, -3.0, -3.0; 22
-8.0, -3.0, -3.0; 19
-7.0, -3.0, -3.0; 6
0.0, -3.0, -3.0; 2
3.0, -3.0, -3.0; 5
4.0, -3.0, -3.0; 4
5.0, -3.0, -3.0; 9
6.0, -3.0, -3.0; 70
7.0, -3.0, -3.0; 121
8.0, -3.0, -3.0; 188
9.0, -3.0, -3.0; 77
-10.0, -2.0, -3.0; 23
-9.0, -2.0, -3.0; 26
-8.0, -2.0, -3.0; 14
-7.0, -2.0, -3.0; 6
-5.0, -2.0, -3.0; 1
4.0, -2.0, -3.0; 2
5.0, -2.0, -3.0; 4
6.0, -2.0, -3.0; 48
7.0, -2.0, -3.0; 127
8.0, -2.0, -3.0; 183
9.0, -2.0, -3.0; 85
-10.0, -1.0, -3.0; 35
-9.0, -1.0, -3.0; 18
-8.0, -1.0, -3.0; 9
-7.0, -1.0, -3.0; 4
-6.0, -1.0, -3.0; 2
-5.0, -1.0, -3.0; 4
-4.0, -1.0, -3.0; 1
6.0, -1.0, -3.0; 45
7.0, -1.0, -3.0; 128
8.0, -1.0, -3.0; 187
9.0, -1.0, -3.0; 129
-10.0, 0.0, -3.0; 24
-9.0, 0.0, -3.0; 19
-8.0, 0.0, -3.0; 9
-7.0, 0.0, -3.0; 7
-6.0, 0.0, -3.0; 3
-5.0, 0.0, -3.0; 4
-3.0, 0.0, -3.0; 1
1.0, 0.0, -3.0; 1
4.0, 0.0, -3.0; 1
5.0, 0.0, -3.0; 5
6.0, 0.0, -3.0; 71
7.0, 0.0, -3.0; 124
8.0, 0.0, -3.0; 174
9.0, 0.0, -3.0; 133
-10.0, 1.0, -3.0; 14
-9.0, 1.0, -3.0; 24
-8.0, 1.0, -3.0; 9
-7.0, 1.0, -3.0; 3
-6.0, 1.0, -3.0; 6
-5.0, 1.0, -3.0; 45
-4.0, 1.0, -3.0; 1
-3.0, 1.0, -3.0; 1
0.0, 1.0, -3.0; 1
1.0, 1.0, -3.0; 1
3.0, 1.0, -3.0; 1
4.0, 1.0, -3.0; 4
5.0, 1.0, -3.0; 50
6.0, 1.0, -3.0; 110
7.0, 1.0, -3.0; 148
8.0, 1.0, -3.0; 175
9.0, 1.0, -3.0; 122
-10.0, 2.0, -3.0; 12
-9.0, 2.0, -3.0; 19
-8.0, 2.0, -3.0; 12
-7.0, 2.0, -3.0; 5
-6.0, 2.0, -3.0; 12
-5.0, 2.0, -3.0; 51
-4.0, 2.0, -3.0; 1
2.0, 2.0, -3.0; 1
3.0, 2.0, -3.0; 20
4.0, 2.0, -3.0; 25
5.0, 2.0, -3.0; 167
6.0, 2.0, -3.0; 107
7.0, 2.0, -3.0; 163
8.0, 2.0, -3.0; 207
9.0, 2.0, -3.0; 66
-10.0, 3.0, -3.0; 3
-9.0, 3.0, -3.0; 25
-8.0, 3.0, -3.0; 15
-7.0, 3.0, -3.0; 10
-6.0, 3.0, -3.0; 7
-5.0, 3.0, -3.0; 4
-4.0, 3.0, -3.0; 1
1.0, 3.0, -3.0; 3
2.0, 3.0, -3.0; 11
3.0, 3.0, -3.0; 14
4.0, 3.0, -3.0; 69
5.0, 3.0, -3.0; 142
6.0, 3.0, -3.0; 154
7.0, 3.0, -3.0; 179
8.0, 3.0, -3.0; 179
9.0, 3.0, -3.0; 18
-9.0, 4.0, -3.0; 11
-8.0, 4.0, -3.0; 13
-7.0, 4.0, -3.0; 10
-6.0, 4.0, -3.0; 6
-5.0, 4.0, -3.0; 5
-4.0, 4.0, -3.0; 1
0.0, 4.0, -3.0; 1
1.0, 4.0, -3.0; 19
2.0, 4.0, -3.0; 16
3.0, 4.0, -3.0; 54
4.0, 4.0, -3.0; 146
5.0, 4.0, -3.0; 146
6.0, 4.0, -3.0; 117
7.0, 4.0, -3.0; 120
8.0, 4.0, -3.0; 98
-9.0, 5.0, -3.0; 1
-8.0, 5.0, -3.0; 18
-7.0, 5.0, -3.0; 25
-6.0, 5.0, -3.0; 24
-5.0, 5.0, -3.0; 6
-4.0, 5.0, -3.0; 1
-3.0, 5.0, -3.0; 1
-1.0, 5.0, -3.0; 1
0.0, 5.0, -3.0; 11
1.0, 5.0, -3.0; 49
2.0, 5.0, -3.0; 49
3.0, 5.0, -3.0; 120
4.0, 5.0, -3.0; 99
5.0, 5.0, -3.0; 108
6.0, 5.0, -3.0; 130
7.0, 5.0, -3.0; 127
8.0, 5.0, -3.0; 11
-8.0, 6.0, -3.0; 9
-7.0, 6.0, -3.0; 21
-6.0, 6.0, -3.0; 53
-5.0, 6.0, -3.0; 34
-4.0, 6.0, -3.0; 13
-3.0, 6.0, -3.0; 9
-2.0, 6.0, -3.0; 12
-1.0, 6.0, -3.0; 19
0.0, 6.0, -3.0; 29
1.0, 6.0, -3.0; 41
2.0, 6.0, -3.0; 58
3.0, 6.0, -3.0; 102
4.0, 6.0, -3.0; 107
5.0, 6.0, -3.0; 95
6.0, 6.0, -3.0; 133
7.0, 6.0, -3.0; 21
-7.0, 7.0, -3.0; 11
-6.0, 7.0, -3.0; 33
-5.0, 7.0, -3.0; 41
-4.0, 7.0, -3.0; 55
-3.0, 7.0, -3.0; 53
-2.0, 7.0, -3.0; 55
-1.0, 7.0, -3.0; 36
0.0, 7.0, -3.0; 30
1.0, 7.0, -3.0; 72
2.0, 7.0, -3.0; 89
3.0, 7.0, -3.0; 82
4.0, 7.0, -3.0; 105
5.0, 7.0, -3.0; 88
6.0, 7.0, -3.0; 29
-6.0, 8.0, -3.0; 6
-5.0, 8.0, -3.0; 29
-4.0, 8.0, -3.0; 46
-3.0, 8.0, -3.0; 27
-2.0, 8.0, -3.0; 22
-1.0, 8.0, -3.0; 35
0.0, 8.0, -3.0; 40
1.0, 8.0, -3.0; 54
2.0, 8.0, -3.0; 62
3.0, 8.0, -3.0; 64
4.0, 8.0, -3.0; 56
5.0, 8.0, -3.0; 6
-4.0, 9.0, -3.0; 4
-3.0, 9.0, -3.0; 10
-2.0, 9.0, -3.0; 15
-1.0, 9.0, -3.0; 29
0.0, 9.0, -3.0; 30
1.0, 9.0, -3.0; 28
2.0, 9.0, -3.0; 24
3.0, 9.0, -3.0; 4
-4.0, -10.0, -2.0; 4
-3.0, -10.0, -2.0; 9
-2.0, -10.0, -2.0; 15
-1.0, -10.0, -2.0; 12
0.0, -10.0, -2.0; 12
1.0, -10.0, -2.0; 6
2.0, -10.0, -2.0; 17
3.0, -10.0, -2.0; 9
-6.0, -9.0, -2.0; 5
-5.0, -9.0, -2.0; 22
-4.0, -9.0, -2.0; 17
-3.0, -9.0, -2.0; 9
-2.0, -9.0, -2.0; 8
-1.0, -9.0, -2.0; 14
0.0, -9.0, -2.0; 13
1.0, -9.0, -2.0; 22
2.0, -9.0, -2.0; 15
3.0, -9.0, -2.0; 25
4.0, -9.0, -2.0; 33
5.0, -9.0, -2.0; 14
-7.0, -8.0, -2.0; 32
-6.0, -8.0, -2.0; 24
-5.0, -8.0, -2.0; 10
-4.0, -8.0, -2.0; 3
-3.0, -8.0, -2.0; 2
-2.0, -8.0, -2.0; 8
-1.0, -8.0, -2.0; 10
0.0, -8.0, -2.0; 45
1.0, -8.0, -2.0; 58
2.0, -8.0, -2.0; 79
3.0, -8.0, -2.0; 29
4.0, -8.0, -2.0; 30
5.0, -8.0, -2.0; 46
6.0, -8.0, -2.0; 33
-8.0, -7.0, -2.0; 41
-7.0, -7.0, -2.0; 43
-6.0, -7.0, -2.0; 12
-3.0, -7.0, -2.0; 1
-1.0, -7.0, -2.0; 6
0.0, -7.0, -2.0; 22
1.0, -7.0, -2.0; 73
2.0, -7.0, -2.0; 140
3.0, -7.0, -2.0; 103
4.0, -7.0, -2.0; 45
5.0, -7.0, -2.0; 41
6.0, -7.0, -2.0; 86
7.0, -7.0, -2.0; 34
-9.0, -6.0, -2.0; 20
-8.0, -6.0, -2.0; 52
-7.0, -6.0, -2.0; 18
-6.0, -6.0, -2.0; 5
-5.0, -6.0, -2.0; 1
0.0, -6.0, -2.0; 23
1.0, -6.0, -2.0; 59
2.0, -6.0, -2.0; 84
3.0, -6.0, -2.0; 92
4.0, -6.0, -2.0; 39
5.0, -6.0, -2.0; 44
6.0, -6.0, -2.0; 63
7.0, -6.0, -2.0; 139
8.0, -6.0, -2.0; 38
-9.0, -5.0, -2.0; 55
-8.0, -5.0, -2.0; 36
-7.0, -5.0, -2.0; 4
-3.0, -5.0, -2.0; 1
0.0, -5.0, -2.0; 2
1.0, -5.0, -2.0; 20
2.0, -5.0, -2.0; 23
3.0, -5.0, -2.0; 17
4.0, -5.0, -2.0; 17
5.0, -5.0, -2.0; 47
6.0, -5.0, -2.0; 67
7.0, -5.0, -2.0; 163
8.0, -5.0, -2.0; 164
9.0, -5.0, -2.0; 1
-10.0, -4.0, -2.0; 22
-9.0, -4.0, -2.0; 53
-8.0, -4.0, -2.0; 32
-7.0, -4.0, -2.0; 5
2.0, -4.0, -2.0; 2
3.0, -4.0, -2.0; 5
4.0, -4.0, -2.0; 11
5.0, -4.0, -2.0; 17
6.0, -4.0, -2.0; 52
7.0, -4.0, -2.0; 139
8.0, -4.0, -2.0; 172
9.0, -4.0, -2.0; 34
-10.0, -3.0, -2.0; 27
-9.0, -3.0, -2.0; 42
-8.0, -3.0, -2.0; 12
-7.0, -3.0, -2.0; 4
2.0, -3.0, -2.0; 1
3.0, -3.0, -2.0; 1
4.0, -3.0, -2.0; 1
5.0, -3.0, -2.0; 7
6.0, -3.0, -2.0; 38
7.0, -3.0, -2.0; 117
8.0, -3.0, -2.0; 177
9.0, -3.0, -2.0; 86
-10.0, -2.0, -2.0; 36
-9.0, -2.0, -2.0; 25
-8.0, -2.0, -2.0; 12
-7.0, -2.0, -2.0; 5
-6.0, -2.0, -2.0; 1
4.0, -2.0, -2.0; 1
5.0, -2.0, -2.0; 3
6.0, -2.0, -2.0; 18
7.0, -2.0, -2.0; 99
8.0, -2.0, -2.0; 156
9.0, -2.0, -2.0; 136
-10.0, -1.0, -2.0; 36
-9.0, -1.0, -2.0; 20
-8.0, -1.0, -2.0; 4
-7.0, -1.0, -2.0; 4
-6.0, -1.0, -2.0; 1
5.0, -1.0, -2.0; 1
6.0, -1.0, -2.0; 13
7.0, -1.0, -2.0; 100
8.0, -1.0, -2.0; 174
9.0, -1.0, -2.0; 180
-10.0, 0.0, -2.0; 20
-9.0, 0.0, -2.0; 15
-8.0, 0.0, -2.0; 11
-7.0, 0.0, -2.0; 3
-6.0, 0.0, -2.0; 2
-5.0, 0.0, -2.0; 2
0.0, 0.0, -2.0; 1
4.0, 0.0, -2.0; 1
6.0, 0.0, -2.0; 13
7.0, 0.0, -2.0; 111
8.0, 0.0, -2.0; 154
9.0, 0.0, -2.0; 179
-10.0, 1.0, -2.0; 29
-9.0, 1.0, -2.0; 20
-8.0, 1.0, -2.0; 7
-7.0, 1.0, -2.0; 5
-6.0, 1.0, -2.0; 6
-5.0, 1.0, -2.0; 4
-4.0, 1.0, -2.0; 1
5.0, 1.0, -2.0; 6
6.0, 1.0, -2.0; 38
7.0, 1.0, -2.0; 134
8.0, 1.0, -2.0; 186
9.0, 1.0, -2.0; 136
-10.0, 2.0, -2.0; 19
-9.0, 2.0, -2.0; 17
-8.0, 2.0, -2.0; 9
-7.0, 2.0, -2.0; 2
-6.0, 2.0, -2.0; 5
-5.0, 2.0, -2.0; 6
-1.0, 2.0, -2.0; 1
3.0, 2.0, -2.0; 1
4.0, 2.0, -2.0; 14
5.0, 2.0, -2.0; 70
6.0, 2.0, -2.0; 96
7.0, 2.0, -2.0; 125
8.0, 2.0, -2.0; 175
9.0, 2.0, -2.0; 115
-10.0, 3.0, -2.0; 6
-9.0, 3.0, -2.0; 16
-8.0, 3.0, -2.0; 6
-7.0, 3.0, -2.0; 4
-6.0, 3.0, -2.0; 4
2.0, 3.0, -2.0; 6
3.0, 3.0, -2.0; 10
4.0, 3.0, -2.0; 51
5.0, 3.0, -2.0; 104
6.0, 3.0, -2.0; 119
7.0, 3.0, -2.0; 179
8.0, 3.0, -2.0; 208
9.0, 3.0, -2.0; 37
-9.0, 4.0, -2.0; 17
-8.0, 4.0, -2.0; 7
-7.0, 4.0, -2.0; 8
-6.0, 4.0, -2.0; 4
-3.0, 4.0, -2.0; 1
0.0, 4.0, -2.0; 1
1.0, 4.0, -2.0; 16
2.0, 4.0, -2.0; 35
3.0, 4.0, -2.0; 42
4.0, 4.0, -2.0; 82
5.0, 4.0, -2.0; 121
6.0, 4.0, -2.0; 114
7.0, 4.0, -2.0; 128
8.0, 4.0, -2.0; 131
-9.0, 5.0, -2.0; 2
-8.0, 5.0, -2.0; 27
-7.0, 5.0, -2.0; 17
-6.0, 5.0, -2.0; 9
-5.0, 5.0, -2.0; 2
-1.0, 5.0, -2.0; 4
0.0, 5.0, -2.0; 17
1.0, 5.0, -2.0; 79
2.0, 5.0, -2.0; 119
3.0, 5.0, -2.0; 77
4.0, 5.0, -2.0; 128
5.0, 5.0, -2.0; 100
6.0, 5.0, -2.0; 106
7.0, 5.0, -2.0; 137
8.0, 5.0, -2.0; 33
-8.0, 6.0, -2.0; 7
-7.0, 6.0, -2.0; 24
-6.0, 6.0, -2.0; 29
-5.0, 6.0, -2.0; 8
-4.0, 6.0, -2.0; 2
-3.0, 6.0, -2.0; 2
-1.0, 6.0, -2.0; 2
0.0, 6.0, -2.0; 17
1.0, 6.0, -2.0; 39
2.0, 6.0, -2.0; 58
3.0, 6.0, -2.0; 96
4.0, 6.0, -2.0; 110
5.0, 6.0, -2.0; 122
6.0, 6.0, -2.0; 134
7.0, 6.0, -2.0; 53
-7.0, 7.0, -2.0; 9
-6.0, 7.0, -2.0; 26
-5.0, 7.0, -2.0; 26
-4.0, 7.0, -2.0; 21
-3.0, 7.0, -2.0; 25
-2.0, 7.0, -2.0; 10
-1.0, 7.0, -2.0; 17
0.0, 7.0, -2.0; 18
1.0, 7.0, -2.0; 44
2.0, 7.0, -2.0; 64
3.0, 7.0, -2.0; 67
4.0, 7.0, -2.0; 76
5.0, 7.0, -2.0; 76
6.0, 7.0, -2.0; 42
-6.0, 8.0, -2.0; 4
-5.0, 8.0, -2.0; 23
-4.0, 8.0, -2.0; 14
-3.0, 8.0, -2.0; 17
-2.0, 8.0, -2.0; 12
-1.0, 8.0, -2.0; 14
0.0, 8.0, -2.0; 32
1.0, 8.0, -2.0; 39
2.0, 8.0, -2.0; 50
3.0, 8.0, -2.0; 52
4.0, 8.0, -2.0; 80
5.0, 8.0, -2.0; 29
-5.0, 9.0, -2.0; 1
-4.0, 9.0, -2.0; 3
-3.0, 9.0, -2.0; 16
-2.0, 9.0, -2.0; 12
-1.0, 9.0, -2.0; 31
0.0, 9.0, -2.0; 40
1.0, 9.0, -2.0; 25
2.0, 9.0, -2.0; 34
3.0, 9.0, -2.0; 12
4.0, 9.0, -2.0; 1
-4.0, -10.0, -1.0; 12
-3.0, -10.0, -1.0; 19
-2.0, -10.0, -1.0; 13
-1.0, -10.0, -1.0; 19
0.0, -10.0, -1.0; 18
1.0, -10.0, -1.0; 17
2.0, -10.0, -1.0; 17
3.0, -10.0, -1.0; 10
-6.0, -9.0, -1.0; 8
-5.0, -9.0, -1.0; 15
-4.0, -9.0, -1.0; 14
-3.0, -9.0, -1.0; 7
-2.0, -9.0, -1.0; 8
-1.0, -9.0, -1.0; 9
0.0, -9.0, -1.0; 23
1.0, -9.0, -1.0; 27
2.0, -9.0, -1.0; 29
3.0, -9.0, -1.0; 16
4.0, -9.0, -1.0; 27
5.0, -9.0, -1.0; 19
-8.0, -8.0, -1.0; 1
-7.0, -8.0, -1.0; 30
-6.0, -8.0, -1.0; 27
-5.0, -8.0, -1.0; 16
-4.0, -8.0, -1.0; 6
-3.0, -8.0, -1.0; 4
-2.0, -8.0, -1.0; 2
-1.0, -8.0, -1.0; 9
0.0, -8.0, -1.0; 18
1.0, -8.0, -1.0; 46
2.0, -8.0, -1.0; 64
3.0, -8.0, -1.0; 30
4.0, -8.0, -1.0; 35
5.0, -8.0, -1.0; 55
6.0, -8.0, -1.0; 46
7.0, -8.0, -1.0; 3
-8.0, -7.0, -1.0; 38
-7.0, -7.0, -1.0; 37
-6.0, -7.0, -1.0; 11
-5.0, -7.0, -1.0; 4
-4.0, -7.0, -1.0; 3
-3.0, -7.0, -1.0; 1
-2.0, -7.0, -1.0; 1
-1.0, -7.0, -1.0; 3
0.0, -7.0, -1.0; 9
1.0, -7.0, -1.0; 45
2.0, -7.0, -1.0; 92
3.0, -7.0, -1.0; 103
4.0, -7.0, -1.0; 42
5.0, -7.0, -1.0; 39
6.0, -7.0, -1.0; 75
7.0, -7.0, -1.0; 57
-9.0, -6.0, -1.0; 24
-8.0, -6.0, -1.0; 56
-7.0, -6.0, -1.0; 22
-6.0, -6.0, -1.0; 6
-5.0, -6.0, -1.0; 1
-1.0, -6.0, -1.0; 2
0.0, -6.0, -1.0; 13
1.0, -6.0, -1.0; 23
2.0, -6.0, -1.0; 38
3.0, -6.0, -1.0; 66
4.0, -6.0, -1.0; 41
5.0, -6.0, -1.0; 36
6.0, -6.0, -1.0; 83
7.0, -6.0, -1.0; 145
8.0, -6.0, -1.0; 40
-9.0, -5.0, -1.0; 64
-8.0, -5.0, -1.0; 37
-7.0, -5.0, -1.0; 9
-6.0, -5.0, -1.0; 2
1.0, -5.0, -1.0; 9
2.0, -5.0, -1.0; 7
3.0, -5.0, -1.0; 14
4.0, -5.0, -1.0; 18
5.0, -5.0, -1.0; 25
6.0, -5.0, -1.0; 65
7.0, -5.0, -1.0; 151
8.0, -5.0, -1.0; 140
9.0, -5.0, -1.0; 4
-10.0, -4.0, -1.0; 23
-9.0, -4.0, -1.0; 53
-8.0, -4.0, -1.0; 28
-7.0, -4.0, -1.0; 4
-6.0, -4.0, -1.0; 1
2.0, -4.0, -1.0; 3
3.0, -4.0, -1.0; 5
4.0, -4.0, -1.0; 3
5.0, -4.0, -1.0; 16
6.0, -4.0, -1.0; 68
7.0, -4.0, -1.0; 122
8.0, -4.0, -1.0; 163
9.0, -4.0, -1.0; 54
-10.0, -3.0, -1.0; 41
-9.0, -3.0, -1.0; 28
-8.0, -3.0, -1.0; 12
-7.0, -3.0, -1.0; 1
-6.0, -3.0, -1.0; 1
4.0, -3.0, -1.0; 2
5.0, -3.0, -1.0; 5
6.0, -3.0, -1.0; 28
7.0, -3.0, -1.0; 116
8.0, -3.0, -1.0; 141
9.0, -3.0, -1.0; 114
-10.0, -2.0, -1.0; 39
-9.0, -2.0, -1.0; 27
-8.0, -2.0, -1.0; 9
-7.0, -2.0, -1.0; 3
-6.0, -2.0, -1.0; 1
5.0, -2.0, -1.0; 1
6.0, -2.0, -1.0; 16
7.0, -2.0, -1.0; 85
8.0, -2.0, -1.0; 174
9.0, -2.0, -1.0; 143
-10.0, -1.0, -1.0; 32
-9.0, -1.0, -1.0; 29
-8.0, -1.0, -1.0; 12
-7.0, -1.0, -1.0; 11
-6.0, -1.0, -1.0; 4
6.0, -1.0, -1.0; 1
7.0, -1.0, -1.0; 58
8.0, -1.0, -1.0; 168
9.0, -1.0, -1.0; 165
-10.0, 0.0, -1.0; 24
-9.0, 0.0, -1.0; 18
-8.0, 0.0, -1.0; 10
-7.0, 0.0, -1.0; 4
-6.0, 0.0, -1.0; 3
-5.0, 0.0, -1.0; 1
0.0, 0.0, -1.0; 1
6.0, 0.0, -1.0; 2
7.0, 0.0, -1.0; 83
8.0, 0.0, -1.0; 167
9.0, 0.0, -1.0; 186
-10.0, 1.0, -1.0; 25
-9.0, 1.0, -1.0; 12
-8.0, 1.0, -1.0; 10
-7.0, 1.0, -1.0; 5
-6.0, 1.0, -1.0; 6
-5.0, 1.0, -1.0; 3
6.0, 1.0, -1.0; 26
7.0, 1.0, -1.0; 110
8.0, 1.0, -1.0; 193
9.0, 1.0, -1.0; 162
-10.0, 2.0, -1.0; 24
-9.0, 2.0, -1.0; 11
-8.0, 2.0, -1.0; 4
-6.0, 2.0, -1.0; 1
-5.0, 2.0, -1.0; 5
4.0, 2.0, -1.0; 3
5.0, 2.0, -1.0; 25
6.0, 2.0, -1.0; 67
7.0, 2.0, -1.0; 115
8.0, 2.0, -1.0; 170
9.0, 2.0, -1.0; 112
-10.0, 3.0, -1.0; 14
-9.0, 3.0, -1.0; 18
-8.0, 3.0, -1.0; 10
-7.0, 3.0, -1.0; 3
-6.0, 3.0, -1.0; 4
-4.0, 3.0, -1.0; 1
2.0, 3.0, -1.0; 3
3.0, 3.0, -1.0; 13
4.0, 3.0, -1.0; 31
5.0, 3.0, -1.0; 75
6.0, 3.0, -1.0; 94
7.0, 3.0, -1.0; 143
8.0, 3.0, -1.0; 153
9.0, 3.0, -1.0; 62
-10.0, 4.0, -1.0; 1
-9.0, 4.0, -1.0; 21
-8.0, 4.0, -1.0; 13
-7.0, 4.0, -1.0; 4
-6.0, 4.0, -1.0; 3
-5.0, 4.0, -1.0; 5
0.0, 4.0, -1.0; 1
1.0, 4.0, -1.0; 19
2.0, 4.0, -1.0; 24
3.0, 4.0, -1.0; 36
4.0, 4.0, -1.0; 76
5.0, 4.0, -1.0; 113
6.0, 4.0, -1.0; 100
7.0, 4.0, -1.0; 145
8.0, 4.0, -1.0; 140
9.0, 4.0, -1.0; 4
-9.0, 5.0, -1.0; 7
-8.0, 5.0, -1.0; 13
-7.0, 5.0, -1.0; 17
-6.0, 5.0, -1.0; 9
-5.0, 5.0, -1.0; 1
-3.0, 5.0, -1.0; 3
-2.0, 5.0, -1.0; 4
-1.0, 5.0, -1.0; 6
0.0, 5.0, -1.0; 21
1.0, 5.0, -1.0; 61
2.0, 5.0, -1.0; 39
3.0, 5.0, -1.0; 57
4.0, 5.0, -1.0; 132
5.0, 5.0, -1.0; 118
6.0, 5.0, -1.0; 90
7.0, 5.0, -1.0; 109
8.0, 5.0, -1.0; 50
-8.0, 6.0, -1.0; 12
-7.0, 6.0, -1.0; 21
-6.0, 6.0, -1.0; 24
-5.0, 6.0, -1.0; 4
-4.0, 6.0, -1.0; 5
-3.0, 6.0, -1.0; 4
-2.0, 6.0, -1.0; 7
-1.0, 6.0, -1.0; 26
0.0, 6.0, -1.0; 26
1.0, 6.0, -1.0; 40
2.0, 6.0, -1.0; 44
3.0, 6.0, -1.0; 57
4.0, 6.0, -1.0; 105
5.0, 6.0, -1.0; 103
6.0, 6.0, -1.0; 114
7.0, 6.0, -1.0; 65
-7.0, 7.0, -1.0; 17
-6.0, 7.0, -1.0; 15
-5.0, 7.0, -1.0; 16
-4.0, 7.0, -1.0; 9
-3.0, 7.0, -1.0; 4
-2.0, 7.0, -1.0; 10
-1.0, 7.0, -1.0; 10
0.0, 7.0, -1.0; 15
1.0, 7.0, -1.0; 25
2.0, 7.0, -1.0; 45
3.0, 7.0, -1.0; 65
4.0, 7.0, -1.0; 84
5.0, 7.0, -1.0; 93
6.0, 7.0, -1.0; 59
7.0, 7.0, -1.0; 1
-6.0, 8.0, -1.0; 13
-5.0, 8.0, -1.0; 14
-4.0, 8.0, -1.0; 13
-3.0, 8.0, -1.0; 12
-2.0, 8.0, -1.0; 5
-1.0, 8.0, -1.0; 20
0.0, 8.0, -1.0; 16
1.0, 8.0, -1.0; 23
2.0, 8.0, -1.0; 37
3.0, 8.0, -1.0; 43
4.0, 8.0, -1.0; 66
5.0, 8.0, -1.0; 31
-4.0, 9.0, -1.0; 2
-3.0, 9.0, -1.0; 7
-2.0, 9.0, -1.0; 15
-1.0, 9.0, -1.0; 24
0.0, 9.0, -1.0; 31
1.0, 9.0, -1.0; 35
2.0, 9.0, -1.0; 24
3.0, 9.0, -1.0; 21
4.0, 9.0, -1.0; 2
-5.0, -10.0, 0.0; 2
-4.0, -10.0, 0.0; 15
-3.0, -10.0, 0.0; 23
-2.0, -10.0, 0.0; 35
-1.0, -10.0, 0.0; 27
0.0, -10.0, 0.0; 28
1.0, -10.0, 0.0; 23
2.0, -10.0, 0.0; 17
3.0, -10.0, 0.0; 16
4.0, -10.0, 0.0; 2
-6.0, -9.0, 0.0; 16
-5.0, -9.0, 0.0; 17
-4.0, -9.0, 0.0; 22
-3.0, -9.0, 0.0; 23
-2.0, -9.0, 0.0; 19
-1.0, -9.0, 0.0; 21
0.0, -9.0, 0.0; 20
1.0, -9.0, 0.0; 23
2.0, -9.0, 0.0; 18
3.0, -9.0, 0.0; 38
4.0, -9.0, 0.0; 35
5.0, -9.0, 0.0; 18
-8.0, -8.0, 0.0; 2
-7.0, -8.0, 0.0; 36
-6.0, -8.0, 0.0; 30
-5.0, -8.0, 0.0; 9
-4.0, -8.0, 0.0; 7
-3.0, -8.0, 0.0; 7
-2.0, -8.0, 0.0; 6
-1.0, -8.0, 0.0; 7
0.0, -8.0, 0.0; 21
1.0, -8.0, 0.0; 40
2.0, -8.0, 0.0; 34
3.0, -8.0, 0.0; 28
4.0, -8.0, 0.0; 40
5.0, -8.0, 0.0; 68
6.0, -8.0, 0.0; 32
7.0, -8.0, 0.0; 2
-8.0, -7.0, 0.0; 30
-7.0, -7.0, 0.0; 27
-6.0, -7.0, 0.0; 16
-5.0, -7.0, 0.0; 1
-4.0, -7.0, 0.0; 3
-3.0, -7.0, 0.0; 2
-2.0, -7.0, 0.0; 3
-1.0, -7.0, 0.0; 12
0.0, -7.0, 0.0; 11
1.0, -7.0, 0.0; 34
2.0, -7.0, 0.0; 63
3.0, -7.0, 0.0; 79
4.0, -7.0, 0.0; 45
5.0, -7.0, 0.0; 52
6.0, -7.0, 0.0; 90
7.0, -7.0, 0.0; 61
-9.0, -6.0, 0.0; 29
-8.0, -6.0, 0.0; 57
-7.0, -6.0, 0.0; 29
-6.0, -6.0, 0.0; 12
-5.0, -6.0, 0.0; 1
-3.0, -6.0, 0.0; 1
0.0, -6.0, 0.0; 9
1.0, -6.0, 0.0; 13
2.0, -6.0, 0.0; 20
3.0, -6.0, 0.0; 39
4.0, -6.0, 0.0; 35
5.0, -6.0, 0.0; 55
6.0, -6.0, 0.0; 84
7.0, -6.0, 0.0; 107
8.0, -6.0, 0.0; 36
-9.0, -5.0, 0.0; 67
-8.0, -5.0, 0.0; 43
-7.0, -5.0, 0.0; 14
-6.0, -5.0, 0.0; 1
0.0, -5.0, 0.0; 1
1.0, -5.0, 0.0; 13
2.0, -5.0, 0.0; 8
3.0, -5.0, 0.0; 12
4.0, -5.0, 0.0; 18
5.0, -5.0, 0.0; 49
6.0, -5.0, 0.0; 88
7.0, -5.0, 0.0; 128
8.0, -5.0, 0.0; 121
9.0, -5.0, 0.0; 4
-10.0, -4.0, 0.0; 24
-9.0, -4.0, 0.0; 55
-8.0, -4.0, 0.0; 25
-7.0, -4.0, 0.0; 4
-6.0, -4.0, 0.0; 4
1.0, -4.0, 0.0; 2
2.0, -4.0, 0.0; 1
3.0, -4.0, 0.0; 6
4.0, -4.0, 0.0; 7
5.0, -4.0, 0.0; 15
6.0, -4.0, 0.0; 73
7.0, -4.0, 0.0; 121
8.0, -4.0, 0.0; 154
9.0, -4.0, 0.0; 58
-10.0, -3.0, 0.0; 43
-9.0, -3.0, 0.0; 37
-8.0, -3.0, 0.0; 15
-7.0, -3.0, 0.0; 7
-6.0, -3.0, 0.0; 1
-5.0, -3.0, 0.0; 1
5.0, -3.0, 0.0; 12
6.0, -3.0, 0.0; 52
7.0, -3.0, 0.0; 101
8.0, -3.0, 0.0; 151
9.0, -3.0, 0.0; 102
-10.0, -2.0, 0.0; 42
-9.0, -2.0, 0.0; 30
-8.0, -2.0, 0.0; 12
-7.0, -2.0, 0.0; 4
-6.0, -2.0, 0.0; 3
4.0, -2.0, 0.0; 1
6.0, -2.0, 0.0; 23
7.0, -2.0, 0.0; 92
8.0, -2.0, 0.0; 182
9.0, -2.0, 0.0; 143
-10.0, -1.0, 0.0; 29
-9.0, -1.0, 0.0; 16
-8.0, -1.0, 0.0; 20
-7.0, -1.0, 0.0; 9
-5.0, -1.0, 0.0; 1
6.0, -1.0, 0.0; 6
7.0, -1.0, 0.0; 89
8.0, -1.0, 0.0; 140
9.0, -1.0, 0.0; 170
-10.0, 0.0, 0.0; 32
-9.0, 0.0, 0.0; 15
-8.0, 0.0, 0.0; 15
-7.0, 0.0, 0.0; 7
-6.0, 0.0, 0.0; 2
31.0
55.2192118227
