5.0, 0.0, 0.0; 1
6.0, 0.0, 0.0; 13
7.0, 0.0, 0.0; 188
8.0, 0.0, 0.0; 271
9.0, 0.0, 0.0; 236
-10.0, 1.0, 0.0; 52
-9.0, 1.0, 0.0; 42
-8.0, 1.0, 0.0; 24
-7.0, 1.0, 0.0; 6
-6.0, 1.0, 0.0; 6
-5.0, 1.0, 0.0; 3
4.0, 1.0, 0.0; 1
5.0, 1.0, 0.0; 5
6.0, 1.0, 0.0; 61
7.0, 1.0, 0.0; 213
8.0, 1.0, 0.0; 290
9.0, 1.0, 0.0; 201
-10.0, 2.0, 0.0; 41
-9.0, 2.0, 0.0; 32
-8.0, 2.0, 0.0; 14
-7.0, 2.0, 0.0; 9
-6.0, 2.0, 0.0; 4
-5.0, 2.0, 0.0; 2
4.0, 2.0, 0.0; 7
5.0, 2.0, 0.0; 48
6.0, 2.0, 0.0; 160
7.0, 2.0, 0.0; 251
8.0, 2.0, 0.0; 218
9.0, 2.0, 0.0; 226
-10.0, 3.0, 0.0; 24
-9.0, 3.0, 0.0; 48
-8.0, 3.0, 0.0; 23
-7.0, 3.0, 0.0; 10
-6.0, 3.0, 0.0; 3
-5.0, 3.0, 0.0; 3
2.0, 3.0, 0.0; 5
3.0, 3.0, 0.0; 30
4.0, 3.0, 0.0; 75
5.0, 3.0, 0.0; 116
6.0, 3.0, 0.0; 147
7.0, 3.0, 0.0; 176
8.0, 3.0, 0.0; 237
9.0, 3.0, 0.0; 118
-10.0, 4.0, 0.0; 1
-9.0, 4.0, 0.0; 48
-8.0, 4.0, 0.0; 27
-7.0, 4.0, 0.0; 12
-6.0, 4.0, 0.0; 4
-5.0, 4.0, 0.0; 1
-4.0, 4.0, 0.0; 6
-3.0, 4.0, 0.0; 4
1.0, 4.0, 0.0; 9
2.0, 4.0, 0.0; 53
3.0, 4.0, 0.0; 109
4.0, 4.0, 0.0; 172
5.0, 4.0, 0.0; 138
6.0, 4.0, 0.0; 155
7.0, 4.0, 0.0; 188
8.0, 4.0, 0.0; 232
9.0, 4.0, 0.0; 6
-9.0, 5.0, 0.0; 19
-8.0, 5.0, 0.0; 46
-7.0, 5.0, 0.0; 18
-6.0, 5.0, 0.0; 9
-5.0, 5.0, 0.0; 4
-4.0, 5.0, 0.0; 9
-3.0, 5.0, 0.0; 32
-2.0, 5.0, 0.0; 55
-1.0, 5.0, 0.0; 39
0.0, 5.0, 0.0; 48
1.0, 5.0, 0.0; 41
2.0, 5.0, 0.0; 62
3.0, 5.0, 0.0; 98
4.0, 5.0, 0.0; 192
5.0, 5.0, 0.0; 189
6.0, 5.0, 0.0; 221
7.0, 5.0, 0.0; 218
8.0, 5.0, 0.0; 68
-8.0, 6.0, 0.0; 18
-7.0, 6.0, 0.0; 34
-6.0, 6.0, 0.0; 24
-5.0, 6.0, 0.0; 13
-4.0, 6.0, 0.0; 2
-3.0, 6.0, 0.0; 9
-2.0, 6.0, 0.0; 20
-1.0, 6.0, 0.0; 17
0.0, 6.0, 0.0; 23
1.0, 6.0, 0.0; 29
2.0, 6.0, 0.0; 44
3.0, 6.0, 0.0; 145
4.0, 6.0, 0.0; 186
5.0, 6.0, 0.0; 201
6.0, 6.0, 0.0; 168
7.0, 6.0, 0.0; 108
-7.0, 7.0, 0.0; 30
-6.0, 7.0, 0.0; 38
-5.0, 7.0, 0.0; 15
-4.0, 7.0, 0.0; 21
-3.0, 7.0, 0.0; 6
-2.0, 7.0, 0.0; 14
-1.0, 7.0, 0.0; 5
0.0, 7.0, 0.0; 17
1.0, 7.0, 0.0; 13
2.0, 7.0, 0.0; 80
3.0, 7.0, 0.0; 119
4.0, 7.0, 0.0; 131
5.0, 7.0, 0.0; 147
6.0, 7.0, 0.0; 98
7.0, 7.0, 0.0; 1
-6.0, 8.0, 0.0; 10
-5.0, 8.0, 0.0; 26
-4.0, 8.0, 0.0; 19
-3.0, 8.0, 0.0; 22
-2.0, 8.0, 0.0; 20
-1.0, 8.0, 0.0; 24
0.0, 8.0, 0.0; 28
1.0, 8.0, 0.0; 42
2.0, 8.0, 0.0; 77
3.0, 8.0, 0.0; 100
4.0, 8.0, 0.0; 98
5.0, 8.0, 0.0; 47
-5.0, 9.0, 0.0; 1
-4.0, 9.0, 0.0; 10
-3.0, 9.0, 0.0; 5
-2.0, 9.0, 0.0; 17
-1.0, 9.0, 0.0; 34
0.0, 9.0, 0.0; 38
1.0, 9.0, 0.0; 44
2.0, 9.0, 0.0; 62
3.0, 9.0, 0.0; 31
4.0, 9.0, 0.0; 3
-5.0, -10.0, 1.0; 1
-4.0, -10.0, 1.0; 19
-3.0, -10.0, 1.0; 39
-2.0, -10.0, 1.0; 39
-1.0, -10.0, 1.0; 37
0.0, -10.0, 1.0; 66
1.0, -10.0, 1.0; 69
2.0, -10.0, 1.0; 51
3.0, -10.0, 1.0; 23
4.0, -10.0, 1.0; 1
-6.0, -9.0, 1.0; 42
-5.0, -9.0, 1.0; 71
-4.0, -9.0, 1.0; 83
-3.0, -9.0, 1.0; 57
-2.0, -9.0, 1.0; 30
-1.0, -9.0, 1.0; 48
0.0, -9.0, 1.0; 49
1.0, -9.0, 1.0; 69
2.0, -9.0, 1.0; 81
3.0, -9.0, 1.0; 89
4.0, -9.0, 1.0; 87
5.0, -9.0, 1.0; 26
-7.0, -8.0, 1.0; 39
-6.0, -8.0, 1.0; 83
-5.0, -8.0, 1.0; 60
-4.0, -8.0, 1.0; 37
-3.0, -8.0, 1.0; 24
-2.0, -8.0, 1.0; 24
-1.0, -8.0, 1.0; 29
0.0, -8.0, 1.0; 50
1.0, -8.0, 1.0; 58
2.0, -8.0, 1.0; 70
3.0, -8.0, 1.0; 85
4.0, -8.0, 1.0; 124
5.0, -8.0, 1.0; 147
6.0, -8.0, 1.0; 78
-8.0, -7.0, 1.0; 57
-7.0, -7.0, 1.0; 86
-6.0, -7.0, 1.0; 55
-5.0, -7.0, 1.0; 22
-4.0, -7.0, 1.0; 8
-3.0, -7.0, 1.0; 3
-2.0, -7.0, 1.0; 11
-1.0, -7.0, 1.0; 16
0.0, -7.0, 1.0; 19
1.0, -7.0, 1.0; 44
2.0, -7.0, 1.0; 89
3.0, -7.0, 1.0; 91
4.0, -7.0, 1.0; 102
5.0, -7.0, 1.0; 139
6.0, -7.0, 1.0; 177
7.0, -7.0, 1.0; 86
-9.0, -6.0, 1.0; 16
-8.0, -6.0, 1.0; 102
-7.0, -6.0, 1.0; 76
-6.0, -6.0, 1.0; 25
-5.0, -6.0, 1.0; 4
-4.0, -6.0, 1.0; 1
-3.0, -6.0, 1.0; 5
-2.0, -6.0, 1.0; 2
-1.0, -6.0, 1.0; 7
0.0, -6.0, 1.0; 22
1.0, -6.0, 1.0; 31
2.0, -6.0, 1.0; 63
3.0, -6.0, 1.0; 88
4.0, -6.0, 1.0; 106
5.0, -6.0, 1.0; 178
6.0, -6.0, 1.0; 227
7.0, -6.0, 1.0; 215
8.0, -6.0, 1.0; 46
-9.0, -5.0, 1.0; 98
-8.0, -5.0, 1.0; 84
-7.0, -5.0, 1.0; 40
-6.0, -5.0, 1.0; 9
-5.0, -5.0, 1.0; 1
-4.0, -5.0, 1.0; 1
0.0, -5.0, 1.0; 6
1.0, -5.0, 1.0; 25
2.0, -5.0, 1.0; 22
3.0, -5.0, 1.0; 32
4.0, -5.0, 1.0; 51
5.0, -5.0, 1.0; 107
6.0, -5.0, 1.0; 221
7.0, -5.0, 1.0; 230
8.0, -5.0, 1.0; 201
9.0, -5.0, 1.0; 1
-10.0, -4.0, 1.0; 40
-9.0, -4.0, 1.0; 111
-8.0, -4.0, 1.0; 66
-7.0, -4.0, 1.0; 26
-6.0, -4.0, 1.0; 3
1.0, -4.0, 1.0; 1
2.0, -4.0, 1.0; 11
3.0, -4.0, 1.0; 28
4.0, -4.0, 1.0; 33
5.0, -4.0, 1.0; 75
6.0, -4.0, 1.0; 138
7.0, -4.0, 1.0; 263
8.0, -4.0, 1.0; 257
9.0, -4.0, 1.0; 47
-10.0, -3.0, 1.0; 75
-9.0, -3.0, 1.0; 98
-8.0, -3.0, 1.0; 32
-7.0, -3.0, 1.0; 28
-6.0, -3.0, 1.0; 4
-5.0, -3.0, 1.0; 4
-4.0, -3.0, 1.0; 2
3.0, -3.0, 1.0; 2
4.0, -3.0, 1.0; 4
5.0, -3.0, 1.0; 39
6.0, -3.0, 1.0; 114
7.0, -3.0, 1.0; 222
8.0, -3.0, 1.0; 259
9.0, -3.0, 1.0; 147
-10.0, -2.0, 1.0; 75
-9.0, -2.0, 1.0; 56
-8.0, -2.0, 1.0; 22
-7.0, -2.0, 1.0; 27
-6.0, -2.0, 1.0; 3
-5.0, -2.0, 1.0; 3
5.0, -2.0, 1.0; 14
6.0, -2.0, 1.0; 69
7.0, -2.0, 1.0; 222
8.0, -2.0, 1.0; 264
9.0, -2.0, 1.0; 204
-10.0, -1.0, 1.0; 54
-9.0, -1.0, 1.0; 39
-8.0, -1.0, 1.0; 34
-7.0, -1.0, 1.0; 31
-6.0, -1.0, 1.0; 14
-5.0, -1.0, 1.0; 1
-1.0, -1.0, 1.0; 1
6.0, -1.0, 1.0; 34
7.0, -1.0, 1.0; 205
8.0, -1.0, 1.0; 268
9.0, -1.0, 1.0; 201
-10.0, 0.0, 1.0; 52
-9.0, 0.0, 1.0; 38
-8.0, 0.0, 1.0; 26
-7.0, 0.0, 1.0; 22
-6.0, 0.0, 1.0; 22
-5.0, 0.0, 1.0; 8
-4.0, 0.0, 1.0; 1
4.0, 0.0, 1.0; 1
5.0, 0.0, 1.0; 1
6.0, 0.0, 1.0; 47
7.0, 0.0, 1.0; 245
8.0, 0.0, 1.0; 288
9.0, 0.0, 1.0; 180
-10.0, 1.0, 1.0; 46
-9.0, 1.0, 1.0; 38
-8.0, 1.0, 1.0; 28
-7.0, 1.0, 1.0; 9
-6.0, 1.0, 1.0; 14
-5.0, 1.0, 1.0; 4
-4.0, 1.0, 1.0; 2
0.0, 1.0, 1.0; 1
5.0, 1.0, 1.0; 14
6.0, 1.0, 1.0; 103
7.0, 1.0, 1.0; 262
8.0, 1.0, 1.0; 223
9.0, 1.0, 1.0; 182
-10.0, 2.0, 1.0; 40
-9.0, 2.0, 1.0; 40
-8.0, 2.0, 1.0; 28
-7.0, 2.0, 1.0; 19
-6.0, 2.0, 1.0; 6
-5.0, 2.0, 1.0; 8
-2.0, 2.0, 1.0; 1
4.0, 2.0, 1.0; 9
5.0, 2.0, 1.0; 89
6.0, 2.0, 1.0; 141
7.0, 2.0, 1.0; 206
8.0, 2.0, 1.0; 209
9.0, 2.0, 1.0; 179
-10.0, 3.0, 1.0; 20
-9.0, 3.0, 1.0; 44
-8.0, 3.0, 1.0; 23
-7.0, 3.0, 1.0; 12
-6.0, 3.0, 1.0; 11
-5.0, 3.0, 1.0; 4
-4.0, 3.0, 1.0; 8
-3.0, 3.0, 1.0; 1
2.0, 3.0, 1.0; 18
3.0, 3.0, 1.0; 44
4.0, 3.0, 1.0; 106
5.0, 3.0, 1.0; 112
6.0, 3.0, 1.0; 141
7.0, 3.0, 1.0; 189
8.0, 3.0, 1.0; 214
9.0, 3.0, 1.0; 73
-10.0, 4.0, 1.0; 1
-9.0, 4.0, 1.0; 55
-8.0, 4.0, 1.0; 31
-7.0, 4.0, 1.0; 30
-6.0, 4.0, 1.0; 9
-5.0, 4.0, 1.0; 4
-4.0, 4.0, 1.0; 8
-3.0, 4.0, 1.0; 15
-2.0, 4.0, 1.0; 3
-1.0, 4.0, 1.0; 2
0.0, 4.0, 1.0; 3
1.0, 4.0, 1.0; 15
2.0, 4.0, 1.0; 70
3.0, 4.0, 1.0; 206
4.0, 4.0, 1.0; 190
5.0, 4.0, 1.0; 130
6.0, 4.0, 1.0; 183
7.0, 4.0, 1.0; 194
8.0, 4.0, 1.0; 169
9.0, 4.0, 1.0; 1
-9.0, 5.0, 1.0; 25
-8.0, 5.0, 1.0; 39
-7.0, 5.0, 1.0; 27
-6.0, 5.0, 1.0; 10
-5.0, 5.0, 1.0; 3
-4.0, 5.0, 1.0; 4
-3.0, 5.0, 1.0; 22
-2.0, 5.0, 1.0; 22
-1.0, 5.0, 1.0; 36
0.0, 5.0, 1.0; 36
1.0, 5.0, 1.0; 30
2.0, 5.0, 1.0; 40
3.0, 5.0, 1.0; 177
4.0, 5.0, 1.0; 235
5.0, 5.0, 1.0; 168
6.0, 5.0, 1.0; 209
7.0, 5.0, 1.0; 225
8.0, 5.0, 1.0; 49
-8.0, 6.0, 1.0; 28
-7.0, 6.0, 1.0; 31
-6.0, 6.0, 1.0; 19
-5.0, 6.0, 1.0; 10
-4.0, 6.0, 1.0; 8
-3.0, 6.0, 1.0; 7
-2.0, 6.0, 1.0; 9
-1.0, 6.0, 1.0; 10
0.0, 6.0, 1.0; 17
1.0, 6.0, 1.0; 15
2.0, 6.0, 1.0; 86
3.0, 6.0, 1.0; 149
4.0, 6.0, 1.0; 190
5.0, 6.0, 1.0; 168
6.0, 6.0, 1.0; 167
7.0, 6.0, 1.0; 80
-7.0, 7.0, 1.0; 14
-6.0, 7.0, 1.0; 25
-5.0, 7.0, 1.0; 8
-4.0, 7.0, 1.0; 11
-3.0, 7.0, 1.0; 8
-2.0, 7.0, 1.0; 11
-1.0, 7.0, 1.0; 16
0.0, 7.0, 1.0; 28
1.0, 7.0, 1.0; 33
2.0, 7.0, 1.0; 73
3.0, 7.0, 1.0; 112
4.0, 7.0, 1.0; 127
5.0, 7.0, 1.0; 185
6.0, 7.0, 1.0; 81
-6.0, 8.0, 1.0; 4
-5.0, 8.0, 1.0; 15
-4.0, 8.0, 1.0; 14
-3.0, 8.0, 1.0; 20
-2.0, 8.0, 1.0; 20
-1.0, 8.0, 1.0; 20
0.0, 8.0, 1.0; 15
1.0, 8.0, 1.0; 41
2.0, 8.0, 1.0; 79
3.0, 8.0, 1.0; 80
4.0, 8.0, 1.0; 101
5.0, 8.0, 1.0; 45
-4.0, 9.0, 1.0; 5
-3.0, 9.0, 1.0; 11
-2.0, 9.0, 1.0; 20
-1.0, 9.0, 1.0; 24
0.0, 9.0, 1.0; 29
1.0, 9.0, 1.0; 38
2.0, 9.0, 1.0; 35
3.0, 9.0, 1.0; 18
4.0, 9.0, 1.0; 1
-4.0, -10.0, 2.0; 8
-3.0, -10.0, 2.0; 21
-2.0, -10.0, 2.0; 52
-1.0, -10.0, 2.0; 70
0.0, -10.0, 2.0; 60
1.0, -10.0, 2.0; 65
2.0, -10.0, 2.0; 32
3.0, -10.0, 2.0; 7
-6.0, -9.0, 2.0; 11
-5.0, -9.0, 2.0; 73
-4.0, -9.0, 2.0; 103
-3.0, -9.0, 2.0; 88
-2.0, -9.0, 2.0; 94
-1.0, -9.0, 2.0; 80
0.0, -9.0, 2.0; 110
1.0, -9.0, 2.0; 114
2.0, -9.0, 2.0; 131
3.0, -9.0, 2.0; 157
4.0, -9.0, 2.0; 95
5.0, -9.0, 2.0; 13
-7.0, -8.0, 2.0; 22
-6.0, -8.0, 2.0; 97
-5.0, -8.0, 2.0; 81
-4.0, -8.0, 2.0; 68
-3.0, -8.0, 2.0; 50
-2.0, -8.0, 2.0; 52
-1.0, -8.0, 2.0; 67
0.0, -8.0, 2.0; 79
1.0, -8.0, 2.0; 120
2.0, -8.0, 2.0; 100
3.0, -8.0, 2.0; 172
4.0, -8.0, 2.0; 166
5.0, -8.0, 2.0; 166
6.0, -8.0, 2.0; 51
-8.0, -7.0, 2.0; 29
-7.0, -7.0, 2.0; 81
-6.0, -7.0, 2.0; 90
-5.0, -7.0, 2.0; 33
-4.0, -7.0, 2.0; 18
-3.0, -7.0, 2.0; 13
-2.0, -7.0, 2.0; 23
-1.0, -7.0, 2.0; 41
0.0, -7.0, 2.0; 75
1.0, -7.0, 2.0; 75
2.0, -7.0, 2.0; 99
3.0, -7.0, 2.0; 137
4.0, -7.0, 2.0; 151
5.0, -7.0, 2.0; 191
6.0, -7.0, 2.0; 177
7.0, -7.0, 2.0; 55
-9.0, -6.0, 2.0; 5
-8.0, -6.0, 2.0; 76
-7.0, -6.0, 2.0; 85
-6.0, -6.0, 2.0; 43
-5.0, -6.0, 2.0; 21
-4.0, -6.0, 2.0; 10
-3.0, -6.0, 2.0; 7
-2.0, -6.0, 2.0; 5
-1.0, -6.0, 2.0; 34
0.0, -6.0, 2.0; 65
1.0, -6.0, 2.0; 79
2.0, -6.0, 2.0; 85
3.0, -6.0, 2.0; 120
4.0, -6.0, 2.0; 216
5.0, -6.0, 2.0; 228
6.0, -6.0, 2.0; 220
7.0, -6.0, 2.0; 202
8.0, -6.0, 2.0; 15
-9.0, -5.0, 2.0; 73
-8.0, -5.0, 2.0; 133
-7.0, -5.0, 2.0; 62
-6.0, -5.0, 2.0; 28
-5.0, -5.0, 2.0; 6
-4.0, -5.0, 2.0; 3
-3.0, -5.0, 2.0; 2
-2.0, -5.0, 2.0; 5
-1.0, -5.0, 2.0; 4
0.0, -5.0, 2.0; 29
1.0, -5.0, 2.0; 34
2.0, -5.0, 2.0; 36
3.0, -5.0, 2.0; 48
4.0, -5.0, 2.0; 150
5.0, -5.0, 2.0; 201
6.0, -5.0, 2.0; 247
7.0, -5.0, 2.0; 249
8.0, -5.0, 2.0; 155
-10.0, -4.0, 2.0; 14
-9.0, -4.0, 2.0; 110
-8.0, -4.0, 2.0; 84
-7.0, -4.0, 2.0; 40
-6.0, -4.0, 2.0; 19
-5.0, -4.0, 2.0; 6
-4.0, -4.0, 2.0; 4
-3.0, -4.0, 2.0; 2
-2.0, -4.0, 2.0; 1
-1.0, -4.0, 2.0; 1
0.0, -4.0, 2.0; 3
1.0, -4.0, 2.0; 26
2.0, -4.0, 2.0; 33
3.0, -4.0, 2.0; 46
4.0, -4.0, 2.0; 97
5.0, -4.0, 2.0; 115
6.0, -4.0, 2.0; 206
7.0, -4.0, 2.0; 257
8.0, -4.0, 2.0; 221
9.0, -4.0, 2.0; 22
-10.0, -3.0, 2.0; 50
-9.0, -3.0, 2.0; 108
-8.0, -3.0, 2.0; 54
-7.0, -3.0, 2.0; 26
-6.0, -3.0, 2.0; 15
-5.0, -3.0, 2.0; 7
-3.0, -3.0, 2.0; 1
-1.0, -3.0, 2.0; 1
0.0, -3.0, 2.0; 1
1.0, -3.0, 2.0; 2
2.0, -3.0, 2.0; 7
3.0, -3.0, 2.0; 16
4.0, -3.0, 2.0; 41
5.0, -3.0, 2.0; 70
6.0, -3.0, 2.0; 178
7.0, -3.0, 2.0; 288
8.0, -3.0, 2.0; 238
9.0, -3.0, 2.0; 101
-10.0, -2.0, 2.0; 68
-9.0, -2.0, 2.0; 64
-8.0, -2.0, 2.0; 36
-7.0, -2.0, 2.0; 43
-6.0, -2.0, 2.0; 49
-5.0, -2.0, 2.0; 10
-4.0, -2.0, 2.0; 2
-2.0, -2.0, 2.0; 1
3.0, -2.0, 2.0; 2
4.0, -2.0, 2.0; 5
5.0, -2.0, 2.0; 30
6.0, -2.0, 2.0; 154
7.0, -2.0, 2.0; 261
8.0, -2.0, 2.0; 213
9.0, -2.0, 2.0; 152
-10.0, -1.0, 2.0; 56
-9.0, -1.0, 2.0; 47
-8.0, -1.0, 2.0; 30
-7.0, -1.0, 2.0; 39
-6.0, -1.0, 2.0; 65
-5.0, -1.0, 2.0; 18
-4.0, -1.0, 2.0; 6
4.0, -1.0, 2.0; 2
5.0, -1.0, 2.0; 27
6.0, -1.0, 2.0; 114
7.0, -1.0, 2.0; 274
8.0, -1.0, 2.0; 216
9.0, -1.0, 2.0; 179
-10.0, 0.0, 2.0; 43
-9.0, 0.0, 2.0; 52
-8.0, 0.0, 2.0; 21
-7.0, 0.0, 2.0; 11
-6.0, 0.0, 2.0; 42
-5.0, 0.0, 2.0; 30
-4.0, 0.0, 2.0; 8
3.0, 0.0, 2.0; 1
4.0, 0.0, 2.0; 1
5.0, 0.0, 2.0; 10
6.0, 0.0, 2.0; 124
7.0, 0.0, 2.0; 251
8.0, 0.0, 2.0; 201
9.0, 0.0, 2.0; 158
-10.0, 1.0, 2.0; 28
-9.0, 1.0, 2.0; 47
-8.0, 1.0, 2.0; 24
-7.0, 1.0, 2.0; 18
-6.0, 1.0, 2.0; 12
-5.0, 1.0, 2.0; 17
-4.0, 1.0, 2.0; 8
-3.0, 1.0, 2.0; 2
3.0, 1.0, 2.0; 1
4.0, 1.0, 2.0; 9
5.0, 1.0, 2.0; 32
6.0, 1.0, 2.0; 153
7.0, 1.0, 2.0; 224
8.0, 1.0, 2.0; 211
9.0, 1.0, 2.0; 132
-10.0, 2.0, 2.0; 37
-9.0, 2.0, 2.0; 47
-8.0, 2.0, 2.0; 30
-7.0, 2.0, 2.0; 13
-6.0, 2.0, 2.0; 8
-5.0, 2.0, 2.0; 14
-4.0, 2.0, 2.0; 23
-3.0, 2.0, 2.0; 2
-2.0, 2.0, 2.0; 1
1.0, 2.0, 2.0; 1
2.0, 2.0, 2.0; 4
3.0, 2.0, 2.0; 13
4.0, 2.0, 2.0; 42
5.0, 2.0, 2.0; 120
6.0, 2.0, 2.0; 168
7.0, 2.0, 2.0; 182
8.0, 2.0, 2.0; 210
9.0, 2.0, 2.0; 103
-10.0, 3.0, 2.0; 4
-9.0, 3.0, 2.0; 50
-8.0, 3.0, 2.0; 30
-7.0, 3.0, 2.0; 18
-6.0, 3.0, 2.0; 9
-5.0, 3.0, 2.0; 4
-4.0, 3.0, 2.0; 26
-3.0, 3.0, 2.0; 11
-2.0, 3.0, 2.0; 3
-1.0, 3.0, 2.0; 1
0.0, 3.0, 2.0; 4
1.0, 3.0, 2.0; 28
2.0, 3.0, 2.0; 69
3.0, 3.0, 2.0; 102
4.0, 3.0, 2.0; 127
5.0, 3.0, 2.0; 142
6.0, 3.0, 2.0; 184
7.0, 3.0, 2.0; 195
8.0, 3.0, 2.0; 229
9.0, 3.0, 2.0; 9
-9.0, 4.0, 2.0; 60
-8.0, 4.0, 2.0; 30
-7.0, 4.0, 2.0; 18
-6.0, 4.0, 2.0; 18
-5.0, 4.0, 2.0; 9
-4.0, 4.0, 2.0; 5
-3.0, 4.0, 2.0; 18
-2.0, 4.0, 2.0; 15
-1.0, 4.0, 2.0; 12
0.0, 4.0, 2.0; 25
1.0, 4.0, 2.0; 32
2.0, 4.0, 2.0; 128
3.0, 4.0, 2.0; 250
4.0, 4.0, 2.0; 191
5.0, 4.0, 2.0; 158
6.0, 4.0, 2.0; 163
7.0, 4.0, 2.0; 229
8.0, 4.0, 2.0; 121
-9.0, 5.0, 2.0; 48
-8.0, 5.0, 2.0; 423
-7.0, 5.0, 2.0; 24
-6.0, 5.0, 2.0; 15
-5.0, 5.0, 2.0; 5
-4.0, 5.0, 2.0; 6
-3.0, 5.0, 2.0; 9
-2.0, 5.0, 2.0; 17
-1.0, 5.0, 2.0; 20
0.0, 5.0, 2.0; 17
1.0, 5.0, 2.0; 51
2.0, 5.0, 2.0; 238
3.0, 5.0, 2.0; 435
4.0, 5.0, 2.0; 227
5.0, 5.0, 2.0; 178
6.0, 5.0, 2.0; 194
7.0, 5.0, 2.0; 186
8.0, 5.0, 2.0; 19
-8.0, 6.0, 2.0; 112
-7.0, 6.0, 2.0; 71
-6.0, 6.0, 2.0; 30
-5.0, 6.0, 2.0; 9
-4.0, 6.0, 2.0; 8
-3.0, 6.0, 2.0; 6
-2.0, 6.0, 2.0; 5
-1.0, 6.0, 2.0; 14
0.0, 6.0, 2.0; 28
1.0, 6.0, 2.0; 56
2.0, 6.0, 2.0; 155
3.0, 6.0, 2.0; 211
4.0, 6.0, 2.0; 186
5.0, 6.0, 2.0; 177
6.0, 6.0, 2.0; 157
7.0, 6.0, 2.0; 51
-7.0, 7.0, 2.0; 9
-6.0, 7.0, 2.0; 20
-5.0, 7.0, 2.0; 19
-4.0, 7.0, 2.0; 9
-3.0, 7.0, 2.0; 13
-2.0, 7.0, 2.0; 14
-1.0, 7.0, 2.0; 25
0.0, 7.0, 2.0; 32
1.0, 7.0, 2.0; 42
2.0, 7.0, 2.0; 80
3.0, 7.0, 2.0; 110
4.0, 7.0, 2.0; 131
5.0, 7.0, 2.0; 137
6.0, 7.0, 2.0; 31
-6.0, 8.0, 2.0; 1
-5.0, 8.0, 2.0; 14
-4.0, 8.0, 2.0; 22
-3.0, 8.0, 2.0; 20
-2.0, 8.0, 2.0; 19
-1.0, 8.0, 2.0; 14
0.0, 8.0, 2.0; 25
1.0, 8.0, 2.0; 46
2.0, 8.0, 2.0; 71
3.0, 8.0, 2.0; 114
4.0, 8.0, 2.0; 96
5.0, 8.0, 2.0; 17
-4.0, 9.0, 2.0; 1
-3.0, 9.0, 2.0; 6
-2.0, 9.0, 2.0; 11
-1.0, 9.0, 2.0; 19
0.0, 9.0, 2.0; 29
1.0, 9.0, 2.0; 30
2.0, 9.0, 2.0; 43
3.0, 9.0, 2.0; 6
-3.0, -10.0, 3.0; 3
-2.0, -10.0, 3.0; 17
-1.0, -10.0, 3.0; 41
0.0, -10.0, 3.0; 38
1.0, -10.0, 3.0; 31
2.0, -10.0, 3.0; 12
-5.0, -9.0, 3.0; 22
-4.0, -9.0, 3.0; 73
-3.0, -9.0, 3.0; 110
-2.0, -9.0, 3.0; 124
-1.0, -9.0, 3.0; 146
0.0, -9.0, 3.0; 142
1.0, -9.0, 3.0; 150
2.0, -9.0, 3.0; 182
3.0, -9.0, 3.0; 127
4.0, -9.0, 3.0; 47
-7.0, -8.0, 3.0; 3
-6.0, -8.0, 3.0; 46
-5.0, -8.0, 3.0; 112
-4.0, -8.0, 3.0; 138
-3.0, -8.0, 3.0; 132
-2.0, -8.0, 3.0; 129
-1.0, -8.0, 3.0; 199
0.0, -8.0, 3.0; 229
1.0, -8.0, 3.0; 180
2.0, -8.0, 3.0; 207
3.0, -8.0, 3.0; 225
4.0, -8.0, 3.0; 207
5.0, -8.0, 3.0; 134
6.0, -8.0, 3.0; 7
-8.0, -7.0, 3.0; 3
-7.0, -7.0, 3.0; 80
-6.0, -7.0, 3.0; 127
-5.0, -7.0, 3.0; 124
-4.0, -7.0, 3.0; 63
-3.0, -7.0, 3.0; 54
-2.0, -7.0, 3.0; 74
-1.0, -7.0, 3.0; 118
0.0, -7.0, 3.0; 157
1.0, -7.0, 3.0; 141
2.0, -7.0, 3.0; 156
3.0, -7.0, 3.0; 193
4.0, -7.0, 3.0; 222
5.0, -7.0, 3.0; 212
6.0, -7.0, 3.0; 181
7.0, -7.0, 3.0; 6
-8.0, -6.0, 3.0; 62
-7.0, -6.0, 3.0; 151
-6.0, -6.0, 3.0; 120
-5.0, -6.0, 3.0; 56
-4.0, -6.0, 3.0; 29
-3.0, -6.0, 3.0; 27
-2.0, -6.0, 3.0; 44
-1.0, -6.0, 3.0; 78
0.0, -6.0, 3.0; 184
1.0, -6.0, 3.0; 129
2.0, -6.0, 3.0; 97
3.0, -6.0, 3.0; 189
4.0, -6.0, 3.0; 257
5.0, -6.0, 3.0; 249
6.0, -6.0, 3.0; 221
7.0, -6.0, 3.0; 128
-9.0, -5.0, 3.0; 25
-8.0, -5.0, 3.0; 132
-7.0, -5.0, 3.0; 136
-6.0, -5.0, 3.0; 79
-5.0, -5.0, 3.0; 38
-4.0, -5.0, 3.0; 19
-3.0, -5.0, 3.0; 20
-2.0, -5.0, 3.0; 19
-1.0, -5.0, 3.0; 34
0.0, -5.0, 3.0; 77
1.0, -5.0, 3.0; 88
2.0, -5.0, 3.0; 48
3.0, -5.0, 3.0; 171
4.0, -5.0, 3.0; 265
5.0, -5.0, 3.0; 261
6.0, -5.0, 3.0; 210
7.0, -5.0, 3.0; 241
8.0, -5.0, 3.0; 65
-9.0, -4.0, 3.0; 95
-8.0, -4.0, 3.0; 113
-7.0, -4.0, 3.0; 62
-6.0, -4.0, 3.0; 43
-5.0, -4.0, 3.0; 58
-4.0, -4.0, 3.0; 23
-3.0, -4.0, 3.0; 17
-2.0, -4.0, 3.0; 11
-1.0, -4.0, 3.0; 12
0.0, -4.0, 3.0; 22
1.0, -4.0, 3.0; 44
2.0, -4.0, 3.0; 52
3.0, -4.0, 3.0; 123
4.0, -4.0, 3.0; 172
5.0, -4.0, 3.0; 191
6.0, -4.0, 3.0; 271
7.0, -4.0, 3.0; 238
8.0, -4.0, 3.0; 183
-10.0, -3.0, 3.0; 5
-9.0, -3.0, 3.0; 113
-8.0, -3.0, 3.0; 75
-7.0, -3.0, 3.0; 38
-6.0, -3.0, 3.0; 79
-5.0, -3.0, 3.0; 185
-4.0, -3.0, 3.0; 128
-3.0, -3.0, 3.0; 20
-2.0, -3.0, 3.0; 10
-1.0, -3.0, 3.0; 5
0.0, -3.0, 3.0; 5
1.0, -3.0, 3.0; 19
2.0, -3.0, 3.0; 48
3.0, -3.0, 3.0; 98
4.0, -3.0, 3.0; 117
5.0, -3.0, 3.0; 120
6.0, -3.0, 3.0; 248
7.0, -3.0, 3.0; 240
8.0, -3.0, 3.0; 255
9.0, -3.0, 3.0; 11
-10.0, -2.0, 3.0; 29
-9.0, -2.0, 3.0; 74
-8.0, -2.0, 3.0; 42
-7.0, -2.0, 3.0; 17
-6.0, -2.0, 3.0; 173
-5.0, -2.0, 3.0; 266
-4.0, -2.0, 3.0; 78
-3.0, -2.0, 3.0; 9
-2.0, -2.0, 3.0; 7
-1.0, -2.0, 3.0; 10
0.0, -2.0, 3.0; 3
1.0, -2.0, 3.0; 13
2.0, -2.0, 3.0; 26
3.0, -2.0, 3.0; 36
4.0, -2.0, 3.0; 30
5.0, -2.0, 3.0; 97
6.0, -2.0, 3.0; 258
7.0, -2.0, 3.0; 245
8.0, -2.0, 3.0; 245
9.0, -2.0, 3.0; 61
-10.0, -1.0, 3.0; 34
-9.0, -1.0, 3.0; 62
-8.0, -1.0, 3.0; 40
-7.0, -1.0, 3.0; 23
-6.0, -1.0, 3.0; 86
-5.0, -1.0, 3.0; 134
-4.0, -1.0, 3.0; 88
-3.0, -1.0, 3.0; 57
-2.0, -1.0, 3.0; 15
-1.0, -1.0, 3.0; 2
0.0, -1.0, 3.0; 6
1.0, -1.0, 3.0; 27
2.0, -1.0, 3.0; 46
3.0, -1.0, 3.0; 6
4.0, -1.0, 3.0; 17
5.0, -1.0, 3.0; 73
6.0, -1.0, 3.0; 233
7.0, -1.0, 3.0; 230
8.0, -1.0, 3.0; 211
9.0, -1.0, 3.0; 93
-10.0, 0.0, 3.0; 29
-9.0, 0.0, 3.0; 69
-8.0, 0.0, 3.0; 37
-7.0, 0.0, 3.0; 16
-6.0, 0.0, 3.0; 16
-5.0, 0.0, 3.0; 41
-4.0, 0.0, 3.0; 80
-3.0, 0.0, 3.0; 96
-2.0, 0.0, 3.0; 38
-1.0, 0.0, 3.0; 1
0.0, 0.0, 3.0; 2
1.0, 0.0, 3.0; 1
2.0, 0.0, 3.0; 2
3.0, 0.0, 3.0; 4
4.0, 0.0, 3.0; 7
5.0, 0.0, 3.0; 92
6.0, 0.0, 3.0; 226
7.0, 0.0, 3.0; 212
8.0, 0.0, 3.0; 205
9.0, 0.0, 3.0; 106
-10.0, 1.0, 3.0; 16
-9.0, 1.0, 3.0; 52
-8.0, 1.0, 3.0; 36
-7.0, 1.0, 3.0; 39
-6.0, 1.0, 3.0; 15
-5.0, 1.0, 3.0; 15
-4.0, 1.0, 3.0; 25
-3.0, 1.0, 3.0; 50
-2.0, 1.0, 3.0; 12
-1.0, 1.0, 3.0; 6
0.0, 1.0, 3.0; 1
1.0, 1.0, 3.0; 2
2.0, 1.0, 3.0; 5
3.0, 1.0, 3.0; 14
4.0, 1.0, 3.0; 39
5.0, 1.0, 3.0; 132
6.0, 1.0, 3.0; 175
7.0, 1.0, 3.0; 216
8.0, 1.0, 3.0; 224
9.0, 1.0, 3.0; 55
-10.0, 2.0, 3.0; 3
-9.0, 2.0, 3.0; 66
-8.0, 2.0, 3.0; 36
-7.0, 2.0, 3.0; 18
-6.0, 2.0, 3.0; 8
-5.0, 2.0, 3.0; 9
-4.0, 2.0, 3.0; 8
-3.0, 2.0, 3.0; 22
-2.0, 2.0, 3.0; 15
-1.0, 2.0, 3.0; 12
0.0, 2.0, 3.0; 5
1.0, 2.0, 3.0; 12
2.0, 2.0, 3.0; 49
3.0, 2.0, 3.0; 38
4.0, 2.0, 3.0; 126
5.0, 2.0, 3.0; 186
6.0, 2.0, 3.0; 157
7.0, 2.0, 3.0; 185
8.0, 2.0, 3.0; 226
9.0, 2.0, 3.0; 18
-9.0, 3.0, 3.0; 52
-8.0, 3.0, 3.0; 36
-7.0, 3.0, 3.0; 25
-6.0, 3.0, 3.0; 20
-5.0, 3.0, 3.0; 6
-4.0, 3.0, 3.0; 10
-3.0, 3.0, 3.0; 13
-2.0, 3.0, 3.0; 21
-1.0, 3.0, 3.0; 35
0.0, 3.0, 3.0; 39
1.0, 3.0, 3.0; 64
2.0, 3.0, 3.0; 101
3.0, 3.0, 3.0; 110
4.0, 3.0, 3.0; 215
5.0, 3.0, 3.0; 172
6.0, 3.0, 3.0; 174
7.0, 3.0, 3.0; 200
8.0, 3.0, 3.0; 153
-9.0, 4.0, 3.0; 38
-8.0, 4.0, 3.0; 149
-7.0, 4.0, 3.0; 31
-6.0, 4.0, 3.0; 19
-5.0, 4.0, 3.0; 13
-4.0, 4.0, 3.0; 7
-3.0, 4.0, 3.0; 11
-2.0, 4.0, 3.0; 27
-1.0, 4.0, 3.0; 37
0.0, 4.0, 3.0; 33
1.0, 4.0, 3.0; 80
2.0, 4.0, 3.0; 234
3.0, 4.0, 3.0; 267
4.0, 4.0, 3.0; 204
5.0, 4.0, 3.0; 173
6.0, 4.0, 3.0; 189
7.0, 4.0, 3.0; 195
8.0, 4.0, 3.0; 54
-9.0, 5.0, 3.0; 1
-8.0, 5.0, 3.0; 1529
-7.0, 5.0, 3.0; 382
-6.0, 5.0, 3.0; 20
-5.0, 5.0, 3.0; 15
-4.0, 5.0, 3.0; 7
-3.0, 5.0, 3.0; 5
-2.0, 5.0, 3.0; 8
-1.0, 5.0, 3.0; 21
0.0, 5.0, 3.0; 67
1.0, 5.0, 3.0; 469
2.0, 5.0, 3.0; 900
3.0, 5.0, 3.0; 415
4.0, 5.0, 3.0; 216
5.0, 5.0, 3.0; 154
6.0, 5.0, 3.0; 187
7.0, 5.0, 3.0; 113
-8.0, 6.0, 3.0; 116
-7.0, 6.0, 3.0; 504
-6.0, 6.0, 3.0; 31
-5.0, 6.0, 3.0; 19
-4.0, 6.0, 3.0; 15
-3.0, 6.0, 3.0; 14
-2.0, 6.0, 3.0; 13
-1.0, 6.0, 3.0; 31
0.0, 6.0, 3.0; 77
1.0, 6.0, 3.0; 198
2.0, 6.0, 3.0; 204
3.0, 6.0, 3.0; 191
4.0, 6.0, 3.0; 135
5.0, 6.0, 3.0; 161
6.0, 6.0, 3.0; 131
7.0, 6.0, 3.0; 10
-7.0, 7.0, 3.0; 2
-6.0, 7.0, 3.0; 29
-5.0, 7.0, 3.0; 32
-4.0, 7.0, 3.0; 20
-3.0, 7.0, 3.0; 13
-2.0, 7.0, 3.0; 28
-1.0, 7.0, 3.0; 20
0.0, 7.0, 3.0; 46
1.0, 7.0, 3.0; 47
2.0, 7.0, 3.0; 79
3.0, 7.0, 3.0; 92
4.0, 7.0, 3.0; 137
5.0, 7.0, 3.0; 101
6.0, 7.0, 3.0; 7
-5.0, 8.0, 3.0; 3
-4.0, 8.0, 3.0; 17
-3.0, 8.0, 3.0; 22
-2.0, 8.0, 3.0; 22
-1.0, 8.0, 3.0; 27
0.0, 8.0, 3.0; 36
1.0, 8.0, 3.0; 78
2.0, 8.0, 3.0; 111
3.0, 8.0, 3.0; 93
4.0, 8.0, 3.0; 28
-3.0, 9.0, 3.0; 2
-2.0, 9.0, 3.0; 12
-1.0, 9.0, 3.0; 13
0.0, 9.0, 3.0; 19
1.0, 9.0, 3.0; 14
2.0, 9.0, 3.0; 11
-1.0, -10.0, 4.0; 1
0.0, -10.0, 4.0; 2
1.0, -10.0, 4.0; 2
-5.0, -9.0, 4.0; 2
-4.0, -9.0, 4.0; 26
-3.0, -9.0, 4.0; 71
-2.0, -9.0, 4.0; 125
-1.0, -9.0, 4.0; 107
0.0, -9.0, 4.0; 116
1.0, -9.0, 4.0; 110
2.0, -9.0, 4.0; 110
3.0, -9.0, 4.0; 48
4.0, -9.0, 4.0; 2
-6.0, -8.0, 4.0; 11
-5.0, -8.0, 4.0; 70
-4.0, -8.0, 4.0; 190
-3.0, -8.0, 4.0; 294
-2.0, -8.0, 4.0; 362
-1.0, -8.0, 4.0; 355
0.0, -8.0, 4.0; 278
1.0, -8.0, 4.0; 232
2.0, -8.0, 4.0; 248
3.0, -8.0, 4.0; 203
4.0, -8.0, 4.0; 136
5.0, -8.0, 4.0; 34
-7.0, -7.0, 4.0; 23
-6.0, -7.0, 4.0; 101
-5.0, -7.0, 4.0; 235
-4.0, -7.0, 4.0; 317
-3.0, -7.0, 4.0; 250
-2.0, -7.0, 4.0; 235
-1.0, -7.0, 4.0; 216
0.0, -7.0, 4.0; 229
1.0, -7.0, 4.0; 223
2.0, -7.0, 4.0; 219
3.0, -7.0, 4.0; 220
4.0, -7.0, 4.0; 260
5.0, -7.0, 4.0; 187
6.0, -7.0, 4.0; 53
-8.0, -6.0, 4.0; 15
-7.0, -6.0, 4.0; 110
-6.0, -6.0, 4.0; 266
-5.0, -6.0, 4.0; 271
-4.0, -6.0, 4.0; 106
-3.0, -6.0, 4.0; 88
-2.0, -6.0, 4.0; 129
-1.0, -6.0, 4.0; 180
0.0, -6.0, 4.0; 182
1.0, -6.0, 4.0; 173
2.0, -6.0, 4.0; 235
3.0, -6.0, 4.0; 265
4.0, -6.0, 4.0; 253
5.0, -6.0, 4.0; 206
6.0, -6.0, 4.0; 233
7.0, -6.0, 4.0; 33
-9.0, -5.0, 4.0; 1
-8.0, -5.0, 4.0; 98
-7.0, -5.0, 4.0; 181
-6.0, -5.0, 4.0; 167
-5.0, -5.0, 4.0; 98
-4.0, -5.0, 4.0; 89
-3.0, -5.0, 4.0; 165
-2.0, -5.0, 4.0; 186
-1.0, -5.0, 4.0; 138
0.0, -5.0, 4.0; 114
1.0, -5.0, 4.0; 104
2.0, -5.0, 4.0; 165
3.0, -5.0, 4.0; 240
4.0, -5.0, 4.0; 287
5.0, -5.0, 4.0; 268
6.0, -5.0, 4.0; 269
7.0, -5.0, 4.0; 173
8.0, -5.0, 4.0; 2
-9.0, -4.0, 4.0; 30
-8.0, -4.0, 4.0; 135
-7.0, -4.0, 4.0; 98
-6.0, -4.0, 4.0; 67
-5.0, -4.0, 4.0; 97
-4.0, -4.0, 4.0; 406
-3.0, -4.0, 4.0; 460
-2.0, -4.0, 4.0; 149
-1.0, -4.0, 4.0; 140
0.0, -4.0, 4.0; 276
1.0, -4.0, 4.0; 104
2.0, -4.0, 4.0; 127
3.0, -4.0, 4.0; 262
4.0, -4.0, 4.0; 226
5.0, -4.0, 4.0; 217
6.0, -4.0, 4.0; 282
7.0, -4.0, 4.0; 269
8.0, -4.0, 4.0; 72
-9.0, -3.0, 4.0; 68
-8.0, -3.0, 4.0; 78
-7.0, -3.0, 4.0; 57
-6.0, -3.0, 4.0; 34
-5.0, -3.0, 4.0; 276
-4.0, -3.0, 4.0; 869
-3.0, -3.0, 4.0; 313
-2.0, -3.0, 4.0; 68
-1.0, -3.0, 4.0; 72
0.0, -3.0, 4.0; 95
1.0, -3.0, 4.0; 68
2.0, -3.0, 4.0; 88
3.0, -3.0, 4.0; 164
4.0, -3.0, 4.0; 147
5.0, -3.0, 4.0; 209
6.0, -3.0, 4.0; 290
7.0, -3.0, 4.0; 270
8.0, -3.0, 4.0; 153
-9.0, -2.0, 4.0; 65
-8.0, -2.0, 4.0; 75
-7.0, -2.0, 4.0; 32
-6.0, -2.0, 4.0; 30
-5.0, -2.0, 4.0; 228
-4.0, -2.0, 4.0; 358
-3.0, -2.0, 4.0; 138
-2.0, -2.0, 4.0; 322
-1.0, -2.0, 4.0; 804
0.0, -2.0, 4.0; 593
1.0, -2.0, 4.0; 67
2.0, -2.0, 4.0; 44
3.0, -2.0, 4.0; 79
4.0, -2.0, 4.0; 119
5.0, -2.0, 4.0; 201
6.0, -2.0, 4.0; 321
7.0, -2.0, 4.0; 248
8.0, -2.0, 4.0; 213
9.0, -2.0, 4.0; 3
-10.0, -1.0, 4.0; 6
-9.0, -1.0, 4.0; 54
-8.0, -1.0, 4.0; 60
-7.0, -1.0, 4.0; 38
-6.0, -1.0, 4.0; 19
-5.0, -1.0, 4.0; 68
-4.0, -1.0, 4.0; 184
-3.0, -1.0, 4.0; 296
-2.0, -1.0, 4.0; 871
-1.0, -1.0, 4.0; 2329
0.0, -1.0, 4.0; 1311
1.0, -1.0, 4.0; 113
2.0, -1.0, 4.0; 26
3.0, -1.0, 4.0; 33
4.0, -1.0, 4.0; 89
5.0, -1.0, 4.0; 239
6.0, -1.0, 4.0; 274
7.0, -1.0, 4.0; 199
8.0, -1.0, 4.0; 236
9.0, -1.0, 4.0; 6
-10.0, 0.0, 4.0; 4
-9.0, 0.0, 4.0; 54
-8.0, 0.0, 4.0; 43
-7.0, 0.0, 4.0; 31
-6.0, 0.0, 4.0; 20
-5.0, 0.0, 4.0; 22
-4.0, 0.0, 4.0; 50
-3.0, 0.0, 4.0; 126
-2.0, 0.0, 4.0; 309
-1.0, 0.0, 4.0; 262
0.0, 0.0, 4.0; 88
1.0, 0.0, 4.0; 45
2.0, 0.0, 4.0; 26
3.0, 0.0, 4.0; 45
4.0, 0.0, 4.0; 77
5.0, 0.0, 4.0; 211
6.0, 0.0, 4.0; 252
7.0, 0.0, 4.0; 209
8.0, 0.0, 4.0; 187
9.0, 0.0, 4.0; 6
-9.0, 1.0, 4.0; 57
-8.0, 1.0, 4.0; 43
-7.0, 1.0, 4.0; 35
-6.0, 1.0, 4.0; 26
-5.0, 1.0, 4.0; 22
-4.0, 1.0, 4.0; 29
-3.0, 1.0, 4.0; 52
-2.0, 1.0, 4.0; 52
-1.0, 1.0, 4.0; 40
0.0, 1.0, 4.0; 33
1.0, 1.0, 4.0; 45
2.0, 1.0, 4.0; 36
3.0, 1.0, 4.0; 65
4.0, 1.0, 4.0; 127
5.0, 1.0, 4.0; 210
6.0, 1.0, 4.0; 188
7.0, 1.0, 4.0; 207
8.0, 1.0, 4.0; 187
9.0, 1.0, 4.0; 1
-9.0, 2.0, 4.0; 38
-8.0, 2.0, 4.0; 47
-7.0, 2.0, 4.0; 30
-6.0, 2.0, 4.0; 27
-5.0, 2.0, 4.0; 18
-4.0, 2.0, 4.0; 23
-3.0, 2.0, 4.0; 64
-2.0, 2.0, 4.0; 204
-1.0, 2.0, 4.0; 442
0.0, 2.0, 4.0; 296
1.0, 2.0, 4.0; 180
2.0, 2.0, 4.0; 84
3.0, 2.0, 4.0; 145
4.0, 2.0, 4.0; 233
5.0, 2.0, 4.0; 289
6.0, 2.0, 4.0; 198
7.0, 2.0, 4.0; 203
8.0, 2.0, 4.0; 136
-9.0, 3.0, 4.0; 8
-8.0, 3.0, 4.0; 66
-7.0, 3.0, 4.0; 34
-6.0, 3.0, 4.0; 23
-5.0, 3.0, 4.0; 14
-4.0, 3.0, 4.0; 20
-3.0, 3.0, 4.0; 77
-2.0, 3.0, 4.0; 363
-1.0, 3.0, 4.0; 644
0.0, 3.0, 4.0; 492
1.0, 3.0, 4.0; 163
2.0, 3.0, 4.0; 70
3.0, 3.0, 4.0; 179
4.0, 3.0, 4.0; 286
5.0, 3.0, 4.0; 181
6.0, 3.0, 4.0; 191
7.0, 3.0, 4.0; 218
8.0, 3.0, 4.0; 56
-9.0, 4.0, 4.0; 2
-8.0, 4.0, 4.0; 100
-7.0, 4.0, 4.0; 56
-6.0, 4.0, 4.0; 29
-5.0, 4.0, 4.0; 17
-4.0, 4.0, 4.0; 23
-3.0, 4.0, 4.0; 22
-2.0, 4.0, 4.0; 31
-1.0, 4.0, 4.0; 65
0.0, 4.0, 4.0; 73
1.0, 4.0, 4.0; 145
2.0, 4.0, 4.0; 266
3.0, 4.0, 4.0; 177
4.0, 4.0, 4.0; 225
5.0, 4.0, 4.0; 186
6.0, 4.0, 4.0; 166
7.0, 4.0, 4.0; 153
8.0, 4.0, 4.0; 1
-8.0, 5.0, 4.0; 146
-7.0, 5.0, 4.0; 616
-6.0, 5.0, 4.0; 50
-5.0, 5.0, 4.0; 12
-4.0, 5.0, 4.0; 15
-3.0, 5.0, 4.0; 23
-2.0, 5.0, 4.0; 44
-1.0, 5.0, 4.0; 134
0.0, 5.0, 4.0; 300
1.0, 5.0, 4.0; 751
2.0, 5.0, 4.0; 503
3.0, 5.0, 4.0; 229
4.0, 5.0, 4.0; 214
5.0, 5.0, 4.0; 151
6.0, 5.0, 4.0; 181
7.0, 5.0, 4.0; 35
-7.0, 6.0, 4.0; 181
-6.0, 6.0, 4.0; 105
-5.0, 6.0, 4.0; 16
-4.0, 6.0, 4.0; 16
-3.0, 6.0, 4.0; 24
-2.0, 6.0, 4.0; 55
-1.0, 6.0, 4.0; 164
0.0, 6.0, 4.0; 267
1.0, 6.0, 4.0; 247
2.0, 6.0, 4.0; 131
3.0, 6.0, 4.0; 205
4.0, 6.0, 4.0; 174
5.0, 6.0, 4.0; 138
6.0, 6.0, 4.0; 32
-6.0, 7.0, 4.0; 15
-5.0, 7.0, 4.0; 32
-4.0, 7.0, 4.0; 29
-3.0, 7.0, 4.0; 18
-2.0, 7.0, 4.0; 20
-1.0, 7.0, 4.0; 26
0.0, 7.0, 4.0; 54
1.0, 7.0, 4.0; 59
2.0, 7.0, 4.0; 102
3.0, 7.0, 4.0; 143
4.0, 7.0, 4.0; 104
5.0, 7.0, 4.0; 23
-4.0, 8.0, 4.0; 8
-3.0, 8.0, 4.0; 11
-2.0, 8.0, 4.0; 25
-1.0, 8.0, 4.0; 34
0.0, 8.0, 4.0; 54
1.0, 8.0, 4.0; 72
2.0, 8.0, 4.0; 90
3.0, 8.0, 4.0; 30
-2.0, 9.0, 4.0; 1
0.0, 9.0, 4.0; 1
-3.0, -9.0, 5.0; 8
-2.0, -9.0, 5.0; 34
-1.0, -9.0, 5.0; 39
0.0, -9.0, 5.0; 46
1.0, -9.0, 5.0; 35
2.0, -9.0, 5.0; 10
-5.0, -8.0, 5.0; 10
-4.0, -8.0, 5.0; 73
-3.0, -8.0, 5.0; 107
-2.0, -8.0, 5.0; 134
-1.0, -8.0, 5.0; 141
0.0, -8.0, 5.0; 145
1.0, -8.0, 5.0; 174
2.0, -8.0, 5.0; 158
3.0, -8.0, 5.0; 101
4.0, -8.0, 5.0; 27
-6.0, -7.0, 5.0; 22
-5.0, -7.0, 5.0; 126
-4.0, -7.0, 5.0; 202
-3.0, -7.0, 5.0; 235
-2.0, -7.0, 5.0; 220
-1.0, -7.0, 5.0; 203
0.0, -7.0, 5.0; 246
1.0, -7.0, 5.0; 236
2.0, -7.0, 5.0; 241
3.0, -7.0, 5.0; 179
4.0, -7.0, 5.0; 196
5.0, -7.0, 5.0; 71
-7.0, -6.0, 5.0; 42
-6.0, -6.0, 5.0; 106
-5.0, -6.0, 5.0; 158
-4.0, -6.0, 5.0; 154
-3.0, -6.0, 5.0; 113
-2.0, -6.0, 5.0; 172
-1.0, -6.0, 5.0; 224
0.0, -6.0, 5.0; 221
1.0, -6.0, 5.0; 214
2.0, -6.0, 5.0; 246
3.0, -6.0, 5.0; 217
4.0, -6.0, 5.0; 242
5.0, -6.0, 5.0; 243
6.0, -6.0, 5.0; 75
-8.0, -5.0, 5.0; 20
-7.0, -5.0, 5.0; 128
-6.0, -5.0, 5.0; 132
-5.0, -5.0, 5.0; 102
-4.0, -5.0, 5.0; 84
-3.0, -5.0, 5.0; 140
-2.0, -5.0, 5.0; 183
-1.0, -5.0, 5.0; 182
0.0, -5.0, 5.0; 191
1.0, -5.0, 5.0; 277
2.0, -5.0, 5.0; 280
3.0, -5.0, 5.0; 220
4.0, -5.0, 5.0; 257
5.0, -5.0, 5.0; 238
6.0, -5.0, 5.0; 239
7.0, -5.0, 5.0; 37
-8.0, -4.0, 5.0; 80
-7.0, -4.0, 5.0; 113
-6.0, -4.0, 5.0; 104
-5.0, -4.0, 5.0; 109
-4.0, -4.0, 5.0; 91
-3.0, -4.0, 5.0; 157
-2.0, -4.0, 5.0; 163
-1.0, -4.0, 5.0; 115
0.0, -4.0, 5.0; 150
1.0, -4.0, 5.0; 196
2.0, -4.0, 5.0; 250
3.0, -4.0, 5.0; 250
4.0, -4.0, 5.0; 233
5.0, -4.0, 5.0; 231
6.0, -4.0, 5.0; 237
7.0, -4.0, 5.0; 163
-9.0, -3.0, 5.0; 8
-8.0, -3.0, 5.0; 90
-7.0, -3.0, 5.0; 82
-6.0, -3.0, 5.0; 65
-5.0, -3.0, 5.0; 71
-4.0, -3.0, 5.0; 90
-3.0, -3.0, 5.0; 110
-2.0, -3.0, 5.0; 78
-1.0, -3.0, 5.0; 131
0.0, -3.0, 5.0; 142
1.0, -3.0, 5.0; 149
2.0, -3.0, 5.0; 185
3.0, -3.0, 5.0; 228
4.0, -3.0, 5.0; 194
5.0, -3.0, 5.0; 243
6.0, -3.0, 5.0; 239
7.0, -3.0, 5.0; 251
8.0, -3.0, 5.0; 22
-9.0, -2.0, 5.0; 20
-8.0, -2.0, 5.0; 97
-7.0, -2.0, 5.0; 68
-6.0, -2.0, 5.0; 60
-5.0, -2.0, 5.0; 43
-4.0, -2.0, 5.0; 66
-3.0, -2.0, 5.0; 69
-2.0, -2.0, 5.0; 92
-1.0, -2.0, 5.0; 137
0.0, -2.0, 5.0; 85
1.0, -2.0, 5.0; 130
2.0, -2.0, 5.0; 144
3.0, -2.0, 5.0; 148
4.0, -2.0, 5.0; 218
5.0, -2.0, 5.0; 259
6.0, -2.0, 5.0; 245
7.0, -2.0, 5.0; 258
8.0, -2.0, 5.0; 68
-9.0, -1.0, 5.0; 24
-8.0, -1.0, 5.0; 66
-7.0, -1.0, 5.0; 43
-6.0, -1.0, 5.0; 49
-5.0, -1.0, 5.0; 30
-4.0, -1.0, 5.0; 34
-3.0, -1.0, 5.0; 48
-2.0, -1.0, 5.0; 124
-1.0, -1.0, 5.0; 508
0.0, -1.0, 5.0; 116
1.0, -1.0, 5.0; 74
2.0, -1.0, 5.0; 116
3.0, -1.0, 5.0; 128
4.0, -1.0, 5.0; 202
5.0, -1.0, 5.0; 279
6.0, -1.0, 5.0; 227
7.0, -1.0, 5.0; 248
8.0, -1.0, 5.0; 88
-9.0, 0.0, 5.0; 18
-8.0, 0.0, 5.0; 55
-7.0, 0.0, 5.0; 41
-6.0, 0.0, 5.0; 16
-5.0, 0.0, 5.0; 31
-4.0, 0.0, 5.0; 39
-3.0, 0.0, 5.0; 30
-2.0, 0.0, 5.0; 65
-1.0, 0.0, 5.0; 139
0.0, 0.0, 5.0; 114
1.0, 0.0, 5.0; 95
2.0, 0.0, 5.0; 89
3.0, 0.0, 5.0; 149
4.0, 0.0, 5.0; 196
5.0, 0.0, 5.0; 249
6.0, 0.0, 5.0; 215
7.0, 0.0, 5.0; 231
8.0, 0.0, 5.0; 88
-9.0, 1.0, 5.0; 13
-8.0, 1.0, 5.0; 55
-7.0, 1.0, 5.0; 41
-6.0, 1.0, 5.0; 21
-5.0, 1.0, 5.0; 32
-4.0, 1.0, 5.0; 24
-3.0, 1.0, 5.0; 31
-2.0, 1.0, 5.0; 48
-1.0, 1.0, 5.0; 38
0.0, 1.0, 5.0; 100
1.0, 1.0, 5.0; 95
2.0, 1.0, 5.0; 149
3.0, 1.0, 5.0; 207
4.0, 1.0, 5.0; 279
5.0, 1.0, 5.0; 253
6.0, 1.0, 5.0; 215
7.0, 1.0, 5.0; 242
8.0, 1.0, 5.0; 50
-9.0, 2.0, 5.0; 7
-8.0, 2.0, 5.0; 43
-7.0, 2.0, 5.0; 32
-6.0, 2.0, 5.0; 29
-5.0, 2.0, 5.0; 24
-4.0, 2.0, 5.0; 24
-3.0, 2.0, 5.0; 57
-2.0, 2.0, 5.0; 220
-1.0, 2.0, 5.0; 494
0.0, 2.0, 5.0; 203
1.0, 2.0, 5.0; 116
2.0, 2.0, 5.0; 131
3.0, 2.0, 5.0; 295
4.0, 2.0, 5.0; 345
5.0, 2.0, 5.0; 220
6.0, 2.0, 5.0; 209
7.0, 2.0, 5.0; 219
8.0, 2.0, 5.0; 20
-8.0, 3.0, 5.0; 43
-7.0, 3.0, 5.0; 56
-6.0, 3.0, 5.0; 27
-5.0, 3.0, 5.0; 22
-4.0, 3.0, 5.0; 23
-3.0, 3.0, 5.0; 62
-2.0, 3.0, 5.0; 177
-1.0, 3.0, 5.0; 312
0.0, 3.0, 5.0; 105
1.0, 3.0, 5.0; 53
2.0, 3.0, 5.0; 115
3.0, 3.0, 5.0; 293
4.0, 3.0, 5.0; 257
5.0, 3.0, 5.0; 153
6.0, 3.0, 5.0; 244
7.0, 3.0, 5.0; 136
8.0, 3.0, 5.0; 1
-8.0, 4.0, 5.0; 16
-7.0, 4.0, 5.0; 63
-6.0, 4.0, 5.0; 36
-5.0, 4.0, 5.0; 23
-4.0, 4.0, 5.0; 21
-3.0, 4.0, 5.0; 27
-2.0, 4.0, 5.0; 36
-1.0, 4.0, 5.0; 45
0.0, 4.0, 5.0; 73
1.0, 4.0, 5.0; 103
2.0, 4.0, 5.0; 130
3.0, 4.0, 5.0; 224
4.0, 4.0, 5.0; 202
5.0, 4.0, 5.0; 167
6.0, 4.0, 5.0; 204
7.0, 4.0, 5.0; 24
-7.0, 5.0, 5.0; 43
-6.0, 5.0, 5.0; 78
-5.0, 5.0, 5.0; 28
-4.0, 5.0, 5.0; 28
-3.0, 5.0, 5.0; 43
-2.0, 5.0, 5.0; 67
-1.0, 5.0, 5.0; 109
0.0, 5.0, 5.0; 151
1.0, 5.0, 5.0; 146
2.0, 5.0, 5.0; 149
3.0, 5.0, 5.0; 233
4.0, 5.0, 5.0; 178
5.0, 5.0, 5.0; 158
6.0, 5.0, 5.0; 59
-6.0, 6.0, 5.0; 32
-5.0, 6.0, 5.0; 38
-4.0, 6.0, 5.0; 22
-3.0, 6.0, 5.0; 35
-2.0, 6.0, 5.0; 43
-1.0, 6.0, 5.0; 92
0.0, 6.0, 5.0; 95
1.0, 6.0, 5.0; 86
2.0, 6.0, 5.0; 165
3.0, 6.0, 5.0; 172
4.0, 6.0, 5.0; 111
5.0, 6.0, 5.0; 59
-5.0, 7.0, 5.0; 1
-4.0, 7.0, 5.0; 31
-3.0, 7.0, 5.0; 38
-2.0, 7.0, 5.0; 43
-1.0, 7.0, 5.0; 45
0.0, 7.0, 5.0; 63
1.0, 7.0, 5.0; 91
2.0, 7.0, 5.0; 115
3.0, 7.0, 5.0; 74
4.0, 7.0, 5.0; 22
-3.0, 8.0, 5.0; 1
-2.0, 8.0, 5.0; 11
-1.0, 8.0, 5.0; 14
0.0, 8.0, 5.0; 26
1.0, 8.0, 5.0; 21
2.0, 8.0, 5.0; 10
-4.0, -8.0, 6.0; 3
-3.0, -8.0, 6.0; 14
-2.0, -8.0, 6.0; 49
-1.0, -8.0, 6.0; 84
0.0, -8.0, 6.0; 86
1.0, -8.0, 6.0; 65
2.0, -8.0, 6.0; 26
3.0, -8.0, 6.0; 4
-6.0, -7.0, 6.0; 1
-5.0, -7.0, 6.0; 11
-4.0, -7.0, 6.0; 50
-3.0, -7.0, 6.0; 109
-2.0, -7.0, 6.0; 150
-1.0, -7.0, 6.0; 128
0.0, -7.0, 6.0; 153
1.0, -7.0, 6.0; 191
2.0, -7.0, 6.0; 160
3.0, -7.0, 6.0; 134
4.0, -7.0, 6.0; 50
-6.0, -6.0, 6.0; 35
-5.0, -6.0, 6.0; 90
-4.0, -6.0, 6.0; 101
-3.0, -6.0, 6.0; 113
-2.0, -6.0, 6.0; 148
-1.0, -6.0, 6.0; 189
0.0, -6.0, 6.0; 176
1.0, -6.0, 6.0; 183
2.0, -6.0, 6.0; 184
3.0, -6.0, 6.0; 189
4.0, -6.0, 6.0; 188
5.0, -6.0, 6.0; 86
6.0, -6.0, 6.0; 1
-7.0, -5.0, 6.0; 17
-6.0, -5.0, 6.0; 87
-5.0, -5.0, 6.0; 91
-4.0, -5.0, 6.0; 90
-3.0, -5.0, 6.0; 148
-2.0, -5.0, 6.0; 197
-1.0, -5.0, 6.0; 228
0.0, -5.0, 6.0; 208
1.0, -5.0, 6.0; 198
2.0, -5.0, 6.0; 161
3.0, -5.0, 6.0; 189
4.0, -5.0, 6.0; 227
5.0, -5.0, 6.0; 186
6.0, -5.0, 6.0; 46
-8.0, -4.0, 6.0; 4
-7.0, -4.0, 6.0; 65
-6.0, -4.0, 6.0; 104
-5.0, -4.0, 6.0; 96
-4.0, -4.0, 6.0; 105
-3.0, -4.0, 6.0; 136
-2.0, -4.0, 6.0; 150
-1.0, -4.0, 6.0; 182
0.0, -4.0, 6.0; 245
1.0, -4.0, 6.0; 265
2.0, -4.0, 6.0; 200
3.0, -4.0, 6.0; 176
4.0, -4.0, 6.0; 212
5.0, -4.0, 6.0; 231
6.0, -4.0, 6.0; 190
7.0, -4.0, 6.0; 8
-8.0, -3.0, 6.0; 29
-7.0, -3.0, 6.0; 110
-6.0, -3.0, 6.0; 103
-5.0, -3.0, 6.0; 93
-4.0, -3.0, 6.0; 76
-3.0, -3.0, 6.0; 108
-2.0, -3.0, 6.0; 135
-1.0, -3.0, 6.0; 162
0.0, -3.0, 6.0; 190
1.0, -3.0, 6.0; 221
2.0, -3.0, 6.0; 235
3.0, -3.0, 6.0; 194
4.0, -3.0, 6.0; 211
5.0, -3.0, 6.0; 231
6.0, -3.0, 6.0; 243
7.0, -3.0, 6.0; 71
-8.0, -2.0, 6.0; 38
-7.0, -2.0, 6.0; 95
-6.0, -2.0, 6.0; 92
-5.0, -2.0, 6.0; 92
-4.0, -2.0, 6.0; 64
-3.0, -2.0, 6.0; 76
-2.0, -2.0, 6.0; 93
-1.0, -2.0, 6.0; 114
0.0, -2.0, 6.0; 136
1.0, -2.0, 6.0; 175
2.0, -2.0, 6.0; 210
3.0, -2.0, 6.0; 215
4.0, -2.0, 6.0; 219
5.0, -2.0, 6.0; 257
6.0, -2.0, 6.0; 275
7.0, -2.0, 6.0; 112
-8.0, -1.0, 6.0; 52
-7.0, -1.0, 6.0; 79
-6.0, -1.0, 6.0; 78
-5.0, -1.0, 6.0; 58
-4.0, -1.0, 6.0; 43
-3.0, -1.0, 6.0; 38
-2.0, -1.0, 6.0; 54
-1.0, -1.0, 6.0; 90
0.0, -1.0, 6.0; 95
1.0, -1.0, 6.0; 164
2.0, -1.0, 6.0; 190
3.0, -1.0, 6.0; 188
4.0, -1.0, 6.0; 252
5.0, -1.0, 6.0; 245
6.0, -1.0, 6.0; 234
7.0, -1.0, 6.0; 148
-8.0, 0.0, 6.0; 43
-7.0, 0.0, 6.0; 64
-6.0, 0.0, 6.0; 52
-5.0, 0.0, 6.0; 36
-4.0, 0.0, 6.0; 48
-3.0, 0.0, 6.0; 51
-2.0, 0.0, 6.0; 49
-1.0, 0.0, 6.0; 61
0.0, 0.0, 6.0; 104
1.0, 0.0, 6.0; 146
2.0, 0.0, 6.0; 176
3.0, 0.0, 6.0; 214
4.0, 0.0, 6.0; 217
5.0, 0.0, 6.0; 215
6.0, 0.0, 6.0; 196
7.0, 0.0, 6.0; 151
-8.0, 1.0, 6.0; 37
-7.0, 1.0, 6.0; 69
-6.0, 1.0, 6.0; 46
-5.0, 1.0, 6.0; 24
-4.0, 1.0, 6.0; 42
-3.0, 1.0, 6.0; 41
-2.0, 1.0, 6.0; 55
-1.0, 1.0, 6.0; 69
0.0, 1.0, 6.0; 120
1.0, 1.0, 6.0; 163
2.0, 1.0, 6.0; 191
3.0, 1.0, 6.0; 206
4.0, 1.0, 6.0; 233
5.0, 1.0, 6.0; 239
6.0, 1.0, 6.0; 228
7.0, 1.0, 6.0; 114
-8.0, 2.0, 6.0; 10
-7.0, 2.0, 6.0; 66
-6.0, 2.0, 6.0; 38
-5.0, 2.0, 6.0; 24
-4.0, 2.0, 6.0; 41
-3.0, 2.0, 6.0; 42
-2.0, 2.0, 6.0; 50
-1.0, 2.0, 6.0; 53
0.0, 2.0, 6.0; 85
1.0, 2.0, 6.0; 138
2.0, 2.0, 6.0; 197
3.0, 2.0, 6.0; 250
4.0, 2.0, 6.0; 210
5.0, 2.0, 6.0; 266
6.0, 2.0, 6.0; 215
7.0, 2.0, 6.0; 39
-8.0, 3.0, 6.0; 3
-7.0, 3.0, 6.0; 55
-6.0, 3.0, 6.0; 44
-5.0, 3.0, 6.0; 29
-4.0, 3.0, 6.0; 22
-3.0, 3.0, 6.0; 35
-2.0, 3.0, 6.0; 49
-1.0, 3.0, 6.0; 72
0.0, 3.0, 6.0; 81
1.0, 3.0, 6.0; 119
2.0, 3.0, 6.0; 172
3.0, 3.0, 6.0; 223
4.0, 3.0, 6.0; 213
5.0, 3.0, 6.0; 257
6.0, 3.0, 6.0; 170
7.0, 3.0, 6.0; 4
-7.0, 4.0, 6.0; 16
-6.0, 4.0, 6.0; 55
-5.0, 4.0, 6.0; 35
-4.0, 4.0, 6.0; 30
-3.0, 4.0, 6.0; 26
-2.0, 4.0, 6.0; 50
-1.0, 4.0, 6.0; 83
0.0, 4.0, 6.0; 88
1.0, 4.0, 6.0; 110
2.0, 4.0, 6.0; 175
3.0, 4.0, 6.0; 200
4.0, 4.0, 6.0; 196
5.0, 4.0, 6.0; 212
6.0, 4.0, 6.0; 61
-6.0, 5.0, 6.0; 23
-5.0, 5.0, 6.0; 69
-4.0, 5.0, 6.0; 56
-3.0, 5.0, 6.0; 68
-2.0, 5.0, 6.0; 56
-1.0, 5.0, 6.0; 71
0.0, 5.0, 6.0; 76
1.0, 5.0, 6.0; 109
2.0, 5.0, 6.0; 181
3.0, 5.0, 6.0; 157
4.0, 5.0, 6.0; 143
5.0, 5.0, 6.0; 60
6.0, 5.0, 6.0; 2
-5.0, 6.0, 6.0; 19
-4.0, 6.0, 6.0; 48
-3.0, 6.0, 6.0; 69
-2.0, 6.0, 6.0; 74
-1.0, 6.0, 6.0; 70
0.0, 6.0, 6.0; 75
1.0, 6.0, 6.0; 122
2.0, 6.0, 6.0; 117
3.0, 6.0, 6.0; 108
4.0, 6.0, 6.0; 34
-4.0, 7.0, 6.0; 7
-3.0, 7.0, 6.0; 22
-2.0, 7.0, 6.0; 31
-1.0, 7.0, 6.0; 36
0.0, 7.0, 6.0; 42
1.0, 7.0, 6.0; 43
2.0, 7.0, 6.0; 27
3.0, 7.0, 6.0; 4
-4.0, -7.0, 7.0; 4
-3.0, -7.0, 7.0; 21
-2.0, -7.0, 7.0; 52
-1.0, -7.0, 7.0; 70
0.0, -7.0, 7.0; 73
1.0, -7.0, 7.0; 82
2.0, -7.0, 7.0; 57
3.0, -7.0, 7.0; 10
-5.0, -6.0, 7.0; 21
-4.0, -6.0, 7.0; 67
-3.0, -6.0, 7.0; 101
-2.0, -6.0, 7.0; 120
-1.0, -6.0, 7.0; 144
0.0, -6.0, 7.0; 163
1.0, -6.0, 7.0; 172
2.0, -6.0, 7.0; 188
3.0, -6.0, 7.0; 122
4.0, -6.0, 7.0; 31
-6.0, -5.0, 7.0; 6
-5.0, -5.0, 7.0; 68
-4.0, -5.0, 7.0; 109
-3.0, -5.0, 7.0; 108
-2.0, -5.0, 7.0; 145
-1.0, -5.0, 7.0; 158
0.0, -5.0, 7.0; 173
1.0, -5.0, 7.0; 177
2.0, -5.0, 7.0; 194
3.0, -5.0, 7.0; 213
4.0, -5.0, 7.0; 148
5.0, -5.0, 7.0; 26
-7.0, -4.0, 7.0; 2
-6.0, -4.0, 7.0; 48
-5.0, -4.0, 7.0; 115
-4.0, -4.0, 7.0; 112
-3.0, -4.0, 7.0; 116
-2.0, -4.0, 7.0; 178
-1.0, -4.0, 7.0; 209
0.0, -4.0, 7.0; 195
1.0, -4.0, 7.0; 167
2.0, -4.0, 7.0; 204
3.0, -4.0, 7.0; 206
4.0, -4.0, 7.0; 228
5.0, -4.0, 7.0; 128
6.0, -4.0, 7.0; 9
-7.0, -3.0, 7.0; 34
-6.0, -3.0, 7.0; 98
-5.0, -3.0, 7.0; 95
-4.0, -3.0, 7.0; 112
-3.0, -3.0, 7.0; 149
-2.0, -3.0, 7.0; 188
-1.0, -3.0, 7.0; 191
0.0, -3.0, 7.0; 196
1.0, -3.0, 7.0; 188
2.0, -3.0, 7.0; 195
3.0, -3.0, 7.0; 217
4.0, -3.0, 7.0; 221
5.0, -3.0, 7.0; 237
6.0, -3.0, 7.0; 50
-7.0, -2.0, 7.0; 56
-6.0, -2.0, 7.0; 106
-5.0, -2.0, 7.0; 88
-4.0, -2.0, 7.0; 94
-3.0, -2.0, 7.0; 128
-2.0, -2.0, 7.0; 159
-1.0, -2.0, 7.0; 175
0.0, -2.0, 7.0; 180
1.0, -2.0, 7.0; 203
2.0, -2.0, 7.0; 203
3.0, -2.0, 7.0; 222
4.0, -2.0, 7.0; 214
5.0, -2.0, 7.0; 273
6.0, -2.0, 7.0; 126
-8.0, -1.0, 7.0; 1
-7.0, -1.0, 7.0; 73
-6.0, -1.0, 7.0; 99
-5.0, -1.0, 7.0; 79
-4.0, -1.0, 7.0; 63
-3.0, -1.0, 7.0; 93
-2.0, -1.0, 7.0; 131
-1.0, -1.0, 7.0; 124
0.0, -1.0, 7.0; 144
1.0, -1.0, 7.0; 169
2.0, -1.0, 7.0; 193
3.0, -1.0, 7.0; 174
4.0, -1.0, 7.0; 264
5.0, -1.0, 7.0; 258
6.0, -1.0, 7.0; 154
7.0, -1.0, 7.0; 1
-8.0, 0.0, 7.0; 1
-7.0, 0.0, 7.0; 95
-6.0, 0.0, 7.0; 112
-5.0, 0.0, 7.0; 80
-4.0, 0.0, 7.0; 41
-3.0, 0.0, 7.0; 58
-2.0, 0.0, 7.0; 87
-1.0, 0.0, 7.0; 105
0.0, 0.0, 7.0; 128
1.0, 0.0, 7.0; 166
2.0, 0.0, 7.0; 168
3.0, 0.0, 7.0; 195
4.0, 0.0, 7.0; 204
5.0, 0.0, 7.0; 226
6.0, 0.0, 7.0; 135
7.0, 0.0, 7.0; 1
-7.0, 1.0, 7.0; 62
-6.0, 1.0, 7.0; 96
-5.0, 1.0, 7.0; 75
-4.0, 1.0, 7.0; 38
-3.0, 1.0, 7.0; 50
-2.0, 1.0, 7.0; 71
-1.0, 1.0, 7.0; 98
0.0, 1.0, 7.0; 138
1.0, 1.0, 7.0; 143
2.0, 1.0, 7.0; 158
3.0, 1.0, 7.0; 204
4.0, 1.0, 7.0; 261
5.0, 1.0, 7.0; 237
6.0, 1.0, 7.0; 126
-7.0, 2.0, 7.0; 17
-6.0, 2.0, 7.0; 61
-5.0, 2.0, 7.0; 61
-4.0, 2.0, 7.0; 41
-3.0, 2.0, 7.0; 45
-2.0, 2.0, 7.0; 54
-1.0, 2.0, 7.0; 99
0.0, 2.0, 7.0; 140
1.0, 2.0, 7.0; 164
2.0, 2.0, 7.0; 175
3.0, 2.0, 7.0; 203
4.0, 2.0, 7.0; 319
5.0, 2.0, 7.0; 311
6.0, 2.0, 7.0; 49
-7.0, 3.0, 7.0; 2
-6.0, 3.0, 7.0; 39
-5.0, 3.0, 7.0; 63
-4.0, 3.0, 7.0; 56
-3.0, 3.0, 7.0; 60
-2.0, 3.0, 7.0; 56
-1.0, 3.0, 7.0; 110
0.0, 3.0, 7.0; 118
1.0, 3.0, 7.0; 139
2.0, 3.0, 7.0; 210
3.0, 3.0, 7.0; 249
4.0, 3.0, 7.0; 355
5.0, 3.0, 7.0; 170
6.0, 3.0, 7.0; 8
-6.0, 4.0, 7.0; 10
-5.0, 4.0, 7.0; 55
-4.0, 4.0, 7.0; 85
-3.0, 4.0, 7.0; 72
-2.0, 4.0, 7.0; 60
-1.0, 4.0, 7.0; 82
0.0, 4.0, 7.0; 101
1.0, 4.0, 7.0; 157
2.0, 4.0, 7.0; 197
3.0, 4.0, 7.0; 200
4.0, 4.0, 7.0; 208
5.0, 4.0, 7.0; 39
-5.0, 5.0, 7.0; 10
-4.0, 5.0, 7.0; 49
-3.0, 5.0, 7.0; 76
-2.0, 5.0, 7.0; 71
-1.0, 5.0, 7.0; 78
0.0, 5.0, 7.0; 107
1.0, 5.0, 7.0; 139
2.0, 5.0, 7.0; 142
3.0, 5.0, 7.0; 91
4.0, 5.0, 7.0; 24
-4.0, 6.0, 7.0; 5
-3.0, 6.0, 7.0; 19
-2.0, 6.0, 7.0; 36
-1.0, 6.0, 7.0; 31
0.0, 6.0, 7.0; 44
1.0, 6.0, 7.0; 61
2.0, 6.0, 7.0; 32
3.0, 6.0, 7.0; 10
-3.0, -6.0, 8.0; 8
-2.0, -6.0, 8.0; 31
-1.0, -6.0, 8.0; 38
0.0, -6.0, 8.0; 42
1.0, -6.0, 8.0; 41
2.0, -6.0, 8.0; 18
3.0, -6.0, 8.0; 1
-4.0, -5.0, 8.0; 29
-3.0, -5.0, 8.0; 76
-2.0, -5.0, 8.0; 93
-1.0, -5.0, 8.0; 119
0.0, -5.0, 8.0; 143
1.0, -5.0, 8.0; 138
2.0, -5.0, 8.0; 133
3.0, -5.0, 8.0; 44
4.0, -5.0, 8.0; 2
-5.0, -4.0, 8.0; 21
-4.0, -4.0, 8.0; 92
-3.0, -4.0, 8.0; 130
-2.0, -4.0, 8.0; 129
-1.0, -4.0, 8.0; 160
0.0, -4.0, 8.0; 195
1.0, -4.0, 8.0; 194
2.0, -4.0, 8.0; 208
3.0, -4.0, 8.0; 146
4.0, -4.0, 8.0; 45
-6.0, -3.0, 8.0; 9
-5.0, -3.0, 8.0; 73
-4.0, -3.0, 8.0; 173
-3.0, -3.0, 8.0; 157
-2.0, -3.0, 8.0; 147
-1.0, -3.0, 8.0; 189
0.0, -3.0, 8.0; 215
1.0, -3.0, 8.0; 200
2.0, -3.0, 8.0; 214
3.0, -3.0, 8.0; 235
4.0, -3.0, 8.0; 140
5.0, -3.0, 8.0; 12
-6.0, -2.0, 8.0; 45
-5.0, -2.0, 8.0; 154
-4.0, -2.0, 8.0; 127
-3.0, -2.0, 8.0; 145
-2.0, -2.0, 8.0; 146
-1.0, -2.0, 8.0; 208
0.0, -2.0, 8.0; 249
1.0, -2.0, 8.0; 218
2.0, -2.0, 8.0; 212
3.0, -2.0, 8.0; 284
4.0, -2.0, 8.0; 212
5.0, -2.0, 8.0; 55
-6.0, -1.0, 8.0; 77
-5.0, -1.0, 8.0; 183
-4.0, -1.0, 8.0; 155
-3.0, -1.0, 8.0; 125
-2.0, -1.0, 8.0; 126
-1.0, -1.0, 8.0; 173
0.0, -1.0, 8.0; 190
1.0, -1.0, 8.0; 223
2.0, -1.0, 8.0; 269
3.0, -1.0, 8.0; 246
4.0, -1.0, 8.0; 239
5.0, -1.0, 8.0; 100
-6.0, 0.0, 8.0; 75
-5.0, 0.0, 8.0; 169
-4.0, 0.0, 8.0; 162
-3.0, 0.0, 8.0; 95
-2.0, 0.0, 8.0; 117
-1.0, 0.0, 8.0; 139
0.0, 0.0, 8.0; 154
1.0, 0.0, 8.0; 194
2.0, 0.0, 8.0; 241
3.0, 0.0, 8.0; 313
4.0, 0.0, 8.0; 225
5.0, 0.0, 8.0; 77
-6.0, 1.0, 8.0; 28
-5.0, 1.0, 8.0; 89
-4.0, 1.0, 8.0; 122
-3.0, 1.0, 8.0; 99
-2.0, 1.0, 8.0; 84
-1.0, 1.0, 8.0; 136
0.0, 1.0, 8.0; 140
1.0, 1.0, 8.0; 192
2.0, 1.0, 8.0; 214
3.0, 1.0, 8.0; 264
4.0, 1.0, 8.0; 196
5.0, 1.0, 8.0; 59
-6.0, 2.0, 8.0; 4
-5.0, 2.0, 8.0; 56
-4.0, 2.0, 8.0; 80
-3.0, 2.0, 8.0; 105
-2.0, 2.0, 8.0; 84
-1.0, 2.0, 8.0; 99
0.0, 2.0, 8.0; 140
1.0, 2.0, 8.0; 209
2.0, 2.0, 8.0; 256
3.0, 2.0, 8.0; 315
4.0, 2.0, 8.0; 170
5.0, 2.0, 8.0; 15
-5.0, 3.0, 8.0; 15
-4.0, 3.0, 8.0; 54
-3.0, 3.0, 8.0; 59
-2.0, 3.0, 8.0; 100
-1.0, 3.0, 8.0; 144
0.0, 3.0, 8.0; 160
1.0, 3.0, 8.0; 237
2.0, 3.0, 8.0; 263
3.0, 3.0, 8.0; 246
4.0, 3.0, 8.0; 82
-4.0, 4.0, 8.0; 8
-3.0, 4.0, 8.0; 46
-2.0, 4.0, 8.0; 57
-1.0, 4.0, 8.0; 116
0.0, 4.0, 8.0; 129
1.0, 4.0, 8.0; 144
2.0, 4.0, 8.0; 126
3.0, 4.0, 8.0; 59
4.0, 4.0, 8.0; 4
-3.0, 5.0, 8.0; 3
-2.0, 5.0, 8.0; 14
-1.0, 5.0, 8.0; 21
0.0, 5.0, 8.0; 31
1.0, 5.0, 8.0; 29
2.0, 5.0, 8.0; 10
-2.0, -5.0, 9.0; 2
-1.0, -5.0, 9.0; 4
0.0, -5.0, 9.0; 4
1.0, -5.0, 9.0; 3
-3.0, -4.0, 9.0; 25
-2.0, -4.0, 9.0; 48
-1.0, -4.0, 9.0; 69
0.0, -4.0, 9.0; 76
1.0, -4.0, 9.0; 47
2.0, -4.0, 9.0; 13
-4.0, -3.0, 9.0; 28
-3.0, -3.0, 9.0; 109
-2.0, -3.0, 9.0; 143
-1.0, -3.0, 9.0; 142
0.0, -3.0, 9.0; 108
1.0, -3.0, 9.0; 111
2.0, -3.0, 9.0; 71
3.0, -3.0, 9.0; 18
-5.0, -2.0, 9.0; 5
-4.0, -2.0, 9.0; 69
-3.0, -2.0, 9.0; 175
-2.0, -2.0, 9.0; 258
-1.0, -2.0, 9.0; 277
0.0, -2.0, 9.0; 240
1.0, -2.0, 9.0; 168
2.0, -2.0, 9.0; 105
3.0, -2.0, 9.0; 54
4.0, -2.0, 9.0; 2
-5.0, -1.0, 9.0; 3
-4.0, -1.0, 9.0; 110
-3.0, -1.0, 9.0; 320
-2.0, -1.0, 9.0; 415
-1.0, -1.0, 9.0; 536
0.0, -1.0, 9.0; 459
1.0, -1.0, 9.0; 282
2.0, -1.0, 9.0; 164
3.0, -1.0, 9.0; 88
4.0, -1.0, 9.0; 2
-5.0, 0.0, 9.0; 7
-4.0, 0.0, 9.0; 128
-3.0, 0.0, 9.0; 166
-2.0, 0.0, 9.0; 275
-1.0, 0.0, 9.0; 275
0.0, 0.0, 9.0; 234
1.0, 0.0, 9.0; 218
2.0, 0.0, 9.0; 135
3.0, 0.0, 9.0; 90
4.0, 0.0, 9.0; 7
-4.0, 1.0, 9.0; 43
-3.0, 1.0, 9.0; 108
-2.0, 1.0, 9.0; 84
-1.0, 1.0, 9.0; 116
0.0, 1.0, 9.0; 154
1.0, 1.0, 9.0; 158
2.0, 1.0, 9.0; 125
3.0, 1.0, 9.0; 49
-4.0, 2.0, 9.0; 7
-3.0, 2.0, 9.0; 51
-2.0, 2.0, 9.0; 84
-1.0, 2.0, 9.0; 113
0.0, 2.0, 9.0; 180
1.0, 2.0, 9.0; 181
2.0, 2.0, 9.0; 109
3.0, 2.0, 9.0; 11
-3.0, 3.0, 9.0; 5
-2.0, 3.0, 9.0; 30
-1.0, 3.0, 9.0; 82
0.0, 3.0, 9.0; 154
1.0, 3.0, 9.0; 139
2.0, 3.0, 9.0; 11
3.0, 3.0, 9.0; 1
-1.0, 4.0, 9.0; 7
0.0, 4.0, 9.0; 6
-2.0, -5.0, -10.0; 1
-1.0, -5.0, -10.0; 3
0.0, -5.0, -10.0; 5
-3.0, -4.0, -10.0; 3
-2.0, -4.0, -10.0; 8
-1.0, -4.0, -10.0; 28
0.0, -4.0, -10.0; 41
1.0, -4.0, -10.0; 60
2.0, -4.0, -10.0; 19
-4.0, -3.0, -10.0; 3
-3.0, -3.0, -10.0; 20
-2.0, -3.0, -10.0; 36
-1.0, -3.0, -10.0; 48
0.0, -3.0, -10.0; 80
1.0, -3.0, -10.0; 82
2.0, -3.0, -10.0; 67
3.0, -3.0, -10.0; 7
-4.0, -2.0, -10.0; 18
-3.0, -2.0, -10.0; 67
-2.0, -2.0, -10.0; 61
-1.0, -2.0, -10.0; 98
0.0, -2.0, -10.0; 99
1.0, -2.0, -10.0; 99
2.0, -2.0, -10.0; 85
3.0, -2.0, -10.0; 32
-5.0, -1.0, -10.0; 7
-4.0, -1.0, -10.0; 89
-3.0, -1.0, -10.0; 169
-2.0, -1.0, -10.0; 205
-1.0, -1.0, -10.0; 213
0.0, -1.0, -10.0; 193
1.0, -1.0, -10.0; 140
2.0, -1.0, -10.0; 70
3.0, -1.0, -10.0; 43
4.0, -1.0, -10.0; 3
-5.0, 0.0, -10.0; 7
-4.0, 0.0, -10.0; 135
-3.0, 0.0, -10.0; 299
-2.0, 0.0, -10.0; 447
-1.0, 0.0, -10.0; 409
0.0, 0.0, -10.0; 276
1.0, 0.0, -10.0; 155
2.0, 0.0, -10.0; 91
3.0, 0.0, -10.0; 39
4.0, 0.0, -10.0; 3
-5.0, 1.0, -10.0; 2
-4.0, 1.0, -10.0; 65
-3.0, 1.0, -10.0; 120
-2.0, 1.0, -10.0; 132
-1.0, 1.0, -10.0; 192
0.0, 1.0, -10.0; 178
1.0, 1.0, -10.0; 130
2.0, 1.0, -10.0; 83
3.0, 1.0, -10.0; 23
4.0, 1.0, -10.0; 1
-4.0, 2.0, -10.0; 13
-3.0, 2.0, -10.0; 39
-2.0, 2.0, -10.0; 74
-1.0, 2.0, -10.0; 105
0.0, 2.0, -10.0; 134
1.0, 2.0, -10.0; 79
2.0, 2.0, -10.0; 37
3.0, 2.0, -10.0; 13
-3.0, 3.0, -10.0; 7
-2.0, 3.0, -10.0; 32
-1.0, 3.0, -10.0; 59
0.0, 3.0, -10.0; 54
1.0, 3.0, -10.0; 37
2.0, 3.0, -10.0; 4
0.0, 4.0, -10.0; 2
-3.0, -6.0, -9.0; 7
-2.0, -6.0, -9.0; 6
-1.0, -6.0, -9.0; 73
0.0, -6.0, -9.0; 271
1.0, -6.0, -9.0; 223
2.0, -6.0, -9.0; 18
3.0, -6.0, -9.0; 1
-4.0, -5.0, -9.0; 3
-3.0, -5.0, -9.0; 13
-2.0, -5.0, -9.0; 18
-1.0, -5.0, -9.0; 71
0.0, -5.0, -9.0; 92
1.0, -5.0, -9.0; 92
2.0, -5.0, -9.0; 61
3.0, -5.0, -9.0; 50
4.0, -5.0, -9.0; 3
-5.0, -4.0, -9.0; 4
-4.0, -4.0, -9.0; 23
-3.0, -4.0, -9.0; 22
-2.0, -4.0, -9.0; 16
-1.0, -4.0, -9.0; 46
0.0, -4.0, -9.0; 49
1.0, -4.0, -9.0; 63
2.0, -4.0, -9.0; 111
3.0, -4.0, -9.0; 116
4.0, -4.0, -9.0; 32
-6.0, -3.0, -9.0; 5
-5.0, -3.0, -9.0; 22
-4.0, -3.0, -9.0; 31
-3.0, -3.0, -9.0; 21
-2.0, -3.0, -9.0; 18
-1.0, -3.0, -9.0; 33
0.0, -3.0, -9.0; 44
1.0, -3.0, -9.0; 68
2.0, -3.0, -9.0; 78
3.0, -3.0, -9.0; 99
4.0, -3.0, -9.0; 58
5.0, -3.0, -9.0; 8
-6.0, -2.0, -9.0; 20
-5.0, -2.0, -9.0; 65
-4.0, -2.0, -9.0; 56
-3.0, -2.0, -9.0; 44
-2.0, -2.0, -9.0; 42
-1.0, -2.0, -9.0; 42
0.0, -2.0, -9.0; 48
1.0, -2.0, -9.0; 63
2.0, -2.0, -9.0; 58
3.0, -2.0, -9.0; 101
4.0, -2.0, -9.0; 78
5.0, -2.0, -9.0; 31
-6.0, -1.0, -9.0; 55
-5.0, -1.0, -9.0; 165
-4.0, -1.0, -9.0; 86
-3.0, -1.0, -9.0; 37
-2.0, -1.0, -9.0; 44
-1.0, -1.0, -9.0; 38
0.0, -1.0, -9.0; 42
1.0, -1.0, -9.0; 47
2.0, -1.0, -9.0; 74
3.0, -1.0, -9.0; 82
4.0, -1.0, -9.0; 98
5.0, -1.0, -9.0; 24
-6.0, 0.0, -9.0; 61
-5.0, 0.0, -9.0; 134
-4.0, 0.0, -9.0; 102
-3.0, 0.0, -9.0; 38
-2.0, 0.0, -9.0; 47
-1.0, 0.0, -9.0; 38
0.0, 0.0, -9.0; 50
1.0, 0.0, -9.0; 65
2.0, 0.0, -9.0; 70
3.0, 0.0, -9.0; 76
4.0, 0.0, -9.0; 103
5.0, 0.0, -9.0; 56
-6.0, 1.0, -9.0; 44
-5.0, 1.0, -9.0; 111
-4.0, 1.0, -9.0; 101
-3.0, 1.0, -9.0; 70
-2.0, 1.0, -9.0; 55
-1.0, 1.0, -9.0; 48
0.0, 1.0, -9.0; 68
1.0, 1.0, -9.0; 93
2.0, 1.0, -9.0; 92
3.0, 1.0, -9.0; 111
4.0, 1.0, -9.0; 107
5.0, 1.0, -9.0; 40
-6.0, 2.0, -9.0; 6
-5.0, 2.0, -9.0; 68
-4.0, 2.0, -9.0; 119
-3.0, 2.0, -9.0; 76
-2.0, 2.0, -9.0; 76
-1.0, 2.0, -9.0; 84
0.0, 2.0, -9.0; 104
1.0, 2.0, -9.0; 107
2.0, 2.0, -9.0; 106
3.0, 2.0, -9.0; 90
4.0, 2.0, -9.0; 72
5.0, 2.0, -9.0; 13
-5.0, 3.0, -9.0; 18
-4.0, 3.0, -9.0; 59
-3.0, 3.0, -9.0; 84
-2.0, 3.0, -9.0; 104
-1.0, 3.0, -9.0; 118
0.0, 3.0, -9.0; 106
1.0, 3.0, -9.0; 105
2.0, 3.0, -9.0; 120
3.0, 3.0, -9.0; 73
4.0, 3.0, -9.0; 28
-5.0, 4.0, -9.0; 2
-4.0, 4.0, -9.0; 19
-3.0, 4.0, -9.0; 48
-2.0, 4.0, -9.0; 84
-1.0, 4.0, -9.0; 89
0.0, 4.0, -9.0; 112
1.0, 4.0, -9.0; 95
2.0, 4.0, -9.0; 87
3.0, 4.0, -9.0; 24
4.0, 4.0, -9.0; 2
-3.0, 5.0, -9.0; 6
-2.0, 5.0, -9.0; 17
-1.0, 5.0, -9.0; 30
0.0, 5.0, -9.0; 29
1.0, 5.0, -9.0; 34
2.0, 5.0, -9.0; 10
0.0, -8.0, -8.0; 1
-3.0, -7.0, -8.0; 5
-2.0, -7.0, -8.0; 7
-1.0, -7.0, -8.0; 37
0.0, -7.0, -8.0; 361
1.0, -7.0, -8.0; 1338
2.0, -7.0, -8.0; 283
3.0, -7.0, -8.0; 6
-5.0, -6.0, -8.0; 6
-4.0, -6.0, -8.0; 9
-3.0, -6.0, -8.0; 14
-2.0, -6.0, -8.0; 21
-1.0, -6.0, -8.0; 44
0.0, -6.0, -8.0; 232
1.0, -6.0, -8.0; 917
2.0, -6.0, -8.0; 372
3.0, -6.0, -8.0; 107
4.0, -6.0, -8.0; 36
-6.0, -5.0, -8.0; 3
-5.0, -5.0, -8.0; 17
-4.0, -5.0, -8.0; 14
-3.0, -5.0, -8.0; 16
-2.0, -5.0, -8.0; 21
-1.0, -5.0, -8.0; 17
0.0, -5.0, -8.0; 25
1.0, -5.0, -8.0; 41
2.0, -5.0, -8.0; 72
3.0, -5.0, -8.0; 113
4.0, -5.0, -8.0; 171
5.0, -5.0, -8.0; 27
-7.0, -4.0, -8.0; 1
-6.0, -4.0, -8.0; 15
-5.0, -4.0, -8.0; 15
-4.0, -4.0, -8.0; 15
-3.0, -4.0, -8.0; 18
-2.0, -4.0, -8.0; 14
-1.0, -4.0, -8.0; 18
0.0, -4.0, -8.0; 20
1.0, -4.0, -8.0; 39
2.0, -4.0, -8.0; 84
3.0, -4.0, -8.0; 93
4.0, -4.0, -8.0; 119
5.0, -4.0, -8.0; 82
6.0, -4.0, -8.0; 3
-7.0, -3.0, -8.0; 17
-6.0, -3.0, -8.0; 28
-5.0, -3.0, -8.0; 28
-4.0, -3.0, -8.0; 23
-3.0, -3.0, -8.0; 18
-2.0, -3.0, -8.0; 23
-1.0, -3.0, -8.0; 20
0.0, -3.0, -8.0; 24
1.0, -3.0, -8.0; 40
2.0, -3.0, -8.0; 84
3.0, -3.0, -8.0; 71
4.0, -3.0, -8.0; 94
5.0, -3.0, -8.0; 108
6.0, -3.0, -8.0; 31
-7.0, -2.0, -8.0; 35
-6.0, -2.0, -8.0; 51
-5.0, -2.0, -8.0; 29
-4.0, -2.0, -8.0; 33
-3.0, -2.0, -8.0; 33
-2.0, -2.0, -8.0; 27
-1.0, -2.0, -8.0; 33
0.0, -2.0, -8.0; 34
1.0, -2.0, -8.0; 39
2.0, -2.0, -8.0; 47
3.0, -2.0, -8.0; 65
4.0, -2.0, -8.0; 75
5.0, -2.0, -8.0; 125
6.0, -2.0, -8.0; 70
-8.0, -1.0, -8.0; 2
-7.0, -1.0, -8.0; 62
-6.0, -1.0, -8.0; 74
-5.0, -1.0, -8.0; 32
-4.0, -1.0, -8.0; 26
-3.0, -1.0, -8.0; 73
-2.0, -1.0, -8.0; 54
-1.0, -1.0, -8.0; 27
0.0, -1.0, -8.0; 32
1.0, -1.0, -8.0; 47
2.0, -1.0, -8.0; 50
3.0, -1.0, -8.0; 60
4.0, -1.0, -8.0; 97
5.0, -1.0, -8.0; 142
6.0, -1.0, -8.0; 84
7.0, -1.0, -8.0; 1
-8.0, 0.0, -8.0; 1
-7.0, 0.0, -8.0; 43
-6.0, 0.0, -8.0; 66
-5.0, 0.0, -8.0; 34
-4.0, 0.0, -8.0; 33
-3.0, 0.0, -8.0; 35
-2.0, 0.0, -8.0; 32
-1.0, 0.0, -8.0; 26
0.0, 0.0, -8.0; 32
1.0, 0.0, -8.0; 48
2.0, 0.0, -8.0; 52
3.0, 0.0, -8.0; 70
4.0, 0.0, -8.0; 110
5.0, 0.0, -8.0; 171
6.0, 0.0, -8.0; 122
7.0, 0.0, -8.0; 3
-7.0, 1.0, -8.0; 25
-6.0, 1.0, -8.0; 65
-5.0, 1.0, -8.0; 45
-4.0, 1.0, -8.0; 44
-3.0, 1.0, -8.0; 31
-2.0, 1.0, -8.0; 42
-1.0, 1.0, -8.0; 41
0.0, 1.0, -8.0; 36
1.0, 1.0, -8.0; 64
2.0, 1.0, -8.0; 75
3.0, 1.0, -8.0; 100
4.0, 1.0, -8.0; 156
5.0, 1.0, -8.0; 184
6.0, 1.0, -8.0; 114
-7.0, 2.0, -8.0; 12
-6.0, 2.0, -8.0; 54
-5.0, 2.0, -8.0; 72
-4.0, 2.0, -8.0; 40
-3.0, 2.0, -8.0; 29
-2.0, 2.0, -8.0; 39
-1.0, 2.0, -8.0; 51
0.0, 2.0, -8.0; 48
1.0, 2.0, -8.0; 96
2.0, 2.0, -8.0; 104
3.0, 2.0, -8.0; 133
4.0, 2.0, -8.0; 183
5.0, 2.0, -8.0; 140
6.0, 2.0, -8.0; 35
-7.0, 3.0, -8.0; 2
-6.0, 3.0, -8.0; 37
-5.0, 3.0, -8.0; 71
-4.0, 3.0, -8.0; 48
-3.0, 3.0, -8.0; 38
-2.0, 3.0, -8.0; 45
-1.0, 3.0, -8.0; 62
0.0, 3.0, -8.0; 78
1.0, 3.0, -8.0; 105
2.0, 3.0, -8.0; 127
3.0, 3.0, -8.0; 128
4.0, 3.0, -8.0; 148
5.0, 3.0, -8.0; 104
6.0, 3.0, -8.0; 8
-6.0, 4.0, -8.0; 7
-5.0, 4.0, -8.0; 38
-4.0, 4.0, -8.0; 46
-3.0, 4.0, -8.0; 57
-2.0, 4.0, -8.0; 56
-1.0, 4.0, -8.0; 68
0.0, 4.0, -8.0; 75
1.0, 4.0, -8.0; 107
2.0, 4.0, -8.0; 138
3.0, 4.0, -8.0; 149
4.0, 4.0, -8.0; 92
5.0, 4.0, -8.0; 19
-5.0, 5.0, -8.0; 6
-4.0, 5.0, -8.0; 36
-3.0, 5.0, -8.0; 46
-2.0, 5.0, -8.0; 70
-1.0, 5.0, -8.0; 72
0.0, 5.0, -8.0; 99
1.0, 5.0, -8.0; 106
2.0, 5.0, -8.0; 125
3.0, 5.0, -8.0; 78
4.0, 5.0, -8.0; 30
-4.0, 6.0, -8.0; 3
-3.0, 6.0, -8.0; 18
-2.0, 6.0, -8.0; 45
-1.0, 6.0, -8.0; 45
0.0, 6.0, -8.0; 83
1.0, 6.0, -8.0; 51
2.0, 6.0, -8.0; 31
3.0, 6.0, -8.0; 6
-1.0, 7.0, -8.0; 1
-4.0, -8.0, -7.0; 1
-3.0, -8.0, -7.0; 8
-2.0, -8.0, -7.0; 10
-1.0, -8.0, -7.0; 20
0.0, -8.0, -7.0; 23
1.0, -8.0, -7.0; 46
2.0, -8.0, -7.0; 43
3.0, -8.0, -7.0; 1
-5.0, -7.0, -7.0; 9
-4.0, -7.0, -7.0; 8
-3.0, -7.0, -7.0; 21
-2.0, -7.0, -7.0; 28
-1.0, -7.0, -7.0; 42
0.0, -7.0, -7.0; 43
1.0, -7.0, -7.0; 122
2.0, -7.0, -7.0; 206
3.0, -7.0, -7.0; 59
4.0, -7.0, -7.0; 27
-6.0, -6.0, -7.0; 7
-5.0, -6.0, -7.0; 18
-4.0, -6.0, -7.0; 10
-3.0, -6.0, -7.0; 13
-2.0, -6.0, -7.0; 20
-1.0, -6.0, -7.0; 52
0.0, -6.0, -7.0; 44
1.0, -6.0, -7.0; 35
2.0, -6.0, -7.0; 51
3.0, -6.0, -7.0; 65
4.0, -6.0, -7.0; 112
5.0, -6.0, -7.0; 60
-7.0, -5.0, -7.0; 11
-6.0, -5.0, -7.0; 24
-5.0, -5.0, -7.0; 15
-4.0, -5.0, -7.0; 13
-3.0, -5.0, -7.0; 12
-2.0, -5.0, -7.0; 11
-1.0, -5.0, -7.0; 30
0.0, -5.0, -7.0; 31
1.0, -5.0, -7.0; 35
2.0, -5.0, -7.0; 50
3.0, -5.0, -7.0; 64
4.0, -5.0, -7.0; 121
5.0, -5.0, -7.0; 158
6.0, -5.0, -7.0; 34
-7.0, -4.0, -7.0; 29
-6.0, -4.0, -7.0; 17
-5.0, -4.0, -7.0; 15
-4.0, -4.0, -7.0; 25
-3.0, -4.0, -7.0; 18
-2.0, -4.0, -7.0; 22
-1.0, -4.0, -7.0; 10
0.0, -4.0, -7.0; 16
1.0, -4.0, -7.0; 13
2.0, -4.0, -7.0; 35
3.0, -4.0, -7.0; 82
4.0, -4.0, -7.0; 101
5.0, -4.0, -7.0; 153
6.0, -4.0, -7.0; 98
7.0, -4.0, -7.0; 5
-8.0, -3.0, -7.0; 11
-7.0, -3.0, -7.0; 44
-6.0, -3.0, -7.0; 17
-5.0, -3.0, -7.0; 16
-4.0, -3.0, -7.0; 11
-3.0, -3.0, -7.0; 22
-2.0, -3.0, -7.0; 10
-1.0, -3.0, -7.0; 24
0.0, -3.0, -7.0; 14
1.0, -3.0, -7.0; 24
2.0, -3.0, -7.0; 27
3.0, -3.0, -7.0; 52
4.0, -3.0, -7.0; 71
5.0, -3.0, -7.0; 125
6.0, -3.0, -7.0; 170
7.0, -3.0, -7.0; 41
-8.0, -2.0, -7.0; 31
-7.0, -2.0, -7.0; 61
-6.0, -2.0, -7.0; 26
-5.0, -2.0, -7.0; 21
-4.0, -2.0, -7.0; 37
-3.0, -2.0, -7.0; 37
-2.0, -2.0, -7.0; 17
-1.0, -2.0, -7.0; 19
0.0, -2.0, -7.0; 23
1.0, -2.0, -7.0; 29
2.0, -2.0, -7.0; 46
3.0, -2.0, -7.0; 38
4.0, -2.0, -7.0; 56
5.0, -2.0, -7.0; 161
6.0, -2.0, -7.0; 180
7.0, -2.0, -7.0; 92
-8.0, -1.0, -7.0; 60
-7.0, -1.0, -7.0; 50
-6.0, -1.0, -7.0; 25
-5.0, -1.0, -7.0; 25
-4.0, -1.0, -7.0; 28
-3.0, -1.0, -7.0; 15
-2.0, -1.0, -7.0; 11
-1.0, -1.0, -7.0; 25
0.0, -1.0, -7.0; 51
1.0, -1.0, -7.0; 136
2.0, -1.0, -7.0; 51
3.0, -1.0, -7.0; 42
4.0, -1.0, -7.0; 62
5.0, -1.0, -7.0; 143
6.0, -1.0, -7.0; 182
7.0, -1.0, -7.0; 122
-8.0, 0.0, -7.0; 25
-7.0, 0.0, -7.0; 39
-6.0, 0.0, -7.0; 17
-5.0, 0.0, -7.0; 11
-4.0, 0.0, -7.0; 18
-3.0, 0.0, -7.0; 14
-2.0, 0.0, -7.0; 25
-1.0, 0.0, -7.0; 10
0.0, 0.0, -7.0; 26
1.0, 0.0, -7.0; 48
2.0, 0.0, -7.0; 40
3.0, 0.0, -7.0; 53
4.0, 0.0, -7.0; 71
5.0, 0.0, -7.0; 142
6.0, 0.0, -7.0; 196
7.0, 0.0, -7.0; 156
-8.0, 1.0, -7.0; 21
-7.0, 1.0, -7.0; 45
-6.0, 1.0, -7.0; 24
-5.0, 1.0, -7.0; 21
-4.0, 1.0, -7.0; 15
-3.0, 1.0, -7.0; 16
-2.0, 1.0, -7.0; 10
-1.0, 1.0, -7.0; 22
0.0, 1.0, -7.0; 31
1.0, 1.0, -7.0; 51
2.0, 1.0, -7.0; 54
3.0, 1.0, -7.0; 87
4.0, 1.0, -7.0; 150
5.0, 1.0, -7.0; 189
6.0, 1.0, -7.0; 265
7.0, 1.0, -7.0; 119
-8.0, 2.0, -7.0; 8
-7.0, 2.0, -7.0; 39
-6.0, 2.0, -7.0; 37
-5.0, 2.0, -7.0; 13
-4.0, 2.0, -7.0; 16
-3.0, 2.0, -7.0; 12
-2.0, 2.0, -7.0; 22
-1.0, 2.0, -7.0; 23
0.0, 2.0, -7.0; 51
1.0, 2.0, -7.0; 81
2.0, 2.0, -7.0; 125
3.0, 2.0, -7.0; 176
4.0, 2.0, -7.0; 206
5.0, 2.0, -7.0; 238
6.0, 2.0, -7.0; 231
7.0, 2.0, -7.0; 60
-8.0, 3.0, -7.0; 1
-7.0, 3.0, -7.0; 32
-6.0, 3.0, -7.0; 40
-5.0, 3.0, -7.0; 34
-4.0, 3.0, -7.0; 24
-3.0, 3.0, -7.0; 20
-2.0, 3.0, -7.0; 12
-1.0, 3.0, -7.0; 16
0.0, 3.0, -7.0; 50
1.0, 3.0, -7.0; 124
2.0, 3.0, -7.0; 169
3.0, 3.0, -7.0; 263
4.0, 3.0, -7.0; 253
5.0, 3.0, -7.0; 222
6.0, 3.0, -7.0; 160
7.0, 3.0, -7.0; 5
-7.0, 4.0, -7.0; 9
-6.0, 4.0, -7.0; 53
-5.0, 4.0, -7.0; 43
-4.0, 4.0, -7.0; 36
-3.0, 4.0, -7.0; 17
-2.0, 4.0, -7.0; 32
-1.0, 4.0, -7.0; 37
0.0, 4.0, -7.0; 72
1.0, 4.0, -7.0; 115
2.0, 4.0, -7.0; 180
3.0, 4.0, -7.0; 236
4.0, 4.0, -7.0; 208
5.0, 4.0, -7.0; 174
6.0, 4.0, -7.0; 38
-6.0, 5.0, -7.0; 21
-5.0, 5.0, -7.0; 57
-4.0, 5.0, -7.0; 54
-3.0, 5.0, -7.0; 69
-2.0, 5.0, -7.0; 75
-1.0, 5.0, -7.0; 98
0.0, 5.0, -7.0; 86
1.0, 5.0, -7.0; 125
2.0, 5.0, -7.0; 162
3.0, 5.0, -7.0; 183
4.0, 5.0, -7.0; 156
5.0, 5.0, -7.0; 42
6.0, 5.0, -7.0; 2
-5.0, 6.0, -7.0; 12
-4.0, 6.0, -7.0; 64
-3.0, 6.0, -7.0; 95
-2.0, 6.0, -7.0; 110
-1.0, 6.0, -7.0; 103
0.0, 6.0, -7.0; 89
1.0, 6.0, -7.0; 126
2.0, 6.0, -7.0; 123
3.0, 6.0, -7.0; 101
4.0, 6.0, -7.0; 41
5.0, 6.0, -7.0; 1
-4.0, 7.0, -7.0; 2
-3.0, 7.0, -7.0; 27
-2.0, 7.0, -7.0; 44
-1.0, 7.0, -7.0; 62
0.0, 7.0, -7.0; 62
1.0, 7.0, -7.0; 46
2.0, 7.0, -7.0; 22
3.0, 7.0, -7.0; 8
-2.0, -9.0, -6.0; 2
-1.0, -9.0, -6.0; 7
0.0, -9.0, -6.0; 2
1.0, -9.0, -6.0; 3
2.0, -9.0, -6.0; 2
-5.0, -8.0, -6.0; 6
-4.0, -8.0, -6.0; 15
-3.0, -8.0, -6.0; 25
-2.0, -8.0, -6.0; 49
-1.0, -8.0, -6.0; 81
0.0, -8.0, -6.0; 51
1.0, -8.0, -6.0; 32
2.0, -8.0, -6.0; 37
3.0, -8.0, -6.0; 27
4.0, -8.0, -6.0; 17
-6.0, -7.0, -6.0; 14
-5.0, -7.0, -6.0; 15
-4.0, -7.0, -6.0; 18
-3.0, -7.0, -6.0; 14
-2.0, -7.0, -6.0; 47
-1.0, -7.0, -6.0; 80
0.0, -7.0, -6.0; 101
1.0, -7.0, -6.0; 88
2.0, -7.0, -6.0; 40
3.0, -7.0, -6.0; 40
4.0, -7.0, -6.0; 80
5.0, -7.0, -6.0; 60
-7.0, -6.0, -6.0; 14
-6.0, -6.0, -6.0; 24
-5.0, -6.0, -6.0; 9
-4.0, -6.0, -6.0; 6
-3.0, -6.0, -6.0; 14
-2.0, -6.0, -6.0; 27
-1.0, -6.0, -6.0; 97
0.0, -6.0, -6.0; 213
1.0, -6.0, -6.0; 122
2.0, -6.0, -6.0; 68
3.0, -6.0, -6.0; 49
4.0, -6.0, -6.0; 60
5.0, -6.0, -6.0; 132
6.0, -6.0, -6.0; 79
-8.0, -5.0, -6.0; 9
-7.0, -5.0, -6.0; 27
-6.0, -5.0, -6.0; 22
-5.0, -5.0, -6.0; 11
-4.0, -5.0, -6.0; 11
-3.0, -5.0, -6.0; 12
-2.0, -5.0, -6.0; 57
-1.0, -5.0, -6.0; 48
0.0, -5.0, -6.0; 60
1.0, -5.0, -6.0; 58
2.0, -5.0, -6.0; 56
3.0, -5.0, -6.0; 64
4.0, -5.0, -6.0; 51
5.0, -5.0, -6.0; 114
6.0, -5.0, -6.0; 193
7.0, -5.0, -6.0; 24
-8.0, -4.0, -6.0; 37
-7.0, -4.0, -6.0; 27
-6.0, -4.0, -6.0; 10
-5.0, -4.0, -6.0; 13
-4.0, -4.0, -6.0; 26
-3.0, -4.0, -6.0; 108
-2.0, -4.0, -6.0; 507
-1.0, -4.0, -6.0; 283
0.0, -4.0, -6.0; 42
1.0, -4.0, -6.0; 27
2.0, -4.0, -6.0; 25
3.0, -4.0, -6.0; 45
4.0, -4.0, -6.0; 59
5.0, -4.0, -6.0; 103
6.0, -4.0, -6.0; 212
7.0, -4.0, -6.0; 93
-9.0, -3.0, -6.0; 3
-8.0, -3.0, -6.0; 42
-7.0, -3.0, -6.0; 29
-6.0, -3.0, -6.0; 19
-5.0, -3.0, -6.0; 8
-4.0, -3.0, -6.0; 15
-3.0, -3.0, -6.0; 29
-2.0, -3.0, -6.0; 85
-1.0, -3.0, -6.0; 65
0.0, -3.0, -6.0; 43
1.0, -3.0, -6.0; 50
2.0, -3.0, -6.0; 48
3.0, -3.0, -6.0; 43
4.0, -3.0, -6.0; 49
5.0, -3.0, -6.0; 85
6.0, -3.0, -6.0; 164
7.0, -3.0, -6.0; 178
8.0, -3.0, -6.0; 17
-9.0, -2.0, -6.0; 13
-8.0, -2.0, -6.0; 43
-7.0, -2.0, -6.0; 21
-6.0, -2.0, -6.0; 18
-5.0, -2.0, -6.0; 13
-4.0, -2.0, -6.0; 9
-3.0, -2.0, -6.0; 9
-2.0, -2.0, -6.0; 29
-1.0, -2.0, -6.0; 115
0.0, -2.0, -6.0; 269
1.0, -2.0, -6.0; 144
2.0, -2.0, -6.0; 26
3.0, -2.0, -6.0; 36
4.0, -2.0, -6.0; 53
5.0, -2.0, -6.0; 88
6.0, -2.0, -6.0; 146
7.0, -2.0, -6.0; 221
8.0, -2.0, -6.0; 76
-9.0, -1.0, -6.0; 23
-8.0, -1.0, -6.0; 59
-7.0, -1.0, -6.0; 21
-6.0, -1.0, -6.0; 20
-5.0, -1.0, -6.0; 4
-4.0, -1.0, -6.0; 10
-3.0, -1.0, -6.0; 35
-2.0, -1.0, -6.0; 373
-1.0, -1.0, -6.0; 1323
0.0, -1.0, -6.0; 489
1.0, -1.0, -6.0; 133
2.0, -1.0, -6.0; 34
3.0, -1.0, -6.0; 61
4.0, -1.0, -6.0; 61
5.0, -1.0, -6.0; 92
6.0, -1.0, -6.0; 163
7.0, -1.0, -6.0; 245
8.0, -1.0, -6.0; 97
-9.0, 0.0, -6.0; 33
-8.0, 0.0, -6.0; 49
-7.0, 0.0, -6.0; 25
-6.0, 0.0, -6.0; 10
-5.0, 0.0, -6.0; 9
-4.0, 0.0, -6.0; 13
-3.0, 0.0, -6.0; 18
-2.0, 0.0, -6.0; 116
-1.0, 0.0, -6.0; 560
0.0, 0.0, -6.0; 186
1.0, 0.0, -6.0; 43
2.0, 0.0, -6.0; 37
3.0, 0.0, -6.0; 57
4.0, 0.0, -6.0; 68
5.0, 0.0, -6.0; 89
6.0, 0.0, -6.0; 181
7.0, 0.0, -6.0; 267
8.0, 0.0, -6.0; 109
-9.0, 1.0, -6.0; 16
-8.0, 1.0, -6.0; 42
-7.0, 1.0, -6.0; 22
-6.0, 1.0, -6.0; 9
-5.0, 1.0, -6.0; 12
-4.0, 1.0, -6.0; 14
-3.0, 1.0, -6.0; 46
-2.0, 1.0, -6.0; 55
-1.0, 1.0, -6.0; 145
0.0, 1.0, -6.0; 192
1.0, 1.0, -6.0; 56
2.0, 1.0, -6.0; 40
3.0, 1.0, -6.0; 50
4.0, 1.0, -6.0; 82
5.0, 1.0, -6.0; 139
6.0, 1.0, -6.0; 199
7.0, 1.0, -6.0; 271
8.0, 1.0, -6.0; 62
-9.0, 2.0, -6.0; 3
-8.0, 2.0, -6.0; 33
-7.0, 2.0, -6.0; 40
-6.0, 2.0, -6.0; 15
-5.0, 2.0, -6.0; 8
-4.0, 2.0, -6.0; 31
-3.0, 2.0, -6.0; 98
-2.0, 2.0, -6.0; 75
-1.0, 2.0, -6.0; 101
0.0, 2.0, -6.0; 109
1.0, 2.0, -6.0; 33
2.0, 2.0, -6.0; 46
3.0, 2.0, -6.0; 77
4.0, 2.0, -6.0; 151
5.0, 2.0, -6.0; 217
6.0, 2.0, -6.0; 237
7.0, 2.0, -6.0; 225
8.0, 2.0, -6.0; 24
-8.0, 3.0, -6.0; 17
-7.0, 3.0, -6.0; 37
-6.0, 3.0, -6.0; 24
-5.0, 3.0, -6.0; 11
-4.0, 3.0, -6.0; 18
-3.0, 3.0, -6.0; 31
-2.0, 3.0, -6.0; 51
-1.0, 3.0, -6.0; 64
0.0, 3.0, -6.0; 41
1.0, 3.0, -6.0; 36
2.0, 3.0, -6.0; 84
3.0, 3.0, -6.0; 158
4.0, 3.0, -6.0; 289
5.0, 3.0, -6.0; 296
6.0, 3.0, -6.0; 252
7.0, 3.0, -6.0; 142
8.0, 3.0, -6.0; 2
-8.0, 4.0, -6.0; 3
-7.0, 4.0, -6.0; 42
-6.0, 4.0, -6.0; 41
-5.0, 4.0, -6.0; 43
-4.0, 4.0, -6.0; 23
-3.0, 4.0, -6.0; 18
-2.0, 4.0, -6.0; 22
-1.0, 4.0, -6.0; 27
0.0, 4.0, -6.0; 49
1.0, 4.0, -6.0; 83
2.0, 4.0, -6.0; 152
3.0, 4.0, -6.0; 277
4.0, 4.0, -6.0; 321
5.0, 4.0, -6.0; 224
6.0, 4.0, -6.0; 199
7.0, 4.0, -6.0; 26
-7.0, 5.0, -6.0; 9
-6.0, 5.0, -6.0; 46
-5.0, 5.0, -6.0; 70
-4.0, 5.0, -6.0; 175
-3.0, 5.0, -6.0; 250
-2.0, 5.0, -6.0; 216
-1.0, 5.0, -6.0; 127
0.0, 5.0, -6.0; 80
1.0, 5.0, -6.0; 132
2.0, 5.0, -6.0; 234
3.0, 5.0, -6.0; 249
4.0, 5.0, -6.0; 211
5.0, 5.0, -6.0; 187
6.0, 5.0, -6.0; 54
-6.0, 6.0, -6.0; 20
-5.0, 6.0, -6.0; 47
-4.0, 6.0, -6.0; 78
-3.0, 6.0, -6.0; 254
-2.0, 6.0, -6.0; 359
-1.0, 6.0, -6.0; 359
0.0, 6.0, -6.0; 145
1.0, 6.0, -6.0; 136
2.0, 6.0, -6.0; 136
3.0, 6.0, -6.0; 171
4.0, 6.0, -6.0; 185
5.0, 6.0, -6.0; 65
-5.0, 7.0, -6.0; 11
-4.0, 7.0, -6.0; 32
-3.0, 7.0, -6.0; 61
-2.0, 7.0, -6.0; 61
-1.0, 7.0, -6.0; 122
0.0, 7.0, -6.0; 111
1.0, 7.0, -6.0; 149
2.0, 7.0, -6.0; 137
3.0, 7.0, -6.0; 82
4.0, 7.0, -6.0; 30
-3.0, 8.0, -6.0; 2
-2.0, 8.0, -6.0; 15
-1.0, 8.0, -6.0; 30
0.0, 8.0, -6.0; 32
1.0, 8.0, -6.0; 32
2.0, 8.0, -6.0; 12
-1.0, -10.0, -5.0; 1
1.0, -10.0, -5.0; 1
-5.0, -9.0, -5.0; 1
-4.0, -9.0, -5.0; 5
-3.0, -9.0, -5.0; 10
-2.0, -9.0, -5.0; 16
-1.0, -9.0, -5.0; 11
0.0, -9.0, -5.0; 23
1.0, -9.0, -5.0; 19
2.0, -9.0, -5.0; 19
3.0, -9.0, -5.0; 12
4.0, -9.0, -5.0; 1
-6.0, -8.0, -5.0; 8
-5.0, -8.0, -5.0; 67
-4.0, -8.0, -5.0; 21
-3.0, -8.0, -5.0; 34
-2.0, -8.0, -5.0; 42
-1.0, -8.0, -5.0; 97
0.0, -8.0, -5.0; 147
1.0, -8.0, -5.0; 69
2.0, -8.0, -5.0; 22
3.0, -8.0, -5.0; 32
4.0, -8.0, -5.0; 65
5.0, -8.0, -5.0; 24
-7.0, -7.0, -5.0; 15
-6.0, -7.0, -5.0; 36
-5.0, -7.0, -5.0; 18
-4.0, -7.0, -5.0; 17
-3.0, -7.0, -5.0; 22
-2.0, -7.0, -5.0; 36
-1.0, -7.0, -5.0; 81
0.0, -7.0, -5.0; 288
1.0, -7.0, -5.0; 438
2.0, -7.0, -5.0; 162
3.0, -7.0, -5.0; 36
4.0, -7.0, -5.0; 51
5.0, -7.0, -5.0; 95
6.0, -7.0, -5.0; 45
-8.0, -6.0, -5.0; 5
-7.0, -6.0, -5.0; 20
-6.0, -6.0, -5.0; 22
-5.0, -6.0, -5.0; 10
-4.0, -6.0, -5.0; 18
-3.0, -6.0, -5.0; 14
-2.0, -6.0, -5.0; 10
-1.0, -6.0, -5.0; 28
0.0, -6.0, -5.0; 107
1.0, -6.0, -5.0; 330
2.0, -6.0, -5.0; 326
3.0, -6.0, -5.0; 78
4.0, -6.0, -5.0; 62
5.0, -6.0, -5.0; 105
6.0, -6.0, -5.0; 235
7.0, -6.0, -5.0; 32
-8.0, -5.0, -5.0; 43
-7.0, -5.0, -5.0; 20
-6.0, -5.0, -5.0; 13
-5.0, -5.0, -5.0; 8
-4.0, -5.0, -5.0; 21
-3.0, -5.0, -5.0; 128
-2.0, -5.0, -5.0; 515
-1.0, -5.0, -5.0; 594
0.0, -5.0, -5.0; 194
1.0, -5.0, -5.0; 41
2.0, -5.0, -5.0; 93
3.0, -5.0, -5.0; 73
4.0, -5.0, -5.0; 70
5.0, -5.0, -5.0; 85
6.0, -5.0, -5.0; 261
7.0, -5.0, -5.0; 159
8.0, -5.0, -5.0; 1
-9.0, -4.0, -5.0; 13
-8.0, -4.0, -5.0; 52
-7.0, -4.0, -5.0; 14
-6.0, -4.0, -5.0; 10
-5.0, -4.0, -5.0; 16
-4.0, -4.0, -5.0; 68
-3.0, -4.0, -5.0; 196
-2.0, -4.0, -5.0; 429
-1.0, -4.0, -5.0; 459
0.0, -4.0, -5.0; 208
1.0, -4.0, -5.0; 165
2.0, -4.0, -5.0; 62
3.0, -4.0, -5.0; 20
4.0, -4.0, -5.0; 58
5.0, -4.0, -5.0; 83
6.0, -4.0, -5.0; 146
7.0, -4.0, -5.0; 157
8.0, -4.0, -5.0; 49
-9.0, -3.0, -5.0; 47
-8.0, -3.0, -5.0; 55
-7.0, -3.0, -5.0; 22
-6.0, -3.0, -5.0; 16
-5.0, -3.0, -5.0; 8
-4.0, -3.0, -5.0; 17
-3.0, -3.0, -5.0; 25
-2.0, -3.0, -5.0; 19
-1.0, -3.0, -5.0; 24
0.0, -3.0, -5.0; 62
1.0, -3.0, -5.0; 170
2.0, -3.0, -5.0; 131
3.0, -3.0, -5.0; 25
4.0, -3.0, -5.0; 38
5.0, -3.0, -5.0; 99
6.0, -3.0, -5.0; 136
7.0, -3.0, -5.0; 173
8.0, -3.0, -5.0; 151
-9.0, -2.0, -5.0; 47
-8.0, -2.0, -5.0; 43
-7.0, -2.0, -5.0; 17
-6.0, -2.0, -5.0; 6
-5.0, -2.0, -5.0; 7
-4.0, -2.0, -5.0; 6
-3.0, -2.0, -5.0; 10
-2.0, -2.0, -5.0; 14
-1.0, -2.0, -5.0; 47
0.0, -2.0, -5.0; 123
1.0, -2.0, -5.0; 130
2.0, -2.0, -5.0; 58
3.0, -2.0, -5.0; 15
4.0, -2.0, -5.0; 31
5.0, -2.0, -5.0; 78
6.0, -2.0, -5.0; 141
7.0, -2.0, -5.0; 183
8.0, -2.0, -5.0; 228
9.0, -2.0, -5.0; 1
-10.0, -1.0, -5.0; 1
-9.0, -1.0, -5.0; 56
-8.0, -1.0, -5.0; 27
-7.0, -1.0, -5.0; 16
-6.0, -1.0, -5.0; 10
-5.0, -1.0, -5.0; 5
-4.0, -1.0, -5.0; 29
-3.0, -1.0, -5.0; 130
-2.0, -1.0, -5.0; 408
-1.0, -1.0, -5.0; 991
0.0, -1.0, -5.0; 431
1.0, -1.0, -5.0; 96
2.0, -1.0, -5.0; 27
3.0, -1.0, -5.0; 15
4.0, -1.0, -5.0; 30
5.0, -1.0, -5.0; 93
6.0, -1.0, -5.0; 188
7.0, -1.0, -5.0; 197
8.0, -1.0, -5.0; 267
9.0, -1.0, -5.0; 3
-10.0, 0.0, -5.0; 3
-9.0, 0.0, -5.0; 49
-8.0, 0.0, -5.0; 32
-7.0, 0.0, -5.0; 18
-6.0, 0.0, -5.0; 7
-5.0, 0.0, -5.0; 10
-4.0, 0.0, -5.0; 42
-3.0, 0.0, -5.0; 66
-2.0, 0.0, -5.0; 306
-1.0, 0.0, -5.0; 901
0.0, 0.0, -5.0; 402
1.0, 0.0, -5.0; 65
2.0, 0.0, -5.0; 20
3.0, 0.0, -5.0; 18
4.0, 0.0, -5.0; 39
5.0, 0.0, -5.0; 95
6.0, 0.0, -5.0; 168
7.0, 0.0, -5.0; 194
8.0, 0.0, -5.0; 231
9.0, 0.0, -5.0; 8
-9.0, 1.0, -5.0; 49
-8.0, 1.0, -5.0; 28
-7.0, 1.0, -5.0; 17
-6.0, 1.0, -5.0; 5
-5.0, 1.0, -5.0; 24
-4.0, 1.0, -5.0; 265
-3.0, 1.0, -5.0; 114
-2.0, 1.0, -5.0; 20
-1.0, 1.0, -5.0; 55
0.0, 1.0, -5.0; 171
1.0, 1.0, -5.0; 67
2.0, 1.0, -5.0; 26
3.0, 1.0, -5.0; 46
4.0, 1.0, -5.0; 89
5.0, 1.0, -5.0; 130
6.0, 1.0, -5.0; 185
7.0, 1.0, -5.0; 224
8.0, 1.0, -5.0; 257
9.0, 1.0, -5.0; 1
-9.0, 2.0, -5.0; 33
-8.0, 2.0, -5.0; 27
-7.0, 2.0, -5.0; 9
-6.0, 2.0, -5.0; 3
-5.0, 2.0, -5.0; 26
-4.0, 2.0, -5.0; 815
-3.0, 2.0, -5.0; 968
-2.0, 2.0, -5.0; 149
-1.0, 2.0, -5.0; 123
0.0, 2.0, -5.0; 296
1.0, 2.0, -5.0; 78
2.0, 2.0, -5.0; 44
3.0, 2.0, -5.0; 44
4.0, 2.0, -5.0; 107
5.0, 2.0, -5.0; 181
6.0, 2.0, -5.0; 223
7.0, 2.0, -5.0; 275
8.0, 2.0, -5.0; 184
-9.0, 3.0, -5.0; 12
-8.0, 3.0, -5.0; 40
-7.0, 3.0, -5.0; 38
-6.0, 3.0, -5.0; 15
-5.0, 3.0, -5.0; 12
-4.0, 3.0, -5.0; 229
-3.0, 3.0, -5.0; 455
-2.0, 3.0, -5.0; 144
-1.0, 3.0, -5.0; 103
0.0, 3.0, -5.0; 100
1.0, 3.0, -5.0; 45
2.0, 3.0, -5.0; 28
3.0, 3.0, -5.0; 63
4.0, 3.0, -5.0; 169
5.0, 3.0, -5.0; 284
6.0, 3.0, -5.0; 267
7.0, 3.0, -5.0; 254
8.0, 3.0, -5.0; 62
-9.0, 4.0, -5.0; 1
-8.0, 4.0, -5.0; 23
-7.0, 4.0, -5.0; 43
-6.0, 4.0, -5.0; 60
-5.0, 4.0, -5.0; 28
-4.0, 4.0, -5.0; 22
-3.0, 4.0, -5.0; 29
-2.0, 4.0, -5.0; 49
-1.0, 4.0, -5.0; 104
0.0, 4.0, -5.0; 39
1.0, 4.0, -5.0; 38
2.0, 4.0, -5.0; 73
3.0, 4.0, -5.0; 111
4.0, 4.0, -5.0; 342
5.0, 4.0, -5.0; 328
6.0, 4.0, -5.0; 230
7.0, 4.0, -5.0; 169
8.0, 4.0, -5.0; 2
-8.0, 5.0, -5.0; 9
-7.0, 5.0, -5.0; 34
-6.0, 5.0, -5.0; 68
-5.0, 5.0, -5.0; 133
-4.0, 5.0, -5.0; 144
-3.0, 5.0, -5.0; 80
-2.0, 5.0, -5.0; 41
-1.0, 5.0, -5.0; 65
0.0, 5.0, -5.0; 80
1.0, 5.0, -5.0; 82
2.0, 5.0, -5.0; 171
3.0, 5.0, -5.0; 269
4.0, 5.0, -5.0; 286
5.0, 5.0, -5.0; 203
6.0, 5.0, -5.0; 214
7.0, 5.0, -5.0; 31
-7.0, 6.0, -5.0; 1
-6.0, 6.0, -5.0; 34
-5.0, 6.0, -5.0; 71
-4.0, 6.0, -5.0; 240
-3.0, 6.0, -5.0; 362
-2.0, 6.0, -5.0; 295
-1.0, 6.0, -5.0; 236
0.0, 6.0, -5.0; 191
1.0, 6.0, -5.0; 150
2.0, 6.0, -5.0; 149
3.0, 6.0, -5.0; 208
4.0, 6.0, -5.0; 171
5.0, 6.0, -5.0; 170
6.0, 6.0, -5.0; 57
-6.0, 7.0, -5.0; 5
-5.0, 7.0, -5.0; 25
-4.0, 7.0, -5.0; 45
-3.0, 7.0, -5.0; 92
-2.0, 7.0, -5.0; 140
-1.0, 7.0, -5.0; 98
0.0, 7.0, -5.0; 129
1.0, 7.0, -5.0; 134
2.0, 7.0, -5.0; 153
3.0, 7.0, -5.0; 139
4.0, 7.0, -5.0; 110
5.0, 7.0, -5.0; 33
-5.0, 8.0, -5.0; 1
-4.0, 8.0, -5.0; 12
-3.0, 8.0, -5.0; 16
-2.0, 8.0, -5.0; 41
-1.0, 8.0, -5.0; 74
0.0, 8.0, -5.0; 116
1.0, 8.0, -5.0; 88
2.0, 8.0, -5.0; 72
3.0, 8.0, -5.0; 35
4.0, 8.0, -5.0; 1
-1.0, 9.0, -5.0; 1
0.0, 9.0, -5.0; 2
-3.0, -10.0, -4.0; 1
-2.0, -10.0, -4.0; 11
-1.0, -10.0, -4.0; 9
0.0, -10.0, -4.0; 13
1.0, -10.0, -4.0; 7
2.0, -10.0, -4.0; 2
-5.0, -9.0, -4.0; 24
-4.0, -9.0, -4.0; 32
-3.0, -9.0, -4.0; 10
-2.0, -9.0, -4.0; 22
-1.0, -9.0, -4.0; 26
0.0, -9.0, -4.0; 32
1.0, -9.0, -4.0; 24
2.0, -9.0, -4.0; 29
3.0, -9.0, -4.0; 28
4.0, -9.0, -4.0; 15
-7.0, -8.0, -4.0; 1
-6.0, -8.0, -4.0; 30
-5.0, -8.0, -4.0; 91
-4.0, -8.0, -4.0; 21
-3.0, -8.0, -4.0; 11
-2.0, -8.0, -4.0; 30
-1.0, -8.0, -4.0; 41
0.0, -8.0, -4.0; 83
1.0, -8.0, -4.0; 88
2.0, -8.0, -4.0; 48
3.0, -8.0, -4.0; 34
4.0, -8.0, -4.0; 53
5.0, -8.0, -4.0; 55
6.0, -8.0, -4.0; 4
-7.0, -7.0, -4.0; 44
-6.0, -7.0, -4.0; 36
-5.0, -7.0, -4.0; 22
-4.0, -7.0, -4.0; 19
-3.0, -7.0, -4.0; 12
-2.0, -7.0, -4.0; 18
-1.0, -7.0, -4.0; 61
0.0, -7.0, -4.0; 239
1.0, -7.0, -4.0; 515
2.0, -7.0, -4.0; 433
3.0, -7.0, -4.0; 70
4.0, -7.0, -4.0; 59
5.0, -7.0, -4.0; 69
6.0, -7.0, -4.0; 124
7.0, -7.0, -4.0; 8
-8.0, -6.0, -4.0; 21
-7.0, -6.0, -4.0; 39
-6.0, -6.0, -4.0; 14
-5.0, -6.0, -4.0; 7
-4.0, -6.0, -4.0; 3
-2.0, -6.0, -4.0; 9
-1.0, -6.0, -4.0; 45
0.0, -6.0, -4.0; 89
1.0, -6.0, -4.0; 256
2.0, -6.0, -4.0; 459
3.0, -6.0, -4.0; 163
4.0, -6.0, -4.0; 66
5.0, -6.0, -4.0; 78
6.0, -6.0, -4.0; 209
7.0, -6.0, -4.0; 183
-9.0, -5.0, -4.0; 20
-8.0, -5.0, -4.0; 46
-7.0, -5.0, -4.0; 18
-6.0, -5.0, -4.0; 7
-5.0, -5.0, -4.0; 4
-4.0, -5.0, -4.0; 3
-3.0, -5.0, -4.0; 3
-2.0, -5.0, -4.0; 1
-1.0, -5.0, -4.0; 27
0.0, -5.0, -4.0; 153
1.0, -5.0, -4.0; 222
2.0, -5.0, -4.0; 108
3.0, -5.0, -4.0; 77
4.0, -5.0, -4.0; 54
5.0, -5.0, -4.0; 68
6.0, -5.0, -4.0; 146
7.0, -5.0, -4.0; 258
8.0, -5.0, -4.0; 54
-9.0, -4.0, -4.0; 46
-8.0, -4.0, -4.0; 47
-7.0, -4.0, -4.0; 13
-6.0, -4.0, -4.0; 5
-5.0, -4.0, -4.0; 13
-4.0, -4.0, -4.0; 4
-3.0, -4.0, -4.0; 1
-2.0, -4.0, -4.0; 1
-1.0, -4.0, -4.0; 5
0.0, -4.0, -4.0; 41
1.0, -4.0, -4.0; 161
2.0, -4.0, -4.0; 91
3.0, -4.0, -4.0; 44
4.0, -4.0, -4.0; 22
5.0, -4.0, -4.0; 60
6.0, -4.0, -4.0; 125
7.0, -4.0, -4.0; 186
8.0, -4.0, -4.0; 134
-10.0, -3.0, -4.0; 9
-9.0, -3.0, -4.0; 79
-8.0, -3.0, -4.0; 40
-7.0, -3.0, -4.0; 17
-6.0, -3.0, -4.0; 4
-5.0, -3.0, -4.0; 3
-4.0, -3.0, -4.0; 1
0.0, -3.0, -4.0; 3
1.0, -3.0, -4.0; 21
2.0, -3.0, -4.0; 34
3.0, -3.0, -4.0; 25
4.0, -3.0, -4.0; 32
5.0, -3.0, -4.0; 66
6.0, -3.0, -4.0; 124
7.0, -3.0, -4.0; 172
8.0, -3.0, -4.0; 260
9.0, -3.0, -4.0; 26
-10.0, -2.0, -4.0; 16
-9.0, -2.0, -4.0; 67
-8.0, -2.0, -4.0; 19
-7.0, -2.0, -4.0; 13
-6.0, -2.0, -4.0; 2
-5.0, -2.0, -4.0; 3
-4.0, -2.0, -4.0; 3
0.0, -2.0, -4.0; 1
1.0, -2.0, -4.0; 2
2.0, -2.0, -4.0; 4
3.0, -2.0, -4.0; 4
4.0, -2.0, -4.0; 10
5.0, -2.0, -4.0; 40
6.0, -2.0, -4.0; 113
7.0, -2.0, -4.0; 200
8.0, -2.0, -4.0; 294
9.0, -2.0, -4.0; 72
-10.0, -1.0, -4.0; 21
-9.0, -1.0, -4.0; 47
-8.0, -1.0, -4.0; 29
-7.0, -1.0, -4.0; 8
-6.0, -1.0, -4.0; 9
-5.0, -1.0, -4.0; 8
-4.0, -1.0, -4.0; 6
-3.0, -1.0, -4.0; 1
-2.0, -1.0, -4.0; 1
1.0, -1.0, -4.0; 1
2.0, -1.0, -4.0; 1
3.0, -1.0, -4.0; 1
4.0, -1.0, -4.0; 3
5.0, -1.0, -4.0; 24
6.0, -1.0, -4.0; 166
7.0, -1.0, -4.0; 257
8.0, -1.0, -4.0; 263
9.0, -1.0, -4.0; 105
-10.0, 0.0, -4.0; 25
-9.0, 0.0, -4.0; 41
-8.0, 0.0, -4.0; 20
-7.0, 0.0, -4.0; 11
-6.0, 0.0, -4.0; 4
-5.0, 0.0, -4.0; 19
-4.0, 0.0, -4.0; 20
-1.0, 0.0, -4.0; 1
1.0, 0.0, -4.0; 2
2.0, 0.0, -4.0; 1
3.0, 0.0, -4.0; 2
4.0, 0.0, -4.0; 9
5.0, 0.0, -4.0; 59
6.0, 0.0, -4.0; 188
7.0, 0.0, -4.0; 228
8.0, 0.0, -4.0; 243
9.0, 0.0, -4.0; 102
-10.0, 1.0, -4.0; 12
-9.0, 1.0, -4.0; 43
-8.0, 1.0, -4.0; 30
-7.0, 1.0, -4.0; 13
-6.0, 1.0, -4.0; 7
-5.0, 1.0, -4.0; 129
-4.0, 1.0, -4.0; 179
-3.0, 1.0, -4.0; 1
2.0, 1.0, -4.0; 2
3.0, 1.0, -4.0; 6
4.0, 1.0, -4.0; 39
5.0, 1.0, -4.0; 138
6.0, 1.0, -4.0; 177
7.0, 1.0, -4.0; 230
8.0, 1.0, -4.0; 272
9.0, 1.0, -4.0; 75
-10.0, 2.0, -4.0; 3
-9.0, 2.0, -4.0; 39
-8.0, 2.0, -4.0; 21
-7.0, 2.0, -4.0; 5
-6.0, 2.0, -4.0; 6
-5.0, 2.0, -4.0; 164
-4.0, 2.0, -4.0; 328
-3.0, 2.0, -4.0; 17
-1.0, 2.0, -4.0; 1
0.0, 2.0, -4.0; 1
1.0, 2.0, -4.0; 9
2.0, 2.0, -4.0; 16
3.0, 2.0, -4.0; 19
4.0, 2.0, -4.0; 68
5.0, 2.0, -4.0; 187
6.0, 2.0, -4.0; 230
7.0, 2.0, -4.0; 248
8.0, 2.0, -4.0; 271
9.0, 2.0, -4.0; 21
-9.0, 3.0, -4.0; 31
-8.0, 3.0, -4.0; 20
-7.0, 3.0, -4.0; 25
-6.0, 3.0, -4.0; 9
-5.0, 3.0, -4.0; 41
-4.0, 3.0, -4.0; 80
-3.0, 3.0, -4.0; 11
-2.0, 3.0, -4.0; 51
-1.0, 3.0, -4.0; 78
0.0, 3.0, -4.0; 4
1.0, 3.0, -4.0; 23
2.0, 3.0, -4.0; 23
3.0, 3.0, -4.0; 35
4.0, 3.0, -4.0; 96
5.0, 3.0, -4.0; 219
6.0, 3.0, -4.0; 248
7.0, 3.0, -4.0; 261
8.0, 3.0, -4.0; 199
-9.0, 4.0, -4.0; 7
-8.0, 4.0, -4.0; 27
-7.0, 4.0, -4.0; 39
-6.0, 4.0, -4.0; 16
-5.0, 4.0, -4.0; 16
-4.0, 4.0, -4.0; 8
-3.0, 4.0, -4.0; 3
-2.0, 4.0, -4.0; 57
-1.0, 4.0, -4.0; 170
0.0, 4.0, -4.0; 22
1.0, 4.0, -4.0; 33
2.0, 4.0, -4.0; 31
3.0, 4.0, -4.0; 61
4.0, 4.0, -4.0; 199
5.0, 4.0, -4.0; 318
6.0, 4.0, -4.0; 240
7.0, 4.0, -4.0; 267
8.0, 4.0, -4.0; 47
-8.0, 5.0, -4.0; 12
-7.0, 5.0, -4.0; 39
-6.0, 5.0, -4.0; 88
-5.0, 5.0, -4.0; 35
-4.0, 5.0, -4.0; 4
-3.0, 5.0, -4.0; 3
-2.0, 5.0, -4.0; 7
-1.0, 5.0, -4.0; 32
0.0, 5.0, -4.0; 30
1.0, 5.0, -4.0; 59
2.0, 5.0, -4.0; 93
3.0, 5.0, -4.0; 156
4.0, 5.0, -4.0; 305
5.0, 5.0, -4.0; 218
6.0, 5.0, -4.0; 218
7.0, 5.0, -4.0; 136
-7.0, 6.0, -4.0; 17
-6.0, 6.0, -4.0; 74
-5.0, 6.0, -4.0; 178
-4.0, 6.0, -4.0; 104
-3.0, 6.0, -4.0; 44
-2.0, 6.0, -4.0; 34
-1.0, 6.0, -4.0; 30
0.0, 6.0, -4.0; 55
1.0, 6.0, -4.0; 105
2.0, 6.0, -4.0; 137
3.0, 6.0, -4.0; 200
4.0, 6.0, -4.0; 205
5.0, 6.0, -4.0; 172
6.0, 6.0, -4.0; 157
7.0, 6.0, -4.0; 9
-6.0, 7.0, -4.0; 25
-5.0, 7.0, -4.0; 62
-4.0, 7.0, -4.0; 132
-3.0, 7.0, -4.0; 102
-2.0, 7.0, -4.0; 72
-1.0, 7.0, -4.0; 47
0.0, 7.0, -4.0; 79
1.0, 7.0, -4.0; 132
2.0, 7.0, -4.0; 133
3.0, 7.0, -4.0; 137
4.0, 7.0, -4.0; 194
5.0, 7.0, -4.0; 90
6.0, 7.0, -4.0; 3
-6.0, 8.0, -4.0; 1
-5.0, 8.0, -4.0; 15
-4.0, 8.0, -4.0; 36
-3.0, 8.0, -4.0; 51
-2.0, 8.0, -4.0; 41
-1.0, 8.0, -4.0; 54
0.0, 8.0, -4.0; 87
1.0, 8.0, -4.0; 141
2.0, 8.0, -4.0; 123
3.0, 8.0, -4.0; 93
4.0, 8.0, -4.0; 26
-3.0, 9.0, -4.0; 6
-2.0, 9.0, -4.0; 12
-1.0, 9.0, -4.0; 33
0.0, 9.0, -4.0; 43
1.0, 9.0, -4.0; 26
2.0, 9.0, -4.0; 6
-3.0, -10.0, -3.0; 7
-2.0, -10.0, -3.0; 11
-1.0, -10.0, -3.0; 12
0.0, -10.0, -3.0; 19
1.0, -10.0, -3.0; 8
2.0, -10.0, -3.0; 9
3.0, -10.0, -3.0; 4
-6.0, -9.0, -3.0; 3
-5.0, -9.0, -3.0; 27
-4.0, -9.0, -3.0; 20
-3.0, -9.0, -3.0; 9
-2.0, -9.0, -3.0; 19
-1.0, -9.0, -3.0; 22
0.0, -9.0, -3.0; 28
1.0, -9.0, -3.0; 50
2.0, -9.0, -3.0; 30
3.0, -9.0, -3.0; 42
4.0, -9.0, -3.0; 42
5.0, -9.0, -3.0; 8
-7.0, -8.0, -3.0; 8
-6.0, -8.0, -3.0; 32
-5.0, -8.0, -3.0; 44
-4.0, -8.0, -3.0; 19
-3.0, -8.0, -3.0; 13
-2.0, -8.0, -3.0; 14
-1.0, -8.0, -3.0; 28
0.0, -8.0, -3.0; 46
1.0, -8.0, -3.0; 120
2.0, -8.0, -3.0; 65
3.0, -8.0, -3.0; 41
4.0, -8.0, -3.0; 51
5.0, -8.0, -3.0; 96
6.0, -8.0, -3.0; 33
-8.0, -7.0, -3.0; 12
-7.0, -7.0, -3.0; 43
-6.0, -7.0, -3.0; 34
-5.0, -7.0, -3.0; 15
-4.0, -7.0, -3.0; 10
-3.0, -7.0, -3.0; 5
-2.0, -7.0, -3.0; 1
-1.0, -7.0, -3.0; 24
0.0, -7.0, -3.0; 104
1.0, -7.0, -3.0; 209
2.0, -7.0, -3.0; 219
3.0, -7.0, -3.0; 98
4.0, -7.0, -3.0; 45
5.0, -7.0, -3.0; 69
6.0, -7.0, -3.0; 128
7.0, -7.0, -3.0; 60
-9.0, -6.0, -3.0; 7
-8.0, -6.0, -3.0; 37
-7.0, -6.0, -3.0; 22
-6.0, -6.0, -3.0; 10
-5.0, -6.0, -3.0; 4
-3.0, -6.0, -3.0; 1
-1.0, -6.0, -3.0; 13
0.0, -6.0, -3.0; 86
1.0, -6.0, -3.0; 165
2.0, -6.0, -3.0; 244
3.0, -6.0, -3.0; 183
4.0, -6.0, -3.0; 68
5.0, -6.0, -3.0; 85
6.0, -6.0, -3.0; 153
7.0, -6.0, -3.0; 277
8.0, -6.0, -3.0; 17
-9.0, -5.0, -3.0; 37
-8.0, -5.0, -3.0; 27
-7.0, -5.0, -3.0; 13
-6.0, -5.0, -3.0; 2
-5.0, -5.0, -3.0; 2
0.0, -5.0, -3.0; 16
1.0, -5.0, -3.0; 102
2.0, -5.0, -3.0; 93
3.0, -5.0, -3.0; 62
4.0, -5.0, -3.0; 38
5.0, -5.0, -3.0; 61
6.0, -5.0, -3.0; 116
7.0, -5.0, -3.0; 227
8.0, -5.0, -3.0; 119
-10.0, -4.0, -3.0; 4
-9.0, -4.0, -3.0; 81
-8.0, -4.0, -3.0; 38
-7.0, -4.0, -3.0; 7
-6.0, -4.0, -3.0; 1
0.0, -4.0, -3.0; 2
1.0, -4.0, -3.0; 28
2.0, -4.0, -3.0; 26
3.0, -4.0, -3.0; 38
4.0, -4.0, -3.0; 36
5.0, -4.0, -3.0; 55
6.0, -4.0, -3.0; 109
7.0, -4.0, -3.0; 203
8.0, -4.0, -3.0; 248
9.0, -4.0, -3.0; 19
-10.0, -3.0, -3.0; 37
-9.0, -3.0, -3.0; 78
-8.0, -3.0, -3.0; 25
-7.0, -3.0, -3.0; 10
-6.0, -3.0, -3.0; 2
1.0, -3.0, -3.0; 1
2.0, -3.0, -3.0; 2
3.0, -3.0, -3.0; 11
4.0, -3.0, -3.0; 11
5.0, -3.0, -3.0; 38
6.0, -3.0, -3.0; 84
7.0, -3.0, -3.0; 199
8.0, -3.0, -3.0; 310
9.0, -3.0, -3.0; 105
-10.0, -2.0, -3.0; 37
-9.0, -2.0, -3.0; 39
-8.0, -2.0, -3.0; 25
-7.0, -2.0, -3.0; 11
-6.0, -2.0, -3.0; 3
-4.0, -2.0, -3.0; 1
4.0, -2.0, -3.0; 6
5.0, -2.0, -3.0; 13
6.0, -2.0, -3.0; 62
7.0, -2.0, -3.0; 226
8.0, -2.0, -3.0; 324
9.0, -2.0, -3.0; 150
-10.0, -1.0, -3.0; 40
-9.0, -1.0, -3.0; 51
-8.0, -1.0, -3.0; 26
-7.0, -1.0, -3.0; 3
-5.0, -1.0, -3.0; 5
5.0, -1.0, -3.0; 5
6.0, -1.0, -3.0; 78
7.0, -1.0, -3.0; 315
8.0, -1.0, -3.0; 289
9.0, -1.0, -3.0; 159
-10.0, 0.0, -3.0; 39
-9.0, 0.0, -3.0; 42
-8.0, 0.0, -3.0; 18
-7.0, 0.0, -3.0; 7
-6.0, 0.0, -3.0; 3
-5.0, 0.0, -3.0; 20
-4.0, 0.0, -3.0; 1
4.0, 0.0, -3.0; 2
5.0, 0.0, -3.0; 24
6.0, 0.0, -3.0; 120
7.0, 0.0, -3.0; 284
8.0, 0.0, -3.0; 283
9.0, 0.0, -3.0; 145
-10.0, 1.0, -3.0; 32
-9.0, 1.0, -3.0; 43
-8.0, 1.0, -3.0; 17
-7.0, 1.0, -3.0; 2
-6.0, 1.0, -3.0; 16
-5.0, 1.0, -3.0; 63
3.0, 1.0, -3.0; 1
4.0, 1.0, -3.0; 19
5.0, 1.0, -3.0; 176
6.0, 1.0, -3.0; 213
7.0, 1.0, -3.0; 239
8.0, 1.0, -3.0; 274
9.0, 1.0, -3.0; 176
-10.0, 2.0, -3.0; 11
-9.0, 2.0, -3.0; 34
-8.0, 2.0, -3.0; 14
-7.0, 2.0, -3.0; 8
-6.0, 2.0, -3.0; 15
-5.0, 2.0, -3.0; 56
-4.0, 2.0, -3.0; 1
-3.0, 2.0, -3.0; 1
0.0, 2.0, -3.0; 1
2.0, 2.0, -3.0; 3
3.0, 2.0, -3.0; 11
4.0, 2.0, -3.0; 69
5.0, 2.0, -3.0; 236
6.0, 2.0, -3.0; 218
7.0, 2.0, -3.0; 244
8.0, 2.0, -3.0; 276
9.0, 2.0, -3.0; 114
-10.0, 3.0, -3.0; 4
-9.0, 3.0, -3.0; 30
-8.0, 3.0, -3.0; 19
-7.0, 3.0, -3.0; 13
-6.0, 3.0, -3.0; 7
-5.0, 3.0, -3.0; 11
-4.0, 3.0, -3.0; 1
-3.0, 3.0, -3.0; 1
-2.0, 3.0, -3.0; 1
1.0, 3.0, -3.0; 4
2.0, 3.0, -3.0; 13
3.0, 3.0, -3.0; 30
4.0, 3.0, -3.0; 120
5.0, 3.0, -3.0; 241
6.0, 3.0, -3.0; 204
7.0, 3.0, -3.0; 243
8.0, 3.0, -3.0; 271
9.0, 3.0, -3.0; 32
-9.0, 4.0, -3.0; 19
-8.0, 4.0, -3.0; 26
-7.0, 4.0, -3.0; 23
-6.0, 4.0, -3.0; 11
-5.0, 4.0, -3.0; 3
-4.0, 4.0, -3.0; 3
-3.0, 4.0, -3.0; 1
0.0, 4.0, -3.0; 3
1.0, 4.0, -3.0; 37
2.0, 4.0, -3.0; 41
3.0, 4.0, -3.0; 54
4.0, 4.0, -3.0; 165
5.0, 4.0, -3.0; 237
6.0, 4.0, -3.0; 196
7.0, 4.0, -3.0; 242
8.0, 4.0, -3.0; 158
-8.0, 5.0, -3.0; 27
-7.0, 5.0, -3.0; 38
-6.0, 5.0, -3.0; 23
-5.0, 5.0, -3.0; 4
-4.0, 5.0, -3.0; 1
-3.0, 5.0, -3.0; 1
-1.0, 5.0, -3.0; 3
0.0, 5.0, -3.0; 19
1.0, 5.0, -3.0; 63
2.0, 5.0, -3.0; 70
3.0, 5.0, -3.0; 109
4.0, 5.0, -3.0; 206
5.0, 5.0, -3.0; 218
6.0, 5.0, -3.0; 207
7.0, 5.0, -3.0; 208
8.0, 5.0, -3.0; 18
-8.0, 6.0, -3.0; 7
-7.0, 6.0, -3.0; 46
-6.0, 6.0, -3.0; 56
-5.0, 6.0, -3.0; 55
-4.0, 6.0, -3.0; 13
-3.0, 6.0, -3.0; 3
-2.0, 6.0, -3.0; 15
-1.0, 6.0, -3.0; 25
0.0, 6.0, -3.0; 30
1.0, 6.0, -3.0; 72
2.0, 6.0, -3.0; 87
3.0, 6.0, -3.0; 181
4.0, 6.0, -3.0; 207
5.0, 6.0, -3.0; 179
6.0, 6.0, -3.0; 229
7.0, 6.0, -3.0; 41
-7.0, 7.0, -3.0; 17
-6.0, 7.0, -3.0; 51
-5.0, 7.0, -3.0; 75
-4.0, 7.0, -3.0; 89
-3.0, 7.0, -3.0; 90
-2.0, 7.0, -3.0; 51
-1.0, 7.0, -3.0; 42
0.0, 7.0, -3.0; 67
1.0, 7.0, -3.0; 81
2.0, 7.0, -3.0; 161
3.0, 7.0, -3.0; 156
4.0, 7.0, -3.0; 160
5.0, 7.0, -3.0; 180
6.0, 7.0, -3.0; 48
-6.0, 8.0, -3.0; 4
-5.0, 8.0, -3.0; 66
-4.0, 8.0, -3.0; 49
-3.0, 8.0, -3.0; 36
-2.0, 8.0, -3.0; 34
-1.0, 8.0, -3.0; 45
0.0, 8.0, -3.0; 69
1.0, 8.0, -3.0; 110
2.0, 8.0, -3.0; 105
3.0, 8.0, -3.0; 157
4.0, 8.0, -3.0; 104
5.0, 8.0, -3.0; 20
-4.0, 9.0, -3.0; 10
-3.0, 9.0, -3.0; 23
-2.0, 9.0, -3.0; 33
-1.0, 9.0, -3.0; 34
0.0, 9.0, -3.0; 48
1.0, 9.0, -3.0; 65
2.0, 9.0, -3.0; 42
3.0, 9.0, -3.0; 13
-5.0, -10.0, -2.0; 1
-4.0, -10.0, -2.0; 8
-3.0, -10.0, -2.0; 12
-2.0, -10.0, -2.0; 12
-1.0, -10.0, -2.0; 24
0.0, -10.0, -2.0; 23
1.0, -10.0, -2.0; 20
2.0, -10.0, -2.0; 17
3.0, -10.0, -2.0; 25
-6.0, -9.0, -2.0; 5
-5.0, -9.0, -2.0; 39
-4.0, -9.0, -2.0; 21
-3.0, -9.0, -2.0; 15
-2.0, -9.0, -2.0; 16
-1.0, -9.0, -2.0; 27
0.0, -9.0, -2.0; 26
1.0, -9.0, -2.0; 49
2.0, -9.0, -2.0; 37
3.0, -9.0, -2.0; 53
4.0, -9.0, -2.0; 51
5.0, -9.0, -2.0; 21
-7.0, -8.0, -2.0; 25
-6.0, -8.0, -2.0; 56
-5.0, -8.0, -2.0; 31
-4.0, -8.0, -2.0; 19
-3.0, -8.0, -2.0; 5
-2.0, -8.0, -2.0; 17
-1.0, -8.0, -2.0; 13
0.0, -8.0, -2.0; 71
1.0, -8.0, -2.0; 85
2.0, -8.0, -2.0; 77
3.0, -8.0, -2.0; 41
4.0, -8.0, -2.0; 54
5.0, -8.0, -2.0; 109
6.0, -8.0, -2.0; 78
-8.0, -7.0, -2.0; 26
-7.0, -7.0, -2.0; 46
-6.0, -7.0, -2.0; 31
-5.0, -7.0, -2.0; 23
-4.0, -7.0, -2.0; 3
-3.0, -7.0, -2.0; 2
-2.0, -7.0, -2.0; 3
-1.0, -7.0, -2.0; 9
0.0, -7.0, -2.0; 41
1.0, -7.0, -2.0; 75
2.0, -7.0, -2.0; 145
3.0, -7.0, -2.0; 130
4.0, -7.0, -2.0; 68
5.0, -7.0, -2.0; 64
6.0, -7.0, -2.0; 140
7.0, -7.0, -2.0; 87
-9.0, -6.0, -2.0; 21
-8.0, -6.0, -2.0; 51
-7.0, -6.0, -2.0; 15
-6.0, -6.0, -2.0; 7
-5.0, -6.0, -2.0; 7
0.0, -6.0, -2.0; 43
1.0, -6.0, -2.0; 98
2.0, -6.0, -2.0; 96
3.0, -6.0, -2.0; 194
4.0, -6.0, -2.0; 110
5.0, -6.0, -2.0; 89
6.0, -6.0, -2.0; 137
7.0, -6.0, -2.0; 232
8.0, -6.0, -2.0; 54
-10.0, -5.0, -2.0; 1
-9.0, -5.0, -2.0; 64
-8.0, -5.0, -2.0; 43
-7.0, -5.0, -2.0; 12
-6.0, -5.0, -2.0; 2
0.0, -5.0, -2.0; 3
1.0, -5.0, -2.0; 30
2.0, -5.0, -2.0; 43
3.0, -5.0, -2.0; 53
4.0, -5.0, -2.0; 43
5.0, -5.0, -2.0; 45
6.0, -5.0, -2.0; 125
7.0, -5.0, -2.0; 216
8.0, -5.0, -2.0; 204
9.0, -5.0, -2.0; 1
-10.0, -4.0, -2.0; 27
-9.0, -4.0, -2.0; 69
-8.0, -4.0, -2.0; 26
-7.0, -4.0, -2.0; 10
-3.0, -4.0, -2.0; 2
1.0, -4.0, -2.0; 1
2.0, -4.0, -2.0; 17
3.0, -4.0, -2.0; 23
4.0, -4.0, -2.0; 20
5.0, -4.0, -2.0; 45
6.0, -4.0, -2.0; 91
7.0, -4.0, -2.0; 198
8.0, -4.0, -2.0; 240
9.0, -4.0, -2.0; 72
-10.0, -3.0, -2.0; 69
-9.0, -3.0, -2.0; 58
-8.0, -3.0, -2.0; 26
-7.0, -3.0, -2.0; 2
-6.0, -3.0, -2.0; 5
4.0, -3.0, -2.0; 4
5.0, -3.0, -2.0; 24
6.0, -3.0, -2.0; 78
7.0, -3.0, -2.0; 262
8.0, -3.0, -2.0; 356
9.0, -3.0, -2.0; 165
-10.0, -2.0, -2.0; 61
-9.0, -2.0, -2.0; 37
-8.0, -2.0, -2.0; 24
-7.0, -2.0, -2.0; 7
-6.0, -2.0, -2.0; 2
3.0, -2.0, -2.0; 1
5.0, -2.0, -2.0; 5
6.0, -2.0, -2.0; 49
7.0, -2.0, -2.0; 237
8.0, -2.0, -2.0; 318
9.0, -2.0, -2.0; 207
-10.0, -1.0, -2.0; 49
-9.0, -1.0, -2.0; 34
-8.0, -1.0, -2.0; 15
-7.0, -1.0, -2.0; 5
-6.0, -1.0, -2.0; 2
5.0, -1.0, -2.0; 1
6.0, -1.0, -2.0; 31
7.0, -1.0, -2.0; 232
8.0, -1.0, -2.0; 312
9.0, -1.0, -2.0; 169
-10.0, 0.0, -2.0; 59
-9.0, 0.0, -2.0; 33
-8.0, 0.0, -2.0; 9
-7.0, 0.0, -2.0; 8
-6.0, 0.0, -2.0; 7
-5.0, 0.0, -2.0; 5
4.0, 0.0, -2.0; 1
5.0, 0.0, -2.0; 1
6.0, 0.0, -2.0; 57
7.0, 0.0, -2.0; 202
8.0, 0.0, -2.0; 284
9.0, 0.0, -2.0; 213
-10.0, 1.0, -2.0; 44
-9.0, 1.0, -2.0; 23
-8.0, 1.0, -2.0; 14
-7.0, 1.0, -2.0; 3
-6.0, 1.0, -2.0; 17
-5.0, 1.0, -2.0; 27
4.0, 1.0, -2.0; 1
5.0, 1.0, -2.0; 70
6.0, 1.0, -2.0; 131
7.0, 1.0, -2.0; 244
8.0, 1.0, -2.0; 276
9.0, 1.0, -2.0; 230
-10.0, 2.0, -2.0; 37
-9.0, 2.0, -2.0; 33
-8.0, 2.0, -2.0; 13
-7.0, 2.0, -2.0; 11
-6.0, 2.0, -2.0; 7
-5.0, 2.0, -2.0; 14
3.0, 2.0, -2.0; 6
4.0, 2.0, -2.0; 51
5.0, 2.0, -2.0; 148
6.0, 2.0, -2.0; 234
7.0, 2.0, -2.0; 223
8.0, 2.0, -2.0; 274
9.0, 2.0, -2.0; 176
-10.0, 3.0, -2.0; 19
-9.0, 3.0, -2.0; 45
-8.0, 3.0, -2.0; 18
-7.0, 3.0, -2.0; 11
-6.0, 3.0, -2.0; 7
-5.0, 3.0, -2.0; 2
2.0, 3.0, -2.0; 18
3.0, 3.0, -2.0; 41
4.0, 3.0, -2.0; 149
5.0, 3.0, -2.0; 187
6.0, 3.0, -2.0; 189
7.0, 3.0, -2.0; 234
8.0, 3.0, -2.0; 301
9.0, 3.0, -2.0; 77
-9.0, 4.0, -2.0; 31
-8.0, 4.0, -2.0; 16
-7.0, 4.0, -2.0; 15
-6.0, 4.0, -2.0; 5
-5.0, 4.0, -2.0; 1
1.0, 4.0, -2.0; 33
2.0, 4.0, -2.0; 86
3.0, 4.0, -2.0; 69
4.0, 4.0, -2.0; 152
5.0, 4.0, -2.0; 184
6.0, 4.0, -2.0; 176
7.0, 4.0, -2.0; 230
8.0, 4.0, -2.0; 239
9.0, 4.0, -2.0; 2
-9.0, 5.0, -2.0; 4
-8.0, 5.0, -2.0; 40
-7.0, 5.0, -2.0; 23
-6.0, 5.0, -2.0; 14
-5.0, 5.0, -2.0; 3
-4.0, 5.0, -2.0; 1
-2.0, 5.0, -2.0; 1
-1.0, 5.0, -2.0; 6
0.0, 5.0, -2.0; 38
1.0, 5.0, -2.0; 95
2.0, 5.0, -2.0; 90
3.0, 5.0, -2.0; 95
4.0, 5.0, -2.0; 165
5.0, 5.0, -2.0; 220
6.0, 5.0, -2.0; 210
7.0, 5.0, -2.0; 209
8.0, 5.0, -2.0; 63
-8.0, 6.0, -2.0; 19
-7.0, 6.0, -2.0; 44
-6.0, 6.0, -2.0; 49
-5.0, 6.0, -2.0; 18
-4.0, 6.0, -2.0; 1
-3.0, 6.0, -2.0; 4
-2.0, 6.0, -2.0; 6
-1.0, 6.0, -2.0; 16
0.0, 6.0, -2.0; 29
1.0, 6.0, -2.0; 53
2.0, 6.0, -2.0; 80
3.0, 6.0, -2.0; 134
4.0, 6.0, -2.0; 221
5.0, 6.0, -2.0; 170
6.0, 6.0, -2.0; 212
7.0, 6.0, -2.0; 88
-7.0, 7.0, -2.0; 10
-6.0, 7.0, -2.0; 43
-5.0, 7.0, -2.0; 29
-4.0, 7.0, -2.0; 32
-3.0, 7.0, -2.0; 27
-2.0, 7.0, -2.0; 20
-1.0, 7.0, -2.0; 13
0.0, 7.0, -2.0; 22
1.0, 7.0, -2.0; 44
2.0, 7.0, -2.0; 100
3.0, 7.0, -2.0; 140
4.0, 7.0, -2.0; 185
5.0, 7.0, -2.0; 181
6.0, 7.0, -2.0; 100
-6.0, 8.0, -2.0; 13
-5.0, 8.0, -2.0; 32
-4.0, 8.0, -2.0; 23
-3.0, 8.0, -2.0; 17
-2.0, 8.0, -2.0; 18
-1.0, 8.0, -2.0; 22
0.0, 8.0, -2.0; 27
1.0, 8.0, -2.0; 75
2.0, 8.0, -2.0; 129
3.0, 8.0, -2.0; 127
4.0, 8.0, -2.0; 138
5.0, 8.0, -2.0; 45
-4.0, 9.0, -2.0; 9
-3.0, 9.0, -2.0; 12
-2.0, 9.0, -2.0; 25
-1.0, 9.0, -2.0; 37
0.0, 9.0, -2.0; 62
1.0, 9.0, -2.0; 61
2.0, 9.0, -2.0; 65
3.0, 9.0, -2.0; 38
4.0, 9.0, -2.0; 1
-5.0, -10.0, -1.0; 2
-4.0, -10.0, -1.0; 18
-3.0, -10.0, -1.0; 21
-2.0, -10.0, -1.0; 30
-1.0, -10.0, -1.0; 21
0.0, -10.0, -1.0; 29
1.0, -10.0, -1.0; 40
2.0, -10.0, -1.0; 19
3.0, -10.0, -1.0; 17
4.0, -10.0, -1.0; 4
-6.0, -9.0, -1.0; 27
-5.0, -9.0, -1.0; 40
-4.0, -9.0, -1.0; 27
-3.0, -9.0, -1.0; 17
-2.0, -9.0, -1.0; 15
-1.0, -9.0, -1.0; 18
0.0, -9.0, -1.0; 32
1.0, -9.0, -1.0; 43
2.0, -9.0, -1.0; 32
3.0, -9.0, -1.0; 40
4.0, -9.0, -1.0; 67
5.0, -9.0, -1.0; 34
-7.0, -8.0, -1.0; 51
-6.0, -8.0, -1.0; 68
-5.0, -8.0, -1.0; 32
-4.0, -8.0, -1.0; 12
-3.0, -8.0, -1.0; 5
-2.0, -8.0, -1.0; 13
-1.0, -8.0, -1.0; 18
0.0, -8.0, -1.0; 38
1.0, -8.0, -1.0; 49
2.0, -8.0, -1.0; 70
3.0, -8.0, -1.0; 43
4.0, -8.0, -1.0; 43
5.0, -8.0, -1.0; 128
6.0, -8.0, -1.0; 91
7.0, -8.0, -1.0; 1
-8.0, -7.0, -1.0; 62
-7.0, -7.0, -1.0; 79
-6.0, -7.0, -1.0; 31
-5.0, -7.0, -1.0; 11
-4.0, -7.0, -1.0; 4
-3.0, -7.0, -1.0; 2
-2.0, -7.0, -1.0; 1
-1.0, -7.0, -1.0; 11
0.0, -7.0, -1.0; 39
1.0, -7.0, -1.0; 41
2.0, -7.0, -1.0; 102
3.0, -7.0, -1.0; 118
4.0, -7.0, -1.0; 70
5.0, -7.0, -1.0; 86
6.0, -7.0, -1.0; 160
7.0, -7.0, -1.0; 111
-9.0, -6.0, -1.0; 28
-8.0, -6.0, -1.0; 84
-7.0, -6.0, -1.0; 31
-6.0, -6.0, -1.0; 11
-5.0, -6.0, -1.0; 1
-1.0, -6.0, -1.0; 3
0.0, -6.0, -1.0; 42
1.0, -6.0, -1.0; 52
2.0, -6.0, -1.0; 77
3.0, -6.0, -1.0; 203
4.0, -6.0, -1.0; 104
5.0, -6.0, -1.0; 75
6.0, -6.0, -1.0; 174
7.0, -6.0, -1.0; 225
8.0, -6.0, -1.0; 78
-10.0, -5.0, -1.0; 4
-9.0, -5.0, -1.0; 86
-8.0, -5.0, -1.0; 53
-7.0, -5.0, -1.0; 15
-6.0, -5.0, -1.0; 3
-4.0, -5.0, -1.0; 1
-2.0, -5.0, -1.0; 1
0.0, -5.0, -1.0; 4
1.0, -5.0, -1.0; 31
2.0, -5.0, -1.0; 37
3.0, -5.0, -1.0; 44
4.0, -5.0, -1.0; 43
5.0, -5.0, -1.0; 67
6.0, -5.0, -1.0; 144
7.0, -5.0, -1.0; 252
8.0, -5.0, -1.0; 249
9.0, -5.0, -1.0; 6
-10.0, -4.0, -1.0; 43
-9.0, -4.0, -1.0; 84
-8.0, -4.0, -1.0; 39
-7.0, -4.0, -1.0; 12
2.0, -4.0, -1.0; 2
3.0, -4.0, -1.0; 5
4.0, -4.0, -1.0; 25
5.0, -4.0, -1.0; 59
6.0, -4.0, -1.0; 123
7.0, -4.0, -1.0; 215
8.0, -4.0, -1.0; 299
9.0, -4.0, -1.0; 90
-10.0, -3.0, -1.0; 71
-9.0, -3.0, -1.0; 61
-8.0, -3.0, -1.0; 19
-7.0, -3.0, -1.0; 5
-6.0, -3.0, -1.0; 1
4.0, -3.0, -1.0; 3
5.0, -3.0, -1.0; 14
6.0, -3.0, -1.0; 58
7.0, -3.0, -1.0; 215
8.0, -3.0, -1.0; 279
9.0, -3.0, -1.0; 174
-10.0, -2.0, -1.0; 65
-9.0, -2.0, -1.0; 39
-8.0, -2.0, -1.0; 15
-7.0, -2.0, -1.0; 11
-6.0, -2.0, -1.0; 2
5.0, -2.0, -1.0; 1
6.0, -2.0, -1.0; 30
7.0, -2.0, -1.0; 203
8.0, -2.0, -1.0; 308
9.0, -2.0, -1.0; 209
-10.0, -1.0, -1.0; 54
-9.0, -1.0, -1.0; 38
-8.0, -1.0, -1.0; 23
-7.0, -1.0, -1.0; 6
-6.0, -1.0, -1.0; 2
3.0, -1.0, -1.0; 1
6.0, -1.0, -1.0; 13
7.0, -1.0, -1.0; 180
8.0, -1.0, -1.0; 294
9.0, -1.0, -1.0; 227
-10.0, 0.0, -1.0; 50
-9.0, 0.0, -1.0; 16
-8.0, 0.0, -1.0; 15
-7.0, 0.0, -1.0; 12
-6.0, 0.0, -1.0; 6
-5.0, 0.0, -1.0; 4
6.0, 0.0, -1.0; 13
7.0, 0.0, -1.0; 201
8.0, 0.0, -1.0; 265
9.0, 0.0, -1.0; 228
-10.0, 1.0, -1.0; 45
-9.0, 1.0, -1.0; 35
-8.0, 1.0, -1.0; 15
-7.0, 1.0, -1.0; 4
-6.0, 1.0, -1.0; 3
-5.0, 1.0, -1.0; 8
5.0, 1.0, -1.0; 4
6.0, 1.0, -1.0; 59
7.0, 1.0, -1.0; 209
8.0, 1.0, -1.0; 297
9.0, 1.0, -1.0; 253
-10.0, 2.0, -1.0; 29
-9.0, 2.0, -1.0; 18
-8.0, 2.0, -1.0; 18
-7.0, 2.0, -1.0; 5
-6.0, 2.0, -1.0; 5
-5.0, 2.0, -1.0; 3
4.0, 2.0, -1.0; 15
5.0, 2.0, -1.0; 60
6.0, 2.0, -1.0; 147
7.0, 2.0, -1.0; 250
8.0, 2.0, -1.0; 255
9.0, 2.0, -1.0; 197
-10.0, 3.0, -1.0; 15
-9.0, 3.0, -1.0; 31
-8.0, 3.0, -1.0; 20
-7.0, 3.0, -1.0; 13
-6.0, 3.0, -1.0; 5
-5.0, 3.0, -1.0; 1
2.0, 3.0, -1.0; 8
3.0, 3.0, -1.0; 24
4.0, 3.0, -1.0; 86
5.0, 3.0, -1.0; 170
6.0, 3.0, -1.0; 190
7.0, 3.0, -1.0; 231
8.0, 3.0, -1.0; 264
9.0, 3.0, -1.0; 109
-10.0, 4.0, -1.0; 2
-9.0, 4.0, -1.0; 31
-8.0, 4.0, -1.0; 15
-7.0, 4.0, -1.0; 13
-6.0, 4.0, -1.0; 11
-3.0, 4.0, -1.0; 1
-1.0, 4.0, -1.0; 1
1.0, 4.0, -1.0; 16
2.0, 4.0, -1.0; 46
3.0, 4.0, -1.0; 86
4.0, 4.0, -1.0; 184
5.0, 4.0, -1.0; 142
6.0, 4.0, -1.0; 178
7.0, 4.0, -1.0; 228
8.0, 4.0, -1.0; 244
9.0, 4.0, -1.0; 8
-9.0, 5.0, -1.0; 22
-8.0, 5.0, -1.0; 32
-7.0, 5.0, -1.0; 20
-6.0, 5.0, -1.0; 8
-5.0, 5.0, -1.0; 2
-3.0, 5.0, -1.0; 2
-2.0, 5.0, -1.0; 8
-1.0, 5.0, -1.0; 25
0.0, 5.0, -1.0; 36
1.0, 5.0, -1.0; 66
2.0, 5.0, -1.0; 66
3.0, 5.0, -1.0; 80
4.0, 5.0, -1.0; 179
5.0, 5.0, -1.0; 198
6.0, 5.0, -1.0; 210
7.0, 5.0, -1.0; 193
8.0, 5.0, -1.0; 80
-8.0, 6.0, -1.0; 25
-7.0, 6.0, -1.0; 26
-6.0, 6.0, -1.0; 36
-5.0, 6.0, -1.0; 9
-4.0, 6.0, -1.0; 11
-3.0, 6.0, -1.0; 14
-2.0, 6.0, -1.0; 8
-1.0, 6.0, -1.0; 18
0.0, 6.0, -1.0; 22
1.0, 6.0, -1.0; 33
2.0, 6.0, -1.0; 57
3.0, 6.0, -1.0; 147
4.0, 6.0, -1.0; 203
5.0, 6.0, -1.0; 213
6.0, 6.0, -1.0; 183
7.0, 6.0, -1.0; 103
-7.0, 7.0, -1.0; 26
-6.0, 7.0, -1.0; 46
-5.0, 7.0, -1.0; 27
-4.0, 7.0, -1.0; 17
-3.0, 7.0, -1.0; 12
-2.0, 7.0, -1.0; 15
-1.0, 7.0, -1.0; 12
0.0, 7.0, -1.0; 10
1.0, 7.0, -1.0; 31
2.0, 7.0, -1.0; 96
3.0, 7.0, -1.0; 131
4.0, 7.0, -1.0; 131
5.0, 7.0, -1.0; 186
6.0, 7.0, -1.0; 107
-6.0, 8.0, -1.0; 18
-5.0, 8.0, -1.0; 37
-4.0, 8.0, -1.0; 20
-3.0, 8.0, -1.0; 23
-2.0, 8.0, -1.0; 15
-1.0, 8.0, -1.0; 16
0.0, 8.0, -1.0; 40
1.0, 8.0, -1.0; 62
2.0, 8.0, -1.0; 101
3.0, 8.0, -1.0; 102
4.0, 8.0, -1.0; 130
5.0, 8.0, -1.0; 49
-4.0, 9.0, -1.0; 7
-3.0, 9.0, -1.0; 22
-2.0, 9.0, -1.0; 21
-1.0, 9.0, -1.0; 25
0.0, 9.0, -1.0; 45
1.0, 9.0, -1.0; 49
2.0, 9.0, -1.0; 61
3.0, 9.0, -1.0; 36
4.0, 9.0, -1.0; 6
-5.0, -10.0, 0.0; 1
-4.0, -10.0, 0.0; 24
-3.0, -10.0, 0.0; 29
-2.0, -10.0, 0.0; 27
-1.0, -10.0, 0.0; 27
0.0, -10.0, 0.0; 32
1.0, -10.0, 0.0; 39
2.0, -10.0, 0.0; 52
3.0, -10.0, 0.0; 27
4.0, -10.0, 0.0; 3
-6.0, -9.0, 0.0; 25
-5.0, -9.0, 0.0; 51
-4.0, -9.0, 0.0; 49
-3.0, -9.0, 0.0; 28
-2.0, -9.0, 0.0; 16
-1.0, -9.0, 0.0; 21
0.0, -9.0, 0.0; 39
1.0, -9.0, 0.0; 49
2.0, -9.0, 0.0; 45
3.0, -9.0, 0.0; 64
4.0, -9.0, 0.0; 92
5.0, -9.0, 0.0; 32
-8.0, -8.0, 0.0; 1
-7.0, -8.0, 0.0; 42
-6.0, -8.0, 0.0; 67
-5.0, -8.0, 0.0; 55
-4.0, -8.0, 0.0; 17
-3.0, -8.0, 0.0; 8
-2.0, -8.0, 0.0; 10
-1.0, -8.0, 0.0; 16
0.0, -8.0, 0.0; 35
1.0, -8.0, 0.0; 64
2.0, -8.0, 0.0; 71
3.0, -8.0, 0.0; 54
4.0, -8.0, 0.0; 69
5.0, -8.0, 0.0; 104
6.0, -8.0, 0.0; 84
7.0, -8.0, 0.0; 3
-8.0, -7.0, 0.0; 62
-7.0, -7.0, 0.0; 66
-6.0, -7.0, 0.0; 28
-5.0, -7.0, 0.0; 5
-4.0, -7.0, 0.0; 1
-3.0, -7.0, 0.0; 3
-2.0, -7.0, 0.0; 3
-1.0, -7.0, 0.0; 21
0.0, -7.0, 0.0; 19
1.0, -7.0, 0.0; 57
2.0, -7.0, 0.0; 91
3.0, -7.0, 0.0; 95
4.0, -7.0, 0.0; 74
5.0, -7.0, 0.0; 119
6.0, -7.0, 0.0; 146
7.0, -7.0, 0.0; 103
-9.0, -6.0, 0.0; 39
-8.0, -6.0, 0.0; 79
-7.0, -6.0, 0.0; 59
-6.0, -6.0, 0.0; 10
-5.0, -6.0, 0.0; 2
-3.0, -6.0, 0.0; 1
-1.0, -6.0, 0.0; 4
0.0, -6.0, 0.0; 47
1.0, -6.0, 0.0; 43
2.0, -6.0, 0.0; 57
3.0, -6.0, 0.0; 111
4.0, -6.0, 0.0; 72
5.0, -6.0, 0.0; 128
6.0, -6.0, 0.0; 204
7.0, -6.0, 0.0; 208
8.0, -6.0, 0.0; 87
-10.0, -5.0, 0.0; 1
-9.0, -5.0, 0.0; 96
-8.0, -5.0, 0.0; 57
-7.0, -5.0, 0.0; 34
-6.0, -5.0, 0.0; 1
-5.0, -5.0, 0.0; 1
-4.0, -5.0, 0.0; 2
0.0, -5.0, 0.0; 4
1.0, -5.0, 0.0; 19
2.0, -5.0, 0.0; 29
3.0, -5.0, 0.0; 34
4.0, -5.0, 0.0; 38
5.0, -5.0, 0.0; 82
6.0, -5.0, 0.0; 205
7.0, -5.0, 0.0; 256
8.0, -5.0, 0.0; 227
9.0, -5.0, 0.0; 6
-10.0, -4.0, 0.0; 44
-9.0, -4.0, 0.0; 79
-8.0, -4.0, 0.0; 49
-7.0, -4.0, 0.0; 14
-6.0, -4.0, 0.0; 1
1.0, -4.0, 0.0; 3
2.0, -4.0, 0.0; 5
3.0, -4.0, 0.0; 6
4.0, -4.0, 0.0; 29
5.0, -4.0, 0.0; 60
6.0, -4.0, 0.0; 117
7.0, -4.0, 0.0; 217
8.0, -4.0, 0.0; 247
9.0, -4.0, 0.0; 100
-10.0, -3.0, 0.0; 58
-9.0, -3.0, 0.0; 60
-8.0, -3.0, 0.0; 28
-7.0, -3.0, 0.0; 7
-6.0, -3.0, 0.0; 3
3.0, -3.0, 0.0; 1
4.0, -3.0, 0.0; 2
5.0, -3.0, 0.0; 25
6.0, -3.0, 0.0; 77
7.0, -3.0, 0.0; 207
8.0, -3.0, 0.0; 265
9.0, -3.0, 0.0; 160
-10.0, -2.0, 0.0; 57
-9.0, -2.0, 0.0; 51
-8.0, -2.0, 0.0; 35
-7.0, -2.0, 0.0; 15
-6.0, -2.0, 0.0; 1
-4.0, -2.0, 0.0; 1
2.0, -2.0, 0.0; 1
5.0, -2.0, 0.0; 4
6.0, -2.0, 0.0; 33
7.0, -2.0, 0.0; 217
8.0, -2.0, 0.0; 313
9.0, -2.0, 0.0; 210
-10.0, -1.0, 0.0; 72
-9.0, -1.0, 0.0; 33
-8.0, -1.0, 0.0; 22
-7.0, -1.0, 0.0; 15
-6.0, -1.0, 0.0; 2
-5.0, -1.0, 0.0; 1
5.0, -1.0, 0.0; 1
6.0, -1.0, 0.0; 12
7.0, -1.0, 0.0; 215
8.0, -1.0, 0.0; 292
9.0, -1.0, 0.0; 201
-10.0, 0.0, 0.0; 53
-9.0, 0.0, 0.0; 21
-8.0, 0.0, 0.0; 24
-7.0, 0.0, 0.0; 12
-6.0, 0.0, 0.0; 8
-5.0, 0.0, 0.0; 2
51.0
88.4347060119
