5.0, 0.0, 0.0; 1
6.0, 0.0, 0.0; 9
7.0, 0.0, 0.0; 110
8.0, 0.0, 0.0; 203
9.0, 0.0, 0.0; 207
-10.0, 1.0, 0.0; 31
-9.0, 1.0, 0.0; 28
-8.0, 1.0, 0.0; 8
-7.0, 1.0, 0.0; 16
-6.0, 1.0, 0.0; 8
-5.0, 1.0, 0.0; 2
5.0, 1.0, 0.0; 3
6.0, 1.0, 0.0; 23
7.0, 1.0, 0.0; 117
8.0, 1.0, 0.0; 270
9.0, 1.0, 0.0; 200
-10.0, 2.0, 0.0; 41
-9.0, 2.0, 0.0; 20
-8.0, 2.0, 0.0; 11
-7.0, 2.0, 0.0; 6
-6.0, 2.0, 0.0; 9
4.0, 2.0, 0.0; 8
5.0, 2.0, 0.0; 16
6.0, 2.0, 0.0; 75
7.0, 2.0, 0.0; 181
8.0, 2.0, 0.0; 244
9.0, 2.0, 0.0; 116
-10.0, 3.0, 0.0; 16
-9.0, 3.0, 0.0; 26
-8.0, 3.0, 0.0; 11
-7.0, 3.0, 0.0; 11
-6.0, 3.0, 0.0; 7
-5.0, 3.0, 0.0; 2
0.0, 3.0, 0.0; 1
2.0, 3.0, 0.0; 3
3.0, 3.0, 0.0; 8
4.0, 3.0, 0.0; 39
5.0, 3.0, 0.0; 65
6.0, 3.0, 0.0; 115
7.0, 3.0, 0.0; 155
8.0, 3.0, 0.0; 179
9.0, 3.0, 0.0; 66
-10.0, 4.0, 0.0; 3
-9.0, 4.0, 0.0; 23
-8.0, 4.0, 0.0; 14
-7.0, 4.0, 0.0; 10
-6.0, 4.0, 0.0; 6
-5.0, 4.0, 0.0; 2
-3.0, 4.0, 0.0; 2
1.0, 4.0, 0.0; 11
2.0, 4.0, 0.0; 27
3.0, 4.0, 0.0; 52
4.0, 4.0, 0.0; 156
5.0, 4.0, 0.0; 127
6.0, 4.0, 0.0; 152
7.0, 4.0, 0.0; 145
8.0, 4.0, 0.0; 145
9.0, 4.0, 0.0; 5
-9.0, 5.0, 0.0; 19
-8.0, 5.0, 0.0; 35
-7.0, 5.0, 0.0; 14
-6.0, 5.0, 0.0; 12
-5.0, 5.0, 0.0; 9
-4.0, 5.0, 0.0; 11
-3.0, 5.0, 0.0; 20
-2.0, 5.0, 0.0; 28
-1.0, 5.0, 0.0; 26
0.0, 5.0, 0.0; 29
1.0, 5.0, 0.0; 40
2.0, 5.0, 0.0; 42
3.0, 5.0, 0.0; 110
4.0, 5.0, 0.0; 238
5.0, 5.0, 0.0; 124
6.0, 5.0, 0.0; 109
7.0, 5.0, 0.0; 130
8.0, 5.0, 0.0; 64
-8.0, 6.0, 0.0; 20
-7.0, 6.0, 0.0; 23
-6.0, 6.0, 0.0; 18
-5.0, 6.0, 0.0; 16
-4.0, 6.0, 0.0; 8
-3.0, 6.0, 0.0; 9
-2.0, 6.0, 0.0; 14
-1.0, 6.0, 0.0; 30
0.0, 6.0, 0.0; 30
1.0, 6.0, 0.0; 32
2.0, 6.0, 0.0; 48
3.0, 6.0, 0.0; 82
4.0, 6.0, 0.0; 100
5.0, 6.0, 0.0; 90
6.0, 6.0, 0.0; 128
7.0, 6.0, 0.0; 84
-8.0, 7.0, 0.0; 1
-7.0, 7.0, 0.0; 21
-6.0, 7.0, 0.0; 24
-5.0, 7.0, 0.0; 12
-4.0, 7.0, 0.0; 11
-3.0, 7.0, 0.0; 14
-2.0, 7.0, 0.0; 13
-1.0, 7.0, 0.0; 24
0.0, 7.0, 0.0; 24
1.0, 7.0, 0.0; 29
2.0, 7.0, 0.0; 35
3.0, 7.0, 0.0; 44
4.0, 7.0, 0.0; 60
5.0, 7.0, 0.0; 129
6.0, 7.0, 0.0; 71
-6.0, 8.0, 0.0; 12
-5.0, 8.0, 0.0; 21
-4.0, 8.0, 0.0; 15
-3.0, 8.0, 0.0; 15
-2.0, 8.0, 0.0; 14
-1.0, 8.0, 0.0; 13
0.0, 8.0, 0.0; 12
1.0, 8.0, 0.0; 20
2.0, 8.0, 0.0; 26
3.0, 8.0, 0.0; 42
4.0, 8.0, 0.0; 63
5.0, 8.0, 0.0; 41
-4.0, 9.0, 0.0; 4
-3.0, 9.0, 0.0; 10
-2.0, 9.0, 0.0; 11
-1.0, 9.0, 0.0; 21
0.0, 9.0, 0.0; 17
1.0, 9.0, 0.0; 24
2.0, 9.0, 0.0; 25
3.0, 9.0, 0.0; 26
4.0, 9.0, 0.0; 4
-4.0, -10.0, 1.0; 15
-3.0, -10.0, 1.0; 44
-2.0, -10.0, 1.0; 87
-1.0, -10.0, 1.0; 85
0.0, -10.0, 1.0; 87
1.0, -10.0, 1.0; 45
2.0, -10.0, 1.0; 30
3.0, -10.0, 1.0; 16
-6.0, -9.0, 1.0; 18
-5.0, -9.0, 1.0; 56
-4.0, -9.0, 1.0; 50
-3.0, -9.0, 1.0; 58
-2.0, -9.0, 1.0; 50
-1.0, -9.0, 1.0; 42
0.0, -9.0, 1.0; 55
1.0, -9.0, 1.0; 42
2.0, -9.0, 1.0; 46
3.0, -9.0, 1.0; 47
4.0, -9.0, 1.0; 46
5.0, -9.0, 1.0; 21
-7.0, -8.0, 1.0; 51
-6.0, -8.0, 1.0; 36
-5.0, -8.0, 1.0; 27
-4.0, -8.0, 1.0; 23
-3.0, -8.0, 1.0; 23
-2.0, -8.0, 1.0; 12
-1.0, -8.0, 1.0; 28
0.0, -8.0, 1.0; 29
1.0, -8.0, 1.0; 55
2.0, -8.0, 1.0; 55
3.0, -8.0, 1.0; 43
4.0, -8.0, 1.0; 63
5.0, -8.0, 1.0; 60
6.0, -8.0, 1.0; 37
-8.0, -7.0, 1.0; 23
-7.0, -7.0, 1.0; 33
-6.0, -7.0, 1.0; 19
-5.0, -7.0, 1.0; 12
-3.0, -7.0, 1.0; 4
-2.0, -7.0, 1.0; 5
-1.0, -7.0, 1.0; 14
0.0, -7.0, 1.0; 32
1.0, -7.0, 1.0; 55
2.0, -7.0, 1.0; 89
3.0, -7.0, 1.0; 74
4.0, -7.0, 1.0; 88
5.0, -7.0, 1.0; 105
6.0, -7.0, 1.0; 119
7.0, -7.0, 1.0; 61
-9.0, -6.0, 1.0; 23
-8.0, -6.0, 1.0; 54
-7.0, -6.0, 1.0; 34
-6.0, -6.0, 1.0; 23
-5.0, -6.0, 1.0; 5
-3.0, -6.0, 1.0; 1
-2.0, -6.0, 1.0; 2
-1.0, -6.0, 1.0; 4
0.0, -6.0, 1.0; 11
1.0, -6.0, 1.0; 39
2.0, -6.0, 1.0; 55
3.0, -6.0, 1.0; 63
4.0, -6.0, 1.0; 82
5.0, -6.0, 1.0; 77
6.0, -6.0, 1.0; 132
7.0, -6.0, 1.0; 157
8.0, -6.0, 1.0; 28
-10.0, -5.0, 1.0; 1
-9.0, -5.0, 1.0; 67
-8.0, -5.0, 1.0; 67
-7.0, -5.0, 1.0; 29
-6.0, -5.0, 1.0; 10
-5.0, -5.0, 1.0; 2
-3.0, -5.0, 1.0; 1
-2.0, -5.0, 1.0; 1
-1.0, -5.0, 1.0; 1
0.0, -5.0, 1.0; 4
1.0, -5.0, 1.0; 7
2.0, -5.0, 1.0; 10
3.0, -5.0, 1.0; 27
4.0, -5.0, 1.0; 36
5.0, -5.0, 1.0; 74
6.0, -5.0, 1.0; 130
7.0, -5.0, 1.0; 166
8.0, -5.0, 1.0; 129
-10.0, -4.0, 1.0; 22
-9.0, -4.0, 1.0; 88
-8.0, -4.0, 1.0; 35
-7.0, -4.0, 1.0; 14
-6.0, -4.0, 1.0; 2
-5.0, -4.0, 1.0; 1
1.0, -4.0, 1.0; 2
2.0, -4.0, 1.0; 1
3.0, -4.0, 1.0; 8
4.0, -4.0, 1.0; 8
5.0, -4.0, 1.0; 39
6.0, -4.0, 1.0; 108
7.0, -4.0, 1.0; 189
8.0, -4.0, 1.0; 180
9.0, -4.0, 1.0; 32
-10.0, -3.0, 1.0; 31
-9.0, -3.0, 1.0; 47
-8.0, -3.0, 1.0; 46
-7.0, -3.0, 1.0; 11
-6.0, -3.0, 1.0; 2
-5.0, -3.0, 1.0; 2
4.0, -3.0, 1.0; 4
5.0, -3.0, 1.0; 12
6.0, -3.0, 1.0; 64
7.0, -3.0, 1.0; 156
8.0, -3.0, 1.0; 188
9.0, -3.0, 1.0; 68
-10.0, -2.0, 1.0; 36
-9.0, -2.0, 1.0; 52
-8.0, -2.0, 1.0; 25
-7.0, -2.0, 1.0; 18
-6.0, -2.0, 1.0; 6
-5.0, -2.0, 1.0; 2
4.0, -2.0, 1.0; 1
5.0, -2.0, 1.0; 1
6.0, -2.0, 1.0; 36
7.0, -2.0, 1.0; 124
8.0, -2.0, 1.0; 184
9.0, -2.0, 1.0; 121
-10.0, -1.0, 1.0; 36
-9.0, -1.0, 1.0; 47
-8.0, -1.0, 1.0; 15
-7.0, -1.0, 1.0; 23
-6.0, -1.0, 1.0; 26
-5.0, -1.0, 1.0; 3
-3.0, -1.0, 1.0; 1
5.0, -1.0, 1.0; 2
6.0, -1.0, 1.0; 17
7.0, -1.0, 1.0; 117
8.0, -1.0, 1.0; 213
9.0, -1.0, 1.0; 146
-10.0, 0.0, 1.0; 36
-9.0, 0.0, 1.0; 37
-8.0, 0.0, 1.0; 16
-7.0, 0.0, 1.0; 26
-6.0, 0.0, 1.0; 34
-5.0, 0.0, 1.0; 3
-4.0, 0.0, 1.0; 1
6.0, 0.0, 1.0; 27
7.0, 0.0, 1.0; 127
8.0, 0.0, 1.0; 192
9.0, 0.0, 1.0; 208
-10.0, 1.0, 1.0; 36
-9.0, 1.0, 1.0; 21
-8.0, 1.0, 1.0; 14
-7.0, 1.0, 1.0; 7
-6.0, 1.0, 1.0; 21
-5.0, 1.0, 1.0; 5
4.0, 1.0, 1.0; 2
5.0, 1.0, 1.0; 13
6.0, 1.0, 1.0; 48
7.0, 1.0, 1.0; 152
8.0, 1.0, 1.0; 263
9.0, 1.0, 1.0; 155
-10.0, 2.0, 1.0; 29
-9.0, 2.0, 1.0; 17
-8.0, 2.0, 1.0; 8
-7.0, 2.0, 1.0; 7
-6.0, 2.0, 1.0; 15
-5.0, 2.0, 1.0; 6
-4.0, 2.0, 1.0; 2
2.0, 2.0, 1.0; 1
3.0, 2.0, 1.0; 1
4.0, 2.0, 1.0; 6
5.0, 2.0, 1.0; 24
6.0, 2.0, 1.0; 111
7.0, 2.0, 1.0; 193
8.0, 2.0, 1.0; 225
9.0, 2.0, 1.0; 81
-10.0, 3.0, 1.0; 14
-9.0, 3.0, 1.0; 23
-8.0, 3.0, 1.0; 10
-7.0, 3.0, 1.0; 7
-6.0, 3.0, 1.0; 6
-5.0, 3.0, 1.0; 5
-4.0, 3.0, 1.0; 1
1.0, 3.0, 1.0; 2
2.0, 3.0, 1.0; 7
3.0, 3.0, 1.0; 29
4.0, 3.0, 1.0; 39
5.0, 3.0, 1.0; 94
6.0, 3.0, 1.0; 130
7.0, 3.0, 1.0; 189
8.0, 3.0, 1.0; 164
9.0, 3.0, 1.0; 35
-9.0, 4.0, 1.0; 23
-8.0, 4.0, 1.0; 14
-7.0, 4.0, 1.0; 11
-6.0, 4.0, 1.0; 5
-5.0, 4.0, 1.0; 3
-4.0, 4.0, 1.0; 11
-3.0, 4.0, 1.0; 2
-1.0, 4.0, 1.0; 1
0.0, 4.0, 1.0; 2
1.0, 4.0, 1.0; 12
2.0, 4.0, 1.0; 33
3.0, 4.0, 1.0; 140
4.0, 4.0, 1.0; 254
5.0, 4.0, 1.0; 128
6.0, 4.0, 1.0; 131
7.0, 4.0, 1.0; 127
8.0, 4.0, 1.0; 108
-9.0, 5.0, 1.0; 17
-8.0, 5.0, 1.0; 30
-7.0, 5.0, 1.0; 10
-6.0, 5.0, 1.0; 7
-5.0, 5.0, 1.0; 7
-4.0, 5.0, 1.0; 6
-3.0, 5.0, 1.0; 23
-2.0, 5.0, 1.0; 20
-1.0, 5.0, 1.0; 14
0.0, 5.0, 1.0; 25
1.0, 5.0, 1.0; 24
2.0, 5.0, 1.0; 45
3.0, 5.0, 1.0; 234
4.0, 5.0, 1.0; 206
5.0, 5.0, 1.0; 105
6.0, 5.0, 1.0; 97
7.0, 5.0, 1.0; 130
8.0, 5.0, 1.0; 20
-8.0, 6.0, 1.0; 17
-7.0, 6.0, 1.0; 17
-6.0, 6.0, 1.0; 12
-5.0, 6.0, 1.0; 11
-4.0, 6.0, 1.0; 10
-3.0, 6.0, 1.0; 6
-2.0, 6.0, 1.0; 10
-1.0, 6.0, 1.0; 11
0.0, 6.0, 1.0; 14
1.0, 6.0, 1.0; 25
2.0, 6.0, 1.0; 49
3.0, 6.0, 1.0; 101
4.0, 6.0, 1.0; 96
5.0, 6.0, 1.0; 116
6.0, 6.0, 1.0; 159
7.0, 6.0, 1.0; 58
-7.0, 7.0, 1.0; 16
-6.0, 7.0, 1.0; 24
-5.0, 7.0, 1.0; 14
-4.0, 7.0, 1.0; 5
-3.0, 7.0, 1.0; 12
-2.0, 7.0, 1.0; 15
-1.0, 7.0, 1.0; 18
0.0, 7.0, 1.0; 18
1.0, 7.0, 1.0; 25
2.0, 7.0, 1.0; 36
3.0, 7.0, 1.0; 43
4.0, 7.0, 1.0; 85
5.0, 7.0, 1.0; 109
6.0, 7.0, 1.0; 48
-6.0, 8.0, 1.0; 4
-5.0, 8.0, 1.0; 18
-4.0, 8.0, 1.0; 13
-3.0, 8.0, 1.0; 16
-2.0, 8.0, 1.0; 10
-1.0, 8.0, 1.0; 17
0.0, 8.0, 1.0; 12
1.0, 8.0, 1.0; 16
2.0, 8.0, 1.0; 36
3.0, 8.0, 1.0; 59
4.0, 8.0, 1.0; 78
5.0, 8.0, 1.0; 22
-4.0, 9.0, 1.0; 4
-3.0, 9.0, 1.0; 3
-2.0, 9.0, 1.0; 9
-1.0, 9.0, 1.0; 13
0.0, 9.0, 1.0; 23
1.0, 9.0, 1.0; 30
2.0, 9.0, 1.0; 32
3.0, 9.0, 1.0; 27
4.0, 9.0, 1.0; 1
-4.0, -10.0, 2.0; 8
-3.0, -10.0, 2.0; 21
-2.0, -10.0, 2.0; 61
-1.0, -10.0, 2.0; 75
0.0, -10.0, 2.0; 61
1.0, -10.0, 2.0; 50
2.0, -10.0, 2.0; 28
3.0, -10.0, 2.0; 3
-6.0, -9.0, 2.0; 5
-5.0, -9.0, 2.0; 42
-4.0, -9.0, 2.0; 71
-3.0, -9.0, 2.0; 68
-2.0, -9.0, 2.0; 66
-1.0, -9.0, 2.0; 75
0.0, -9.0, 2.0; 94
1.0, -9.0, 2.0; 67
2.0, -9.0, 2.0; 53
3.0, -9.0, 2.0; 60
4.0, -9.0, 2.0; 33
5.0, -9.0, 2.0; 6
-7.0, -8.0, 2.0; 13
-6.0, -8.0, 2.0; 51
-5.0, -8.0, 2.0; 42
-4.0, -8.0, 2.0; 64
-3.0, -8.0, 2.0; 26
-2.0, -8.0, 2.0; 31
-1.0, -8.0, 2.0; 39
0.0, -8.0, 2.0; 51
1.0, -8.0, 2.0; 74
2.0, -8.0, 2.0; 82
3.0, -8.0, 2.0; 73
4.0, -8.0, 2.0; 70
5.0, -8.0, 2.0; 85
6.0, -8.0, 2.0; 24
-8.0, -7.0, 2.0; 15
-7.0, -7.0, 2.0; 42
-6.0, -7.0, 2.0; 42
-5.0, -7.0, 2.0; 20
-4.0, -7.0, 2.0; 11
-3.0, -7.0, 2.0; 5
-2.0, -7.0, 2.0; 12
-1.0, -7.0, 2.0; 27
0.0, -7.0, 2.0; 48
1.0, -7.0, 2.0; 83
2.0, -7.0, 2.0; 89
3.0, -7.0, 2.0; 138
4.0, -7.0, 2.0; 127
5.0, -7.0, 2.0; 135
6.0, -7.0, 2.0; 131
7.0, -7.0, 2.0; 31
-9.0, -6.0, 2.0; 5
-8.0, -6.0, 2.0; 78
-7.0, -6.0, 2.0; 68
-6.0, -6.0, 2.0; 32
-5.0, -6.0, 2.0; 6
-4.0, -6.0, 2.0; 3
-3.0, -6.0, 2.0; 3
-2.0, -6.0, 2.0; 18
-1.0, -6.0, 2.0; 20
0.0, -6.0, 2.0; 44
1.0, -6.0, 2.0; 61
2.0, -6.0, 2.0; 80
3.0, -6.0, 2.0; 90
4.0, -6.0, 2.0; 121
5.0, -6.0, 2.0; 114
6.0, -6.0, 2.0; 165
7.0, -6.0, 2.0; 165
8.0, -6.0, 2.0; 8
-9.0, -5.0, 2.0; 30
-8.0, -5.0, 2.0; 116
-7.0, -5.0, 2.0; 63
-6.0, -5.0, 2.0; 24
-5.0, -5.0, 2.0; 3
-4.0, -5.0, 2.0; 3
-3.0, -5.0, 2.0; 3
-2.0, -5.0, 2.0; 4
-1.0, -5.0, 2.0; 24
0.0, -5.0, 2.0; 25
1.0, -5.0, 2.0; 31
2.0, -5.0, 2.0; 47
3.0, -5.0, 2.0; 60
4.0, -5.0, 2.0; 74
5.0, -5.0, 2.0; 92
6.0, -5.0, 2.0; 165
7.0, -5.0, 2.0; 172
8.0, -5.0, 2.0; 103
-10.0, -4.0, 2.0; 9
-9.0, -4.0, 2.0; 81
-8.0, -4.0, 2.0; 91
-7.0, -4.0, 2.0; 48
-6.0, -4.0, 2.0; 21
-5.0, -4.0, 2.0; 4
-4.0, -4.0, 2.0; 2
-3.0, -4.0, 2.0; 3
-1.0, -4.0, 2.0; 2
0.0, -4.0, 2.0; 4
1.0, -4.0, 2.0; 5
2.0, -4.0, 2.0; 13
3.0, -4.0, 2.0; 36
4.0, -4.0, 2.0; 32
5.0, -4.0, 2.0; 77
6.0, -4.0, 2.0; 117
7.0, -4.0, 2.0; 187
8.0, -4.0, 2.0; 187
9.0, -4.0, 2.0; 10
-10.0, -3.0, 2.0; 23
-9.0, -3.0, 2.0; 99
-8.0, -3.0, 2.0; 50
-7.0, -3.0, 2.0; 33
-6.0, -3.0, 2.0; 20
-5.0, -3.0, 2.0; 9
-4.0, -3.0, 2.0; 2
0.0, -3.0, 2.0; 1
2.0, -3.0, 2.0; 2
3.0, -3.0, 2.0; 6
4.0, -3.0, 2.0; 12
5.0, -3.0, 2.0; 31
6.0, -3.0, 2.0; 116
7.0, -3.0, 2.0; 174
8.0, -3.0, 2.0; 210
9.0, -3.0, 2.0; 53
-10.0, -2.0, 2.0; 46
-9.0, -2.0, 2.0; 58
-8.0, -2.0, 2.0; 28
-7.0, -2.0, 2.0; 29
-6.0, -2.0, 2.0; 46
-5.0, -2.0, 2.0; 26
-4.0, -2.0, 2.0; 1
-3.0, -2.0, 2.0; 1
-2.0, -2.0, 2.0; 1
2.0, -2.0, 2.0; 2
3.0, -2.0, 2.0; 1
5.0, -2.0, 2.0; 12
6.0, -2.0, 2.0; 84
7.0, -2.0, 2.0; 138
8.0, -2.0, 2.0; 245
9.0, -2.0, 2.0; 101
-10.0, -1.0, 2.0; 47
-9.0, -1.0, 2.0; 38
-8.0, -1.0, 2.0; 14
-7.0, -1.0, 2.0; 41
-6.0, -1.0, 2.0; 73
-5.0, -1.0, 2.0; 38
-4.0, -1.0, 2.0; 4
3.0, -1.0, 2.0; 1
4.0, -1.0, 2.0; 1
5.0, -1.0, 2.0; 8
6.0, -1.0, 2.0; 59
7.0, -1.0, 2.0; 180
8.0, -1.0, 2.0; 247
9.0, -1.0, 2.0; 101
-10.0, 0.0, 2.0; 28
-9.0, 0.0, 2.0; 25
-8.0, 0.0, 2.0; 18
-7.0, 0.0, 2.0; 30
-6.0, 0.0, 2.0; 95
-5.0, 0.0, 2.0; 26
-4.0, 0.0, 2.0; 2
4.0, 0.0, 2.0; 1
5.0, 0.0, 2.0; 9
6.0, 0.0, 2.0; 68
7.0, 0.0, 2.0; 141
8.0, 0.0, 2.0; 276
9.0, 0.0, 2.0; 111
-10.0, 1.0, 2.0; 25
-9.0, 1.0, 2.0; 22
-8.0, 1.0, 2.0; 8
-7.0, 1.0, 2.0; 16
-6.0, 1.0, 2.0; 18
-5.0, 1.0, 2.0; 7
-4.0, 1.0, 2.0; 6
-3.0, 1.0, 2.0; 1
3.0, 1.0, 2.0; 1
4.0, 1.0, 2.0; 1
5.0, 1.0, 2.0; 24
6.0, 1.0, 2.0; 98
7.0, 1.0, 2.0; 217
8.0, 1.0, 2.0; 255
9.0, 1.0, 2.0; 83
-10.0, 2.0, 2.0; 29
-9.0, 2.0, 2.0; 34
-8.0, 2.0, 2.0; 17
-7.0, 2.0, 2.0; 11
-6.0, 2.0, 2.0; 10
-5.0, 2.0, 2.0; 13
-4.0, 2.0, 2.0; 9
-3.0, 2.0, 2.0; 2
1.0, 2.0, 2.0; 1
2.0, 2.0, 2.0; 6
3.0, 2.0, 2.0; 13
4.0, 2.0, 2.0; 19
5.0, 2.0, 2.0; 66
6.0, 2.0, 2.0; 112
7.0, 2.0, 2.0; 184
8.0, 2.0, 2.0; 194
9.0, 2.0, 2.0; 49
-10.0, 3.0, 2.0; 4
-9.0, 3.0, 2.0; 41
-8.0, 3.0, 2.0; 19
-7.0, 3.0, 2.0; 8
-6.0, 3.0, 2.0; 6
-5.0, 3.0, 2.0; 8
-4.0, 3.0, 2.0; 20
-3.0, 3.0, 2.0; 7
-1.0, 3.0, 2.0; 1
0.0, 3.0, 2.0; 2
1.0, 3.0, 2.0; 8
2.0, 3.0, 2.0; 20
3.0, 3.0, 2.0; 71
4.0, 3.0, 2.0; 99
5.0, 3.0, 2.0; 122
6.0, 3.0, 2.0; 148
7.0, 3.0, 2.0; 162
8.0, 3.0, 2.0; 143
9.0, 3.0, 2.0; 8
-9.0, 4.0, 2.0; 25
-8.0, 4.0, 2.0; 31
-7.0, 4.0, 2.0; 5
-6.0, 4.0, 2.0; 4
-5.0, 4.0, 2.0; 7
-4.0, 4.0, 2.0; 4
-3.0, 4.0, 2.0; 9
-2.0, 4.0, 2.0; 9
-1.0, 4.0, 2.0; 4
0.0, 4.0, 2.0; 17
1.0, 4.0, 2.0; 34
2.0, 4.0, 2.0; 120
3.0, 4.0, 2.0; 395
4.0, 4.0, 2.0; 231
5.0, 4.0, 2.0; 120
6.0, 4.0, 2.0; 104
7.0, 4.0, 2.0; 120
8.0, 4.0, 2.0; 67
-9.0, 5.0, 2.0; 25
-8.0, 5.0, 2.0; 89
-7.0, 5.0, 2.0; 12
-6.0, 5.0, 2.0; 6
-5.0, 5.0, 2.0; 6
-4.0, 5.0, 2.0; 5
-3.0, 5.0, 2.0; 4
-2.0, 5.0, 2.0; 10
-1.0, 5.0, 2.0; 12
0.0, 5.0, 2.0; 28
1.0, 5.0, 2.0; 44
2.0, 5.0, 2.0; 268
3.0, 5.0, 2.0; 360
4.0, 5.0, 2.0; 130
5.0, 5.0, 2.0; 99
6.0, 5.0, 2.0; 117
7.0, 5.0, 2.0; 109
8.0, 5.0, 2.0; 7
-8.0, 6.0, 2.0; 27
-7.0, 6.0, 2.0; 32
-6.0, 6.0, 2.0; 14
-5.0, 6.0, 2.0; 12
-4.0, 6.0, 2.0; 8
-3.0, 6.0, 2.0; 7
-2.0, 6.0, 2.0; 9
-1.0, 6.0, 2.0; 6
0.0, 6.0, 2.0; 20
1.0, 6.0, 2.0; 47
2.0, 6.0, 2.0; 116
3.0, 6.0, 2.0; 118
4.0, 6.0, 2.0; 69
5.0, 6.0, 2.0; 85
6.0, 6.0, 2.0; 148
7.0, 6.0, 2.0; 23
-7.0, 7.0, 2.0; 3
-6.0, 7.0, 2.0; 21
-5.0, 7.0, 2.0; 14
-4.0, 7.0, 2.0; 16
-3.0, 7.0, 2.0; 9
-2.0, 7.0, 2.0; 17
-1.0, 7.0, 2.0; 17
0.0, 7.0, 2.0; 19
1.0, 7.0, 2.0; 39
2.0, 7.0, 2.0; 42
3.0, 7.0, 2.0; 48
4.0, 7.0, 2.0; 76
5.0, 7.0, 2.0; 115
6.0, 7.0, 2.0; 24
-6.0, 8.0, 2.0; 6
-5.0, 8.0, 2.0; 19
-4.0, 8.0, 2.0; 15
-3.0, 8.0, 2.0; 13
-2.0, 8.0, 2.0; 10
-1.0, 8.0, 2.0; 11
0.0, 8.0, 2.0; 18
1.0, 8.0, 2.0; 22
2.0, 8.0, 2.0; 58
3.0, 8.0, 2.0; 60
4.0, 8.0, 2.0; 67
5.0, 8.0, 2.0; 9
-4.0, 9.0, 2.0; 2
-3.0, 9.0, 2.0; 4
-2.0, 9.0, 2.0; 10
-1.0, 9.0, 2.0; 20
0.0, 9.0, 2.0; 24
1.0, 9.0, 2.0; 32
2.0, 9.0, 2.0; 23
3.0, 9.0, 2.0; 7
-2.0, -10.0, 3.0; 14
-1.0, -10.0, 3.0; 20
0.0, -10.0, 3.0; 18
1.0, -10.0, 3.0; 21
2.0, -10.0, 3.0; 4
-5.0, -9.0, 3.0; 20
-4.0, -9.0, 3.0; 57
-3.0, -9.0, 3.0; 81
-2.0, -9.0, 3.0; 116
-1.0, -9.0, 3.0; 117
0.0, -9.0, 3.0; 82
1.0, -9.0, 3.0; 75
2.0, -9.0, 3.0; 68
3.0, -9.0, 3.0; 61
4.0, -9.0, 3.0; 22
-7.0, -8.0, 3.0; 6
-6.0, -8.0, 3.0; 41
-5.0, -8.0, 3.0; 98
-4.0, -8.0, 3.0; 140
-3.0, -8.0, 3.0; 118
-2.0, -8.0, 3.0; 94
-1.0, -8.0, 3.0; 99
0.0, -8.0, 3.0; 86
1.0, -8.0, 3.0; 112
2.0, -8.0, 3.0; 100
3.0, -8.0, 3.0; 79
4.0, -8.0, 3.0; 89
5.0, -8.0, 3.0; 47
6.0, -8.0, 3.0; 5
-8.0, -7.0, 3.0; 2
-7.0, -7.0, 3.0; 38
-6.0, -7.0, 3.0; 92
-5.0, -7.0, 3.0; 69
-4.0, -7.0, 3.0; 56
-3.0, -7.0, 3.0; 22
-2.0, -7.0, 3.0; 26
-1.0, -7.0, 3.0; 49
0.0, -7.0, 3.0; 94
1.0, -7.0, 3.0; 156
2.0, -7.0, 3.0; 186
3.0, -7.0, 3.0; 137
4.0, -7.0, 3.0; 141
5.0, -7.0, 3.0; 141
6.0, -7.0, 3.0; 91
7.0, -7.0, 3.0; 2
-8.0, -6.0, 3.0; 32
-7.0, -6.0, 3.0; 108
-6.0, -6.0, 3.0; 102
-5.0, -6.0, 3.0; 28
-4.0, -6.0, 3.0; 15
-3.0, -6.0, 3.0; 16
-2.0, -6.0, 3.0; 34
-1.0, -6.0, 3.0; 86
0.0, -6.0, 3.0; 129
1.0, -6.0, 3.0; 131
2.0, -6.0, 3.0; 140
3.0, -6.0, 3.0; 160
4.0, -6.0, 3.0; 138
5.0, -6.0, 3.0; 173
6.0, -6.0, 3.0; 216
7.0, -6.0, 3.0; 97
-9.0, -5.0, 3.0; 17
-8.0, -5.0, 3.0; 110
-7.0, -5.0, 3.0; 162
-6.0, -5.0, 3.0; 73
-5.0, -5.0, 3.0; 28
-4.0, -5.0, 3.0; 16
-3.0, -5.0, 3.0; 5
-2.0, -5.0, 3.0; 28
-1.0, -5.0, 3.0; 64
0.0, -5.0, 3.0; 125
1.0, -5.0, 3.0; 129
2.0, -5.0, 3.0; 139
3.0, -5.0, 3.0; 143
4.0, -5.0, 3.0; 108
5.0, -5.0, 3.0; 132
6.0, -5.0, 3.0; 186
7.0, -5.0, 3.0; 199
8.0, -5.0, 3.0; 44
-9.0, -4.0, 3.0; 50
-8.0, -4.0, 3.0; 183
-7.0, -4.0, 3.0; 113
-6.0, -4.0, 3.0; 37
-5.0, -4.0, 3.0; 38
-4.0, -4.0, 3.0; 37
-3.0, -4.0, 3.0; 17
-2.0, -4.0, 3.0; 12
-1.0, -4.0, 3.0; 13
0.0, -4.0, 3.0; 12
1.0, -4.0, 3.0; 37
2.0, -4.0, 3.0; 84
3.0, -4.0, 3.0; 72
4.0, -4.0, 3.0; 69
5.0, -4.0, 3.0; 122
6.0, -4.0, 3.0; 202
7.0, -4.0, 3.0; 236
8.0, -4.0, 3.0; 98
-10.0, -3.0, 3.0; 2
-9.0, -3.0, 3.0; 110
-8.0, -3.0, 3.0; 158
-7.0, -3.0, 3.0; 38
-6.0, -3.0, 3.0; 45
-5.0, -3.0, 3.0; 301
-4.0, -3.0, 3.0; 252
-3.0, -3.0, 3.0; 21
-2.0, -3.0, 3.0; 4
-1.0, -3.0, 3.0; 1
0.0, -3.0, 3.0; 8
1.0, -3.0, 3.0; 20
2.0, -3.0, 3.0; 37
3.0, -3.0, 3.0; 35
4.0, -3.0, 3.0; 29
5.0, -3.0, 3.0; 80
6.0, -3.0, 3.0; 152
7.0, -3.0, 3.0; 213
8.0, -3.0, 3.0; 190
9.0, -3.0, 3.0; 7
-10.0, -2.0, 3.0; 15
-9.0, -2.0, 3.0; 97
-8.0, -2.0, 3.0; 47
-7.0, -2.0, 3.0; 14
-6.0, -2.0, 3.0; 167
-5.0, -2.0, 3.0; 367
-4.0, -2.0, 3.0; 133
-3.0, -2.0, 3.0; 11
-2.0, -2.0, 3.0; 10
-1.0, -2.0, 3.0; 13
0.0, -2.0, 3.0; 8
1.0, -2.0, 3.0; 18
2.0, -2.0, 3.0; 16
3.0, -2.0, 3.0; 9
4.0, -2.0, 3.0; 14
5.0, -2.0, 3.0; 51
6.0, -2.0, 3.0; 127
7.0, -2.0, 3.0; 208
8.0, -2.0, 3.0; 213
9.0, -2.0, 3.0; 21
-10.0, -1.0, 3.0; 21
-9.0, -1.0, 3.0; 45
-8.0, -1.0, 3.0; 21
-7.0, -1.0, 3.0; 17
-6.0, -1.0, 3.0; 91
-5.0, -1.0, 3.0; 156
-4.0, -1.0, 3.0; 84
-3.0, -1.0, 3.0; 65
-2.0, -1.0, 3.0; 37
-1.0, -1.0, 3.0; 5
0.0, -1.0, 3.0; 5
1.0, -1.0, 3.0; 45
2.0, -1.0, 3.0; 41
3.0, -1.0, 3.0; 2
4.0, -1.0, 3.0; 9
5.0, -1.0, 3.0; 34
6.0, -1.0, 3.0; 116
7.0, -1.0, 3.0; 231
8.0, -1.0, 3.0; 239
9.0, -1.0, 3.0; 36
-10.0, 0.0, 3.0; 23
-9.0, 0.0, 3.0; 36
-8.0, 0.0, 3.0; 24
-7.0, 0.0, 3.0; 13
-6.0, 0.0, 3.0; 27
-5.0, 0.0, 3.0; 52
-4.0, 0.0, 3.0; 50
-3.0, 0.0, 3.0; 121
-2.0, 0.0, 3.0; 24
-1.0, 0.0, 3.0; 3
0.0, 0.0, 3.0; 2
2.0, 0.0, 3.0; 1
3.0, 0.0, 3.0; 4
4.0, 0.0, 3.0; 5
5.0, 0.0, 3.0; 39
6.0, 0.0, 3.0; 111
7.0, 0.0, 3.0; 221
8.0, 0.0, 3.0; 219
9.0, 0.0, 3.0; 48
-10.0, 1.0, 3.0; 15
-9.0, 1.0, 3.0; 32
-8.0, 1.0, 3.0; 16
-7.0, 1.0, 3.0; 14
-6.0, 1.0, 3.0; 18
-5.0, 1.0, 3.0; 21
-4.0, 1.0, 3.0; 31
-3.0, 1.0, 3.0; 31
-2.0, 1.0, 3.0; 10
-1.0, 1.0, 3.0; 3
0.0, 1.0, 3.0; 2
1.0, 1.0, 3.0; 3
2.0, 1.0, 3.0; 2
3.0, 1.0, 3.0; 5
4.0, 1.0, 3.0; 17
5.0, 1.0, 3.0; 51
6.0, 1.0, 3.0; 114
7.0, 1.0, 3.0; 234
8.0, 1.0, 3.0; 195
9.0, 1.0, 3.0; 30
-10.0, 2.0, 3.0; 5
-9.0, 2.0, 3.0; 61
-8.0, 2.0, 3.0; 21
-7.0, 2.0, 3.0; 11
-6.0, 2.0, 3.0; 17
-5.0, 2.0, 3.0; 9
-4.0, 2.0, 3.0; 7
-3.0, 2.0, 3.0; 17
-2.0, 2.0, 3.0; 10
-1.0, 2.0, 3.0; 5
0.0, 2.0, 3.0; 12
1.0, 2.0, 3.0; 13
2.0, 2.0, 3.0; 62
3.0, 2.0, 3.0; 47
4.0, 2.0, 3.0; 60
5.0, 2.0, 3.0; 118
6.0, 2.0, 3.0; 147
7.0, 2.0, 3.0; 211
8.0, 2.0, 3.0; 123
9.0, 2.0, 3.0; 6
-9.0, 3.0, 3.0; 32
-8.0, 3.0, 3.0; 33
-7.0, 3.0, 3.0; 12
-6.0, 3.0, 3.0; 7
-5.0, 3.0, 3.0; 8
-4.0, 3.0, 3.0; 5
-3.0, 3.0, 3.0; 12
-2.0, 3.0, 3.0; 17
-1.0, 3.0, 3.0; 10
0.0, 3.0, 3.0; 22
1.0, 3.0, 3.0; 62
2.0, 3.0, 3.0; 125
3.0, 3.0, 3.0; 159
4.0, 3.0, 3.0; 149
5.0, 3.0, 3.0; 118
6.0, 3.0, 3.0; 147
7.0, 3.0, 3.0; 149
8.0, 3.0, 3.0; 99
-9.0, 4.0, 3.0; 21
-8.0, 4.0, 3.0; 53
-7.0, 4.0, 3.0; 16
-6.0, 4.0, 3.0; 6
-5.0, 4.0, 3.0; 10
-4.0, 4.0, 3.0; 5
-3.0, 4.0, 3.0; 5
-2.0, 4.0, 3.0; 9
-1.0, 4.0, 3.0; 16
0.0, 4.0, 3.0; 37
1.0, 4.0, 3.0; 134
2.0, 4.0, 3.0; 440
3.0, 4.0, 3.0; 446
4.0, 4.0, 3.0; 144
5.0, 4.0, 3.0; 80
6.0, 4.0, 3.0; 117
7.0, 4.0, 3.0; 125
8.0, 4.0, 3.0; 25
-8.0, 5.0, 3.0; 557
-7.0, 5.0, 3.0; 93
-6.0, 5.0, 3.0; 15
-5.0, 5.0, 3.0; 7
-4.0, 5.0, 3.0; 7
-3.0, 5.0, 3.0; 10
-2.0, 5.0, 3.0; 8
-1.0, 5.0, 3.0; 4
0.0, 5.0, 3.0; 43
1.0, 5.0, 3.0; 349
2.0, 5.0, 3.0; 681
3.0, 5.0, 3.0; 281
4.0, 5.0, 3.0; 78
5.0, 5.0, 3.0; 82
6.0, 5.0, 3.0; 120
7.0, 5.0, 3.0; 86
-8.0, 6.0, 3.0; 37
-7.0, 6.0, 3.0; 156
-6.0, 6.0, 3.0; 14
-5.0, 6.0, 3.0; 8
-4.0, 6.0, 3.0; 10
-3.0, 6.0, 3.0; 12
-2.0, 6.0, 3.0; 13
-1.0, 6.0, 3.0; 27
0.0, 6.0, 3.0; 92
1.0, 6.0, 3.0; 226
2.0, 6.0, 3.0; 226
3.0, 6.0, 3.0; 74
4.0, 6.0, 3.0; 75
5.0, 6.0, 3.0; 114
6.0, 6.0, 3.0; 80
7.0, 6.0, 3.0; 4
-7.0, 7.0, 3.0; 2
-6.0, 7.0, 3.0; 25
-5.0, 7.0, 3.0; 29
-4.0, 7.0, 3.0; 5
-3.0, 7.0, 3.0; 13
-2.0, 7.0, 3.0; 12
-1.0, 7.0, 3.0; 21
0.0, 7.0, 3.0; 29
1.0, 7.0, 3.0; 45
2.0, 7.0, 3.0; 50
3.0, 7.0, 3.0; 67
4.0, 7.0, 3.0; 88
5.0, 7.0, 3.0; 84
6.0, 7.0, 3.0; 7
-5.0, 8.0, 3.0; 12
-4.0, 8.0, 3.0; 15
-3.0, 8.0, 3.0; 28
-2.0, 8.0, 3.0; 31
-1.0, 8.0, 3.0; 21
0.0, 8.0, 3.0; 33
1.0, 8.0, 3.0; 48
2.0, 8.0, 3.0; 85
3.0, 8.0, 3.0; 63
4.0, 8.0, 3.0; 24
5.0, 8.0, 3.0; 1
-3.0, 9.0, 3.0; 2
-2.0, 9.0, 3.0; 5
-1.0, 9.0, 3.0; 12
0.0, 9.0, 3.0; 17
1.0, 9.0, 3.0; 22
2.0, 9.0, 3.0; 8
-1.0, -10.0, 4.0; 1
0.0, -10.0, 4.0; 2
-5.0, -9.0, 4.0; 2
-4.0, -9.0, 4.0; 17
-3.0, -9.0, 4.0; 54
-2.0, -9.0, 4.0; 83
-1.0, -9.0, 4.0; 64
0.0, -9.0, 4.0; 62
1.0, -9.0, 4.0; 62
2.0, -9.0, 4.0; 49
3.0, -9.0, 4.0; 18
-6.0, -8.0, 4.0; 7
-5.0, -8.0, 4.0; 63
-4.0, -8.0, 4.0; 187
-3.0, -8.0, 4.0; 316
-2.0, -8.0, 4.0; 289
-1.0, -8.0, 4.0; 200
0.0, -8.0, 4.0; 133
1.0, -8.0, 4.0; 90
2.0, -8.0, 4.0; 86
3.0, -8.0, 4.0; 95
4.0, -8.0, 4.0; 72
5.0, -8.0, 4.0; 10
-7.0, -7.0, 4.0; 8
-6.0, -7.0, 4.0; 89
-5.0, -7.0, 4.0; 269
-4.0, -7.0, 4.0; 397
-3.0, -7.0, 4.0; 284
-2.0, -7.0, 4.0; 135
-1.0, -7.0, 4.0; 108
0.0, -7.0, 4.0; 116
1.0, -7.0, 4.0; 137
2.0, -7.0, 4.0; 142
3.0, -7.0, 4.0; 112
4.0, -7.0, 4.0; 95
5.0, -7.0, 4.0; 95
6.0, -7.0, 4.0; 28
-8.0, -6.0, 4.0; 5
-7.0, -6.0, 4.0; 66
-6.0, -6.0, 4.0; 258
-5.0, -6.0, 4.0; 224
-4.0, -6.0, 4.0; 88
-3.0, -6.0, 4.0; 33
-2.0, -6.0, 4.0; 43
-1.0, -6.0, 4.0; 93
0.0, -6.0, 4.0; 142
1.0, -6.0, 4.0; 208
2.0, -6.0, 4.0; 180
3.0, -6.0, 4.0; 130
4.0, -6.0, 4.0; 130
5.0, -6.0, 4.0; 166
6.0, -6.0, 4.0; 168
7.0, -6.0, 4.0; 12
-8.0, -5.0, 4.0; 27
-7.0, -5.0, 4.0; 182
-6.0, -5.0, 4.0; 192
-5.0, -5.0, 4.0; 69
-4.0, -5.0, 4.0; 56
-3.0, -5.0, 4.0; 131
-2.0, -5.0, 4.0; 182
-1.0, -5.0, 4.0; 166
0.0, -5.0, 4.0; 207
1.0, -5.0, 4.0; 231
2.0, -5.0, 4.0; 196
3.0, -5.0, 4.0; 88
4.0, -5.0, 4.0; 100
5.0, -5.0, 4.0; 126
6.0, -5.0, 4.0; 178
7.0, -5.0, 4.0; 125
-9.0, -4.0, 4.0; 11
-8.0, -4.0, 4.0; 87
-7.0, -4.0, 4.0; 207
-6.0, -4.0, 4.0; 118
-5.0, -4.0, 4.0; 77
-4.0, -4.0, 4.0; 405
-3.0, -4.0, 4.0; 554
-2.0, -4.0, 4.0; 198
-1.0, -4.0, 4.0; 136
0.0, -4.0, 4.0; 153
1.0, -4.0, 4.0; 191
2.0, -4.0, 4.0; 174
3.0, -4.0, 4.0; 89
4.0, -4.0, 4.0; 100
5.0, -4.0, 4.0; 125
6.0, -4.0, 4.0; 178
7.0, -4.0, 4.0; 188
8.0, -4.0, 4.0; 26
-9.0, -3.0, 4.0; 39
-8.0, -3.0, 4.0; 114
-7.0, -3.0, 4.0; 103
-6.0, -3.0, 4.0; 53
-5.0, -3.0, 4.0; 303
-4.0, -3.0, 4.0; 1292
-3.0, -3.0, 4.0; 488
-2.0, -3.0, 4.0; 65
-1.0, -3.0, 4.0; 49
0.0, -3.0, 4.0; 58
1.0, -3.0, 4.0; 119
2.0, -3.0, 4.0; 101
3.0, -3.0, 4.0; 45
4.0, -3.0, 4.0; 82
5.0, -3.0, 4.0; 110
6.0, -3.0, 4.0; 218
7.0, -3.0, 4.0; 207
8.0, -3.0, 4.0; 85
-9.0, -2.0, 4.0; 61
-8.0, -2.0, 4.0; 75
-7.0, -2.0, 4.0; 35
-6.0, -2.0, 4.0; 31
-5.0, -2.0, 4.0; 322
-4.0, -2.0, 4.0; 450
-3.0, -2.0, 4.0; 113
-2.0, -2.0, 4.0; 112
-1.0, -2.0, 4.0; 669
0.0, -2.0, 4.0; 364
1.0, -2.0, 4.0; 61
2.0, -2.0, 4.0; 34
3.0, -2.0, 4.0; 34
4.0, -2.0, 4.0; 45
5.0, -2.0, 4.0; 120
6.0, -2.0, 4.0; 187
7.0, -2.0, 4.0; 235
8.0, -2.0, 4.0; 117
9.0, -2.0, 4.0; 1
-10.0, -1.0, 4.0; 1
-9.0, -1.0, 4.0; 52
-8.0, -1.0, 4.0; 36
-7.0, -1.0, 4.0; 25
-6.0, -1.0, 4.0; 14
-5.0, -1.0, 4.0; 104
-4.0, -1.0, 4.0; 253
-3.0, -1.0, 4.0; 198
-2.0, -1.0, 4.0; 1036
-1.0, -1.0, 4.0; 2462
0.0, -1.0, 4.0; 998
1.0, -1.0, 4.0; 144
2.0, -1.0, 4.0; 14
3.0, -1.0, 4.0; 16
4.0, -1.0, 4.0; 60
5.0, -1.0, 4.0; 109
6.0, -1.0, 4.0; 197
7.0, -1.0, 4.0; 293
8.0, -1.0, 4.0; 128
9.0, -1.0, 4.0; 1
-10.0, 0.0, 4.0; 1
-9.0, 0.0, 4.0; 40
-8.0, 0.0, 4.0; 35
-7.0, 0.0, 4.0; 19
-6.0, 0.0, 4.0; 15
-5.0, 0.0, 4.0; 18
-4.0, 0.0, 4.0; 47
-3.0, 0.0, 4.0; 171
-2.0, 0.0, 4.0; 392
-1.0, 0.0, 4.0; 227
0.0, 0.0, 4.0; 73
1.0, 0.0, 4.0; 34
2.0, 0.0, 4.0; 12
3.0, 0.0, 4.0; 16
4.0, 0.0, 4.0; 43
5.0, 0.0, 4.0; 106
6.0, 0.0, 4.0; 196
7.0, 0.0, 4.0; 258
8.0, 0.0, 4.0; 122
9.0, 0.0, 4.0; 6
-9.0, 1.0, 4.0; 30
-8.0, 1.0, 4.0; 36
-7.0, 1.0, 4.0; 13
-6.0, 1.0, 4.0; 11
-5.0, 1.0, 4.0; 16
-4.0, 1.0, 4.0; 28
-3.0, 1.0, 4.0; 62
-2.0, 1.0, 4.0; 58
-1.0, 1.0, 4.0; 33
0.0, 1.0, 4.0; 31
1.0, 1.0, 4.0; 37
2.0, 1.0, 4.0; 18
3.0, 1.0, 4.0; 52
4.0, 1.0, 4.0; 69
5.0, 1.0, 4.0; 96
6.0, 1.0, 4.0; 200
7.0, 1.0, 4.0; 242
8.0, 1.0, 4.0; 102
9.0, 1.0, 4.0; 2
-9.0, 2.0, 4.0; 39
-8.0, 2.0, 4.0; 43
-7.0, 2.0, 4.0; 13
-6.0, 2.0, 4.0; 16
-5.0, 2.0, 4.0; 14
-4.0, 2.0, 4.0; 26
-3.0, 2.0, 4.0; 64
-2.0, 2.0, 4.0; 128
-1.0, 2.0, 4.0; 364
0.0, 2.0, 4.0; 396
1.0, 2.0, 4.0; 247
2.0, 2.0, 4.0; 91
3.0, 2.0, 4.0; 82
4.0, 2.0, 4.0; 118
5.0, 2.0, 4.0; 127
6.0, 2.0, 4.0; 146
7.0, 2.0, 4.0; 155
8.0, 2.0, 4.0; 58
-9.0, 3.0, 4.0; 12
-8.0, 3.0, 4.0; 54
-7.0, 3.0, 4.0; 21
-6.0, 3.0, 4.0; 20
-5.0, 3.0, 4.0; 16
-4.0, 3.0, 4.0; 13
-3.0, 3.0, 4.0; 100
-2.0, 3.0, 4.0; 615
-1.0, 3.0, 4.0; 891
0.0, 3.0, 4.0; 606
1.0, 3.0, 4.0; 218
2.0, 3.0, 4.0; 140
3.0, 3.0, 4.0; 190
4.0, 3.0, 4.0; 141
5.0, 3.0, 4.0; 122
6.0, 3.0, 4.0; 123
7.0, 3.0, 4.0; 119
8.0, 3.0, 4.0; 18
-8.0, 4.0, 4.0; 58
-7.0, 4.0, 4.0; 37
-6.0, 4.0, 4.0; 17
-5.0, 4.0, 4.0; 15
-4.0, 4.0, 4.0; 15
-3.0, 4.0, 4.0; 9
-2.0, 4.0, 4.0; 20
-1.0, 4.0, 4.0; 71
0.0, 4.0, 4.0; 116
1.0, 4.0, 4.0; 132
2.0, 4.0, 4.0; 273
3.0, 4.0, 4.0; 174
4.0, 4.0, 4.0; 80
5.0, 4.0, 4.0; 87
6.0, 4.0, 4.0; 113
7.0, 4.0, 4.0; 82
8.0, 4.0, 4.0; 3
-8.0, 5.0, 4.0; 100
-7.0, 5.0, 4.0; 286
-6.0, 5.0, 4.0; 22
-5.0, 5.0, 4.0; 14
-4.0, 5.0, 4.0; 18
-3.0, 5.0, 4.0; 23
-2.0, 5.0, 4.0; 29
-1.0, 5.0, 4.0; 52
0.0, 5.0, 4.0; 284
1.0, 5.0, 4.0; 647
2.0, 5.0, 4.0; 391
3.0, 5.0, 4.0; 105
4.0, 5.0, 4.0; 82
5.0, 5.0, 4.0; 85
6.0, 5.0, 4.0; 98
7.0, 5.0, 4.0; 14
-7.0, 6.0, 4.0; 88
-6.0, 6.0, 4.0; 53
-5.0, 6.0, 4.0; 12
-4.0, 6.0, 4.0; 11
-3.0, 6.0, 4.0; 19
-2.0, 6.0, 4.0; 30
-1.0, 6.0, 4.0; 90
0.0, 6.0, 4.0; 194
1.0, 6.0, 4.0; 248
2.0, 6.0, 4.0; 93
3.0, 6.0, 4.0; 80
4.0, 6.0, 4.0; 81
5.0, 6.0, 4.0; 80
6.0, 6.0, 4.0; 23
-6.0, 7.0, 4.0; 9
-5.0, 7.0, 4.0; 21
-4.0, 7.0, 4.0; 26
-3.0, 7.0, 4.0; 15
-2.0, 7.0, 4.0; 24
-1.0, 7.0, 4.0; 18
0.0, 7.0, 4.0; 33
1.0, 7.0, 4.0; 52
2.0, 7.0, 4.0; 73
3.0, 7.0, 4.0; 82
4.0, 7.0, 4.0; 51
5.0, 7.0, 4.0; 13
-5.0, 8.0, 4.0; 1
-4.0, 8.0, 4.0; 5
-3.0, 8.0, 4.0; 18
-2.0, 8.0, 4.0; 17
-1.0, 8.0, 4.0; 28
0.0, 8.0, 4.0; 47
1.0, 8.0, 4.0; 54
2.0, 8.0, 4.0; 63
3.0, 8.0, 4.0; 30
4.0, 8.0, 4.0; 1
-1.0, 9.0, 4.0; 3
-3.0, -9.0, 5.0; 2
-2.0, -9.0, 5.0; 25
-1.0, -9.0, 5.0; 31
0.0, -9.0, 5.0; 27
1.0, -9.0, 5.0; 15
2.0, -9.0, 5.0; 4
-5.0, -8.0, 5.0; 7
-4.0, -8.0, 5.0; 51
-3.0, -8.0, 5.0; 96
-2.0, -8.0, 5.0; 97
-1.0, -8.0, 5.0; 105
0.0, -8.0, 5.0; 91
1.0, -8.0, 5.0; 87
2.0, -8.0, 5.0; 76
3.0, -8.0, 5.0; 54
4.0, -8.0, 5.0; 15
-6.0, -7.0, 5.0; 21
-5.0, -7.0, 5.0; 89
-4.0, -7.0, 5.0; 216
-3.0, -7.0, 5.0; 263
-2.0, -7.0, 5.0; 162
-1.0, -7.0, 5.0; 104
0.0, -7.0, 5.0; 109
1.0, -7.0, 5.0; 95
2.0, -7.0, 5.0; 96
3.0, -7.0, 5.0; 94
4.0, -7.0, 5.0; 92
5.0, -7.0, 5.0; 53
-7.0, -6.0, 5.0; 24
-6.0, -6.0, 5.0; 71
-5.0, -6.0, 5.0; 200
-4.0, -6.0, 5.0; 176
-3.0, -6.0, 5.0; 83
-2.0, -6.0, 5.0; 59
-1.0, -6.0, 5.0; 69
0.0, -6.0, 5.0; 88
1.0, -6.0, 5.0; 96
2.0, -6.0, 5.0; 117
3.0, -6.0, 5.0; 121
4.0, -6.0, 5.0; 117
5.0, -6.0, 5.0; 139
6.0, -6.0, 5.0; 39
-8.0, -5.0, 5.0; 5
-7.0, -5.0, 5.0; 51
-6.0, -5.0, 5.0; 91
-5.0, -5.0, 5.0; 96
-4.0, -5.0, 5.0; 60
-3.0, -5.0, 5.0; 57
-2.0, -5.0, 5.0; 92
-1.0, -5.0, 5.0; 142
0.0, -5.0, 5.0; 160
1.0, -5.0, 5.0; 123
2.0, -5.0, 5.0; 100
3.0, -5.0, 5.0; 83
4.0, -5.0, 5.0; 114
5.0, -5.0, 5.0; 169
6.0, -5.0, 5.0; 149
7.0, -5.0, 5.0; 21
-8.0, -4.0, 5.0; 31
-7.0, -4.0, 5.0; 67
-6.0, -4.0, 5.0; 85
-5.0, -4.0, 5.0; 51
-4.0, -4.0, 5.0; 61
-3.0, -4.0, 5.0; 92
-2.0, -4.0, 5.0; 134
-1.0, -4.0, 5.0; 205
0.0, -4.0, 5.0; 242
1.0, -4.0, 5.0; 152
2.0, -4.0, 5.0; 95
3.0, -4.0, 5.0; 93
4.0, -4.0, 5.0; 103
5.0, -4.0, 5.0; 141
6.0, -4.0, 5.0; 203
7.0, -4.0, 5.0; 87
-8.0, -3.0, 5.0; 43
-7.0, -3.0, 5.0; 74
-6.0, -3.0, 5.0; 91
-5.0, -3.0, 5.0; 62
-4.0, -3.0, 5.0; 59
-3.0, -3.0, 5.0; 89
-2.0, -3.0, 5.0; 89
-1.0, -3.0, 5.0; 148
0.0, -3.0, 5.0; 166
1.0, -3.0, 5.0; 163
2.0, -3.0, 5.0; 69
3.0, -3.0, 5.0; 109
4.0, -3.0, 5.0; 109
5.0, -3.0, 5.0; 175
6.0, -3.0, 5.0; 198
7.0, -3.0, 5.0; 121
8.0, -3.0, 5.0; 10
-9.0, -2.0, 5.0; 20
-8.0, -2.0, 5.0; 61
-7.0, -2.0, 5.0; 61
-6.0, -2.0, 5.0; 54
-5.0, -2.0, 5.0; 50
-4.0, -2.0, 5.0; 41
-3.0, -2.0, 5.0; 61
-2.0, -2.0, 5.0; 86
-1.0, -2.0, 5.0; 98
0.0, -2.0, 5.0; 86
1.0, -2.0, 5.0; 73
2.0, -2.0, 5.0; 64
3.0, -2.0, 5.0; 89
4.0, -2.0, 5.0; 103
5.0, -2.0, 5.0; 202
6.0, -2.0, 5.0; 213
7.0, -2.0, 5.0; 165
8.0, -2.0, 5.0; 22
-9.0, -1.0, 5.0; 10
-8.0, -1.0, 5.0; 48
-7.0, -1.0, 5.0; 32
-6.0, -1.0, 5.0; 24
-5.0, -1.0, 5.0; 28
-4.0, -1.0, 5.0; 39
-3.0, -1.0, 5.0; 39
-2.0, -1.0, 5.0; 147
-1.0, -1.0, 5.0; 272
0.0, -1.0, 5.0; 69
1.0, -1.0, 5.0; 39
2.0, -1.0, 5.0; 76
3.0, -1.0, 5.0; 93
4.0, -1.0, 5.0; 123
5.0, -1.0, 5.0; 200
6.0, -1.0, 5.0; 283
7.0, -1.0, 5.0; 178
8.0, -1.0, 5.0; 42
-9.0, 0.0, 5.0; 13
-8.0, 0.0, 5.0; 43
-7.0, 0.0, 5.0; 21
-6.0, 0.0, 5.0; 11
-5.0, 0.0, 5.0; 10
-4.0, 0.0, 5.0; 16
-3.0, 0.0, 5.0; 30
-2.0, 0.0, 5.0; 108
-1.0, 0.0, 5.0; 123
0.0, 0.0, 5.0; 73
1.0, 0.0, 5.0; 53
2.0, 0.0, 5.0; 75
3.0, 0.0, 5.0; 83
4.0, 0.0, 5.0; 101
5.0, 0.0, 5.0; 178
6.0, 0.0, 5.0; 237
7.0, 0.0, 5.0; 149
8.0, 0.0, 5.0; 36
-9.0, 1.0, 5.0; 7
-8.0, 1.0, 5.0; 50
-7.0, 1.0, 5.0; 23
-6.0, 1.0, 5.0; 19
-5.0, 1.0, 5.0; 17
-4.0, 1.0, 5.0; 15
-3.0, 1.0, 5.0; 21
-2.0, 1.0, 5.0; 35
-1.0, 1.0, 5.0; 54
0.0, 1.0, 5.0; 80
1.0, 1.0, 5.0; 143
2.0, 1.0, 5.0; 86
3.0, 1.0, 5.0; 89
4.0, 1.0, 5.0; 116
5.0, 1.0, 5.0; 181
6.0, 1.0, 5.0; 244
7.0, 1.0, 5.0; 164
8.0, 1.0, 5.0; 20
-9.0, 2.0, 5.0; 4
-8.0, 2.0, 5.0; 49
-7.0, 2.0, 5.0; 51
-6.0, 2.0, 5.0; 26
-5.0, 2.0, 5.0; 17
-4.0, 2.0, 5.0; 18
-3.0, 2.0, 5.0; 36
-2.0, 2.0, 5.0; 207
-1.0, 2.0, 5.0; 715
0.0, 2.0, 5.0; 420
1.0, 2.0, 5.0; 176
2.0, 2.0, 5.0; 109
3.0, 2.0, 5.0; 129
4.0, 2.0, 5.0; 122
5.0, 2.0, 5.0; 168
6.0, 2.0, 5.0; 163
7.0, 2.0, 5.0; 122
8.0, 2.0, 5.0; 8
-9.0, 3.0, 5.0; 1
-8.0, 3.0, 5.0; 34
-7.0, 3.0, 5.0; 36
-6.0, 3.0, 5.0; 31
-5.0, 3.0, 5.0; 21
-4.0, 3.0, 5.0; 25
-3.0, 3.0, 5.0; 35
-2.0, 3.0, 5.0; 116
-1.0, 3.0, 5.0; 288
0.0, 3.0, 5.0; 120
1.0, 3.0, 5.0; 91
2.0, 3.0, 5.0; 199
3.0, 3.0, 5.0; 155
4.0, 3.0, 5.0; 127
5.0, 3.0, 5.0; 123
6.0, 3.0, 5.0; 124
7.0, 3.0, 5.0; 77
-8.0, 4.0, 5.0; 7
-7.0, 4.0, 5.0; 52
-6.0, 4.0, 5.0; 32
-5.0, 4.0, 5.0; 26
-4.0, 4.0, 5.0; 24
-3.0, 4.0, 5.0; 19
-2.0, 4.0, 5.0; 17
-1.0, 4.0, 5.0; 34
0.0, 4.0, 5.0; 47
1.0, 4.0, 5.0; 108
2.0, 4.0, 5.0; 176
3.0, 4.0, 5.0; 132
4.0, 4.0, 5.0; 72
5.0, 4.0, 5.0; 97
6.0, 4.0, 5.0; 96
7.0, 4.0, 5.0; 16
-7.0, 5.0, 5.0; 32
-6.0, 5.0, 5.0; 55
-5.0, 5.0, 5.0; 25
-4.0, 5.0, 5.0; 22
-3.0, 5.0, 5.0; 23
-2.0, 5.0, 5.0; 27
-1.0, 5.0, 5.0; 56
0.0, 5.0, 5.0; 97
1.0, 5.0, 5.0; 127
2.0, 5.0, 5.0; 103
3.0, 5.0, 5.0; 82
4.0, 5.0, 5.0; 85
5.0, 5.0, 5.0; 97
6.0, 5.0, 5.0; 37
-6.0, 6.0, 5.0; 17
-5.0, 6.0, 5.0; 20
-4.0, 6.0, 5.0; 29
-3.0, 6.0, 5.0; 23
-2.0, 6.0, 5.0; 33
-1.0, 6.0, 5.0; 49
0.0, 6.0, 5.0; 67
1.0, 6.0, 5.0; 62
2.0, 6.0, 5.0; 64
3.0, 6.0, 5.0; 79
4.0, 6.0, 5.0; 74
5.0, 6.0, 5.0; 33
-5.0, 7.0, 5.0; 2
-4.0, 7.0, 5.0; 27
-3.0, 7.0, 5.0; 38
-2.0, 7.0, 5.0; 32
-1.0, 7.0, 5.0; 37
0.0, 7.0, 5.0; 41
1.0, 7.0, 5.0; 56
2.0, 7.0, 5.0; 78
3.0, 7.0, 5.0; 48
4.0, 7.0, 5.0; 10
-3.0, 8.0, 5.0; 5
-2.0, 8.0, 5.0; 8
-1.0, 8.0, 5.0; 14
0.0, 8.0, 5.0; 27
1.0, 8.0, 5.0; 17
2.0, 8.0, 5.0; 9
-4.0, -8.0, 6.0; 1
-3.0, -8.0, 6.0; 24
-2.0, -8.0, 6.0; 39
-1.0, -8.0, 6.0; 50
0.0, -8.0, 6.0; 47
1.0, -8.0, 6.0; 41
2.0, -8.0, 6.0; 26
3.0, -8.0, 6.0; 1
-5.0, -7.0, 6.0; 14
-4.0, -7.0, 6.0; 60
-3.0, -7.0, 6.0; 92
-2.0, -7.0, 6.0; 96
-1.0, -7.0, 6.0; 96
0.0, -7.0, 6.0; 99
1.0, -7.0, 6.0; 98
2.0, -7.0, 6.0; 95
3.0, -7.0, 6.0; 71
4.0, -7.0, 6.0; 29
-6.0, -6.0, 6.0; 15
-5.0, -6.0, 6.0; 65
-4.0, -6.0, 6.0; 104
-3.0, -6.0, 6.0; 75
-2.0, -6.0, 6.0; 70
-1.0, -6.0, 6.0; 64
0.0, -6.0, 6.0; 64
1.0, -6.0, 6.0; 85
2.0, -6.0, 6.0; 106
3.0, -6.0, 6.0; 110
4.0, -6.0, 6.0; 101
5.0, -6.0, 6.0; 48
-7.0, -5.0, 6.0; 8
-6.0, -5.0, 6.0; 46
-5.0, -5.0, 6.0; 57
-4.0, -5.0, 6.0; 62
-3.0, -5.0, 6.0; 73
-2.0, -5.0, 6.0; 96
-1.0, -5.0, 6.0; 89
0.0, -5.0, 6.0; 79
1.0, -5.0, 6.0; 111
2.0, -5.0, 6.0; 113
3.0, -5.0, 6.0; 125
4.0, -5.0, 6.0; 140
5.0, -5.0, 6.0; 124
6.0, -5.0, 6.0; 21
-8.0, -4.0, 6.0; 3
-7.0, -4.0, 6.0; 23
-6.0, -4.0, 6.0; 66
-5.0, -4.0, 6.0; 53
-4.0, -4.0, 6.0; 45
-3.0, -4.0, 6.0; 51
-2.0, -4.0, 6.0; 101
-1.0, -4.0, 6.0; 120
0.0, -4.0, 6.0; 117
1.0, -4.0, 6.0; 85
2.0, -4.0, 6.0; 101
3.0, -4.0, 6.0; 135
4.0, -4.0, 6.0; 129
5.0, -4.0, 6.0; 145
6.0, -4.0, 6.0; 88
7.0, -4.0, 6.0; 5
-8.0, -3.0, 6.0; 13
-7.0, -3.0, 6.0; 49
-6.0, -3.0, 6.0; 47
-5.0, -3.0, 6.0; 52
-4.0, -3.0, 6.0; 49
-3.0, -3.0, 6.0; 35
-2.0, -3.0, 6.0; 99
-1.0, -3.0, 6.0; 122
0.0, -3.0, 6.0; 113
1.0, -3.0, 6.0; 123
2.0, -3.0, 6.0; 111
3.0, -3.0, 6.0; 112
4.0, -3.0, 6.0; 142
5.0, -3.0, 6.0; 169
6.0, -3.0, 6.0; 141
7.0, -3.0, 6.0; 23
-8.0, -2.0, 6.0; 26
-7.0, -2.0, 6.0; 57
-6.0, -2.0, 6.0; 48
-5.0, -2.0, 6.0; 35
-4.0, -2.0, 6.0; 29
-3.0, -2.0, 6.0; 40
-2.0, -2.0, 6.0; 74
-1.0, -2.0, 6.0; 107
0.0, -2.0, 6.0; 111
1.0, -2.0, 6.0; 107
2.0, -2.0, 6.0; 123
3.0, -2.0, 6.0; 138
4.0, -2.0, 6.0; 173
5.0, -2.0, 6.0; 217
6.0, -2.0, 6.0; 171
7.0, -2.0, 6.0; 52
-8.0, -1.0, 6.0; 44
-7.0, -1.0, 6.0; 61
-6.0, -1.0, 6.0; 34
-5.0, -1.0, 6.0; 42
-4.0, -1.0, 6.0; 26
-3.0, -1.0, 6.0; 32
-2.0, -1.0, 6.0; 51
-1.0, -1.0, 6.0; 66
0.0, -1.0, 6.0; 78
1.0, -1.0, 6.0; 99
2.0, -1.0, 6.0; 124
3.0, -1.0, 6.0; 161
4.0, -1.0, 6.0; 188
5.0, -1.0, 6.0; 220
6.0, -1.0, 6.0; 158
7.0, -1.0, 6.0; 59
-8.0, 0.0, 6.0; 59
-7.0, 0.0, 6.0; 64
-6.0, 0.0, 6.0; 49
-5.0, 0.0, 6.0; 25
-4.0, 0.0, 6.0; 16
-3.0, 0.0, 6.0; 23
-2.0, 0.0, 6.0; 51
-1.0, 0.0, 6.0; 48
0.0, 0.0, 6.0; 81
1.0, 0.0, 6.0; 105
2.0, 0.0, 6.0; 124
3.0, 0.0, 6.0; 133
4.0, 0.0, 6.0; 207
5.0, 0.0, 6.0; 211
6.0, 0.0, 6.0; 179
7.0, 0.0, 6.0; 57
-8.0, 1.0, 6.0; 40
-7.0, 1.0, 6.0; 61
-6.0, 1.0, 6.0; 47
-5.0, 1.0, 6.0; 26
-4.0, 1.0, 6.0; 13
-3.0, 1.0, 6.0; 20
-2.0, 1.0, 6.0; 22
-1.0, 1.0, 6.0; 63
0.0, 1.0, 6.0; 83
1.0, 1.0, 6.0; 95
2.0, 1.0, 6.0; 124
3.0, 1.0, 6.0; 144
4.0, 1.0, 6.0; 164
5.0, 1.0, 6.0; 255
6.0, 1.0, 6.0; 156
7.0, 1.0, 6.0; 33
-8.0, 2.0, 6.0; 15
-7.0, 2.0, 6.0; 69
-6.0, 2.0, 6.0; 32
-5.0, 2.0, 6.0; 18
-4.0, 2.0, 6.0; 20
-3.0, 2.0, 6.0; 22
-2.0, 2.0, 6.0; 16
-1.0, 2.0, 6.0; 41
0.0, 2.0, 6.0; 85
1.0, 2.0, 6.0; 135
2.0, 2.0, 6.0; 151
3.0, 2.0, 6.0; 162
4.0, 2.0, 6.0; 172
5.0, 2.0, 6.0; 192
6.0, 2.0, 6.0; 108
7.0, 2.0, 6.0; 22
-8.0, 3.0, 6.0; 1
-7.0, 3.0, 6.0; 39
-6.0, 3.0, 6.0; 45
-5.0, 3.0, 6.0; 29
-4.0, 3.0, 6.0; 19
-3.0, 3.0, 6.0; 21
-2.0, 3.0, 6.0; 20
-1.0, 3.0, 6.0; 35
0.0, 3.0, 6.0; 61
1.0, 3.0, 6.0; 158
2.0, 3.0, 6.0; 180
3.0, 3.0, 6.0; 142
4.0, 3.0, 6.0; 152
5.0, 3.0, 6.0; 192
6.0, 3.0, 6.0; 93
7.0, 3.0, 6.0; 8
-7.0, 4.0, 6.0; 15
-6.0, 4.0, 6.0; 39
-5.0, 4.0, 6.0; 46
-4.0, 4.0, 6.0; 31
-3.0, 4.0, 6.0; 24
-2.0, 4.0, 6.0; 27
-1.0, 4.0, 6.0; 35
0.0, 4.0, 6.0; 91
1.0, 4.0, 6.0; 123
2.0, 4.0, 6.0; 140
3.0, 4.0, 6.0; 122
4.0, 4.0, 6.0; 96
5.0, 4.0, 6.0; 128
6.0, 4.0, 6.0; 43
-6.0, 5.0, 6.0; 15
-5.0, 5.0, 6.0; 35
-4.0, 5.0, 6.0; 27
-3.0, 5.0, 6.0; 54
-2.0, 5.0, 6.0; 47
-1.0, 5.0, 6.0; 43
0.0, 5.0, 6.0; 61
1.0, 5.0, 6.0; 105
2.0, 5.0, 6.0; 89
3.0, 5.0, 6.0; 70
4.0, 5.0, 6.0; 81
5.0, 5.0, 6.0; 33
-5.0, 6.0, 6.0; 12
-4.0, 6.0, 6.0; 30
-3.0, 6.0, 6.0; 47
-2.0, 6.0, 6.0; 53
-1.0, 6.0, 6.0; 38
0.0, 6.0, 6.0; 53
1.0, 6.0, 6.0; 66
2.0, 6.0, 6.0; 65
3.0, 6.0, 6.0; 42
4.0, 6.0, 6.0; 18
-4.0, 7.0, 6.0; 1
-3.0, 7.0, 6.0; 18
-2.0, 7.0, 6.0; 25
-1.0, 7.0, 6.0; 25
0.0, 7.0, 6.0; 39
1.0, 7.0, 6.0; 32
2.0, 7.0, 6.0; 11
3.0, 7.0, 6.0; 2
-1.0, -8.0, 7.0; 1
-4.0, -7.0, 7.0; 2
-3.0, -7.0, 7.0; 13
-2.0, -7.0, 7.0; 38
-1.0, -7.0, 7.0; 68
0.0, -7.0, 7.0; 57
1.0, -7.0, 7.0; 53
2.0, -7.0, 7.0; 25
3.0, -7.0, 7.0; 3
-5.0, -6.0, 7.0; 8
-4.0, -6.0, 7.0; 40
-3.0, -6.0, 7.0; 72
-2.0, -6.0, 7.0; 83
-1.0, -6.0, 7.0; 94
0.0, -6.0, 7.0; 91
1.0, -6.0, 7.0; 95
2.0, -6.0, 7.0; 79
3.0, -6.0, 7.0; 62
4.0, -6.0, 7.0; 18
-6.0, -5.0, 7.0; 3
-5.0, -5.0, 7.0; 54
-4.0, -5.0, 7.0; 61
-3.0, -5.0, 7.0; 93
-2.0, -5.0, 7.0; 87
-1.0, -5.0, 7.0; 61
0.0, -5.0, 7.0; 80
1.0, -5.0, 7.0; 80
2.0, -5.0, 7.0; 112
3.0, -5.0, 7.0; 121
4.0, -5.0, 7.0; 87
5.0, -5.0, 7.0; 15
-7.0, -4.0, 7.0; 2
-6.0, -4.0, 7.0; 42
-5.0, -4.0, 7.0; 62
-4.0, -4.0, 7.0; 70
-3.0, -4.0, 7.0; 66
-2.0, -4.0, 7.0; 70
-1.0, -4.0, 7.0; 66
0.0, -4.0, 7.0; 78
1.0, -4.0, 7.0; 95
2.0, -4.0, 7.0; 106
3.0, -4.0, 7.0; 151
4.0, -4.0, 7.0; 136
5.0, -4.0, 7.0; 65
6.0, -4.0, 7.0; 2
-7.0, -3.0, 7.0; 18
-6.0, -3.0, 7.0; 65
-5.0, -3.0, 7.0; 63
-4.0, -3.0, 7.0; 63
-3.0, -3.0, 7.0; 56
-2.0, -3.0, 7.0; 66
-1.0, -3.0, 7.0; 71
0.0, -3.0, 7.0; 95
1.0, -3.0, 7.0; 104
2.0, -3.0, 7.0; 139
3.0, -3.0, 7.0; 195
4.0, -3.0, 7.0; 156
5.0, -3.0, 7.0; 107
6.0, -3.0, 7.0; 31
-7.0, -2.0, 7.0; 44
-6.0, -2.0, 7.0; 82
-5.0, -2.0, 7.0; 67
-4.0, -2.0, 7.0; 45
-3.0, -2.0, 7.0; 43
-2.0, -2.0, 7.0; 60
-1.0, -2.0, 7.0; 78
0.0, -2.0, 7.0; 93
1.0, -2.0, 7.0; 121
2.0, -2.0, 7.0; 146
3.0, -2.0, 7.0; 188
4.0, -2.0, 7.0; 205
5.0, -2.0, 7.0; 113
6.0, -2.0, 7.0; 48
-8.0, -1.0, 7.0; 1
-7.0, -1.0, 7.0; 50
-6.0, -1.0, 7.0; 110
-5.0, -1.0, 7.0; 46
-4.0, -1.0, 7.0; 40
-3.0, -1.0, 7.0; 40
-2.0, -1.0, 7.0; 32
-1.0, -1.0, 7.0; 69
0.0, -1.0, 7.0; 89
1.0, -1.0, 7.0; 124
2.0, -1.0, 7.0; 178
3.0, -1.0, 7.0; 194
4.0, -1.0, 7.0; 207
5.0, -1.0, 7.0; 145
6.0, -1.0, 7.0; 59
-8.0, 0.0, 7.0; 2
-7.0, 0.0, 7.0; 89
-6.0, 0.0, 7.0; 108
-5.0, 0.0, 7.0; 54
-4.0, 0.0, 7.0; 35
-3.0, 0.0, 7.0; 29
-2.0, 0.0, 7.0; 32
-1.0, 0.0, 7.0; 42
0.0, 0.0, 7.0; 53
1.0, 0.0, 7.0; 123
2.0, 0.0, 7.0; 179
3.0, 0.0, 7.0; 189
4.0, 0.0, 7.0; 221
5.0, 0.0, 7.0; 147
6.0, 0.0, 7.0; 53
7.0, 0.0, 7.0; 3
-7.0, 1.0, 7.0; 58
-6.0, 1.0, 7.0; 105
-5.0, 1.0, 7.0; 75
-4.0, 1.0, 7.0; 43
-3.0, 1.0, 7.0; 26
-2.0, 1.0, 7.0; 31
-1.0, 1.0, 7.0; 40
0.0, 1.0, 7.0; 92
1.0, 1.0, 7.0; 101
2.0, 1.0, 7.0; 143
3.0, 1.0, 7.0; 166
4.0, 1.0, 7.0; 214
5.0, 1.0, 7.0; 150
6.0, 1.0, 7.0; 49
-7.0, 2.0, 7.0; 14
-6.0, 2.0, 7.0; 56
-5.0, 2.0, 7.0; 67
-4.0, 2.0, 7.0; 38
-3.0, 2.0, 7.0; 32
-2.0, 2.0, 7.0; 26
-1.0, 2.0, 7.0; 46
0.0, 2.0, 7.0; 83
1.0, 2.0, 7.0; 102
2.0, 2.0, 7.0; 113
3.0, 2.0, 7.0; 156
4.0, 2.0, 7.0; 229
5.0, 2.0, 7.0; 159
6.0, 2.0, 7.0; 28
-7.0, 3.0, 7.0; 3
-6.0, 3.0, 7.0; 32
-5.0, 3.0, 7.0; 62
-4.0, 3.0, 7.0; 48
-3.0, 3.0, 7.0; 36
-2.0, 3.0, 7.0; 26
-1.0, 3.0, 7.0; 42
0.0, 3.0, 7.0; 77
1.0, 3.0, 7.0; 91
2.0, 3.0, 7.0; 124
3.0, 3.0, 7.0; 159
4.0, 3.0, 7.0; 207
5.0, 3.0, 7.0; 96
6.0, 3.0, 7.0; 3
-6.0, 4.0, 7.0; 3
-5.0, 4.0, 7.0; 41
-4.0, 4.0, 7.0; 75
-3.0, 4.0, 7.0; 46
-2.0, 4.0, 7.0; 45
-1.0, 4.0, 7.0; 68
0.0, 4.0, 7.0; 65
1.0, 4.0, 7.0; 84
2.0, 4.0, 7.0; 97
3.0, 4.0, 7.0; 115
4.0, 4.0, 7.0; 106
5.0, 4.0, 7.0; 21
-5.0, 5.0, 7.0; 7
-4.0, 5.0, 7.0; 36
-3.0, 5.0, 7.0; 73
-2.0, 5.0, 7.0; 61
-1.0, 5.0, 7.0; 65
0.0, 5.0, 7.0; 61
1.0, 5.0, 7.0; 80
2.0, 5.0, 7.0; 70
3.0, 5.0, 7.0; 55
4.0, 5.0, 7.0; 19
-4.0, 6.0, 7.0; 4
-3.0, 6.0, 7.0; 10
-2.0, 6.0, 7.0; 33
-1.0, 6.0, 7.0; 35
0.0, 6.0, 7.0; 37
1.0, 6.0, 7.0; 37
2.0, 6.0, 7.0; 17
-3.0, -6.0, 8.0; 10
-2.0, -6.0, 8.0; 19
-1.0, -6.0, 8.0; 23
0.0, -6.0, 8.0; 28
1.0, -6.0, 8.0; 28
2.0, -6.0, 8.0; 4
3.0, -6.0, 8.0; 1
-5.0, -5.0, 8.0; 1
-4.0, -5.0, 8.0; 24
-3.0, -5.0, 8.0; 61
-2.0, -5.0, 8.0; 77
-1.0, -5.0, 8.0; 107
0.0, -5.0, 8.0; 88
1.0, -5.0, 8.0; 85
2.0, -5.0, 8.0; 81
3.0, -5.0, 8.0; 23
4.0, -5.0, 8.0; 1
-5.0, -4.0, 8.0; 23
-4.0, -4.0, 8.0; 65
-3.0, -4.0, 8.0; 118
-2.0, -4.0, 8.0; 112
-1.0, -4.0, 8.0; 101
0.0, -4.0, 8.0; 100
1.0, -4.0, 8.0; 94
2.0, -4.0, 8.0; 117
3.0, -4.0, 8.0; 71
4.0, -4.0, 8.0; 32
-6.0, -3.0, 8.0; 15
-5.0, -3.0, 8.0; 116
-4.0, -3.0, 8.0; 173
-3.0, -3.0, 8.0; 121
-2.0, -3.0, 8.0; 96
-1.0, -3.0, 8.0; 100
0.0, -3.0, 8.0; 94
1.0, -3.0, 8.0; 120
2.0, -3.0, 8.0; 122
3.0, -3.0, 8.0; 113
4.0, -3.0, 8.0; 60
5.0, -3.0, 8.0; 16
-6.0, -2.0, 8.0; 82
-5.0, -2.0, 8.0; 262
-4.0, -2.0, 8.0; 202
-3.0, -2.0, 8.0; 133
-2.0, -2.0, 8.0; 75
-1.0, -2.0, 8.0; 117
0.0, -2.0, 8.0; 132
1.0, -2.0, 8.0; 149
2.0, -2.0, 8.0; 132
3.0, -2.0, 8.0; 158
4.0, -2.0, 8.0; 119
5.0, -2.0, 8.0; 27
-6.0, -1.0, 8.0; 92
-5.0, -1.0, 8.0; 234
-4.0, -1.0, 8.0; 191
-3.0, -1.0, 8.0; 96
-2.0, -1.0, 8.0; 81
-1.0, -1.0, 8.0; 85
0.0, -1.0, 8.0; 78
1.0, -1.0, 8.0; 101
2.0, -1.0, 8.0; 172
3.0, -1.0, 8.0; 148
4.0, -1.0, 8.0; 108
5.0, -1.0, 8.0; 55
-6.0, 0.0, 8.0; 78
-5.0, 0.0, 8.0; 183
-4.0, 0.0, 8.0; 157
-3.0, 0.0, 8.0; 63
-2.0, 0.0, 8.0; 63
-1.0, 0.0, 8.0; 61
0.0, 0.0, 8.0; 70
1.0, 0.0, 8.0; 101
2.0, 0.0, 8.0; 144
3.0, 0.0, 8.0; 132
4.0, 0.0, 8.0; 118
5.0, 0.0, 8.0; 32
-6.0, 1.0, 8.0; 30
-5.0, 1.0, 8.0; 111
-4.0, 1.0, 8.0; 112
-3.0, 1.0, 8.0; 77
-2.0, 1.0, 8.0; 42
-1.0, 1.0, 8.0; 50
0.0, 1.0, 8.0; 73
1.0, 1.0, 8.0; 99
2.0, 1.0, 8.0; 100
3.0, 1.0, 8.0; 127
4.0, 1.0, 8.0; 109
5.0, 1.0, 8.0; 23
-6.0, 2.0, 8.0; 4
-5.0, 2.0, 8.0; 57
-4.0, 2.0, 8.0; 72
-3.0, 2.0, 8.0; 65
-2.0, 2.0, 8.0; 55
-1.0, 2.0, 8.0; 61
0.0, 2.0, 8.0; 81
1.0, 2.0, 8.0; 114
2.0, 2.0, 8.0; 216
3.0, 2.0, 8.0; 182
4.0, 2.0, 8.0; 105
5.0, 2.0, 8.0; 7
-5.0, 3.0, 8.0; 12
-4.0, 3.0, 8.0; 39
-3.0, 3.0, 8.0; 49
-2.0, 3.0, 8.0; 52
-1.0, 3.0, 8.0; 87
0.0, 3.0, 8.0; 109
1.0, 3.0, 8.0; 176
2.0, 3.0, 8.0; 213
3.0, 3.0, 8.0; 155
4.0, 3.0, 8.0; 50
-4.0, 4.0, 8.0; 7
-3.0, 4.0, 8.0; 33
-2.0, 4.0, 8.0; 54
-1.0, 4.0, 8.0; 70
0.0, 4.0, 8.0; 98
1.0, 4.0, 8.0; 110
2.0, 4.0, 8.0; 101
3.0, 4.0, 8.0; 63
4.0, 4.0, 8.0; 2
-3.0, 5.0, 8.0; 4
-2.0, 5.0, 8.0; 10
-1.0, 5.0, 8.0; 23
0.0, 5.0, 8.0; 20
1.0, 5.0, 8.0; 18
2.0, 5.0, 8.0; 9
-2.0, -5.0, 9.0; 2
-1.0, -5.0, 9.0; 2
0.0, -5.0, 9.0; 1
-3.0, -4.0, 9.0; 19
-2.0, -4.0, 9.0; 48
-1.0, -4.0, 9.0; 65
0.0, -4.0, 9.0; 61
1.0, -4.0, 9.0; 28
2.0, -4.0, 9.0; 6
-4.0, -3.0, 9.0; 37
-3.0, -3.0, 9.0; 137
-2.0, -3.0, 9.0; 142
-1.0, -3.0, 9.0; 93
0.0, -3.0, 9.0; 88
1.0, -3.0, 9.0; 69
2.0, -3.0, 9.0; 36
3.0, -3.0, 9.0; 5
-5.0, -2.0, 9.0; 2
-4.0, -2.0, 9.0; 125
-3.0, -2.0, 9.0; 175
-2.0, -2.0, 9.0; 236
-1.0, -2.0, 9.0; 243
0.0, -2.0, 9.0; 208
1.0, -2.0, 9.0; 155
2.0, -2.0, 9.0; 69
3.0, -2.0, 9.0; 20
-5.0, -1.0, 9.0; 11
-4.0, -1.0, 9.0; 109
-3.0, -1.0, 9.0; 282
-2.0, -1.0, 9.0; 394
-1.0, -1.0, 9.0; 446
0.0, -1.0, 9.0; 414
1.0, -1.0, 9.0; 225
2.0, -1.0, 9.0; 114
3.0, -1.0, 9.0; 36
4.0, -1.0, 9.0; 4
-5.0, 0.0, 9.0; 3
-4.0, 0.0, 9.0; 112
-3.0, 0.0, 9.0; 198
-2.0, 0.0, 9.0; 251
-1.0, 0.0, 9.0; 217
0.0, 0.0, 9.0; 211
1.0, 0.0, 9.0; 159
2.0, 0.0, 9.0; 91
3.0, 0.0, 9.0; 42
4.0, 0.0, 9.0; 2
-5.0, 1.0, 9.0; 1
-4.0, 1.0, 9.0; 45
-3.0, 1.0, 9.0; 85
-2.0, 1.0, 9.0; 114
-1.0, 1.0, 9.0; 130
0.0, 1.0, 9.0; 139
1.0, 1.0, 9.0; 120
2.0, 1.0, 9.0; 71
3.0, 1.0, 9.0; 26
-4.0, 2.0, 9.0; 4
-3.0, 2.0, 9.0; 46
-2.0, 2.0, 9.0; 73
-1.0, 2.0, 9.0; 154
0.0, 2.0, 9.0; 203
1.0, 2.0, 9.0; 192
2.0, 2.0, 9.0; 76
3.0, 2.0, 9.0; 11
-3.0, 3.0, 9.0; 9
-2.0, 3.0, 9.0; 50
-1.0, 3.0, 9.0; 127
0.0, 3.0, 9.0; 193
1.0, 3.0, 9.0; 148
2.0, 3.0, 9.0; 17
3.0, 3.0, 9.0; 1
-2.0, 4.0, 9.0; 2
-1.0, 4.0, 9.0; 9
0.0, 4.0, 9.0; 5
-2.0, -5.0, -10.0; 3
-1.0, -5.0, -10.0; 3
0.0, -5.0, -10.0; 3
1.0, -5.0, -10.0; 2
-3.0, -4.0, -10.0; 3
-2.0, -4.0, -10.0; 11
-1.0, -4.0, -10.0; 26
0.0, -4.0, -10.0; 45
1.0, -4.0, -10.0; 57
2.0, -4.0, -10.0; 27
-4.0, -3.0, -10.0; 3
-3.0, -3.0, -10.0; 18
-2.0, -3.0, -10.0; 36
-1.0, -3.0, -10.0; 37
0.0, -3.0, -10.0; 65
1.0, -3.0, -10.0; 96
2.0, -3.0, -10.0; 75
3.0, -3.0, -10.0; 14
-5.0, -2.0, -10.0; 1
-4.0, -2.0, -10.0; 25
-3.0, -2.0, -10.0; 53
-2.0, -2.0, -10.0; 75
-1.0, -2.0, -10.0; 64
0.0, -2.0, -10.0; 96
1.0, -2.0, -10.0; 78
2.0, -2.0, -10.0; 75
3.0, -2.0, -10.0; 22
-5.0, -1.0, -10.0; 4
-4.0, -1.0, -10.0; 98
-3.0, -1.0, -10.0; 207
-2.0, -1.0, -10.0; 297
-1.0, -1.0, -10.0; 262
0.0, -1.0, -10.0; 232
1.0, -1.0, -10.0; 106
2.0, -1.0, -10.0; 52
3.0, -1.0, -10.0; 18
4.0, -1.0, -10.0; 2
-5.0, 0.0, -10.0; 9
-4.0, 0.0, -10.0; 134
-3.0, 0.0, -10.0; 381
-2.0, 0.0, -10.0; 588
-1.0, 0.0, -10.0; 623
0.0, 0.0, -10.0; 360
1.0, 0.0, -10.0; 139
2.0, 0.0, -10.0; 46
3.0, 0.0, -10.0; 15
-5.0, 1.0, -10.0; 1
-4.0, 1.0, -10.0; 51
-3.0, 1.0, -10.0; 119
-2.0, 1.0, -10.0; 208
-1.0, 1.0, -10.0; 246
0.0, 1.0, -10.0; 200
1.0, 1.0, -10.0; 87
2.0, 1.0, -10.0; 22
3.0, 1.0, -10.0; 11
4.0, 1.0, -10.0; 1
-4.0, 2.0, -10.0; 8
-3.0, 2.0, -10.0; 61
-2.0, 2.0, -10.0; 79
-1.0, 2.0, -10.0; 75
0.0, 2.0, -10.0; 99
1.0, 2.0, -10.0; 48
2.0, 2.0, -10.0; 28
3.0, 2.0, -10.0; 7
-3.0, 3.0, -10.0; 7
-2.0, 3.0, -10.0; 11
-1.0, 3.0, -10.0; 29
0.0, 3.0, -10.0; 36
1.0, 3.0, -10.0; 20
2.0, 3.0, -10.0; 2
-1.0, 4.0, -10.0; 3
0.0, 4.0, -10.0; 1
-3.0, -6.0, -9.0; 4
-2.0, -6.0, -9.0; 4
-1.0, -6.0, -9.0; 39
0.0, -6.0, -9.0; 180
1.0, -6.0, -9.0; 145
2.0, -6.0, -9.0; 17
-4.0, -5.0, -9.0; 3
-3.0, -5.0, -9.0; 17
-2.0, -5.0, -9.0; 24
-1.0, -5.0, -9.0; 39
0.0, -5.0, -9.0; 57
1.0, -5.0, -9.0; 74
2.0, -5.0, -9.0; 83
3.0, -5.0, -9.0; 59
-5.0, -4.0, -9.0; 6
-4.0, -4.0, -9.0; 13
-3.0, -4.0, -9.0; 23
-2.0, -4.0, -9.0; 22
-1.0, -4.0, -9.0; 31
0.0, -4.0, -9.0; 38
1.0, -4.0, -9.0; 59
2.0, -4.0, -9.0; 102
3.0, -4.0, -9.0; 131
4.0, -4.0, -9.0; 36
5.0, -4.0, -9.0; 1
-6.0, -3.0, -9.0; 1
-5.0, -3.0, -9.0; 19
-4.0, -3.0, -9.0; 32
-3.0, -3.0, -9.0; 14
-2.0, -3.0, -9.0; 29
-1.0, -3.0, -9.0; 16
0.0, -3.0, -9.0; 33
1.0, -3.0, -9.0; 73
2.0, -3.0, -9.0; 68
3.0, -3.0, -9.0; 96
4.0, -3.0, -9.0; 43
5.0, -3.0, -9.0; 4
-6.0, -2.0, -9.0; 19
-5.0, -2.0, -9.0; 47
-4.0, -2.0, -9.0; 52
-3.0, -2.0, -9.0; 28
-2.0, -2.0, -9.0; 25
-1.0, -2.0, -9.0; 23
0.0, -2.0, -9.0; 39
1.0, -2.0, -9.0; 46
2.0, -2.0, -9.0; 45
3.0, -2.0, -9.0; 81
4.0, -2.0, -9.0; 49
5.0, -2.0, -9.0; 7
-6.0, -1.0, -9.0; 52
-5.0, -1.0, -9.0; 132
-4.0, -1.0, -9.0; 88
-3.0, -1.0, -9.0; 55
-2.0, -1.0, -9.0; 29
-1.0, -1.0, -9.0; 25
0.0, -1.0, -9.0; 33
1.0, -1.0, -9.0; 49
2.0, -1.0, -9.0; 50
3.0, -1.0, -9.0; 52
4.0, -1.0, -9.0; 61
5.0, -1.0, -9.0; 23
-6.0, 0.0, -9.0; 62
-5.0, 0.0, -9.0; 153
-4.0, 0.0, -9.0; 114
-3.0, 0.0, -9.0; 72
-2.0, 0.0, -9.0; 57
-1.0, 0.0, -9.0; 40
0.0, 0.0, -9.0; 60
1.0, 0.0, -9.0; 74
2.0, 0.0, -9.0; 57
3.0, 0.0, -9.0; 52
4.0, 0.0, -9.0; 50
5.0, 0.0, -9.0; 37
-6.0, 1.0, -9.0; 45
-5.0, 1.0, -9.0; 110
-4.0, 1.0, -9.0; 104
-3.0, 1.0, -9.0; 59
-2.0, 1.0, -9.0; 64
-1.0, 1.0, -9.0; 52
0.0, 1.0, -9.0; 68
1.0, 1.0, -9.0; 93
2.0, 1.0, -9.0; 66
3.0, 1.0, -9.0; 56
4.0, 1.0, -9.0; 63
5.0, 1.0, -9.0; 17
-6.0, 2.0, -9.0; 5
-5.0, 2.0, -9.0; 56
-4.0, 2.0, -9.0; 62
-3.0, 2.0, -9.0; 58
-2.0, 2.0, -9.0; 73
-1.0, 2.0, -9.0; 80
0.0, 2.0, -9.0; 95
1.0, 2.0, -9.0; 81
2.0, 2.0, -9.0; 83
3.0, 2.0, -9.0; 63
4.0, 2.0, -9.0; 74
5.0, 2.0, -9.0; 8
-5.0, 3.0, -9.0; 13
-4.0, 3.0, -9.0; 34
-3.0, 3.0, -9.0; 33
-2.0, 3.0, -9.0; 62
-1.0, 3.0, -9.0; 65
0.0, 3.0, -9.0; 72
1.0, 3.0, -9.0; 71
2.0, 3.0, -9.0; 78
3.0, 3.0, -9.0; 55
4.0, 3.0, -9.0; 17
-4.0, 4.0, -9.0; 8
-3.0, 4.0, -9.0; 43
-2.0, 4.0, -9.0; 51
-1.0, 4.0, -9.0; 51
0.0, 4.0, -9.0; 61
1.0, 4.0, -9.0; 80
2.0, 4.0, -9.0; 49
3.0, 4.0, -9.0; 20
-3.0, 5.0, -9.0; 1
-2.0, 5.0, -9.0; 8
-1.0, 5.0, -9.0; 25
0.0, 5.0, -9.0; 28
1.0, 5.0, -9.0; 23
2.0, 5.0, -9.0; 7
0.0, -8.0, -8.0; 1
1.0, -8.0, -8.0; 1
-4.0, -7.0, -8.0; 1
-3.0, -7.0, -8.0; 2
-2.0, -7.0, -8.0; 6
-1.0, -7.0, -8.0; 24
0.0, -7.0, -8.0; 229
1.0, -7.0, -8.0; 739
2.0, -7.0, -8.0; 159
3.0, -7.0, -8.0; 4
-5.0, -6.0, -8.0; 2
-4.0, -6.0, -8.0; 8
-3.0, -6.0, -8.0; 14
-2.0, -6.0, -8.0; 23
-1.0, -6.0, -8.0; 17
0.0, -6.0, -8.0; 146
1.0, -6.0, -8.0; 564
2.0, -6.0, -8.0; 237
3.0, -6.0, -8.0; 101
4.0, -6.0, -8.0; 35
-6.0, -5.0, -8.0; 4
-5.0, -5.0, -8.0; 13
-4.0, -5.0, -8.0; 19
-3.0, -5.0, -8.0; 9
-2.0, -5.0, -8.0; 17
-1.0, -5.0, -8.0; 11
0.0, -5.0, -8.0; 21
1.0, -5.0, -8.0; 20
2.0, -5.0, -8.0; 66
3.0, -5.0, -8.0; 137
4.0, -5.0, -8.0; 189
5.0, -5.0, -8.0; 27
-6.0, -4.0, -8.0; 23
-5.0, -4.0, -8.0; 17
-4.0, -4.0, -8.0; 19
-3.0, -4.0, -8.0; 8
-2.0, -4.0, -8.0; 14
-1.0, -4.0, -8.0; 16
0.0, -4.0, -8.0; 25
1.0, -4.0, -8.0; 18
2.0, -4.0, -8.0; 53
3.0, -4.0, -8.0; 75
4.0, -4.0, -8.0; 126
5.0, -4.0, -8.0; 41
6.0, -4.0, -8.0; 1
-7.0, -3.0, -8.0; 12
-6.0, -3.0, -8.0; 23
-5.0, -3.0, -8.0; 26
-4.0, -3.0, -8.0; 17
-3.0, -3.0, -8.0; 10
-2.0, -3.0, -8.0; 16
-1.0, -3.0, -8.0; 19
0.0, -3.0, -8.0; 13
1.0, -3.0, -8.0; 24
2.0, -3.0, -8.0; 36
3.0, -3.0, -8.0; 30
4.0, -3.0, -8.0; 73
5.0, -3.0, -8.0; 67
6.0, -3.0, -8.0; 15
-7.0, -2.0, -8.0; 26
-6.0, -2.0, -8.0; 50
-5.0, -2.0, -8.0; 28
-4.0, -2.0, -8.0; 28
-3.0, -2.0, -8.0; 49
-2.0, -2.0, -8.0; 26
-1.0, -2.0, -8.0; 21
0.0, -2.0, -8.0; 19
1.0, -2.0, -8.0; 20
2.0, -2.0, -8.0; 27
3.0, -2.0, -8.0; 47
4.0, -2.0, -8.0; 50
5.0, -2.0, -8.0; 52
6.0, -2.0, -8.0; 32
-8.0, -1.0, -8.0; 1
-7.0, -1.0, -8.0; 74
-6.0, -1.0, -8.0; 88
-5.0, -1.0, -8.0; 26
-4.0, -1.0, -8.0; 26
-3.0, -1.0, -8.0; 100
-2.0, -1.0, -8.0; 62
-1.0, -1.0, -8.0; 22
0.0, -1.0, -8.0; 16
1.0, -1.0, -8.0; 17
2.0, -1.0, -8.0; 21
3.0, -1.0, -8.0; 35
4.0, -1.0, -8.0; 43
5.0, -1.0, -8.0; 77
6.0, -1.0, -8.0; 51
-8.0, 0.0, -8.0; 2
-7.0, 0.0, -8.0; 85
-6.0, 0.0, -8.0; 68
-5.0, 0.0, -8.0; 22
-4.0, 0.0, -8.0; 11
-3.0, 0.0, -8.0; 27
-2.0, 0.0, -8.0; 32
-1.0, 0.0, -8.0; 31
0.0, 0.0, -8.0; 20
1.0, 0.0, -8.0; 17
2.0, 0.0, -8.0; 34
3.0, 0.0, -8.0; 32
4.0, 0.0, -8.0; 56
5.0, 0.0, -8.0; 74
6.0, 0.0, -8.0; 52
-8.0, 1.0, -8.0; 1
-7.0, 1.0, -8.0; 66
-6.0, 1.0, -8.0; 66
-5.0, 1.0, -8.0; 37
-4.0, 1.0, -8.0; 22
-3.0, 1.0, -8.0; 19
-2.0, 1.0, -8.0; 27
-1.0, 1.0, -8.0; 27
0.0, 1.0, -8.0; 39
1.0, 1.0, -8.0; 27
2.0, 1.0, -8.0; 39
3.0, 1.0, -8.0; 45
4.0, 1.0, -8.0; 50
5.0, 1.0, -8.0; 97
6.0, 1.0, -8.0; 45
-7.0, 2.0, -8.0; 21
-6.0, 2.0, -8.0; 73
-5.0, 2.0, -8.0; 41
-4.0, 2.0, -8.0; 14
-3.0, 2.0, -8.0; 19
-2.0, 2.0, -8.0; 27
-1.0, 2.0, -8.0; 42
0.0, 2.0, -8.0; 34
1.0, 2.0, -8.0; 35
2.0, 2.0, -8.0; 41
3.0, 2.0, -8.0; 50
4.0, 2.0, -8.0; 64
5.0, 2.0, -8.0; 89
6.0, 2.0, -8.0; 26
-7.0, 3.0, -8.0; 1
-6.0, 3.0, -8.0; 20
-5.0, 3.0, -8.0; 39
-4.0, 3.0, -8.0; 18
-3.0, 3.0, -8.0; 20
-2.0, 3.0, -8.0; 22
-1.0, 3.0, -8.0; 25
0.0, 3.0, -8.0; 40
1.0, 3.0, -8.0; 43
2.0, 3.0, -8.0; 48
3.0, 3.0, -8.0; 49
4.0, 3.0, -8.0; 95
5.0, 3.0, -8.0; 47
-6.0, 4.0, -8.0; 3
-5.0, 4.0, -8.0; 18
-4.0, 4.0, -8.0; 32
-3.0, 4.0, -8.0; 37
-2.0, 4.0, -8.0; 32
-1.0, 4.0, -8.0; 57
0.0, 4.0, -8.0; 42
1.0, 4.0, -8.0; 68
2.0, 4.0, -8.0; 73
3.0, 4.0, -8.0; 78
4.0, 4.0, -8.0; 78
5.0, 4.0, -8.0; 6
-5.0, 5.0, -8.0; 4
-4.0, 5.0, -8.0; 17
-3.0, 5.0, -8.0; 35
-2.0, 5.0, -8.0; 50
-1.0, 5.0, -8.0; 48
0.0, 5.0, -8.0; 54
1.0, 5.0, -8.0; 76
2.0, 5.0, -8.0; 68
3.0, 5.0, -8.0; 47
4.0, 5.0, -8.0; 15
-4.0, 6.0, -8.0; 1
-3.0, 6.0, -8.0; 12
-2.0, 6.0, -8.0; 17
-1.0, 6.0, -8.0; 27
0.0, 6.0, -8.0; 47
1.0, 6.0, -8.0; 55
2.0, 6.0, -8.0; 16
3.0, 6.0, -8.0; 6
-1.0, 7.0, -8.0; 1
-4.0, -8.0, -7.0; 2
-3.0, -8.0, -7.0; 2
-2.0, -8.0, -7.0; 6
-1.0, -8.0, -7.0; 10
0.0, -8.0, -7.0; 9
1.0, -8.0, -7.0; 34
2.0, -8.0, -7.0; 29
3.0, -8.0, -7.0; 4
-5.0, -7.0, -7.0; 1
-4.0, -7.0, -7.0; 15
-3.0, -7.0, -7.0; 20
-2.0, -7.0, -7.0; 25
-1.0, -7.0, -7.0; 36
0.0, -7.0, -7.0; 36
1.0, -7.0, -7.0; 77
2.0, -7.0, -7.0; 124
3.0, -7.0, -7.0; 66
4.0, -7.0, -7.0; 33
-6.0, -6.0, -7.0; 6
-5.0, -6.0, -7.0; 14
-4.0, -6.0, -7.0; 12
-3.0, -6.0, -7.0; 10
-2.0, -6.0, -7.0; 14
-1.0, -6.0, -7.0; 16
0.0, -6.0, -7.0; 40
1.0, -6.0, -7.0; 29
2.0, -6.0, -7.0; 28
3.0, -6.0, -7.0; 43
4.0, -6.0, -7.0; 117
5.0, -6.0, -7.0; 47
-7.0, -5.0, -7.0; 5
-6.0, -5.0, -7.0; 21
-5.0, -5.0, -7.0; 16
-4.0, -5.0, -7.0; 11
-3.0, -5.0, -7.0; 13
-2.0, -5.0, -7.0; 21
-1.0, -5.0, -7.0; 19
0.0, -5.0, -7.0; 20
1.0, -5.0, -7.0; 23
2.0, -5.0, -7.0; 16
3.0, -5.0, -7.0; 32
4.0, -5.0, -7.0; 108
5.0, -5.0, -7.0; 116
6.0, -5.0, -7.0; 13
-7.0, -4.0, -7.0; 18
-6.0, -4.0, -7.0; 14
-5.0, -4.0, -7.0; 16
-4.0, -4.0, -7.0; 12
-3.0, -4.0, -7.0; 12
-2.0, -4.0, -7.0; 17
-1.0, -4.0, -7.0; 10
0.0, -4.0, -7.0; 12
1.0, -4.0, -7.0; 17
2.0, -4.0, -7.0; 12
3.0, -4.0, -7.0; 32
4.0, -4.0, -7.0; 57
5.0, -4.0, -7.0; 92
6.0, -4.0, -7.0; 54
7.0, -4.0, -7.0; 1
-8.0, -3.0, -7.0; 10
-7.0, -3.0, -7.0; 34
-6.0, -3.0, -7.0; 21
-5.0, -3.0, -7.0; 11
-4.0, -3.0, -7.0; 20
-3.0, -3.0, -7.0; 24
-2.0, -3.0, -7.0; 21
-1.0, -3.0, -7.0; 18
0.0, -3.0, -7.0; 14
1.0, -3.0, -7.0; 10
2.0, -3.0, -7.0; 22
3.0, -3.0, -7.0; 31
4.0, -3.0, -7.0; 48
5.0, -3.0, -7.0; 75
6.0, -3.0, -7.0; 71
7.0, -3.0, -7.0; 18
-8.0, -2.0, -7.0; 22
-7.0, -2.0, -7.0; 37
-6.0, -2.0, -7.0; 17
-5.0, -2.0, -7.0; 10
-4.0, -2.0, -7.0; 51
-3.0, -2.0, -7.0; 41
-2.0, -2.0, -7.0; 16
-1.0, -2.0, -7.0; 25
0.0, -2.0, -7.0; 15
1.0, -2.0, -7.0; 22
2.0, -2.0, -7.0; 23
3.0, -2.0, -7.0; 31
4.0, -2.0, -7.0; 47
5.0, -2.0, -7.0; 100
6.0, -2.0, -7.0; 91
7.0, -2.0, -7.0; 32
-8.0, -1.0, -7.0; 62
-7.0, -1.0, -7.0; 73
-6.0, -1.0, -7.0; 17
-5.0, -1.0, -7.0; 13
-4.0, -1.0, -7.0; 30
-3.0, -1.0, -7.0; 32
-2.0, -1.0, -7.0; 14
-1.0, -1.0, -7.0; 31
0.0, -1.0, -7.0; 16
1.0, -1.0, -7.0; 22
2.0, -1.0, -7.0; 38
3.0, -1.0, -7.0; 32
4.0, -1.0, -7.0; 53
5.0, -1.0, -7.0; 83
6.0, -1.0, -7.0; 103
7.0, -1.0, -7.0; 58
-8.0, 0.0, -7.0; 69
-7.0, 0.0, -7.0; 48
-6.0, 0.0, -7.0; 23
-5.0, 0.0, -7.0; 11
-4.0, 0.0, -7.0; 11
-3.0, 0.0, -7.0; 9
-2.0, 0.0, -7.0; 11
-1.0, 0.0, -7.0; 21
0.0, 0.0, -7.0; 18
1.0, 0.0, -7.0; 19
2.0, 0.0, -7.0; 28
3.0, 0.0, -7.0; 47
4.0, 0.0, -7.0; 66
5.0, 0.0, -7.0; 74
6.0, 0.0, -7.0; 105
7.0, 0.0, -7.0; 52
-8.0, 1.0, -7.0; 75
-7.0, 1.0, -7.0; 77
-6.0, 1.0, -7.0; 23
-5.0, 1.0, -7.0; 21
-4.0, 1.0, -7.0; 9
-3.0, 1.0, -7.0; 12
-2.0, 1.0, -7.0; 10
-1.0, 1.0, -7.0; 8
0.0, 1.0, -7.0; 24
1.0, 1.0, -7.0; 38
2.0, 1.0, -7.0; 32
3.0, 1.0, -7.0; 44
4.0, 1.0, -7.0; 71
5.0, 1.0, -7.0; 94
6.0, 1.0, -7.0; 88
7.0, 1.0, -7.0; 55
-8.0, 2.0, -7.0; 24
-7.0, 2.0, -7.0; 68
-6.0, 2.0, -7.0; 35
-5.0, 2.0, -7.0; 19
-4.0, 2.0, -7.0; 10
-3.0, 2.0, -7.0; 10
-2.0, 2.0, -7.0; 13
-1.0, 2.0, -7.0; 13
0.0, 2.0, -7.0; 21
1.0, 2.0, -7.0; 35
2.0, 2.0, -7.0; 58
3.0, 2.0, -7.0; 76
4.0, 2.0, -7.0; 76
5.0, 2.0, -7.0; 93
6.0, 2.0, -7.0; 117
7.0, 2.0, -7.0; 34
-8.0, 3.0, -7.0; 4
-7.0, 3.0, -7.0; 46
-6.0, 3.0, -7.0; 42
-5.0, 3.0, -7.0; 24
-4.0, 3.0, -7.0; 10
-3.0, 3.0, -7.0; 8
-2.0, 3.0, -7.0; 6
-1.0, 3.0, -7.0; 13
0.0, 3.0, -7.0; 24
1.0, 3.0, -7.0; 33
2.0, 3.0, -7.0; 99
3.0, 3.0, -7.0; 73
4.0, 3.0, -7.0; 87
5.0, 3.0, -7.0; 103
6.0, 3.0, -7.0; 92
7.0, 3.0, -7.0; 3
-7.0, 4.0, -7.0; 10
-6.0, 4.0, -7.0; 40
-5.0, 4.0, -7.0; 36
-4.0, 4.0, -7.0; 26
-3.0, 4.0, -7.0; 24
-2.0, 4.0, -7.0; 11
-1.0, 4.0, -7.0; 18
0.0, 4.0, -7.0; 25
1.0, 4.0, -7.0; 42
2.0, 4.0, -7.0; 52
3.0, 4.0, -7.0; 63
4.0, 4.0, -7.0; 77
5.0, 4.0, -7.0; 96
6.0, 4.0, -7.0; 23
-6.0, 5.0, -7.0; 11
-5.0, 5.0, -7.0; 33
-4.0, 5.0, -7.0; 35
-3.0, 5.0, -7.0; 56
-2.0, 5.0, -7.0; 48
-1.0, 5.0, -7.0; 52
0.0, 5.0, -7.0; 48
1.0, 5.0, -7.0; 59
2.0, 5.0, -7.0; 81
3.0, 5.0, -7.0; 73
4.0, 5.0, -7.0; 88
5.0, 5.0, -7.0; 31
-5.0, 6.0, -7.0; 6
-4.0, 6.0, -7.0; 21
-3.0, 6.0, -7.0; 49
-2.0, 6.0, -7.0; 67
-1.0, 6.0, -7.0; 64
0.0, 6.0, -7.0; 73
1.0, 6.0, -7.0; 94
2.0, 6.0, -7.0; 85
3.0, 6.0, -7.0; 71
4.0, 6.0, -7.0; 31
5.0, 6.0, -7.0; 1
-4.0, 7.0, -7.0; 3
-3.0, 7.0, -7.0; 15
-2.0, 7.0, -7.0; 35
-1.0, 7.0, -7.0; 55
0.0, 7.0, -7.0; 53
1.0, 7.0, -7.0; 35
2.0, 7.0, -7.0; 34
3.0, 7.0, -7.0; 5
-3.0, -9.0, -6.0; 2
-2.0, -9.0, -6.0; 1
-1.0, -9.0, -6.0; 6
0.0, -9.0, -6.0; 3
1.0, -9.0, -6.0; 4
2.0, -9.0, -6.0; 3
3.0, -9.0, -6.0; 1
-5.0, -8.0, -6.0; 1
-4.0, -8.0, -6.0; 9
-3.0, -8.0, -6.0; 27
-2.0, -8.0, -6.0; 43
-1.0, -8.0, -6.0; 77
0.0, -8.0, -6.0; 47
1.0, -8.0, -6.0; 26
2.0, -8.0, -6.0; 34
3.0, -8.0, -6.0; 22
4.0, -8.0, -6.0; 14
-6.0, -7.0, -6.0; 4
-5.0, -7.0, -6.0; 11
-4.0, -7.0, -6.0; 17
-3.0, -7.0, -6.0; 23
-2.0, -7.0, -6.0; 36
-1.0, -7.0, -6.0; 60
0.0, -7.0, -6.0; 91
1.0, -7.0, -6.0; 42
2.0, -7.0, -6.0; 28
3.0, -7.0, -6.0; 38
4.0, -7.0, -6.0; 56
5.0, -7.0, -6.0; 26
6.0, -7.0, -6.0; 1
-7.0, -6.0, -6.0; 18
-6.0, -6.0, -6.0; 15
-5.0, -6.0, -6.0; 15
-4.0, -6.0, -6.0; 9
-3.0, -6.0, -6.0; 18
-2.0, -6.0, -6.0; 19
-1.0, -6.0, -6.0; 31
0.0, -6.0, -6.0; 55
1.0, -6.0, -6.0; 74
2.0, -6.0, -6.0; 42
3.0, -6.0, -6.0; 27
4.0, -6.0, -6.0; 53
5.0, -6.0, -6.0; 90
6.0, -6.0, -6.0; 30
-8.0, -5.0, -6.0; 5
-7.0, -5.0, -6.0; 35
-6.0, -5.0, -6.0; 8
-5.0, -5.0, -6.0; 14
-4.0, -5.0, -6.0; 15
-3.0, -5.0, -6.0; 12
-2.0, -5.0, -6.0; 55
-1.0, -5.0, -6.0; 29
0.0, -5.0, -6.0; 22
1.0, -5.0, -6.0; 52
2.0, -5.0, -6.0; 53
3.0, -5.0, -6.0; 32
4.0, -5.0, -6.0; 48
5.0, -5.0, -6.0; 93
6.0, -5.0, -6.0; 108
7.0, -5.0, -6.0; 22
-8.0, -4.0, -6.0; 30
-7.0, -4.0, -6.0; 31
-6.0, -4.0, -6.0; 6
-5.0, -4.0, -6.0; 15
-4.0, -4.0, -6.0; 21
-3.0, -4.0, -6.0; 99
-2.0, -4.0, -6.0; 475
-1.0, -4.0, -6.0; 353
0.0, -4.0, -6.0; 62
1.0, -4.0, -6.0; 26
2.0, -4.0, -6.0; 31
3.0, -4.0, -6.0; 31
4.0, -4.0, -6.0; 42
5.0, -4.0, -6.0; 78
6.0, -4.0, -6.0; 100
7.0, -4.0, -6.0; 62
-8.0, -3.0, -6.0; 27
-7.0, -3.0, -6.0; 26
-6.0, -3.0, -6.0; 12
-5.0, -3.0, -6.0; 16
-4.0, -3.0, -6.0; 22
-3.0, -3.0, -6.0; 60
-2.0, -3.0, -6.0; 76
-1.0, -3.0, -6.0; 59
0.0, -3.0, -6.0; 71
1.0, -3.0, -6.0; 49
2.0, -3.0, -6.0; 19
3.0, -3.0, -6.0; 25
4.0, -3.0, -6.0; 43
5.0, -3.0, -6.0; 95
6.0, -3.0, -6.0; 101
7.0, -3.0, -6.0; 143
8.0, -3.0, -6.0; 10
-9.0, -2.0, -6.0; 11
-8.0, -2.0, -6.0; 47
-7.0, -2.0, -6.0; 26
-6.0, -2.0, -6.0; 15
-5.0, -2.0, -6.0; 16
-4.0, -2.0, -6.0; 17
-3.0, -2.0, -6.0; 9
-2.0, -2.0, -6.0; 35
-1.0, -2.0, -6.0; 103
0.0, -2.0, -6.0; 326
1.0, -2.0, -6.0; 129
2.0, -2.0, -6.0; 27
3.0, -2.0, -6.0; 23
4.0, -2.0, -6.0; 34
5.0, -2.0, -6.0; 77
6.0, -2.0, -6.0; 125
7.0, -2.0, -6.0; 159
8.0, -2.0, -6.0; 31
-9.0, -1.0, -6.0; 23
-8.0, -1.0, -6.0; 59
-7.0, -1.0, -6.0; 23
-6.0, -1.0, -6.0; 18
-5.0, -1.0, -6.0; 12
-4.0, -1.0, -6.0; 9
-3.0, -1.0, -6.0; 78
-2.0, -1.0, -6.0; 724
-1.0, -1.0, -6.0; 1252
0.0, -1.0, -6.0; 497
1.0, -1.0, -6.0; 90
2.0, -1.0, -6.0; 19
3.0, -1.0, -6.0; 28
4.0, -1.0, -6.0; 48
5.0, -1.0, -6.0; 55
6.0, -1.0, -6.0; 144
7.0, -1.0, -6.0; 175
8.0, -1.0, -6.0; 25
-9.0, 0.0, -6.0; 31
-8.0, 0.0, -6.0; 69
-7.0, 0.0, -6.0; 21
-6.0, 0.0, -6.0; 16
-5.0, 0.0, -6.0; 12
-4.0, 0.0, -6.0; 9
-3.0, 0.0, -6.0; 22
-2.0, 0.0, -6.0; 73
-1.0, 0.0, -6.0; 178
0.0, 0.0, -6.0; 82
1.0, 0.0, -6.0; 20
2.0, 0.0, -6.0; 19
3.0, 0.0, -6.0; 45
4.0, 0.0, -6.0; 66
5.0, 0.0, -6.0; 94
6.0, 0.0, -6.0; 137
7.0, 0.0, -6.0; 147
8.0, 0.0, -6.0; 52
-9.0, 1.0, -6.0; 19
-8.0, 1.0, -6.0; 62
-7.0, 1.0, -6.0; 19
-6.0, 1.0, -6.0; 17
-5.0, 1.0, -6.0; 12
-4.0, 1.0, -6.0; 19
-3.0, 1.0, -6.0; 52
-2.0, 1.0, -6.0; 28
-1.0, 1.0, -6.0; 42
0.0, 1.0, -6.0; 82
1.0, 1.0, -6.0; 27
2.0, 1.0, -6.0; 40
3.0, 1.0, -6.0; 66
4.0, 1.0, -6.0; 71
5.0, 1.0, -6.0; 113
6.0, 1.0, -6.0; 114
7.0, 1.0, -6.0; 162
8.0, 1.0, -6.0; 44
-9.0, 2.0, -6.0; 10
-8.0, 2.0, -6.0; 47
-7.0, 2.0, -6.0; 17
-6.0, 2.0, -6.0; 11
-5.0, 2.0, -6.0; 7
-4.0, 2.0, -6.0; 14
-3.0, 2.0, -6.0; 106
-2.0, 2.0, -6.0; 61
-1.0, 2.0, -6.0; 103
0.0, 2.0, -6.0; 118
1.0, 2.0, -6.0; 38
2.0, 2.0, -6.0; 98
3.0, 2.0, -6.0; 139
4.0, 2.0, -6.0; 159
5.0, 2.0, -6.0; 160
6.0, 2.0, -6.0; 126
7.0, 2.0, -6.0; 138
8.0, 2.0, -6.0; 12
-8.0, 3.0, -6.0; 29
-7.0, 3.0, -6.0; 36
-6.0, 3.0, -6.0; 24
-5.0, 3.0, -6.0; 10
-4.0, 3.0, -6.0; 7
-3.0, 3.0, -6.0; 29
-2.0, 3.0, -6.0; 42
-1.0, 3.0, -6.0; 17
0.0, 3.0, -6.0; 29
1.0, 3.0, -6.0; 66
2.0, 3.0, -6.0; 184
3.0, 3.0, -6.0; 318
4.0, 3.0, -6.0; 157
5.0, 3.0, -6.0; 107
6.0, 3.0, -6.0; 123
7.0, 3.0, -6.0; 110
-8.0, 4.0, -6.0; 5
-7.0, 4.0, -6.0; 43
-6.0, 4.0, -6.0; 30
-5.0, 4.0, -6.0; 42
-4.0, 4.0, -6.0; 23
-3.0, 4.0, -6.0; 22
-2.0, 4.0, -6.0; 12
-1.0, 4.0, -6.0; 19
0.0, 4.0, -6.0; 21
1.0, 4.0, -6.0; 78
2.0, 4.0, -6.0; 143
3.0, 4.0, -6.0; 122
4.0, 4.0, -6.0; 76
5.0, 4.0, -6.0; 117
6.0, 4.0, -6.0; 108
7.0, 4.0, -6.0; 26
-7.0, 5.0, -6.0; 15
-6.0, 5.0, -6.0; 17
-5.0, 5.0, -6.0; 63
-4.0, 5.0, -6.0; 212
-3.0, 5.0, -6.0; 322
-2.0, 5.0, -6.0; 163
-1.0, 5.0, -6.0; 76
0.0, 5.0, -6.0; 57
1.0, 5.0, -6.0; 40
2.0, 5.0, -6.0; 55
3.0, 5.0, -6.0; 52
4.0, 5.0, -6.0; 74
5.0, 5.0, -6.0; 128
6.0, 5.0, -6.0; 40
-6.0, 6.0, -6.0; 9
-5.0, 6.0, -6.0; 27
-4.0, 6.0, -6.0; 73
-3.0, 6.0, -6.0; 251
-2.0, 6.0, -6.0; 351
-1.0, 6.0, -6.0; 201
0.0, 6.0, -6.0; 85
1.0, 6.0, -6.0; 53
2.0, 6.0, -6.0; 55
3.0, 6.0, -6.0; 80
4.0, 6.0, -6.0; 91
5.0, 6.0, -6.0; 46
-5.0, 7.0, -6.0; 3
-4.0, 7.0, -6.0; 38
-3.0, 7.0, -6.0; 106
-2.0, 7.0, -6.0; 134
-1.0, 7.0, -6.0; 105
0.0, 7.0, -6.0; 90
1.0, 7.0, -6.0; 64
2.0, 7.0, -6.0; 87
3.0, 7.0, -6.0; 54
4.0, 7.0, -6.0; 12
-3.0, 8.0, -6.0; 14
-2.0, 8.0, -6.0; 33
-1.0, 8.0, -6.0; 44
0.0, 8.0, -6.0; 32
1.0, 8.0, -6.0; 10
2.0, 8.0, -6.0; 5
-1.0, -10.0, -5.0; 1
1.0, -10.0, -5.0; 1
-5.0, -9.0, -5.0; 1
-4.0, -9.0, -5.0; 5
-3.0, -9.0, -5.0; 12
-2.0, -9.0, -5.0; 13
-1.0, -9.0, -5.0; 15
0.0, -9.0, -5.0; 22
1.0, -9.0, -5.0; 17
2.0, -9.0, -5.0; 28
3.0, -9.0, -5.0; 10
-6.0, -8.0, -5.0; 9
-5.0, -8.0, -5.0; 27
-4.0, -8.0, -5.0; 23
-3.0, -8.0, -5.0; 31
-2.0, -8.0, -5.0; 50
-1.0, -8.0, -5.0; 104
0.0, -8.0, -5.0; 95
1.0, -8.0, -5.0; 48
2.0, -8.0, -5.0; 15
3.0, -8.0, -5.0; 32
4.0, -8.0, -5.0; 34
5.0, -8.0, -5.0; 11
-7.0, -7.0, -5.0; 16
-6.0, -7.0, -5.0; 35
-5.0, -7.0, -5.0; 15
-4.0, -7.0, -5.0; 22
-3.0, -7.0, -5.0; 27
-2.0, -7.0, -5.0; 43
-1.0, -7.0, -5.0; 95
0.0, -7.0, -5.0; 199
1.0, -7.0, -5.0; 321
2.0, -7.0, -5.0; 154
3.0, -7.0, -5.0; 31
4.0, -7.0, -5.0; 34
5.0, -7.0, -5.0; 61
6.0, -7.0, -5.0; 18
-8.0, -6.0, -5.0; 10
-7.0, -6.0, -5.0; 52
-6.0, -6.0, -5.0; 16
-5.0, -6.0, -5.0; 11
-4.0, -6.0, -5.0; 21
-3.0, -6.0, -5.0; 17
-2.0, -6.0, -5.0; 17
-1.0, -6.0, -5.0; 26
0.0, -6.0, -5.0; 71
1.0, -6.0, -5.0; 373
2.0, -6.0, -5.0; 382
3.0, -6.0, -5.0; 79
4.0, -6.0, -5.0; 35
5.0, -6.0, -5.0; 51
6.0, -6.0, -5.0; 94
7.0, -6.0, -5.0; 19
-8.0, -5.0, -5.0; 39
-7.0, -5.0, -5.0; 30
-6.0, -5.0, -5.0; 6
-5.0, -5.0, -5.0; 10
-4.0, -5.0, -5.0; 17
-3.0, -5.0, -5.0; 167
-2.0, -5.0, -5.0; 616
-1.0, -5.0, -5.0; 659
0.0, -5.0, -5.0; 237
1.0, -5.0, -5.0; 67
2.0, -5.0, -5.0; 145
3.0, -5.0, -5.0; 74
4.0, -5.0, -5.0; 37
5.0, -5.0, -5.0; 62
6.0, -5.0, -5.0; 156
7.0, -5.0, -5.0; 91
8.0, -5.0, -5.0; 1
-9.0, -4.0, -5.0; 9
-8.0, -4.0, -5.0; 39
-7.0, -4.0, -5.0; 19
-6.0, -4.0, -5.0; 6
-5.0, -4.0, -5.0; 12
-4.0, -4.0, -5.0; 92
-3.0, -4.0, -5.0; 289
-2.0, -4.0, -5.0; 524
-1.0, -4.0, -5.0; 615
0.0, -4.0, -5.0; 321
1.0, -4.0, -5.0; 141
2.0, -4.0, -5.0; 41
3.0, -4.0, -5.0; 31
4.0, -4.0, -5.0; 33
5.0, -4.0, -5.0; 75
6.0, -4.0, -5.0; 131
7.0, -4.0, -5.0; 171
8.0, -4.0, -5.0; 38
-9.0, -3.0, -5.0; 39
-8.0, -3.0, -5.0; 29
-7.0, -3.0, -5.0; 15
-6.0, -3.0, -5.0; 8
-5.0, -3.0, -5.0; 5
-4.0, -3.0, -5.0; 18
-3.0, -3.0, -5.0; 49
-2.0, -3.0, -5.0; 17
-1.0, -3.0, -5.0; 16
0.0, -3.0, -5.0; 30
1.0, -3.0, -5.0; 138
2.0, -3.0, -5.0; 87
3.0, -3.0, -5.0; 15
4.0, -3.0, -5.0; 27
5.0, -3.0, -5.0; 61
6.0, -3.0, -5.0; 104
7.0, -3.0, -5.0; 251
8.0, -3.0, -5.0; 124
-9.0, -2.0, -5.0; 37
-8.0, -2.0, -5.0; 28
-7.0, -2.0, -5.0; 13
-6.0, -2.0, -5.0; 7
-5.0, -2.0, -5.0; 7
-4.0, -2.0, -5.0; 4
-3.0, -2.0, -5.0; 11
-2.0, -2.0, -5.0; 19
-1.0, -2.0, -5.0; 55
0.0, -2.0, -5.0; 60
1.0, -2.0, -5.0; 60
2.0, -2.0, -5.0; 43
3.0, -2.0, -5.0; 13
4.0, -2.0, -5.0; 22
5.0, -2.0, -5.0; 44
6.0, -2.0, -5.0; 134
7.0, -2.0, -5.0; 236
8.0, -2.0, -5.0; 165
-9.0, -1.0, -5.0; 37
-8.0, -1.0, -5.0; 31
-7.0, -1.0, -5.0; 14
-6.0, -1.0, -5.0; 14
-5.0, -1.0, -5.0; 10
-4.0, -1.0, -5.0; 66
-3.0, -1.0, -5.0; 206
-2.0, -1.0, -5.0; 311
-1.0, -1.0, -5.0; 903
0.0, -1.0, -5.0; 544
1.0, -1.0, -5.0; 70
2.0, -1.0, -5.0; 10
3.0, -1.0, -5.0; 14
4.0, -1.0, -5.0; 18
5.0, -1.0, -5.0; 46
6.0, -1.0, -5.0; 98
7.0, -1.0, -5.0; 177
8.0, -1.0, -5.0; 155
9.0, -1.0, -5.0; 7
-9.0, 0.0, -5.0; 51
-8.0, 0.0, -5.0; 24
-7.0, 0.0, -5.0; 13
-6.0, 0.0, -5.0; 10
-5.0, 0.0, -5.0; 12
-4.0, 0.0, -5.0; 56
-3.0, 0.0, -5.0; 100
-2.0, 0.0, -5.0; 219
-1.0, 0.0, -5.0; 1675
0.0, 0.0, -5.0; 743
1.0, 0.0, -5.0; 43
2.0, 0.0, -5.0; 12
3.0, 0.0, -5.0; 21
4.0, 0.0, -5.0; 22
5.0, 0.0, -5.0; 70
6.0, 0.0, -5.0; 94
7.0, 0.0, -5.0; 183
8.0, 0.0, -5.0; 191
9.0, 0.0, -5.0; 2
-9.0, 1.0, -5.0; 36
-8.0, 1.0, -5.0; 37
-7.0, 1.0, -5.0; 17
-6.0, 1.0, -5.0; 9
-5.0, 1.0, -5.0; 44
-4.0, 1.0, -5.0; 356
-3.0, 1.0, -5.0; 166
-2.0, 1.0, -5.0; 8
-1.0, 1.0, -5.0; 27
0.0, 1.0, -5.0; 60
1.0, 1.0, -5.0; 49
2.0, 1.0, -5.0; 26
3.0, 1.0, -5.0; 19
4.0, 1.0, -5.0; 57
5.0, 1.0, -5.0; 116
6.0, 1.0, -5.0; 139
7.0, 1.0, -5.0; 180
8.0, 1.0, -5.0; 158
9.0, 1.0, -5.0; 2
-9.0, 2.0, -5.0; 29
-8.0, 2.0, -5.0; 26
-7.0, 2.0, -5.0; 20
-6.0, 2.0, -5.0; 8
-5.0, 2.0, -5.0; 36
-4.0, 2.0, -5.0; 1044
-3.0, 2.0, -5.0; 1336
-2.0, 2.0, -5.0; 187
-1.0, 2.0, -5.0; 55
0.0, 2.0, -5.0; 200
1.0, 2.0, -5.0; 87
2.0, 2.0, -5.0; 40
3.0, 2.0, -5.0; 72
4.0, 2.0, -5.0; 174
5.0, 2.0, -5.0; 210
6.0, 2.0, -5.0; 165
7.0, 2.0, -5.0; 184
8.0, 2.0, -5.0; 119
-9.0, 3.0, -5.0; 11
-8.0, 3.0, -5.0; 34
-7.0, 3.0, -5.0; 21
-6.0, 3.0, -5.0; 13
-5.0, 3.0, -5.0; 10
-4.0, 3.0, -5.0; 190
-3.0, 3.0, -5.0; 555
-2.0, 3.0, -5.0; 146
-1.0, 3.0, -5.0; 36
0.0, 3.0, -5.0; 89
1.0, 3.0, -5.0; 62
2.0, 3.0, -5.0; 85
3.0, 3.0, -5.0; 307
4.0, 3.0, -5.0; 408
5.0, 3.0, -5.0; 161
6.0, 3.0, -5.0; 106
7.0, 3.0, -5.0; 184
8.0, 3.0, -5.0; 41
-8.0, 4.0, -5.0; 16
-7.0, 4.0, -5.0; 31
-6.0, 4.0, -5.0; 37
-5.0, 4.0, -5.0; 34
-4.0, 4.0, -5.0; 24
-3.0, 4.0, -5.0; 25
-2.0, 4.0, -5.0; 18
-1.0, 4.0, -5.0; 15
0.0, 4.0, -5.0; 36
1.0, 4.0, -5.0; 58
2.0, 4.0, -5.0; 170
3.0, 4.0, -5.0; 302
4.0, 4.0, -5.0; 140
5.0, 4.0, -5.0; 81
6.0, 4.0, -5.0; 147
7.0, 4.0, -5.0; 115
8.0, 4.0, -5.0; 4
-8.0, 5.0, -5.0; 5
-7.0, 5.0, -5.0; 19
-6.0, 5.0, -5.0; 59
-5.0, 5.0, -5.0; 143
-4.0, 5.0, -5.0; 188
-3.0, 5.0, -5.0; 59
-2.0, 5.0, -5.0; 26
-1.0, 5.0, -5.0; 24
0.0, 5.0, -5.0; 44
1.0, 5.0, -5.0; 83
2.0, 5.0, -5.0; 138
3.0, 5.0, -5.0; 99
4.0, 5.0, -5.0; 82
5.0, 5.0, -5.0; 117
6.0, 5.0, -5.0; 117
7.0, 5.0, -5.0; 30
-7.0, 6.0, -5.0; 6
-6.0, 6.0, -5.0; 29
-5.0, 6.0, -5.0; 75
-4.0, 6.0, -5.0; 272
-3.0, 6.0, -5.0; 389
-2.0, 6.0, -5.0; 316
-1.0, 6.0, -5.0; 193
0.0, 6.0, -5.0; 120
1.0, 6.0, -5.0; 69
2.0, 6.0, -5.0; 49
3.0, 6.0, -5.0; 58
4.0, 6.0, -5.0; 74
5.0, 6.0, -5.0; 114
6.0, 6.0, -5.0; 22
-6.0, 7.0, -5.0; 1
-5.0, 7.0, -5.0; 21
-4.0, 7.0, -5.0; 69
-3.0, 7.0, -5.0; 120
-2.0, 7.0, -5.0; 144
-1.0, 7.0, -5.0; 128
0.0, 7.0, -5.0; 96
1.0, 7.0, -5.0; 82
2.0, 7.0, -5.0; 85
3.0, 7.0, -5.0; 89
4.0, 7.0, -5.0; 64
5.0, 7.0, -5.0; 20
-4.0, 8.0, -5.0; 16
-3.0, 8.0, -5.0; 68
-2.0, 8.0, -5.0; 151
-1.0, 8.0, -5.0; 144
0.0, 8.0, -5.0; 101
1.0, 8.0, -5.0; 54
2.0, 8.0, -5.0; 47
3.0, 8.0, -5.0; 22
4.0, 8.0, -5.0; 2
-2.0, 9.0, -5.0; 2
0.0, 9.0, -5.0; 2
-2.0, -10.0, -4.0; 2
-1.0, -10.0, -4.0; 4
0.0, -10.0, -4.0; 3
1.0, -10.0, -4.0; 3
2.0, -10.0, -4.0; 2
-5.0, -9.0, -4.0; 12
-4.0, -9.0, -4.0; 24
-3.0, -9.0, -4.0; 15
-2.0, -9.0, -4.0; 19
-1.0, -9.0, -4.0; 20
0.0, -9.0, -4.0; 24
1.0, -9.0, -4.0; 12
2.0, -9.0, -4.0; 22
3.0, -9.0, -4.0; 27
4.0, -9.0, -4.0; 14
-7.0, -8.0, -4.0; 3
-6.0, -8.0, -4.0; 29
-5.0, -8.0, -4.0; 53
-4.0, -8.0, -4.0; 14
-3.0, -8.0, -4.0; 17
-2.0, -8.0, -4.0; 31
-1.0, -8.0, -4.0; 52
0.0, -8.0, -4.0; 36
1.0, -8.0, -4.0; 44
2.0, -8.0, -4.0; 26
3.0, -8.0, -4.0; 10
4.0, -8.0, -4.0; 41
5.0, -8.0, -4.0; 51
6.0, -8.0, -4.0; 2
-8.0, -7.0, -4.0; 4
-7.0, -7.0, -4.0; 46
-6.0, -7.0, -4.0; 18
-5.0, -7.0, -4.0; 14
-4.0, -7.0, -4.0; 9
-3.0, -7.0, -4.0; 18
-2.0, -7.0, -4.0; 29
-1.0, -7.0, -4.0; 27
0.0, -7.0, -4.0; 151
1.0, -7.0, -4.0; 579
2.0, -7.0, -4.0; 392
3.0, -7.0, -4.0; 60
4.0, -7.0, -4.0; 42
5.0, -7.0, -4.0; 57
6.0, -7.0, -4.0; 75
7.0, -7.0, -4.0; 1
-8.0, -6.0, -4.0; 64
-7.0, -6.0, -4.0; 65
-6.0, -6.0, -4.0; 12
-5.0, -6.0, -4.0; 8
-4.0, -6.0, -4.0; 5
-3.0, -6.0, -4.0; 5
-2.0, -6.0, -4.0; 17
-1.0, -6.0, -4.0; 64
0.0, -6.0, -4.0; 94
1.0, -6.0, -4.0; 338
2.0, -6.0, -4.0; 524
3.0, -6.0, -4.0; 150
4.0, -6.0, -4.0; 39
5.0, -6.0, -4.0; 52
6.0, -6.0, -4.0; 131
7.0, -6.0, -4.0; 77
-9.0, -5.0, -4.0; 31
-8.0, -5.0, -4.0; 63
-7.0, -5.0, -4.0; 12
-6.0, -5.0, -4.0; 2
-5.0, -5.0, -4.0; 4
-4.0, -5.0, -4.0; 3
-3.0, -5.0, -4.0; 1
-2.0, -5.0, -4.0; 12
-1.0, -5.0, -4.0; 37
0.0, -5.0, -4.0; 246
1.0, -5.0, -4.0; 174
2.0, -5.0, -4.0; 103
3.0, -5.0, -4.0; 135
4.0, -5.0, -4.0; 49
5.0, -5.0, -4.0; 53
6.0, -5.0, -4.0; 125
7.0, -5.0, -4.0; 189
8.0, -5.0, -4.0; 27
-9.0, -4.0, -4.0; 50
-8.0, -4.0, -4.0; 25
-7.0, -4.0, -4.0; 14
-6.0, -4.0, -4.0; 3
-5.0, -4.0, -4.0; 11
-4.0, -4.0, -4.0; 9
-2.0, -4.0, -4.0; 2
-1.0, -4.0, -4.0; 4
0.0, -4.0, -4.0; 35
1.0, -4.0, -4.0; 142
2.0, -4.0, -4.0; 71
3.0, -4.0, -4.0; 31
4.0, -4.0, -4.0; 37
5.0, -4.0, -4.0; 46
6.0, -4.0, -4.0; 110
7.0, -4.0, -4.0; 243
8.0, -4.0, -4.0; 168
-10.0, -3.0, -4.0; 5
-9.0, -3.0, -4.0; 41
-8.0, -3.0, -4.0; 24
-7.0, -3.0, -4.0; 8
-6.0, -3.0, -4.0; 1
-5.0, -3.0, -4.0; 2
0.0, -3.0, -4.0; 1
1.0, -3.0, -4.0; 15
2.0, -3.0, -4.0; 24
3.0, -3.0, -4.0; 12
4.0, -3.0, -4.0; 8
5.0, -3.0, -4.0; 23
6.0, -3.0, -4.0; 108
7.0, -3.0, -4.0; 272
8.0, -3.0, -4.0; 278
9.0, -3.0, -4.0; 10
-10.0, -2.0, -4.0; 12
-9.0, -2.0, -4.0; 45
-8.0, -2.0, -4.0; 19
-7.0, -2.0, -4.0; 7
-6.0, -2.0, -4.0; 6
-5.0, -2.0, -4.0; 1
-4.0, -2.0, -4.0; 2
-3.0, -2.0, -4.0; 1
2.0, -2.0, -4.0; 3
3.0, -2.0, -4.0; 2
4.0, -2.0, -4.0; 2
5.0, -2.0, -4.0; 22
6.0, -2.0, -4.0; 109
7.0, -2.0, -4.0; 223
8.0, -2.0, -4.0; 253
9.0, -2.0, -4.0; 34
-10.0, -1.0, -4.0; 16
-9.0, -1.0, -4.0; 28
-8.0, -1.0, -4.0; 17
-7.0, -1.0, -4.0; 8
-6.0, -1.0, -4.0; 5
-5.0, -1.0, -4.0; 15
-4.0, -1.0, -4.0; 9
-3.0, -1.0, -4.0; 2
1.0, -1.0, -4.0; 1
2.0, -1.0, -4.0; 1
4.0, -1.0, -4.0; 4
5.0, -1.0, -4.0; 24
6.0, -1.0, -4.0; 105
7.0, -1.0, -4.0; 167
8.0, -1.0, -4.0; 207
9.0, -1.0, -4.0; 74
-10.0, 0.0, -4.0; 18
-9.0, 0.0, -4.0; 25
-8.0, 0.0, -4.0; 11
-7.0, 0.0, -4.0; 14
-6.0, 0.0, -4.0; 6
-5.0, 0.0, -4.0; 25
-4.0, 0.0, -4.0; 11
-3.0, 0.0, -4.0; 1
2.0, 0.0, -4.0; 2
3.0, 0.0, -4.0; 4
4.0, 0.0, -4.0; 6
5.0, 0.0, -4.0; 43
6.0, 0.0, -4.0; 98
7.0, 0.0, -4.0; 166
8.0, 0.0, -4.0; 256
9.0, 0.0, -4.0; 78
-10.0, 1.0, -4.0; 12
-9.0, 1.0, -4.0; 36
-8.0, 1.0, -4.0; 13
-7.0, 1.0, -4.0; 9
-6.0, 1.0, -4.0; 8
-5.0, 1.0, -4.0; 126
-4.0, 1.0, -4.0; 256
-3.0, 1.0, -4.0; 4
1.0, 1.0, -4.0; 1
2.0, 1.0, -4.0; 4
3.0, 1.0, -4.0; 7
4.0, 1.0, -4.0; 25
5.0, 1.0, -4.0; 85
6.0, 1.0, -4.0; 136
7.0, 1.0, -4.0; 190
8.0, 1.0, -4.0; 244
9.0, 1.0, -4.0; 47
-10.0, 2.0, -4.0; 2
-9.0, 2.0, -4.0; 32
-8.0, 2.0, -4.0; 20
-7.0, 2.0, -4.0; 13
-6.0, 2.0, -4.0; 7
-5.0, 2.0, -4.0; 166
-4.0, 2.0, -4.0; 512
-3.0, 2.0, -4.0; 16
-2.0, 2.0, -4.0; 1
0.0, 2.0, -4.0; 2
1.0, 2.0, -4.0; 24
2.0, 2.0, -4.0; 20
3.0, 2.0, -4.0; 34
4.0, 2.0, -4.0; 76
5.0, 2.0, -4.0; 159
6.0, 2.0, -4.0; 170
7.0, 2.0, -4.0; 175
8.0, 2.0, -4.0; 234
9.0, 2.0, -4.0; 10
-9.0, 3.0, -4.0; 22
-8.0, 3.0, -4.0; 20
-7.0, 3.0, -4.0; 20
-6.0, 3.0, -4.0; 10
-5.0, 3.0, -4.0; 28
-4.0, 3.0, -4.0; 90
-3.0, 3.0, -4.0; 7
-2.0, 3.0, -4.0; 1
-1.0, 3.0, -4.0; 3
0.0, 3.0, -4.0; 9
1.0, 3.0, -4.0; 30
2.0, 3.0, -4.0; 19
3.0, 3.0, -4.0; 93
4.0, 3.0, -4.0; 257
5.0, 3.0, -4.0; 217
6.0, 3.0, -4.0; 143
7.0, 3.0, -4.0; 170
8.0, 3.0, -4.0; 147
-9.0, 4.0, -4.0; 9
-8.0, 4.0, -4.0; 22
-7.0, 4.0, -4.0; 27
-6.0, 4.0, -4.0; 20
-5.0, 4.0, -4.0; 10
-4.0, 4.0, -4.0; 12
-3.0, 4.0, -4.0; 2
-2.0, 4.0, -4.0; 1
-1.0, 4.0, -4.0; 12
0.0, 4.0, -4.0; 12
1.0, 4.0, -4.0; 23
2.0, 4.0, -4.0; 59
3.0, 4.0, -4.0; 269
4.0, 4.0, -4.0; 228
5.0, 4.0, -4.0; 114
6.0, 4.0, -4.0; 125
7.0, 4.0, -4.0; 162
8.0, 4.0, -4.0; 45
-8.0, 5.0, -4.0; 14
-7.0, 5.0, -4.0; 36
-6.0, 5.0, -4.0; 69
-5.0, 5.0, -4.0; 38
-4.0, 5.0, -4.0; 6
-3.0, 5.0, -4.0; 8
-2.0, 5.0, -4.0; 1
-1.0, 5.0, -4.0; 11
0.0, 5.0, -4.0; 35
1.0, 5.0, -4.0; 51
2.0, 5.0, -4.0; 106
3.0, 5.0, -4.0; 169
4.0, 5.0, -4.0; 97
5.0, 5.0, -4.0; 72
6.0, 5.0, -4.0; 148
7.0, 5.0, -4.0; 96
-8.0, 6.0, -4.0; 1
-7.0, 6.0, -4.0; 19
-6.0, 6.0, -4.0; 75
-5.0, 6.0, -4.0; 155
-4.0, 6.0, -4.0; 104
-3.0, 6.0, -4.0; 32
-2.0, 6.0, -4.0; 16
-1.0, 6.0, -4.0; 21
0.0, 6.0, -4.0; 51
1.0, 6.0, -4.0; 83
2.0, 6.0, -4.0; 112
3.0, 6.0, -4.0; 75
4.0, 6.0, -4.0; 64
5.0, 6.0, -4.0; 110
6.0, 6.0, -4.0; 123
7.0, 6.0, -4.0; 5
-6.0, 7.0, -4.0; 28
-5.0, 7.0, -4.0; 58
-4.0, 7.0, -4.0; 138
-3.0, 7.0, -4.0; 153
-2.0, 7.0, -4.0; 65
-1.0, 7.0, -4.0; 72
0.0, 7.0, -4.0; 68
1.0, 7.0, -4.0; 73
2.0, 7.0, -4.0; 65
3.0, 7.0, -4.0; 67
4.0, 7.0, -4.0; 94
5.0, 7.0, -4.0; 69
6.0, 7.0, -4.0; 8
-6.0, 8.0, -4.0; 1
-5.0, 8.0, -4.0; 36
-4.0, 8.0, -4.0; 64
-3.0, 8.0, -4.0; 68
-2.0, 8.0, -4.0; 91
-1.0, 8.0, -4.0; 122
0.0, 8.0, -4.0; 77
1.0, 8.0, -4.0; 65
2.0, 8.0, -4.0; 65
3.0, 8.0, -4.0; 59
4.0, 8.0, -4.0; 18
-3.0, 9.0, -4.0; 3
-2.0, 9.0, -4.0; 23
-1.0, 9.0, -4.0; 34
0.0, 9.0, -4.0; 24
1.0, 9.0, -4.0; 16
2.0, 9.0, -4.0; 3
-4.0, -10.0, -3.0; 2
-3.0, -10.0, -3.0; 6
-2.0, -10.0, -3.0; 8
-1.0, -10.0, -3.0; 12
0.0, -10.0, -3.0; 4
1.0, -10.0, -3.0; 6
2.0, -10.0, -3.0; 4
3.0, -10.0, -3.0; 3
-6.0, -9.0, -3.0; 3
-5.0, -9.0, -3.0; 29
-4.0, -9.0, -3.0; 18
-3.0, -9.0, -3.0; 18
-2.0, -9.0, -3.0; 15
-1.0, -9.0, -3.0; 16
0.0, -9.0, -3.0; 10
1.0, -9.0, -3.0; 14
2.0, -9.0, -3.0; 17
3.0, -9.0, -3.0; 32
4.0, -9.0, -3.0; 23
5.0, -9.0, -3.0; 2
-7.0, -8.0, -3.0; 23
-6.0, -8.0, -3.0; 38
-5.0, -8.0, -3.0; 33
-4.0, -8.0, -3.0; 6
-3.0, -8.0, -3.0; 5
-2.0, -8.0, -3.0; 13
-1.0, -8.0, -3.0; 15
0.0, -8.0, -3.0; 29
1.0, -8.0, -3.0; 57
2.0, -8.0, -3.0; 35
3.0, -8.0, -3.0; 16
4.0, -8.0, -3.0; 34
5.0, -8.0, -3.0; 46
6.0, -8.0, -3.0; 19
-8.0, -7.0, -3.0; 43
-7.0, -7.0, -3.0; 55
-6.0, -7.0, -3.0; 27
-5.0, -7.0, -3.0; 9
-4.0, -7.0, -3.0; 1
-3.0, -7.0, -3.0; 5
-2.0, -7.0, -3.0; 8
-1.0, -7.0, -3.0; 20
0.0, -7.0, -3.0; 50
1.0, -7.0, -3.0; 251
2.0, -7.0, -3.0; 296
3.0, -7.0, -3.0; 134
4.0, -7.0, -3.0; 24
5.0, -7.0, -3.0; 49
6.0, -7.0, -3.0; 111
7.0, -7.0, -3.0; 18
-9.0, -6.0, -3.0; 12
-8.0, -6.0, -3.0; 113
-7.0, -6.0, -3.0; 39
-6.0, -6.0, -3.0; 8
-5.0, -6.0, -3.0; 1
-4.0, -6.0, -3.0; 1
-1.0, -6.0, -3.0; 16
0.0, -6.0, -3.0; 95
1.0, -6.0, -3.0; 163
2.0, -6.0, -3.0; 296
3.0, -6.0, -3.0; 196
4.0, -6.0, -3.0; 53
5.0, -6.0, -3.0; 43
6.0, -6.0, -3.0; 101
7.0, -6.0, -3.0; 124
8.0, -6.0, -3.0; 10
-9.0, -5.0, -3.0; 65
-8.0, -5.0, -3.0; 41
-7.0, -5.0, -3.0; 10
-6.0, -5.0, -3.0; 4
0.0, -5.0, -3.0; 33
1.0, -5.0, -3.0; 160
2.0, -5.0, -3.0; 72
3.0, -5.0, -3.0; 64
4.0, -5.0, -3.0; 43
5.0, -5.0, -3.0; 53
6.0, -5.0, -3.0; 109
7.0, -5.0, -3.0; 200
8.0, -5.0, -3.0; 93
-10.0, -4.0, -3.0; 6
-9.0, -4.0, -3.0; 60
-8.0, -4.0, -3.0; 34
-7.0, -4.0, -3.0; 11
-6.0, -4.0, -3.0; 3
0.0, -4.0, -3.0; 1
1.0, -4.0, -3.0; 36
2.0, -4.0, -3.0; 15
3.0, -4.0, -3.0; 17
4.0, -4.0, -3.0; 23
5.0, -4.0, -3.0; 35
6.0, -4.0, -3.0; 97
7.0, -4.0, -3.0; 227
8.0, -4.0, -3.0; 236
9.0, -4.0, -3.0; 9
-10.0, -3.0, -3.0; 29
-9.0, -3.0, -3.0; 46
-8.0, -3.0, -3.0; 23
-7.0, -3.0, -3.0; 9
-6.0, -3.0, -3.0; 2
2.0, -3.0, -3.0; 2
3.0, -3.0, -3.0; 4
4.0, -3.0, -3.0; 5
5.0, -3.0, -3.0; 20
6.0, -3.0, -3.0; 81
7.0, -3.0, -3.0; 208
8.0, -3.0, -3.0; 218
9.0, -3.0, -3.0; 66
-10.0, -2.0, -3.0; 30
-9.0, -2.0, -3.0; 37
-8.0, -2.0, -3.0; 20
-7.0, -2.0, -3.0; 12
-6.0, -2.0, -3.0; 6
-5.0, -2.0, -3.0; 2
-4.0, -2.0, -3.0; 1
2.0, -2.0, -3.0; 1
3.0, -2.0, -3.0; 2
4.0, -2.0, -3.0; 1
5.0, -2.0, -3.0; 6
6.0, -2.0, -3.0; 82
7.0, -2.0, -3.0; 144
8.0, -2.0, -3.0; 223
9.0, -2.0, -3.0; 139
-10.0, -1.0, -3.0; 30
-9.0, -1.0, -3.0; 33
-8.0, -1.0, -3.0; 16
-7.0, -1.0, -3.0; 22
-6.0, -1.0, -3.0; 4
-5.0, -1.0, -3.0; 2
-4.0, -1.0, -3.0; 2
5.0, -1.0, -3.0; 2
6.0, -1.0, -3.0; 43
7.0, -1.0, -3.0; 121
8.0, -1.0, -3.0; 211
9.0, -1.0, -3.0; 163
-10.0, 0.0, -3.0; 30
-9.0, 0.0, -3.0; 26
-8.0, 0.0, -3.0; 14
-7.0, 0.0, -3.0; 11
-6.0, 0.0, -3.0; 8
-5.0, 0.0, -3.0; 6
4.0, 0.0, -3.0; 1
5.0, 0.0, -3.0; 4
6.0, 0.0, -3.0; 70
7.0, 0.0, -3.0; 130
8.0, 0.0, -3.0; 208
9.0, 0.0, -3.0; 150
-10.0, 1.0, -3.0; 24
-9.0, 1.0, -3.0; 31
-8.0, 1.0, -3.0; 10
-7.0, 1.0, -3.0; 10
-6.0, 1.0, -3.0; 15
-5.0, 1.0, -3.0; 65
3.0, 1.0, -3.0; 1
4.0, 1.0, -3.0; 3
5.0, 1.0, -3.0; 35
6.0, 1.0, -3.0; 78
7.0, 1.0, -3.0; 141
8.0, 1.0, -3.0; 266
9.0, 1.0, -3.0; 152
-10.0, 2.0, -3.0; 12
-9.0, 2.0, -3.0; 26
-8.0, 2.0, -3.0; 20
-7.0, 2.0, -3.0; 10
-6.0, 2.0, -3.0; 17
-5.0, 2.0, -3.0; 63
-4.0, 2.0, -3.0; 1
2.0, 2.0, -3.0; 2
3.0, 2.0, -3.0; 13
4.0, 2.0, -3.0; 43
5.0, 2.0, -3.0; 89
6.0, 2.0, -3.0; 109
7.0, 2.0, -3.0; 167
8.0, 2.0, -3.0; 238
9.0, 2.0, -3.0; 74
-10.0, 3.0, -3.0; 3
-9.0, 3.0, -3.0; 26
-8.0, 3.0, -3.0; 15
-7.0, 3.0, -3.0; 13
-6.0, 3.0, -3.0; 12
-5.0, 3.0, -3.0; 12
1.0, 3.0, -3.0; 1
2.0, 3.0, -3.0; 10
3.0, 3.0, -3.0; 34
4.0, 3.0, -3.0; 130
5.0, 3.0, -3.0; 111
6.0, 3.0, -3.0; 142
7.0, 3.0, -3.0; 177
8.0, 3.0, -3.0; 177
9.0, 3.0, -3.0; 15
-9.0, 4.0, -3.0; 19
-8.0, 4.0, -3.0; 18
-7.0, 4.0, -3.0; 29
-6.0, 4.0, -3.0; 12
-5.0, 4.0, -3.0; 5
-4.0, 4.0, -3.0; 2
-1.0, 4.0, -3.0; 2
0.0, 4.0, -3.0; 4
1.0, 4.0, -3.0; 20
2.0, 4.0, -3.0; 53
3.0, 4.0, -3.0; 130
4.0, 4.0, -3.0; 213
5.0, 4.0, -3.0; 126
6.0, 4.0, -3.0; 123
7.0, 4.0, -3.0; 140
8.0, 4.0, -3.0; 122
-9.0, 5.0, -3.0; 5
-8.0, 5.0, -3.0; 19
-7.0, 5.0, -3.0; 29
-6.0, 5.0, -3.0; 36
-5.0, 5.0, -3.0; 6
-4.0, 5.0, -3.0; 2
-1.0, 5.0, -3.0; 4
0.0, 5.0, -3.0; 12
1.0, 5.0, -3.0; 46
2.0, 5.0, -3.0; 86
3.0, 5.0, -3.0; 197
4.0, 5.0, -3.0; 132
5.0, 5.0, -3.0; 93
6.0, 5.0, -3.0; 104
7.0, 5.0, -3.0; 121
8.0, 5.0, -3.0; 13
-8.0, 6.0, -3.0; 3
-7.0, 6.0, -3.0; 25
-6.0, 6.0, -3.0; 51
-5.0, 6.0, -3.0; 53
-4.0, 6.0, -3.0; 11
-3.0, 6.0, -3.0; 5
-2.0, 6.0, -3.0; 7
-1.0, 6.0, -3.0; 7
0.0, 6.0, -3.0; 27
1.0, 6.0, -3.0; 48
2.0, 6.0, -3.0; 94
3.0, 6.0, -3.0; 86
4.0, 6.0, -3.0; 79
5.0, 6.0, -3.0; 83
6.0, 6.0, -3.0; 146
7.0, 6.0, -3.0; 29
-7.0, 7.0, -3.0; 11
-6.0, 7.0, -3.0; 63
-5.0, 7.0, -3.0; 68
-4.0, 7.0, -3.0; 67
-3.0, 7.0, -3.0; 61
-2.0, 7.0, -3.0; 47
-1.0, 7.0, -3.0; 31
0.0, 7.0, -3.0; 49
1.0, 7.0, -3.0; 59
2.0, 7.0, -3.0; 59
3.0, 7.0, -3.0; 75
4.0, 7.0, -3.0; 92
5.0, 7.0, -3.0; 114
6.0, 7.0, -3.0; 22
-6.0, 8.0, -3.0; 11
-5.0, 8.0, -3.0; 66
-4.0, 8.0, -3.0; 69
-3.0, 8.0, -3.0; 37
-2.0, 8.0, -3.0; 40
-1.0, 8.0, -3.0; 47
0.0, 8.0, -3.0; 61
1.0, 8.0, -3.0; 55
2.0, 8.0, -3.0; 53
3.0, 8.0, -3.0; 63
4.0, 8.0, -3.0; 57
5.0, 8.0, -3.0; 6
-4.0, 9.0, -3.0; 5
-3.0, 9.0, -3.0; 17
-2.0, 9.0, -3.0; 21
-1.0, 9.0, -3.0; 34
0.0, 9.0, -3.0; 56
1.0, 9.0, -3.0; 24
2.0, 9.0, -3.0; 28
3.0, 9.0, -3.0; 4
-4.0, -10.0, -2.0; 5
-3.0, -10.0, -2.0; 13
-2.0, -10.0, -2.0; 24
-1.0, -10.0, -2.0; 20
0.0, -10.0, -2.0; 16
1.0, -10.0, -2.0; 17
2.0, -10.0, -2.0; 21
3.0, -10.0, -2.0; 16
4.0, -10.0, -2.0; 1
-6.0, -9.0, -2.0; 16
-5.0, -9.0, -2.0; 19
-4.0, -9.0, -2.0; 23
-3.0, -9.0, -2.0; 13
-2.0, -9.0, -2.0; 14
-1.0, -9.0, -2.0; 25
0.0, -9.0, -2.0; 26
1.0, -9.0, -2.0; 20
2.0, -9.0, -2.0; 6
3.0, -9.0, -2.0; 18
4.0, -9.0, -2.0; 35
5.0, -9.0, -2.0; 15
-7.0, -8.0, -2.0; 44
-6.0, -8.0, -2.0; 55
-5.0, -8.0, -2.0; 18
-4.0, -8.0, -2.0; 5
-3.0, -8.0, -2.0; 6
-2.0, -8.0, -2.0; 5
-1.0, -8.0, -2.0; 14
0.0, -8.0, -2.0; 24
1.0, -8.0, -2.0; 63
2.0, -8.0, -2.0; 70
3.0, -8.0, -2.0; 17
4.0, -8.0, -2.0; 28
5.0, -8.0, -2.0; 43
6.0, -8.0, -2.0; 42
-8.0, -7.0, -2.0; 46
-7.0, -7.0, -2.0; 94
-6.0, -7.0, -2.0; 20
-5.0, -7.0, -2.0; 5
-4.0, -7.0, -2.0; 2
-2.0, -7.0, -2.0; 3
-1.0, -7.0, -2.0; 12
0.0, -7.0, -2.0; 36
1.0, -7.0, -2.0; 99
2.0, -7.0, -2.0; 180
3.0, -7.0, -2.0; 120
4.0, -7.0, -2.0; 36
5.0, -7.0, -2.0; 51
6.0, -7.0, -2.0; 92
7.0, -7.0, -2.0; 48
-9.0, -6.0, -2.0; 26
-8.0, -6.0, -2.0; 105
-7.0, -6.0, -2.0; 37
-6.0, -6.0, -2.0; 13
-3.0, -6.0, -2.0; 1
-1.0, -6.0, -2.0; 3
0.0, -6.0, -2.0; 36
1.0, -6.0, -2.0; 54
2.0, -6.0, -2.0; 120
3.0, -6.0, -2.0; 125
4.0, -6.0, -2.0; 58
5.0, -6.0, -2.0; 49
6.0, -6.0, -2.0; 103
7.0, -6.0, -2.0; 122
8.0, -6.0, -2.0; 32
-10.0, -5.0, -2.0; 1
-9.0, -5.0, -2.0; 97
-8.0, -5.0, -2.0; 46
-7.0, -5.0, -2.0; 14
-6.0, -5.0, -2.0; 3
0.0, -5.0, -2.0; 6
1.0, -5.0, -2.0; 48
2.0, -5.0, -2.0; 23
3.0, -5.0, -2.0; 26
4.0, -5.0, -2.0; 39
5.0, -5.0, -2.0; 50
6.0, -5.0, -2.0; 103
7.0, -5.0, -2.0; 148
8.0, -5.0, -2.0; 121
-10.0, -4.0, -2.0; 20
-9.0, -4.0, -2.0; 72
-8.0, -4.0, -2.0; 22
-7.0, -4.0, -2.0; 3
1.0, -4.0, -2.0; 3
2.0, -4.0, -2.0; 6
3.0, -4.0, -2.0; 15
4.0, -4.0, -2.0; 20
5.0, -4.0, -2.0; 19
6.0, -4.0, -2.0; 67
7.0, -4.0, -2.0; 158
8.0, -4.0, -2.0; 178
9.0, -4.0, -2.0; 36
-10.0, -3.0, -2.0; 39
-9.0, -3.0, -2.0; 45
-8.0, -3.0, -2.0; 15
-7.0, -3.0, -2.0; 4
0.0, -3.0, -2.0; 1
3.0, -3.0, -2.0; 3
4.0, -3.0, -2.0; 3
5.0, -3.0, -2.0; 10
6.0, -3.0, -2.0; 61
7.0, -3.0, -2.0; 162
8.0, -3.0, -2.0; 183
9.0, -3.0, -2.0; 112
-10.0, -2.0, -2.0; 37
-9.0, -2.0, -2.0; 35
-8.0, -2.0, -2.0; 11
-7.0, -2.0, -2.0; 6
-6.0, -2.0, -2.0; 3
3.0, -2.0, -2.0; 1
5.0, -2.0, -2.0; 2
6.0, -2.0, -2.0; 30
7.0, -2.0, -2.0; 120
8.0, -2.0, -2.0; 162
9.0, -2.0, -2.0; 179
-10.0, -1.0, -2.0; 35
-9.0, -1.0, -2.0; 26
-8.0, -1.0, -2.0; 16
-7.0, -1.0, -2.0; 18
-6.0, -1.0, -2.0; 2
4.0, -1.0, -2.0; 1
6.0, -1.0, -2.0; 10
7.0, -1.0, -2.0; 98
8.0, -1.0, -2.0; 159
9.0, -1.0, -2.0; 187
-10.0, 0.0, -2.0; 46
-9.0, 0.0, -2.0; 36
-8.0, 0.0, -2.0; 7
-7.0, 0.0, -2.0; 9
-6.0, 0.0, -2.0; 5
6.0, 0.0, -2.0; 19
7.0, 0.0, -2.0; 115
8.0, 0.0, -2.0; 198
9.0, 0.0, -2.0; 227
-10.0, 1.0, -2.0; 32
-9.0, 1.0, -2.0; 17
-8.0, 1.0, -2.0; 9
-7.0, 1.0, -2.0; 9
-6.0, 1.0, -2.0; 8
-5.0, 1.0, -2.0; 11
-4.0, 1.0, -2.0; 1
4.0, 1.0, -2.0; 1
5.0, 1.0, -2.0; 5
6.0, 1.0, -2.0; 51
7.0, 1.0, -2.0; 126
8.0, 1.0, -2.0; 216
9.0, 1.0, -2.0; 200
-10.0, 2.0, -2.0; 28
-9.0, 2.0, -2.0; 16
-8.0, 2.0, -2.0; 7
-7.0, 2.0, -2.0; 10
-6.0, 2.0, -2.0; 6
-5.0, 2.0, -2.0; 15
3.0, 2.0, -2.0; 2
4.0, 2.0, -2.0; 13
5.0, 2.0, -2.0; 37
6.0, 2.0, -2.0; 68
7.0, 2.0, -2.0; 163
8.0, 2.0, -2.0; 216
9.0, 2.0, -2.0; 134
-10.0, 3.0, -2.0; 14
-9.0, 3.0, -2.0; 16
-8.0, 3.0, -2.0; 16
-7.0, 3.0, -2.0; 5
-6.0, 3.0, -2.0; 6
-5.0, 3.0, -2.0; 3
-4.0, 3.0, -2.0; 1
-3.0, 3.0, -2.0; 1
2.0, 3.0, -2.0; 4
3.0, 3.0, -2.0; 15
4.0, 3.0, -2.0; 69
5.0, 3.0, -2.0; 60
6.0, 3.0, -2.0; 96
7.0, 3.0, -2.0; 209
8.0, 3.0, -2.0; 195
9.0, 3.0, -2.0; 43
-9.0, 4.0, -2.0; 17
-8.0, 4.0, -2.0; 13
-7.0, 4.0, -2.0; 11
-6.0, 4.0, -2.0; 7
-5.0, 4.0, -2.0; 2
-3.0, 4.0, -2.0; 1
-1.0, 4.0, -2.0; 1
0.0, 4.0, -2.0; 1
1.0, 4.0, -2.0; 16
2.0, 4.0, -2.0; 41
3.0, 4.0, -2.0; 60
4.0, 4.0, -2.0; 182
5.0, 4.0, -2.0; 137
6.0, 4.0, -2.0; 119
7.0, 4.0, -2.0; 182
8.0, 4.0, -2.0; 144
9.0, 4.0, -2.0; 1
-9.0, 5.0, -2.0; 3
-8.0, 5.0, -2.0; 20
-7.0, 5.0, -2.0; 13
-6.0, 5.0, -2.0; 12
-5.0, 5.0, -2.0; 1
-4.0, 5.0, -2.0; 2
-2.0, 5.0, -2.0; 1
-1.0, 5.0, -2.0; 2
0.0, 5.0, -2.0; 17
1.0, 5.0, -2.0; 40
2.0, 5.0, -2.0; 81
3.0, 5.0, -2.0; 140
4.0, 5.0, -2.0; 169
5.0, 5.0, -2.0; 105
6.0, 5.0, -2.0; 83
7.0, 5.0, -2.0; 150
8.0, 5.0, -2.0; 34
-8.0, 6.0, -2.0; 18
-7.0, 6.0, -2.0; 36
-6.0, 6.0, -2.0; 27
-5.0, 6.0, -2.0; 5
-4.0, 6.0, -2.0; 6
-3.0, 6.0, -2.0; 2
-2.0, 6.0, -2.0; 3
-1.0, 6.0, -2.0; 11
0.0, 6.0, -2.0; 41
1.0, 6.0, -2.0; 51
2.0, 6.0, -2.0; 78
3.0, 6.0, -2.0; 102
4.0, 6.0, -2.0; 92
5.0, 6.0, -2.0; 94
6.0, 6.0, -2.0; 141
7.0, 6.0, -2.0; 64
-7.0, 7.0, -2.0; 15
-6.0, 7.0, -2.0; 40
-5.0, 7.0, -2.0; 30
-4.0, 7.0, -2.0; 20
-3.0, 7.0, -2.0; 20
-2.0, 7.0, -2.0; 16
-1.0, 7.0, -2.0; 22
0.0, 7.0, -2.0; 36
1.0, 7.0, -2.0; 58
2.0, 7.0, -2.0; 52
3.0, 7.0, -2.0; 67
4.0, 7.0, -2.0; 83
5.0, 7.0, -2.0; 106
6.0, 7.0, -2.0; 74
-6.0, 8.0, -2.0; 15
-5.0, 8.0, -2.0; 38
-4.0, 8.0, -2.0; 26
-3.0, 8.0, -2.0; 27
-2.0, 8.0, -2.0; 25
-1.0, 8.0, -2.0; 16
0.0, 8.0, -2.0; 37
1.0, 8.0, -2.0; 34
2.0, 8.0, -2.0; 50
3.0, 8.0, -2.0; 64
4.0, 8.0, -2.0; 66
5.0, 8.0, -2.0; 15
-4.0, 9.0, -2.0; 6
-3.0, 9.0, -2.0; 11
-2.0, 9.0, -2.0; 20
-1.0, 9.0, -2.0; 28
0.0, 9.0, -2.0; 49
1.0, 9.0, -2.0; 31
2.0, 9.0, -2.0; 24
3.0, 9.0, -2.0; 22
-5.0, -10.0, -1.0; 1
-4.0, -10.0, -1.0; 6
-3.0, -10.0, -1.0; 19
-2.0, -10.0, -1.0; 32
-1.0, -10.0, -1.0; 32
0.0, -10.0, -1.0; 21
1.0, -10.0, -1.0; 26
2.0, -10.0, -1.0; 20
3.0, -10.0, -1.0; 18
-6.0, -9.0, -1.0; 18
-5.0, -9.0, -1.0; 36
-4.0, -9.0, -1.0; 16
-3.0, -9.0, -1.0; 18
-2.0, -9.0, -1.0; 15
-1.0, -9.0, -1.0; 18
0.0, -9.0, -1.0; 22
1.0, -9.0, -1.0; 25
2.0, -9.0, -1.0; 17
3.0, -9.0, -1.0; 29
4.0, -9.0, -1.0; 45
5.0, -9.0, -1.0; 20
-7.0, -8.0, -1.0; 42
-6.0, -8.0, -1.0; 49
-5.0, -8.0, -1.0; 19
-4.0, -8.0, -1.0; 4
-3.0, -8.0, -1.0; 7
-2.0, -8.0, -1.0; 5
-1.0, -8.0, -1.0; 11
0.0, -8.0, -1.0; 18
1.0, -8.0, -1.0; 47
2.0, -8.0, -1.0; 82
3.0, -8.0, -1.0; 25
4.0, -8.0, -1.0; 33
5.0, -8.0, -1.0; 59
6.0, -8.0, -1.0; 47
-8.0, -7.0, -1.0; 42
-7.0, -7.0, -1.0; 58
-6.0, -7.0, -1.0; 18
-5.0, -7.0, -1.0; 7
-4.0, -7.0, -1.0; 1
-3.0, -7.0, -1.0; 3
-2.0, -7.0, -1.0; 2
-1.0, -7.0, -1.0; 6
0.0, -7.0, -1.0; 27
1.0, -7.0, -1.0; 66
2.0, -7.0, -1.0; 142
3.0, -7.0, -1.0; 114
4.0, -7.0, -1.0; 56
5.0, -7.0, -1.0; 52
6.0, -7.0, -1.0; 89
7.0, -7.0, -1.0; 66
-9.0, -6.0, -1.0; 30
-8.0, -6.0, -1.0; 95
-7.0, -6.0, -1.0; 33
-6.0, -6.0, -1.0; 2
-5.0, -6.0, -1.0; 1
-4.0, -6.0, -1.0; 1
-1.0, -6.0, -1.0; 2
0.0, -6.0, -1.0; 21
1.0, -6.0, -1.0; 25
2.0, -6.0, -1.0; 61
3.0, -6.0, -1.0; 114
4.0, -6.0, -1.0; 60
5.0, -6.0, -1.0; 46
6.0, -6.0, -1.0; 93
7.0, -6.0, -1.0; 130
8.0, -6.0, -1.0; 33
-10.0, -5.0, -1.0; 1
-9.0, -5.0, -1.0; 74
-8.0, -5.0, -1.0; 45
-7.0, -5.0, -1.0; 11
-6.0, -5.0, -1.0; 2
1.0, -5.0, -1.0; 23
2.0, -5.0, -1.0; 18
3.0, -5.0, -1.0; 15
4.0, -5.0, -1.0; 28
5.0, -5.0, -1.0; 46
6.0, -5.0, -1.0; 125
7.0, -5.0, -1.0; 113
8.0, -5.0, -1.0; 120
9.0, -5.0, -1.0; 3
-10.0, -4.0, -1.0; 31
-9.0, -4.0, -1.0; 70
-8.0, -4.0, -1.0; 25
-7.0, -4.0, -1.0; 8
2.0, -4.0, -1.0; 12
3.0, -4.0, -1.0; 9
4.0, -4.0, -1.0; 12
5.0, -4.0, -1.0; 16
6.0, -4.0, -1.0; 94
7.0, -4.0, -1.0; 147
8.0, -4.0, -1.0; 143
9.0, -4.0, -1.0; 64
-10.0, -3.0, -1.0; 43
-9.0, -3.0, -1.0; 50
-8.0, -3.0, -1.0; 13
-7.0, -3.0, -1.0; 5
-6.0, -3.0, -1.0; 2
2.0, -3.0, -1.0; 1
4.0, -3.0, -1.0; 5
5.0, -3.0, -1.0; 11
6.0, -3.0, -1.0; 47
7.0, -3.0, -1.0; 119
8.0, -3.0, -1.0; 145
9.0, -3.0, -1.0; 112
-10.0, -2.0, -1.0; 46
-9.0, -2.0, -1.0; 30
-8.0, -2.0, -1.0; 12
-7.0, -2.0, -1.0; 4
-6.0, -2.0, -1.0; 1
-3.0, -2.0, -1.0; 1
2.0, -2.0, -1.0; 1
6.0, -2.0, -1.0; 28
7.0, -2.0, -1.0; 94
8.0, -2.0, -1.0; 141
9.0, -2.0, -1.0; 163
-10.0, -1.0, -1.0; 39
-9.0, -1.0, -1.0; 22
-8.0, -1.0, -1.0; 11
-7.0, -1.0, -1.0; 5
-6.0, -1.0, -1.0; 1
-5.0, -1.0, -1.0; 3
6.0, -1.0, -1.0; 4
7.0, -1.0, -1.0; 80
8.0, -1.0, -1.0; 156
9.0, -1.0, -1.0; 212
-10.0, 0.0, -1.0; 34
-9.0, 0.0, -1.0; 35
-8.0, 0.0, -1.0; 13
-7.0, 0.0, -1.0; 12
-6.0, 0.0, -1.0; 5
-5.0, 0.0, -1.0; 1
5.0, 0.0, -1.0; 1
6.0, 0.0, -1.0; 5
7.0, 0.0, -1.0; 111
8.0, 0.0, -1.0; 186
9.0, 0.0, -1.0; 237
-10.0, 1.0, -1.0; 42
-9.0, 1.0, -1.0; 20
-8.0, 1.0, -1.0; 8
-7.0, 1.0, -1.0; 8
-6.0, 1.0, -1.0; 2
-5.0, 1.0, -1.0; 3
0.0, 1.0, -1.0; 1
5.0, 1.0, -1.0; 2
6.0, 1.0, -1.0; 29
7.0, 1.0, -1.0; 105
8.0, 1.0, -1.0; 221
9.0, 1.0, -1.0; 201
-10.0, 2.0, -1.0; 42
-9.0, 2.0, -1.0; 16
-8.0, 2.0, -1.0; 10
-7.0, 2.0, -1.0; 8
-6.0, 2.0, -1.0; 6
-5.0, 2.0, -1.0; 3
3.0, 2.0, -1.0; 2
4.0, 2.0, -1.0; 2
5.0, 2.0, -1.0; 20
6.0, 2.0, -1.0; 61
7.0, 2.0, -1.0; 169
8.0, 2.0, -1.0; 244
9.0, 2.0, -1.0; 132
-10.0, 3.0, -1.0; 14
-9.0, 3.0, -1.0; 25
-8.0, 3.0, -1.0; 12
-7.0, 3.0, -1.0; 7
-6.0, 3.0, -1.0; 4
-3.0, 3.0, -1.0; 1
1.0, 3.0, -1.0; 1
2.0, 3.0, -1.0; 3
3.0, 3.0, -1.0; 14
4.0, 3.0, -1.0; 32
5.0, 3.0, -1.0; 49
6.0, 3.0, -1.0; 119
7.0, 3.0, -1.0; 193
8.0, 3.0, -1.0; 187
9.0, 3.0, -1.0; 61
-9.0, 4.0, -1.0; 32
-8.0, 4.0, -1.0; 21
-7.0, 4.0, -1.0; 10
-6.0, 4.0, -1.0; 4
1.0, 4.0, -1.0; 20
2.0, 4.0, -1.0; 26
3.0, 4.0, -1.0; 58
4.0, 4.0, -1.0; 124
5.0, 4.0, -1.0; 135
6.0, 4.0, -1.0; 137
7.0, 4.0, -1.0; 157
8.0, 4.0, -1.0; 167
9.0, 4.0, -1.0; 6
-9.0, 5.0, -1.0; 16
-8.0, 5.0, -1.0; 23
-7.0, 5.0, -1.0; 14
-6.0, 5.0, -1.0; 16
-5.0, 5.0, -1.0; 1
-4.0, 5.0, -1.0; 3
-3.0, 5.0, -1.0; 1
-2.0, 5.0, -1.0; 8
-1.0, 5.0, -1.0; 6
0.0, 5.0, -1.0; 40
1.0, 5.0, -1.0; 51
2.0, 5.0, -1.0; 49
3.0, 5.0, -1.0; 106
4.0, 5.0, -1.0; 170
5.0, 5.0, -1.0; 106
6.0, 5.0, -1.0; 93
7.0, 5.0, -1.0; 142
8.0, 5.0, -1.0; 54
-8.0, 6.0, -1.0; 21
-7.0, 6.0, -1.0; 24
-6.0, 6.0, -1.0; 28
-5.0, 6.0, -1.0; 15
-4.0, 6.0, -1.0; 11
-3.0, 6.0, -1.0; 5
-2.0, 6.0, -1.0; 7
-1.0, 6.0, -1.0; 19
0.0, 6.0, -1.0; 43
1.0, 6.0, -1.0; 33
2.0, 6.0, -1.0; 59
3.0, 6.0, -1.0; 97
4.0, 6.0, -1.0; 79
5.0, 6.0, -1.0; 92
6.0, 6.0, -1.0; 130
7.0, 6.0, -1.0; 76
-7.0, 7.0, -1.0; 28
-6.0, 7.0, -1.0; 24
-5.0, 7.0, -1.0; 21
-4.0, 7.0, -1.0; 24
-3.0, 7.0, -1.0; 13
-2.0, 7.0, -1.0; 12
-1.0, 7.0, -1.0; 14
0.0, 7.0, -1.0; 26
1.0, 7.0, -1.0; 39
2.0, 7.0, -1.0; 42
3.0, 7.0, -1.0; 60
4.0, 7.0, -1.0; 96
5.0, 7.0, -1.0; 98
6.0, 7.0, -1.0; 89
-6.0, 8.0, -1.0; 11
-5.0, 8.0, -1.0; 18
-4.0, 8.0, -1.0; 18
-3.0, 8.0, -1.0; 17
-2.0, 8.0, -1.0; 17
-1.0, 8.0, -1.0; 26
0.0, 8.0, -1.0; 17
1.0, 8.0, -1.0; 26
2.0, 8.0, -1.0; 22
3.0, 8.0, -1.0; 51
4.0, 8.0, -1.0; 63
5.0, 8.0, -1.0; 40
-5.0, 9.0, -1.0; 1
-4.0, 9.0, -1.0; 6
-3.0, 9.0, -1.0; 10
-2.0, 9.0, -1.0; 19
-1.0, 9.0, -1.0; 30
0.0, 9.0, -1.0; 33
1.0, 9.0, -1.0; 36
2.0, 9.0, -1.0; 44
3.0, 9.0, -1.0; 14
4.0, 9.0, -1.0; 2
-4.0, -10.0, 0.0; 16
-3.0, -10.0, 0.0; 42
-2.0, -10.0, 0.0; 57
-1.0, -10.0, 0.0; 56
0.0, -10.0, 0.0; 46
1.0, -10.0, 0.0; 49
2.0, -10.0, 0.0; 31
3.0, -10.0, 0.0; 15
4.0, -10.0, 0.0; 3
-6.0, -9.0, 0.0; 17
-5.0, -9.0, 0.0; 59
-4.0, -9.0, 0.0; 40
-3.0, -9.0, 0.0; 32
-2.0, -9.0, 0.0; 25
-1.0, -9.0, 0.0; 24
0.0, -9.0, 0.0; 20
1.0, -9.0, 0.0; 17
2.0, -9.0, 0.0; 21
3.0, -9.0, 0.0; 28
4.0, -9.0, 0.0; 49
5.0, -9.0, 0.0; 19
-7.0, -8.0, 0.0; 33
-6.0, -8.0, 0.0; 35
-5.0, -8.0, 0.0; 16
-4.0, -8.0, 0.0; 13
-3.0, -8.0, 0.0; 12
-2.0, -8.0, 0.0; 4
-1.0, -8.0, 0.0; 10
0.0, -8.0, 0.0; 24
1.0, -8.0, 0.0; 67
2.0, -8.0, 0.0; 52
3.0, -8.0, 0.0; 35
4.0, -8.0, 0.0; 44
5.0, -8.0, 0.0; 61
6.0, -8.0, 0.0; 51
-8.0, -7.0, 0.0; 29
-7.0, -7.0, 0.0; 42
-6.0, -7.0, 0.0; 12
-5.0, -7.0, 0.0; 5
-4.0, -7.0, 0.0; 3
-3.0, -7.0, 0.0; 2
-2.0, -7.0, 0.0; 2
-1.0, -7.0, 0.0; 7
0.0, -7.0, 0.0; 24
1.0, -7.0, 0.0; 59
2.0, -7.0, 0.0; 103
3.0, -7.0, 0.0; 73
4.0, -7.0, 0.0; 72
5.0, -7.0, 0.0; 78
6.0, -7.0, 0.0; 108
7.0, -7.0, 0.0; 66
-9.0, -6.0, 0.0; 24
-8.0, -6.0, 0.0; 53
-7.0, -6.0, 0.0; 27
-6.0, -6.0, 0.0; 7
-2.0, -6.0, 0.0; 1
-1.0, -6.0, 0.0; 1
0.0, -6.0, 0.0; 6
1.0, -6.0, 0.0; 22
2.0, -6.0, 0.0; 49
3.0, -6.0, 0.0; 52
4.0, -6.0, 0.0; 54
5.0, -6.0, 0.0; 73
6.0, -6.0, 0.0; 97
7.0, -6.0, 0.0; 128
8.0, -6.0, 0.0; 41
-10.0, -5.0, 0.0; 3
-9.0, -5.0, 0.0; 85
-8.0, -5.0, 0.0; 45
-7.0, -5.0, 0.0; 13
-5.0, -5.0, 0.0; 4
0.0, -5.0, 0.0; 7
1.0, -5.0, 0.0; 11
2.0, -5.0, 0.0; 13
3.0, -5.0, 0.0; 27
4.0, -5.0, 0.0; 28
5.0, -5.0, 0.0; 59
6.0, -5.0, 0.0; 99
7.0, -5.0, 0.0; 164
8.0, -5.0, 0.0; 131
9.0, -5.0, 0.0; 1
-10.0, -4.0, 0.0; 31
-9.0, -4.0, 0.0; 57
-8.0, -4.0, 0.0; 28
-7.0, -4.0, 0.0; 6
-6.0, -4.0, 0.0; 2
1.0, -4.0, 0.0; 2
2.0, -4.0, 0.0; 6
3.0, -4.0, 0.0; 4
4.0, -4.0, 0.0; 10
5.0, -4.0, 0.0; 19
6.0, -4.0, 0.0; 101
7.0, -4.0, 0.0; 133
8.0, -4.0, 0.0; 152
9.0, -4.0, 0.0; 45
-10.0, -3.0, 0.0; 45
-9.0, -3.0, 0.0; 45
-8.0, -3.0, 0.0; 18
-7.0, -3.0, 0.0; 1
-6.0, -3.0, 0.0; 3
4.0, -3.0, 0.0; 4
5.0, -3.0, 0.0; 12
6.0, -3.0, 0.0; 57
7.0, -3.0, 0.0; 123
8.0, -3.0, 0.0; 157
9.0, -3.0, 0.0; 106
-10.0, -2.0, 0.0; 46
-9.0, -2.0, 0.0; 37
-8.0, -2.0, 0.0; 16
-7.0, -2.0, 0.0; 10
-6.0, -2.0, 0.0; 3
5.0, -2.0, 0.0; 1
6.0, -2.0, 0.0; 13
7.0, -2.0, 0.0; 99
8.0, -2.0, 0.0; 154
9.0, -2.0, 0.0; 168
-10.0, -1.0, 0.0; 38
-9.0, -1.0, 0.0; 27
-8.0, -1.0, 0.0; 14
-7.0, -1.0, 0.0; 12
-6.0, -1.0, 0.0; 4
-5.0, -1.0, 0.0; 1
0.0, -1.0, 0.0; 1
4.0, -1.0, 0.0; 1
6.0, -1.0, 0.0; 5
7.0, -1.0, 0.0; 103
8.0, -1.0, 0.0; 161
9.0, -1.0, 0.0; 164
-10.0, 0.0, 0.0; 37
-9.0, 0.0, 0.0; 17
-8.0, 0.0, 0.0; 17
-7.0, 0.0, 0.0; 25
-6.0, 0.0, 0.0; 11
-5.0, 0.0, 0.0; 3
-3.0, 0.0, 0.0; 1
38.0
67.0602088425
