0.0, 0.0, 0.0; 63
0.0, 0.0, 1.0; 159
0.0, 0.0, 2.0; 287
0.0, 0.0, 3.0; 495
0.0, 0.0, 4.0; 735
0.0, 0.0, 5.0; 1071
0.0, 0.0, 6.0; 1311
0.0, 0.0, 7.0; 1871
0.0, 0.0, 8.0; 2175
0.0, 0.0, 9.0; 2519
0.0, 1.0, 0.0; 159
0.0, 1.0, 1.0; 231
0.0, 1.0, 2.0; 399
0.0, 1.0, 3.0; 591
0.0, 1.0, 4.0; 927
0.0, 1.0, 5.0; 1215
0.0, 1.0, 6.0; 1599
0.0, 1.0, 7.0; 2063
0.0, 1.0, 8.0; 2559
0.0, 1.0, 9.0; 2423
0.0, 2.0, 0.0; 287
0.0, 2.0, 1.0; 399
0.0, 2.0, 2.0; 543
0.0, 2.0, 3.0; 791
0.0, 2.0, 4.0; 1023
0.0, 2.0, 5.0; 1439
0.0, 2.0, 6.0; 1791
0.0, 2.0, 7.0; 2255
0.0, 2.0, 8.0; 2799
0.0, 2.0, 9.0; 2431
0.0, 3.0, 0.0; 495
0.0, 3.0, 1.0; 591
0.0, 3.0, 2.0; 791
0.0, 3.0, 3.0; 951
0.0, 3.0, 4.0; 1311
0.0, 3.0, 5.0; 1647
0.0, 3.0, 6.0; 2079
0.0, 3.0, 7.0; 2439
0.0, 3.0, 8.0; 2991
0.0, 3.0, 9.0; 2119
0.0, 4.0, 0.0; 735
0.0, 4.0, 1.0; 927
0.0, 4.0, 2.0; 1023
0.0, 4.0, 3.0; 1311
0.0, 4.0, 4.0; 1599
0.0, 4.0, 5.0; 2031
0.0, 4.0, 6.0; 2367
0.0, 4.0, 7.0; 3063
0.0, 4.0, 8.0; 2735
0.0, 4.0, 9.0; 1951
0.0, 5.0, 0.0; 1071
0.0, 5.0, 1.0; 1215
0.0, 5.0, 2.0; 1439
0.0, 5.0, 3.0; 1647
0.0, 5.0, 4.0; 2031
0.0, 5.0, 5.0; 2279
0.0, 5.0, 6.0; 2847
0.0, 5.0, 7.0; 3135
0.0, 5.0, 8.0; 2407
0.0, 6.0, 0.0; 1311
0.0, 6.0, 1.0; 1599
0.0, 6.0, 2.0; 1791
0.0, 6.0, 3.0; 2079
0.0, 6.0, 4.0; 2367
0.0, 6.0, 5.0; 2847
0.0, 6.0, 6.0; 3159
0.0, 6.0, 7.0; 2503
0.0, 7.0, 0.0; 1871
0.0, 7.0, 1.0; 2063
0.0, 7.0, 2.0; 2255
0.0, 7.0, 3.0; 2439
0.0, 7.0, 4.0; 3063
0.0, 7.0, 5.0; 3135
0.0, 7.0, 6.0; 2503
0.0, 7.0, 7.0; 1951
0.0, 8.0, 0.0; 2175
0.0, 8.0, 1.0; 2559
0.0, 8.0, 2.0; 2799
0.0, 8.0, 3.0; 2991
0.0, 8.0, 4.0; 2735
0.0, 8.0, 5.0; 2407
0.0, 9.0, 0.0; 2519
0.0, 9.0, 1.0; 2423
0.0, 9.0, 2.0; 2431
0.0, 9.0, 3.0; 2119
0.0, 9.0, 4.0; 1951
1.0, 0.0, 0.0; 159
1.0, 0.0, 1.0; 231
1.0, 0.0, 2.0; 399
1.0, 0.0, 3.0; 591
1.0, 0.0, 4.0; 927
1.0, 0.0, 5.0; 1215
1.0, 0.0, 6.0; 1599
1.0, 0.0, 7.0; 2063
1.0, 0.0, 8.0; 2559
1.0, 0.0, 9.0; 2423
1.0, 1.0, 0.0; 231
1.0, 1.0, 1.0; 311
1.0, 1.0, 2.0; 495
1.0, 1.0, 3.0; 663
1.0, 1.0, 4.0; 951
1.0, 1.0, 5.0; 1287
1.0, 1.0, 6.0; 1767
1.0, 1.0, 7.0; 2087
1.0, 1.0, 8.0; 2727
1.0, 1.0, 9.0; 2503
1.0, 2.0, 0.0; 399
1.0, 2.0, 1.0; 495
1.0, 2.0, 2.0; 663
1.0, 2.0, 3.0; 927
1.0, 2.0, 4.0; 1215
1.0, 2.0, 5.0; 1431
1.0, 2.0, 6.0; 2031
1.0, 2.0, 7.0; 2463
1.0, 2.0, 8.0; 2991
1.0, 2.0, 9.0; 2407
1.0, 3.0, 0.0; 591
1.0, 3.0, 1.0; 663
1.0, 3.0, 2.0; 927
1.0, 3.0, 3.0; 1119
1.0, 3.0, 4.0; 1479
1.0, 3.0, 5.0; 1791
1.0, 3.0, 6.0; 2223
1.0, 3.0, 7.0; 2703
1.0, 3.0, 8.0; 3135
1.0, 3.0, 9.0; 1999
1.0, 4.0, 0.0; 927
1.0, 4.0, 1.0; 951
1.0, 4.0, 2.0; 1215
1.0, 4.0, 3.0; 1479
1.0, 4.0, 4.0; 1839
1.0, 4.0, 5.0; 2103
1.0, 4.0, 6.0; 2607
1.0, 4.0, 7.0; 3063
1.0, 4.0, 8.0; 2839
1.0, 4.0, 9.0; 1951
1.0, 5.0, 0.0; 1215
1.0, 5.0, 1.0; 1287
1.0, 5.0, 2.0; 1431
1.0, 5.0, 3.0; 1791
1.0, 5.0, 4.0; 2103
1.0, 5.0, 5.0; 2463
1.0, 5.0, 6.0; 2967
1.0, 5.0, 7.0; 3015
1.0, 5.0, 8.0; 2215
1.0, 6.0, 0.0; 1599
1.0, 6.0, 1.0; 1767
1.0, 6.0, 2.0; 2031
1.0, 6.0, 3.0; 2223
1.0, 6.0, 4.0; 2607
1.0, 6.0, 5.0; 2967
1.0, 6.0, 6.0; 3183
1.0, 6.0, 7.0; 2599
1.0, 7.0, 0.0; 2063
1.0, 7.0, 1.0; 2087
1.0, 7.0, 2.0; 2463
1.0, 7.0, 3.0; 2703
1.0, 7.0, 4.0; 3063
1.0, 7.0, 5.0; 3015
1.0, 7.0, 6.0; 2599
1.0, 7.0, 7.0; 1831
1.0, 8.0, 0.0; 2559
1.0, 8.0, 1.0; 2727
1.0, 8.0, 2.0; 2991
1.0, 8.0, 3.0; 3135
1.0, 8.0, 4.0; 2839
1.0, 8.0, 5.0; 2215
1.0, 9.0, 0.0; 2423
1.0, 9.0, 1.0; 2503
1.0, 9.0, 2.0; 2407
1.0, 9.0, 3.0; 1999
1.0, 9.0, 4.0; 1951
2.0, 0.0, 0.0; 287
2.0, 0.0, 1.0; 399
2.0, 0.0, 2.0; 543
2.0, 0.0, 3.0; 791
2.0, 0.0, 4.0; 1023
2.0, 0.0, 5.0; 1439
2.0, 0.0, 6.0; 1791
2.0, 0.0, 7.0; 2255
2.0, 0.0, 8.0; 2799
2.0, 0.0, 9.0; 2431
2.0, 1.0, 0.0; 399
2.0, 1.0, 1.0; 495
2.0, 1.0, 2.0; 663
2.0, 1.0, 3.0; 927
2.0, 1.0, 4.0; 1215
2.0, 1.0, 5.0; 1431
2.0, 1.0, 6.0; 2031
2.0, 1.0, 7.0; 2463
2.0, 1.0, 8.0; 2991
2.0, 1.0, 9.0; 2407
2.0, 2.0, 0.0; 543
2.0, 2.0, 1.0; 663
2.0, 2.0, 2.0; 839
2.0, 2.0, 3.0; 1071
2.0, 2.0, 4.0; 1383
2.0, 2.0, 5.0; 1839
2.0, 2.0, 6.0; 2151
2.0, 2.0, 7.0; 2607
2.0, 2.0, 8.0; 3159
2.0, 2.0, 9.0; 2407
2.0, 3.0, 0.0; 791
2.0, 3.0, 1.0; 927
2.0, 3.0, 2.0; 1071
2.0, 3.0, 3.0; 1335
2.0, 3.0, 4.0; 1647
2.0, 3.0, 5.0; 2007
2.0, 3.0, 6.0; 2519
2.0, 3.0, 7.0; 2967
2.0, 3.0, 8.0; 2951
2.0, 3.0, 9.0; 2095
2.0, 4.0, 0.0; 1023
2.0, 4.0, 1.0; 1215
2.0, 4.0, 2.0; 1383
2.0, 4.0, 3.0; 1647
2.0, 4.0, 4.0; 1935
2.0, 4.0, 5.0; 2367
2.0, 4.0, 6.0; 2775
2.0, 4.0, 7.0; 3255
2.0, 4.0, 8.0; 2599
2.0, 5.0, 0.0; 1439
2.0, 5.0, 1.0; 1431
2.0, 5.0, 2.0; 1839
2.0, 5.0, 3.0; 2007
2.0, 5.0, 4.0; 2367
2.0, 5.0, 5.0; 2727
2.0, 5.0, 6.0; 3255
2.0, 5.0, 7.0; 2839
2.0, 5.0, 8.0; 2191
2.0, 6.0, 0.0; 1791
2.0, 6.0, 1.0; 2031
2.0, 6.0, 2.0; 2151
2.0, 6.0, 3.0; 2519
2.0, 6.0, 4.0; 2775
2.0, 6.0, 5.0; 3255
2.0, 6.0, 6.0; 2999
2.0, 6.0, 7.0; 2431
2.0, 7.0, 0.0; 2255
2.0, 7.0, 1.0; 2463
2.0, 7.0, 2.0; 2607
2.0, 7.0, 3.0; 2967
2.0, 7.0, 4.0; 3255
2.0, 7.0, 5.0; 2839
2.0, 7.0, 6.0; 2431
2.0, 8.0, 0.0; 2799
2.0, 8.0, 1.0; 2991
2.0, 8.0, 2.0; 3159
2.0, 8.0, 3.0; 2951
2.0, 8.0, 4.0; 2599
2.0, 8.0, 5.0; 2191
2.0, 9.0, 0.0; 2431
2.0, 9.0, 1.0; 2407
2.0, 9.0, 2.0; 2407
2.0, 9.0, 3.0; 2095
3.0, 0.0, 0.0; 495
3.0, 0.0, 1.0; 591
3.0, 0.0, 2.0; 791
3.0, 0.0, 3.0; 951
3.0, 0.0, 4.0; 1311
3.0, 0.0, 5.0; 1647
3.0, 0.0, 6.0; 2079
3.0, 0.0, 7.0; 2439
3.0, 0.0, 8.0; 2991
3.0, 0.0, 9.0; 2119
3.0, 1.0, 0.0; 591
3.0, 1.0, 1.0; 663
3.0, 1.0, 2.0; 927
3.0, 1.0, 3.0; 1119
3.0, 1.0, 4.0; 1479
3.0, 1.0, 5.0; 1791
3.0, 1.0, 6.0; 2223
3.0, 1.0, 7.0; 2703
3.0, 1.0, 8.0; 3135
3.0, 1.0, 9.0; 1999
3.0, 2.0, 0.0; 791
3.0, 2.0, 1.0; 927
3.0, 2.0, 2.0; 1071
3.0, 2.0, 3.0; 1335
3.0, 2.0, 4.0; 1647
3.0, 2.0, 5.0; 2007
3.0, 2.0, 6.0; 2519
3.0, 2.0, 7.0; 2967
3.0, 2.0, 8.0; 2951
3.0, 2.0, 9.0; 2095
3.0, 3.0, 0.0; 951
3.0, 3.0, 1.0; 1119
3.0, 3.0, 2.0; 1335
3.0, 3.0, 3.0; 1487
3.0, 3.0, 4.0; 1887
3.0, 3.0, 5.0; 2271
3.0, 3.0, 6.0; 2727
3.0, 3.0, 7.0; 3111
3.0, 3.0, 8.0; 2695
3.0, 3.0, 9.0; 1831
3.0, 4.0, 0.0; 1311
3.0, 4.0, 1.0; 1479
3.0, 4.0, 2.0; 1647
3.0, 4.0, 3.0; 1887
3.0, 4.0, 4.0; 2295
3.0, 4.0, 5.0; 2655
3.0, 4.0, 6.0; 3207
3.0, 4.0, 7.0; 3159
3.0, 4.0, 8.0; 2431
3.0, 5.0, 0.0; 1647
3.0, 5.0, 1.0; 1791
3.0, 5.0, 2.0; 2007
3.0, 5.0, 3.0; 2271
3.0, 5.0, 4.0; 2655
3.0, 5.0, 5.0; 2967
3.0, 5.0, 6.0; 3255
3.0, 5.0, 7.0; 2719
3.0, 5.0, 8.0; 1975
3.0, 6.0, 0.0; 2079
3.0, 6.0, 1.0; 2223
3.0, 6.0, 2.0; 2519
3.0, 6.0, 3.0; 2727
3.0, 6.0, 4.0; 3207
3.0, 6.0, 5.0; 3255
3.0, 6.0, 6.0; 2839
3.0, 6.0, 7.0; 2143
3.0, 7.0, 0.0; 2439
3.0, 7.0, 1.0; 2703
3.0, 7.0, 2.0; 2967
3.0, 7.0, 3.0; 3111
3.0, 7.0, 4.0; 3159
3.0, 7.0, 5.0; 2719
3.0, 7.0, 6.0; 2143
3.0, 8.0, 0.0; 2991
3.0, 8.0, 1.0; 3135
3.0, 8.0, 2.0; 2951
3.0, 8.0, 3.0; 2695
3.0, 8.0, 4.0; 2431
3.0, 8.0, 5.0; 1975
3.0, 9.0, 0.0; 2119
3.0, 9.0, 1.0; 1999
3.0, 9.0, 2.0; 2095
3.0, 9.0, 3.0; 1831
4.0, 0.0, 0.0; 735
4.0, 0.0, 1.0; 927
4.0, 0.0, 2.0; 1023
4.0, 0.0, 3.0; 1311
4.0, 0.0, 4.0; 1599
4.0, 0.0, 5.0; 2031
4.0, 0.0, 6.0; 2367
4.0, 0.0, 7.0; 3063
4.0, 0.0, 8.0; 2735
4.0, 0.0, 9.0; 1951
4.0, 1.0, 0.0; 927
4.0, 1.0, 1.0; 951
4.0, 1.0, 2.0; 1215
4.0, 1.0, 3.0; 1479
4.0, 1.0, 4.0; 1839
4.0, 1.0, 5.0; 2103
4.0, 1.0, 6.0; 2607
4.0, 1.0, 7.0; 3063
4.0, 1.0, 8.0; 2839
4.0, 1.0, 9.0; 1951
4.0, 2.0, 0.0; 1023
4.0, 2.0, 1.0; 1215
4.0, 2.0, 2.0; 1383
4.0, 2.0, 3.0; 1647
4.0, 2.0, 4.0; 1935
4.0, 2.0, 5.0; 2367
4.0, 2.0, 6.0; 2775
4.0, 2.0, 7.0; 3255
4.0, 2.0, 8.0; 2599
4.0, 3.0, 0.0; 1311
4.0, 3.0, 1.0; 1479
4.0, 3.0, 2.0; 1647
4.0, 3.0, 3.0; 1887
4.0, 3.0, 4.0; 2295
4.0, 3.0, 5.0; 2655
4.0, 3.0, 6.0; 3207
4.0, 3.0, 7.0; 3159
4.0, 3.0, 8.0; 2431
4.0, 4.0, 0.0; 1599
4.0, 4.0, 1.0; 1839
4.0, 4.0, 2.0; 1935
4.0, 4.0, 3.0; 2295
4.0, 4.0, 4.0; 2591
4.0, 4.0, 5.0; 2991
4.0, 4.0, 6.0; 3375
4.0, 4.0, 7.0; 2839
4.0, 4.0, 8.0; 2047
4.0, 5.0, 0.0; 2031
4.0, 5.0, 1.0; 2103
4.0, 5.0, 2.0; 2367
4.0, 5.0, 3.0; 2655
4.0, 5.0, 4.0; 2991
4.0, 5.0, 5.0; 3303
4.0, 5.0, 6.0; 2983
4.0, 5.0, 7.0; 2335
4.0, 6.0, 0.0; 2367
4.0, 6.0, 1.0; 2607
4.0, 6.0, 2.0; 2775
4.0, 6.0, 3.0; 3207
4.0, 6.0, 4.0; 3375
4.0, 6.0, 5.0; 2983
4.0, 6.0, 6.0; 2479
4.0, 7.0, 0.0; 3063
4.0, 7.0, 1.0; 3063
4.0, 7.0, 2.0; 3255
4.0, 7.0, 3.0; 3159
4.0, 7.0, 4.0; 2839
4.0, 7.0, 5.0; 2335
4.0, 8.0, 0.0; 2735
4.0, 8.0, 1.0; 2839
4.0, 8.0, 2.0; 2599
4.0, 8.0, 3.0; 2431
4.0, 8.0, 4.0; 2047
4.0, 9.0, 0.0; 1951
4.0, 9.0, 1.0; 1951
5.0, 0.0, 0.0; 1071
5.0, 0.0, 1.0; 1215
5.0, 0.0, 2.0; 1439
5.0, 0.0, 3.0; 1647
5.0, 0.0, 4.0; 2031
5.0, 0.0, 5.0; 2279
5.0, 0.0, 6.0; 2847
5.0, 0.0, 7.0; 3135
5.0, 0.0, 8.0; 2407
5.0, 1.0, 0.0; 1215
5.0, 1.0, 1.0; 1287
5.0, 1.0, 2.0; 1431
5.0, 1.0, 3.0; 1791
5.0, 1.0, 4.0; 2103
5.0, 1.0, 5.0; 2463
5.0, 1.0, 6.0; 2967
5.0, 1.0, 7.0; 3015
5.0, 1.0, 8.0; 2215
5.0, 2.0, 0.0; 1439
5.0, 2.0, 1.0; 1431
5.0, 2.0, 2.0; 1839
5.0, 2.0, 3.0; 2007
5.0, 2.0, 4.0; 2367
5.0, 2.0, 5.0; 2727
5.0, 2.0, 6.0; 3255
5.0, 2.0, 7.0; 2839
5.0, 2.0, 8.0; 2191
5.0, 3.0, 0.0; 1647
5.0, 3.0, 1.0; 1791
5.0, 3.0, 2.0; 2007
5.0, 3.0, 3.0; 2271
5.0, 3.0, 4.0; 2655
5.0, 3.0, 5.0; 2967
5.0, 3.0, 6.0; 3255
5.0, 3.0, 7.0; 2719
5.0, 3.0, 8.0; 1975
5.0, 4.0, 0.0; 2031
5.0, 4.0, 1.0; 2103
5.0, 4.0, 2.0; 2367
5.0, 4.0, 3.0; 2655
5.0, 4.0, 4.0; 2991
5.0, 4.0, 5.0; 3303
5.0, 4.0, 6.0; 2983
5.0, 4.0, 7.0; 2335
5.0, 5.0, 0.0; 2279
5.0, 5.0, 1.0; 2463
5.0, 5.0, 2.0; 2727
5.0, 5.0, 3.0; 2967
5.0, 5.0, 4.0; 3303
5.0, 5.0, 5.0; 3063
5.0, 5.0, 6.0; 2599
5.0, 5.0, 7.0; 1903
5.0, 6.0, 0.0; 2847
5.0, 6.0, 1.0; 2967
5.0, 6.0, 2.0; 3255
5.0, 6.0, 3.0; 3255
5.0, 6.0, 4.0; 2983
5.0, 6.0, 5.0; 2599
5.0, 6.0, 6.0; 2023
5.0, 7.0, 0.0; 3135
5.0, 7.0, 1.0; 3015
5.0, 7.0, 2.0; 2839
5.0, 7.0, 3.0; 2719
5.0, 7.0, 4.0; 2335
5.0, 7.0, 5.0; 1903
5.0, 8.0, 0.0; 2407
5.0, 8.0, 1.0; 2215
5.0, 8.0, 2.0; 2191
5.0, 8.0, 3.0; 1975
6.0, 0.0, 0.0; 1311
6.0, 0.0, 1.0; 1599
6.0, 0.0, 2.0; 1791
6.0, 0.0, 3.0; 2079
6.0, 0.0, 4.0; 2367
6.0, 0.0, 5.0; 2847
6.0, 0.0, 6.0; 3159
6.0, 0.0, 7.0; 2503
6.0, 1.0, 0.0; 1599
6.0, 1.0, 1.0; 1767
6.0, 1.0, 2.0; 2031
6.0, 1.0, 3.0; 2223
6.0, 1.0, 4.0; 2607
6.0, 1.0, 5.0; 2967
6.0, 1.0, 6.0; 3183
6.0, 1.0, 7.0; 2599
6.0, 2.0, 0.0; 1791
6.0, 2.0, 1.0; 2031
6.0, 2.0, 2.0; 2151
6.0, 2.0, 3.0; 2519
6.0, 2.0, 4.0; 2775
6.0, 2.0, 5.0; 3255
6.0, 2.0, 6.0; 2999
6.0, 2.0, 7.0; 2431
6.0, 3.0, 0.0; 2079
6.0, 3.0, 1.0; 2223
6.0, 3.0, 2.0; 2519
6.0, 3.0, 3.0; 2727
6.0, 3.0, 4.0; 3207
6.0, 3.0, 5.0; 3255
6.0, 3.0, 6.0; 2839
6.0, 3.0, 7.0; 2143
6.0, 4.0, 0.0; 2367
6.0, 4.0, 1.0; 2607
6.0, 4.0, 2.0; 2775
6.0, 4.0, 3.0; 3207
6.0, 4.0, 4.0; 3375
6.0, 4.0, 5.0; 2983
6.0, 4.0, 6.0; 2479
6.0, 5.0, 0.0; 2847
6.0, 5.0, 1.0; 2967
6.0, 5.0, 2.0; 3255
6.0, 5.0, 3.0; 3255
6.0, 5.0, 4.0; 2983
6.0, 5.0, 5.0; 2599
6.0, 5.0, 6.0; 2023
6.0, 6.0, 0.0; 3159
6.0, 6.0, 1.0; 3183
6.0, 6.0, 2.0; 2999
6.0, 6.0, 3.0; 2839
6.0, 6.0, 4.0; 2479
6.0, 6.0, 5.0; 2023
6.0, 7.0, 0.0; 2503
6.0, 7.0, 1.0; 2599
6.0, 7.0, 2.0; 2431
6.0, 7.0, 3.0; 2143
7.0, 0.0, 0.0; 1871
7.0, 0.0, 1.0; 2063
7.0, 0.0, 2.0; 2255
7.0, 0.0, 3.0; 2439
7.0, 0.0, 4.0; 3063
7.0, 0.0, 5.0; 3135
7.0, 0.0, 6.0; 2503
7.0, 0.0, 7.0; 1951
7.0, 1.0, 0.0; 2063
7.0, 1.0, 1.0; 2087
7.0, 1.0, 2.0; 2463
7.0, 1.0, 3.0; 2703
7.0, 1.0, 4.0; 3063
7.0, 1.0, 5.0; 3015
7.0, 1.0, 6.0; 2599
7.0, 1.0, 7.0; 1831
7.0, 2.0, 0.0; 2255
7.0, 2.0, 1.0; 2463
7.0, 2.0, 2.0; 2607
7.0, 2.0, 3.0; 2967
7.0, 2.0, 4.0; 3255
7.0, 2.0, 5.0; 2839
7.0, 2.0, 6.0; 2431
7.0, 3.0, 0.0; 2439
7.0, 3.0, 1.0; 2703
7.0, 3.0, 2.0; 2967
7.0, 3.0, 3.0; 3111
7.0, 3.0, 4.0; 3159
7.0, 3.0, 5.0; 2719
7.0, 3.0, 6.0; 2143
7.0, 4.0, 0.0; 3063
7.0, 4.0, 1.0; 3063
7.0, 4.0, 2.0; 3255
7.0, 4.0, 3.0; 3159
7.0, 4.0, 4.0; 2839
7.0, 4.0, 5.0; 2335
7.0, 5.0, 0.0; 3135
7.0, 5.0, 1.0; 3015
7.0, 5.0, 2.0; 2839
7.0, 5.0, 3.0; 2719
7.0, 5.0, 4.0; 2335
7.0, 5.0, 5.0; 1903
7.0, 6.0, 0.0; 2503
7.0, 6.0, 1.0; 2599
7.0, 6.0, 2.0; 2431
7.0, 6.0, 3.0; 2143
7.0, 7.0, 0.0; 1951
7.0, 7.0, 1.0; 1831
8.0, 0.0, 0.0; 2175
8.0, 0.0, 1.0; 2559
8.0, 0.0, 2.0; 2799
8.0, 0.0, 3.0; 2991
8.0, 0.0, 4.0; 2735
8.0, 0.0, 5.0; 2407
8.0, 1.0, 0.0; 2559
8.0, 1.0, 1.0; 2727
8.0, 1.0, 2.0; 2991
8.0, 1.0, 3.0; 3135
8.0, 1.0, 4.0; 2839
8.0, 1.0, 5.0; 2215
8.0, 2.0, 0.0; 2799
8.0, 2.0, 1.0; 2991
8.0, 2.0, 2.0; 3159
8.0, 2.0, 3.0; 2951
8.0, 2.0, 4.0; 2599
8.0, 2.0, 5.0; 2191
8.0, 3.0, 0.0; 2991
8.0, 3.0, 1.0; 3135
8.0, 3.0, 2.0; 2951
8.0, 3.0, 3.0; 2695
8.0, 3.0, 4.0; 2431
8.0, 3.0, 5.0; 1975
8.0, 4.0, 0.0; 2735
8.0, 4.0, 1.0; 2839
8.0, 4.0, 2.0; 2599
8.0, 4.0, 3.0; 2431
8.0, 4.0, 4.0; 2047
8.0, 5.0, 0.0; 2407
8.0, 5.0, 1.0; 2215
8.0, 5.0, 2.0; 2191
8.0, 5.0, 3.0; 1975
9.0, 0.0, 0.0; 2519
9.0, 0.0, 1.0; 2423
9.0, 0.0, 2.0; 2431
9.0, 0.0, 3.0; 2119
9.0, 0.0, 4.0; 1951
9.0, 1.0, 0.0; 2423
9.0, 1.0, 1.0; 2503
9.0, 1.0, 2.0; 2407
9.0, 1.0, 3.0; 1999
9.0, 1.0, 4.0; 1951
9.0, 2.0, 0.0; 2431
9.0, 2.0, 1.0; 2407
9.0, 2.0, 2.0; 2407
9.0, 2.0, 3.0; 2095
9.0, 3.0, 0.0; 2119
9.0, 3.0, 1.0; 1999
9.0, 3.0, 2.0; 2095
9.0, 3.0, 3.0; 1831
9.0, 4.0, 0.0; 1951
9.0, 4.0, 1.0; 1951
