-2.0, 2.0, -3.0; -3.0, -3.0, -1.0
-3.0, -3.0, -1.0; 620338
-2.0, 2.0, -3.0; 568854
-3.0, 2.0, -3.0; 83705
-3.0, -3.0, -2.0; 23578
-3.0, 2.0, -2.0; 13491
-3.0, -4.0, -1.0; 12496
-2.0, -4.0, -1.0; 6016
-2.0, 3.0, 0.0; 4718
-2.0, 3.0, -1.0; 4537

-1.0, 3.0, -1.0; -3.0, -3.0, -1.0
-2.0, -4.0, -1.0; 30569
-3.0, -3.0, -1.0; 21191
-2.0, 3.0, -1.0; 20417
-2.0, 2.0, -3.0; 16796
-2.0, 3.0, 0.0; 13300
-3.0, -4.0, -1.0; 11585
-3.0, 2.0, -3.0; 7888
-1.0, 3.0, -1.0; 5127

-2.0, 2.0, -3.0; -3.0, -4.0, -1.0
-3.0, -3.0, -1.0; 51157
-3.0, 2.0, -2.0; 23174
-2.0, 2.0, -3.0; 17847
-3.0, 2.0, -3.0; 12767
-3.0, -4.0, -1.0; 6687

-2.0, 2.0, -3.0; -3.0, -3.0, -2.0
-2.0, 2.0, -3.0; 17057
-3.0, -3.0, -1.0; 15304

-3.0, 3.0, 0.0; -2.0, -4.0, -1.0
-3.0, -3.0, -1.0; 9001
-3.0, -4.0, -1.0; 8382
-2.0, 3.0, 0.0; 7409
-2.0, 3.0, -1.0; 6233
-2.0, -4.0, -1.0; 6034

-3.0, 2.0, -3.0; -3.0, -4.0, -1.0
-3.0, -3.0, -1.0; 35453
-3.0, 2.0, -2.0; 19256
-3.0, 2.0, -3.0; 7386
-2.0, 2.0, -3.0; 6529
-3.0, -4.0, -1.0; 5961

-1.0, 3.0, -1.0; -3.0, -4.0, -1.0
-2.0, -4.0, -1.0; 14811
-2.0, 3.0, -1.0; 7878
-2.0, 3.0, 0.0; 6826

-3.0, 3.0, 0.0; -3.0, -3.0, -1.0
-3.0, -3.0, -1.0; 7406
-3.0, -4.0, -1.0; 5601
-2.0, -4.0, -1.0; 5079
-2.0, 2.0, -3.0; 4968

-2.0, 3.0, 0.0; -3.0, -4.0, -1.0
-2.0, -4.0, -1.0; 28419
-2.0, 3.0, 0.0; 26652
-3.0, -3.0, -1.0; 24888
-3.0, -4.0, -1.0; 20506
-2.0, 3.0, -1.0; 17332
-3.0, 3.0, 0.0; 8987
-2.0, 2.0, -3.0; 4957
-1.0, 3.0, -1.0; 4549

-3.0, 2.0, -1.0; -2.0, -4.0, -1.0
-2.0, 3.0, -1.0; 6768
-3.0, -3.0, -1.0; 6053
-2.0, -3.0, -3.0; 5827
-3.0, -4.0, -1.0; 5119
-1.0, 3.0, -1.0; 4376

-3.0, 3.0, 0.0; -3.0, -4.0, -1.0
-3.0, -3.0, -1.0; 6838
-3.0, -4.0, -1.0; 6402
-2.0, 3.0, 0.0; 5260
-2.0, -4.0, -1.0; 4222

-2.0, 3.0, 0.0; -3.0, -3.0, -1.0
-3.0, -3.0, -1.0; 33121
-2.0, -4.0, -1.0; 29631
-2.0, 3.0, 0.0; 22854
-2.0, 3.0, -1.0; 20696
-3.0, -4.0, -1.0; 19774
-2.0, 2.0, -3.0; 14800
-3.0, 3.0, 0.0; 7790
-3.0, 2.0, -3.0; 5551
-1.0, 3.0, -1.0; 4909

-2.0, 3.0, -1.0; -2.0, -4.0, -1.0
-2.0, -4.0, -1.0; 53625
-2.0, 3.0, -1.0; 42428
-3.0, -3.0, -1.0; 31879
-2.0, 3.0, 0.0; 30046
-3.0, -4.0, -1.0; 21395
-1.0, 3.0, -1.0; 20863
-3.0, 2.0, -2.0; 4423
-3.0, 3.0, 0.0; 4237

-3.0, 2.0, -2.0; -1.0, -4.0, -2.0
-3.0, 2.0, -2.0; 5499
-3.0, -4.0, -1.0; 4634

-3.0, 3.0, -1.0; -3.0, -3.0, -1.0
-3.0, -3.0, -1.0; 4577
-2.0, -4.0, -1.0; 4213

-3.0, 2.0, -1.0; -3.0, -3.0, -1.0
-2.0, -4.0, -1.0; 14061
-2.0, 2.0, -3.0; 10466
-2.0, 3.0, -1.0; 7831
-2.0, -3.0, -3.0; 7413
-3.0, -3.0, -1.0; 6369
-3.0, -4.0, -1.0; 6108
-2.0, 3.0, 0.0; 6073
-3.0, 2.0, -3.0; 4823

-2.0, 3.0, -1.0; -3.0, -3.0, -1.0
-3.0, -3.0, -1.0; 76763
-2.0, -4.0, -1.0; 58322
-2.0, 3.0, -1.0; 51312
-2.0, 3.0, 0.0; 36139
-2.0, 2.0, -3.0; 32748
-3.0, -4.0, -1.0; 25800
-3.0, 2.0, -3.0; 14507
-1.0, 3.0, -1.0; 12491
-3.0, 3.0, 0.0; 7280
-3.0, 2.0, -1.0; 4489

-1.0, 3.0, -1.0; -2.0, -4.0, -1.0
-2.0, -4.0, -1.0; 25419
-2.0, 3.0, -1.0; 17899
-2.0, 3.0, 0.0; 9621
-1.0, 3.0, -1.0; 8012
-3.0, -3.0, -1.0; 4912
-3.0, -4.0, -1.0; 4781

-2.0, 2.0, -3.0; -2.0, -4.0, -1.0
-3.0, -3.0, -1.0; 37783
-3.0, -4.0, -1.0; 17563
-3.0, 2.0, -2.0; 15119
-2.0, 3.0, -1.0; 12431
-1.0, 3.0, -1.0; 8642
-2.0, -4.0, -1.0; 8576
-2.0, 2.0, -3.0; 8103
-2.0, 3.0, 0.0; 7010
-3.0, 2.0, -1.0; 5689
-3.0, 2.0, -3.0; 5602

-2.0, 3.0, -1.0; -3.0, -4.0, -1.0
-2.0, -4.0, -1.0; 26657
-3.0, -3.0, -1.0; 19691
-2.0, 3.0, 0.0; 18175
-2.0, 3.0, -1.0; 14819
-3.0, -4.0, -1.0; 10615
-3.0, 3.0, 0.0; 5144
-3.0, 2.0, -2.0; 4822
-1.0, 3.0, -1.0; 4253

-3.0, 2.0, -2.0; -2.0, -3.0, -3.0
-3.0, 2.0, -2.0; 11825
-3.0, -4.0, -1.0; 10107
-3.0, 2.0, -1.0; 6465
-2.0, -4.0, -1.0; 5665

-3.0, 2.0, -2.0; -3.0, -3.0, -1.0
-3.0, -4.0, -1.0; 25797
-2.0, 3.0, -1.0; 23555
-2.0, 2.0, -3.0; 19682
-2.0, -4.0, -1.0; 19257
-2.0, 3.0, 0.0; 16637
-3.0, -3.0, -1.0; 14952
-2.0, -3.0, -3.0; 12618
-3.0, 2.0, -3.0; 11076
-1.0, -4.0, -2.0; 6891
-1.0, 3.0, -1.0; 5289
-3.0, 2.0, -2.0; 4342

-3.0, 2.0, -2.0; -2.0, -4.0, -1.0
-3.0, -4.0, -1.0; 13160
-2.0, 3.0, -1.0; 13155
-2.0, -4.0, -1.0; 12414
-2.0, -3.0, -3.0; 8815
-1.0, 3.0, -1.0; 8285
-3.0, 2.0, -2.0; 7056
-2.0, 3.0, 0.0; 6714
-3.0, -3.0, -1.0; 6408

-2.0, 3.0, 0.0; -2.0, -4.0, -1.0
-2.0, -4.0, -1.0; 39733
-3.0, -3.0, -1.0; 37209
-2.0, 3.0, -1.0; 36543
-2.0, 3.0, 0.0; 33279
-3.0, -4.0, -1.0; 29524
-1.0, 3.0, -1.0; 16778
-3.0, 3.0, 0.0; 6140
-3.0, 2.0, -2.0; 4824

-3.0, 2.0, -3.0; -3.0, -3.0, -1.0
-3.0, -3.0, -1.0; 93181
-2.0, 2.0, -3.0; 62843
-3.0, 2.0, -3.0; 25719
-3.0, -4.0, -1.0; 12045
-3.0, 2.0, -2.0; 8296
-2.0, 3.0, -1.0; 7265
-2.0, 3.0, 0.0; 6351

-3.0, 2.0, -3.0; -2.0, -3.0, -3.0
-3.0, 2.0, -2.0; 4571
-3.0, -3.0, -1.0; 4235

-2.0, 3.0, 0.0; -2.0, -3.0, -3.0
-3.0, 2.0, -2.0; 6335
-3.0, -3.0, -1.0; 6264

-3.0, 2.0, -3.0; -2.0, -4.0, -1.0
-3.0, -3.0, -1.0; 19628
-3.0, -4.0, -1.0; 10960
-2.0, 3.0, -1.0; 9198
-3.0, 2.0, -2.0; 8236
-2.0, -4.0, -1.0; 6262
-1.0, 3.0, -1.0; 5380
-2.0, 3.0, 0.0; 4464

-3.0, 2.0, -2.0; -3.0, -4.0, -1.0
-3.0, -4.0, -1.0; 9990
-2.0, 3.0, -1.0; 8443
-3.0, -3.0, -1.0; 8152
-2.0, -3.0, -3.0; 8091
-3.0, 2.0, -2.0; 7098
-2.0, 3.0, 0.0; 6434
-2.0, -4.0, -1.0; 6026
-1.0, 3.0, -1.0; 4338

