5.0, 0.0, 0.0; 2
-10.0, 1.0, 0.0; 3
-9.0, 1.0, 0.0; 7
-8.0, 1.0, 0.0; 3
-7.0, 1.0, 0.0; 6
-6.0, 1.0, 0.0; 172
-5.0, 1.0, 0.0; 79
-10.0, 2.0, 0.0; 1
-9.0, 2.0, 0.0; 12
-8.0, 2.0, 0.0; 3
-7.0, 2.0, 0.0; 2
-6.0, 2.0, 0.0; 106
-5.0, 2.0, 0.0; 312
3.0, 2.0, 0.0; 1
4.0, 2.0, 0.0; 2
5.0, 2.0, 0.0; 1
6.0, 2.0, 0.0; 1
8.0, 2.0, 0.0; 1
-9.0, 3.0, 0.0; 18
-8.0, 3.0, 0.0; 32
-7.0, 3.0, 0.0; 15
-6.0, 3.0, 0.0; 14
-5.0, 3.0, 0.0; 69
-4.0, 3.0, 0.0; 3
2.0, 3.0, 0.0; 1
3.0, 3.0, 0.0; 2
4.0, 3.0, 0.0; 2
5.0, 3.0, 0.0; 5
6.0, 3.0, 0.0; 2
7.0, 3.0, 0.0; 1
8.0, 3.0, 0.0; 1
-9.0, 4.0, 0.0; 9
-8.0, 4.0, 0.0; 49
-7.0, 4.0, 0.0; 23
-6.0, 4.0, 0.0; 18
-5.0, 4.0, 0.0; 59
-4.0, 4.0, 0.0; 18
-3.0, 4.0, 0.0; 2
1.0, 4.0, 0.0; 12
2.0, 4.0, 0.0; 12
3.0, 4.0, 0.0; 5
4.0, 4.0, 0.0; 8
5.0, 4.0, 0.0; 9
6.0, 4.0, 0.0; 2
7.0, 4.0, 0.0; 6
-9.0, 5.0, 0.0; 4
-8.0, 5.0, 0.0; 19
-7.0, 5.0, 0.0; 33
-6.0, 5.0, 0.0; 17
-5.0, 5.0, 0.0; 28
-4.0, 5.0, 0.0; 68
-3.0, 5.0, 0.0; 87
-2.0, 5.0, 0.0; 26
-1.0, 5.0, 0.0; 21
0.0, 5.0, 0.0; 22
1.0, 5.0, 0.0; 59
2.0, 5.0, 0.0; 17
3.0, 5.0, 0.0; 7
4.0, 5.0, 0.0; 7
5.0, 5.0, 0.0; 3
6.0, 5.0, 0.0; 4
7.0, 5.0, 0.0; 3
-8.0, 6.0, 0.0; 17
-7.0, 6.0, 0.0; 195
-6.0, 6.0, 0.0; 1837
-5.0, 6.0, 0.0; 187
-4.0, 6.0, 0.0; 53
-3.0, 6.0, 0.0; 73
-2.0, 6.0, 0.0; 73
-1.0, 6.0, 0.0; 78
0.0, 6.0, 0.0; 78
1.0, 6.0, 0.0; 14
2.0, 6.0, 0.0; 1
3.0, 6.0, 0.0; 11
4.0, 6.0, 0.0; 6
5.0, 6.0, 0.0; 3
6.0, 6.0, 0.0; 2
7.0, 6.0, 0.0; 1
-7.0, 7.0, 0.0; 8
-6.0, 7.0, 0.0; 110
-5.0, 7.0, 0.0; 199
-4.0, 7.0, 0.0; 31
-3.0, 7.0, 0.0; 18
-2.0, 7.0, 0.0; 16
-1.0, 7.0, 0.0; 81
0.0, 7.0, 0.0; 35
1.0, 7.0, 0.0; 5
2.0, 7.0, 0.0; 19
3.0, 7.0, 0.0; 8
4.0, 7.0, 0.0; 2
-6.0, 8.0, 0.0; 3
-5.0, 8.0, 0.0; 3
-4.0, 8.0, 0.0; 12
-3.0, 8.0, 0.0; 17
-2.0, 8.0, 0.0; 15
-1.0, 8.0, 0.0; 11
0.0, 8.0, 0.0; 10
1.0, 8.0, 0.0; 18
2.0, 8.0, 0.0; 12
3.0, 8.0, 0.0; 5
4.0, 8.0, 0.0; 1
5.0, 8.0, 0.0; 1
-4.0, 9.0, 0.0; 4
-3.0, 9.0, 0.0; 11
-2.0, 9.0, 0.0; 28
-1.0, 9.0, 0.0; 31
0.0, 9.0, 0.0; 33
1.0, 9.0, 0.0; 25
2.0, 9.0, 0.0; 5
3.0, 9.0, 0.0; 1
-4.0, -10.0, 1.0; 10
-3.0, -10.0, 1.0; 20
-2.0, -10.0, 1.0; 7
-1.0, -10.0, 1.0; 9
0.0, -10.0, 1.0; 6
1.0, -10.0, 1.0; 4
2.0, -10.0, 1.0; 3
-6.0, -9.0, 1.0; 6
-5.0, -9.0, 1.0; 24
-4.0, -9.0, 1.0; 22
-3.0, -9.0, 1.0; 16
-2.0, -9.0, 1.0; 12
-1.0, -9.0, 1.0; 20
0.0, -9.0, 1.0; 12
1.0, -9.0, 1.0; 9
2.0, -9.0, 1.0; 3
3.0, -9.0, 1.0; 3
4.0, -9.0, 1.0; 1
-7.0, -8.0, 1.0; 12
-6.0, -8.0, 1.0; 17
-5.0, -8.0, 1.0; 11
-4.0, -8.0, 1.0; 9
-3.0, -8.0, 1.0; 1
-2.0, -8.0, 1.0; 2
-1.0, -8.0, 1.0; 9
0.0, -8.0, 1.0; 5
1.0, -8.0, 1.0; 20
2.0, -8.0, 1.0; 9
3.0, -8.0, 1.0; 6
4.0, -8.0, 1.0; 4
5.0, -8.0, 1.0; 5
6.0, -8.0, 1.0; 3
-8.0, -7.0, 1.0; 4
-7.0, -7.0, 1.0; 22
-6.0, -7.0, 1.0; 6
-5.0, -7.0, 1.0; 1
-4.0, -7.0, 1.0; 32
-3.0, -7.0, 1.0; 116
-2.0, -7.0, 1.0; 138
-1.0, -7.0, 1.0; 87
0.0, -7.0, 1.0; 39
1.0, -7.0, 1.0; 20
2.0, -7.0, 1.0; 14
3.0, -7.0, 1.0; 3
4.0, -7.0, 1.0; 3
5.0, -7.0, 1.0; 5
6.0, -7.0, 1.0; 2
-9.0, -6.0, 1.0; 3
-8.0, -6.0, 1.0; 9
-7.0, -6.0, 1.0; 22
-6.0, -6.0, 1.0; 3
-5.0, -6.0, 1.0; 120
-4.0, -6.0, 1.0; 150
-3.0, -6.0, 1.0; 116
-2.0, -6.0, 1.0; 73
-1.0, -6.0, 1.0; 46
0.0, -6.0, 1.0; 29
1.0, -6.0, 1.0; 44
2.0, -6.0, 1.0; 24
3.0, -6.0, 1.0; 6
4.0, -6.0, 1.0; 4
5.0, -6.0, 1.0; 3
7.0, -6.0, 1.0; 4
-9.0, -5.0, 1.0; 2
-8.0, -5.0, 1.0; 29
-7.0, -5.0, 1.0; 11
-6.0, -5.0, 1.0; 81
-5.0, -5.0, 1.0; 116
-4.0, -5.0, 1.0; 10
-3.0, -5.0, 1.0; 10
-2.0, -5.0, 1.0; 4
-1.0, -5.0, 1.0; 3
0.0, -5.0, 1.0; 2
1.0, -5.0, 1.0; 7
2.0, -5.0, 1.0; 31
3.0, -5.0, 1.0; 13
4.0, -5.0, 1.0; 3
5.0, -5.0, 1.0; 3
6.0, -5.0, 1.0; 3
7.0, -5.0, 1.0; 2
-9.0, -4.0, 1.0; 4
-8.0, -4.0, 1.0; 27
-7.0, -4.0, 1.0; 9
-6.0, -4.0, 1.0; 120
-5.0, -4.0, 1.0; 27
-4.0, -4.0, 1.0; 5
-3.0, -4.0, 1.0; 3
-2.0, -4.0, 1.0; 1
1.0, -4.0, 1.0; 1
2.0, -4.0, 1.0; 7
3.0, -4.0, 1.0; 9
4.0, -4.0, 1.0; 2
5.0, -4.0, 1.0; 1
6.0, -4.0, 1.0; 2
7.0, -4.0, 1.0; 1
8.0, -4.0, 1.0; 1
-10.0, -3.0, 1.0; 4
-9.0, -3.0, 1.0; 8
-8.0, -3.0, 1.0; 23
-7.0, -3.0, 1.0; 6
-6.0, -3.0, 1.0; 10
-5.0, -3.0, 1.0; 1
-4.0, -3.0, 1.0; 1
4.0, -3.0, 1.0; 1
5.0, -3.0, 1.0; 4
6.0, -3.0, 1.0; 1
8.0, -3.0, 1.0; 1
9.0, -3.0, 1.0; 1
-10.0, -2.0, 1.0; 3
-9.0, -2.0, 1.0; 5
-8.0, -2.0, 1.0; 11
-7.0, -2.0, 1.0; 5
-6.0, -2.0, 1.0; 4
-5.0, -2.0, 1.0; 1
4.0, -2.0, 1.0; 4
5.0, -2.0, 1.0; 2
9.0, -2.0, 1.0; 1
-10.0, -1.0, 1.0; 8
-9.0, -1.0, 1.0; 7
-8.0, -1.0, 1.0; 8
-7.0, -1.0, 1.0; 10
-6.0, -1.0, 1.0; 12
-5.0, -1.0, 1.0; 4
6.0, -1.0, 1.0; 1
-10.0, 0.0, 1.0; 7
-9.0, 0.0, 1.0; 7
-8.0, 0.0, 1.0; 16
-7.0, 0.0, 1.0; 10
-6.0, 0.0, 1.0; 25
-5.0, 0.0, 1.0; 3
-4.0, 0.0, 1.0; 1
4.0, 0.0, 1.0; 2
5.0, 0.0, 1.0; 2
8.0, 0.0, 1.0; 1
9.0, 0.0, 1.0; 1
-10.0, 1.0, 1.0; 2
-9.0, 1.0, 1.0; 6
-8.0, 1.0, 1.0; 8
-7.0, 1.0, 1.0; 4
-6.0, 1.0, 1.0; 28
-5.0, 1.0, 1.0; 29
4.0, 1.0, 1.0; 2
5.0, 1.0, 1.0; 2
9.0, 1.0, 1.0; 1
-10.0, 2.0, 1.0; 6
-9.0, 2.0, 1.0; 13
-8.0, 2.0, 1.0; 13
-7.0, 2.0, 1.0; 9
-6.0, 2.0, 1.0; 14
-5.0, 2.0, 1.0; 86
-4.0, 2.0, 1.0; 3
4.0, 2.0, 1.0; 2
5.0, 2.0, 1.0; 1
7.0, 2.0, 1.0; 1
-10.0, 3.0, 1.0; 1
-9.0, 3.0, 1.0; 9
-8.0, 3.0, 1.0; 33
-7.0, 3.0, 1.0; 14
-6.0, 3.0, 1.0; 13
-5.0, 3.0, 1.0; 30
-4.0, 3.0, 1.0; 16
-3.0, 3.0, 1.0; 2
1.0, 3.0, 1.0; 1
2.0, 3.0, 1.0; 1
3.0, 3.0, 1.0; 2
4.0, 3.0, 1.0; 4
5.0, 3.0, 1.0; 3
6.0, 3.0, 1.0; 2
7.0, 3.0, 1.0; 7
8.0, 3.0, 1.0; 2
-9.0, 4.0, 1.0; 3
-8.0, 4.0, 1.0; 28
-7.0, 4.0, 1.0; 38
-6.0, 4.0, 1.0; 46
-5.0, 4.0, 1.0; 23
-4.0, 4.0, 1.0; 35
-3.0, 4.0, 1.0; 25
-2.0, 4.0, 1.0; 27
-1.0, 4.0, 1.0; 1
0.0, 4.0, 1.0; 7
1.0, 4.0, 1.0; 63
2.0, 4.0, 1.0; 4
3.0, 4.0, 1.0; 8
4.0, 4.0, 1.0; 9
5.0, 4.0, 1.0; 1
6.0, 4.0, 1.0; 1
7.0, 4.0, 1.0; 5
8.0, 4.0, 1.0; 2
-9.0, 5.0, 1.0; 7
-8.0, 5.0, 1.0; 31
-7.0, 5.0, 1.0; 30
-6.0, 5.0, 1.0; 3
-5.0, 5.0, 1.0; 45
-4.0, 5.0, 1.0; 296
-3.0, 5.0, 1.0; 2770
-2.0, 5.0, 1.0; 821
-1.0, 5.0, 1.0; 30
0.0, 5.0, 1.0; 26
1.0, 5.0, 1.0; 35
2.0, 5.0, 1.0; 4
3.0, 5.0, 1.0; 3
4.0, 5.0, 1.0; 4
5.0, 5.0, 1.0; 4
6.0, 5.0, 1.0; 3
7.0, 5.0, 1.0; 5
-8.0, 6.0, 1.0; 14
-7.0, 6.0, 1.0; 83
-6.0, 6.0, 1.0; 226
-5.0, 6.0, 1.0; 49
-4.0, 6.0, 1.0; 88
-3.0, 6.0, 1.0; 87
-2.0, 6.0, 1.0; 59
-1.0, 6.0, 1.0; 37
0.0, 6.0, 1.0; 19
1.0, 6.0, 1.0; 4
2.0, 6.0, 1.0; 3
3.0, 6.0, 1.0; 5
4.0, 6.0, 1.0; 9
5.0, 6.0, 1.0; 1
6.0, 6.0, 1.0; 1
7.0, 6.0, 1.0; 1
-7.0, 7.0, 1.0; 9
-6.0, 7.0, 1.0; 49
-5.0, 7.0, 1.0; 46
-4.0, 7.0, 1.0; 18
-3.0, 7.0, 1.0; 8
-2.0, 7.0, 1.0; 15
-1.0, 7.0, 1.0; 14
0.0, 7.0, 1.0; 3
1.0, 7.0, 1.0; 11
2.0, 7.0, 1.0; 14
3.0, 7.0, 1.0; 6
4.0, 7.0, 1.0; 3
5.0, 7.0, 1.0; 2
-6.0, 8.0, 1.0; 4
-5.0, 8.0, 1.0; 6
-4.0, 8.0, 1.0; 23
-3.0, 8.0, 1.0; 13
-2.0, 8.0, 1.0; 4
-1.0, 8.0, 1.0; 11
0.0, 8.0, 1.0; 10
1.0, 8.0, 1.0; 12
2.0, 8.0, 1.0; 7
3.0, 8.0, 1.0; 1
-5.0, 9.0, 1.0; 1
-4.0, 9.0, 1.0; 7
-3.0, 9.0, 1.0; 9
-2.0, 9.0, 1.0; 9
-1.0, 9.0, 1.0; 10
0.0, 9.0, 1.0; 17
1.0, 9.0, 1.0; 10
2.0, 9.0, 1.0; 4
-3.0, -10.0, 2.0; 8
-2.0, -10.0, 2.0; 4
-1.0, -10.0, 2.0; 3
0.0, -10.0, 2.0; 1
1.0, -10.0, 2.0; 1
3.0, -10.0, 2.0; 1
-6.0, -9.0, 2.0; 2
-5.0, -9.0, 2.0; 10
-4.0, -9.0, 2.0; 23
-3.0, -9.0, 2.0; 21
-2.0, -9.0, 2.0; 25
-1.0, -9.0, 2.0; 12
0.0, -9.0, 2.0; 5
1.0, -9.0, 2.0; 5
2.0, -9.0, 2.0; 3
3.0, -9.0, 2.0; 4
4.0, -9.0, 2.0; 2
-7.0, -8.0, 2.0; 3
-6.0, -8.0, 2.0; 26
-5.0, -8.0, 2.0; 22
-4.0, -8.0, 2.0; 12
-3.0, -8.0, 2.0; 10
-2.0, -8.0, 2.0; 5
-1.0, -8.0, 2.0; 3
0.0, -8.0, 2.0; 5
1.0, -8.0, 2.0; 9
2.0, -8.0, 2.0; 9
3.0, -8.0, 2.0; 2
4.0, -8.0, 2.0; 4
5.0, -8.0, 2.0; 2
-8.0, -7.0, 2.0; 1
-7.0, -7.0, 2.0; 14
-6.0, -7.0, 2.0; 11
-5.0, -7.0, 2.0; 7
-4.0, -7.0, 2.0; 2
-3.0, -7.0, 2.0; 5
-2.0, -7.0, 2.0; 12
-1.0, -7.0, 2.0; 10
0.0, -7.0, 2.0; 5
1.0, -7.0, 2.0; 11
2.0, -7.0, 2.0; 5
3.0, -7.0, 2.0; 3
4.0, -7.0, 2.0; 1
6.0, -7.0, 2.0; 3
-8.0, -6.0, 2.0; 4
-7.0, -6.0, 2.0; 21
-6.0, -6.0, 2.0; 8
-5.0, -6.0, 2.0; 8
-4.0, -6.0, 2.0; 83
-3.0, -6.0, 2.0; 132
-2.0, -6.0, 2.0; 57
-1.0, -6.0, 2.0; 19
0.0, -6.0, 2.0; 14
1.0, -6.0, 2.0; 20
2.0, -6.0, 2.0; 9
3.0, -6.0, 2.0; 2
4.0, -6.0, 2.0; 1
5.0, -6.0, 2.0; 1
6.0, -6.0, 2.0; 1
7.0, -6.0, 2.0; 5
-8.0, -5.0, 2.0; 8
-7.0, -5.0, 2.0; 25
-6.0, -5.0, 2.0; 4
-5.0, -5.0, 2.0; 104
-4.0, -5.0, 2.0; 134
-3.0, -5.0, 2.0; 33
-2.0, -5.0, 2.0; 4
-1.0, -5.0, 2.0; 3
0.0, -5.0, 2.0; 4
1.0, -5.0, 2.0; 12
2.0, -5.0, 2.0; 8
4.0, -5.0, 2.0; 1
6.0, -5.0, 2.0; 1
7.0, -5.0, 2.0; 1
8.0, -5.0, 2.0; 1
-10.0, -4.0, 2.0; 1
-9.0, -4.0, 2.0; 2
-8.0, -4.0, 2.0; 29
-7.0, -4.0, 2.0; 11
-6.0, -4.0, 2.0; 4
-5.0, -4.0, 2.0; 38
-4.0, -4.0, 2.0; 8
-3.0, -4.0, 2.0; 2
-2.0, -4.0, 2.0; 1
1.0, -4.0, 2.0; 4
2.0, -4.0, 2.0; 7
3.0, -4.0, 2.0; 2
4.0, -4.0, 2.0; 2
5.0, -4.0, 2.0; 1
7.0, -4.0, 2.0; 2
-9.0, -3.0, 2.0; 5
-8.0, -3.0, 2.0; 11
-7.0, -3.0, 2.0; 16
-6.0, -3.0, 2.0; 6
-5.0, -3.0, 2.0; 4
-4.0, -3.0, 2.0; 11
-1.0, -3.0, 2.0; 1
2.0, -3.0, 2.0; 2
3.0, -3.0, 2.0; 2
4.0, -3.0, 2.0; 4
6.0, -3.0, 2.0; 1
-10.0, -2.0, 2.0; 2
-9.0, -2.0, 2.0; 12
-8.0, -2.0, 2.0; 12
-7.0, -2.0, 2.0; 19
-6.0, -2.0, 2.0; 9
-5.0, -2.0, 2.0; 4
-4.0, -2.0, 2.0; 2
5.0, -2.0, 2.0; 2
-10.0, -1.0, 2.0; 7
-9.0, -1.0, 2.0; 3
-8.0, -1.0, 2.0; 3
-7.0, -1.0, 2.0; 11
-6.0, -1.0, 2.0; 9
-5.0, -1.0, 2.0; 5
-4.0, -1.0, 2.0; 1
2.0, -1.0, 2.0; 1
3.0, -1.0, 2.0; 2
4.0, -1.0, 2.0; 3
5.0, -1.0, 2.0; 3
9.0, -1.0, 2.0; 1
-10.0, 0.0, 2.0; 7
-9.0, 0.0, 2.0; 9
-8.0, 0.0, 2.0; 5
-7.0, 0.0, 2.0; 8
-6.0, 0.0, 2.0; 34
-5.0, 0.0, 2.0; 32
-4.0, 0.0, 2.0; 1
3.0, 0.0, 2.0; 1
4.0, 0.0, 2.0; 1
5.0, 0.0, 2.0; 1
7.0, 0.0, 2.0; 1
-10.0, 1.0, 2.0; 7
-9.0, 1.0, 2.0; 5
-8.0, 1.0, 2.0; 12
-7.0, 1.0, 2.0; 17
-6.0, 1.0, 2.0; 12
-5.0, 1.0, 2.0; 409
-4.0, 1.0, 2.0; 389
-3.0, 1.0, 2.0; 2
3.0, 1.0, 2.0; 1
6.0, 1.0, 2.0; 1
7.0, 1.0, 2.0; 1
8.0, 1.0, 2.0; 1
-10.0, 2.0, 2.0; 2
-9.0, 2.0, 2.0; 5
-8.0, 2.0, 2.0; 15
-7.0, 2.0, 2.0; 15
-6.0, 2.0, 2.0; 8
-5.0, 2.0, 2.0; 715
-4.0, 2.0, 2.0; 3338
-3.0, 2.0, 2.0; 28
1.0, 2.0, 2.0; 1
2.0, 2.0, 2.0; 1
3.0, 2.0, 2.0; 5
6.0, 2.0, 2.0; 2
7.0, 2.0, 2.0; 4
8.0, 2.0, 2.0; 1
-10.0, 3.0, 2.0; 2
-9.0, 3.0, 2.0; 10
-8.0, 3.0, 2.0; 13
-7.0, 3.0, 2.0; 21
-6.0, 3.0, 2.0; 10
-5.0, 3.0, 2.0; 38
-4.0, 3.0, 2.0; 245
-3.0, 3.0, 2.0; 59
-2.0, 3.0, 2.0; 6
-1.0, 3.0, 2.0; 2
0.0, 3.0, 2.0; 8
1.0, 3.0, 2.0; 31
2.0, 3.0, 2.0; 3
3.0, 3.0, 2.0; 2
4.0, 3.0, 2.0; 1
6.0, 3.0, 2.0; 2
7.0, 3.0, 2.0; 1
-9.0, 4.0, 2.0; 13
-8.0, 4.0, 2.0; 11
-7.0, 4.0, 2.0; 38
-6.0, 4.0, 2.0; 29
-5.0, 4.0, 2.0; 27
-4.0, 4.0, 2.0; 49
-3.0, 4.0, 2.0; 107
-2.0, 4.0, 2.0; 105
-1.0, 4.0, 2.0; 27
0.0, 4.0, 2.0; 26
1.0, 4.0, 2.0; 55
2.0, 4.0, 2.0; 7
3.0, 4.0, 2.0; 3
4.0, 4.0, 2.0; 2
5.0, 4.0, 2.0; 2
6.0, 4.0, 2.0; 5
7.0, 4.0, 2.0; 3
-9.0, 5.0, 2.0; 3
-8.0, 5.0, 2.0; 28
-7.0, 5.0, 2.0; 25
-6.0, 5.0, 2.0; 15
-5.0, 5.0, 2.0; 14
-4.0, 5.0, 2.0; 61
-3.0, 5.0, 2.0; 282
-2.0, 5.0, 2.0; 204
-1.0, 5.0, 2.0; 17
0.0, 5.0, 2.0; 13
1.0, 5.0, 2.0; 1
3.0, 5.0, 2.0; 2
4.0, 5.0, 2.0; 3
5.0, 5.0, 2.0; 4
6.0, 5.0, 2.0; 2
7.0, 5.0, 2.0; 1
-8.0, 6.0, 2.0; 5
-7.0, 6.0, 2.0; 15
-6.0, 6.0, 2.0; 25
-5.0, 6.0, 2.0; 21
-4.0, 6.0, 2.0; 15
-3.0, 6.0, 2.0; 19
-2.0, 6.0, 2.0; 7
-1.0, 6.0, 2.0; 4
0.0, 6.0, 2.0; 4
1.0, 6.0, 2.0; 1
2.0, 6.0, 2.0; 3
3.0, 6.0, 2.0; 5
4.0, 6.0, 2.0; 4
5.0, 6.0, 2.0; 1
-7.0, 7.0, 2.0; 3
-6.0, 7.0, 2.0; 14
-5.0, 7.0, 2.0; 20
-4.0, 7.0, 2.0; 25
-3.0, 7.0, 2.0; 9
-2.0, 7.0, 2.0; 8
-1.0, 7.0, 2.0; 4
0.0, 7.0, 2.0; 12
1.0, 7.0, 2.0; 8
2.0, 7.0, 2.0; 5
3.0, 7.0, 2.0; 6
4.0, 7.0, 2.0; 1
-6.0, 8.0, 2.0; 1
-5.0, 8.0, 2.0; 6
-4.0, 8.0, 2.0; 21
-3.0, 8.0, 2.0; 12
-2.0, 8.0, 2.0; 16
-1.0, 8.0, 2.0; 18
0.0, 8.0, 2.0; 11
1.0, 8.0, 2.0; 13
2.0, 8.0, 2.0; 6
4.0, 8.0, 2.0; 1
-4.0, 9.0, 2.0; 3
-3.0, 9.0, 2.0; 8
-2.0, 9.0, 2.0; 16
-1.0, 9.0, 2.0; 15
0.0, 9.0, 2.0; 12
1.0, 9.0, 2.0; 3
-1.0, -10.0, 3.0; 1
0.0, -10.0, 3.0; 2
1.0, -10.0, 3.0; 1
-5.0, -9.0, 3.0; 4
-4.0, -9.0, 3.0; 7
-3.0, -9.0, 3.0; 15
-2.0, -9.0, 3.0; 11
-1.0, -9.0, 3.0; 11
0.0, -9.0, 3.0; 2
1.0, -9.0, 3.0; 3
3.0, -9.0, 3.0; 2
-6.0, -8.0, 3.0; 17
-5.0, -8.0, 3.0; 19
-4.0, -8.0, 3.0; 19
-3.0, -8.0, 3.0; 21
-2.0, -8.0, 3.0; 18
-1.0, -8.0, 3.0; 15
0.0, -8.0, 3.0; 16
1.0, -8.0, 3.0; 9
2.0, -8.0, 3.0; 5
4.0, -8.0, 3.0; 2
-7.0, -7.0, 3.0; 15
-6.0, -7.0, 3.0; 13
-5.0, -7.0, 3.0; 12
-4.0, -7.0, 3.0; 9
-3.0, -7.0, 3.0; 4
-2.0, -7.0, 3.0; 8
-1.0, -7.0, 3.0; 6
0.0, -7.0, 3.0; 5
1.0, -7.0, 3.0; 11
2.0, -7.0, 3.0; 2
3.0, -7.0, 3.0; 1
4.0, -7.0, 3.0; 3
5.0, -7.0, 3.0; 2
6.0, -7.0, 3.0; 1
-8.0, -6.0, 3.0; 4
-7.0, -6.0, 3.0; 6
-6.0, -6.0, 3.0; 7
-5.0, -6.0, 3.0; 8
-4.0, -6.0, 3.0; 5
-3.0, -6.0, 3.0; 1
-1.0, -6.0, 3.0; 4
0.0, -6.0, 3.0; 7
1.0, -6.0, 3.0; 3
2.0, -6.0, 3.0; 1
4.0, -6.0, 3.0; 1
5.0, -6.0, 3.0; 2
6.0, -6.0, 3.0; 1
-9.0, -5.0, 3.0; 2
-8.0, -5.0, 3.0; 3
-7.0, -5.0, 3.0; 13
-6.0, -5.0, 3.0; 11
-5.0, -5.0, 3.0; 1
-4.0, -5.0, 3.0; 2
-3.0, -5.0, 3.0; 2
-2.0, -5.0, 3.0; 2
-1.0, -5.0, 3.0; 7
0.0, -5.0, 3.0; 8
1.0, -5.0, 3.0; 8
2.0, -5.0, 3.0; 3
4.0, -5.0, 3.0; 2
5.0, -5.0, 3.0; 3
6.0, -5.0, 3.0; 1
-9.0, -4.0, 3.0; 3
-8.0, -4.0, 3.0; 3
-7.0, -4.0, 3.0; 15
-6.0, -4.0, 3.0; 6
-4.0, -4.0, 3.0; 1
-3.0, -4.0, 3.0; 5
-2.0, -4.0, 3.0; 7
-1.0, -4.0, 3.0; 2
0.0, -4.0, 3.0; 2
1.0, -4.0, 3.0; 4
2.0, -4.0, 3.0; 6
3.0, -4.0, 3.0; 1
4.0, -4.0, 3.0; 1
5.0, -4.0, 3.0; 3
8.0, -4.0, 3.0; 1
-9.0, -3.0, 3.0; 6
-8.0, -3.0, 3.0; 8
-7.0, -3.0, 3.0; 9
-6.0, -3.0, 3.0; 16
-5.0, -3.0, 3.0; 5
-4.0, -3.0, 3.0; 4
-3.0, -3.0, 3.0; 10
-2.0, -3.0, 3.0; 4
-1.0, -3.0, 3.0; 5
0.0, -3.0, 3.0; 2
1.0, -3.0, 3.0; 3
2.0, -3.0, 3.0; 2
3.0, -3.0, 3.0; 1
4.0, -3.0, 3.0; 1
8.0, -3.0, 3.0; 1
-9.0, -2.0, 3.0; 8
-8.0, -2.0, 3.0; 6
-7.0, -2.0, 3.0; 17
-6.0, -2.0, 3.0; 28
-5.0, -2.0, 3.0; 48
-4.0, -2.0, 3.0; 18
-3.0, -2.0, 3.0; 7
-2.0, -2.0, 3.0; 1
-1.0, -2.0, 3.0; 1
0.0, -2.0, 3.0; 2
1.0, -2.0, 3.0; 2
2.0, -2.0, 3.0; 2
3.0, -2.0, 3.0; 2
4.0, -2.0, 3.0; 1
-10.0, -1.0, 3.0; 2
-9.0, -1.0, 3.0; 8
-8.0, -1.0, 3.0; 4
-7.0, -1.0, 3.0; 7
-6.0, -1.0, 3.0; 8
-5.0, -1.0, 3.0; 6
-4.0, -1.0, 3.0; 5
-3.0, -1.0, 3.0; 6
-2.0, -1.0, 3.0; 4
0.0, -1.0, 3.0; 1
1.0, -1.0, 3.0; 6
2.0, -1.0, 3.0; 6
3.0, -1.0, 3.0; 3
5.0, -1.0, 3.0; 1
9.0, -1.0, 3.0; 1
-10.0, 0.0, 3.0; 2
-9.0, 0.0, 3.0; 12
-8.0, 0.0, 3.0; 3
-7.0, 0.0, 3.0; 4
-6.0, 0.0, 3.0; 2
-5.0, 0.0, 3.0; 14
-4.0, 0.0, 3.0; 8
-3.0, 0.0, 3.0; 5
-1.0, 0.0, 3.0; 2
1.0, 0.0, 3.0; 1
2.0, 0.0, 3.0; 1
4.0, 0.0, 3.0; 1
-10.0, 1.0, 3.0; 2
-9.0, 1.0, 3.0; 11
-8.0, 1.0, 3.0; 4
-7.0, 1.0, 3.0; 12
-6.0, 1.0, 3.0; 3
-5.0, 1.0, 3.0; 21
-4.0, 1.0, 3.0; 157
-3.0, 1.0, 3.0; 20
-2.0, 1.0, 3.0; 1
1.0, 1.0, 3.0; 2
2.0, 1.0, 3.0; 3
3.0, 1.0, 3.0; 2
4.0, 1.0, 3.0; 2
5.0, 1.0, 3.0; 1
6.0, 1.0, 3.0; 1
7.0, 1.0, 3.0; 1
-10.0, 2.0, 3.0; 1
-9.0, 2.0, 3.0; 4
-8.0, 2.0, 3.0; 7
-7.0, 2.0, 3.0; 18
-6.0, 2.0, 3.0; 4
-5.0, 2.0, 3.0; 14
-4.0, 2.0, 3.0; 264
-3.0, 2.0, 3.0; 85
-2.0, 2.0, 3.0; 12
-1.0, 2.0, 3.0; 3
0.0, 2.0, 3.0; 8
1.0, 2.0, 3.0; 6
2.0, 2.0, 3.0; 17
3.0, 2.0, 3.0; 9
5.0, 2.0, 3.0; 1
6.0, 2.0, 3.0; 2
7.0, 2.0, 3.0; 1
-9.0, 3.0, 3.0; 7
-8.0, 3.0, 3.0; 15
-7.0, 3.0, 3.0; 22
-6.0, 3.0, 3.0; 11
-5.0, 3.0, 3.0; 1
-4.0, 3.0, 3.0; 21
-3.0, 3.0, 3.0; 55
-2.0, 3.0, 3.0; 25
-1.0, 3.0, 3.0; 16
0.0, 3.0, 3.0; 19
1.0, 3.0, 3.0; 33
2.0, 3.0, 3.0; 4
3.0, 3.0, 3.0; 2
5.0, 3.0, 3.0; 1
6.0, 3.0, 3.0; 1
-9.0, 4.0, 3.0; 1
-8.0, 4.0, 3.0; 12
-7.0, 4.0, 3.0; 15
-6.0, 4.0, 3.0; 16
-5.0, 4.0, 3.0; 11
-4.0, 4.0, 3.0; 8
-3.0, 4.0, 3.0; 10
-2.0, 4.0, 3.0; 18
-1.0, 4.0, 3.0; 11
0.0, 4.0, 3.0; 5
1.0, 4.0, 3.0; 4
2.0, 4.0, 3.0; 1
5.0, 4.0, 3.0; 2
6.0, 4.0, 3.0; 1
7.0, 4.0, 3.0; 1
-8.0, 5.0, 3.0; 34
-7.0, 5.0, 3.0; 23
-6.0, 5.0, 3.0; 20
-5.0, 5.0, 3.0; 17
-4.0, 5.0, 3.0; 7
-3.0, 5.0, 3.0; 9
-2.0, 5.0, 3.0; 6
-1.0, 5.0, 3.0; 1
0.0, 5.0, 3.0; 1
1.0, 5.0, 3.0; 1
2.0, 5.0, 3.0; 4
3.0, 5.0, 3.0; 2
4.0, 5.0, 3.0; 5
5.0, 5.0, 3.0; 2
6.0, 5.0, 3.0; 1
-8.0, 6.0, 3.0; 3
-7.0, 6.0, 3.0; 12
-6.0, 6.0, 3.0; 17
-5.0, 6.0, 3.0; 30
-4.0, 6.0, 3.0; 14
-3.0, 6.0, 3.0; 9
-2.0, 6.0, 3.0; 8
-1.0, 6.0, 3.0; 6
0.0, 6.0, 3.0; 9
1.0, 6.0, 3.0; 5
2.0, 6.0, 3.0; 3
3.0, 6.0, 3.0; 4
4.0, 6.0, 3.0; 2
5.0, 6.0, 3.0; 4
-6.0, 7.0, 3.0; 6
-5.0, 7.0, 3.0; 23
-4.0, 7.0, 3.0; 17
-3.0, 7.0, 3.0; 11
-2.0, 7.0, 3.0; 13
-1.0, 7.0, 3.0; 16
0.0, 7.0, 3.0; 13
1.0, 7.0, 3.0; 13
2.0, 7.0, 3.0; 4
3.0, 7.0, 3.0; 1
-5.0, 8.0, 3.0; 3
-4.0, 8.0, 3.0; 16
-3.0, 8.0, 3.0; 22
-2.0, 8.0, 3.0; 16
-1.0, 8.0, 3.0; 20
0.0, 8.0, 3.0; 17
1.0, 8.0, 3.0; 7
2.0, 8.0, 3.0; 4
4.0, 8.0, 3.0; 1
-3.0, 9.0, 3.0; 2
-2.0, 9.0, 3.0; 2
-1.0, 9.0, 3.0; 4
0.0, 9.0, 3.0; 4
1.0, 9.0, 3.0; 1
-2.0, -9.0, 4.0; 4
-1.0, -9.0, 4.0; 4
0.0, -9.0, 4.0; 5
1.0, -9.0, 4.0; 3
2.0, -9.0, 4.0; 5
3.0, -9.0, 4.0; 2
-6.0, -8.0, 4.0; 1
-5.0, -8.0, 4.0; 15
-4.0, -8.0, 4.0; 8
-3.0, -8.0, 4.0; 7
-2.0, -8.0, 4.0; 8
-1.0, -8.0, 4.0; 9
0.0, -8.0, 4.0; 2
1.0, -8.0, 4.0; 4
2.0, -8.0, 4.0; 4
3.0, -8.0, 4.0; 4
4.0, -8.0, 4.0; 1
-7.0, -7.0, 4.0; 2
-6.0, -7.0, 4.0; 11
-5.0, -7.0, 4.0; 19
-4.0, -7.0, 4.0; 18
-3.0, -7.0, 4.0; 14
-2.0, -7.0, 4.0; 12
-1.0, -7.0, 4.0; 9
0.0, -7.0, 4.0; 8
1.0, -7.0, 4.0; 5
2.0, -7.0, 4.0; 1
3.0, -7.0, 4.0; 4
4.0, -7.0, 4.0; 1
5.0, -7.0, 4.0; 2
6.0, -7.0, 4.0; 1
-8.0, -6.0, 4.0; 1
-7.0, -6.0, 4.0; 5
-6.0, -6.0, 4.0; 7
-5.0, -6.0, 4.0; 14
-4.0, -6.0, 4.0; 9
-3.0, -6.0, 4.0; 10
-2.0, -6.0, 4.0; 8
-1.0, -6.0, 4.0; 6
0.0, -6.0, 4.0; 5
1.0, -6.0, 4.0; 4
2.0, -6.0, 4.0; 1
4.0, -6.0, 4.0; 3
5.0, -6.0, 4.0; 2
-8.0, -5.0, 4.0; 7
-7.0, -5.0, 4.0; 7
-6.0, -5.0, 4.0; 10
-5.0, -5.0, 4.0; 16
-4.0, -5.0, 4.0; 13
-3.0, -5.0, 4.0; 4
-2.0, -5.0, 4.0; 11
-1.0, -5.0, 4.0; 12
0.0, -5.0, 4.0; 3
1.0, -5.0, 4.0; 2
3.0, -5.0, 4.0; 3
4.0, -5.0, 4.0; 3
6.0, -5.0, 4.0; 2
-9.0, -4.0, 4.0; 2
-8.0, -4.0, 4.0; 3
-7.0, -4.0, 4.0; 6
-6.0, -4.0, 4.0; 12
-5.0, -4.0, 4.0; 4
-4.0, -4.0, 4.0; 5
-3.0, -4.0, 4.0; 4
-2.0, -4.0, 4.0; 4
-1.0, -4.0, 4.0; 6
0.0, -4.0, 4.0; 3
1.0, -4.0, 4.0; 1
6.0, -4.0, 4.0; 1
7.0, -4.0, 4.0; 2
-9.0, -3.0, 4.0; 1
-8.0, -3.0, 4.0; 4
-7.0, -3.0, 4.0; 3
-6.0, -3.0, 4.0; 9
-5.0, -3.0, 4.0; 12
-4.0, -3.0, 4.0; 10
-3.0, -3.0, 4.0; 3
-2.0, -3.0, 4.0; 5
-1.0, -3.0, 4.0; 4
0.0, -3.0, 4.0; 4
1.0, -3.0, 4.0; 5
4.0, -3.0, 4.0; 1
-9.0, -2.0, 4.0; 3
-8.0, -2.0, 4.0; 4
-7.0, -2.0, 4.0; 4
-6.0, -2.0, 4.0; 9
-5.0, -2.0, 4.0; 14
-4.0, -2.0, 4.0; 24
-3.0, -2.0, 4.0; 16
-2.0, -2.0, 4.0; 10
-1.0, -2.0, 4.0; 8
0.0, -2.0, 4.0; 7
1.0, -2.0, 4.0; 1
6.0, -2.0, 4.0; 1
7.0, -2.0, 4.0; 1
-9.0, -1.0, 4.0; 5
-8.0, -1.0, 4.0; 11
-7.0, -1.0, 4.0; 7
-6.0, -1.0, 4.0; 2
-5.0, -1.0, 4.0; 3
-4.0, -1.0, 4.0; 13
-3.0, -1.0, 4.0; 23
-2.0, -1.0, 4.0; 11
-1.0, -1.0, 4.0; 7
0.0, -1.0, 4.0; 5
1.0, -1.0, 4.0; 8
2.0, -1.0, 4.0; 2
3.0, -1.0, 4.0; 1
4.0, -1.0, 4.0; 1
8.0, -1.0, 4.0; 3
-9.0, 0.0, 4.0; 8
-8.0, 0.0, 4.0; 10
-7.0, 0.0, 4.0; 9
-6.0, 0.0, 4.0; 3
-5.0, 0.0, 4.0; 1
-4.0, 0.0, 4.0; 7
-3.0, 0.0, 4.0; 3
-2.0, 0.0, 4.0; 1
-1.0, 0.0, 4.0; 1
0.0, 0.0, 4.0; 3
2.0, 0.0, 4.0; 1
3.0, 0.0, 4.0; 2
4.0, 0.0, 4.0; 2
6.0, 0.0, 4.0; 1
8.0, 0.0, 4.0; 2
-9.0, 1.0, 4.0; 9
-8.0, 1.0, 4.0; 15
-7.0, 1.0, 4.0; 7
-6.0, 1.0, 4.0; 8
-5.0, 1.0, 4.0; 3
-4.0, 1.0, 4.0; 4
-3.0, 1.0, 4.0; 1
-2.0, 1.0, 4.0; 3
-1.0, 1.0, 4.0; 2
0.0, 1.0, 4.0; 8
1.0, 1.0, 4.0; 2
2.0, 1.0, 4.0; 4
3.0, 1.0, 4.0; 1
4.0, 1.0, 4.0; 1
-9.0, 2.0, 4.0; 7
-8.0, 2.0, 4.0; 10
-7.0, 2.0, 4.0; 14
-6.0, 2.0, 4.0; 4
-5.0, 2.0, 4.0; 2
-4.0, 2.0, 4.0; 2
-3.0, 2.0, 4.0; 2
-2.0, 2.0, 4.0; 3
-1.0, 2.0, 4.0; 10
0.0, 2.0, 4.0; 17
1.0, 2.0, 4.0; 9
2.0, 2.0, 4.0; 3
3.0, 2.0, 4.0; 3
4.0, 2.0, 4.0; 2
6.0, 2.0, 4.0; 1
-9.0, 3.0, 4.0; 2
-8.0, 3.0, 4.0; 9
-7.0, 3.0, 4.0; 16
-6.0, 3.0, 4.0; 9
-5.0, 3.0, 4.0; 10
-4.0, 3.0, 4.0; 3
-3.0, 3.0, 4.0; 3
-2.0, 3.0, 4.0; 10
-1.0, 3.0, 4.0; 6
0.0, 3.0, 4.0; 7
1.0, 3.0, 4.0; 9
4.0, 3.0, 4.0; 1
5.0, 3.0, 4.0; 1
-8.0, 4.0, 4.0; 8
-7.0, 4.0, 4.0; 13
-6.0, 4.0, 4.0; 10
-5.0, 4.0, 4.0; 9
-4.0, 4.0, 4.0; 5
-3.0, 4.0, 4.0; 4
-2.0, 4.0, 4.0; 8
-1.0, 4.0, 4.0; 2
0.0, 4.0, 4.0; 2
1.0, 4.0, 4.0; 2
3.0, 4.0, 4.0; 1
4.0, 4.0, 4.0; 3
5.0, 4.0, 4.0; 1
6.0, 4.0, 4.0; 1
-8.0, 5.0, 4.0; 4
-7.0, 5.0, 4.0; 16
-6.0, 5.0, 4.0; 25
-5.0, 5.0, 4.0; 24
-4.0, 5.0, 4.0; 9
-3.0, 5.0, 4.0; 11
-2.0, 5.0, 4.0; 9
-1.0, 5.0, 4.0; 6
0.0, 5.0, 4.0; 5
1.0, 5.0, 4.0; 4
2.0, 5.0, 4.0; 5
3.0, 5.0, 4.0; 5
4.0, 5.0, 4.0; 3
5.0, 5.0, 4.0; 1
6.0, 5.0, 4.0; 1
-7.0, 6.0, 4.0; 3
-6.0, 6.0, 4.0; 5
-5.0, 6.0, 4.0; 13
-4.0, 6.0, 4.0; 23
-3.0, 6.0, 4.0; 23
-2.0, 6.0, 4.0; 13
-1.0, 6.0, 4.0; 18
0.0, 6.0, 4.0; 14
1.0, 6.0, 4.0; 6
2.0, 6.0, 4.0; 2
3.0, 6.0, 4.0; 2
5.0, 6.0, 4.0; 1
-6.0, 7.0, 4.0; 1
-5.0, 7.0, 4.0; 9
-4.0, 7.0, 4.0; 10
-3.0, 7.0, 4.0; 15
-2.0, 7.0, 4.0; 10
-1.0, 7.0, 4.0; 12
0.0, 7.0, 4.0; 10
1.0, 7.0, 4.0; 6
2.0, 7.0, 4.0; 4
4.0, 7.0, 4.0; 1
-4.0, 8.0, 4.0; 3
-3.0, 8.0, 4.0; 7
-2.0, 8.0, 4.0; 9
-1.0, 8.0, 4.0; 7
0.0, 8.0, 4.0; 7
1.0, 8.0, 4.0; 4
2.0, 8.0, 4.0; 2
3.0, 8.0, 4.0; 1
0.0, 9.0, 4.0; 1
-1.0, -9.0, 5.0; 3
2.0, -9.0, 5.0; 2
-5.0, -8.0, 5.0; 1
-3.0, -8.0, 5.0; 3
-2.0, -8.0, 5.0; 5
-1.0, -8.0, 5.0; 5
0.0, -8.0, 5.0; 3
1.0, -8.0, 5.0; 3
3.0, -8.0, 5.0; 2
4.0, -8.0, 5.0; 1
-6.0, -7.0, 5.0; 3
-5.0, -7.0, 5.0; 4
-4.0, -7.0, 5.0; 8
-3.0, -7.0, 5.0; 10
-2.0, -7.0, 5.0; 10
-1.0, -7.0, 5.0; 4
0.0, -7.0, 5.0; 5
1.0, -7.0, 5.0; 3
2.0, -7.0, 5.0; 4
3.0, -7.0, 5.0; 2
4.0, -7.0, 5.0; 1
-7.0, -6.0, 5.0; 1
-6.0, -6.0, 5.0; 8
-5.0, -6.0, 5.0; 6
-4.0, -6.0, 5.0; 6
-3.0, -6.0, 5.0; 5
-2.0, -6.0, 5.0; 8
-1.0, -6.0, 5.0; 4
0.0, -6.0, 5.0; 3
1.0, -6.0, 5.0; 1
3.0, -6.0, 5.0; 2
4.0, -6.0, 5.0; 2
-8.0, -5.0, 5.0; 2
-7.0, -5.0, 5.0; 11
-6.0, -5.0, 5.0; 5
-5.0, -5.0, 5.0; 6
-4.0, -5.0, 5.0; 10
-3.0, -5.0, 5.0; 9
-2.0, -5.0, 5.0; 6
-1.0, -5.0, 5.0; 4
0.0, -5.0, 5.0; 1
1.0, -5.0, 5.0; 2
2.0, -5.0, 5.0; 2
3.0, -5.0, 5.0; 3
4.0, -5.0, 5.0; 1
5.0, -5.0, 5.0; 1
-8.0, -4.0, 5.0; 2
-7.0, -4.0, 5.0; 6
-6.0, -4.0, 5.0; 3
-5.0, -4.0, 5.0; 4
-4.0, -4.0, 5.0; 3
-3.0, -4.0, 5.0; 14
-2.0, -4.0, 5.0; 7
-1.0, -4.0, 5.0; 4
0.0, -4.0, 5.0; 3
1.0, -4.0, 5.0; 1
2.0, -4.0, 5.0; 1
3.0, -4.0, 5.0; 1
4.0, -4.0, 5.0; 1
6.0, -4.0, 5.0; 1
-9.0, -3.0, 5.0; 1
-8.0, -3.0, 5.0; 4
-7.0, -3.0, 5.0; 2
-6.0, -3.0, 5.0; 5
-5.0, -3.0, 5.0; 2
-4.0, -3.0, 5.0; 2
-3.0, -3.0, 5.0; 3
-2.0, -3.0, 5.0; 2
-1.0, -3.0, 5.0; 5
0.0, -3.0, 5.0; 7
1.0, -3.0, 5.0; 2
2.0, -3.0, 5.0; 1
3.0, -3.0, 5.0; 1
-7.0, -2.0, 5.0; 3
-6.0, -2.0, 5.0; 5
-5.0, -2.0, 5.0; 4
-4.0, -2.0, 5.0; 2
-3.0, -2.0, 5.0; 3
-1.0, -2.0, 5.0; 3
0.0, -2.0, 5.0; 7
1.0, -2.0, 5.0; 7
2.0, -2.0, 5.0; 3
4.0, -2.0, 5.0; 1
6.0, -2.0, 5.0; 1
-9.0, -1.0, 5.0; 1
-8.0, -1.0, 5.0; 5
-7.0, -1.0, 5.0; 5
-6.0, -1.0, 5.0; 2
-5.0, -1.0, 5.0; 1
-4.0, -1.0, 5.0; 1
-1.0, -1.0, 5.0; 2
0.0, -1.0, 5.0; 2
1.0, -1.0, 5.0; 4
5.0, -1.0, 5.0; 1
7.0, -1.0, 5.0; 1
8.0, -1.0, 5.0; 1
-8.0, 0.0, 5.0; 5
-7.0, 0.0, 5.0; 21
-6.0, 0.0, 5.0; 7
-5.0, 0.0, 5.0; 2
-3.0, 0.0, 5.0; 1
-1.0, 0.0, 5.0; 2
0.0, 0.0, 5.0; 4
1.0, 0.0, 5.0; 1
2.0, 0.0, 5.0; 1
-9.0, 1.0, 5.0; 2
-8.0, 1.0, 5.0; 2
-7.0, 1.0, 5.0; 8
-6.0, 1.0, 5.0; 2
-5.0, 1.0, 5.0; 2
-4.0, 1.0, 5.0; 3
-3.0, 1.0, 5.0; 1
-2.0, 1.0, 5.0; 4
-1.0, 1.0, 5.0; 7
0.0, 1.0, 5.0; 3
1.0, 1.0, 5.0; 1
4.0, 1.0, 5.0; 1
-8.0, 2.0, 5.0; 3
-7.0, 2.0, 5.0; 4
-6.0, 2.0, 5.0; 10
-5.0, 2.0, 5.0; 7
-4.0, 2.0, 5.0; 4
-3.0, 2.0, 5.0; 6
-2.0, 2.0, 5.0; 7
-1.0, 2.0, 5.0; 12
0.0, 2.0, 5.0; 8
1.0, 2.0, 5.0; 1
2.0, 2.0, 5.0; 1
-8.0, 3.0, 5.0; 3
-7.0, 3.0, 5.0; 11
-6.0, 3.0, 5.0; 13
-5.0, 3.0, 5.0; 7
-4.0, 3.0, 5.0; 6
-3.0, 3.0, 5.0; 5
-2.0, 3.0, 5.0; 8
-1.0, 3.0, 5.0; 7
0.0, 3.0, 5.0; 2
1.0, 3.0, 5.0; 2
5.0, 3.0, 5.0; 2
-7.0, 4.0, 5.0; 10
-6.0, 4.0, 5.0; 10
-5.0, 4.0, 5.0; 7
-4.0, 4.0, 5.0; 7
-3.0, 4.0, 5.0; 7
-2.0, 4.0, 5.0; 2
-1.0, 4.0, 5.0; 2
0.0, 4.0, 5.0; 4
1.0, 4.0, 5.0; 5
2.0, 4.0, 5.0; 2
3.0, 4.0, 5.0; 3
4.0, 4.0, 5.0; 1
5.0, 4.0, 5.0; 3
-7.0, 5.0, 5.0; 4
-6.0, 5.0, 5.0; 4
-5.0, 5.0, 5.0; 10
-4.0, 5.0, 5.0; 13
-3.0, 5.0, 5.0; 14
-2.0, 5.0, 5.0; 8
-1.0, 5.0, 5.0; 3
0.0, 5.0, 5.0; 7
1.0, 5.0, 5.0; 8
2.0, 5.0, 5.0; 1
5.0, 5.0, 5.0; 1
-6.0, 6.0, 5.0; 1
-5.0, 6.0, 5.0; 3
-4.0, 6.0, 5.0; 10
-3.0, 6.0, 5.0; 7
-2.0, 6.0, 5.0; 8
-1.0, 6.0, 5.0; 4
0.0, 6.0, 5.0; 5
1.0, 6.0, 5.0; 1
2.0, 6.0, 5.0; 1
4.0, 6.0, 5.0; 1
-5.0, 7.0, 5.0; 1
-4.0, 7.0, 5.0; 3
-3.0, 7.0, 5.0; 5
-2.0, 7.0, 5.0; 5
-1.0, 7.0, 5.0; 6
1.0, 7.0, 5.0; 2
3.0, 7.0, 5.0; 2
-3.0, 8.0, 5.0; 1
-1.0, 8.0, 5.0; 2
-4.0, -8.0, 6.0; 1
-3.0, -8.0, 6.0; 1
-1.0, -8.0, 6.0; 1
0.0, -8.0, 6.0; 1
1.0, -8.0, 6.0; 1
-5.0, -7.0, 6.0; 1
-4.0, -7.0, 6.0; 4
-3.0, -7.0, 6.0; 3
-2.0, -7.0, 6.0; 3
-1.0, -7.0, 6.0; 1
0.0, -7.0, 6.0; 1
1.0, -7.0, 6.0; 3
2.0, -7.0, 6.0; 3
-6.0, -6.0, 6.0; 5
-5.0, -6.0, 6.0; 1
-4.0, -6.0, 6.0; 1
-2.0, -6.0, 6.0; 3
-1.0, -6.0, 6.0; 3
0.0, -6.0, 6.0; 1
1.0, -6.0, 6.0; 1
2.0, -6.0, 6.0; 3
3.0, -6.0, 6.0; 1
4.0, -6.0, 6.0; 1
-6.0, -5.0, 6.0; 6
-5.0, -5.0, 6.0; 6
-4.0, -5.0, 6.0; 2
-3.0, -5.0, 6.0; 2
-2.0, -5.0, 6.0; 1
-1.0, -5.0, 6.0; 2
0.0, -5.0, 6.0; 1
1.0, -5.0, 6.0; 1
-7.0, -4.0, 6.0; 4
-6.0, -4.0, 6.0; 5
-5.0, -4.0, 6.0; 1
-4.0, -4.0, 6.0; 5
-3.0, -4.0, 6.0; 1
-2.0, -4.0, 6.0; 5
-1.0, -4.0, 6.0; 2
0.0, -4.0, 6.0; 5
1.0, -4.0, 6.0; 2
-8.0, -3.0, 6.0; 1
-7.0, -3.0, 6.0; 5
-6.0, -3.0, 6.0; 3
-5.0, -3.0, 6.0; 3
-4.0, -3.0, 6.0; 1
-3.0, -3.0, 6.0; 8
-2.0, -3.0, 6.0; 8
-1.0, -3.0, 6.0; 3
0.0, -3.0, 6.0; 1
3.0, -3.0, 6.0; 4
-8.0, -2.0, 6.0; 3
-7.0, -2.0, 6.0; 5
-6.0, -2.0, 6.0; 1
-5.0, -2.0, 6.0; 1
-4.0, -2.0, 6.0; 4
-3.0, -2.0, 6.0; 3
-1.0, -2.0, 6.0; 4
0.0, -2.0, 6.0; 8
1.0, -2.0, 6.0; 5
2.0, -2.0, 6.0; 3
3.0, -2.0, 6.0; 1
-8.0, -1.0, 6.0; 2
-7.0, -1.0, 6.0; 4
-6.0, -1.0, 6.0; 2
-5.0, -1.0, 6.0; 2
-3.0, -1.0, 6.0; 1
-2.0, -1.0, 6.0; 4
-1.0, -1.0, 6.0; 4
0.0, -1.0, 6.0; 11
1.0, -1.0, 6.0; 6
2.0, -1.0, 6.0; 1
3.0, -1.0, 6.0; 2
-8.0, 0.0, 6.0; 1
-7.0, 0.0, 6.0; 3
-6.0, 0.0, 6.0; 2
-5.0, 0.0, 6.0; 6
-4.0, 0.0, 6.0; 4
-2.0, 0.0, 6.0; 2
-1.0, 0.0, 6.0; 4
0.0, 0.0, 6.0; 7
1.0, 0.0, 6.0; 4
-8.0, 1.0, 6.0; 2
-7.0, 1.0, 6.0; 4
-6.0, 1.0, 6.0; 4
-5.0, 1.0, 6.0; 7
-4.0, 1.0, 6.0; 3
-3.0, 1.0, 6.0; 3
-2.0, 1.0, 6.0; 3
-1.0, 1.0, 6.0; 1
0.0, 1.0, 6.0; 2
1.0, 1.0, 6.0; 2
2.0, 1.0, 6.0; 1
-8.0, 2.0, 6.0; 1
-7.0, 2.0, 6.0; 4
-6.0, 2.0, 6.0; 6
-5.0, 2.0, 6.0; 3
-4.0, 2.0, 6.0; 5
-3.0, 2.0, 6.0; 5
-2.0, 2.0, 6.0; 3
-1.0, 2.0, 6.0; 5
0.0, 2.0, 6.0; 1
1.0, 2.0, 6.0; 3
2.0, 2.0, 6.0; 1
4.0, 2.0, 6.0; 1
-8.0, 3.0, 6.0; 1
-7.0, 3.0, 6.0; 2
-6.0, 3.0, 6.0; 6
-5.0, 3.0, 6.0; 5
-4.0, 3.0, 6.0; 1
-3.0, 3.0, 6.0; 7
-2.0, 3.0, 6.0; 6
-1.0, 3.0, 6.0; 3
0.0, 3.0, 6.0; 4
1.0, 3.0, 6.0; 1
2.0, 3.0, 6.0; 1
3.0, 3.0, 6.0; 1
4.0, 3.0, 6.0; 1
-7.0, 4.0, 6.0; 1
-6.0, 4.0, 6.0; 4
-5.0, 4.0, 6.0; 3
-4.0, 4.0, 6.0; 2
-3.0, 4.0, 6.0; 3
-1.0, 4.0, 6.0; 3
0.0, 4.0, 6.0; 2
1.0, 4.0, 6.0; 2
2.0, 4.0, 6.0; 2
3.0, 4.0, 6.0; 1
-6.0, 5.0, 6.0; 2
-5.0, 5.0, 6.0; 4
-4.0, 5.0, 6.0; 4
-3.0, 5.0, 6.0; 5
-2.0, 5.0, 6.0; 8
-1.0, 5.0, 6.0; 3
0.0, 5.0, 6.0; 5
2.0, 5.0, 6.0; 1
3.0, 5.0, 6.0; 1
-5.0, 6.0, 6.0; 2
-4.0, 6.0, 6.0; 1
-3.0, 6.0, 6.0; 3
-2.0, 6.0, 6.0; 2
-1.0, 6.0, 6.0; 3
0.0, 6.0, 6.0; 3
1.0, 6.0, 6.0; 3
2.0, 6.0, 6.0; 3
3.0, 6.0, 6.0; 1
-3.0, 7.0, 6.0; 1
0.0, 7.0, 6.0; 1
-2.0, -7.0, 7.0; 2
-1.0, -7.0, 7.0; 3
0.0, -7.0, 7.0; 3
-4.0, -6.0, 7.0; 2
-3.0, -6.0, 7.0; 3
-2.0, -6.0, 7.0; 2
-1.0, -6.0, 7.0; 2
0.0, -6.0, 7.0; 2
2.0, -6.0, 7.0; 1
-6.0, -5.0, 7.0; 1
-5.0, -5.0, 7.0; 3
-4.0, -5.0, 7.0; 5
-3.0, -5.0, 7.0; 3
-2.0, -5.0, 7.0; 5
-1.0, -5.0, 7.0; 2
1.0, -5.0, 7.0; 1
-6.0, -4.0, 7.0; 1
-5.0, -4.0, 7.0; 6
-4.0, -4.0, 7.0; 5
-3.0, -4.0, 7.0; 1
-2.0, -4.0, 7.0; 3
-1.0, -4.0, 7.0; 2
0.0, -4.0, 7.0; 2
1.0, -4.0, 7.0; 1
-7.0, -3.0, 7.0; 1
-6.0, -3.0, 7.0; 5
-5.0, -3.0, 7.0; 4
-4.0, -3.0, 7.0; 11
-3.0, -3.0, 7.0; 3
-2.0, -3.0, 7.0; 1
-1.0, -3.0, 7.0; 2
0.0, -3.0, 7.0; 1
2.0, -3.0, 7.0; 1
-7.0, -2.0, 7.0; 2
-6.0, -2.0, 7.0; 2
-5.0, -2.0, 7.0; 4
-4.0, -2.0, 7.0; 1
-3.0, -2.0, 7.0; 5
-2.0, -2.0, 7.0; 5
-1.0, -2.0, 7.0; 1
2.0, -2.0, 7.0; 1
-6.0, -1.0, 7.0; 3
-5.0, -1.0, 7.0; 4
-4.0, -1.0, 7.0; 1
-3.0, -1.0, 7.0; 2
-2.0, -1.0, 7.0; 2
-1.0, -1.0, 7.0; 5
0.0, -1.0, 7.0; 2
-7.0, 0.0, 7.0; 3
-6.0, 0.0, 7.0; 2
-5.0, 0.0, 7.0; 1
-4.0, 0.0, 7.0; 5
-3.0, 0.0, 7.0; 3
-2.0, 0.0, 7.0; 2
-1.0, 0.0, 7.0; 1
0.0, 0.0, 7.0; 2
-6.0, 1.0, 7.0; 1
-4.0, 1.0, 7.0; 3
-3.0, 1.0, 7.0; 2
-2.0, 1.0, 7.0; 1
-1.0, 1.0, 7.0; 1
0.0, 1.0, 7.0; 3
1.0, 1.0, 7.0; 2
2.0, 1.0, 7.0; 1
-7.0, 2.0, 7.0; 1
-6.0, 2.0, 7.0; 4
-5.0, 2.0, 7.0; 4
-3.0, 2.0, 7.0; 4
-2.0, 2.0, 7.0; 1
-1.0, 2.0, 7.0; 2
0.0, 2.0, 7.0; 2
1.0, 2.0, 7.0; 1
2.0, 2.0, 7.0; 1
-6.0, 3.0, 7.0; 1
-5.0, 3.0, 7.0; 2
-4.0, 3.0, 7.0; 2
-3.0, 3.0, 7.0; 1
-2.0, 3.0, 7.0; 4
-1.0, 3.0, 7.0; 4
0.0, 3.0, 7.0; 1
1.0, 3.0, 7.0; 3
3.0, 3.0, 7.0; 1
-5.0, 4.0, 7.0; 2
-4.0, 4.0, 7.0; 4
-3.0, 4.0, 7.0; 1
-2.0, 4.0, 7.0; 1
-1.0, 4.0, 7.0; 7
1.0, 4.0, 7.0; 1
2.0, 4.0, 7.0; 1
-3.0, 5.0, 7.0; 1
-2.0, 5.0, 7.0; 1
0.0, 5.0, 7.0; 2
1.0, 5.0, 7.0; 1
2.0, 5.0, 7.0; 1
-2.0, 6.0, 7.0; 2
-2.0, -6.0, 8.0; 1
0.0, -6.0, 8.0; 1
-2.0, -5.0, 8.0; 2
-1.0, -5.0, 8.0; 1
0.0, -5.0, 8.0; 2
1.0, -5.0, 8.0; 1
2.0, -5.0, 8.0; 1
-4.0, -4.0, 8.0; 2
-3.0, -4.0, 8.0; 4
-2.0, -4.0, 8.0; 4
-1.0, -4.0, 8.0; 3
0.0, -4.0, 8.0; 1
3.0, -4.0, 8.0; 1
-6.0, -3.0, 8.0; 1
-5.0, -3.0, 8.0; 2
-3.0, -3.0, 8.0; 2
-5.0, -2.0, 8.0; 2
-4.0, -2.0, 8.0; 2
3.0, -2.0, 8.0; 1
-6.0, -1.0, 8.0; 1
-4.0, -1.0, 8.0; 1
-3.0, -1.0, 8.0; 2
-2.0, -1.0, 8.0; 2
0.0, -1.0, 8.0; 4
-4.0, 0.0, 8.0; 2
-3.0, 0.0, 8.0; 1
-2.0, 0.0, 8.0; 2
-1.0, 0.0, 8.0; 2
1.0, 0.0, 8.0; 1
-6.0, 1.0, 8.0; 1
-5.0, 1.0, 8.0; 1
-4.0, 1.0, 8.0; 1
-2.0, 1.0, 8.0; 3
-4.0, 2.0, 8.0; 2
-2.0, 2.0, 8.0; 2
-1.0, 2.0, 8.0; 1
2.0, 2.0, 8.0; 1
-4.0, 3.0, 8.0; 1
-3.0, 3.0, 8.0; 3
-2.0, 3.0, 8.0; 4
-1.0, 3.0, 8.0; 2
0.0, 3.0, 8.0; 1
-3.0, 4.0, 8.0; 1
-2.0, 4.0, 8.0; 1
0.0, 4.0, 8.0; 1
-3.0, 5.0, 8.0; 1
1.0, -4.0, 9.0; 1
-2.0, -3.0, 9.0; 1
2.0, -2.0, 9.0; 1
-3.0, -1.0, 9.0; 1
-4.0, 0.0, 9.0; 1
-3.0, 1.0, 9.0; 1
-2.0, 1.0, 9.0; 1
-1.0, 1.0, 9.0; 1
-1.0, 3.0, 9.0; 1
-1.0, -5.0, -10.0; 1
-2.0, -4.0, -10.0; 1
-1.0, -4.0, -10.0; 2
0.0, -4.0, -10.0; 1
1.0, -4.0, -10.0; 1
-3.0, -3.0, -10.0; 1
-2.0, -3.0, -10.0; 2
-1.0, -3.0, -10.0; 3
0.0, -3.0, -10.0; 2
1.0, -3.0, -10.0; 1
2.0, -3.0, -10.0; 1
-3.0, -2.0, -10.0; 2
-2.0, -2.0, -10.0; 4
-1.0, -2.0, -10.0; 1
0.0, -2.0, -10.0; 7
1.0, -2.0, -10.0; 2
2.0, -2.0, -10.0; 2
-3.0, -1.0, -10.0; 1
-2.0, -1.0, -10.0; 6
-1.0, -1.0, -10.0; 4
0.0, -1.0, -10.0; 1
1.0, -1.0, -10.0; 4
2.0, -1.0, -10.0; 1
-3.0, 0.0, -10.0; 1
-2.0, 0.0, -10.0; 5
-1.0, 0.0, -10.0; 7
0.0, 0.0, -10.0; 3
1.0, 0.0, -10.0; 2
2.0, 0.0, -10.0; 5
3.0, 0.0, -10.0; 1
-3.0, 1.0, -10.0; 4
-2.0, 1.0, -10.0; 1
-1.0, 1.0, -10.0; 4
0.0, 1.0, -10.0; 3
2.0, 1.0, -10.0; 5
3.0, 1.0, -10.0; 2
-1.0, 2.0, -10.0; 2
0.0, 2.0, -10.0; 1
1.0, 2.0, -10.0; 1
2.0, 2.0, -10.0; 4
1.0, 3.0, -10.0; 1
-3.0, -6.0, -9.0; 1
-2.0, -6.0, -9.0; 1
-1.0, -6.0, -9.0; 4
0.0, -6.0, -9.0; 1
1.0, -6.0, -9.0; 3
-3.0, -5.0, -9.0; 5
-2.0, -5.0, -9.0; 1
-1.0, -5.0, -9.0; 3
0.0, -5.0, -9.0; 1
1.0, -5.0, -9.0; 5
2.0, -5.0, -9.0; 5
3.0, -5.0, -9.0; 1
-4.0, -4.0, -9.0; 2
-3.0, -4.0, -9.0; 4
-2.0, -4.0, -9.0; 1
-1.0, -4.0, -9.0; 4
0.0, -4.0, -9.0; 7
1.0, -4.0, -9.0; 8
2.0, -4.0, -9.0; 9
3.0, -4.0, -9.0; 4
-5.0, -3.0, -9.0; 5
-4.0, -3.0, -9.0; 1
-3.0, -3.0, -9.0; 3
-2.0, -3.0, -9.0; 1
-1.0, -3.0, -9.0; 2
0.0, -3.0, -9.0; 3
1.0, -3.0, -9.0; 6
2.0, -3.0, -9.0; 12
3.0, -3.0, -9.0; 3
-5.0, -2.0, -9.0; 3
-4.0, -2.0, -9.0; 4
-3.0, -2.0, -9.0; 6
-2.0, -2.0, -9.0; 3
0.0, -2.0, -9.0; 7
1.0, -2.0, -9.0; 7
2.0, -2.0, -9.0; 13
3.0, -2.0, -9.0; 1
-6.0, -1.0, -9.0; 3
-5.0, -1.0, -9.0; 1
-4.0, -1.0, -9.0; 2
-3.0, -1.0, -9.0; 3
-2.0, -1.0, -9.0; 3
-1.0, -1.0, -9.0; 1
0.0, -1.0, -9.0; 5
1.0, -1.0, -9.0; 13
2.0, -1.0, -9.0; 8
3.0, -1.0, -9.0; 2
4.0, -1.0, -9.0; 1
-6.0, 0.0, -9.0; 2
-5.0, 0.0, -9.0; 3
-4.0, 0.0, -9.0; 6
-3.0, 0.0, -9.0; 10
-2.0, 0.0, -9.0; 10
-1.0, 0.0, -9.0; 8
0.0, 0.0, -9.0; 2
1.0, 0.0, -9.0; 7
2.0, 0.0, -9.0; 3
3.0, 0.0, -9.0; 3
4.0, 0.0, -9.0; 4
5.0, 0.0, -9.0; 2
-6.0, 1.0, -9.0; 1
-5.0, 1.0, -9.0; 5
-4.0, 1.0, -9.0; 12
-3.0, 1.0, -9.0; 12
-2.0, 1.0, -9.0; 15
-1.0, 1.0, -9.0; 7
0.0, 1.0, -9.0; 5
1.0, 1.0, -9.0; 1
2.0, 1.0, -9.0; 4
3.0, 1.0, -9.0; 4
4.0, 1.0, -9.0; 7
5.0, 1.0, -9.0; 2
-5.0, 2.0, -9.0; 2
-4.0, 2.0, -9.0; 22
-3.0, 2.0, -9.0; 22
-2.0, 2.0, -9.0; 23
-1.0, 2.0, -9.0; 10
0.0, 2.0, -9.0; 7
1.0, 2.0, -9.0; 2
2.0, 2.0, -9.0; 4
3.0, 2.0, -9.0; 3
4.0, 2.0, -9.0; 2
-5.0, 3.0, -9.0; 1
-4.0, 3.0, -9.0; 4
-3.0, 3.0, -9.0; 20
-2.0, 3.0, -9.0; 10
-1.0, 3.0, -9.0; 8
0.0, 3.0, -9.0; 4
1.0, 3.0, -9.0; 5
2.0, 3.0, -9.0; 4
3.0, 3.0, -9.0; 1
-4.0, 4.0, -9.0; 2
-3.0, 4.0, -9.0; 3
-2.0, 4.0, -9.0; 5
-1.0, 4.0, -9.0; 6
2.0, 4.0, -9.0; 2
-3.0, 5.0, -9.0; 1
-2.0, 5.0, -9.0; 1
-1.0, 5.0, -9.0; 1
0.0, 5.0, -9.0; 1
-2.0, -7.0, -8.0; 5
-1.0, -7.0, -8.0; 3
0.0, -7.0, -8.0; 9
1.0, -7.0, -8.0; 22
2.0, -7.0, -8.0; 7
-4.0, -6.0, -8.0; 1
-3.0, -6.0, -8.0; 6
-2.0, -6.0, -8.0; 4
-1.0, -6.0, -8.0; 6
0.0, -6.0, -8.0; 10
1.0, -6.0, -8.0; 9
2.0, -6.0, -8.0; 9
3.0, -6.0, -8.0; 4
-4.0, -5.0, -8.0; 9
-3.0, -5.0, -8.0; 6
-2.0, -5.0, -8.0; 3
-1.0, -5.0, -8.0; 5
0.0, -5.0, -8.0; 7
1.0, -5.0, -8.0; 7
2.0, -5.0, -8.0; 10
3.0, -5.0, -8.0; 2
4.0, -5.0, -8.0; 2
-6.0, -4.0, -8.0; 1
-5.0, -4.0, -8.0; 10
-4.0, -4.0, -8.0; 11
-3.0, -4.0, -8.0; 6
-2.0, -4.0, -8.0; 3
-1.0, -4.0, -8.0; 3
0.0, -4.0, -8.0; 3
1.0, -4.0, -8.0; 3
2.0, -4.0, -8.0; 8
3.0, -4.0, -8.0; 5
4.0, -4.0, -8.0; 1
5.0, -4.0, -8.0; 1
-7.0, -3.0, -8.0; 1
-6.0, -3.0, -8.0; 1
-5.0, -3.0, -8.0; 11
-4.0, -3.0, -8.0; 12
-3.0, -3.0, -8.0; 4
-2.0, -3.0, -8.0; 4
-1.0, -3.0, -8.0; 2
0.0, -3.0, -8.0; 1
1.0, -3.0, -8.0; 1
2.0, -3.0, -8.0; 2
3.0, -3.0, -8.0; 7
4.0, -3.0, -8.0; 3
5.0, -3.0, -8.0; 2
6.0, -3.0, -8.0; 1
-6.0, -2.0, -8.0; 5
-5.0, -2.0, -8.0; 15
-4.0, -2.0, -8.0; 24
-3.0, -2.0, -8.0; 15
-2.0, -2.0, -8.0; 12
-1.0, -2.0, -8.0; 2
0.0, -2.0, -8.0; 5
2.0, -2.0, -8.0; 3
3.0, -2.0, -8.0; 10
4.0, -2.0, -8.0; 1
5.0, -2.0, -8.0; 2
6.0, -2.0, -8.0; 1
-7.0, -1.0, -8.0; 1
-6.0, -1.0, -8.0; 6
-5.0, -1.0, -8.0; 12
-4.0, -1.0, -8.0; 28
-3.0, -1.0, -8.0; 15
-2.0, -1.0, -8.0; 8
-1.0, -1.0, -8.0; 7
0.0, -1.0, -8.0; 3
1.0, -1.0, -8.0; 5
2.0, -1.0, -8.0; 13
3.0, -1.0, -8.0; 7
4.0, -1.0, -8.0; 1
5.0, -1.0, -8.0; 1
6.0, -1.0, -8.0; 4
-7.0, 0.0, -8.0; 5
-6.0, 0.0, -8.0; 13
-5.0, 0.0, -8.0; 10
-4.0, 0.0, -8.0; 8
-3.0, 0.0, -8.0; 6
-2.0, 0.0, -8.0; 4
-1.0, 0.0, -8.0; 2
1.0, 0.0, -8.0; 5
2.0, 0.0, -8.0; 8
3.0, 0.0, -8.0; 1
4.0, 0.0, -8.0; 2
5.0, 0.0, -8.0; 6
6.0, 0.0, -8.0; 5
-7.0, 1.0, -8.0; 6
-6.0, 1.0, -8.0; 8
-5.0, 1.0, -8.0; 12
-4.0, 1.0, -8.0; 17
-3.0, 1.0, -8.0; 13
-2.0, 1.0, -8.0; 8
-1.0, 1.0, -8.0; 5
0.0, 1.0, -8.0; 7
1.0, 1.0, -8.0; 3
3.0, 1.0, -8.0; 2
4.0, 1.0, -8.0; 3
5.0, 1.0, -8.0; 3
6.0, 1.0, -8.0; 2
-7.0, 2.0, -8.0; 2
-6.0, 2.0, -8.0; 7
-5.0, 2.0, -8.0; 10
-4.0, 2.0, -8.0; 13
-3.0, 2.0, -8.0; 10
-2.0, 2.0, -8.0; 10
-1.0, 2.0, -8.0; 3
0.0, 2.0, -8.0; 4
1.0, 2.0, -8.0; 7
2.0, 2.0, -8.0; 3
3.0, 2.0, -8.0; 8
4.0, 2.0, -8.0; 3
5.0, 2.0, -8.0; 7
-6.0, 3.0, -8.0; 3
-5.0, 3.0, -8.0; 9
-4.0, 3.0, -8.0; 13
-3.0, 3.0, -8.0; 11
-2.0, 3.0, -8.0; 4
-1.0, 3.0, -8.0; 3
0.0, 3.0, -8.0; 4
1.0, 3.0, -8.0; 9
2.0, 3.0, -8.0; 4
3.0, 3.0, -8.0; 1
4.0, 3.0, -8.0; 1
-5.0, 4.0, -8.0; 6
-4.0, 4.0, -8.0; 5
-3.0, 4.0, -8.0; 15
-2.0, 4.0, -8.0; 12
-1.0, 4.0, -8.0; 7
0.0, 4.0, -8.0; 4
1.0, 4.0, -8.0; 4
2.0, 4.0, -8.0; 4
3.0, 4.0, -8.0; 1
4.0, 4.0, -8.0; 2
-4.0, 5.0, -8.0; 5
-3.0, 5.0, -8.0; 3
-2.0, 5.0, -8.0; 6
-1.0, 5.0, -8.0; 6
0.0, 5.0, -8.0; 6
1.0, 5.0, -8.0; 2
2.0, 5.0, -8.0; 1
3.0, 5.0, -8.0; 2
-2.0, 6.0, -8.0; 2
0.0, 6.0, -8.0; 1
-4.0, -8.0, -7.0; 1
-3.0, -8.0, -7.0; 2
-2.0, -8.0, -7.0; 4
-1.0, -8.0, -7.0; 3
0.0, -8.0, -7.0; 5
1.0, -8.0, -7.0; 5
2.0, -8.0, -7.0; 4
-5.0, -7.0, -7.0; 1
-4.0, -7.0, -7.0; 3
-3.0, -7.0, -7.0; 8
-2.0, -7.0, -7.0; 17
-1.0, -7.0, -7.0; 14
0.0, -7.0, -7.0; 5
1.0, -7.0, -7.0; 10
2.0, -7.0, -7.0; 11
3.0, -7.0, -7.0; 1
-6.0, -6.0, -7.0; 3
-5.0, -6.0, -7.0; 10
-4.0, -6.0, -7.0; 20
-3.0, -6.0, -7.0; 14
-2.0, -6.0, -7.0; 6
-1.0, -6.0, -7.0; 4
0.0, -6.0, -7.0; 9
1.0, -6.0, -7.0; 9
2.0, -6.0, -7.0; 14
3.0, -6.0, -7.0; 5
4.0, -6.0, -7.0; 5
5.0, -6.0, -7.0; 2
-6.0, -5.0, -7.0; 10
-5.0, -5.0, -7.0; 23
-4.0, -5.0, -7.0; 13
-3.0, -5.0, -7.0; 10
-2.0, -5.0, -7.0; 9
-1.0, -5.0, -7.0; 7
0.0, -5.0, -7.0; 3
1.0, -5.0, -7.0; 7
2.0, -5.0, -7.0; 4
3.0, -5.0, -7.0; 4
4.0, -5.0, -7.0; 6
-7.0, -4.0, -7.0; 4
-6.0, -4.0, -7.0; 17
-5.0, -4.0, -7.0; 22
-4.0, -4.0, -7.0; 6
-3.0, -4.0, -7.0; 8
-2.0, -4.0, -7.0; 11
-1.0, -4.0, -7.0; 6
0.0, -4.0, -7.0; 2
1.0, -4.0, -7.0; 2
3.0, -4.0, -7.0; 2
4.0, -4.0, -7.0; 3
5.0, -4.0, -7.0; 1
-7.0, -3.0, -7.0; 2
-6.0, -3.0, -7.0; 19
-5.0, -3.0, -7.0; 15
-4.0, -3.0, -7.0; 5
-3.0, -3.0, -7.0; 5
-2.0, -3.0, -7.0; 1
-1.0, -3.0, -7.0; 7
0.0, -3.0, -7.0; 5
1.0, -3.0, -7.0; 4
3.0, -3.0, -7.0; 1
4.0, -3.0, -7.0; 6
6.0, -3.0, -7.0; 1
-8.0, -2.0, -7.0; 3
-7.0, -2.0, -7.0; 5
-6.0, -2.0, -7.0; 17
-5.0, -2.0, -7.0; 28
-4.0, -2.0, -7.0; 7
-3.0, -2.0, -7.0; 7
-2.0, -2.0, -7.0; 5
-1.0, -2.0, -7.0; 10
0.0, -2.0, -7.0; 5
2.0, -2.0, -7.0; 1
3.0, -2.0, -7.0; 4
4.0, -2.0, -7.0; 5
6.0, -2.0, -7.0; 2
7.0, -2.0, -7.0; 2
-7.0, -1.0, -7.0; 9
-6.0, -1.0, -7.0; 6
-5.0, -1.0, -7.0; 50
-4.0, -1.0, -7.0; 11
-3.0, -1.0, -7.0; 1
-2.0, -1.0, -7.0; 3
-1.0, -1.0, -7.0; 5
0.0, -1.0, -7.0; 1
1.0, -1.0, -7.0; 4
2.0, -1.0, -7.0; 4
3.0, -1.0, -7.0; 4
4.0, -1.0, -7.0; 5
5.0, -1.0, -7.0; 1
6.0, -1.0, -7.0; 3
7.0, -1.0, -7.0; 7
-8.0, 0.0, -7.0; 3
-7.0, 0.0, -7.0; 9
-6.0, 0.0, -7.0; 16
-5.0, 0.0, -7.0; 17
-4.0, 0.0, -7.0; 6
-3.0, 0.0, -7.0; 2
-2.0, 0.0, -7.0; 3
-1.0, 0.0, -7.0; 2
1.0, 0.0, -7.0; 4
2.0, 0.0, -7.0; 7
3.0, 0.0, -7.0; 1
4.0, 0.0, -7.0; 2
5.0, 0.0, -7.0; 10
6.0, 0.0, -7.0; 8
7.0, 0.0, -7.0; 4
-8.0, 1.0, -7.0; 1
-7.0, 1.0, -7.0; 6
-6.0, 1.0, -7.0; 25
-5.0, 1.0, -7.0; 21
-4.0, 1.0, -7.0; 7
-3.0, 1.0, -7.0; 2
-2.0, 1.0, -7.0; 2
-1.0, 1.0, -7.0; 3
1.0, 1.0, -7.0; 10
2.0, 1.0, -7.0; 7
3.0, 1.0, -7.0; 4
4.0, 1.0, -7.0; 2
5.0, 1.0, -7.0; 4
6.0, 1.0, -7.0; 6
7.0, 1.0, -7.0; 3
-8.0, 2.0, -7.0; 3
-7.0, 2.0, -7.0; 7
-6.0, 2.0, -7.0; 8
-5.0, 2.0, -7.0; 6
-4.0, 2.0, -7.0; 9
-3.0, 2.0, -7.0; 1
-2.0, 2.0, -7.0; 2
-1.0, 2.0, -7.0; 6
0.0, 2.0, -7.0; 4
1.0, 2.0, -7.0; 6
2.0, 2.0, -7.0; 3
3.0, 2.0, -7.0; 3
4.0, 2.0, -7.0; 3
5.0, 2.0, -7.0; 1
6.0, 2.0, -7.0; 1
-8.0, 3.0, -7.0; 1
-7.0, 3.0, -7.0; 8
-6.0, 3.0, -7.0; 14
-5.0, 3.0, -7.0; 4
-4.0, 3.0, -7.0; 4
-3.0, 3.0, -7.0; 1
-2.0, 3.0, -7.0; 2
-1.0, 3.0, -7.0; 1
0.0, 3.0, -7.0; 3
1.0, 3.0, -7.0; 4
2.0, 3.0, -7.0; 4
3.0, 3.0, -7.0; 4
4.0, 3.0, -7.0; 1
5.0, 3.0, -7.0; 1
-7.0, 4.0, -7.0; 2
-6.0, 4.0, -7.0; 7
-5.0, 4.0, -7.0; 9
-4.0, 4.0, -7.0; 4
-3.0, 4.0, -7.0; 3
-2.0, 4.0, -7.0; 3
-1.0, 4.0, -7.0; 3
0.0, 4.0, -7.0; 3
1.0, 4.0, -7.0; 4
2.0, 4.0, -7.0; 4
3.0, 4.0, -7.0; 4
4.0, 4.0, -7.0; 1
5.0, 4.0, -7.0; 2
6.0, 4.0, -7.0; 1
-6.0, 5.0, -7.0; 2
-5.0, 5.0, -7.0; 3
-4.0, 5.0, -7.0; 4
-3.0, 5.0, -7.0; 4
-2.0, 5.0, -7.0; 7
-1.0, 5.0, -7.0; 7
0.0, 5.0, -7.0; 4
1.0, 5.0, -7.0; 2
2.0, 5.0, -7.0; 2
3.0, 5.0, -7.0; 1
4.0, 5.0, -7.0; 1
-4.0, 6.0, -7.0; 5
-3.0, 6.0, -7.0; 3
-2.0, 6.0, -7.0; 6
-1.0, 6.0, -7.0; 3
0.0, 6.0, -7.0; 3
1.0, 6.0, -7.0; 4
2.0, 6.0, -7.0; 1
-2.0, 7.0, -7.0; 3
-1.0, 7.0, -7.0; 5
0.0, 7.0, -7.0; 2
-2.0, -9.0, -6.0; 2
-1.0, -9.0, -6.0; 1
0.0, -9.0, -6.0; 5
1.0, -9.0, -6.0; 2
-4.0, -8.0, -6.0; 1
-3.0, -8.0, -6.0; 9
-2.0, -8.0, -6.0; 89
-1.0, -8.0, -6.0; 212
0.0, -8.0, -6.0; 38
1.0, -8.0, -6.0; 7
2.0, -8.0, -6.0; 20
3.0, -8.0, -6.0; 4
-6.0, -7.0, -6.0; 3
-5.0, -7.0, -6.0; 9
-4.0, -7.0, -6.0; 22
-3.0, -7.0, -6.0; 36
-2.0, -7.0, -6.0; 158
-1.0, -7.0, -6.0; 241
0.0, -7.0, -6.0; 29
1.0, -7.0, -6.0; 16
2.0, -7.0, -6.0; 9
3.0, -7.0, -6.0; 6
4.0, -7.0, -6.0; 4
-7.0, -6.0, -6.0; 2
-6.0, -6.0, -6.0; 8
-5.0, -6.0, -6.0; 23
-4.0, -6.0, -6.0; 24
-3.0, -6.0, -6.0; 17
-2.0, -6.0, -6.0; 58
-1.0, -6.0, -6.0; 42
0.0, -6.0, -6.0; 19
1.0, -6.0, -6.0; 7
2.0, -6.0, -6.0; 13
3.0, -6.0, -6.0; 2
4.0, -6.0, -6.0; 7
5.0, -6.0, -6.0; 5
-7.0, -5.0, -6.0; 9
-6.0, -5.0, -6.0; 20
-5.0, -5.0, -6.0; 15
-4.0, -5.0, -6.0; 13
-3.0, -5.0, -6.0; 30
-2.0, -5.0, -6.0; 56
-1.0, -5.0, -6.0; 24
0.0, -5.0, -6.0; 15
1.0, -5.0, -6.0; 7
2.0, -5.0, -6.0; 1
3.0, -5.0, -6.0; 1
4.0, -5.0, -6.0; 2
5.0, -5.0, -6.0; 6
6.0, -5.0, -6.0; 1
7.0, -5.0, -6.0; 1
-8.0, -4.0, -6.0; 3
-7.0, -4.0, -6.0; 8
-6.0, -4.0, -6.0; 19
-5.0, -4.0, -6.0; 2
-4.0, -4.0, -6.0; 17
-3.0, -4.0, -6.0; 26
-2.0, -4.0, -6.0; 29
-1.0, -4.0, -6.0; 10
0.0, -4.0, -6.0; 10
1.0, -4.0, -6.0; 10
2.0, -4.0, -6.0; 4
4.0, -4.0, -6.0; 2
5.0, -4.0, -6.0; 4
6.0, -4.0, -6.0; 1
7.0, -4.0, -6.0; 1
-8.0, -3.0, -6.0; 6
-7.0, -3.0, -6.0; 4
-6.0, -3.0, -6.0; 9
-5.0, -3.0, -6.0; 5
-4.0, -3.0, -6.0; 9
-3.0, -3.0, -6.0; 27
-2.0, -3.0, -6.0; 9
-1.0, -3.0, -6.0; 13
0.0, -3.0, -6.0; 29
1.0, -3.0, -6.0; 22
2.0, -3.0, -6.0; 1
3.0, -3.0, -6.0; 1
4.0, -3.0, -6.0; 5
5.0, -3.0, -6.0; 2
6.0, -3.0, -6.0; 1
7.0, -3.0, -6.0; 2
8.0, -3.0, -6.0; 1
-8.0, -2.0, -6.0; 3
-7.0, -2.0, -6.0; 11
-6.0, -2.0, -6.0; 8
-5.0, -2.0, -6.0; 5
-4.0, -2.0, -6.0; 6
-3.0, -2.0, -6.0; 18
-2.0, -2.0, -6.0; 25
-1.0, -2.0, -6.0; 28
0.0, -2.0, -6.0; 25
1.0, -2.0, -6.0; 12
2.0, -2.0, -6.0; 2
3.0, -2.0, -6.0; 2
4.0, -2.0, -6.0; 5
5.0, -2.0, -6.0; 1
6.0, -2.0, -6.0; 1
7.0, -2.0, -6.0; 3
-8.0, -1.0, -6.0; 2
-7.0, -1.0, -6.0; 11
-6.0, -1.0, -6.0; 11
-5.0, -1.0, -6.0; 3
-4.0, -1.0, -6.0; 3
-3.0, -1.0, -6.0; 11
-2.0, -1.0, -6.0; 33
-1.0, -1.0, -6.0; 21
0.0, -1.0, -6.0; 9
1.0, -1.0, -6.0; 7
2.0, -1.0, -6.0; 3
3.0, -1.0, -6.0; 7
4.0, -1.0, -6.0; 9
5.0, -1.0, -6.0; 1
6.0, -1.0, -6.0; 2
7.0, -1.0, -6.0; 5
8.0, -1.0, -6.0; 1
-9.0, 0.0, -6.0; 1
-8.0, 0.0, -6.0; 2
-7.0, 0.0, -6.0; 14
-6.0, 0.0, -6.0; 30
-5.0, 0.0, -6.0; 4
-3.0, 0.0, -6.0; 6
-2.0, 0.0, -6.0; 10
-1.0, 0.0, -6.0; 7
0.0, 0.0, -6.0; 9
1.0, 0.0, -6.0; 3
2.0, 0.0, -6.0; 4
3.0, 0.0, -6.0; 19
4.0, 0.0, -6.0; 5
5.0, 0.0, -6.0; 3
7.0, 0.0, -6.0; 6
8.0, 0.0, -6.0; 1
-8.0, 1.0, -6.0; 5
-7.0, 1.0, -6.0; 7
-6.0, 1.0, -6.0; 15
-5.0, 1.0, -6.0; 3
-4.0, 1.0, -6.0; 4
-3.0, 1.0, -6.0; 2
-2.0, 1.0, -6.0; 34
-1.0, 1.0, -6.0; 45
0.0, 1.0, -6.0; 5
1.0, 1.0, -6.0; 6
2.0, 1.0, -6.0; 5
3.0, 1.0, -6.0; 5
4.0, 1.0, -6.0; 2
5.0, 1.0, -6.0; 3
6.0, 1.0, -6.0; 1
7.0, 1.0, -6.0; 2
-9.0, 2.0, -6.0; 1
-8.0, 2.0, -6.0; 6
-7.0, 2.0, -6.0; 8
-6.0, 2.0, -6.0; 10
-5.0, 2.0, -6.0; 15
-4.0, 2.0, -6.0; 23
-3.0, 2.0, -6.0; 5
-2.0, 2.0, -6.0; 23
-1.0, 2.0, -6.0; 67
0.0, 2.0, -6.0; 29
1.0, 2.0, -6.0; 5
2.0, 2.0, -6.0; 6
3.0, 2.0, -6.0; 7
4.0, 2.0, -6.0; 3
5.0, 2.0, -6.0; 4
6.0, 2.0, -6.0; 3
-8.0, 3.0, -6.0; 9
-7.0, 3.0, -6.0; 7
-6.0, 3.0, -6.0; 5
-5.0, 3.0, -6.0; 5
-4.0, 3.0, -6.0; 4
-3.0, 3.0, -6.0; 10
-2.0, 3.0, -6.0; 7
-1.0, 3.0, -6.0; 1
0.0, 3.0, -6.0; 4
1.0, 3.0, -6.0; 2
2.0, 3.0, -6.0; 3
3.0, 3.0, -6.0; 7
4.0, 3.0, -6.0; 2
5.0, 3.0, -6.0; 4
6.0, 3.0, -6.0; 2
-8.0, 4.0, -6.0; 1
-7.0, 4.0, -6.0; 17
-6.0, 4.0, -6.0; 9
-5.0, 4.0, -6.0; 2
-4.0, 4.0, -6.0; 10
-3.0, 4.0, -6.0; 7
-2.0, 4.0, -6.0; 5
-1.0, 4.0, -6.0; 4
1.0, 4.0, -6.0; 3
2.0, 4.0, -6.0; 3
3.0, 4.0, -6.0; 2
4.0, 4.0, -6.0; 3
5.0, 4.0, -6.0; 6
6.0, 4.0, -6.0; 3
-7.0, 5.0, -6.0; 1
-6.0, 5.0, -6.0; 4
-5.0, 5.0, -6.0; 13
-4.0, 5.0, -6.0; 23
-3.0, 5.0, -6.0; 11
-2.0, 5.0, -6.0; 5
-1.0, 5.0, -6.0; 1
0.0, 5.0, -6.0; 2
1.0, 5.0, -6.0; 2
2.0, 5.0, -6.0; 2
3.0, 5.0, -6.0; 2
4.0, 5.0, -6.0; 1
5.0, 5.0, -6.0; 3
6.0, 5.0, -6.0; 1
-6.0, 6.0, -6.0; 2
-5.0, 6.0, -6.0; 4
-4.0, 6.0, -6.0; 10
-3.0, 6.0, -6.0; 14
-2.0, 6.0, -6.0; 13
-1.0, 6.0, -6.0; 4
0.0, 6.0, -6.0; 5
1.0, 6.0, -6.0; 10
2.0, 6.0, -6.0; 10
3.0, 6.0, -6.0; 3
4.0, 6.0, -6.0; 1
-5.0, 7.0, -6.0; 1
-4.0, 7.0, -6.0; 2
-3.0, 7.0, -6.0; 5
-2.0, 7.0, -6.0; 9
-1.0, 7.0, -6.0; 6
0.0, 7.0, -6.0; 8
1.0, 7.0, -6.0; 13
2.0, 7.0, -6.0; 3
-2.0, 8.0, -6.0; 3
-1.0, 8.0, -6.0; 1
0.0, 8.0, -6.0; 3
1.0, 8.0, -6.0; 4
0.0, -10.0, -5.0; 2
-3.0, -9.0, -5.0; 1
-2.0, -9.0, -5.0; 9
-1.0, -9.0, -5.0; 15
0.0, -9.0, -5.0; 14
1.0, -9.0, -5.0; 7
2.0, -9.0, -5.0; 8
3.0, -9.0, -5.0; 4
-6.0, -8.0, -5.0; 1
-5.0, -8.0, -5.0; 5
-4.0, -8.0, -5.0; 6
-3.0, -8.0, -5.0; 20
-2.0, -8.0, -5.0; 663
-1.0, -8.0, -5.0; 2004
0.0, -8.0, -5.0; 152
1.0, -8.0, -5.0; 10
2.0, -8.0, -5.0; 22
3.0, -8.0, -5.0; 29
4.0, -8.0, -5.0; 6
5.0, -8.0, -5.0; 1
-7.0, -7.0, -5.0; 1
-6.0, -7.0, -5.0; 18
-5.0, -7.0, -5.0; 21
-4.0, -7.0, -5.0; 12
-3.0, -7.0, -5.0; 15
-2.0, -7.0, -5.0; 114
-1.0, -7.0, -5.0; 200
0.0, -7.0, -5.0; 39
1.0, -7.0, -5.0; 11
2.0, -7.0, -5.0; 8
3.0, -7.0, -5.0; 7
4.0, -7.0, -5.0; 3
5.0, -7.0, -5.0; 6
6.0, -7.0, -5.0; 3
-8.0, -6.0, -5.0; 1
-7.0, -6.0, -5.0; 8
-6.0, -6.0, -5.0; 9
-5.0, -6.0, -5.0; 4
-4.0, -6.0, -5.0; 4
-3.0, -6.0, -5.0; 1
-2.0, -6.0, -5.0; 5
-1.0, -6.0, -5.0; 18
0.0, -6.0, -5.0; 20
1.0, -6.0, -5.0; 13
2.0, -6.0, -5.0; 6
3.0, -6.0, -5.0; 4
4.0, -6.0, -5.0; 5
5.0, -6.0, -5.0; 7
6.0, -6.0, -5.0; 1
-8.0, -5.0, -5.0; 7
-7.0, -5.0, -5.0; 12
-6.0, -5.0, -5.0; 5
-5.0, -5.0, -5.0; 2
-4.0, -5.0, -5.0; 2
-3.0, -5.0, -5.0; 11
-2.0, -5.0, -5.0; 24
-1.0, -5.0, -5.0; 15
0.0, -5.0, -5.0; 8
1.0, -5.0, -5.0; 17
2.0, -5.0, -5.0; 5
3.0, -5.0, -5.0; 1
4.0, -5.0, -5.0; 1
5.0, -5.0, -5.0; 4
7.0, -5.0, -5.0; 1
-9.0, -4.0, -5.0; 1
-8.0, -4.0, -5.0; 9
-7.0, -4.0, -5.0; 11
-6.0, -4.0, -5.0; 3
-5.0, -4.0, -5.0; 7
-4.0, -4.0, -5.0; 27
-3.0, -4.0, -5.0; 79
-2.0, -4.0, -5.0; 230
-1.0, -4.0, -5.0; 62
0.0, -4.0, -5.0; 17
1.0, -4.0, -5.0; 62
2.0, -4.0, -5.0; 10
3.0, -4.0, -5.0; 1
4.0, -4.0, -5.0; 1
5.0, -4.0, -5.0; 2
7.0, -4.0, -5.0; 2
8.0, -4.0, -5.0; 1
-9.0, -3.0, -5.0; 3
-8.0, -3.0, -5.0; 6
-7.0, -3.0, -5.0; 1
-6.0, -3.0, -5.0; 5
-5.0, -3.0, -5.0; 9
-4.0, -3.0, -5.0; 55
-3.0, -3.0, -5.0; 3433
-2.0, -3.0, -5.0; 2198
-1.0, -3.0, -5.0; 25
0.0, -3.0, -5.0; 38
1.0, -3.0, -5.0; 2928
2.0, -3.0, -5.0; 119
3.0, -3.0, -5.0; 6
4.0, -3.0, -5.0; 1
5.0, -3.0, -5.0; 3
6.0, -3.0, -5.0; 3
7.0, -3.0, -5.0; 1
8.0, -3.0, -5.0; 1
-9.0, -2.0, -5.0; 3
-8.0, -2.0, -5.0; 6
-7.0, -2.0, -5.0; 9
-6.0, -2.0, -5.0; 9
-5.0, -2.0, -5.0; 8
-4.0, -2.0, -5.0; 19
-3.0, -2.0, -5.0; 267
-2.0, -2.0, -5.0; 86
-1.0, -2.0, -5.0; 12
0.0, -2.0, -5.0; 79
1.0, -2.0, -5.0; 214
2.0, -2.0, -5.0; 24
3.0, -2.0, -5.0; 4
4.0, -2.0, -5.0; 5
5.0, -2.0, -5.0; 5
7.0, -2.0, -5.0; 1
-9.0, -1.0, -5.0; 2
-8.0, -1.0, -5.0; 2
-7.0, -1.0, -5.0; 37
-6.0, -1.0, -5.0; 11
-5.0, -1.0, -5.0; 2
-4.0, -1.0, -5.0; 13
-3.0, -1.0, -5.0; 25
-2.0, -1.0, -5.0; 21
-1.0, -1.0, -5.0; 33
0.0, -1.0, -5.0; 29
1.0, -1.0, -5.0; 9
2.0, -1.0, -5.0; 1
3.0, -1.0, -5.0; 1
4.0, -1.0, -5.0; 16
5.0, -1.0, -5.0; 2
6.0, -1.0, -5.0; 1
7.0, -1.0, -5.0; 1
8.0, -1.0, -5.0; 1
-9.0, 0.0, -5.0; 2
-8.0, 0.0, -5.0; 7
-7.0, 0.0, -5.0; 46
-6.0, 0.0, -5.0; 6
-5.0, 0.0, -5.0; 2
-4.0, 0.0, -5.0; 27
-3.0, 0.0, -5.0; 15
-2.0, 0.0, -5.0; 13
-1.0, 0.0, -5.0; 5
0.0, 0.0, -5.0; 3
1.0, 0.0, -5.0; 6
2.0, 0.0, -5.0; 3
3.0, 0.0, -5.0; 14
4.0, 0.0, -5.0; 6
5.0, 0.0, -5.0; 1
6.0, 0.0, -5.0; 1
7.0, 0.0, -5.0; 2
8.0, 0.0, -5.0; 1
-9.0, 1.0, -5.0; 1
-8.0, 1.0, -5.0; 8
-7.0, 1.0, -5.0; 7
-6.0, 1.0, -5.0; 7
-5.0, 1.0, -5.0; 20
-4.0, 1.0, -5.0; 13
-3.0, 1.0, -5.0; 41
-2.0, 1.0, -5.0; 11
-1.0, 1.0, -5.0; 8
0.0, 1.0, -5.0; 11
1.0, 1.0, -5.0; 2
2.0, 1.0, -5.0; 5
3.0, 1.0, -5.0; 11
4.0, 1.0, -5.0; 7
5.0, 1.0, -5.0; 6
-9.0, 2.0, -5.0; 1
-8.0, 2.0, -5.0; 7
-7.0, 2.0, -5.0; 6
-6.0, 2.0, -5.0; 13
-5.0, 2.0, -5.0; 28
-4.0, 2.0, -5.0; 29
-3.0, 2.0, -5.0; 21
-2.0, 2.0, -5.0; 10
-1.0, 2.0, -5.0; 66
0.0, 2.0, -5.0; 50
1.0, 2.0, -5.0; 10
2.0, 2.0, -5.0; 10
3.0, 2.0, -5.0; 14
4.0, 2.0, -5.0; 3
5.0, 2.0, -5.0; 1
6.0, 2.0, -5.0; 3
-9.0, 3.0, -5.0; 2
-8.0, 3.0, -5.0; 6
-7.0, 3.0, -5.0; 8
-6.0, 3.0, -5.0; 4
-5.0, 3.0, -5.0; 12
-4.0, 3.0, -5.0; 14
-3.0, 3.0, -5.0; 8
-2.0, 3.0, -5.0; 7
-1.0, 3.0, -5.0; 30
0.0, 3.0, -5.0; 83
1.0, 3.0, -5.0; 12
2.0, 3.0, -5.0; 7
3.0, 3.0, -5.0; 18
4.0, 3.0, -5.0; 5
6.0, 3.0, -5.0; 5
7.0, 3.0, -5.0; 2
-8.0, 4.0, -5.0; 3
-7.0, 4.0, -5.0; 17
-6.0, 4.0, -5.0; 4
-5.0, 4.0, -5.0; 2
-4.0, 4.0, -5.0; 4
-3.0, 4.0, -5.0; 5
-2.0, 4.0, -5.0; 29
-1.0, 4.0, -5.0; 19
0.0, 4.0, -5.0; 7
1.0, 4.0, -5.0; 5
2.0, 4.0, -5.0; 3
3.0, 4.0, -5.0; 3
4.0, 4.0, -5.0; 4
5.0, 4.0, -5.0; 4
6.0, 4.0, -5.0; 2
7.0, 4.0, -5.0; 1
8.0, 4.0, -5.0; 1
-8.0, 5.0, -5.0; 2
-7.0, 5.0, -5.0; 9
-6.0, 5.0, -5.0; 6
-5.0, 5.0, -5.0; 13
-4.0, 5.0, -5.0; 10
-3.0, 5.0, -5.0; 2
-2.0, 5.0, -5.0; 3
-1.0, 5.0, -5.0; 8
0.0, 5.0, -5.0; 4
1.0, 5.0, -5.0; 1
2.0, 5.0, -5.0; 1
3.0, 5.0, -5.0; 2
4.0, 5.0, -5.0; 2
5.0, 5.0, -5.0; 1
6.0, 5.0, -5.0; 3
-7.0, 6.0, -5.0; 1
-6.0, 6.0, -5.0; 4
-5.0, 6.0, -5.0; 10
-4.0, 6.0, -5.0; 13
-3.0, 6.0, -5.0; 9
-2.0, 6.0, -5.0; 9
-1.0, 6.0, -5.0; 1
0.0, 6.0, -5.0; 4
1.0, 6.0, -5.0; 4
2.0, 6.0, -5.0; 8
3.0, 6.0, -5.0; 5
4.0, 6.0, -5.0; 1
5.0, 6.0, -5.0; 2
-6.0, 7.0, -5.0; 1
-4.0, 7.0, -5.0; 4
-3.0, 7.0, -5.0; 3
-2.0, 7.0, -5.0; 8
-1.0, 7.0, -5.0; 7
0.0, 7.0, -5.0; 9
1.0, 7.0, -5.0; 12
2.0, 7.0, -5.0; 9
3.0, 7.0, -5.0; 5
4.0, 7.0, -5.0; 1
-3.0, 8.0, -5.0; 7
-2.0, 8.0, -5.0; 6
-1.0, 8.0, -5.0; 10
0.0, 8.0, -5.0; 17
1.0, 8.0, -5.0; 8
2.0, 8.0, -5.0; 4
3.0, 8.0, -5.0; 2
-1.0, 9.0, -5.0; 1
-3.0, -10.0, -4.0; 1
-2.0, -10.0, -4.0; 2
-1.0, -10.0, -4.0; 8
0.0, -10.0, -4.0; 6
1.0, -10.0, -4.0; 5
2.0, -10.0, -4.0; 1
-4.0, -9.0, -4.0; 4
-3.0, -9.0, -4.0; 9
-2.0, -9.0, -4.0; 16
-1.0, -9.0, -4.0; 27
0.0, -9.0, -4.0; 23
1.0, -9.0, -4.0; 11
2.0, -9.0, -4.0; 15
3.0, -9.0, -4.0; 6
-7.0, -8.0, -4.0; 1
-6.0, -8.0, -4.0; 9
-5.0, -8.0, -4.0; 8
-4.0, -8.0, -4.0; 15
-3.0, -8.0, -4.0; 19
-2.0, -8.0, -4.0; 64
-1.0, -8.0, -4.0; 310
0.0, -8.0, -4.0; 77
1.0, -8.0, -4.0; 6
2.0, -8.0, -4.0; 11
3.0, -8.0, -4.0; 3
4.0, -8.0, -4.0; 8
5.0, -8.0, -4.0; 3
-7.0, -7.0, -4.0; 20
-6.0, -7.0, -4.0; 48
-5.0, -7.0, -4.0; 6
-4.0, -7.0, -4.0; 4
-3.0, -7.0, -4.0; 2
-2.0, -7.0, -4.0; 4
-1.0, -7.0, -4.0; 51
0.0, -7.0, -4.0; 35
1.0, -7.0, -4.0; 8
2.0, -7.0, -4.0; 5
3.0, -7.0, -4.0; 5
4.0, -7.0, -4.0; 4
5.0, -7.0, -4.0; 12
6.0, -7.0, -4.0; 5
-8.0, -6.0, -4.0; 6
-7.0, -6.0, -4.0; 21
-6.0, -6.0, -4.0; 6
-3.0, -6.0, -4.0; 1
-2.0, -6.0, -4.0; 12
-1.0, -6.0, -4.0; 9
0.0, -6.0, -4.0; 23
1.0, -6.0, -4.0; 68
2.0, -6.0, -4.0; 18
3.0, -6.0, -4.0; 3
4.0, -6.0, -4.0; 3
5.0, -6.0, -4.0; 6
6.0, -6.0, -4.0; 2
7.0, -6.0, -4.0; 2
-9.0, -5.0, -4.0; 2
-8.0, -5.0, -4.0; 23
-7.0, -5.0, -4.0; 7
-6.0, -5.0, -4.0; 1
-5.0, -5.0, -4.0; 1
-4.0, -5.0, -4.0; 6
-3.0, -5.0, -4.0; 16
-2.0, -5.0, -4.0; 65
-1.0, -5.0, -4.0; 283
0.0, -5.0, -4.0; 35
1.0, -5.0, -4.0; 43
2.0, -5.0, -4.0; 44
3.0, -5.0, -4.0; 4
4.0, -5.0, -4.0; 1
5.0, -5.0, -4.0; 1
6.0, -5.0, -4.0; 1
7.0, -5.0, -4.0; 1
-9.0, -4.0, -4.0; 12
-8.0, -4.0, -4.0; 12
-7.0, -4.0, -4.0; 8
-6.0, -4.0, -4.0; 1
-5.0, -4.0, -4.0; 16
-4.0, -4.0, -4.0; 61
-3.0, -4.0, -4.0; 16
-2.0, -4.0, -4.0; 34
-1.0, -4.0, -4.0; 59
0.0, -4.0, -4.0; 9
1.0, -4.0, -4.0; 61
2.0, -4.0, -4.0; 152
3.0, -4.0, -4.0; 13
4.0, -4.0, -4.0; 2
5.0, -4.0, -4.0; 2
6.0, -4.0, -4.0; 3
7.0, -4.0, -4.0; 6
-10.0, -3.0, -4.0; 1
-9.0, -3.0, -4.0; 4
-8.0, -3.0, -4.0; 11
-7.0, -3.0, -4.0; 2
-6.0, -3.0, -4.0; 12
-5.0, -3.0, -4.0; 30
-4.0, -3.0, -4.0; 83
-3.0, -3.0, -4.0; 58
-2.0, -3.0, -4.0; 5
-1.0, -3.0, -4.0; 1
0.0, -3.0, -4.0; 4
1.0, -3.0, -4.0; 714
2.0, -3.0, -4.0; 435
3.0, -3.0, -4.0; 11
4.0, -3.0, -4.0; 5
5.0, -3.0, -4.0; 8
-9.0, -2.0, -4.0; 2
-8.0, -2.0, -4.0; 6
-7.0, -2.0, -4.0; 33
-6.0, -2.0, -4.0; 15
-5.0, -2.0, -4.0; 16
-4.0, -2.0, -4.0; 25
-3.0, -2.0, -4.0; 22
-2.0, -2.0, -4.0; 1
0.0, -2.0, -4.0; 4
1.0, -2.0, -4.0; 12
2.0, -2.0, -4.0; 18
3.0, -2.0, -4.0; 3
4.0, -2.0, -4.0; 5
5.0, -2.0, -4.0; 9
6.0, -2.0, -4.0; 1
7.0, -2.0, -4.0; 3
8.0, -2.0, -4.0; 1
-9.0, -1.0, -4.0; 2
-8.0, -1.0, -4.0; 9
-7.0, -1.0, -4.0; 88
-6.0, -1.0, -4.0; 3
-5.0, -1.0, -4.0; 9
-4.0, -1.0, -4.0; 7
-3.0, -1.0, -4.0; 2
2.0, -1.0, -4.0; 2
4.0, -1.0, -4.0; 11
5.0, -1.0, -4.0; 3
7.0, -1.0, -4.0; 1
-9.0, 0.0, -4.0; 4
-8.0, 0.0, -4.0; 8
-7.0, 0.0, -4.0; 20
-6.0, 0.0, -4.0; 10
-5.0, 0.0, -4.0; 30
-4.0, 0.0, -4.0; 15
3.0, 0.0, -4.0; 2
4.0, 0.0, -4.0; 4
5.0, 0.0, -4.0; 2
6.0, 0.0, -4.0; 1
7.0, 0.0, -4.0; 2
-9.0, 1.0, -4.0; 6
-8.0, 1.0, -4.0; 7
-7.0, 1.0, -4.0; 3
-6.0, 1.0, -4.0; 35
-5.0, 1.0, -4.0; 24
-4.0, 1.0, -4.0; 9
1.0, 1.0, -4.0; 1
2.0, 1.0, -4.0; 3
3.0, 1.0, -4.0; 1
4.0, 1.0, -4.0; 5
5.0, 1.0, -4.0; 2
7.0, 1.0, -4.0; 1
-9.0, 2.0, -4.0; 4
-8.0, 2.0, -4.0; 9
-7.0, 2.0, -4.0; 4
-6.0, 2.0, -4.0; 38
-5.0, 2.0, -4.0; 18
-4.0, 2.0, -4.0; 11
-3.0, 2.0, -4.0; 1
1.0, 2.0, -4.0; 1
2.0, 2.0, -4.0; 3
3.0, 2.0, -4.0; 16
4.0, 2.0, -4.0; 6
7.0, 2.0, -4.0; 3
8.0, 2.0, -4.0; 1
-9.0, 3.0, -4.0; 6
-8.0, 3.0, -4.0; 5
-7.0, 3.0, -4.0; 2
-6.0, 3.0, -4.0; 12
-5.0, 3.0, -4.0; 13
-4.0, 3.0, -4.0; 7
-3.0, 3.0, -4.0; 2
-2.0, 3.0, -4.0; 1
0.0, 3.0, -4.0; 23
1.0, 3.0, -4.0; 37
2.0, 3.0, -4.0; 7
3.0, 3.0, -4.0; 17
4.0, 3.0, -4.0; 10
5.0, 3.0, -4.0; 5
6.0, 3.0, -4.0; 1
7.0, 3.0, -4.0; 5
8.0, 3.0, -4.0; 1
-9.0, 4.0, -4.0; 5
-8.0, 4.0, -4.0; 8
-7.0, 4.0, -4.0; 11
-5.0, 4.0, -4.0; 3
-4.0, 4.0, -4.0; 1
-3.0, 4.0, -4.0; 14
-2.0, 4.0, -4.0; 51
-1.0, 4.0, -4.0; 39
0.0, 4.0, -4.0; 59
1.0, 4.0, -4.0; 35
2.0, 4.0, -4.0; 8
3.0, 4.0, -4.0; 5
4.0, 4.0, -4.0; 8
5.0, 4.0, -4.0; 5
6.0, 4.0, -4.0; 7
7.0, 4.0, -4.0; 3
-8.0, 5.0, -4.0; 6
-7.0, 5.0, -4.0; 11
-6.0, 5.0, -4.0; 7
-5.0, 5.0, -4.0; 13
-3.0, 5.0, -4.0; 5
-2.0, 5.0, -4.0; 66
-1.0, 5.0, -4.0; 205
0.0, 5.0, -4.0; 75
1.0, 5.0, -4.0; 5
2.0, 5.0, -4.0; 4
3.0, 5.0, -4.0; 7
4.0, 5.0, -4.0; 1
5.0, 5.0, -4.0; 1
6.0, 5.0, -4.0; 3
7.0, 5.0, -4.0; 3
-8.0, 6.0, -4.0; 1
-7.0, 6.0, -4.0; 4
-6.0, 6.0, -4.0; 18
-5.0, 6.0, -4.0; 19
-4.0, 6.0, -4.0; 9
-3.0, 6.0, -4.0; 2
-2.0, 6.0, -4.0; 2
-1.0, 6.0, -4.0; 4
0.0, 6.0, -4.0; 3
1.0, 6.0, -4.0; 2
2.0, 6.0, -4.0; 5
3.0, 6.0, -4.0; 4
4.0, 6.0, -4.0; 5
5.0, 6.0, -4.0; 2
6.0, 6.0, -4.0; 1
7.0, 6.0, -4.0; 1
-6.0, 7.0, -4.0; 1
-5.0, 7.0, -4.0; 4
-4.0, 7.0, -4.0; 6
-3.0, 7.0, -4.0; 6
-2.0, 7.0, -4.0; 9
-1.0, 7.0, -4.0; 3
0.0, 7.0, -4.0; 6
1.0, 7.0, -4.0; 21
2.0, 7.0, -4.0; 13
3.0, 7.0, -4.0; 7
4.0, 7.0, -4.0; 1
5.0, 7.0, -4.0; 1
-5.0, 8.0, -4.0; 2
-4.0, 8.0, -4.0; 1
-3.0, 8.0, -4.0; 8
-2.0, 8.0, -4.0; 16
-1.0, 8.0, -4.0; 7
0.0, 8.0, -4.0; 19
1.0, 8.0, -4.0; 17
2.0, 8.0, -4.0; 9
3.0, 8.0, -4.0; 3
-2.0, 9.0, -4.0; 2
-1.0, 9.0, -4.0; 7
0.0, 9.0, -4.0; 6
1.0, 9.0, -4.0; 13
-4.0, -10.0, -3.0; 1
-3.0, -10.0, -3.0; 9
-2.0, -10.0, -3.0; 6
-1.0, -10.0, -3.0; 22
0.0, -10.0, -3.0; 21
1.0, -10.0, -3.0; 18
2.0, -10.0, -3.0; 2
-5.0, -9.0, -3.0; 4
-4.0, -9.0, -3.0; 9
-3.0, -9.0, -3.0; 6
-2.0, -9.0, -3.0; 4
-1.0, -9.0, -3.0; 24
0.0, -9.0, -3.0; 25
1.0, -9.0, -3.0; 13
2.0, -9.0, -3.0; 14
3.0, -9.0, -3.0; 7
4.0, -9.0, -3.0; 3
5.0, -9.0, -3.0; 2
-7.0, -8.0, -3.0; 4
-6.0, -8.0, -3.0; 7
-5.0, -8.0, -3.0; 5
-4.0, -8.0, -3.0; 10
-3.0, -8.0, -3.0; 13
-2.0, -8.0, -3.0; 24
-1.0, -8.0, -3.0; 37
0.0, -8.0, -3.0; 24
1.0, -8.0, -3.0; 3
2.0, -8.0, -3.0; 5
3.0, -8.0, -3.0; 7
4.0, -8.0, -3.0; 6
5.0, -8.0, -3.0; 8
6.0, -8.0, -3.0; 1
-8.0, -7.0, -3.0; 2
-7.0, -7.0, -3.0; 39
-6.0, -7.0, -3.0; 8
-5.0, -7.0, -3.0; 1
-1.0, -7.0, -3.0; 5
0.0, -7.0, -3.0; 60
1.0, -7.0, -3.0; 57
2.0, -7.0, -3.0; 5
3.0, -7.0, -3.0; 7
4.0, -7.0, -3.0; 3
5.0, -7.0, -3.0; 21
6.0, -7.0, -3.0; 4
7.0, -7.0, -3.0; 1
-9.0, -6.0, -3.0; 1
-8.0, -6.0, -3.0; 26
-7.0, -6.0, -3.0; 29
-6.0, -6.0, -3.0; 1
-5.0, -6.0, -3.0; 1
-2.0, -6.0, -3.0; 8
-1.0, -6.0, -3.0; 99
0.0, -6.0, -3.0; 134
1.0, -6.0, -3.0; 2188
2.0, -6.0, -3.0; 234
3.0, -6.0, -3.0; 5
4.0, -6.0, -3.0; 1
5.0, -6.0, -3.0; 20
6.0, -6.0, -3.0; 8
7.0, -6.0, -3.0; 1
-9.0, -5.0, -3.0; 19
-8.0, -5.0, -3.0; 28
-7.0, -5.0, -3.0; 4
-5.0, -5.0, -3.0; 2
-4.0, -5.0, -3.0; 2
-2.0, -5.0, -3.0; 1
-1.0, -5.0, -3.0; 52
0.0, -5.0, -3.0; 40
1.0, -5.0, -3.0; 53
2.0, -5.0, -3.0; 93
3.0, -5.0, -3.0; 12
4.0, -5.0, -3.0; 2
5.0, -5.0, -3.0; 2
6.0, -5.0, -3.0; 6
8.0, -5.0, -3.0; 2
-10.0, -4.0, -3.0; 1
-9.0, -4.0, -3.0; 10
-8.0, -4.0, -3.0; 17
-7.0, -4.0, -3.0; 4
-6.0, -4.0, -3.0; 6
-5.0, -4.0, -3.0; 27
-4.0, -4.0, -3.0; 2
-3.0, -4.0, -3.0; 2
-2.0, -4.0, -3.0; 1
1.0, -4.0, -3.0; 9
2.0, -4.0, -3.0; 69
3.0, -4.0, -3.0; 23
4.0, -4.0, -3.0; 3
5.0, -4.0, -3.0; 5
7.0, -4.0, -3.0; 2
8.0, -4.0, -3.0; 2
-10.0, -3.0, -3.0; 2
-9.0, -3.0, -3.0; 8
-8.0, -3.0, -3.0; 10
-7.0, -3.0, -3.0; 7
-6.0, -3.0, -3.0; 17
-5.0, -3.0, -3.0; 70
-4.0, -3.0, -3.0; 2
-3.0, -3.0, -3.0; 11
-2.0, -3.0, -3.0; 1
1.0, -3.0, -3.0; 1
2.0, -3.0, -3.0; 10
3.0, -3.0, -3.0; 11
4.0, -3.0, -3.0; 2
5.0, -3.0, -3.0; 14
6.0, -3.0, -3.0; 3
7.0, -3.0, -3.0; 1
8.0, -3.0, -3.0; 1
-10.0, -2.0, -3.0; 3
-9.0, -2.0, -3.0; 1
-8.0, -2.0, -3.0; 7
-7.0, -2.0, -3.0; 19
-6.0, -2.0, -3.0; 11
-5.0, -2.0, -3.0; 15
-3.0, -2.0, -3.0; 5
2.0, -2.0, -3.0; 1
4.0, -2.0, -3.0; 2
5.0, -2.0, -3.0; 6
6.0, -2.0, -3.0; 1
8.0, -2.0, -3.0; 1
-10.0, -1.0, -3.0; 1
-9.0, -1.0, -3.0; 1
-8.0, -1.0, -3.0; 24
-7.0, -1.0, -3.0; 37
-6.0, -1.0, -3.0; 3
-5.0, -1.0, -3.0; 6
4.0, -1.0, -3.0; 3
5.0, -1.0, -3.0; 3
6.0, -1.0, -3.0; 1
8.0, -1.0, -3.0; 1
-10.0, 0.0, -3.0; 2
-9.0, 0.0, -3.0; 3
-8.0, 0.0, -3.0; 7
-7.0, 0.0, -3.0; 8
-6.0, 0.0, -3.0; 32
-5.0, 0.0, -3.0; 19
-4.0, 0.0, -3.0; 1
5.0, 0.0, -3.0; 2
7.0, 0.0, -3.0; 1
-9.0, 1.0, -3.0; 11
-8.0, 1.0, -3.0; 3
-7.0, 1.0, -3.0; 3
-6.0, 1.0, -3.0; 112
-5.0, 1.0, -3.0; 26
4.0, 1.0, -3.0; 1
5.0, 1.0, -3.0; 7
6.0, 1.0, -3.0; 4
8.0, 1.0, -3.0; 1
-9.0, 2.0, -3.0; 12
-8.0, 2.0, -3.0; 7
-7.0, 2.0, -3.0; 9
-6.0, 2.0, -3.0; 26
-5.0, 2.0, -3.0; 15
-4.0, 2.0, -3.0; 1
2.0, 2.0, -3.0; 2
3.0, 2.0, -3.0; 4
4.0, 2.0, -3.0; 7
5.0, 2.0, -3.0; 1
7.0, 2.0, -3.0; 3
8.0, 2.0, -3.0; 1
-9.0, 3.0, -3.0; 10
-8.0, 3.0, -3.0; 13
-6.0, 3.0, -3.0; 30
-5.0, 3.0, -3.0; 3
-4.0, 3.0, -3.0; 1
1.0, 3.0, -3.0; 3
2.0, 3.0, -3.0; 8
3.0, 3.0, -3.0; 4
4.0, 3.0, -3.0; 14
5.0, 3.0, -3.0; 4
6.0, 3.0, -3.0; 2
7.0, 3.0, -3.0; 3
8.0, 3.0, -3.0; 1
-9.0, 4.0, -3.0; 5
-8.0, 4.0, -3.0; 22
-7.0, 4.0, -3.0; 9
-6.0, 4.0, -3.0; 5
-5.0, 4.0, -3.0; 2
-4.0, 4.0, -3.0; 2
0.0, 4.0, -3.0; 23
1.0, 4.0, -3.0; 93
2.0, 4.0, -3.0; 18
3.0, 4.0, -3.0; 8
4.0, 4.0, -3.0; 11
5.0, 4.0, -3.0; 7
6.0, 4.0, -3.0; 6
7.0, 4.0, -3.0; 8
-9.0, 5.0, -3.0; 1
-8.0, 5.0, -3.0; 6
-7.0, 5.0, -3.0; 15
-6.0, 5.0, -3.0; 11
-5.0, 5.0, -3.0; 2
-4.0, 5.0, -3.0; 2
-2.0, 5.0, -3.0; 16
-1.0, 5.0, -3.0; 66
0.0, 5.0, -3.0; 102
1.0, 5.0, -3.0; 66
2.0, 5.0, -3.0; 2
3.0, 5.0, -3.0; 7
4.0, 5.0, -3.0; 1
5.0, 5.0, -3.0; 1
6.0, 5.0, -3.0; 4
7.0, 5.0, -3.0; 1
-8.0, 6.0, -3.0; 1
-7.0, 6.0, -3.0; 17
-6.0, 6.0, -3.0; 28
-5.0, 6.0, -3.0; 18
-3.0, 6.0, -3.0; 1
-2.0, 6.0, -3.0; 7
-1.0, 6.0, -3.0; 54
0.0, 6.0, -3.0; 77
1.0, 6.0, -3.0; 14
2.0, 6.0, -3.0; 5
3.0, 6.0, -3.0; 5
4.0, 6.0, -3.0; 2
6.0, 6.0, -3.0; 2
-6.0, 7.0, -3.0; 7
-5.0, 7.0, -3.0; 9
-4.0, 7.0, -3.0; 6
-3.0, 7.0, -3.0; 4
-2.0, 7.0, -3.0; 7
-1.0, 7.0, -3.0; 3
0.0, 7.0, -3.0; 6
1.0, 7.0, -3.0; 4
2.0, 7.0, -3.0; 15
3.0, 7.0, -3.0; 10
4.0, 7.0, -3.0; 2
-5.0, 8.0, -3.0; 2
-4.0, 8.0, -3.0; 5
-3.0, 8.0, -3.0; 13
-2.0, 8.0, -3.0; 17
-1.0, 8.0, -3.0; 14
0.0, 8.0, -3.0; 20
1.0, 8.0, -3.0; 13
2.0, 8.0, -3.0; 15
3.0, 8.0, -3.0; 2
-3.0, 9.0, -3.0; 4
-2.0, 9.0, -3.0; 3
-1.0, 9.0, -3.0; 7
0.0, 9.0, -3.0; 26
1.0, 9.0, -3.0; 19
2.0, 9.0, -3.0; 8
-4.0, -10.0, -2.0; 11
-3.0, -10.0, -2.0; 14
-2.0, -10.0, -2.0; 19
-1.0, -10.0, -2.0; 13
0.0, -10.0, -2.0; 19
1.0, -10.0, -2.0; 11
2.0, -10.0, -2.0; 11
-6.0, -9.0, -2.0; 2
-5.0, -9.0, -2.0; 6
-4.0, -9.0, -2.0; 9
-3.0, -9.0, -2.0; 6
-2.0, -9.0, -2.0; 7
-1.0, -9.0, -2.0; 14
0.0, -9.0, -2.0; 31
1.0, -9.0, -2.0; 10
2.0, -9.0, -2.0; 5
3.0, -9.0, -2.0; 10
4.0, -9.0, -2.0; 4
5.0, -9.0, -2.0; 1
-7.0, -8.0, -2.0; 9
-6.0, -8.0, -2.0; 5
-5.0, -8.0, -2.0; 1
-4.0, -8.0, -2.0; 8
-3.0, -8.0, -2.0; 6
-2.0, -8.0, -2.0; 11
-1.0, -8.0, -2.0; 13
0.0, -8.0, -2.0; 20
1.0, -8.0, -2.0; 4
2.0, -8.0, -2.0; 4
3.0, -8.0, -2.0; 8
4.0, -8.0, -2.0; 5
5.0, -8.0, -2.0; 5
6.0, -8.0, -2.0; 4
-8.0, -7.0, -2.0; 4
-7.0, -7.0, -2.0; 30
-6.0, -7.0, -2.0; 3
-5.0, -7.0, -2.0; 3
-4.0, -7.0, -2.0; 1
-3.0, -7.0, -2.0; 1
-2.0, -7.0, -2.0; 1
-1.0, -7.0, -2.0; 15
0.0, -7.0, -2.0; 56
1.0, -7.0, -2.0; 108
2.0, -7.0, -2.0; 12
3.0, -7.0, -2.0; 5
4.0, -7.0, -2.0; 5
5.0, -7.0, -2.0; 17
6.0, -7.0, -2.0; 6
7.0, -7.0, -2.0; 1
-9.0, -6.0, -2.0; 4
-8.0, -6.0, -2.0; 31
-7.0, -6.0, -2.0; 9
-6.0, -6.0, -2.0; 2
-5.0, -6.0, -2.0; 1
-2.0, -6.0, -2.0; 2
-1.0, -6.0, -2.0; 44
0.0, -6.0, -2.0; 95
1.0, -6.0, -2.0; 1292
2.0, -6.0, -2.0; 211
3.0, -6.0, -2.0; 3
4.0, -6.0, -2.0; 3
5.0, -6.0, -2.0; 8
6.0, -6.0, -2.0; 9
7.0, -6.0, -2.0; 4
-9.0, -5.0, -2.0; 23
-8.0, -5.0, -2.0; 26
-7.0, -5.0, -2.0; 1
-6.0, -5.0, -2.0; 2
-2.0, -5.0, -2.0; 1
-1.0, -5.0, -2.0; 2
0.0, -5.0, -2.0; 10
1.0, -5.0, -2.0; 15
2.0, -5.0, -2.0; 76
3.0, -5.0, -2.0; 26
4.0, -5.0, -2.0; 6
5.0, -5.0, -2.0; 1
6.0, -5.0, -2.0; 5
7.0, -5.0, -2.0; 1
8.0, -5.0, -2.0; 1
-10.0, -4.0, -2.0; 7
-9.0, -4.0, -2.0; 28
-8.0, -4.0, -2.0; 14
-7.0, -4.0, -2.0; 8
-6.0, -4.0, -2.0; 7
-5.0, -4.0, -2.0; 21
2.0, -4.0, -2.0; 14
3.0, -4.0, -2.0; 27
4.0, -4.0, -2.0; 5
5.0, -4.0, -2.0; 1
6.0, -4.0, -2.0; 2
7.0, -4.0, -2.0; 1
9.0, -4.0, -2.0; 1
-10.0, -3.0, -2.0; 4
-9.0, -3.0, -2.0; 6
-8.0, -3.0, -2.0; 9
-7.0, -3.0, -2.0; 4
-6.0, -3.0, -2.0; 12
-5.0, -3.0, -2.0; 40
-4.0, -3.0, -2.0; 1
3.0, -3.0, -2.0; 3
4.0, -3.0, -2.0; 1
5.0, -3.0, -2.0; 3
6.0, -3.0, -2.0; 3
7.0, -3.0, -2.0; 1
8.0, -3.0, -2.0; 2
9.0, -3.0, -2.0; 1
-10.0, -2.0, -2.0; 4
-9.0, -2.0, -2.0; 7
-8.0, -2.0, -2.0; 6
-7.0, -2.0, -2.0; 11
-6.0, -2.0, -2.0; 6
-5.0, -2.0, -2.0; 4
5.0, -2.0, -2.0; 3
6.0, -2.0, -2.0; 2
7.0, -2.0, -2.0; 1
8.0, -2.0, -2.0; 1
9.0, -2.0, -2.0; 1
-10.0, -1.0, -2.0; 3
-9.0, -1.0, -2.0; 8
-8.0, -1.0, -2.0; 8
-7.0, -1.0, -2.0; 5
-6.0, -1.0, -2.0; 3
5.0, -1.0, -2.0; 8
6.0, -1.0, -2.0; 2
8.0, -1.0, -2.0; 1
9.0, -1.0, -2.0; 1
-10.0, 0.0, -2.0; 2
-9.0, 0.0, -2.0; 8
-8.0, 0.0, -2.0; 12
-7.0, 0.0, -2.0; 1
-6.0, 0.0, -2.0; 60
-5.0, 0.0, -2.0; 6
5.0, 0.0, -2.0; 5
6.0, 0.0, -2.0; 5
-9.0, 1.0, -2.0; 7
-8.0, 1.0, -2.0; 5
-7.0, 1.0, -2.0; 5
-6.0, 1.0, -2.0; 1372
-5.0, 1.0, -2.0; 113
5.0, 1.0, -2.0; 5
6.0, 1.0, -2.0; 3
7.0, 1.0, -2.0; 1
-10.0, 2.0, -2.0; 2
-9.0, 2.0, -2.0; 16
-8.0, 2.0, -2.0; 4
-7.0, 2.0, -2.0; 11
-6.0, 2.0, -2.0; 69
-5.0, 2.0, -2.0; 33
3.0, 2.0, -2.0; 1
4.0, 2.0, -2.0; 4
5.0, 2.0, -2.0; 1
6.0, 2.0, -2.0; 2
7.0, 2.0, -2.0; 1
8.0, 2.0, -2.0; 1
-10.0, 3.0, -2.0; 1
-9.0, 3.0, -2.0; 11
-8.0, 3.0, -2.0; 11
-7.0, 3.0, -2.0; 3
-6.0, 3.0, -2.0; 40
-5.0, 3.0, -2.0; 6
2.0, 3.0, -2.0; 1
3.0, 3.0, -2.0; 2
4.0, 3.0, -2.0; 13
5.0, 3.0, -2.0; 4
6.0, 3.0, -2.0; 4
7.0, 3.0, -2.0; 3
8.0, 3.0, -2.0; 1
-9.0, 4.0, -2.0; 12
-8.0, 4.0, -2.0; 25
-7.0, 4.0, -2.0; 6
-6.0, 4.0, -2.0; 16
-5.0, 4.0, -2.0; 17
1.0, 4.0, -2.0; 34
2.0, 4.0, -2.0; 31
3.0, 4.0, -2.0; 1
4.0, 4.0, -2.0; 8
5.0, 4.0, -2.0; 3
6.0, 4.0, -2.0; 2
7.0, 4.0, -2.0; 4
8.0, 4.0, -2.0; 3
-8.0, 5.0, -2.0; 13
-7.0, 5.0, -2.0; 11
-6.0, 5.0, -2.0; 2
-5.0, 5.0, -2.0; 1
-4.0, 5.0, -2.0; 2
-3.0, 5.0, -2.0; 1
-2.0, 5.0, -2.0; 1
-1.0, 5.0, -2.0; 4
0.0, 5.0, -2.0; 25
1.0, 5.0, -2.0; 77
2.0, 5.0, -2.0; 16
3.0, 5.0, -2.0; 4
4.0, 5.0, -2.0; 4
5.0, 5.0, -2.0; 2
6.0, 5.0, -2.0; 2
7.0, 5.0, -2.0; 4
-8.0, 6.0, -2.0; 4
-7.0, 6.0, -2.0; 25
-6.0, 6.0, -2.0; 36
-5.0, 6.0, -2.0; 21
-4.0, 6.0, -2.0; 12
-3.0, 6.0, -2.0; 3
-2.0, 6.0, -2.0; 17
-1.0, 6.0, -2.0; 71
0.0, 6.0, -2.0; 177
1.0, 6.0, -2.0; 54
2.0, 6.0, -2.0; 3
3.0, 6.0, -2.0; 9
4.0, 6.0, -2.0; 2
6.0, 6.0, -2.0; 1
7.0, 6.0, -2.0; 2
-7.0, 7.0, -2.0; 5
-6.0, 7.0, -2.0; 15
-5.0, 7.0, -2.0; 53
-4.0, 7.0, -2.0; 18
-3.0, 7.0, -2.0; 5
-1.0, 7.0, -2.0; 4
0.0, 7.0, -2.0; 6
1.0, 7.0, -2.0; 7
2.0, 7.0, -2.0; 20
3.0, 7.0, -2.0; 6
4.0, 7.0, -2.0; 4
-5.0, 8.0, -2.0; 4
-4.0, 8.0, -2.0; 15
-3.0, 8.0, -2.0; 22
-2.0, 8.0, -2.0; 17
-1.0, 8.0, -2.0; 16
0.0, 8.0, -2.0; 9
1.0, 8.0, -2.0; 22
2.0, 8.0, -2.0; 20
3.0, 8.0, -2.0; 9
4.0, 8.0, -2.0; 1
5.0, 8.0, -2.0; 1
-4.0, 9.0, -2.0; 4
-3.0, 9.0, -2.0; 9
-2.0, 9.0, -2.0; 11
-1.0, 9.0, -2.0; 15
0.0, 9.0, -2.0; 40
1.0, 9.0, -2.0; 25
2.0, 9.0, -2.0; 12
3.0, 9.0, -2.0; 1
-5.0, -10.0, -1.0; 3
-4.0, -10.0, -1.0; 21
-3.0, -10.0, -1.0; 28
-2.0, -10.0, -1.0; 37
-1.0, -10.0, -1.0; 38
0.0, -10.0, -1.0; 29
1.0, -10.0, -1.0; 16
2.0, -10.0, -1.0; 2
-6.0, -9.0, -1.0; 16
-5.0, -9.0, -1.0; 29
-4.0, -9.0, -1.0; 17
-3.0, -9.0, -1.0; 4
-2.0, -9.0, -1.0; 9
-1.0, -9.0, -1.0; 19
0.0, -9.0, -1.0; 22
1.0, -9.0, -1.0; 18
2.0, -9.0, -1.0; 10
3.0, -9.0, -1.0; 8
5.0, -9.0, -1.0; 2
-7.0, -8.0, -1.0; 10
-6.0, -8.0, -1.0; 11
-5.0, -8.0, -1.0; 1
-3.0, -8.0, -1.0; 3
-2.0, -8.0, -1.0; 11
-1.0, -8.0, -1.0; 48
0.0, -8.0, -1.0; 24
1.0, -8.0, -1.0; 4
2.0, -8.0, -1.0; 2
3.0, -8.0, -1.0; 5
4.0, -8.0, -1.0; 9
6.0, -8.0, -1.0; 3
-8.0, -7.0, -1.0; 10
-7.0, -7.0, -1.0; 18
-6.0, -7.0, -1.0; 4
-5.0, -7.0, -1.0; 1
-4.0, -7.0, -1.0; 1
-3.0, -7.0, -1.0; 1
-2.0, -7.0, -1.0; 24
-1.0, -7.0, -1.0; 83
0.0, -7.0, -1.0; 157
1.0, -7.0, -1.0; 69
2.0, -7.0, -1.0; 7
3.0, -7.0, -1.0; 5
4.0, -7.0, -1.0; 8
5.0, -7.0, -1.0; 17
6.0, -7.0, -1.0; 1
-9.0, -6.0, -1.0; 2
-8.0, -6.0, -1.0; 32
-7.0, -6.0, -1.0; 8
-6.0, -6.0, -1.0; 3
-2.0, -6.0, -1.0; 3
-1.0, -6.0, -1.0; 27
0.0, -6.0, -1.0; 49
1.0, -6.0, -1.0; 61
2.0, -6.0, -1.0; 41
3.0, -6.0, -1.0; 3
4.0, -6.0, -1.0; 9
5.0, -6.0, -1.0; 3
6.0, -6.0, -1.0; 5
-9.0, -5.0, -1.0; 15
-8.0, -5.0, -1.0; 16
-7.0, -5.0, -1.0; 7
-6.0, -5.0, -1.0; 11
-5.0, -5.0, -1.0; 2
-1.0, -5.0, -1.0; 1
0.0, -5.0, -1.0; 5
1.0, -5.0, -1.0; 5
2.0, -5.0, -1.0; 55
3.0, -5.0, -1.0; 25
4.0, -5.0, -1.0; 4
5.0, -5.0, -1.0; 8
6.0, -5.0, -1.0; 1
7.0, -5.0, -1.0; 1
-10.0, -4.0, -1.0; 13
-9.0, -4.0, -1.0; 25
-8.0, -4.0, -1.0; 18
-7.0, -4.0, -1.0; 20
-6.0, -4.0, -1.0; 7
-5.0, -4.0, -1.0; 5
-4.0, -4.0, -1.0; 1
2.0, -4.0, -1.0; 5
3.0, -4.0, -1.0; 13
4.0, -4.0, -1.0; 5
5.0, -4.0, -1.0; 4
6.0, -4.0, -1.0; 1
7.0, -4.0, -1.0; 2
8.0, -4.0, -1.0; 2
-10.0, -3.0, -1.0; 11
-9.0, -3.0, -1.0; 8
-8.0, -3.0, -1.0; 6
-7.0, -3.0, -1.0; 9
-6.0, -3.0, -1.0; 10
-5.0, -3.0, -1.0; 11
3.0, -3.0, -1.0; 2
5.0, -3.0, -1.0; 3
6.0, -3.0, -1.0; 1
7.0, -3.0, -1.0; 1
-10.0, -2.0, -1.0; 5
-9.0, -2.0, -1.0; 8
-8.0, -2.0, -1.0; 9
-7.0, -2.0, -1.0; 6
-6.0, -2.0, -1.0; 4
-5.0, -2.0, -1.0; 2
5.0, -2.0, -1.0; 1
-10.0, -1.0, -1.0; 4
-9.0, -1.0, -1.0; 8
-8.0, -1.0, -1.0; 8
-7.0, -1.0, -1.0; 4
-6.0, -1.0, -1.0; 3
4.0, -1.0, -1.0; 1
5.0, -1.0, -1.0; 4
-10.0, 0.0, -1.0; 2
-9.0, 0.0, -1.0; 8
-8.0, 0.0, -1.0; 14
-7.0, 0.0, -1.0; 5
-6.0, 0.0, -1.0; 24
-5.0, 0.0, -1.0; 3
5.0, 0.0, -1.0; 3
6.0, 0.0, -1.0; 1
9.0, 0.0, -1.0; 1
-9.0, 1.0, -1.0; 12
-8.0, 1.0, -1.0; 3
-7.0, 1.0, -1.0; 1
-6.0, 1.0, -1.0; 4527
-5.0, 1.0, -1.0; 303
5.0, 1.0, -1.0; 2
6.0, 1.0, -1.0; 1
9.0, 1.0, -1.0; 1
-10.0, 2.0, -1.0; 2
-9.0, 2.0, -1.0; 10
-8.0, 2.0, -1.0; 8
-7.0, 2.0, -1.0; 5
-6.0, 2.0, -1.0; 284
-5.0, 2.0, -1.0; 292
4.0, 2.0, -1.0; 2
5.0, 2.0, -1.0; 3
6.0, 2.0, -1.0; 2
7.0, 2.0, -1.0; 3
-10.0, 3.0, -1.0; 2
-9.0, 3.0, -1.0; 12
-8.0, 3.0, -1.0; 15
-7.0, 3.0, -1.0; 11
-6.0, 3.0, -1.0; 37
-5.0, 3.0, -1.0; 22
4.0, 3.0, -1.0; 7
5.0, 3.0, -1.0; 3
6.0, 3.0, -1.0; 1
7.0, 3.0, -1.0; 1
8.0, 3.0, -1.0; 1
9.0, 3.0, -1.0; 1
-9.0, 4.0, -1.0; 5
-8.0, 4.0, -1.0; 32
-7.0, 4.0, -1.0; 10
-6.0, 4.0, -1.0; 22
-5.0, 4.0, -1.0; 74
-4.0, 4.0, -1.0; 2
1.0, 4.0, -1.0; 8
2.0, 4.0, -1.0; 24
3.0, 4.0, -1.0; 5
4.0, 4.0, -1.0; 10
5.0, 4.0, -1.0; 2
6.0, 4.0, -1.0; 4
7.0, 4.0, -1.0; 1
8.0, 4.0, -1.0; 2
-9.0, 5.0, -1.0; 2
-8.0, 5.0, -1.0; 24
-7.0, 5.0, -1.0; 29
-6.0, 5.0, -1.0; 6
-5.0, 5.0, -1.0; 28
-4.0, 5.0, -1.0; 48
-3.0, 5.0, -1.0; 9
-2.0, 5.0, -1.0; 2
-1.0, 5.0, -1.0; 6
0.0, 5.0, -1.0; 20
1.0, 5.0, -1.0; 56
2.0, 5.0, -1.0; 28
3.0, 5.0, -1.0; 2
4.0, 5.0, -1.0; 8
5.0, 5.0, -1.0; 4
6.0, 5.0, -1.0; 4
7.0, 5.0, -1.0; 2
-8.0, 6.0, -1.0; 10
-7.0, 6.0, -1.0; 192
-6.0, 6.0, -1.0; 1033
-5.0, 6.0, -1.0; 101
-4.0, 6.0, -1.0; 16
-3.0, 6.0, -1.0; 24
-2.0, 6.0, -1.0; 40
-1.0, 6.0, -1.0; 125
0.0, 6.0, -1.0; 203
1.0, 6.0, -1.0; 45
2.0, 6.0, -1.0; 3
3.0, 6.0, -1.0; 5
4.0, 6.0, -1.0; 4
5.0, 6.0, -1.0; 2
6.0, 6.0, -1.0; 1
7.0, 6.0, -1.0; 1
-8.0, 7.0, -1.0; 1
-7.0, 7.0, -1.0; 5
-6.0, 7.0, -1.0; 94
-5.0, 7.0, -1.0; 165
-4.0, 7.0, -1.0; 34
-3.0, 7.0, -1.0; 21
-2.0, 7.0, -1.0; 9
-1.0, 7.0, -1.0; 27
0.0, 7.0, -1.0; 40
1.0, 7.0, -1.0; 8
2.0, 7.0, -1.0; 7
3.0, 7.0, -1.0; 2
4.0, 7.0, -1.0; 8
-6.0, 8.0, -1.0; 2
-5.0, 8.0, -1.0; 9
-4.0, 8.0, -1.0; 17
-3.0, 8.0, -1.0; 26
-2.0, 8.0, -1.0; 16
-1.0, 8.0, -1.0; 15
0.0, 8.0, -1.0; 14
1.0, 8.0, -1.0; 21
2.0, 8.0, -1.0; 17
3.0, 8.0, -1.0; 5
4.0, 8.0, -1.0; 1
5.0, 8.0, -1.0; 1
-5.0, 9.0, -1.0; 1
-4.0, 9.0, -1.0; 1
-3.0, 9.0, -1.0; 6
-2.0, 9.0, -1.0; 19
-1.0, 9.0, -1.0; 24
0.0, 9.0, -1.0; 44
1.0, 9.0, -1.0; 31
2.0, 9.0, -1.0; 9
3.0, 9.0, -1.0; 3
-5.0, -10.0, 0.0; 2
-4.0, -10.0, 0.0; 14
-3.0, -10.0, 0.0; 19
-2.0, -10.0, 0.0; 26
-1.0, -10.0, 0.0; 24
0.0, -10.0, 0.0; 11
1.0, -10.0, 0.0; 6
2.0, -10.0, 0.0; 6
3.0, -10.0, 0.0; 2
-6.0, -9.0, 0.0; 21
-5.0, -9.0, 0.0; 31
-4.0, -9.0, 0.0; 23
-3.0, -9.0, 0.0; 9
-2.0, -9.0, 0.0; 4
-1.0, -9.0, 0.0; 13
0.0, -9.0, 0.0; 13
1.0, -9.0, 0.0; 11
2.0, -9.0, 0.0; 9
4.0, -9.0, 0.0; 2
5.0, -9.0, 0.0; 1
-7.0, -8.0, 0.0; 13
-6.0, -8.0, 0.0; 17
-5.0, -8.0, 0.0; 8
-4.0, -8.0, 0.0; 1
-3.0, -8.0, 0.0; 1
-2.0, -8.0, 0.0; 38
-1.0, -8.0, 0.0; 48
0.0, -8.0, 0.0; 10
1.0, -8.0, 0.0; 9
2.0, -8.0, 0.0; 13
3.0, -8.0, 0.0; 10
4.0, -8.0, 0.0; 1
5.0, -8.0, 0.0; 5
6.0, -8.0, 0.0; 2
-8.0, -7.0, 0.0; 7
-7.0, -7.0, 0.0; 10
-6.0, -7.0, 0.0; 5
-4.0, -7.0, 0.0; 14
-3.0, -7.0, 0.0; 67
-2.0, -7.0, 0.0; 173
-1.0, -7.0, 0.0; 185
0.0, -7.0, 0.0; 118
1.0, -7.0, 0.0; 42
2.0, -7.0, 0.0; 9
3.0, -7.0, 0.0; 20
4.0, -7.0, 0.0; 5
5.0, -7.0, 0.0; 6
6.0, -7.0, 0.0; 5
7.0, -7.0, 0.0; 1
-9.0, -6.0, 0.0; 1
-8.0, -6.0, 0.0; 15
-7.0, -6.0, 0.0; 11
-6.0, -6.0, 0.0; 14
-5.0, -6.0, 0.0; 18
-4.0, -6.0, 0.0; 13
-3.0, -6.0, 0.0; 10
-2.0, -6.0, 0.0; 17
-1.0, -6.0, 0.0; 31
0.0, -6.0, 0.0; 30
1.0, -6.0, 0.0; 40
2.0, -6.0, 0.0; 32
3.0, -6.0, 0.0; 9
4.0, -6.0, 0.0; 12
5.0, -6.0, 0.0; 5
6.0, -6.0, 0.0; 2
7.0, -6.0, 0.0; 1
-9.0, -5.0, 0.0; 9
-8.0, -5.0, 0.0; 22
-7.0, -5.0, 0.0; 4
-6.0, -5.0, 0.0; 73
-5.0, -5.0, 0.0; 4
-4.0, -5.0, 0.0; 9
-3.0, -5.0, 0.0; 8
-2.0, -5.0, 0.0; 4
-1.0, -5.0, 0.0; 2
0.0, -5.0, 0.0; 2
1.0, -5.0, 0.0; 3
2.0, -5.0, 0.0; 41
3.0, -5.0, 0.0; 17
4.0, -5.0, 0.0; 8
5.0, -5.0, 0.0; 6
6.0, -5.0, 0.0; 2
8.0, -5.0, 0.0; 1
-10.0, -4.0, 0.0; 1
-9.0, -4.0, 0.0; 17
-8.0, -4.0, 0.0; 28
-7.0, -4.0, 0.0; 14
-6.0, -4.0, 0.0; 46
-5.0, -4.0, 0.0; 3
2.0, -4.0, 0.0; 4
3.0, -4.0, 0.0; 6
4.0, -4.0, 0.0; 2
5.0, -4.0, 0.0; 6
6.0, -4.0, 0.0; 1
8.0, -4.0, 0.0; 3
-10.0, -3.0, 0.0; 6
-9.0, -3.0, 0.0; 13
-8.0, -3.0, 0.0; 11
-7.0, -3.0, 0.0; 5
-6.0, -3.0, 0.0; 2
-5.0, -3.0, 0.0; 5
3.0, -3.0, 0.0; 2
4.0, -3.0, 0.0; 1
5.0, -3.0, 0.0; 3
8.0, -3.0, 0.0; 1
-10.0, -2.0, 0.0; 3
-9.0, -2.0, 0.0; 8
-8.0, -2.0, 0.0; 7
-7.0, -2.0, 0.0; 4
-6.0, -2.0, 0.0; 6
4.0, -2.0, 0.0; 1
5.0, -2.0, 0.0; 2
8.0, -2.0, 0.0; 1
-10.0, -1.0, 0.0; 7
-9.0, -1.0, 0.0; 6
-8.0, -1.0, 0.0; 8
-7.0, -1.0, 0.0; 6
-6.0, -1.0, 0.0; 10
-5.0, -1.0, 0.0; 3
4.0, -1.0, 0.0; 1
5.0, -1.0, 0.0; 2
-10.0, 0.0, 0.0; 2
-9.0, 0.0, 0.0; 7
-8.0, 0.0, 0.0; 11
-7.0, 0.0, 0.0; 11
-6.0, 0.0, 0.0; 16
-5.0, 0.0, 0.0; 3
5.0
20.8933590521
