5.0, 0.0, 0.0; 6
-10.0, 1.0, 0.0; 2
-9.0, 1.0, 0.0; 5
-8.0, 1.0, 0.0; 6
-7.0, 1.0, 0.0; 1
-6.0, 1.0, 0.0; 151
-5.0, 1.0, 0.0; 47
5.0, 1.0, 0.0; 3
6.0, 1.0, 0.0; 3
8.0, 1.0, 0.0; 1
9.0, 1.0, 0.0; 1
-10.0, 2.0, 0.0; 2
-9.0, 2.0, 0.0; 19
-8.0, 2.0, 0.0; 7
-7.0, 2.0, 0.0; 7
-6.0, 2.0, 0.0; 122
-5.0, 2.0, 0.0; 279
4.0, 2.0, 0.0; 1
5.0, 2.0, 0.0; 8
6.0, 2.0, 0.0; 1
8.0, 2.0, 0.0; 1
-10.0, 3.0, 0.0; 1
-9.0, 3.0, 0.0; 16
-8.0, 3.0, 0.0; 33
-7.0, 3.0, 0.0; 21
-6.0, 3.0, 0.0; 13
-5.0, 3.0, 0.0; 83
-4.0, 3.0, 0.0; 1
1.0, 3.0, 0.0; 1
2.0, 3.0, 0.0; 1
3.0, 3.0, 0.0; 1
4.0, 3.0, 0.0; 5
5.0, 3.0, 0.0; 6
6.0, 3.0, 0.0; 2
7.0, 3.0, 0.0; 1
-9.0, 4.0, 0.0; 7
-8.0, 4.0, 0.0; 35
-7.0, 4.0, 0.0; 64
-6.0, 4.0, 0.0; 23
-5.0, 4.0, 0.0; 49
-4.0, 4.0, 0.0; 24
-2.0, 4.0, 0.0; 1
1.0, 4.0, 0.0; 5
2.0, 4.0, 0.0; 7
3.0, 4.0, 0.0; 14
4.0, 4.0, 0.0; 19
5.0, 4.0, 0.0; 4
6.0, 4.0, 0.0; 3
7.0, 4.0, 0.0; 4
8.0, 4.0, 0.0; 3
-9.0, 5.0, 0.0; 4
-8.0, 5.0, 0.0; 13
-7.0, 5.0, 0.0; 49
-6.0, 5.0, 0.0; 22
-5.0, 5.0, 0.0; 22
-4.0, 5.0, 0.0; 50
-3.0, 5.0, 0.0; 55
-2.0, 5.0, 0.0; 44
-1.0, 5.0, 0.0; 52
0.0, 5.0, 0.0; 36
1.0, 5.0, 0.0; 66
2.0, 5.0, 0.0; 12
3.0, 5.0, 0.0; 18
4.0, 5.0, 0.0; 9
5.0, 5.0, 0.0; 4
6.0, 5.0, 0.0; 10
7.0, 5.0, 0.0; 1
8.0, 5.0, 0.0; 3
-8.0, 6.0, 0.0; 10
-7.0, 6.0, 0.0; 125
-6.0, 6.0, 0.0; 919
-5.0, 6.0, 0.0; 117
-4.0, 6.0, 0.0; 25
-3.0, 6.0, 0.0; 58
-2.0, 6.0, 0.0; 104
-1.0, 6.0, 0.0; 111
0.0, 6.0, 0.0; 135
1.0, 6.0, 0.0; 30
2.0, 6.0, 0.0; 5
3.0, 6.0, 0.0; 9
4.0, 6.0, 0.0; 9
5.0, 6.0, 0.0; 3
7.0, 6.0, 0.0; 2
-7.0, 7.0, 0.0; 8
-6.0, 7.0, 0.0; 38
-5.0, 7.0, 0.0; 107
-4.0, 7.0, 0.0; 24
-3.0, 7.0, 0.0; 9
-2.0, 7.0, 0.0; 33
-1.0, 7.0, 0.0; 119
0.0, 7.0, 0.0; 44
1.0, 7.0, 0.0; 12
2.0, 7.0, 0.0; 27
3.0, 7.0, 0.0; 12
4.0, 7.0, 0.0; 3
5.0, 7.0, 0.0; 1
-6.0, 8.0, 0.0; 1
-5.0, 8.0, 0.0; 15
-4.0, 8.0, 0.0; 18
-3.0, 8.0, 0.0; 17
-2.0, 8.0, 0.0; 16
-1.0, 8.0, 0.0; 20
0.0, 8.0, 0.0; 15
1.0, 8.0, 0.0; 28
2.0, 8.0, 0.0; 25
3.0, 8.0, 0.0; 18
4.0, 8.0, 0.0; 2
-5.0, 9.0, 0.0; 1
-4.0, 9.0, 0.0; 11
-3.0, 9.0, 0.0; 28
-2.0, 9.0, 0.0; 36
-1.0, 9.0, 0.0; 46
0.0, 9.0, 0.0; 35
1.0, 9.0, 0.0; 17
2.0, 9.0, 0.0; 15
3.0, 9.0, 0.0; 1
-4.0, -10.0, 1.0; 5
-3.0, -10.0, 1.0; 14
-2.0, -10.0, 1.0; 18
-1.0, -10.0, 1.0; 10
0.0, -10.0, 1.0; 10
1.0, -10.0, 1.0; 3
2.0, -10.0, 1.0; 1
3.0, -10.0, 1.0; 1
-6.0, -9.0, 1.0; 6
-5.0, -9.0, 1.0; 26
-4.0, -9.0, 1.0; 23
-3.0, -9.0, 1.0; 16
-2.0, -9.0, 1.0; 6
-1.0, -9.0, 1.0; 25
0.0, -9.0, 1.0; 7
1.0, -9.0, 1.0; 9
2.0, -9.0, 1.0; 7
3.0, -9.0, 1.0; 4
4.0, -9.0, 1.0; 5
5.0, -9.0, 1.0; 1
-7.0, -8.0, 1.0; 14
-6.0, -8.0, 1.0; 21
-5.0, -8.0, 1.0; 12
-4.0, -8.0, 1.0; 5
-3.0, -8.0, 1.0; 2
-2.0, -8.0, 1.0; 3
-1.0, -8.0, 1.0; 17
0.0, -8.0, 1.0; 20
1.0, -8.0, 1.0; 15
2.0, -8.0, 1.0; 12
3.0, -8.0, 1.0; 4
4.0, -8.0, 1.0; 8
5.0, -8.0, 1.0; 6
6.0, -8.0, 1.0; 3
-8.0, -7.0, 1.0; 3
-7.0, -7.0, 1.0; 18
-6.0, -7.0, 1.0; 12
-4.0, -7.0, 1.0; 38
-3.0, -7.0, 1.0; 109
-2.0, -7.0, 1.0; 116
-1.0, -7.0, 1.0; 74
0.0, -7.0, 1.0; 25
1.0, -7.0, 1.0; 16
2.0, -7.0, 1.0; 15
3.0, -7.0, 1.0; 12
4.0, -7.0, 1.0; 5
5.0, -7.0, 1.0; 3
7.0, -7.0, 1.0; 1
-9.0, -6.0, 1.0; 1
-8.0, -6.0, 1.0; 14
-7.0, -6.0, 1.0; 18
-6.0, -6.0, 1.0; 1
-5.0, -6.0, 1.0; 105
-4.0, -6.0, 1.0; 149
-3.0, -6.0, 1.0; 86
-2.0, -6.0, 1.0; 56
-1.0, -6.0, 1.0; 47
0.0, -6.0, 1.0; 22
1.0, -6.0, 1.0; 33
2.0, -6.0, 1.0; 29
3.0, -6.0, 1.0; 7
4.0, -6.0, 1.0; 3
5.0, -6.0, 1.0; 3
6.0, -6.0, 1.0; 2
8.0, -6.0, 1.0; 1
-9.0, -5.0, 1.0; 7
-8.0, -5.0, 1.0; 48
-7.0, -5.0, 1.0; 10
-6.0, -5.0, 1.0; 72
-5.0, -5.0, 1.0; 100
-4.0, -5.0, 1.0; 8
-3.0, -5.0, 1.0; 7
-2.0, -5.0, 1.0; 5
-1.0, -5.0, 1.0; 2
0.0, -5.0, 1.0; 6
1.0, -5.0, 1.0; 13
2.0, -5.0, 1.0; 29
3.0, -5.0, 1.0; 12
4.0, -5.0, 1.0; 1
5.0, -5.0, 1.0; 2
6.0, -5.0, 1.0; 2
8.0, -5.0, 1.0; 1
-9.0, -4.0, 1.0; 17
-8.0, -4.0, 1.0; 38
-7.0, -4.0, 1.0; 1
-6.0, -4.0, 1.0; 48
-5.0, -4.0, 1.0; 11
-4.0, -4.0, 1.0; 1
-2.0, -4.0, 1.0; 1
1.0, -4.0, 1.0; 2
2.0, -4.0, 1.0; 3
3.0, -4.0, 1.0; 7
4.0, -4.0, 1.0; 1
6.0, -4.0, 1.0; 3
-10.0, -3.0, 1.0; 4
-9.0, -3.0, 1.0; 11
-8.0, -3.0, 1.0; 24
-7.0, -3.0, 1.0; 1
-6.0, -3.0, 1.0; 4
-5.0, -3.0, 1.0; 1
-4.0, -3.0, 1.0; 1
5.0, -3.0, 1.0; 2
-10.0, -2.0, 1.0; 8
-9.0, -2.0, 1.0; 13
-8.0, -2.0, 1.0; 10
-7.0, -2.0, 1.0; 6
-6.0, -2.0, 1.0; 11
-5.0, -2.0, 1.0; 13
-4.0, -2.0, 1.0; 1
4.0, -2.0, 1.0; 2
5.0, -2.0, 1.0; 3
6.0, -2.0, 1.0; 1
-10.0, -1.0, 1.0; 10
-9.0, -1.0, 1.0; 3
-8.0, -1.0, 1.0; 8
-7.0, -1.0, 1.0; 14
-6.0, -1.0, 1.0; 11
-5.0, -1.0, 1.0; 3
5.0, -1.0, 1.0; 1
-10.0, 0.0, 1.0; 15
-9.0, 0.0, 1.0; 5
-8.0, 0.0, 1.0; 10
-7.0, 0.0, 1.0; 12
-6.0, 0.0, 1.0; 24
5.0, 0.0, 1.0; 5
-10.0, 1.0, 1.0; 5
-9.0, 1.0, 1.0; 2
-8.0, 1.0, 1.0; 8
-7.0, 1.0, 1.0; 1
-6.0, 1.0, 1.0; 23
-5.0, 1.0, 1.0; 21
4.0, 1.0, 1.0; 1
5.0, 1.0, 1.0; 4
6.0, 1.0, 1.0; 1
9.0, 1.0, 1.0; 2
-10.0, 2.0, 1.0; 1
-9.0, 2.0, 1.0; 8
-8.0, 2.0, 1.0; 31
-7.0, 2.0, 1.0; 4
-6.0, 2.0, 1.0; 29
-5.0, 2.0, 1.0; 76
-4.0, 2.0, 1.0; 3
4.0, 2.0, 1.0; 3
5.0, 2.0, 1.0; 5
6.0, 2.0, 1.0; 2
7.0, 2.0, 1.0; 1
8.0, 2.0, 1.0; 1
-10.0, 3.0, 1.0; 3
-9.0, 3.0, 1.0; 6
-8.0, 3.0, 1.0; 32
-7.0, 3.0, 1.0; 25
-6.0, 3.0, 1.0; 13
-5.0, 3.0, 1.0; 23
-4.0, 3.0, 1.0; 25
-3.0, 3.0, 1.0; 1
2.0, 3.0, 1.0; 2
3.0, 3.0, 1.0; 4
4.0, 3.0, 1.0; 13
5.0, 3.0, 1.0; 2
6.0, 3.0, 1.0; 3
7.0, 3.0, 1.0; 4
-9.0, 4.0, 1.0; 7
-8.0, 4.0, 1.0; 26
-7.0, 4.0, 1.0; 56
-6.0, 4.0, 1.0; 54
-5.0, 4.0, 1.0; 25
-4.0, 4.0, 1.0; 48
-3.0, 4.0, 1.0; 55
-2.0, 4.0, 1.0; 26
-1.0, 4.0, 1.0; 3
0.0, 4.0, 1.0; 8
1.0, 4.0, 1.0; 38
2.0, 4.0, 1.0; 8
3.0, 4.0, 1.0; 28
4.0, 4.0, 1.0; 13
5.0, 4.0, 1.0; 2
6.0, 4.0, 1.0; 5
7.0, 4.0, 1.0; 6
8.0, 4.0, 1.0; 1
-9.0, 5.0, 1.0; 2
-8.0, 5.0, 1.0; 12
-7.0, 5.0, 1.0; 33
-6.0, 5.0, 1.0; 33
-5.0, 5.0, 1.0; 28
-4.0, 5.0, 1.0; 120
-3.0, 5.0, 1.0; 1443
-2.0, 5.0, 1.0; 613
-1.0, 5.0, 1.0; 55
0.0, 5.0, 1.0; 38
1.0, 5.0, 1.0; 32
2.0, 5.0, 1.0; 6
3.0, 5.0, 1.0; 11
4.0, 5.0, 1.0; 14
5.0, 5.0, 1.0; 5
6.0, 5.0, 1.0; 11
7.0, 5.0, 1.0; 1
-8.0, 6.0, 1.0; 6
-7.0, 6.0, 1.0; 31
-6.0, 6.0, 1.0; 59
-5.0, 6.0, 1.0; 35
-4.0, 6.0, 1.0; 41
-3.0, 6.0, 1.0; 80
-2.0, 6.0, 1.0; 98
-1.0, 6.0, 1.0; 56
0.0, 6.0, 1.0; 23
1.0, 6.0, 1.0; 6
2.0, 6.0, 1.0; 12
3.0, 6.0, 1.0; 12
4.0, 6.0, 1.0; 9
5.0, 6.0, 1.0; 4
6.0, 6.0, 1.0; 2
7.0, 6.0, 1.0; 2
-7.0, 7.0, 1.0; 3
-6.0, 7.0, 1.0; 25
-5.0, 7.0, 1.0; 27
-4.0, 7.0, 1.0; 10
-3.0, 7.0, 1.0; 9
-2.0, 7.0, 1.0; 14
-1.0, 7.0, 1.0; 23
0.0, 7.0, 1.0; 13
1.0, 7.0, 1.0; 20
2.0, 7.0, 1.0; 21
3.0, 7.0, 1.0; 8
4.0, 7.0, 1.0; 1
5.0, 7.0, 1.0; 1
-6.0, 8.0, 1.0; 6
-5.0, 8.0, 1.0; 12
-4.0, 8.0, 1.0; 19
-3.0, 8.0, 1.0; 24
-2.0, 8.0, 1.0; 21
-1.0, 8.0, 1.0; 24
0.0, 8.0, 1.0; 18
1.0, 8.0, 1.0; 16
2.0, 8.0, 1.0; 18
3.0, 8.0, 1.0; 1
4.0, 8.0, 1.0; 2
-4.0, 9.0, 1.0; 4
-3.0, 9.0, 1.0; 14
-2.0, 9.0, 1.0; 21
-1.0, 9.0, 1.0; 28
0.0, 9.0, 1.0; 14
1.0, 9.0, 1.0; 15
2.0, 9.0, 1.0; 4
-3.0, -10.0, 2.0; 2
-2.0, -10.0, 2.0; 9
-1.0, -10.0, 2.0; 1
0.0, -10.0, 2.0; 3
1.0, -10.0, 2.0; 1
2.0, -10.0, 2.0; 2
-5.0, -9.0, 2.0; 10
-4.0, -9.0, 2.0; 19
-3.0, -9.0, 2.0; 26
-2.0, -9.0, 2.0; 19
-1.0, -9.0, 2.0; 24
0.0, -9.0, 2.0; 9
1.0, -9.0, 2.0; 3
2.0, -9.0, 2.0; 5
3.0, -9.0, 2.0; 4
4.0, -9.0, 2.0; 3
5.0, -9.0, 2.0; 1
-7.0, -8.0, 2.0; 1
-6.0, -8.0, 2.0; 25
-5.0, -8.0, 2.0; 26
-4.0, -8.0, 2.0; 14
-3.0, -8.0, 2.0; 9
-2.0, -8.0, 2.0; 5
-1.0, -8.0, 2.0; 14
0.0, -8.0, 2.0; 12
1.0, -8.0, 2.0; 13
2.0, -8.0, 2.0; 5
3.0, -8.0, 2.0; 2
4.0, -8.0, 2.0; 3
5.0, -8.0, 2.0; 2
6.0, -8.0, 2.0; 1
-8.0, -7.0, 2.0; 1
-7.0, -7.0, 2.0; 8
-6.0, -7.0, 2.0; 25
-5.0, -7.0, 2.0; 7
-4.0, -7.0, 2.0; 2
-3.0, -7.0, 2.0; 12
-2.0, -7.0, 2.0; 8
-1.0, -7.0, 2.0; 13
0.0, -7.0, 2.0; 16
1.0, -7.0, 2.0; 12
2.0, -7.0, 2.0; 7
3.0, -7.0, 2.0; 2
4.0, -7.0, 2.0; 2
5.0, -7.0, 2.0; 3
6.0, -7.0, 2.0; 2
7.0, -7.0, 2.0; 1
-8.0, -6.0, 2.0; 4
-7.0, -6.0, 2.0; 27
-6.0, -6.0, 2.0; 26
-5.0, -6.0, 2.0; 5
-4.0, -6.0, 2.0; 81
-3.0, -6.0, 2.0; 101
-2.0, -6.0, 2.0; 52
-1.0, -6.0, 2.0; 15
0.0, -6.0, 2.0; 13
1.0, -6.0, 2.0; 11
2.0, -6.0, 2.0; 7
3.0, -6.0, 2.0; 1
4.0, -6.0, 2.0; 4
5.0, -6.0, 2.0; 3
7.0, -6.0, 2.0; 1
-9.0, -5.0, 2.0; 2
-8.0, -5.0, 2.0; 24
-7.0, -5.0, 2.0; 36
-5.0, -5.0, 2.0; 59
-4.0, -5.0, 2.0; 99
-3.0, -5.0, 2.0; 28
-2.0, -5.0, 2.0; 2
-1.0, -5.0, 2.0; 1
0.0, -5.0, 2.0; 3
1.0, -5.0, 2.0; 17
2.0, -5.0, 2.0; 7
3.0, -5.0, 2.0; 3
4.0, -5.0, 2.0; 2
5.0, -5.0, 2.0; 1
7.0, -5.0, 2.0; 1
-9.0, -4.0, 2.0; 5
-8.0, -4.0, 2.0; 38
-7.0, -4.0, 2.0; 19
-6.0, -4.0, 2.0; 4
-5.0, -4.0, 2.0; 21
-4.0, -4.0, 2.0; 9
-3.0, -4.0, 2.0; 4
-2.0, -4.0, 2.0; 3
-1.0, -4.0, 2.0; 2
1.0, -4.0, 2.0; 5
2.0, -4.0, 2.0; 7
3.0, -4.0, 2.0; 2
4.0, -4.0, 2.0; 1
5.0, -4.0, 2.0; 2
-10.0, -3.0, 2.0; 1
-9.0, -3.0, 2.0; 7
-8.0, -3.0, 2.0; 20
-7.0, -3.0, 2.0; 17
-6.0, -3.0, 2.0; 4
-5.0, -3.0, 2.0; 8
-4.0, -3.0, 2.0; 12
-3.0, -3.0, 2.0; 1
0.0, -3.0, 2.0; 1
3.0, -3.0, 2.0; 4
4.0, -3.0, 2.0; 1
6.0, -3.0, 2.0; 1
7.0, -3.0, 2.0; 1
-10.0, -2.0, 2.0; 4
-9.0, -2.0, 2.0; 8
-8.0, -2.0, 2.0; 9
-7.0, -2.0, 2.0; 16
-6.0, -2.0, 2.0; 2
-5.0, -2.0, 2.0; 14
-4.0, -2.0, 2.0; 7
3.0, -2.0, 2.0; 1
4.0, -2.0, 2.0; 3
5.0, -2.0, 2.0; 2
6.0, -2.0, 2.0; 1
-10.0, -1.0, 2.0; 9
-9.0, -1.0, 2.0; 7
-8.0, -1.0, 2.0; 7
-7.0, -1.0, 2.0; 16
-6.0, -1.0, 2.0; 21
-5.0, -1.0, 2.0; 8
-4.0, -1.0, 2.0; 4
2.0, -1.0, 2.0; 1
3.0, -1.0, 2.0; 1
4.0, -1.0, 2.0; 1
5.0, -1.0, 2.0; 2
6.0, -1.0, 2.0; 1
-10.0, 0.0, 2.0; 17
-9.0, 0.0, 2.0; 9
-8.0, 0.0, 2.0; 7
-7.0, 0.0, 2.0; 7
-6.0, 0.0, 2.0; 30
-5.0, 0.0, 2.0; 17
4.0, 0.0, 2.0; 1
5.0, 0.0, 2.0; 2
-10.0, 1.0, 2.0; 8
-9.0, 1.0, 2.0; 7
-8.0, 1.0, 2.0; 8
-7.0, 1.0, 2.0; 7
-6.0, 1.0, 2.0; 15
-5.0, 1.0, 2.0; 392
-4.0, 1.0, 2.0; 451
-3.0, 1.0, 2.0; 1
2.0, 1.0, 2.0; 1
3.0, 1.0, 2.0; 4
4.0, 1.0, 2.0; 8
-10.0, 2.0, 2.0; 2
-9.0, 2.0, 2.0; 13
-8.0, 2.0, 2.0; 14
-7.0, 2.0, 2.0; 14
-6.0, 2.0, 2.0; 3
-5.0, 2.0, 2.0; 378
-4.0, 2.0, 2.0; 2019
-3.0, 2.0, 2.0; 20
1.0, 2.0, 2.0; 2
2.0, 2.0, 2.0; 2
3.0, 2.0, 2.0; 6
4.0, 2.0, 2.0; 9
5.0, 2.0, 2.0; 4
6.0, 2.0, 2.0; 3
7.0, 2.0, 2.0; 1
-9.0, 3.0, 2.0; 6
-8.0, 3.0, 2.0; 23
-7.0, 3.0, 2.0; 32
-6.0, 3.0, 2.0; 18
-5.0, 3.0, 2.0; 20
-4.0, 3.0, 2.0; 96
-3.0, 3.0, 2.0; 40
-2.0, 3.0, 2.0; 4
-1.0, 3.0, 2.0; 1
0.0, 3.0, 2.0; 2
1.0, 3.0, 2.0; 32
2.0, 3.0, 2.0; 9
3.0, 3.0, 2.0; 28
4.0, 3.0, 2.0; 5
5.0, 3.0, 2.0; 3
6.0, 3.0, 2.0; 7
7.0, 3.0, 2.0; 1
-9.0, 4.0, 2.0; 6
-8.0, 4.0, 2.0; 16
-7.0, 4.0, 2.0; 49
-6.0, 4.0, 2.0; 37
-5.0, 4.0, 2.0; 24
-4.0, 4.0, 2.0; 36
-3.0, 4.0, 2.0; 97
-2.0, 4.0, 2.0; 83
-1.0, 4.0, 2.0; 46
0.0, 4.0, 2.0; 22
1.0, 4.0, 2.0; 58
2.0, 4.0, 2.0; 19
3.0, 4.0, 2.0; 52
4.0, 4.0, 2.0; 8
5.0, 4.0, 2.0; 4
6.0, 4.0, 2.0; 5
7.0, 4.0, 2.0; 4
8.0, 4.0, 2.0; 1
-9.0, 5.0, 2.0; 2
-8.0, 5.0, 2.0; 31
-7.0, 5.0, 2.0; 8
-6.0, 5.0, 2.0; 25
-5.0, 5.0, 2.0; 18
-4.0, 5.0, 2.0; 39
-3.0, 5.0, 2.0; 139
-2.0, 5.0, 2.0; 183
-1.0, 5.0, 2.0; 30
0.0, 5.0, 2.0; 19
1.0, 5.0, 2.0; 4
2.0, 5.0, 2.0; 8
3.0, 5.0, 2.0; 9
4.0, 5.0, 2.0; 4
5.0, 5.0, 2.0; 2
6.0, 5.0, 2.0; 7
7.0, 5.0, 2.0; 2
8.0, 5.0, 2.0; 1
-8.0, 6.0, 2.0; 2
-7.0, 6.0, 2.0; 19
-6.0, 6.0, 2.0; 21
-5.0, 6.0, 2.0; 29
-4.0, 6.0, 2.0; 9
-3.0, 6.0, 2.0; 32
-2.0, 6.0, 2.0; 16
-1.0, 6.0, 2.0; 6
0.0, 6.0, 2.0; 8
1.0, 6.0, 2.0; 7
2.0, 6.0, 2.0; 18
3.0, 6.0, 2.0; 5
4.0, 6.0, 2.0; 4
-7.0, 7.0, 2.0; 2
-6.0, 7.0, 2.0; 12
-5.0, 7.0, 2.0; 27
-4.0, 7.0, 2.0; 30
-3.0, 7.0, 2.0; 15
-2.0, 7.0, 2.0; 9
-1.0, 7.0, 2.0; 23
0.0, 7.0, 2.0; 28
1.0, 7.0, 2.0; 19
2.0, 7.0, 2.0; 13
3.0, 7.0, 2.0; 4
-6.0, 8.0, 2.0; 1
-5.0, 8.0, 2.0; 14
-4.0, 8.0, 2.0; 40
-3.0, 8.0, 2.0; 32
-2.0, 8.0, 2.0; 26
-1.0, 8.0, 2.0; 27
0.0, 8.0, 2.0; 22
1.0, 8.0, 2.0; 10
2.0, 8.0, 2.0; 11
3.0, 8.0, 2.0; 1
4.0, 8.0, 2.0; 2
-4.0, 9.0, 2.0; 4
-3.0, 9.0, 2.0; 8
-2.0, 9.0, 2.0; 16
-1.0, 9.0, 2.0; 8
0.0, 9.0, 2.0; 11
1.0, 9.0, 2.0; 3
2.0, 9.0, 2.0; 1
-2.0, -10.0, 3.0; 3
-1.0, -10.0, 3.0; 2
-5.0, -9.0, 3.0; 2
-4.0, -9.0, 3.0; 4
-3.0, -9.0, 3.0; 14
-2.0, -9.0, 3.0; 12
-1.0, -9.0, 3.0; 13
0.0, -9.0, 3.0; 8
2.0, -9.0, 3.0; 2
3.0, -9.0, 3.0; 1
4.0, -9.0, 3.0; 3
-7.0, -8.0, 3.0; 2
-6.0, -8.0, 3.0; 10
-5.0, -8.0, 3.0; 24
-4.0, -8.0, 3.0; 25
-3.0, -8.0, 3.0; 20
-2.0, -8.0, 3.0; 18
-1.0, -8.0, 3.0; 18
0.0, -8.0, 3.0; 13
1.0, -8.0, 3.0; 7
2.0, -8.0, 3.0; 4
3.0, -8.0, 3.0; 4
4.0, -8.0, 3.0; 4
5.0, -8.0, 3.0; 1
-7.0, -7.0, 3.0; 8
-6.0, -7.0, 3.0; 15
-5.0, -7.0, 3.0; 21
-4.0, -7.0, 3.0; 16
-3.0, -7.0, 3.0; 5
-2.0, -7.0, 3.0; 7
-1.0, -7.0, 3.0; 7
0.0, -7.0, 3.0; 9
1.0, -7.0, 3.0; 3
2.0, -7.0, 3.0; 5
3.0, -7.0, 3.0; 1
4.0, -7.0, 3.0; 2
5.0, -7.0, 3.0; 3
-7.0, -6.0, 3.0; 9
-6.0, -6.0, 3.0; 27
-5.0, -6.0, 3.0; 17
-4.0, -6.0, 3.0; 1
-3.0, -6.0, 3.0; 4
-2.0, -6.0, 3.0; 4
-1.0, -6.0, 3.0; 4
0.0, -6.0, 3.0; 9
1.0, -6.0, 3.0; 6
2.0, -6.0, 3.0; 5
3.0, -6.0, 3.0; 2
5.0, -6.0, 3.0; 3
6.0, -6.0, 3.0; 4
-9.0, -5.0, 3.0; 1
-8.0, -5.0, 3.0; 8
-7.0, -5.0, 3.0; 16
-6.0, -5.0, 3.0; 12
-5.0, -5.0, 3.0; 8
-4.0, -5.0, 3.0; 1
-3.0, -5.0, 3.0; 8
-2.0, -5.0, 3.0; 4
-1.0, -5.0, 3.0; 3
0.0, -5.0, 3.0; 6
1.0, -5.0, 3.0; 8
2.0, -5.0, 3.0; 2
3.0, -5.0, 3.0; 1
4.0, -5.0, 3.0; 1
5.0, -5.0, 3.0; 2
-9.0, -4.0, 3.0; 4
-8.0, -4.0, 3.0; 3
-7.0, -4.0, 3.0; 20
-6.0, -4.0, 3.0; 13
-5.0, -4.0, 3.0; 2
-4.0, -4.0, 3.0; 4
-3.0, -4.0, 3.0; 7
-2.0, -4.0, 3.0; 7
-1.0, -4.0, 3.0; 3
0.0, -4.0, 3.0; 4
1.0, -4.0, 3.0; 7
2.0, -4.0, 3.0; 10
3.0, -4.0, 3.0; 6
4.0, -4.0, 3.0; 2
5.0, -4.0, 3.0; 3
8.0, -4.0, 3.0; 1
-9.0, -3.0, 3.0; 3
-8.0, -3.0, 3.0; 4
-7.0, -3.0, 3.0; 13
-6.0, -3.0, 3.0; 19
-5.0, -3.0, 3.0; 5
-4.0, -3.0, 3.0; 7
-3.0, -3.0, 3.0; 17
-2.0, -3.0, 3.0; 4
-1.0, -3.0, 3.0; 3
0.0, -3.0, 3.0; 3
1.0, -3.0, 3.0; 3
2.0, -3.0, 3.0; 1
3.0, -3.0, 3.0; 7
4.0, -3.0, 3.0; 2
8.0, -3.0, 3.0; 1
-9.0, -2.0, 3.0; 10
-8.0, -2.0, 3.0; 7
-7.0, -2.0, 3.0; 12
-6.0, -2.0, 3.0; 37
-5.0, -2.0, 3.0; 24
-4.0, -2.0, 3.0; 7
-3.0, -2.0, 3.0; 3
-2.0, -2.0, 3.0; 2
-1.0, -2.0, 3.0; 1
1.0, -2.0, 3.0; 1
3.0, -2.0, 3.0; 1
5.0, -2.0, 3.0; 1
-10.0, -1.0, 3.0; 3
-9.0, -1.0, 3.0; 6
-8.0, -1.0, 3.0; 8
-7.0, -1.0, 3.0; 5
-6.0, -1.0, 3.0; 14
-5.0, -1.0, 3.0; 9
-4.0, -1.0, 3.0; 7
-3.0, -1.0, 3.0; 4
-2.0, -1.0, 3.0; 2
1.0, -1.0, 3.0; 2
2.0, -1.0, 3.0; 7
3.0, -1.0, 3.0; 3
4.0, -1.0, 3.0; 1
7.0, -1.0, 3.0; 1
-10.0, 0.0, 3.0; 4
-9.0, 0.0, 3.0; 23
-8.0, 0.0, 3.0; 4
-7.0, 0.0, 3.0; 9
-6.0, 0.0, 3.0; 5
-5.0, 0.0, 3.0; 20
-4.0, 0.0, 3.0; 15
-3.0, 0.0, 3.0; 4
1.0, 0.0, 3.0; 1
2.0, 0.0, 3.0; 2
3.0, 0.0, 3.0; 6
4.0, 0.0, 3.0; 2
-10.0, 1.0, 3.0; 4
-9.0, 1.0, 3.0; 18
-8.0, 1.0, 3.0; 17
-7.0, 1.0, 3.0; 6
-6.0, 1.0, 3.0; 4
-5.0, 1.0, 3.0; 23
-4.0, 1.0, 3.0; 151
-3.0, 1.0, 3.0; 47
-2.0, 1.0, 3.0; 2
-1.0, 1.0, 3.0; 1
1.0, 1.0, 3.0; 2
2.0, 1.0, 3.0; 8
3.0, 1.0, 3.0; 19
4.0, 1.0, 3.0; 5
-9.0, 2.0, 3.0; 13
-8.0, 2.0, 3.0; 20
-7.0, 2.0, 3.0; 16
-6.0, 2.0, 3.0; 11
-5.0, 2.0, 3.0; 6
-4.0, 2.0, 3.0; 195
-3.0, 2.0, 3.0; 100
-2.0, 2.0, 3.0; 13
-1.0, 2.0, 3.0; 9
0.0, 2.0, 3.0; 6
1.0, 2.0, 3.0; 11
2.0, 2.0, 3.0; 5
3.0, 2.0, 3.0; 7
4.0, 2.0, 3.0; 5
5.0, 2.0, 3.0; 2
6.0, 2.0, 3.0; 2
7.0, 2.0, 3.0; 1
8.0, 2.0, 3.0; 1
-9.0, 3.0, 3.0; 4
-8.0, 3.0, 3.0; 14
-7.0, 3.0, 3.0; 19
-6.0, 3.0, 3.0; 25
-5.0, 3.0, 3.0; 4
-4.0, 3.0, 3.0; 16
-3.0, 3.0, 3.0; 35
-2.0, 3.0, 3.0; 29
-1.0, 3.0, 3.0; 13
0.0, 3.0, 3.0; 21
1.0, 3.0, 3.0; 26
2.0, 3.0, 3.0; 35
3.0, 3.0, 3.0; 19
4.0, 3.0, 3.0; 1
6.0, 3.0, 3.0; 5
7.0, 3.0, 3.0; 1
-9.0, 4.0, 3.0; 4
-8.0, 4.0, 3.0; 15
-7.0, 4.0, 3.0; 31
-6.0, 4.0, 3.0; 18
-5.0, 4.0, 3.0; 16
-4.0, 4.0, 3.0; 4
-3.0, 4.0, 3.0; 17
-2.0, 4.0, 3.0; 18
-1.0, 4.0, 3.0; 15
0.0, 4.0, 3.0; 6
1.0, 4.0, 3.0; 6
2.0, 4.0, 3.0; 45
3.0, 4.0, 3.0; 16
4.0, 4.0, 3.0; 2
5.0, 4.0, 3.0; 3
6.0, 4.0, 3.0; 2
7.0, 4.0, 3.0; 3
-8.0, 5.0, 3.0; 29
-7.0, 5.0, 3.0; 19
-6.0, 5.0, 3.0; 30
-5.0, 5.0, 3.0; 27
-4.0, 5.0, 3.0; 8
-3.0, 5.0, 3.0; 5
-2.0, 5.0, 3.0; 7
-1.0, 5.0, 3.0; 4
0.0, 5.0, 3.0; 3
1.0, 5.0, 3.0; 10
2.0, 5.0, 3.0; 7
3.0, 5.0, 3.0; 9
4.0, 5.0, 3.0; 4
5.0, 5.0, 3.0; 6
6.0, 5.0, 3.0; 3
-8.0, 6.0, 3.0; 3
-7.0, 6.0, 3.0; 9
-6.0, 6.0, 3.0; 16
-5.0, 6.0, 3.0; 33
-4.0, 6.0, 3.0; 20
-3.0, 6.0, 3.0; 15
-2.0, 6.0, 3.0; 12
-1.0, 6.0, 3.0; 11
0.0, 6.0, 3.0; 11
1.0, 6.0, 3.0; 18
2.0, 6.0, 3.0; 6
3.0, 6.0, 3.0; 8
4.0, 6.0, 3.0; 2
5.0, 6.0, 3.0; 2
6.0, 6.0, 3.0; 2
-6.0, 7.0, 3.0; 11
-5.0, 7.0, 3.0; 32
-4.0, 7.0, 3.0; 37
-3.0, 7.0, 3.0; 28
-2.0, 7.0, 3.0; 18
-1.0, 7.0, 3.0; 25
0.0, 7.0, 3.0; 16
1.0, 7.0, 3.0; 13
2.0, 7.0, 3.0; 10
3.0, 7.0, 3.0; 1
4.0, 7.0, 3.0; 1
5.0, 7.0, 3.0; 1
-5.0, 8.0, 3.0; 3
-4.0, 8.0, 3.0; 22
-3.0, 8.0, 3.0; 29
-2.0, 8.0, 3.0; 25
-1.0, 8.0, 3.0; 17
0.0, 8.0, 3.0; 16
1.0, 8.0, 3.0; 6
3.0, 8.0, 3.0; 2
-3.0, 9.0, 3.0; 6
-2.0, 9.0, 3.0; 6
-1.0, 9.0, 3.0; 6
0.0, 9.0, 3.0; 4
-4.0, -9.0, 4.0; 1
-3.0, -9.0, 4.0; 4
-1.0, -9.0, 4.0; 5
0.0, -9.0, 4.0; 2
1.0, -9.0, 4.0; 7
-5.0, -8.0, 4.0; 8
-4.0, -8.0, 4.0; 8
-3.0, -8.0, 4.0; 15
-2.0, -8.0, 4.0; 6
-1.0, -8.0, 4.0; 12
0.0, -8.0, 4.0; 4
1.0, -8.0, 4.0; 4
3.0, -8.0, 4.0; 2
4.0, -8.0, 4.0; 2
-6.0, -7.0, 4.0; 8
-5.0, -7.0, 4.0; 15
-4.0, -7.0, 4.0; 20
-3.0, -7.0, 4.0; 18
-2.0, -7.0, 4.0; 12
-1.0, -7.0, 4.0; 13
0.0, -7.0, 4.0; 9
1.0, -7.0, 4.0; 1
2.0, -7.0, 4.0; 4
3.0, -7.0, 4.0; 4
4.0, -7.0, 4.0; 1
5.0, -7.0, 4.0; 2
6.0, -7.0, 4.0; 1
-8.0, -6.0, 4.0; 1
-7.0, -6.0, 4.0; 7
-6.0, -6.0, 4.0; 10
-5.0, -6.0, 4.0; 18
-4.0, -6.0, 4.0; 16
-3.0, -6.0, 4.0; 15
-2.0, -6.0, 4.0; 12
-1.0, -6.0, 4.0; 7
0.0, -6.0, 4.0; 11
1.0, -6.0, 4.0; 3
2.0, -6.0, 4.0; 1
3.0, -6.0, 4.0; 1
4.0, -6.0, 4.0; 3
5.0, -6.0, 4.0; 1
-8.0, -5.0, 4.0; 6
-7.0, -5.0, 4.0; 4
-6.0, -5.0, 4.0; 11
-5.0, -5.0, 4.0; 20
-4.0, -5.0, 4.0; 11
-3.0, -5.0, 4.0; 9
-2.0, -5.0, 4.0; 9
-1.0, -5.0, 4.0; 12
0.0, -5.0, 4.0; 17
1.0, -5.0, 4.0; 8
2.0, -5.0, 4.0; 4
3.0, -5.0, 4.0; 1
4.0, -5.0, 4.0; 2
5.0, -5.0, 4.0; 1
6.0, -5.0, 4.0; 1
7.0, -5.0, 4.0; 1
-9.0, -4.0, 4.0; 3
-8.0, -4.0, 4.0; 9
-7.0, -4.0, 4.0; 2
-6.0, -4.0, 4.0; 17
-5.0, -4.0, 4.0; 19
-4.0, -4.0, 4.0; 15
-3.0, -4.0, 4.0; 8
-2.0, -4.0, 4.0; 6
-1.0, -4.0, 4.0; 8
0.0, -4.0, 4.0; 5
1.0, -4.0, 4.0; 3
4.0, -4.0, 4.0; 1
5.0, -4.0, 4.0; 1
-9.0, -3.0, 4.0; 3
-8.0, -3.0, 4.0; 4
-7.0, -3.0, 4.0; 9
-6.0, -3.0, 4.0; 9
-5.0, -3.0, 4.0; 21
-4.0, -3.0, 4.0; 8
-3.0, -3.0, 4.0; 6
-2.0, -3.0, 4.0; 13
-1.0, -3.0, 4.0; 10
0.0, -3.0, 4.0; 4
1.0, -3.0, 4.0; 10
2.0, -3.0, 4.0; 1
3.0, -3.0, 4.0; 1
6.0, -3.0, 4.0; 1
-10.0, -2.0, 4.0; 1
-9.0, -2.0, 4.0; 2
-8.0, -2.0, 4.0; 5
-7.0, -2.0, 4.0; 11
-6.0, -2.0, 4.0; 10
-5.0, -2.0, 4.0; 20
-4.0, -2.0, 4.0; 10
-3.0, -2.0, 4.0; 10
-2.0, -2.0, 4.0; 14
-1.0, -2.0, 4.0; 5
0.0, -2.0, 4.0; 6
1.0, -2.0, 4.0; 5
5.0, -2.0, 4.0; 1
-9.0, -1.0, 4.0; 7
-8.0, -1.0, 4.0; 7
-7.0, -1.0, 4.0; 4
-6.0, -1.0, 4.0; 4
-5.0, -1.0, 4.0; 7
-4.0, -1.0, 4.0; 11
-3.0, -1.0, 4.0; 21
-2.0, -1.0, 4.0; 13
-1.0, -1.0, 4.0; 3
0.0, -1.0, 4.0; 7
1.0, -1.0, 4.0; 4
2.0, -1.0, 4.0; 1
3.0, -1.0, 4.0; 4
4.0, -1.0, 4.0; 1
5.0, -1.0, 4.0; 1
8.0, -1.0, 4.0; 1
-9.0, 0.0, 4.0; 4
-8.0, 0.0, 4.0; 13
-7.0, 0.0, 4.0; 5
-6.0, 0.0, 4.0; 2
-5.0, 0.0, 4.0; 3
-4.0, 0.0, 4.0; 4
-3.0, 0.0, 4.0; 7
-2.0, 0.0, 4.0; 2
-1.0, 0.0, 4.0; 2
1.0, 0.0, 4.0; 2
2.0, 0.0, 4.0; 2
4.0, 0.0, 4.0; 1
8.0, 0.0, 4.0; 2
-9.0, 1.0, 4.0; 7
-8.0, 1.0, 4.0; 14
-7.0, 1.0, 4.0; 11
-6.0, 1.0, 4.0; 4
-5.0, 1.0, 4.0; 3
-4.0, 1.0, 4.0; 1
-3.0, 1.0, 4.0; 4
-2.0, 1.0, 4.0; 4
-1.0, 1.0, 4.0; 4
0.0, 1.0, 4.0; 4
1.0, 1.0, 4.0; 1
2.0, 1.0, 4.0; 8
3.0, 1.0, 4.0; 2
-9.0, 2.0, 4.0; 4
-8.0, 2.0, 4.0; 14
-7.0, 2.0, 4.0; 12
-6.0, 2.0, 4.0; 11
-5.0, 2.0, 4.0; 8
-3.0, 2.0, 4.0; 1
-2.0, 2.0, 4.0; 2
-1.0, 2.0, 4.0; 4
0.0, 2.0, 4.0; 8
1.0, 2.0, 4.0; 6
2.0, 2.0, 4.0; 2
3.0, 2.0, 4.0; 3
4.0, 2.0, 4.0; 1
5.0, 2.0, 4.0; 1
-9.0, 3.0, 4.0; 3
-8.0, 3.0, 4.0; 15
-7.0, 3.0, 4.0; 16
-6.0, 3.0, 4.0; 16
-5.0, 3.0, 4.0; 16
-4.0, 3.0, 4.0; 12
-3.0, 3.0, 4.0; 3
-2.0, 3.0, 4.0; 4
-1.0, 3.0, 4.0; 8
0.0, 3.0, 4.0; 8
1.0, 3.0, 4.0; 16
2.0, 3.0, 4.0; 11
3.0, 3.0, 4.0; 1
5.0, 3.0, 4.0; 1
-8.0, 4.0, 4.0; 11
-7.0, 4.0, 4.0; 20
-6.0, 4.0, 4.0; 17
-5.0, 4.0, 4.0; 29
-4.0, 4.0, 4.0; 11
-3.0, 4.0, 4.0; 8
-2.0, 4.0, 4.0; 4
-1.0, 4.0, 4.0; 2
0.0, 4.0, 4.0; 8
1.0, 4.0, 4.0; 31
2.0, 4.0, 4.0; 9
3.0, 4.0, 4.0; 1
4.0, 4.0, 4.0; 7
5.0, 4.0, 4.0; 3
6.0, 4.0, 4.0; 2
-8.0, 5.0, 4.0; 2
-7.0, 5.0, 4.0; 9
-6.0, 5.0, 4.0; 24
-5.0, 5.0, 4.0; 22
-4.0, 5.0, 4.0; 16
-3.0, 5.0, 4.0; 17
-2.0, 5.0, 4.0; 17
-1.0, 5.0, 4.0; 10
0.0, 5.0, 4.0; 11
1.0, 5.0, 4.0; 10
2.0, 5.0, 4.0; 4
3.0, 5.0, 4.0; 2
4.0, 5.0, 4.0; 6
5.0, 5.0, 4.0; 3
-7.0, 6.0, 4.0; 4
-6.0, 6.0, 4.0; 11
-5.0, 6.0, 4.0; 18
-4.0, 6.0, 4.0; 31
-3.0, 6.0, 4.0; 30
-2.0, 6.0, 4.0; 28
-1.0, 6.0, 4.0; 22
0.0, 6.0, 4.0; 20
1.0, 6.0, 4.0; 5
2.0, 6.0, 4.0; 8
-6.0, 7.0, 4.0; 1
-5.0, 7.0, 4.0; 11
-4.0, 7.0, 4.0; 25
-3.0, 7.0, 4.0; 25
-2.0, 7.0, 4.0; 21
-1.0, 7.0, 4.0; 12
0.0, 7.0, 4.0; 12
1.0, 7.0, 4.0; 3
2.0, 7.0, 4.0; 2
3.0, 7.0, 4.0; 2
-4.0, 8.0, 4.0; 6
-3.0, 8.0, 4.0; 12
-2.0, 8.0, 4.0; 18
-1.0, 8.0, 4.0; 5
0.0, 8.0, 4.0; 7
1.0, 8.0, 4.0; 4
2.0, 8.0, 4.0; 1
3.0, 8.0, 4.0; 1
0.0, 9.0, 4.0; 1
-2.0, -9.0, 5.0; 1
-1.0, -9.0, 5.0; 1
0.0, -9.0, 5.0; 1
1.0, -9.0, 5.0; 1
2.0, -9.0, 5.0; 1
-4.0, -8.0, 5.0; 3
-3.0, -8.0, 5.0; 8
-2.0, -8.0, 5.0; 9
-1.0, -8.0, 5.0; 3
0.0, -8.0, 5.0; 7
1.0, -8.0, 5.0; 1
2.0, -8.0, 5.0; 3
3.0, -8.0, 5.0; 2
-6.0, -7.0, 5.0; 3
-5.0, -7.0, 5.0; 6
-4.0, -7.0, 5.0; 5
-3.0, -7.0, 5.0; 4
-2.0, -7.0, 5.0; 7
-1.0, -7.0, 5.0; 7
0.0, -7.0, 5.0; 2
1.0, -7.0, 5.0; 2
2.0, -7.0, 5.0; 5
3.0, -7.0, 5.0; 3
4.0, -7.0, 5.0; 1
-7.0, -6.0, 5.0; 2
-6.0, -6.0, 5.0; 3
-5.0, -6.0, 5.0; 7
-4.0, -6.0, 5.0; 12
-3.0, -6.0, 5.0; 5
-2.0, -6.0, 5.0; 5
-1.0, -6.0, 5.0; 5
0.0, -6.0, 5.0; 2
2.0, -6.0, 5.0; 4
3.0, -6.0, 5.0; 2
-8.0, -5.0, 5.0; 1
-7.0, -5.0, 5.0; 6
-6.0, -5.0, 5.0; 6
-5.0, -5.0, 5.0; 10
-4.0, -5.0, 5.0; 10
-3.0, -5.0, 5.0; 8
-2.0, -5.0, 5.0; 9
-1.0, -5.0, 5.0; 5
0.0, -5.0, 5.0; 11
3.0, -5.0, 5.0; 1
4.0, -5.0, 5.0; 1
6.0, -5.0, 5.0; 1
-8.0, -4.0, 5.0; 1
-7.0, -4.0, 5.0; 11
-6.0, -4.0, 5.0; 2
-5.0, -4.0, 5.0; 4
-4.0, -4.0, 5.0; 6
-3.0, -4.0, 5.0; 21
-2.0, -4.0, 5.0; 9
-1.0, -4.0, 5.0; 10
0.0, -4.0, 5.0; 2
2.0, -4.0, 5.0; 1
4.0, -4.0, 5.0; 2
-9.0, -3.0, 5.0; 1
-8.0, -3.0, 5.0; 1
-7.0, -3.0, 5.0; 6
-6.0, -3.0, 5.0; 1
-5.0, -3.0, 5.0; 2
-4.0, -3.0, 5.0; 5
-3.0, -3.0, 5.0; 6
-2.0, -3.0, 5.0; 3
-1.0, -3.0, 5.0; 1
0.0, -3.0, 5.0; 7
1.0, -3.0, 5.0; 5
3.0, -3.0, 5.0; 1
5.0, -3.0, 5.0; 1
7.0, -3.0, 5.0; 1
-9.0, -2.0, 5.0; 1
-8.0, -2.0, 5.0; 5
-7.0, -2.0, 5.0; 2
-5.0, -2.0, 5.0; 1
-4.0, -2.0, 5.0; 1
-2.0, -2.0, 5.0; 2
-1.0, -2.0, 5.0; 1
0.0, -2.0, 5.0; 8
1.0, -2.0, 5.0; 14
2.0, -2.0, 5.0; 1
6.0, -2.0, 5.0; 1
7.0, -2.0, 5.0; 1
-8.0, -1.0, 5.0; 5
-7.0, -1.0, 5.0; 2
-6.0, -1.0, 5.0; 4
-5.0, -1.0, 5.0; 3
-4.0, -1.0, 5.0; 3
-2.0, -1.0, 5.0; 1
-1.0, -1.0, 5.0; 1
1.0, -1.0, 5.0; 7
5.0, -1.0, 5.0; 2
6.0, -1.0, 5.0; 1
-8.0, 0.0, 5.0; 12
-7.0, 0.0, 5.0; 8
-6.0, 0.0, 5.0; 3
-5.0, 0.0, 5.0; 2
-3.0, 0.0, 5.0; 2
-2.0, 0.0, 5.0; 4
-1.0, 0.0, 5.0; 7
0.0, 0.0, 5.0; 2
1.0, 0.0, 5.0; 3
2.0, 0.0, 5.0; 1
3.0, 0.0, 5.0; 1
4.0, 0.0, 5.0; 1
5.0, 0.0, 5.0; 1
6.0, 0.0, 5.0; 1
-9.0, 1.0, 5.0; 2
-8.0, 1.0, 5.0; 10
-7.0, 1.0, 5.0; 9
-6.0, 1.0, 5.0; 8
-5.0, 1.0, 5.0; 5
-4.0, 1.0, 5.0; 3
-2.0, 1.0, 5.0; 3
-1.0, 1.0, 5.0; 8
0.0, 1.0, 5.0; 5
1.0, 1.0, 5.0; 1
2.0, 1.0, 5.0; 4
3.0, 1.0, 5.0; 2
4.0, 1.0, 5.0; 2
-8.0, 2.0, 5.0; 10
-7.0, 2.0, 5.0; 13
-6.0, 2.0, 5.0; 12
-5.0, 2.0, 5.0; 9
-4.0, 2.0, 5.0; 5
-3.0, 2.0, 5.0; 7
-2.0, 2.0, 5.0; 11
-1.0, 2.0, 5.0; 8
0.0, 2.0, 5.0; 1
1.0, 2.0, 5.0; 1
2.0, 2.0, 5.0; 1
3.0, 2.0, 5.0; 1
4.0, 2.0, 5.0; 1
5.0, 2.0, 5.0; 2
-8.0, 3.0, 5.0; 8
-7.0, 3.0, 5.0; 16
-6.0, 3.0, 5.0; 14
-5.0, 3.0, 5.0; 15
-4.0, 3.0, 5.0; 9
-3.0, 3.0, 5.0; 9
-2.0, 3.0, 5.0; 11
-1.0, 3.0, 5.0; 6
0.0, 3.0, 5.0; 4
1.0, 3.0, 5.0; 2
2.0, 3.0, 5.0; 1
4.0, 3.0, 5.0; 1
5.0, 3.0, 5.0; 2
-8.0, 4.0, 5.0; 1
-7.0, 4.0, 5.0; 7
-6.0, 4.0, 5.0; 19
-5.0, 4.0, 5.0; 29
-4.0, 4.0, 5.0; 14
-3.0, 4.0, 5.0; 18
-2.0, 4.0, 5.0; 11
-1.0, 4.0, 5.0; 10
0.0, 4.0, 5.0; 8
1.0, 4.0, 5.0; 8
2.0, 4.0, 5.0; 1
3.0, 4.0, 5.0; 2
5.0, 4.0, 5.0; 2
6.0, 4.0, 5.0; 2
-7.0, 5.0, 5.0; 3
-6.0, 5.0, 5.0; 6
-5.0, 5.0, 5.0; 6
-4.0, 5.0, 5.0; 18
-3.0, 5.0, 5.0; 17
-2.0, 5.0, 5.0; 8
-1.0, 5.0, 5.0; 10
0.0, 5.0, 5.0; 5
1.0, 5.0, 5.0; 2
3.0, 5.0, 5.0; 3
5.0, 5.0, 5.0; 2
-7.0, 6.0, 5.0; 1
-6.0, 6.0, 5.0; 2
-5.0, 6.0, 5.0; 7
-4.0, 6.0, 5.0; 9
-3.0, 6.0, 5.0; 16
-2.0, 6.0, 5.0; 7
-1.0, 6.0, 5.0; 17
0.0, 6.0, 5.0; 4
1.0, 6.0, 5.0; 4
2.0, 6.0, 5.0; 6
3.0, 6.0, 5.0; 1
4.0, 6.0, 5.0; 2
-5.0, 7.0, 5.0; 2
-4.0, 7.0, 5.0; 5
-3.0, 7.0, 5.0; 8
-2.0, 7.0, 5.0; 13
-1.0, 7.0, 5.0; 6
0.0, 7.0, 5.0; 6
1.0, 7.0, 5.0; 3
2.0, 7.0, 5.0; 2
-1.0, 8.0, 5.0; 1
0.0, 8.0, 5.0; 2
1.0, 8.0, 5.0; 1
-4.0, -8.0, 6.0; 1
-3.0, -8.0, 6.0; 1
-2.0, -8.0, 6.0; 2
-1.0, -8.0, 6.0; 6
0.0, -8.0, 6.0; 4
1.0, -8.0, 6.0; 1
2.0, -8.0, 6.0; 1
-5.0, -7.0, 6.0; 2
-4.0, -7.0, 6.0; 7
-3.0, -7.0, 6.0; 5
-2.0, -7.0, 6.0; 4
-1.0, -7.0, 6.0; 4
0.0, -7.0, 6.0; 2
1.0, -7.0, 6.0; 3
2.0, -7.0, 6.0; 1
-6.0, -6.0, 6.0; 1
-5.0, -6.0, 6.0; 6
-4.0, -6.0, 6.0; 6
-3.0, -6.0, 6.0; 7
-2.0, -6.0, 6.0; 3
-1.0, -6.0, 6.0; 2
0.0, -6.0, 6.0; 5
1.0, -6.0, 6.0; 4
2.0, -6.0, 6.0; 2
3.0, -6.0, 6.0; 2
5.0, -6.0, 6.0; 1
-6.0, -5.0, 6.0; 9
-5.0, -5.0, 6.0; 8
-4.0, -5.0, 6.0; 3
-3.0, -5.0, 6.0; 7
-2.0, -5.0, 6.0; 2
-1.0, -5.0, 6.0; 5
0.0, -5.0, 6.0; 2
1.0, -5.0, 6.0; 2
3.0, -5.0, 6.0; 1
-7.0, -4.0, 6.0; 2
-6.0, -4.0, 6.0; 6
-5.0, -4.0, 6.0; 6
-4.0, -4.0, 6.0; 3
-3.0, -4.0, 6.0; 15
-2.0, -4.0, 6.0; 4
1.0, -4.0, 6.0; 2
2.0, -4.0, 6.0; 2
3.0, -4.0, 6.0; 1
-7.0, -3.0, 6.0; 4
-6.0, -3.0, 6.0; 3
-5.0, -3.0, 6.0; 3
-4.0, -3.0, 6.0; 4
-3.0, -3.0, 6.0; 10
-2.0, -3.0, 6.0; 5
-1.0, -3.0, 6.0; 11
0.0, -3.0, 6.0; 2
1.0, -3.0, 6.0; 1
6.0, -3.0, 6.0; 1
-7.0, -2.0, 6.0; 7
-6.0, -2.0, 6.0; 5
-5.0, -2.0, 6.0; 3
-4.0, -2.0, 6.0; 4
-3.0, -2.0, 6.0; 2
-2.0, -2.0, 6.0; 2
-1.0, -2.0, 6.0; 6
0.0, -2.0, 6.0; 5
1.0, -2.0, 6.0; 4
3.0, -2.0, 6.0; 1
4.0, -2.0, 6.0; 1
-8.0, -1.0, 6.0; 2
-7.0, -1.0, 6.0; 1
-6.0, -1.0, 6.0; 1
-4.0, -1.0, 6.0; 2
-1.0, -1.0, 6.0; 3
0.0, -1.0, 6.0; 12
1.0, -1.0, 6.0; 6
2.0, -1.0, 6.0; 1
-8.0, 0.0, 6.0; 1
-7.0, 0.0, 6.0; 2
-6.0, 0.0, 6.0; 6
-5.0, 0.0, 6.0; 4
-4.0, 0.0, 6.0; 4
-3.0, 0.0, 6.0; 3
-2.0, 0.0, 6.0; 2
-1.0, 0.0, 6.0; 4
0.0, 0.0, 6.0; 4
1.0, 0.0, 6.0; 3
2.0, 0.0, 6.0; 1
4.0, 0.0, 6.0; 1
-8.0, 1.0, 6.0; 1
-7.0, 1.0, 6.0; 2
-6.0, 1.0, 6.0; 5
-5.0, 1.0, 6.0; 3
-4.0, 1.0, 6.0; 1
-3.0, 1.0, 6.0; 3
-2.0, 1.0, 6.0; 3
-1.0, 1.0, 6.0; 1
0.0, 1.0, 6.0; 3
1.0, 1.0, 6.0; 4
2.0, 1.0, 6.0; 3
-8.0, 2.0, 6.0; 1
-7.0, 2.0, 6.0; 3
-6.0, 2.0, 6.0; 5
-5.0, 2.0, 6.0; 6
-4.0, 2.0, 6.0; 4
-3.0, 2.0, 6.0; 3
-2.0, 2.0, 6.0; 2
-1.0, 2.0, 6.0; 5
0.0, 2.0, 6.0; 6
1.0, 2.0, 6.0; 2
2.0, 2.0, 6.0; 1
7.0, 2.0, 6.0; 1
-6.0, 3.0, 6.0; 9
-5.0, 3.0, 6.0; 4
-4.0, 3.0, 6.0; 8
-3.0, 3.0, 6.0; 8
-2.0, 3.0, 6.0; 6
-1.0, 3.0, 6.0; 5
0.0, 3.0, 6.0; 4
1.0, 3.0, 6.0; 3
2.0, 3.0, 6.0; 2
-6.0, 4.0, 6.0; 3
-5.0, 4.0, 6.0; 5
-4.0, 4.0, 6.0; 4
-3.0, 4.0, 6.0; 11
-2.0, 4.0, 6.0; 11
-1.0, 4.0, 6.0; 16
0.0, 4.0, 6.0; 9
1.0, 4.0, 6.0; 5
3.0, 4.0, 6.0; 2
5.0, 4.0, 6.0; 1
-5.0, 5.0, 6.0; 1
-4.0, 5.0, 6.0; 1
-3.0, 5.0, 6.0; 8
-2.0, 5.0, 6.0; 6
-1.0, 5.0, 6.0; 4
0.0, 5.0, 6.0; 5
2.0, 5.0, 6.0; 1
3.0, 5.0, 6.0; 1
4.0, 5.0, 6.0; 1
5.0, 5.0, 6.0; 1
-5.0, 6.0, 6.0; 1
-4.0, 6.0, 6.0; 6
-3.0, 6.0, 6.0; 8
-2.0, 6.0, 6.0; 3
-1.0, 6.0, 6.0; 5
1.0, 6.0, 6.0; 5
2.0, 6.0, 6.0; 1
3.0, 6.0, 6.0; 1
4.0, 6.0, 6.0; 1
-2.0, 7.0, 6.0; 2
0.0, 7.0, 6.0; 1
2.0, 7.0, 6.0; 1
-3.0, -7.0, 7.0; 4
-2.0, -7.0, 7.0; 1
-1.0, -7.0, 7.0; 2
1.0, -7.0, 7.0; 3
-4.0, -6.0, 7.0; 3
-3.0, -6.0, 7.0; 1
-2.0, -6.0, 7.0; 4
-1.0, -6.0, 7.0; 7
1.0, -6.0, 7.0; 4
2.0, -6.0, 7.0; 1
-5.0, -5.0, 7.0; 6
-4.0, -5.0, 7.0; 3
-3.0, -5.0, 7.0; 3
-2.0, -5.0, 7.0; 4
-1.0, -5.0, 7.0; 10
1.0, -5.0, 7.0; 2
2.0, -5.0, 7.0; 1
-6.0, -4.0, 7.0; 1
-5.0, -4.0, 7.0; 4
-4.0, -4.0, 7.0; 3
-3.0, -4.0, 7.0; 2
-2.0, -4.0, 7.0; 3
-1.0, -4.0, 7.0; 1
0.0, -4.0, 7.0; 1
1.0, -4.0, 7.0; 1
2.0, -4.0, 7.0; 1
3.0, -4.0, 7.0; 1
-7.0, -3.0, 7.0; 1
-6.0, -3.0, 7.0; 4
-5.0, -3.0, 7.0; 7
-4.0, -3.0, 7.0; 2
-3.0, -3.0, 7.0; 4
-2.0, -3.0, 7.0; 5
2.0, -3.0, 7.0; 1
3.0, -3.0, 7.0; 1
-6.0, -2.0, 7.0; 5
-5.0, -2.0, 7.0; 4
-4.0, -2.0, 7.0; 2
-3.0, -2.0, 7.0; 5
-2.0, -2.0, 7.0; 7
-1.0, -2.0, 7.0; 5
0.0, -2.0, 7.0; 2
5.0, -2.0, 7.0; 1
-7.0, -1.0, 7.0; 1
-6.0, -1.0, 7.0; 1
-5.0, -1.0, 7.0; 3
-4.0, -1.0, 7.0; 4
-3.0, -1.0, 7.0; 2
-2.0, -1.0, 7.0; 1
-1.0, -1.0, 7.0; 7
0.0, -1.0, 7.0; 2
1.0, -1.0, 7.0; 2
-7.0, 0.0, 7.0; 2
-6.0, 0.0, 7.0; 2
-5.0, 0.0, 7.0; 3
-4.0, 0.0, 7.0; 6
-3.0, 0.0, 7.0; 1
-2.0, 0.0, 7.0; 2
-1.0, 0.0, 7.0; 6
0.0, 0.0, 7.0; 1
3.0, 0.0, 7.0; 1
-6.0, 1.0, 7.0; 2
-5.0, 1.0, 7.0; 4
-4.0, 1.0, 7.0; 6
-3.0, 1.0, 7.0; 6
-2.0, 1.0, 7.0; 1
-1.0, 1.0, 7.0; 4
0.0, 1.0, 7.0; 3
1.0, 1.0, 7.0; 2
-5.0, 2.0, 7.0; 3
-4.0, 2.0, 7.0; 3
-3.0, 2.0, 7.0; 7
-2.0, 2.0, 7.0; 3
-1.0, 2.0, 7.0; 7
0.0, 2.0, 7.0; 1
2.0, 2.0, 7.0; 1
-6.0, 3.0, 7.0; 2
-5.0, 3.0, 7.0; 1
-4.0, 3.0, 7.0; 1
-3.0, 3.0, 7.0; 6
-2.0, 3.0, 7.0; 11
-1.0, 3.0, 7.0; 8
0.0, 3.0, 7.0; 6
1.0, 3.0, 7.0; 1
-4.0, 4.0, 7.0; 4
-3.0, 4.0, 7.0; 4
-2.0, 4.0, 7.0; 4
-1.0, 4.0, 7.0; 6
0.0, 4.0, 7.0; 1
1.0, 4.0, 7.0; 2
-4.0, 5.0, 7.0; 2
-3.0, 5.0, 7.0; 6
-2.0, 5.0, 7.0; 2
-1.0, 5.0, 7.0; 5
1.0, 5.0, 7.0; 1
3.0, 5.0, 7.0; 1
-3.0, 6.0, 7.0; 2
-2.0, 6.0, 7.0; 2
-1.0, 6.0, 7.0; 2
0.0, 6.0, 7.0; 1
1.0, 6.0, 7.0; 1
-2.0, -6.0, 8.0; 1
-1.0, -6.0, 8.0; 2
-3.0, -5.0, 8.0; 1
-2.0, -5.0, 8.0; 3
-1.0, -5.0, 8.0; 1
3.0, -5.0, 8.0; 1
-5.0, -4.0, 8.0; 1
-4.0, -4.0, 8.0; 1
-3.0, -4.0, 8.0; 1
-1.0, -4.0, 8.0; 5
0.0, -4.0, 8.0; 1
1.0, -4.0, 8.0; 1
2.0, -4.0, 8.0; 1
-5.0, -3.0, 8.0; 4
-1.0, -3.0, 8.0; 3
0.0, -3.0, 8.0; 1
1.0, -3.0, 8.0; 1
4.0, -3.0, 8.0; 1
-5.0, -2.0, 8.0; 2
-4.0, -2.0, 8.0; 1
0.0, -2.0, 8.0; 1
-6.0, -1.0, 8.0; 2
-4.0, -1.0, 8.0; 1
-1.0, -1.0, 8.0; 2
0.0, -1.0, 8.0; 3
3.0, -1.0, 8.0; 1
-4.0, 0.0, 8.0; 2
-3.0, 0.0, 8.0; 1
-2.0, 0.0, 8.0; 4
-6.0, 1.0, 8.0; 1
-5.0, 1.0, 8.0; 3
-4.0, 1.0, 8.0; 2
-1.0, 1.0, 8.0; 3
0.0, 1.0, 8.0; 2
4.0, 1.0, 8.0; 1
-5.0, 2.0, 8.0; 1
-4.0, 2.0, 8.0; 3
-3.0, 2.0, 8.0; 2
-2.0, 2.0, 8.0; 4
0.0, 2.0, 8.0; 1
-5.0, 3.0, 8.0; 1
-4.0, 3.0, 8.0; 2
-3.0, 3.0, 8.0; 1
-2.0, 3.0, 8.0; 1
-1.0, 3.0, 8.0; 3
1.0, 3.0, 8.0; 1
-3.0, 4.0, 8.0; 1
-2.0, 4.0, 8.0; 3
-2.0, -4.0, 9.0; 1
2.0, -4.0, 9.0; 1
-3.0, -3.0, 9.0; 1
-1.0, -3.0, 9.0; 1
0.0, -3.0, 9.0; 1
-3.0, -1.0, 9.0; 1
-1.0, -1.0, 9.0; 1
-2.0, 0.0, 9.0; 2
-1.0, 0.0, 9.0; 1
-2.0, 2.0, 9.0; 2
1.0, 2.0, 9.0; 1
-3.0, -4.0, -10.0; 1
0.0, -4.0, -10.0; 2
1.0, -4.0, -10.0; 1
-3.0, -3.0, -10.0; 1
-2.0, -3.0, -10.0; 6
-1.0, -3.0, -10.0; 7
0.0, -3.0, -10.0; 2
-4.0, -2.0, -10.0; 4
-3.0, -2.0, -10.0; 7
-2.0, -2.0, -10.0; 11
-1.0, -2.0, -10.0; 4
0.0, -2.0, -10.0; 6
1.0, -2.0, -10.0; 5
2.0, -2.0, -10.0; 4
-4.0, -1.0, -10.0; 2
-3.0, -1.0, -10.0; 6
-2.0, -1.0, -10.0; 6
-1.0, -1.0, -10.0; 7
0.0, -1.0, -10.0; 4
1.0, -1.0, -10.0; 2
2.0, -1.0, -10.0; 1
-5.0, 0.0, -10.0; 2
-4.0, 0.0, -10.0; 1
-3.0, 0.0, -10.0; 4
-2.0, 0.0, -10.0; 8
-1.0, 0.0, -10.0; 6
0.0, 0.0, -10.0; 2
2.0, 0.0, -10.0; 4
-3.0, 1.0, -10.0; 1
-2.0, 1.0, -10.0; 1
-1.0, 1.0, -10.0; 5
0.0, 1.0, -10.0; 4
1.0, 1.0, -10.0; 2
2.0, 1.0, -10.0; 2
3.0, 1.0, -10.0; 1
-4.0, 2.0, -10.0; 1
-1.0, 2.0, -10.0; 1
0.0, 2.0, -10.0; 5
3.0, 2.0, -10.0; 2
1.0, 3.0, -10.0; 2
-2.0, -6.0, -9.0; 2
-1.0, -6.0, -9.0; 4
0.0, -6.0, -9.0; 3
1.0, -6.0, -9.0; 1
-2.0, -5.0, -9.0; 2
-1.0, -5.0, -9.0; 5
0.0, -5.0, -9.0; 8
1.0, -5.0, -9.0; 6
2.0, -5.0, -9.0; 3
-4.0, -4.0, -9.0; 1
-3.0, -4.0, -9.0; 4
-2.0, -4.0, -9.0; 5
-1.0, -4.0, -9.0; 3
0.0, -4.0, -9.0; 8
1.0, -4.0, -9.0; 9
2.0, -4.0, -9.0; 9
3.0, -4.0, -9.0; 1
-5.0, -3.0, -9.0; 2
-4.0, -3.0, -9.0; 3
-3.0, -3.0, -9.0; 7
-2.0, -3.0, -9.0; 2
-1.0, -3.0, -9.0; 2
0.0, -3.0, -9.0; 5
1.0, -3.0, -9.0; 16
2.0, -3.0, -9.0; 17
3.0, -3.0, -9.0; 1
-6.0, -2.0, -9.0; 2
-5.0, -2.0, -9.0; 2
-4.0, -2.0, -9.0; 4
-3.0, -2.0, -9.0; 3
-2.0, -2.0, -9.0; 1
-1.0, -2.0, -9.0; 7
0.0, -2.0, -9.0; 7
1.0, -2.0, -9.0; 13
2.0, -2.0, -9.0; 16
4.0, -2.0, -9.0; 2
5.0, -2.0, -9.0; 1
-6.0, -1.0, -9.0; 2
-5.0, -1.0, -9.0; 4
-4.0, -1.0, -9.0; 5
-3.0, -1.0, -9.0; 5
-2.0, -1.0, -9.0; 3
-1.0, -1.0, -9.0; 9
0.0, -1.0, -9.0; 9
1.0, -1.0, -9.0; 10
2.0, -1.0, -9.0; 1
3.0, -1.0, -9.0; 1
4.0, -1.0, -9.0; 1
-6.0, 0.0, -9.0; 2
-5.0, 0.0, -9.0; 7
-4.0, 0.0, -9.0; 8
-3.0, 0.0, -9.0; 13
-2.0, 0.0, -9.0; 9
-1.0, 0.0, -9.0; 6
0.0, 0.0, -9.0; 8
1.0, 0.0, -9.0; 3
2.0, 0.0, -9.0; 6
4.0, 0.0, -9.0; 1
5.0, 0.0, -9.0; 3
-6.0, 1.0, -9.0; 2
-5.0, 1.0, -9.0; 6
-4.0, 1.0, -9.0; 15
-3.0, 1.0, -9.0; 27
-2.0, 1.0, -9.0; 11
-1.0, 1.0, -9.0; 9
0.0, 1.0, -9.0; 4
1.0, 1.0, -9.0; 5
2.0, 1.0, -9.0; 5
3.0, 1.0, -9.0; 5
4.0, 1.0, -9.0; 5
5.0, 1.0, -9.0; 2
-6.0, 2.0, -9.0; 1
-5.0, 2.0, -9.0; 2
-4.0, 2.0, -9.0; 19
-3.0, 2.0, -9.0; 21
-2.0, 2.0, -9.0; 16
-1.0, 2.0, -9.0; 9
0.0, 2.0, -9.0; 9
1.0, 2.0, -9.0; 5
2.0, 2.0, -9.0; 2
3.0, 2.0, -9.0; 7
4.0, 2.0, -9.0; 3
-5.0, 3.0, -9.0; 4
-4.0, 3.0, -9.0; 15
-3.0, 3.0, -9.0; 16
-2.0, 3.0, -9.0; 11
-1.0, 3.0, -9.0; 23
0.0, 3.0, -9.0; 9
1.0, 3.0, -9.0; 7
2.0, 3.0, -9.0; 3
3.0, 3.0, -9.0; 1
-4.0, 4.0, -9.0; 2
-3.0, 4.0, -9.0; 9
-2.0, 4.0, -9.0; 13
-1.0, 4.0, -9.0; 2
0.0, 4.0, -9.0; 2
1.0, 4.0, -9.0; 4
-1.0, 5.0, -9.0; 2
0.0, 5.0, -9.0; 1
-2.0, -7.0, -8.0; 5
-1.0, -7.0, -8.0; 5
0.0, -7.0, -8.0; 10
1.0, -7.0, -8.0; 23
2.0, -7.0, -8.0; 11
-5.0, -6.0, -8.0; 1
-3.0, -6.0, -8.0; 2
-2.0, -6.0, -8.0; 4
-1.0, -6.0, -8.0; 6
0.0, -6.0, -8.0; 11
1.0, -6.0, -8.0; 25
2.0, -6.0, -8.0; 14
3.0, -6.0, -8.0; 2
-5.0, -5.0, -8.0; 1
-4.0, -5.0, -8.0; 9
-3.0, -5.0, -8.0; 11
-2.0, -5.0, -8.0; 4
-1.0, -5.0, -8.0; 4
0.0, -5.0, -8.0; 6
1.0, -5.0, -8.0; 11
2.0, -5.0, -8.0; 15
3.0, -5.0, -8.0; 5
-6.0, -4.0, -8.0; 3
-5.0, -4.0, -8.0; 7
-4.0, -4.0, -8.0; 11
-3.0, -4.0, -8.0; 13
-2.0, -4.0, -8.0; 5
-1.0, -4.0, -8.0; 6
0.0, -4.0, -8.0; 2
1.0, -4.0, -8.0; 3
2.0, -4.0, -8.0; 10
3.0, -4.0, -8.0; 10
4.0, -4.0, -8.0; 2
5.0, -4.0, -8.0; 1
-6.0, -3.0, -8.0; 4
-5.0, -3.0, -8.0; 12
-4.0, -3.0, -8.0; 23
-3.0, -3.0, -8.0; 12
-2.0, -3.0, -8.0; 4
-1.0, -3.0, -8.0; 7
0.0, -3.0, -8.0; 3
1.0, -3.0, -8.0; 6
2.0, -3.0, -8.0; 6
3.0, -3.0, -8.0; 7
4.0, -3.0, -8.0; 2
6.0, -3.0, -8.0; 1
-7.0, -2.0, -8.0; 5
-6.0, -2.0, -8.0; 5
-5.0, -2.0, -8.0; 17
-4.0, -2.0, -8.0; 24
-3.0, -2.0, -8.0; 24
-2.0, -2.0, -8.0; 7
-1.0, -2.0, -8.0; 3
0.0, -2.0, -8.0; 8
1.0, -2.0, -8.0; 1
2.0, -2.0, -8.0; 6
3.0, -2.0, -8.0; 14
4.0, -2.0, -8.0; 2
5.0, -2.0, -8.0; 1
6.0, -2.0, -8.0; 2
-7.0, -1.0, -8.0; 6
-6.0, -1.0, -8.0; 7
-5.0, -1.0, -8.0; 13
-4.0, -1.0, -8.0; 27
-3.0, -1.0, -8.0; 16
-2.0, -1.0, -8.0; 5
-1.0, -1.0, -8.0; 2
0.0, -1.0, -8.0; 1
1.0, -1.0, -8.0; 4
2.0, -1.0, -8.0; 8
3.0, -1.0, -8.0; 9
4.0, -1.0, -8.0; 1
6.0, -1.0, -8.0; 4
-7.0, 0.0, -8.0; 7
-6.0, 0.0, -8.0; 10
-5.0, 0.0, -8.0; 20
-4.0, 0.0, -8.0; 9
-3.0, 0.0, -8.0; 8
-2.0, 0.0, -8.0; 10
-1.0, 0.0, -8.0; 4
0.0, 0.0, -8.0; 1
1.0, 0.0, -8.0; 8
2.0, 0.0, -8.0; 4
3.0, 0.0, -8.0; 3
5.0, 0.0, -8.0; 8
6.0, 0.0, -8.0; 3
-7.0, 1.0, -8.0; 8
-6.0, 1.0, -8.0; 12
-5.0, 1.0, -8.0; 28
-4.0, 1.0, -8.0; 18
-3.0, 1.0, -8.0; 15
-2.0, 1.0, -8.0; 19
-1.0, 1.0, -8.0; 9
0.0, 1.0, -8.0; 5
1.0, 1.0, -8.0; 4
2.0, 1.0, -8.0; 5
3.0, 1.0, -8.0; 3
4.0, 1.0, -8.0; 4
5.0, 1.0, -8.0; 8
6.0, 1.0, -8.0; 1
-6.0, 2.0, -8.0; 11
-5.0, 2.0, -8.0; 13
-4.0, 2.0, -8.0; 15
-3.0, 2.0, -8.0; 11
-2.0, 2.0, -8.0; 14
-1.0, 2.0, -8.0; 10
0.0, 2.0, -8.0; 2
1.0, 2.0, -8.0; 1
2.0, 2.0, -8.0; 5
3.0, 2.0, -8.0; 3
4.0, 2.0, -8.0; 4
5.0, 2.0, -8.0; 5
-6.0, 3.0, -8.0; 6
-5.0, 3.0, -8.0; 19
-4.0, 3.0, -8.0; 17
-3.0, 3.0, -8.0; 6
-2.0, 3.0, -8.0; 11
-1.0, 3.0, -8.0; 8
0.0, 3.0, -8.0; 6
1.0, 3.0, -8.0; 3
2.0, 3.0, -8.0; 3
4.0, 3.0, -8.0; 3
5.0, 3.0, -8.0; 2
6.0, 3.0, -8.0; 1
-5.0, 4.0, -8.0; 8
-4.0, 4.0, -8.0; 16
-3.0, 4.0, -8.0; 18
-2.0, 4.0, -8.0; 10
-1.0, 4.0, -8.0; 7
0.0, 4.0, -8.0; 8
1.0, 4.0, -8.0; 6
2.0, 4.0, -8.0; 4
3.0, 4.0, -8.0; 2
4.0, 4.0, -8.0; 1
5.0, 4.0, -8.0; 1
-5.0, 5.0, -8.0; 1
-4.0, 5.0, -8.0; 2
-3.0, 5.0, -8.0; 8
-2.0, 5.0, -8.0; 13
-1.0, 5.0, -8.0; 9
0.0, 5.0, -8.0; 6
1.0, 5.0, -8.0; 1
2.0, 5.0, -8.0; 2
3.0, 5.0, -8.0; 7
4.0, 5.0, -8.0; 1
-4.0, 6.0, -8.0; 1
-2.0, 6.0, -8.0; 4
-1.0, 6.0, -8.0; 5
0.0, 6.0, -8.0; 3
1.0, 6.0, -8.0; 3
-3.0, -8.0, -7.0; 1
-2.0, -8.0, -7.0; 4
-1.0, -8.0, -7.0; 9
0.0, -8.0, -7.0; 10
1.0, -8.0, -7.0; 7
2.0, -8.0, -7.0; 2
-4.0, -7.0, -7.0; 3
-3.0, -7.0, -7.0; 11
-2.0, -7.0, -7.0; 17
-1.0, -7.0, -7.0; 12
0.0, -7.0, -7.0; 11
1.0, -7.0, -7.0; 15
2.0, -7.0, -7.0; 11
3.0, -7.0, -7.0; 4
4.0, -7.0, -7.0; 1
-5.0, -6.0, -7.0; 3
-4.0, -6.0, -7.0; 23
-3.0, -6.0, -7.0; 11
-2.0, -6.0, -7.0; 10
-1.0, -6.0, -7.0; 8
0.0, -6.0, -7.0; 6
1.0, -6.0, -7.0; 48
2.0, -6.0, -7.0; 27
3.0, -6.0, -7.0; 5
4.0, -6.0, -7.0; 2
-6.0, -5.0, -7.0; 4
-5.0, -5.0, -7.0; 21
-4.0, -5.0, -7.0; 17
-3.0, -5.0, -7.0; 8
-2.0, -5.0, -7.0; 8
-1.0, -5.0, -7.0; 10
0.0, -5.0, -7.0; 5
1.0, -5.0, -7.0; 2
2.0, -5.0, -7.0; 7
3.0, -5.0, -7.0; 6
4.0, -5.0, -7.0; 6
-8.0, -4.0, -7.0; 1
-7.0, -4.0, -7.0; 2
-6.0, -4.0, -7.0; 15
-5.0, -4.0, -7.0; 26
-4.0, -4.0, -7.0; 6
-3.0, -4.0, -7.0; 9
-2.0, -4.0, -7.0; 14
-1.0, -4.0, -7.0; 6
0.0, -4.0, -7.0; 4
1.0, -4.0, -7.0; 4
2.0, -4.0, -7.0; 2
3.0, -4.0, -7.0; 3
4.0, -4.0, -7.0; 6
5.0, -4.0, -7.0; 3
-8.0, -3.0, -7.0; 1
-6.0, -3.0, -7.0; 22
-5.0, -3.0, -7.0; 14
-4.0, -3.0, -7.0; 3
-3.0, -3.0, -7.0; 5
-2.0, -3.0, -7.0; 3
-1.0, -3.0, -7.0; 6
0.0, -3.0, -7.0; 4
1.0, -3.0, -7.0; 1
2.0, -3.0, -7.0; 2
3.0, -3.0, -7.0; 1
4.0, -3.0, -7.0; 6
6.0, -3.0, -7.0; 2
7.0, -3.0, -7.0; 1
-8.0, -2.0, -7.0; 6
-7.0, -2.0, -7.0; 7
-6.0, -2.0, -7.0; 16
-5.0, -2.0, -7.0; 16
-4.0, -2.0, -7.0; 7
-3.0, -2.0, -7.0; 10
-2.0, -2.0, -7.0; 16
-1.0, -2.0, -7.0; 5
0.0, -2.0, -7.0; 3
1.0, -2.0, -7.0; 5
2.0, -2.0, -7.0; 4
3.0, -2.0, -7.0; 7
4.0, -2.0, -7.0; 7
5.0, -2.0, -7.0; 2
7.0, -2.0, -7.0; 1
-8.0, -1.0, -7.0; 2
-7.0, -1.0, -7.0; 6
-6.0, -1.0, -7.0; 13
-5.0, -1.0, -7.0; 28
-4.0, -1.0, -7.0; 8
-3.0, -1.0, -7.0; 4
-2.0, -1.0, -7.0; 6
-1.0, -1.0, -7.0; 10
0.0, -1.0, -7.0; 6
1.0, -1.0, -7.0; 4
2.0, -1.0, -7.0; 2
3.0, -1.0, -7.0; 10
4.0, -1.0, -7.0; 3
6.0, -1.0, -7.0; 2
7.0, -1.0, -7.0; 4
-8.0, 0.0, -7.0; 1
-7.0, 0.0, -7.0; 16
-6.0, 0.0, -7.0; 12
-5.0, 0.0, -7.0; 4
-4.0, 0.0, -7.0; 7
-3.0, 0.0, -7.0; 3
-2.0, 0.0, -7.0; 5
-1.0, 0.0, -7.0; 3
0.0, 0.0, -7.0; 4
1.0, 0.0, -7.0; 2
2.0, 0.0, -7.0; 7
3.0, 0.0, -7.0; 9
4.0, 0.0, -7.0; 5
5.0, 0.0, -7.0; 2
6.0, 0.0, -7.0; 5
7.0, 0.0, -7.0; 3
-8.0, 1.0, -7.0; 5
-7.0, 1.0, -7.0; 17
-6.0, 1.0, -7.0; 17
-5.0, 1.0, -7.0; 14
-4.0, 1.0, -7.0; 2
-3.0, 1.0, -7.0; 2
-1.0, 1.0, -7.0; 1
0.0, 1.0, -7.0; 2
1.0, 1.0, -7.0; 7
2.0, 1.0, -7.0; 5
3.0, 1.0, -7.0; 3
4.0, 1.0, -7.0; 3
5.0, 1.0, -7.0; 7
6.0, 1.0, -7.0; 7
7.0, 1.0, -7.0; 1
-8.0, 2.0, -7.0; 1
-7.0, 2.0, -7.0; 11
-6.0, 2.0, -7.0; 9
-5.0, 2.0, -7.0; 11
-4.0, 2.0, -7.0; 1
-3.0, 2.0, -7.0; 3
-2.0, 2.0, -7.0; 2
-1.0, 2.0, -7.0; 2
0.0, 2.0, -7.0; 3
1.0, 2.0, -7.0; 6
2.0, 2.0, -7.0; 7
3.0, 2.0, -7.0; 11
4.0, 2.0, -7.0; 7
5.0, 2.0, -7.0; 6
-7.0, 3.0, -7.0; 11
-6.0, 3.0, -7.0; 14
-5.0, 3.0, -7.0; 12
-4.0, 3.0, -7.0; 1
-3.0, 3.0, -7.0; 1
-2.0, 3.0, -7.0; 2
-1.0, 3.0, -7.0; 1
0.0, 3.0, -7.0; 2
1.0, 3.0, -7.0; 4
2.0, 3.0, -7.0; 6
3.0, 3.0, -7.0; 2
4.0, 3.0, -7.0; 3
5.0, 3.0, -7.0; 5
6.0, 3.0, -7.0; 3
-7.0, 4.0, -7.0; 3
-6.0, 4.0, -7.0; 9
-5.0, 4.0, -7.0; 8
-4.0, 4.0, -7.0; 3
-3.0, 4.0, -7.0; 3
-2.0, 4.0, -7.0; 3
-1.0, 4.0, -7.0; 2
0.0, 4.0, -7.0; 1
1.0, 4.0, -7.0; 8
2.0, 4.0, -7.0; 4
3.0, 4.0, -7.0; 4
4.0, 4.0, -7.0; 4
5.0, 4.0, -7.0; 3
-6.0, 5.0, -7.0; 3
-5.0, 5.0, -7.0; 4
-4.0, 5.0, -7.0; 5
-3.0, 5.0, -7.0; 12
-2.0, 5.0, -7.0; 5
-1.0, 5.0, -7.0; 6
0.0, 5.0, -7.0; 7
1.0, 5.0, -7.0; 6
2.0, 5.0, -7.0; 2
3.0, 5.0, -7.0; 1
4.0, 5.0, -7.0; 2
-5.0, 6.0, -7.0; 1
-4.0, 6.0, -7.0; 2
-3.0, 6.0, -7.0; 6
-2.0, 6.0, -7.0; 9
-1.0, 6.0, -7.0; 8
0.0, 6.0, -7.0; 18
1.0, 6.0, -7.0; 7
2.0, 6.0, -7.0; 3
-3.0, 7.0, -7.0; 1
-2.0, 7.0, -7.0; 3
-1.0, 7.0, -7.0; 6
0.0, 7.0, -7.0; 1
1.0, 7.0, -7.0; 1
-3.0, -9.0, -6.0; 1
-2.0, -9.0, -6.0; 2
0.0, -9.0, -6.0; 2
1.0, -9.0, -6.0; 2
2.0, -9.0, -6.0; 1
-5.0, -8.0, -6.0; 2
-4.0, -8.0, -6.0; 4
-3.0, -8.0, -6.0; 13
-2.0, -8.0, -6.0; 99
-1.0, -8.0, -6.0; 267
0.0, -8.0, -6.0; 56
1.0, -8.0, -6.0; 29
2.0, -8.0, -6.0; 23
3.0, -8.0, -6.0; 16
4.0, -8.0, -6.0; 4
-6.0, -7.0, -6.0; 1
-5.0, -7.0, -6.0; 8
-4.0, -7.0, -6.0; 21
-3.0, -7.0, -6.0; 27
-2.0, -7.0, -6.0; 189
-1.0, -7.0, -6.0; 252
0.0, -7.0, -6.0; 33
1.0, -7.0, -6.0; 28
2.0, -7.0, -6.0; 17
3.0, -7.0, -6.0; 12
4.0, -7.0, -6.0; 3
5.0, -7.0, -6.0; 1
-7.0, -6.0, -6.0; 2
-6.0, -6.0, -6.0; 7
-5.0, -6.0, -6.0; 19
-4.0, -6.0, -6.0; 19
-3.0, -6.0, -6.0; 25
-2.0, -6.0, -6.0; 54
-1.0, -6.0, -6.0; 77
0.0, -6.0, -6.0; 32
1.0, -6.0, -6.0; 24
2.0, -6.0, -6.0; 36
3.0, -6.0, -6.0; 7
4.0, -6.0, -6.0; 5
5.0, -6.0, -6.0; 4
6.0, -6.0, -6.0; 1
-8.0, -5.0, -6.0; 2
-7.0, -5.0, -6.0; 6
-6.0, -5.0, -6.0; 17
-5.0, -5.0, -6.0; 12
-4.0, -5.0, -6.0; 12
-3.0, -5.0, -6.0; 41
-2.0, -5.0, -6.0; 44
-1.0, -5.0, -6.0; 26
0.0, -5.0, -6.0; 20
1.0, -5.0, -6.0; 7
2.0, -5.0, -6.0; 2
3.0, -5.0, -6.0; 2
4.0, -5.0, -6.0; 5
5.0, -5.0, -6.0; 3
-8.0, -4.0, -6.0; 5
-7.0, -4.0, -6.0; 9
-6.0, -4.0, -6.0; 10
-5.0, -4.0, -6.0; 7
-4.0, -4.0, -6.0; 16
-3.0, -4.0, -6.0; 17
-2.0, -4.0, -6.0; 19
-1.0, -4.0, -6.0; 19
0.0, -4.0, -6.0; 25
1.0, -4.0, -6.0; 10
2.0, -4.0, -6.0; 1
3.0, -4.0, -6.0; 2
5.0, -4.0, -6.0; 3
6.0, -4.0, -6.0; 1
-8.0, -3.0, -6.0; 5
-7.0, -3.0, -6.0; 7
-6.0, -3.0, -6.0; 7
-5.0, -3.0, -6.0; 7
-4.0, -3.0, -6.0; 8
-3.0, -3.0, -6.0; 25
-2.0, -3.0, -6.0; 18
-1.0, -3.0, -6.0; 25
0.0, -3.0, -6.0; 90
1.0, -3.0, -6.0; 43
2.0, -3.0, -6.0; 9
3.0, -3.0, -6.0; 2
4.0, -3.0, -6.0; 4
6.0, -3.0, -6.0; 1
7.0, -3.0, -6.0; 3
8.0, -3.0, -6.0; 1
-9.0, -2.0, -6.0; 1
-8.0, -2.0, -6.0; 3
-7.0, -2.0, -6.0; 5
-6.0, -2.0, -6.0; 11
-5.0, -2.0, -6.0; 3
-4.0, -2.0, -6.0; 18
-3.0, -2.0, -6.0; 14
-2.0, -2.0, -6.0; 31
-1.0, -2.0, -6.0; 55
0.0, -2.0, -6.0; 89
1.0, -2.0, -6.0; 24
2.0, -2.0, -6.0; 9
3.0, -2.0, -6.0; 3
4.0, -2.0, -6.0; 5
5.0, -2.0, -6.0; 2
6.0, -2.0, -6.0; 1
7.0, -2.0, -6.0; 6
8.0, -2.0, -6.0; 1
-9.0, -1.0, -6.0; 1
-8.0, -1.0, -6.0; 6
-7.0, -1.0, -6.0; 7
-6.0, -1.0, -6.0; 11
-5.0, -1.0, -6.0; 4
-4.0, -1.0, -6.0; 5
-3.0, -1.0, -6.0; 17
-2.0, -1.0, -6.0; 72
-1.0, -1.0, -6.0; 26
0.0, -1.0, -6.0; 13
1.0, -1.0, -6.0; 12
2.0, -1.0, -6.0; 3
3.0, -1.0, -6.0; 10
4.0, -1.0, -6.0; 15
5.0, -1.0, -6.0; 2
6.0, -1.0, -6.0; 1
7.0, -1.0, -6.0; 4
-8.0, 0.0, -6.0; 3
-7.0, 0.0, -6.0; 10
-6.0, 0.0, -6.0; 10
-5.0, 0.0, -6.0; 4
-4.0, 0.0, -6.0; 4
-3.0, 0.0, -6.0; 11
-2.0, 0.0, -6.0; 29
-1.0, 0.0, -6.0; 17
0.0, 0.0, -6.0; 13
1.0, 0.0, -6.0; 1
2.0, 0.0, -6.0; 2
3.0, 0.0, -6.0; 21
4.0, 0.0, -6.0; 7
5.0, 0.0, -6.0; 5
6.0, 0.0, -6.0; 3
7.0, 0.0, -6.0; 1
-8.0, 1.0, -6.0; 7
-7.0, 1.0, -6.0; 10
-6.0, 1.0, -6.0; 8
-5.0, 1.0, -6.0; 5
-4.0, 1.0, -6.0; 2
-3.0, 1.0, -6.0; 11
-2.0, 1.0, -6.0; 65
-1.0, 1.0, -6.0; 117
0.0, 1.0, -6.0; 12
1.0, 1.0, -6.0; 1
2.0, 1.0, -6.0; 11
3.0, 1.0, -6.0; 8
4.0, 1.0, -6.0; 7
5.0, 1.0, -6.0; 4
6.0, 1.0, -6.0; 2
7.0, 1.0, -6.0; 1
-8.0, 2.0, -6.0; 5
-7.0, 2.0, -6.0; 9
-6.0, 2.0, -6.0; 4
-5.0, 2.0, -6.0; 8
-4.0, 2.0, -6.0; 16
-3.0, 2.0, -6.0; 3
-2.0, 2.0, -6.0; 12
-1.0, 2.0, -6.0; 32
0.0, 2.0, -6.0; 10
1.0, 2.0, -6.0; 6
2.0, 2.0, -6.0; 10
3.0, 2.0, -6.0; 14
4.0, 2.0, -6.0; 3
5.0, 2.0, -6.0; 3
6.0, 2.0, -6.0; 5
7.0, 2.0, -6.0; 2
-8.0, 3.0, -6.0; 3
-7.0, 3.0, -6.0; 19
-6.0, 3.0, -6.0; 2
-5.0, 3.0, -6.0; 7
-4.0, 3.0, -6.0; 17
-3.0, 3.0, -6.0; 8
-2.0, 3.0, -6.0; 2
-1.0, 3.0, -6.0; 4
0.0, 3.0, -6.0; 4
1.0, 3.0, -6.0; 3
2.0, 3.0, -6.0; 7
3.0, 3.0, -6.0; 4
4.0, 3.0, -6.0; 6
5.0, 3.0, -6.0; 4
6.0, 3.0, -6.0; 7
7.0, 3.0, -6.0; 3
-8.0, 4.0, -6.0; 2
-7.0, 4.0, -6.0; 15
-6.0, 4.0, -6.0; 19
-5.0, 4.0, -6.0; 4
-4.0, 4.0, -6.0; 5
-3.0, 4.0, -6.0; 3
-2.0, 4.0, -6.0; 1
0.0, 4.0, -6.0; 3
1.0, 4.0, -6.0; 6
2.0, 4.0, -6.0; 4
3.0, 4.0, -6.0; 4
4.0, 4.0, -6.0; 3
5.0, 4.0, -6.0; 3
6.0, 4.0, -6.0; 1
-7.0, 5.0, -6.0; 1
-6.0, 5.0, -6.0; 14
-5.0, 5.0, -6.0; 14
-4.0, 5.0, -6.0; 10
-3.0, 5.0, -6.0; 3
-2.0, 5.0, -6.0; 2
-1.0, 5.0, -6.0; 5
0.0, 5.0, -6.0; 4
1.0, 5.0, -6.0; 9
2.0, 5.0, -6.0; 1
3.0, 5.0, -6.0; 2
4.0, 5.0, -6.0; 3
5.0, 5.0, -6.0; 3
6.0, 5.0, -6.0; 2
-6.0, 6.0, -6.0; 2
-5.0, 6.0, -6.0; 8
-4.0, 6.0, -6.0; 18
-3.0, 6.0, -6.0; 14
-2.0, 6.0, -6.0; 6
-1.0, 6.0, -6.0; 3
0.0, 6.0, -6.0; 8
1.0, 6.0, -6.0; 6
2.0, 6.0, -6.0; 8
3.0, 6.0, -6.0; 3
4.0, 6.0, -6.0; 2
-4.0, 7.0, -6.0; 7
-3.0, 7.0, -6.0; 12
-2.0, 7.0, -6.0; 12
-1.0, 7.0, -6.0; 11
0.0, 7.0, -6.0; 14
1.0, 7.0, -6.0; 8
2.0, 7.0, -6.0; 6
3.0, 7.0, -6.0; 5
-3.0, 8.0, -6.0; 3
-2.0, 8.0, -6.0; 2
-1.0, 8.0, -6.0; 11
0.0, 8.0, -6.0; 6
1.0, 8.0, -6.0; 4
2.0, 8.0, -6.0; 1
0.0, -10.0, -5.0; 1
-4.0, -9.0, -5.0; 1
-3.0, -9.0, -5.0; 5
-2.0, -9.0, -5.0; 16
-1.0, -9.0, -5.0; 13
0.0, -9.0, -5.0; 10
1.0, -9.0, -5.0; 12
2.0, -9.0, -5.0; 23
3.0, -9.0, -5.0; 7
-6.0, -8.0, -5.0; 2
-5.0, -8.0, -5.0; 5
-4.0, -8.0, -5.0; 4
-3.0, -8.0, -5.0; 18
-2.0, -8.0, -5.0; 799
-1.0, -8.0, -5.0; 2185
0.0, -8.0, -5.0; 153
1.0, -8.0, -5.0; 28
2.0, -8.0, -5.0; 25
3.0, -8.0, -5.0; 34
4.0, -8.0, -5.0; 17
5.0, -8.0, -5.0; 2
-6.0, -7.0, -5.0; 13
-5.0, -7.0, -5.0; 4
-4.0, -7.0, -5.0; 16
-3.0, -7.0, -5.0; 29
-2.0, -7.0, -5.0; 137
-1.0, -7.0, -5.0; 246
0.0, -7.0, -5.0; 49
1.0, -7.0, -5.0; 19
2.0, -7.0, -5.0; 15
3.0, -7.0, -5.0; 6
4.0, -7.0, -5.0; 4
5.0, -7.0, -5.0; 8
-7.0, -6.0, -5.0; 3
-6.0, -6.0, -5.0; 10
-5.0, -6.0, -5.0; 6
-4.0, -6.0, -5.0; 3
-3.0, -6.0, -5.0; 5
-2.0, -6.0, -5.0; 5
-1.0, -6.0, -5.0; 29
0.0, -6.0, -5.0; 43
1.0, -6.0, -5.0; 10
2.0, -6.0, -5.0; 5
3.0, -6.0, -5.0; 12
4.0, -6.0, -5.0; 2
5.0, -6.0, -5.0; 5
6.0, -6.0, -5.0; 1
-8.0, -5.0, -5.0; 6
-7.0, -5.0, -5.0; 5
-6.0, -5.0, -5.0; 8
-5.0, -5.0, -5.0; 2
-4.0, -5.0, -5.0; 2
-3.0, -5.0, -5.0; 10
-2.0, -5.0, -5.0; 21
-1.0, -5.0, -5.0; 5
0.0, -5.0, -5.0; 16
1.0, -5.0, -5.0; 25
2.0, -5.0, -5.0; 3
3.0, -5.0, -5.0; 1
4.0, -5.0, -5.0; 3
5.0, -5.0, -5.0; 3
6.0, -5.0, -5.0; 3
7.0, -5.0, -5.0; 2
-9.0, -4.0, -5.0; 4
-8.0, -4.0, -5.0; 10
-7.0, -4.0, -5.0; 6
-6.0, -4.0, -5.0; 3
-5.0, -4.0, -5.0; 4
-4.0, -4.0, -5.0; 19
-3.0, -4.0, -5.0; 103
-2.0, -4.0, -5.0; 511
-1.0, -4.0, -5.0; 137
0.0, -4.0, -5.0; 24
1.0, -4.0, -5.0; 240
2.0, -4.0, -5.0; 25
3.0, -4.0, -5.0; 1
4.0, -4.0, -5.0; 3
5.0, -4.0, -5.0; 4
7.0, -4.0, -5.0; 1
-9.0, -3.0, -5.0; 3
-8.0, -3.0, -5.0; 6
-7.0, -3.0, -5.0; 6
-6.0, -3.0, -5.0; 4
-5.0, -3.0, -5.0; 6
-4.0, -3.0, -5.0; 53
-3.0, -3.0, -5.0; 3622
-2.0, -3.0, -5.0; 2787
-1.0, -3.0, -5.0; 77
0.0, -3.0, -5.0; 114
1.0, -3.0, -5.0; 3509
2.0, -3.0, -5.0; 104
3.0, -3.0, -5.0; 3
4.0, -3.0, -5.0; 2
5.0, -3.0, -5.0; 2
6.0, -3.0, -5.0; 2
7.0, -3.0, -5.0; 3
8.0, -3.0, -5.0; 3
-9.0, -2.0, -5.0; 1
-8.0, -2.0, -5.0; 4
-7.0, -2.0, -5.0; 6
-6.0, -2.0, -5.0; 7
-5.0, -2.0, -5.0; 17
-4.0, -2.0, -5.0; 25
-3.0, -2.0, -5.0; 221
-2.0, -2.0, -5.0; 76
-1.0, -2.0, -5.0; 8
0.0, -2.0, -5.0; 63
1.0, -2.0, -5.0; 263
2.0, -2.0, -5.0; 17
3.0, -2.0, -5.0; 3
4.0, -2.0, -5.0; 7
5.0, -2.0, -5.0; 4
6.0, -2.0, -5.0; 1
7.0, -2.0, -5.0; 1
8.0, -2.0, -5.0; 2
-9.0, -1.0, -5.0; 3
-8.0, -1.0, -5.0; 5
-7.0, -1.0, -5.0; 12
-6.0, -1.0, -5.0; 5
-5.0, -1.0, -5.0; 3
-4.0, -1.0, -5.0; 19
-3.0, -1.0, -5.0; 37
-2.0, -1.0, -5.0; 27
-1.0, -1.0, -5.0; 9
0.0, -1.0, -5.0; 3
1.0, -1.0, -5.0; 5
2.0, -1.0, -5.0; 4
3.0, -1.0, -5.0; 4
4.0, -1.0, -5.0; 22
5.0, -1.0, -5.0; 4
6.0, -1.0, -5.0; 2
-9.0, 0.0, -5.0; 4
-8.0, 0.0, -5.0; 6
-7.0, 0.0, -5.0; 32
-6.0, 0.0, -5.0; 2
-5.0, 0.0, -5.0; 9
-4.0, 0.0, -5.0; 19
-3.0, 0.0, -5.0; 28
-2.0, 0.0, -5.0; 21
-1.0, 0.0, -5.0; 10
0.0, 0.0, -5.0; 4
1.0, 0.0, -5.0; 3
2.0, 0.0, -5.0; 1
3.0, 0.0, -5.0; 31
4.0, 0.0, -5.0; 8
6.0, 0.0, -5.0; 2
-9.0, 1.0, -5.0; 3
-8.0, 1.0, -5.0; 10
-7.0, 1.0, -5.0; 1
-6.0, 1.0, -5.0; 13
-5.0, 1.0, -5.0; 17
-4.0, 1.0, -5.0; 7
-3.0, 1.0, -5.0; 26
-2.0, 1.0, -5.0; 27
-1.0, 1.0, -5.0; 30
0.0, 1.0, -5.0; 31
1.0, 1.0, -5.0; 7
2.0, 1.0, -5.0; 5
3.0, 1.0, -5.0; 8
4.0, 1.0, -5.0; 5
5.0, 1.0, -5.0; 4
6.0, 1.0, -5.0; 1
7.0, 1.0, -5.0; 1
-9.0, 2.0, -5.0; 8
-8.0, 2.0, -5.0; 7
-7.0, 2.0, -5.0; 5
-6.0, 2.0, -5.0; 29
-5.0, 2.0, -5.0; 27
-4.0, 2.0, -5.0; 9
-3.0, 2.0, -5.0; 8
-2.0, 2.0, -5.0; 8
-1.0, 2.0, -5.0; 28
0.0, 2.0, -5.0; 69
1.0, 2.0, -5.0; 25
2.0, 2.0, -5.0; 3
3.0, 2.0, -5.0; 9
4.0, 2.0, -5.0; 10
5.0, 2.0, -5.0; 1
6.0, 2.0, -5.0; 7
7.0, 2.0, -5.0; 2
8.0, 2.0, -5.0; 1
-8.0, 3.0, -5.0; 11
-7.0, 3.0, -5.0; 6
-6.0, 3.0, -5.0; 2
-5.0, 3.0, -5.0; 15
-4.0, 3.0, -5.0; 14
-3.0, 3.0, -5.0; 9
-2.0, 3.0, -5.0; 11
-1.0, 3.0, -5.0; 44
0.0, 3.0, -5.0; 95
1.0, 3.0, -5.0; 17
2.0, 3.0, -5.0; 3
3.0, 3.0, -5.0; 6
4.0, 3.0, -5.0; 6
5.0, 3.0, -5.0; 2
6.0, 3.0, -5.0; 8
7.0, 3.0, -5.0; 3
-8.0, 4.0, -5.0; 7
-7.0, 4.0, -5.0; 24
-6.0, 4.0, -5.0; 5
-5.0, 4.0, -5.0; 4
-4.0, 4.0, -5.0; 3
-3.0, 4.0, -5.0; 7
-2.0, 4.0, -5.0; 35
-1.0, 4.0, -5.0; 14
0.0, 4.0, -5.0; 5
1.0, 4.0, -5.0; 1
2.0, 4.0, -5.0; 7
3.0, 4.0, -5.0; 4
4.0, 4.0, -5.0; 7
6.0, 4.0, -5.0; 1
-7.0, 5.0, -5.0; 22
-6.0, 5.0, -5.0; 16
-5.0, 5.0, -5.0; 12
-4.0, 5.0, -5.0; 6
-3.0, 5.0, -5.0; 3
-2.0, 5.0, -5.0; 3
-1.0, 5.0, -5.0; 5
0.0, 5.0, -5.0; 4
1.0, 5.0, -5.0; 1
2.0, 5.0, -5.0; 4
3.0, 5.0, -5.0; 2
4.0, 5.0, -5.0; 7
5.0, 5.0, -5.0; 4
6.0, 5.0, -5.0; 1
-6.0, 6.0, -5.0; 5
-5.0, 6.0, -5.0; 15
-4.0, 6.0, -5.0; 8
-3.0, 6.0, -5.0; 9
-2.0, 6.0, -5.0; 4
-1.0, 6.0, -5.0; 6
0.0, 6.0, -5.0; 7
1.0, 6.0, -5.0; 11
2.0, 6.0, -5.0; 13
3.0, 6.0, -5.0; 8
4.0, 6.0, -5.0; 3
5.0, 6.0, -5.0; 3
-6.0, 7.0, -5.0; 2
-5.0, 7.0, -5.0; 6
-4.0, 7.0, -5.0; 7
-3.0, 7.0, -5.0; 17
-2.0, 7.0, -5.0; 13
-1.0, 7.0, -5.0; 12
0.0, 7.0, -5.0; 12
1.0, 7.0, -5.0; 20
2.0, 7.0, -5.0; 12
3.0, 7.0, -5.0; 2
4.0, 7.0, -5.0; 3
-4.0, 8.0, -5.0; 4
-3.0, 8.0, -5.0; 10
-2.0, 8.0, -5.0; 7
-1.0, 8.0, -5.0; 14
0.0, 8.0, -5.0; 26
1.0, 8.0, -5.0; 8
2.0, 8.0, -5.0; 2
0.0, 9.0, -5.0; 1
-2.0, -10.0, -4.0; 2
-1.0, -10.0, -4.0; 2
0.0, -10.0, -4.0; 4
1.0, -10.0, -4.0; 5
2.0, -10.0, -4.0; 1
-5.0, -9.0, -4.0; 1
-4.0, -9.0, -4.0; 5
-3.0, -9.0, -4.0; 15
-2.0, -9.0, -4.0; 10
-1.0, -9.0, -4.0; 44
0.0, -9.0, -4.0; 17
1.0, -9.0, -4.0; 22
2.0, -9.0, -4.0; 20
3.0, -9.0, -4.0; 14
-6.0, -8.0, -4.0; 4
-5.0, -8.0, -4.0; 10
-4.0, -8.0, -4.0; 12
-3.0, -8.0, -4.0; 20
-2.0, -8.0, -4.0; 126
-1.0, -8.0, -4.0; 376
0.0, -8.0, -4.0; 63
1.0, -8.0, -4.0; 15
2.0, -8.0, -4.0; 11
3.0, -8.0, -4.0; 9
4.0, -8.0, -4.0; 15
5.0, -8.0, -4.0; 2
-7.0, -7.0, -4.0; 10
-6.0, -7.0, -4.0; 19
-5.0, -7.0, -4.0; 7
-4.0, -7.0, -4.0; 3
-3.0, -7.0, -4.0; 3
-2.0, -7.0, -4.0; 5
-1.0, -7.0, -4.0; 42
0.0, -7.0, -4.0; 45
1.0, -7.0, -4.0; 27
2.0, -7.0, -4.0; 8
3.0, -7.0, -4.0; 6
4.0, -7.0, -4.0; 8
5.0, -7.0, -4.0; 19
6.0, -7.0, -4.0; 2
-8.0, -6.0, -4.0; 9
-7.0, -6.0, -4.0; 16
-6.0, -6.0, -4.0; 6
-5.0, -6.0, -4.0; 2
-4.0, -6.0, -4.0; 2
-3.0, -6.0, -4.0; 5
-2.0, -6.0, -4.0; 15
-1.0, -6.0, -4.0; 15
0.0, -6.0, -4.0; 18
1.0, -6.0, -4.0; 81
2.0, -6.0, -4.0; 13
3.0, -6.0, -4.0; 3
4.0, -6.0, -4.0; 6
5.0, -6.0, -4.0; 10
6.0, -6.0, -4.0; 3
-9.0, -5.0, -4.0; 2
-8.0, -5.0, -4.0; 11
-7.0, -5.0, -4.0; 4
-6.0, -5.0, -4.0; 3
-4.0, -5.0, -4.0; 4
-3.0, -5.0, -4.0; 13
-2.0, -5.0, -4.0; 70
-1.0, -5.0, -4.0; 329
0.0, -5.0, -4.0; 30
1.0, -5.0, -4.0; 97
2.0, -5.0, -4.0; 56
3.0, -5.0, -4.0; 7
5.0, -5.0, -4.0; 3
6.0, -5.0, -4.0; 6
-9.0, -4.0, -4.0; 8
-8.0, -4.0, -4.0; 14
-7.0, -4.0, -4.0; 10
-6.0, -4.0, -4.0; 3
-5.0, -4.0, -4.0; 11
-4.0, -4.0, -4.0; 63
-3.0, -4.0, -4.0; 34
-2.0, -4.0, -4.0; 38
-1.0, -4.0, -4.0; 102
0.0, -4.0, -4.0; 18
1.0, -4.0, -4.0; 149
2.0, -4.0, -4.0; 225
3.0, -4.0, -4.0; 7
4.0, -4.0, -4.0; 4
5.0, -4.0, -4.0; 3
6.0, -4.0, -4.0; 2
7.0, -4.0, -4.0; 1
8.0, -4.0, -4.0; 2
-9.0, -3.0, -4.0; 4
-8.0, -3.0, -4.0; 6
-7.0, -3.0, -4.0; 3
-6.0, -3.0, -4.0; 7
-5.0, -3.0, -4.0; 25
-4.0, -3.0, -4.0; 97
-3.0, -3.0, -4.0; 77
-2.0, -3.0, -4.0; 4
-1.0, -3.0, -4.0; 4
0.0, -3.0, -4.0; 4
1.0, -3.0, -4.0; 685
2.0, -3.0, -4.0; 389
3.0, -3.0, -4.0; 9
4.0, -3.0, -4.0; 4
5.0, -3.0, -4.0; 8
6.0, -3.0, -4.0; 1
7.0, -3.0, -4.0; 2
8.0, -3.0, -4.0; 1
-9.0, -2.0, -4.0; 1
-8.0, -2.0, -4.0; 6
-7.0, -2.0, -4.0; 15
-6.0, -2.0, -4.0; 7
-5.0, -2.0, -4.0; 16
-4.0, -2.0, -4.0; 37
-3.0, -2.0, -4.0; 21
0.0, -2.0, -4.0; 3
1.0, -2.0, -4.0; 17
2.0, -2.0, -4.0; 15
3.0, -2.0, -4.0; 1
4.0, -2.0, -4.0; 8
5.0, -2.0, -4.0; 10
6.0, -2.0, -4.0; 2
7.0, -2.0, -4.0; 2
8.0, -2.0, -4.0; 2
-10.0, -1.0, -4.0; 1
-9.0, -1.0, -4.0; 4
-8.0, -1.0, -4.0; 8
-7.0, -1.0, -4.0; 34
-6.0, -1.0, -4.0; 2
-5.0, -1.0, -4.0; 15
-4.0, -1.0, -4.0; 6
-3.0, -1.0, -4.0; 1
-2.0, -1.0, -4.0; 1
1.0, -1.0, -4.0; 1
2.0, -1.0, -4.0; 1
4.0, -1.0, -4.0; 8
5.0, -1.0, -4.0; 4
6.0, -1.0, -4.0; 2
7.0, -1.0, -4.0; 2
8.0, -1.0, -4.0; 1
-9.0, 0.0, -4.0; 4
-8.0, 0.0, -4.0; 8
-7.0, 0.0, -4.0; 10
-6.0, 0.0, -4.0; 12
-5.0, 0.0, -4.0; 18
-4.0, 0.0, -4.0; 7
3.0, 0.0, -4.0; 1
4.0, 0.0, -4.0; 4
5.0, 0.0, -4.0; 4
6.0, 0.0, -4.0; 1
9.0, 0.0, -4.0; 1
-9.0, 1.0, -4.0; 5
-8.0, 1.0, -4.0; 9
-7.0, 1.0, -4.0; 4
-6.0, 1.0, -4.0; 33
-5.0, 1.0, -4.0; 19
-4.0, 1.0, -4.0; 6
2.0, 1.0, -4.0; 3
4.0, 1.0, -4.0; 6
5.0, 1.0, -4.0; 4
6.0, 1.0, -4.0; 2
7.0, 1.0, -4.0; 2
-9.0, 2.0, -4.0; 14
-8.0, 2.0, -4.0; 4
-7.0, 2.0, -4.0; 6
-6.0, 2.0, -4.0; 68
-5.0, 2.0, -4.0; 17
-4.0, 2.0, -4.0; 5
1.0, 2.0, -4.0; 1
2.0, 2.0, -4.0; 7
3.0, 2.0, -4.0; 8
4.0, 2.0, -4.0; 8
5.0, 2.0, -4.0; 3
6.0, 2.0, -4.0; 3
7.0, 2.0, -4.0; 4
-9.0, 3.0, -4.0; 2
-8.0, 3.0, -4.0; 25
-7.0, 3.0, -4.0; 2
-6.0, 3.0, -4.0; 25
-5.0, 3.0, -4.0; 10
-4.0, 3.0, -4.0; 5
-3.0, 3.0, -4.0; 2
-1.0, 3.0, -4.0; 7
0.0, 3.0, -4.0; 108
1.0, 3.0, -4.0; 43
2.0, 3.0, -4.0; 7
3.0, 3.0, -4.0; 6
4.0, 3.0, -4.0; 2
5.0, 3.0, -4.0; 3
7.0, 3.0, -4.0; 2
8.0, 3.0, -4.0; 1
-9.0, 4.0, -4.0; 4
-8.0, 4.0, -4.0; 21
-7.0, 4.0, -4.0; 25
-6.0, 4.0, -4.0; 3
-5.0, 4.0, -4.0; 3
-4.0, 4.0, -4.0; 6
-3.0, 4.0, -4.0; 11
-2.0, 4.0, -4.0; 45
-1.0, 4.0, -4.0; 55
0.0, 4.0, -4.0; 202
1.0, 4.0, -4.0; 72
2.0, 4.0, -4.0; 5
3.0, 4.0, -4.0; 3
4.0, 4.0, -4.0; 7
5.0, 4.0, -4.0; 1
6.0, 4.0, -4.0; 2
7.0, 4.0, -4.0; 5
-8.0, 5.0, -4.0; 8
-7.0, 5.0, -4.0; 27
-6.0, 5.0, -4.0; 4
-5.0, 5.0, -4.0; 1
-3.0, 5.0, -4.0; 3
-2.0, 5.0, -4.0; 77
-1.0, 5.0, -4.0; 187
0.0, 5.0, -4.0; 80
1.0, 5.0, -4.0; 3
2.0, 5.0, -4.0; 3
3.0, 5.0, -4.0; 4
4.0, 5.0, -4.0; 2
5.0, 5.0, -4.0; 3
6.0, 5.0, -4.0; 3
7.0, 5.0, -4.0; 4
-7.0, 6.0, -4.0; 12
-6.0, 6.0, -4.0; 19
-5.0, 6.0, -4.0; 12
-4.0, 6.0, -4.0; 1
-3.0, 6.0, -4.0; 1
-2.0, 6.0, -4.0; 2
-1.0, 6.0, -4.0; 10
0.0, 6.0, -4.0; 7
1.0, 6.0, -4.0; 7
2.0, 6.0, -4.0; 15
3.0, 6.0, -4.0; 8
4.0, 6.0, -4.0; 1
6.0, 6.0, -4.0; 3
-7.0, 7.0, -4.0; 1
-6.0, 7.0, -4.0; 7
-5.0, 7.0, -4.0; 17
-4.0, 7.0, -4.0; 4
-3.0, 7.0, -4.0; 8
-2.0, 7.0, -4.0; 8
-1.0, 7.0, -4.0; 9
0.0, 7.0, -4.0; 10
1.0, 7.0, -4.0; 27
2.0, 7.0, -4.0; 21
3.0, 7.0, -4.0; 14
4.0, 7.0, -4.0; 3
5.0, 7.0, -4.0; 2
-4.0, 8.0, -4.0; 9
-3.0, 8.0, -4.0; 6
-2.0, 8.0, -4.0; 20
-1.0, 8.0, -4.0; 14
0.0, 8.0, -4.0; 24
1.0, 8.0, -4.0; 31
2.0, 8.0, -4.0; 12
3.0, 8.0, -4.0; 4
-2.0, 9.0, -4.0; 6
-1.0, 9.0, -4.0; 7
0.0, 9.0, -4.0; 11
1.0, 9.0, -4.0; 4
2.0, 9.0, -4.0; 3
-3.0, -10.0, -3.0; 6
-2.0, -10.0, -3.0; 9
-1.0, -10.0, -3.0; 19
0.0, -10.0, -3.0; 14
1.0, -10.0, -3.0; 17
2.0, -10.0, -3.0; 5
3.0, -10.0, -3.0; 1
-5.0, -9.0, -3.0; 3
-4.0, -9.0, -3.0; 10
-3.0, -9.0, -3.0; 9
-2.0, -9.0, -3.0; 15
-1.0, -9.0, -3.0; 40
0.0, -9.0, -3.0; 41
1.0, -9.0, -3.0; 18
2.0, -9.0, -3.0; 14
3.0, -9.0, -3.0; 11
4.0, -9.0, -3.0; 5
-7.0, -8.0, -3.0; 4
-6.0, -8.0, -3.0; 5
-5.0, -8.0, -3.0; 10
-4.0, -8.0, -3.0; 21
-3.0, -8.0, -3.0; 13
-2.0, -8.0, -3.0; 17
-1.0, -8.0, -3.0; 35
0.0, -8.0, -3.0; 29
1.0, -8.0, -3.0; 10
2.0, -8.0, -3.0; 7
3.0, -8.0, -3.0; 15
4.0, -8.0, -3.0; 8
5.0, -8.0, -3.0; 10
6.0, -8.0, -3.0; 1
-8.0, -7.0, -3.0; 3
-7.0, -7.0, -3.0; 25
-6.0, -7.0, -3.0; 15
-5.0, -7.0, -3.0; 5
-3.0, -7.0, -3.0; 1
-1.0, -7.0, -3.0; 8
0.0, -7.0, -3.0; 49
1.0, -7.0, -3.0; 71
2.0, -7.0, -3.0; 10
3.0, -7.0, -3.0; 6
4.0, -7.0, -3.0; 1
5.0, -7.0, -3.0; 28
6.0, -7.0, -3.0; 2
-9.0, -6.0, -3.0; 1
-8.0, -6.0, -3.0; 18
-7.0, -6.0, -3.0; 15
-6.0, -6.0, -3.0; 2
-2.0, -6.0, -3.0; 7
-1.0, -6.0, -3.0; 165
0.0, -6.0, -3.0; 143
1.0, -6.0, -3.0; 2806
2.0, -6.0, -3.0; 484
3.0, -6.0, -3.0; 6
4.0, -6.0, -3.0; 1
5.0, -6.0, -3.0; 11
6.0, -6.0, -3.0; 6
7.0, -6.0, -3.0; 2
-9.0, -5.0, -3.0; 18
-8.0, -5.0, -3.0; 30
-7.0, -5.0, -3.0; 3
-6.0, -5.0, -3.0; 4
-3.0, -5.0, -3.0; 2
-2.0, -5.0, -3.0; 2
-1.0, -5.0, -3.0; 55
0.0, -5.0, -3.0; 67
1.0, -5.0, -3.0; 68
2.0, -5.0, -3.0; 214
3.0, -5.0, -3.0; 15
4.0, -5.0, -3.0; 2
5.0, -5.0, -3.0; 1
6.0, -5.0, -3.0; 2
-10.0, -4.0, -3.0; 1
-9.0, -4.0, -3.0; 14
-8.0, -4.0, -3.0; 12
-7.0, -4.0, -3.0; 6
-6.0, -4.0, -3.0; 5
-5.0, -4.0, -3.0; 26
-4.0, -4.0, -3.0; 6
-3.0, -4.0, -3.0; 4
-2.0, -4.0, -3.0; 4
-1.0, -4.0, -3.0; 4
0.0, -4.0, -3.0; 1
1.0, -4.0, -3.0; 13
2.0, -4.0, -3.0; 90
3.0, -4.0, -3.0; 27
4.0, -4.0, -3.0; 1
5.0, -4.0, -3.0; 5
6.0, -4.0, -3.0; 5
8.0, -4.0, -3.0; 3
-9.0, -3.0, -3.0; 5
-8.0, -3.0, -3.0; 4
-7.0, -3.0, -3.0; 3
-6.0, -3.0, -3.0; 15
-5.0, -3.0, -3.0; 60
-4.0, -3.0, -3.0; 2
-3.0, -3.0, -3.0; 7
-2.0, -3.0, -3.0; 1
1.0, -3.0, -3.0; 1
2.0, -3.0, -3.0; 6
3.0, -3.0, -3.0; 14
4.0, -3.0, -3.0; 2
5.0, -3.0, -3.0; 12
6.0, -3.0, -3.0; 2
7.0, -3.0, -3.0; 2
8.0, -3.0, -3.0; 2
-10.0, -2.0, -3.0; 1
-9.0, -2.0, -3.0; 4
-8.0, -2.0, -3.0; 11
-7.0, -2.0, -3.0; 11
-6.0, -2.0, -3.0; 10
-5.0, -2.0, -3.0; 18
-4.0, -2.0, -3.0; 1
-3.0, -2.0, -3.0; 2
4.0, -2.0, -3.0; 2
5.0, -2.0, -3.0; 5
6.0, -2.0, -3.0; 3
7.0, -2.0, -3.0; 2
8.0, -2.0, -3.0; 1
9.0, -2.0, -3.0; 1
-9.0, -1.0, -3.0; 3
-8.0, -1.0, -3.0; 9
-7.0, -1.0, -3.0; 16
-6.0, -1.0, -3.0; 4
-5.0, -1.0, -3.0; 2
4.0, -1.0, -3.0; 2
5.0, -1.0, -3.0; 9
6.0, -1.0, -3.0; 5
7.0, -1.0, -3.0; 2
-10.0, 0.0, -3.0; 4
-9.0, 0.0, -3.0; 3
-8.0, 0.0, -3.0; 6
-7.0, 0.0, -3.0; 1
-6.0, 0.0, -3.0; 39
-5.0, 0.0, -3.0; 10
4.0, 0.0, -3.0; 1
5.0, 0.0, -3.0; 9
6.0, 0.0, -3.0; 4
7.0, 0.0, -3.0; 3
-10.0, 1.0, -3.0; 2
-9.0, 1.0, -3.0; 4
-8.0, 1.0, -3.0; 5
-7.0, 1.0, -3.0; 9
-6.0, 1.0, -3.0; 115
-5.0, 1.0, -3.0; 25
-4.0, 1.0, -3.0; 1
4.0, 1.0, -3.0; 4
5.0, 1.0, -3.0; 10
6.0, 1.0, -3.0; 1
7.0, 1.0, -3.0; 2
8.0, 1.0, -3.0; 1
-10.0, 2.0, -3.0; 2
-9.0, 2.0, -3.0; 9
-8.0, 2.0, -3.0; 7
-7.0, 2.0, -3.0; 13
-6.0, 2.0, -3.0; 29
-5.0, 2.0, -3.0; 13
3.0, 2.0, -3.0; 1
4.0, 2.0, -3.0; 4
5.0, 2.0, -3.0; 7
7.0, 2.0, -3.0; 5
-9.0, 3.0, -3.0; 11
-8.0, 3.0, -3.0; 18
-7.0, 3.0, -3.0; 5
-6.0, 3.0, -3.0; 48
-5.0, 3.0, -3.0; 14
-4.0, 3.0, -3.0; 1
1.0, 3.0, -3.0; 3
2.0, 3.0, -3.0; 3
3.0, 3.0, -3.0; 4
4.0, 3.0, -3.0; 8
5.0, 3.0, -3.0; 4
6.0, 3.0, -3.0; 2
7.0, 3.0, -3.0; 5
8.0, 3.0, -3.0; 1
-9.0, 4.0, -3.0; 6
-8.0, 4.0, -3.0; 32
-7.0, 4.0, -3.0; 7
-6.0, 4.0, -3.0; 5
-5.0, 4.0, -3.0; 13
-4.0, 4.0, -3.0; 4
0.0, 4.0, -3.0; 67
1.0, 4.0, -3.0; 202
2.0, 4.0, -3.0; 17
3.0, 4.0, -3.0; 11
4.0, 4.0, -3.0; 7
5.0, 4.0, -3.0; 9
6.0, 4.0, -3.0; 2
7.0, 4.0, -3.0; 4
-8.0, 5.0, -3.0; 15
-7.0, 5.0, -3.0; 21
-6.0, 5.0, -3.0; 6
-5.0, 5.0, -3.0; 1
-4.0, 5.0, -3.0; 1
-3.0, 5.0, -3.0; 2
-2.0, 5.0, -3.0; 26
-1.0, 5.0, -3.0; 86
0.0, 5.0, -3.0; 117
1.0, 5.0, -3.0; 59
2.0, 5.0, -3.0; 4
3.0, 5.0, -3.0; 5
4.0, 5.0, -3.0; 7
5.0, 5.0, -3.0; 3
6.0, 5.0, -3.0; 4
7.0, 5.0, -3.0; 1
8.0, 5.0, -3.0; 1
-8.0, 6.0, -3.0; 1
-7.0, 6.0, -3.0; 20
-6.0, 6.0, -3.0; 18
-5.0, 6.0, -3.0; 11
-4.0, 6.0, -3.0; 1
-3.0, 6.0, -3.0; 4
-2.0, 6.0, -3.0; 16
-1.0, 6.0, -3.0; 89
0.0, 6.0, -3.0; 96
1.0, 6.0, -3.0; 24
2.0, 6.0, -3.0; 3
3.0, 6.0, -3.0; 8
4.0, 6.0, -3.0; 2
5.0, 6.0, -3.0; 3
6.0, 6.0, -3.0; 2
-7.0, 7.0, -3.0; 2
-6.0, 7.0, -3.0; 12
-5.0, 7.0, -3.0; 16
-4.0, 7.0, -3.0; 7
-3.0, 7.0, -3.0; 9
-2.0, 7.0, -3.0; 7
-1.0, 7.0, -3.0; 4
0.0, 7.0, -3.0; 8
1.0, 7.0, -3.0; 27
2.0, 7.0, -3.0; 39
3.0, 7.0, -3.0; 11
4.0, 7.0, -3.0; 5
5.0, 7.0, -3.0; 1
-5.0, 8.0, -3.0; 9
-4.0, 8.0, -3.0; 15
-3.0, 8.0, -3.0; 21
-2.0, 8.0, -3.0; 35
-1.0, 8.0, -3.0; 28
0.0, 8.0, -3.0; 39
1.0, 8.0, -3.0; 25
2.0, 8.0, -3.0; 29
3.0, 8.0, -3.0; 9
-4.0, 9.0, -3.0; 1
-3.0, 9.0, -3.0; 5
-2.0, 9.0, -3.0; 14
-1.0, 9.0, -3.0; 17
0.0, 9.0, -3.0; 28
1.0, 9.0, -3.0; 21
2.0, 9.0, -3.0; 10
-4.0, -10.0, -2.0; 9
-3.0, -10.0, -2.0; 14
-2.0, -10.0, -2.0; 20
-1.0, -10.0, -2.0; 24
0.0, -10.0, -2.0; 28
1.0, -10.0, -2.0; 25
2.0, -10.0, -2.0; 10
-6.0, -9.0, -2.0; 3
-5.0, -9.0, -2.0; 10
-4.0, -9.0, -2.0; 9
-3.0, -9.0, -2.0; 8
-2.0, -9.0, -2.0; 10
-1.0, -9.0, -2.0; 40
0.0, -9.0, -2.0; 22
1.0, -9.0, -2.0; 10
2.0, -9.0, -2.0; 8
3.0, -9.0, -2.0; 9
4.0, -9.0, -2.0; 4
-7.0, -8.0, -2.0; 8
-6.0, -8.0, -2.0; 13
-5.0, -8.0, -2.0; 4
-4.0, -8.0, -2.0; 6
-3.0, -8.0, -2.0; 4
-2.0, -8.0, -2.0; 9
-1.0, -8.0, -2.0; 6
0.0, -8.0, -2.0; 24
1.0, -8.0, -2.0; 17
2.0, -8.0, -2.0; 9
3.0, -8.0, -2.0; 21
4.0, -8.0, -2.0; 12
5.0, -8.0, -2.0; 5
6.0, -8.0, -2.0; 3
-8.0, -7.0, -2.0; 6
-7.0, -7.0, -2.0; 22
-6.0, -7.0, -2.0; 4
-5.0, -7.0, -2.0; 1
-4.0, -7.0, -2.0; 3
-2.0, -7.0, -2.0; 3
-1.0, -7.0, -2.0; 13
0.0, -7.0, -2.0; 65
1.0, -7.0, -2.0; 86
2.0, -7.0, -2.0; 16
3.0, -7.0, -2.0; 3
4.0, -7.0, -2.0; 8
5.0, -7.0, -2.0; 22
6.0, -7.0, -2.0; 6
7.0, -7.0, -2.0; 1
-9.0, -6.0, -2.0; 1
-8.0, -6.0, -2.0; 25
-7.0, -6.0, -2.0; 7
-5.0, -6.0, -2.0; 1
-4.0, -6.0, -2.0; 1
-1.0, -6.0, -2.0; 45
0.0, -6.0, -2.0; 156
1.0, -6.0, -2.0; 1614
2.0, -6.0, -2.0; 407
3.0, -6.0, -2.0; 8
4.0, -6.0, -2.0; 4
5.0, -6.0, -2.0; 15
6.0, -6.0, -2.0; 4
7.0, -6.0, -2.0; 1
-9.0, -5.0, -2.0; 39
-8.0, -5.0, -2.0; 23
-7.0, -5.0, -2.0; 4
-6.0, -5.0, -2.0; 1
-5.0, -5.0, -2.0; 1
-4.0, -5.0, -2.0; 1
-2.0, -5.0, -2.0; 1
-1.0, -5.0, -2.0; 2
0.0, -5.0, -2.0; 6
1.0, -5.0, -2.0; 19
2.0, -5.0, -2.0; 140
3.0, -5.0, -2.0; 21
5.0, -5.0, -2.0; 4
6.0, -5.0, -2.0; 4
7.0, -5.0, -2.0; 1
-10.0, -4.0, -2.0; 3
-9.0, -4.0, -2.0; 29
-8.0, -4.0, -2.0; 22
-7.0, -4.0, -2.0; 9
-6.0, -4.0, -2.0; 5
-5.0, -4.0, -2.0; 14
-4.0, -4.0, -2.0; 1
1.0, -4.0, -2.0; 1
2.0, -4.0, -2.0; 19
3.0, -4.0, -2.0; 21
4.0, -4.0, -2.0; 7
5.0, -4.0, -2.0; 6
-10.0, -3.0, -2.0; 2
-9.0, -3.0, -2.0; 11
-8.0, -3.0, -2.0; 5
-7.0, -3.0, -2.0; 2
-6.0, -3.0, -2.0; 19
-5.0, -3.0, -2.0; 23
2.0, -3.0, -2.0; 1
3.0, -3.0, -2.0; 3
5.0, -3.0, -2.0; 7
6.0, -3.0, -2.0; 3
8.0, -3.0, -2.0; 1
-10.0, -2.0, -2.0; 1
-9.0, -2.0, -2.0; 8
-8.0, -2.0, -2.0; 8
-7.0, -2.0, -2.0; 11
-6.0, -2.0, -2.0; 13
-5.0, -2.0, -2.0; 7
4.0, -2.0, -2.0; 3
5.0, -2.0, -2.0; 7
6.0, -2.0, -2.0; 4
7.0, -2.0, -2.0; 2
9.0, -2.0, -2.0; 1
-10.0, -1.0, -2.0; 4
-9.0, -1.0, -2.0; 7
-8.0, -1.0, -2.0; 4
-7.0, -1.0, -2.0; 1
-6.0, -1.0, -2.0; 4
-5.0, -1.0, -2.0; 1
5.0, -1.0, -2.0; 8
6.0, -1.0, -2.0; 7
9.0, -1.0, -2.0; 1
-10.0, 0.0, -2.0; 1
-9.0, 0.0, -2.0; 14
-8.0, 0.0, -2.0; 4
-7.0, 0.0, -2.0; 6
-6.0, 0.0, -2.0; 41
-5.0, 0.0, -2.0; 1
5.0, 0.0, -2.0; 13
6.0, 0.0, -2.0; 2
8.0, 0.0, -2.0; 1
-10.0, 1.0, -2.0; 3
-9.0, 1.0, -2.0; 10
-8.0, 1.0, -2.0; 4
-7.0, 1.0, -2.0; 5
-6.0, 1.0, -2.0; 947
-5.0, 1.0, -2.0; 65
4.0, 1.0, -2.0; 3
5.0, 1.0, -2.0; 6
6.0, 1.0, -2.0; 2
8.0, 1.0, -2.0; 1
-10.0, 2.0, -2.0; 4
-9.0, 2.0, -2.0; 10
-8.0, 2.0, -2.0; 9
-7.0, 2.0, -2.0; 16
-6.0, 2.0, -2.0; 66
-5.0, 2.0, -2.0; 32
2.0, 2.0, -2.0; 1
4.0, 2.0, -2.0; 3
5.0, 2.0, -2.0; 5
6.0, 2.0, -2.0; 1
7.0, 2.0, -2.0; 2
-9.0, 3.0, -2.0; 22
-8.0, 3.0, -2.0; 26
-7.0, 3.0, -2.0; 14
-6.0, 3.0, -2.0; 45
-5.0, 3.0, -2.0; 9
-3.0, 3.0, -2.0; 1
4.0, 3.0, -2.0; 2
5.0, 3.0, -2.0; 10
6.0, 3.0, -2.0; 1
7.0, 3.0, -2.0; 2
-9.0, 4.0, -2.0; 12
-8.0, 4.0, -2.0; 25
-7.0, 4.0, -2.0; 12
-6.0, 4.0, -2.0; 39
-5.0, 4.0, -2.0; 32
-4.0, 4.0, -2.0; 2
-2.0, 4.0, -2.0; 1
1.0, 4.0, -2.0; 66
2.0, 4.0, -2.0; 42
3.0, 4.0, -2.0; 9
4.0, 4.0, -2.0; 17
5.0, 4.0, -2.0; 22
6.0, 4.0, -2.0; 8
7.0, 4.0, -2.0; 8
-8.0, 5.0, -2.0; 21
-7.0, 5.0, -2.0; 21
-6.0, 5.0, -2.0; 2
-5.0, 5.0, -2.0; 4
-4.0, 5.0, -2.0; 4
-3.0, 5.0, -2.0; 2
-2.0, 5.0, -2.0; 4
-1.0, 5.0, -2.0; 14
0.0, 5.0, -2.0; 59
1.0, 5.0, -2.0; 135
2.0, 5.0, -2.0; 27
3.0, 5.0, -2.0; 6
4.0, 5.0, -2.0; 7
5.0, 5.0, -2.0; 8
6.0, 5.0, -2.0; 9
7.0, 5.0, -2.0; 1
-8.0, 6.0, -2.0; 6
-7.0, 6.0, -2.0; 40
-6.0, 6.0, -2.0; 47
-5.0, 6.0, -2.0; 20
-4.0, 6.0, -2.0; 3
-3.0, 6.0, -2.0; 9
-2.0, 6.0, -2.0; 28
-1.0, 6.0, -2.0; 80
0.0, 6.0, -2.0; 199
1.0, 6.0, -2.0; 100
2.0, 6.0, -2.0; 6
3.0, 6.0, -2.0; 15
4.0, 6.0, -2.0; 6
5.0, 6.0, -2.0; 1
6.0, 6.0, -2.0; 2
7.0, 6.0, -2.0; 1
-7.0, 7.0, -2.0; 12
-6.0, 7.0, -2.0; 14
-5.0, 7.0, -2.0; 27
-4.0, 7.0, -2.0; 26
-3.0, 7.0, -2.0; 8
-2.0, 7.0, -2.0; 3
-1.0, 7.0, -2.0; 11
0.0, 7.0, -2.0; 8
1.0, 7.0, -2.0; 12
2.0, 7.0, -2.0; 39
3.0, 7.0, -2.0; 22
4.0, 7.0, -2.0; 3
5.0, 7.0, -2.0; 1
6.0, 7.0, -2.0; 2
-6.0, 8.0, -2.0; 6
-5.0, 8.0, -2.0; 17
-4.0, 8.0, -2.0; 21
-3.0, 8.0, -2.0; 14
-2.0, 8.0, -2.0; 30
-1.0, 8.0, -2.0; 30
0.0, 8.0, -2.0; 39
1.0, 8.0, -2.0; 28
2.0, 8.0, -2.0; 18
3.0, 8.0, -2.0; 13
4.0, 8.0, -2.0; 2
-4.0, 9.0, -2.0; 4
-3.0, 9.0, -2.0; 5
-2.0, 9.0, -2.0; 15
-1.0, 9.0, -2.0; 34
0.0, 9.0, -2.0; 37
1.0, 9.0, -2.0; 43
2.0, 9.0, -2.0; 18
3.0, 9.0, -2.0; 4
-5.0, -10.0, -1.0; 1
-4.0, -10.0, -1.0; 15
-3.0, -10.0, -1.0; 18
-2.0, -10.0, -1.0; 27
-1.0, -10.0, -1.0; 24
0.0, -10.0, -1.0; 22
1.0, -10.0, -1.0; 16
2.0, -10.0, -1.0; 7
-6.0, -9.0, -1.0; 9
-5.0, -9.0, -1.0; 20
-4.0, -9.0, -1.0; 11
-3.0, -9.0, -1.0; 3
-2.0, -9.0, -1.0; 8
-1.0, -9.0, -1.0; 19
0.0, -9.0, -1.0; 19
1.0, -9.0, -1.0; 9
2.0, -9.0, -1.0; 9
3.0, -9.0, -1.0; 6
4.0, -9.0, -1.0; 6
-7.0, -8.0, -1.0; 12
-6.0, -8.0, -1.0; 10
-5.0, -8.0, -1.0; 4
-4.0, -8.0, -1.0; 3
-3.0, -8.0, -1.0; 1
-2.0, -8.0, -1.0; 11
-1.0, -8.0, -1.0; 77
0.0, -8.0, -1.0; 26
1.0, -8.0, -1.0; 16
2.0, -8.0, -1.0; 10
3.0, -8.0, -1.0; 19
4.0, -8.0, -1.0; 10
5.0, -8.0, -1.0; 6
6.0, -8.0, -1.0; 3
-8.0, -7.0, -1.0; 9
-7.0, -7.0, -1.0; 23
-6.0, -7.0, -1.0; 3
-5.0, -7.0, -1.0; 2
-4.0, -7.0, -1.0; 2
-2.0, -7.0, -1.0; 20
-1.0, -7.0, -1.0; 82
0.0, -7.0, -1.0; 111
1.0, -7.0, -1.0; 60
2.0, -7.0, -1.0; 14
3.0, -7.0, -1.0; 5
4.0, -7.0, -1.0; 12
5.0, -7.0, -1.0; 9
6.0, -7.0, -1.0; 5
7.0, -7.0, -1.0; 1
-9.0, -6.0, -1.0; 4
-8.0, -6.0, -1.0; 16
-7.0, -6.0, -1.0; 4
-6.0, -6.0, -1.0; 2
-4.0, -6.0, -1.0; 1
-3.0, -6.0, -1.0; 3
-2.0, -6.0, -1.0; 1
-1.0, -6.0, -1.0; 31
0.0, -6.0, -1.0; 74
1.0, -6.0, -1.0; 91
2.0, -6.0, -1.0; 75
3.0, -6.0, -1.0; 11
4.0, -6.0, -1.0; 6
5.0, -6.0, -1.0; 8
6.0, -6.0, -1.0; 4
7.0, -6.0, -1.0; 3
-9.0, -5.0, -1.0; 22
-8.0, -5.0, -1.0; 25
-7.0, -5.0, -1.0; 4
-6.0, -5.0, -1.0; 8
-5.0, -5.0, -1.0; 2
-1.0, -5.0, -1.0; 1
0.0, -5.0, -1.0; 2
1.0, -5.0, -1.0; 9
2.0, -5.0, -1.0; 114
3.0, -5.0, -1.0; 13
4.0, -5.0, -1.0; 4
5.0, -5.0, -1.0; 5
8.0, -5.0, -1.0; 3
-10.0, -4.0, -1.0; 4
-9.0, -4.0, -1.0; 28
-8.0, -4.0, -1.0; 13
-7.0, -4.0, -1.0; 17
-6.0, -4.0, -1.0; 5
-5.0, -4.0, -1.0; 6
2.0, -4.0, -1.0; 3
3.0, -4.0, -1.0; 12
4.0, -4.0, -1.0; 3
5.0, -4.0, -1.0; 2
6.0, -4.0, -1.0; 1
7.0, -4.0, -1.0; 1
8.0, -4.0, -1.0; 1
9.0, -4.0, -1.0; 2
-10.0, -3.0, -1.0; 8
-9.0, -3.0, -1.0; 17
-8.0, -3.0, -1.0; 7
-7.0, -3.0, -1.0; 4
-6.0, -3.0, -1.0; 7
-5.0, -3.0, -1.0; 12
3.0, -3.0, -1.0; 2
4.0, -3.0, -1.0; 3
5.0, -3.0, -1.0; 6
6.0, -3.0, -1.0; 3
7.0, -3.0, -1.0; 2
-10.0, -2.0, -1.0; 7
-9.0, -2.0, -1.0; 6
-8.0, -2.0, -1.0; 8
-7.0, -2.0, -1.0; 6
-6.0, -2.0, -1.0; 7
-5.0, -2.0, -1.0; 3
5.0, -2.0, -1.0; 2
6.0, -2.0, -1.0; 3
7.0, -2.0, -1.0; 2
9.0, -2.0, -1.0; 1
-10.0, -1.0, -1.0; 3
-9.0, -1.0, -1.0; 5
-8.0, -1.0, -1.0; 4
-7.0, -1.0, -1.0; 6
-6.0, -1.0, -1.0; 1
5.0, -1.0, -1.0; 1
6.0, -1.0, -1.0; 3
-10.0, 0.0, -1.0; 3
-9.0, 0.0, -1.0; 8
-8.0, 0.0, -1.0; 4
-7.0, 0.0, -1.0; 5
-6.0, 0.0, -1.0; 29
4.0, 0.0, -1.0; 1
5.0, 0.0, -1.0; 4
6.0, 0.0, -1.0; 2
8.0, 0.0, -1.0; 1
-10.0, 1.0, -1.0; 1
-9.0, 1.0, -1.0; 10
-8.0, 1.0, -1.0; 4
-6.0, 1.0, -1.0; 2920
-5.0, 1.0, -1.0; 211
5.0, 1.0, -1.0; 3
6.0, 1.0, -1.0; 2
7.0, 1.0, -1.0; 1
-10.0, 2.0, -1.0; 1
-9.0, 2.0, -1.0; 17
-8.0, 2.0, -1.0; 8
-7.0, 2.0, -1.0; 8
-6.0, 2.0, -1.0; 213
-5.0, 2.0, -1.0; 202
3.0, 2.0, -1.0; 1
4.0, 2.0, -1.0; 6
5.0, 2.0, -1.0; 8
6.0, 2.0, -1.0; 1
8.0, 2.0, -1.0; 1
-9.0, 3.0, -1.0; 18
-8.0, 3.0, -1.0; 21
-7.0, 3.0, -1.0; 21
-6.0, 3.0, -1.0; 51
-5.0, 3.0, -1.0; 23
-4.0, 3.0, -1.0; 2
-3.0, 3.0, -1.0; 1
2.0, 3.0, -1.0; 1
3.0, 3.0, -1.0; 2
4.0, 3.0, -1.0; 7
5.0, 3.0, -1.0; 13
6.0, 3.0, -1.0; 2
7.0, 3.0, -1.0; 5
8.0, 3.0, -1.0; 2
-9.0, 4.0, -1.0; 11
-8.0, 4.0, -1.0; 33
-7.0, 4.0, -1.0; 35
-6.0, 4.0, -1.0; 28
-5.0, 4.0, -1.0; 94
-4.0, 4.0, -1.0; 4
1.0, 4.0, -1.0; 8
2.0, 4.0, -1.0; 19
3.0, 4.0, -1.0; 9
4.0, 4.0, -1.0; 40
5.0, 4.0, -1.0; 52
6.0, 4.0, -1.0; 3
7.0, 4.0, -1.0; 6
8.0, 4.0, -1.0; 2
-9.0, 5.0, -1.0; 4
-8.0, 5.0, -1.0; 14
-7.0, 5.0, -1.0; 37
-6.0, 5.0, -1.0; 10
-5.0, 5.0, -1.0; 44
-4.0, 5.0, -1.0; 32
-3.0, 5.0, -1.0; 10
-2.0, 5.0, -1.0; 2
-1.0, 5.0, -1.0; 22
0.0, 5.0, -1.0; 34
1.0, 5.0, -1.0; 118
2.0, 5.0, -1.0; 36
3.0, 5.0, -1.0; 5
4.0, 5.0, -1.0; 11
5.0, 5.0, -1.0; 3
6.0, 5.0, -1.0; 2
7.0, 5.0, -1.0; 6
8.0, 5.0, -1.0; 1
-8.0, 6.0, -1.0; 19
-7.0, 6.0, -1.0; 128
-6.0, 6.0, -1.0; 870
-5.0, 6.0, -1.0; 86
-4.0, 6.0, -1.0; 9
-3.0, 6.0, -1.0; 23
-2.0, 6.0, -1.0; 80
-1.0, 6.0, -1.0; 139
0.0, 6.0, -1.0; 243
1.0, 6.0, -1.0; 99
2.0, 6.0, -1.0; 5
3.0, 6.0, -1.0; 12
4.0, 6.0, -1.0; 5
5.0, 6.0, -1.0; 3
6.0, 6.0, -1.0; 2
7.0, 6.0, -1.0; 2
-7.0, 7.0, -1.0; 5
-6.0, 7.0, -1.0; 46
-5.0, 7.0, -1.0; 136
-4.0, 7.0, -1.0; 35
-3.0, 7.0, -1.0; 15
-2.0, 7.0, -1.0; 11
-1.0, 7.0, -1.0; 66
0.0, 7.0, -1.0; 35
1.0, 7.0, -1.0; 19
2.0, 7.0, -1.0; 30
3.0, 7.0, -1.0; 14
4.0, 7.0, -1.0; 4
5.0, 7.0, -1.0; 1
6.0, 7.0, -1.0; 2
-6.0, 8.0, -1.0; 1
-5.0, 8.0, -1.0; 17
-4.0, 8.0, -1.0; 31
-3.0, 8.0, -1.0; 21
-2.0, 8.0, -1.0; 17
-1.0, 8.0, -1.0; 21
0.0, 8.0, -1.0; 23
1.0, 8.0, -1.0; 29
2.0, 8.0, -1.0; 16
3.0, 8.0, -1.0; 19
4.0, 8.0, -1.0; 1
-4.0, 9.0, -1.0; 7
-3.0, 9.0, -1.0; 16
-2.0, 9.0, -1.0; 34
-1.0, 9.0, -1.0; 50
0.0, 9.0, -1.0; 57
1.0, 9.0, -1.0; 35
2.0, 9.0, -1.0; 18
3.0, 9.0, -1.0; 3
-5.0, -10.0, 0.0; 3
-4.0, -10.0, 0.0; 22
-3.0, -10.0, 0.0; 16
-2.0, -10.0, 0.0; 23
-1.0, -10.0, 0.0; 21
0.0, -10.0, 0.0; 16
1.0, -10.0, 0.0; 15
2.0, -10.0, 0.0; 2
3.0, -10.0, 0.0; 2
-6.0, -9.0, 0.0; 11
-5.0, -9.0, 0.0; 31
-4.0, -9.0, 0.0; 18
-3.0, -9.0, 0.0; 11
-2.0, -9.0, 0.0; 9
-1.0, -9.0, 0.0; 25
0.0, -9.0, 0.0; 14
1.0, -9.0, 0.0; 10
2.0, -9.0, 0.0; 18
3.0, -9.0, 0.0; 5
4.0, -9.0, 0.0; 3
-7.0, -8.0, 0.0; 11
-6.0, -8.0, 0.0; 22
-5.0, -8.0, 0.0; 4
-4.0, -8.0, 0.0; 4
-3.0, -8.0, 0.0; 2
-2.0, -8.0, 0.0; 51
-1.0, -8.0, 0.0; 90
0.0, -8.0, 0.0; 18
1.0, -8.0, 0.0; 12
2.0, -8.0, 0.0; 28
3.0, -8.0, 0.0; 18
4.0, -8.0, 0.0; 10
5.0, -8.0, 0.0; 8
6.0, -8.0, 0.0; 4
-8.0, -7.0, 0.0; 8
-7.0, -7.0, 0.0; 26
-6.0, -7.0, 0.0; 5
-5.0, -7.0, 0.0; 7
-4.0, -7.0, 0.0; 14
-3.0, -7.0, 0.0; 60
-2.0, -7.0, 0.0; 175
-1.0, -7.0, 0.0; 172
0.0, -7.0, 0.0; 88
1.0, -7.0, 0.0; 23
2.0, -7.0, 0.0; 10
3.0, -7.0, 0.0; 8
4.0, -7.0, 0.0; 15
5.0, -7.0, 0.0; 8
6.0, -7.0, 0.0; 1
-8.0, -6.0, 0.0; 25
-7.0, -6.0, 0.0; 12
-6.0, -6.0, 0.0; 18
-5.0, -6.0, 0.0; 21
-4.0, -6.0, 0.0; 5
-3.0, -6.0, 0.0; 13
-2.0, -6.0, 0.0; 30
-1.0, -6.0, 0.0; 36
0.0, -6.0, 0.0; 36
1.0, -6.0, 0.0; 32
2.0, -6.0, 0.0; 29
3.0, -6.0, 0.0; 14
4.0, -6.0, 0.0; 15
5.0, -6.0, 0.0; 11
6.0, -6.0, 0.0; 5
7.0, -6.0, 0.0; 4
-9.0, -5.0, 0.0; 19
-8.0, -5.0, 0.0; 33
-7.0, -5.0, 0.0; 3
-6.0, -5.0, 0.0; 78
-5.0, -5.0, 0.0; 5
-4.0, -5.0, 0.0; 12
-3.0, -5.0, 0.0; 5
-2.0, -5.0, 0.0; 3
-1.0, -5.0, 0.0; 1
1.0, -5.0, 0.0; 6
2.0, -5.0, 0.0; 80
3.0, -5.0, 0.0; 14
4.0, -5.0, 0.0; 3
5.0, -5.0, 0.0; 4
6.0, -5.0, 0.0; 2
7.0, -5.0, 0.0; 2
-10.0, -4.0, 0.0; 9
-9.0, -4.0, 0.0; 38
-8.0, -4.0, 0.0; 24
-7.0, -4.0, 0.0; 16
-6.0, -4.0, 0.0; 25
-5.0, -4.0, 0.0; 11
-4.0, -4.0, 0.0; 2
2.0, -4.0, 0.0; 8
3.0, -4.0, 0.0; 1
4.0, -4.0, 0.0; 1
6.0, -4.0, 0.0; 1
7.0, -4.0, 0.0; 1
9.0, -4.0, 0.0; 2
-10.0, -3.0, 0.0; 5
-9.0, -3.0, 0.0; 12
-8.0, -3.0, 0.0; 8
-7.0, -3.0, 0.0; 3
-6.0, -3.0, 0.0; 1
-5.0, -3.0, 0.0; 7
-4.0, -3.0, 0.0; 1
5.0, -3.0, 0.0; 4
6.0, -3.0, 0.0; 1
9.0, -3.0, 0.0; 1
-10.0, -2.0, 0.0; 11
-9.0, -2.0, 0.0; 2
-8.0, -2.0, 0.0; 8
-7.0, -2.0, 0.0; 8
-6.0, -2.0, 0.0; 7
-5.0, -2.0, 0.0; 1
4.0, -2.0, 0.0; 2
5.0, -2.0, 0.0; 2
6.0, -2.0, 0.0; 3
7.0, -2.0, 0.0; 2
-10.0, -1.0, 0.0; 5
-9.0, -1.0, 0.0; 6
-8.0, -1.0, 0.0; 8
-7.0, -1.0, 0.0; 6
-6.0, -1.0, 0.0; 5
-5.0, -1.0, 0.0; 1
5.0, -1.0, 0.0; 5
6.0, -1.0, 0.0; 1
-10.0, 0.0, 0.0; 5
-9.0, 0.0, 0.0; 7
-8.0, 0.0, 0.0; 4
-7.0, 0.0, 0.0; 3
-6.0, 0.0, 0.0; 9
-5.0, 0.0, 0.0; 2
6.0
21.4099294628
