-10.0, 1.0, 0.0; 1
-7.0, 1.0, 0.0; 1
-6.0, 1.0, 0.0; 36
-5.0, 1.0, 0.0; 20
-10.0, 2.0, 0.0; 2
-9.0, 2.0, 0.0; 5
-8.0, 2.0, 0.0; 1
-6.0, 2.0, 0.0; 14
-5.0, 2.0, 0.0; 33
-4.0, 2.0, 0.0; 1
-8.0, 3.0, 0.0; 1
-7.0, 3.0, 0.0; 2
-6.0, 3.0, 0.0; 6
-5.0, 3.0, 0.0; 13
-4.0, 3.0, 0.0; 1
-3.0, 3.0, 0.0; 1
3.0, 3.0, 0.0; 1
4.0, 3.0, 0.0; 2
5.0, 3.0, 0.0; 1
-9.0, 4.0, 0.0; 1
-7.0, 4.0, 0.0; 1
-6.0, 4.0, 0.0; 7
-5.0, 4.0, 0.0; 8
-2.0, 4.0, 0.0; 1
1.0, 4.0, 0.0; 2
2.0, 4.0, 0.0; 2
4.0, 4.0, 0.0; 1
5.0, 4.0, 0.0; 1
-8.0, 5.0, 0.0; 5
-7.0, 5.0, 0.0; 5
-6.0, 5.0, 0.0; 2
-5.0, 5.0, 0.0; 4
-4.0, 5.0, 0.0; 10
-3.0, 5.0, 0.0; 5
-2.0, 5.0, 0.0; 4
-1.0, 5.0, 0.0; 1
0.0, 5.0, 0.0; 1
1.0, 5.0, 0.0; 5
2.0, 5.0, 0.0; 1
3.0, 5.0, 0.0; 1
4.0, 5.0, 0.0; 1
5.0, 5.0, 0.0; 1
-8.0, 6.0, 0.0; 4
-7.0, 6.0, 0.0; 21
-6.0, 6.0, 0.0; 147
-5.0, 6.0, 0.0; 17
-4.0, 6.0, 0.0; 2
-3.0, 6.0, 0.0; 6
-2.0, 6.0, 0.0; 13
-1.0, 6.0, 0.0; 12
0.0, 6.0, 0.0; 17
1.0, 6.0, 0.0; 3
2.0, 6.0, 0.0; 1
4.0, 6.0, 0.0; 1
5.0, 6.0, 0.0; 1
-6.0, 7.0, 0.0; 11
-5.0, 7.0, 0.0; 15
-4.0, 7.0, 0.0; 3
-2.0, 7.0, 0.0; 2
-1.0, 7.0, 0.0; 16
0.0, 7.0, 0.0; 4
1.0, 7.0, 0.0; 1
2.0, 7.0, 0.0; 4
3.0, 7.0, 0.0; 1
-6.0, 8.0, 0.0; 2
-5.0, 8.0, 0.0; 1
-4.0, 8.0, 0.0; 1
-3.0, 8.0, 0.0; 1
-2.0, 8.0, 0.0; 1
0.0, 8.0, 0.0; 2
1.0, 8.0, 0.0; 5
2.0, 8.0, 0.0; 2
-4.0, 9.0, 0.0; 1
-3.0, 9.0, 0.0; 3
-2.0, 9.0, 0.0; 9
-1.0, 9.0, 0.0; 10
0.0, 9.0, 0.0; 3
1.0, 9.0, 0.0; 5
2.0, 9.0, 0.0; 3
-4.0, -10.0, 1.0; 2
-3.0, -10.0, 1.0; 4
-2.0, -10.0, 1.0; 3
-1.0, -10.0, 1.0; 4
0.0, -10.0, 1.0; 2
-6.0, -9.0, 1.0; 1
-5.0, -9.0, 1.0; 1
-4.0, -9.0, 1.0; 5
-3.0, -9.0, 1.0; 4
-2.0, -9.0, 1.0; 7
-1.0, -9.0, 1.0; 1
0.0, -9.0, 1.0; 1
1.0, -9.0, 1.0; 2
2.0, -9.0, 1.0; 2
-7.0, -8.0, 1.0; 2
-6.0, -8.0, 1.0; 3
-5.0, -8.0, 1.0; 1
-3.0, -8.0, 1.0; 2
-1.0, -8.0, 1.0; 1
0.0, -8.0, 1.0; 2
1.0, -8.0, 1.0; 5
2.0, -8.0, 1.0; 1
3.0, -8.0, 1.0; 1
-8.0, -7.0, 1.0; 1
-7.0, -7.0, 1.0; 5
-6.0, -7.0, 1.0; 3
-5.0, -7.0, 1.0; 2
-4.0, -7.0, 1.0; 2
-3.0, -7.0, 1.0; 21
-2.0, -7.0, 1.0; 25
-1.0, -7.0, 1.0; 17
0.0, -7.0, 1.0; 7
2.0, -7.0, 1.0; 4
4.0, -7.0, 1.0; 1
-8.0, -6.0, 1.0; 2
-7.0, -6.0, 1.0; 5
-6.0, -6.0, 1.0; 1
-5.0, -6.0, 1.0; 22
-4.0, -6.0, 1.0; 23
-3.0, -6.0, 1.0; 14
-2.0, -6.0, 1.0; 13
-1.0, -6.0, 1.0; 8
0.0, -6.0, 1.0; 5
1.0, -6.0, 1.0; 4
2.0, -6.0, 1.0; 7
3.0, -6.0, 1.0; 5
4.0, -6.0, 1.0; 1
-8.0, -5.0, 1.0; 6
-7.0, -5.0, 1.0; 1
-6.0, -5.0, 1.0; 12
-5.0, -5.0, 1.0; 26
-2.0, -5.0, 1.0; 5
-1.0, -5.0, 1.0; 1
2.0, -5.0, 1.0; 2
3.0, -5.0, 1.0; 2
-9.0, -4.0, 1.0; 1
-8.0, -4.0, 1.0; 2
-7.0, -4.0, 1.0; 1
-6.0, -4.0, 1.0; 19
-5.0, -4.0, 1.0; 4
-4.0, -4.0, 1.0; 1
2.0, -4.0, 1.0; 1
-9.0, -3.0, 1.0; 1
-8.0, -3.0, 1.0; 1
-6.0, -3.0, 1.0; 2
-5.0, -3.0, 1.0; 1
9.0, -3.0, 1.0; 1
-10.0, -2.0, 1.0; 1
-8.0, -2.0, 1.0; 4
-7.0, -2.0, 1.0; 1
-6.0, -2.0, 1.0; 9
-5.0, -2.0, 1.0; 2
-9.0, -1.0, 1.0; 1
-8.0, -1.0, 1.0; 2
-7.0, -1.0, 1.0; 2
-6.0, -1.0, 1.0; 7
-10.0, 0.0, 1.0; 1
-9.0, 0.0, 1.0; 1
-7.0, 0.0, 1.0; 1
-6.0, 0.0, 1.0; 9
-9.0, 1.0, 1.0; 1
-8.0, 1.0, 1.0; 3
-7.0, 1.0, 1.0; 1
-5.0, 1.0, 1.0; 3
4.0, 1.0, 1.0; 1
-9.0, 2.0, 1.0; 2
-8.0, 2.0, 1.0; 1
-7.0, 2.0, 1.0; 1
-6.0, 2.0, 1.0; 1
-5.0, 2.0, 1.0; 6
-4.0, 2.0, 1.0; 1
3.0, 2.0, 1.0; 1
4.0, 2.0, 1.0; 1
7.0, 2.0, 1.0; 1
-9.0, 3.0, 1.0; 1
-8.0, 3.0, 1.0; 3
-7.0, 3.0, 1.0; 1
-5.0, 3.0, 1.0; 3
-4.0, 3.0, 1.0; 3
-3.0, 3.0, 1.0; 1
2.0, 3.0, 1.0; 1
5.0, 3.0, 1.0; 1
-9.0, 4.0, 1.0; 2
-8.0, 4.0, 1.0; 5
-7.0, 4.0, 1.0; 2
-6.0, 4.0, 1.0; 4
-5.0, 4.0, 1.0; 7
-4.0, 4.0, 1.0; 6
-3.0, 4.0, 1.0; 5
-2.0, 4.0, 1.0; 1
-1.0, 4.0, 1.0; 2
1.0, 4.0, 1.0; 1
-8.0, 5.0, 1.0; 3
-7.0, 5.0, 1.0; 3
-5.0, 5.0, 1.0; 4
-4.0, 5.0, 1.0; 16
-3.0, 5.0, 1.0; 129
-2.0, 5.0, 1.0; 57
-1.0, 5.0, 1.0; 8
0.0, 5.0, 1.0; 8
1.0, 5.0, 1.0; 4
2.0, 5.0, 1.0; 3
4.0, 5.0, 1.0; 3
-8.0, 6.0, 1.0; 3
-7.0, 6.0, 1.0; 4
-6.0, 6.0, 1.0; 17
-5.0, 6.0, 1.0; 3
-4.0, 6.0, 1.0; 4
-3.0, 6.0, 1.0; 8
-2.0, 6.0, 1.0; 8
-1.0, 6.0, 1.0; 6
0.0, 6.0, 1.0; 3
2.0, 6.0, 1.0; 1
3.0, 6.0, 1.0; 2
4.0, 6.0, 1.0; 1
-7.0, 7.0, 1.0; 1
-6.0, 7.0, 1.0; 3
-5.0, 7.0, 1.0; 2
-4.0, 7.0, 1.0; 2
-2.0, 7.0, 1.0; 1
-1.0, 7.0, 1.0; 1
1.0, 7.0, 1.0; 1
2.0, 7.0, 1.0; 3
3.0, 7.0, 1.0; 1
5.0, 7.0, 1.0; 1
-5.0, 8.0, 1.0; 3
-4.0, 8.0, 1.0; 3
-3.0, 8.0, 1.0; 1
-2.0, 8.0, 1.0; 3
-1.0, 8.0, 1.0; 3
1.0, 8.0, 1.0; 4
2.0, 8.0, 1.0; 3
-3.0, 9.0, 1.0; 2
-2.0, 9.0, 1.0; 5
-1.0, 9.0, 1.0; 8
0.0, 9.0, 1.0; 2
1.0, 9.0, 1.0; 1
2.0, 9.0, 1.0; 2
-2.0, -10.0, 2.0; 2
-1.0, -10.0, 2.0; 1
0.0, -10.0, 2.0; 1
-5.0, -9.0, 2.0; 1
-4.0, -9.0, 2.0; 3
-3.0, -9.0, 2.0; 5
-2.0, -9.0, 2.0; 4
-1.0, -9.0, 2.0; 1
0.0, -9.0, 2.0; 2
2.0, -9.0, 2.0; 1
-7.0, -8.0, 2.0; 1
-6.0, -8.0, 2.0; 3
-5.0, -8.0, 2.0; 3
-2.0, -8.0, 2.0; 3
-1.0, -8.0, 2.0; 1
0.0, -8.0, 2.0; 1
1.0, -8.0, 2.0; 1
2.0, -8.0, 2.0; 1
3.0, -8.0, 2.0; 1
4.0, -8.0, 2.0; 1
5.0, -8.0, 2.0; 1
-7.0, -7.0, 2.0; 4
-6.0, -7.0, 2.0; 3
-5.0, -7.0, 2.0; 1
-3.0, -7.0, 2.0; 2
-2.0, -7.0, 2.0; 3
-1.0, -7.0, 2.0; 4
0.0, -7.0, 2.0; 1
1.0, -7.0, 2.0; 1
2.0, -7.0, 2.0; 1
6.0, -7.0, 2.0; 1
-7.0, -6.0, 2.0; 9
-5.0, -6.0, 2.0; 1
-4.0, -6.0, 2.0; 18
-3.0, -6.0, 2.0; 11
-2.0, -6.0, 2.0; 9
-1.0, -6.0, 2.0; 4
1.0, -6.0, 2.0; 2
2.0, -6.0, 2.0; 1
3.0, -6.0, 2.0; 1
-8.0, -5.0, 2.0; 5
-7.0, -5.0, 2.0; 5
-6.0, -5.0, 2.0; 1
-5.0, -5.0, 2.0; 18
-4.0, -5.0, 2.0; 27
-3.0, -5.0, 2.0; 6
-2.0, -5.0, 2.0; 1
-1.0, -5.0, 2.0; 2
1.0, -5.0, 2.0; 1
4.0, -5.0, 2.0; 1
7.0, -5.0, 2.0; 1
-9.0, -4.0, 2.0; 2
-8.0, -4.0, 2.0; 2
-7.0, -4.0, 2.0; 4
-6.0, -4.0, 2.0; 1
-5.0, -4.0, 2.0; 9
1.0, -4.0, 2.0; 1
2.0, -4.0, 2.0; 1
-9.0, -3.0, 2.0; 1
-8.0, -3.0, 2.0; 3
-7.0, -3.0, 2.0; 3
-6.0, -3.0, 2.0; 2
-4.0, -3.0, 2.0; 4
1.0, -3.0, 2.0; 1
4.0, -3.0, 2.0; 2
-8.0, -2.0, 2.0; 3
-7.0, -2.0, 2.0; 3
-6.0, -2.0, 2.0; 5
-5.0, -2.0, 2.0; 8
-4.0, -2.0, 2.0; 7
-10.0, -1.0, 2.0; 2
-7.0, -1.0, 2.0; 1
-6.0, -1.0, 2.0; 14
-5.0, -1.0, 2.0; 4
-4.0, -1.0, 2.0; 5
-3.0, -1.0, 2.0; 1
-10.0, 0.0, 2.0; 1
-9.0, 0.0, 2.0; 2
-8.0, 0.0, 2.0; 4
-7.0, 0.0, 2.0; 4
-6.0, 0.0, 2.0; 5
-5.0, 0.0, 2.0; 6
4.0, 0.0, 2.0; 1
6.0, 0.0, 2.0; 1
-10.0, 1.0, 2.0; 1
-8.0, 1.0, 2.0; 1
-7.0, 1.0, 2.0; 2
-6.0, 1.0, 2.0; 3
-5.0, 1.0, 2.0; 40
-4.0, 1.0, 2.0; 30
6.0, 1.0, 2.0; 1
-10.0, 2.0, 2.0; 2
-9.0, 2.0, 2.0; 2
-8.0, 2.0, 2.0; 1
-7.0, 2.0, 2.0; 2
-6.0, 2.0, 2.0; 1
-5.0, 2.0, 2.0; 61
-4.0, 2.0, 2.0; 276
-3.0, 2.0, 2.0; 2
4.0, 2.0, 2.0; 1
7.0, 2.0, 2.0; 1
-9.0, 3.0, 2.0; 1
-8.0, 3.0, 2.0; 2
-7.0, 3.0, 2.0; 8
-6.0, 3.0, 2.0; 2
-5.0, 3.0, 2.0; 4
-4.0, 3.0, 2.0; 21
-3.0, 3.0, 2.0; 2
1.0, 3.0, 2.0; 1
2.0, 3.0, 2.0; 1
3.0, 3.0, 2.0; 1
4.0, 3.0, 2.0; 1
-8.0, 4.0, 2.0; 1
-7.0, 4.0, 2.0; 2
-6.0, 4.0, 2.0; 3
-5.0, 4.0, 2.0; 3
-4.0, 4.0, 2.0; 6
-3.0, 4.0, 2.0; 13
-2.0, 4.0, 2.0; 8
-1.0, 4.0, 2.0; 2
0.0, 4.0, 2.0; 1
1.0, 4.0, 2.0; 3
2.0, 4.0, 2.0; 1
4.0, 4.0, 2.0; 1
-9.0, 5.0, 2.0; 1
-8.0, 5.0, 2.0; 2
-7.0, 5.0, 2.0; 3
-6.0, 5.0, 2.0; 1
-5.0, 5.0, 2.0; 1
-4.0, 5.0, 2.0; 2
-3.0, 5.0, 2.0; 18
-2.0, 5.0, 2.0; 13
-1.0, 5.0, 2.0; 2
0.0, 5.0, 2.0; 1
2.0, 5.0, 2.0; 1
-8.0, 6.0, 2.0; 2
-7.0, 6.0, 2.0; 3
-6.0, 6.0, 2.0; 3
-5.0, 6.0, 2.0; 1
-2.0, 6.0, 2.0; 2
-1.0, 6.0, 2.0; 1
1.0, 6.0, 2.0; 1
2.0, 6.0, 2.0; 2
3.0, 6.0, 2.0; 2
4.0, 6.0, 2.0; 1
5.0, 6.0, 2.0; 1
6.0, 6.0, 2.0; 1
-7.0, 7.0, 2.0; 1
-6.0, 7.0, 2.0; 2
-5.0, 7.0, 2.0; 4
-4.0, 7.0, 2.0; 2
-3.0, 7.0, 2.0; 1
-1.0, 7.0, 2.0; 2
0.0, 7.0, 2.0; 4
1.0, 7.0, 2.0; 5
2.0, 7.0, 2.0; 1
5.0, 7.0, 2.0; 1
-4.0, 8.0, 2.0; 1
-2.0, 8.0, 2.0; 7
-1.0, 8.0, 2.0; 2
0.0, 8.0, 2.0; 4
2.0, 8.0, 2.0; 2
-2.0, 9.0, 2.0; 1
-1.0, 9.0, 2.0; 3
0.0, 9.0, 2.0; 3
-4.0, -9.0, 3.0; 1
-3.0, -9.0, 3.0; 2
-2.0, -9.0, 3.0; 2
-1.0, -9.0, 3.0; 2
-6.0, -8.0, 3.0; 4
-5.0, -8.0, 3.0; 1
-4.0, -8.0, 3.0; 2
-3.0, -8.0, 3.0; 1
-2.0, -8.0, 3.0; 9
-1.0, -8.0, 3.0; 2
0.0, -8.0, 3.0; 1
-6.0, -7.0, 3.0; 1
-5.0, -7.0, 3.0; 7
-4.0, -7.0, 3.0; 2
-3.0, -7.0, 3.0; 1
-2.0, -7.0, 3.0; 1
-1.0, -7.0, 3.0; 2
0.0, -7.0, 3.0; 3
1.0, -7.0, 3.0; 1
2.0, -7.0, 3.0; 2
4.0, -7.0, 3.0; 1
-7.0, -6.0, 3.0; 2
-6.0, -6.0, 3.0; 1
-5.0, -6.0, 3.0; 5
-4.0, -6.0, 3.0; 1
-3.0, -6.0, 3.0; 1
-2.0, -6.0, 3.0; 1
-1.0, -6.0, 3.0; 2
0.0, -6.0, 3.0; 1
1.0, -6.0, 3.0; 6
2.0, -6.0, 3.0; 1
4.0, -6.0, 3.0; 1
-8.0, -5.0, 3.0; 1
-7.0, -5.0, 3.0; 7
-6.0, -5.0, 3.0; 3
-5.0, -5.0, 3.0; 1
-4.0, -5.0, 3.0; 1
-3.0, -5.0, 3.0; 4
-2.0, -5.0, 3.0; 4
-1.0, -5.0, 3.0; 2
0.0, -5.0, 3.0; 4
1.0, -5.0, 3.0; 2
2.0, -5.0, 3.0; 2
3.0, -5.0, 3.0; 1
-8.0, -4.0, 3.0; 4
-7.0, -4.0, 3.0; 5
-6.0, -4.0, 3.0; 2
-5.0, -4.0, 3.0; 1
-3.0, -4.0, 3.0; 2
-1.0, -4.0, 3.0; 1
0.0, -4.0, 3.0; 3
1.0, -4.0, 3.0; 2
2.0, -4.0, 3.0; 1
3.0, -4.0, 3.0; 2
-9.0, -3.0, 3.0; 1
-8.0, -3.0, 3.0; 2
-7.0, -3.0, 3.0; 5
-6.0, -3.0, 3.0; 8
-4.0, -3.0, 3.0; 2
-1.0, -3.0, 3.0; 1
2.0, -3.0, 3.0; 1
3.0, -3.0, 3.0; 1
-9.0, -2.0, 3.0; 1
-6.0, -2.0, 3.0; 1
-5.0, -2.0, 3.0; 10
-4.0, -2.0, 3.0; 5
-3.0, -2.0, 3.0; 1
-1.0, -2.0, 3.0; 1
1.0, -2.0, 3.0; 1
4.0, -2.0, 3.0; 1
-10.0, -1.0, 3.0; 2
-8.0, -1.0, 3.0; 1
-7.0, -1.0, 3.0; 1
-6.0, -1.0, 3.0; 2
-5.0, -1.0, 3.0; 5
-4.0, -1.0, 3.0; 1
1.0, -1.0, 3.0; 2
2.0, -1.0, 3.0; 1
3.0, -1.0, 3.0; 2
-10.0, 0.0, 3.0; 2
-5.0, 0.0, 3.0; 5
-4.0, 0.0, 3.0; 5
-3.0, 0.0, 3.0; 2
-2.0, 0.0, 3.0; 1
2.0, 0.0, 3.0; 1
-9.0, 1.0, 3.0; 2
-8.0, 1.0, 3.0; 1
-6.0, 1.0, 3.0; 2
-5.0, 1.0, 3.0; 7
-4.0, 1.0, 3.0; 24
-3.0, 1.0, 3.0; 2
-2.0, 1.0, 3.0; 1
2.0, 1.0, 3.0; 2
-7.0, 2.0, 3.0; 2
-5.0, 2.0, 3.0; 1
-4.0, 2.0, 3.0; 22
-3.0, 2.0, 3.0; 10
0.0, 2.0, 3.0; 2
2.0, 2.0, 3.0; 3
4.0, 2.0, 3.0; 1
-8.0, 3.0, 3.0; 4
-7.0, 3.0, 3.0; 1
-6.0, 3.0, 3.0; 4
-4.0, 3.0, 3.0; 2
-3.0, 3.0, 3.0; 5
-2.0, 3.0, 3.0; 5
-1.0, 3.0, 3.0; 5
0.0, 3.0, 3.0; 1
1.0, 3.0, 3.0; 2
2.0, 3.0, 3.0; 1
8.0, 3.0, 3.0; 1
-7.0, 4.0, 3.0; 1
-6.0, 4.0, 3.0; 2
-5.0, 4.0, 3.0; 1
-3.0, 4.0, 3.0; 2
-2.0, 4.0, 3.0; 1
-1.0, 4.0, 3.0; 5
0.0, 4.0, 3.0; 2
1.0, 4.0, 3.0; 1
2.0, 4.0, 3.0; 1
-8.0, 5.0, 3.0; 2
-7.0, 5.0, 3.0; 4
-6.0, 5.0, 3.0; 2
-2.0, 5.0, 3.0; 2
0.0, 5.0, 3.0; 1
1.0, 5.0, 3.0; 1
4.0, 5.0, 3.0; 1
5.0, 5.0, 3.0; 1
-7.0, 6.0, 3.0; 2
-6.0, 6.0, 3.0; 4
-5.0, 6.0, 3.0; 1
-3.0, 6.0, 3.0; 1
-2.0, 6.0, 3.0; 1
-1.0, 6.0, 3.0; 1
0.0, 6.0, 3.0; 1
2.0, 6.0, 3.0; 1
-6.0, 7.0, 3.0; 1
-5.0, 7.0, 3.0; 3
-4.0, 7.0, 3.0; 1
-2.0, 7.0, 3.0; 3
-1.0, 7.0, 3.0; 3
0.0, 7.0, 3.0; 2
4.0, 7.0, 3.0; 1
-4.0, 8.0, 3.0; 5
-3.0, 8.0, 3.0; 1
-2.0, 8.0, 3.0; 3
-1.0, 8.0, 3.0; 5
0.0, 8.0, 3.0; 3
2.0, 8.0, 3.0; 1
-2.0, 9.0, 3.0; 1
-1.0, 9.0, 3.0; 2
0.0, 9.0, 3.0; 2
-3.0, -9.0, 4.0; 1
0.0, -9.0, 4.0; 2
1.0, -9.0, 4.0; 2
-6.0, -8.0, 4.0; 1
-5.0, -8.0, 4.0; 1
-3.0, -8.0, 4.0; 4
-2.0, -8.0, 4.0; 2
1.0, -8.0, 4.0; 1
4.0, -8.0, 4.0; 1
-7.0, -7.0, 4.0; 1
-6.0, -7.0, 4.0; 2
-5.0, -7.0, 4.0; 2
-4.0, -7.0, 4.0; 4
-3.0, -7.0, 4.0; 1
-2.0, -7.0, 4.0; 2
5.0, -7.0, 4.0; 1
-5.0, -6.0, 4.0; 3
-4.0, -6.0, 4.0; 3
-3.0, -6.0, 4.0; 2
-2.0, -6.0, 4.0; 4
-1.0, -6.0, 4.0; 1
0.0, -6.0, 4.0; 2
1.0, -6.0, 4.0; 1
3.0, -6.0, 4.0; 2
-6.0, -5.0, 4.0; 2
-5.0, -5.0, 4.0; 2
-4.0, -5.0, 4.0; 2
-3.0, -5.0, 4.0; 2
-2.0, -5.0, 4.0; 4
-1.0, -5.0, 4.0; 2
0.0, -5.0, 4.0; 2
1.0, -5.0, 4.0; 1
2.0, -5.0, 4.0; 1
3.0, -5.0, 4.0; 2
-8.0, -4.0, 4.0; 1
-6.0, -4.0, 4.0; 4
-5.0, -4.0, 4.0; 4
-4.0, -4.0, 4.0; 3
-2.0, -4.0, 4.0; 3
1.0, -4.0, 4.0; 2
-8.0, -3.0, 4.0; 2
-5.0, -3.0, 4.0; 5
-3.0, -3.0, 4.0; 2
-1.0, -3.0, 4.0; 1
-9.0, -2.0, 4.0; 1
-8.0, -2.0, 4.0; 2
-6.0, -2.0, 4.0; 1
-5.0, -2.0, 4.0; 4
-4.0, -2.0, 4.0; 10
-3.0, -2.0, 4.0; 8
-2.0, -2.0, 4.0; 4
-1.0, -2.0, 4.0; 1
-9.0, -1.0, 4.0; 1
-7.0, -1.0, 4.0; 2
-5.0, -1.0, 4.0; 2
-4.0, -1.0, 4.0; 7
-3.0, -1.0, 4.0; 9
-2.0, -1.0, 4.0; 7
-1.0, -1.0, 4.0; 2
0.0, -1.0, 4.0; 1
1.0, -1.0, 4.0; 1
3.0, -1.0, 4.0; 1
-8.0, 0.0, 4.0; 1
-7.0, 0.0, 4.0; 1
-5.0, 0.0, 4.0; 2
-4.0, 0.0, 4.0; 2
-3.0, 0.0, 4.0; 5
-2.0, 0.0, 4.0; 4
-1.0, 0.0, 4.0; 1
2.0, 0.0, 4.0; 1
5.0, 0.0, 4.0; 1
-9.0, 1.0, 4.0; 1
-8.0, 1.0, 4.0; 2
-6.0, 1.0, 4.0; 5
-4.0, 1.0, 4.0; 4
-3.0, 1.0, 4.0; 3
-2.0, 1.0, 4.0; 1
0.0, 1.0, 4.0; 1
1.0, 1.0, 4.0; 1
-7.0, 2.0, 4.0; 2
-5.0, 2.0, 4.0; 1
-4.0, 2.0, 4.0; 2
-2.0, 2.0, 4.0; 2
0.0, 2.0, 4.0; 1
1.0, 2.0, 4.0; 5
-7.0, 3.0, 4.0; 2
-6.0, 3.0, 4.0; 1
-5.0, 3.0, 4.0; 1
-1.0, 3.0, 4.0; 1
0.0, 3.0, 4.0; 1
1.0, 3.0, 4.0; 2
-7.0, 4.0, 4.0; 1
-5.0, 4.0, 4.0; 3
-2.0, 4.0, 4.0; 1
-1.0, 4.0, 4.0; 1
0.0, 4.0, 4.0; 3
3.0, 4.0, 4.0; 1
4.0, 4.0, 4.0; 1
-8.0, 5.0, 4.0; 1
-4.0, 5.0, 4.0; 1
-3.0, 5.0, 4.0; 1
1.0, 5.0, 4.0; 1
2.0, 5.0, 4.0; 1
4.0, 5.0, 4.0; 1
-6.0, 6.0, 4.0; 1
-4.0, 6.0, 4.0; 3
-2.0, 6.0, 4.0; 1
-1.0, 6.0, 4.0; 1
-5.0, 7.0, 4.0; 3
-3.0, 7.0, 4.0; 2
-2.0, 7.0, 4.0; 1
-1.0, 7.0, 4.0; 1
0.0, 7.0, 4.0; 3
1.0, 7.0, 4.0; 1
-3.0, 8.0, 4.0; 6
-2.0, 8.0, 4.0; 2
-1.0, 8.0, 4.0; 1
0.0, 8.0, 4.0; 1
-1.0, -9.0, 5.0; 1
0.0, -9.0, 5.0; 1
-4.0, -8.0, 5.0; 1
-3.0, -8.0, 5.0; 4
-2.0, -8.0, 5.0; 2
-1.0, -8.0, 5.0; 1
0.0, -8.0, 5.0; 1
2.0, -8.0, 5.0; 1
3.0, -8.0, 5.0; 1
-5.0, -7.0, 5.0; 1
-4.0, -7.0, 5.0; 2
-3.0, -7.0, 5.0; 1
1.0, -7.0, 5.0; 1
2.0, -7.0, 5.0; 1
-2.0, -6.0, 5.0; 2
-6.0, -5.0, 5.0; 1
-5.0, -5.0, 5.0; 2
-4.0, -5.0, 5.0; 2
-1.0, -5.0, 5.0; 1
2.0, -5.0, 5.0; 1
-6.0, -4.0, 5.0; 2
-5.0, -4.0, 5.0; 1
-3.0, -4.0, 5.0; 1
-2.0, -4.0, 5.0; 1
0.0, -4.0, 5.0; 2
3.0, -4.0, 5.0; 1
-5.0, -3.0, 5.0; 1
-3.0, -3.0, 5.0; 3
-2.0, -3.0, 5.0; 1
-8.0, -2.0, 5.0; 1
-7.0, -2.0, 5.0; 2
-4.0, -2.0, 5.0; 2
-1.0, -2.0, 5.0; 2
0.0, -2.0, 5.0; 3
1.0, -2.0, 5.0; 6
-8.0, -1.0, 5.0; 2
-4.0, -1.0, 5.0; 1
-2.0, -1.0, 5.0; 1
-1.0, -1.0, 5.0; 1
1.0, -1.0, 5.0; 2
4.0, -1.0, 5.0; 1
6.0, -1.0, 5.0; 1
-8.0, 0.0, 5.0; 1
-7.0, 0.0, 5.0; 1
-6.0, 0.0, 5.0; 1
-2.0, 0.0, 5.0; 2
0.0, 0.0, 5.0; 1
-6.0, 1.0, 5.0; 1
-5.0, 1.0, 5.0; 2
-4.0, 1.0, 5.0; 2
-3.0, 1.0, 5.0; 2
-2.0, 1.0, 5.0; 1
-8.0, 2.0, 5.0; 2
-6.0, 2.0, 5.0; 2
-3.0, 2.0, 5.0; 1
-1.0, 2.0, 5.0; 1
-8.0, 3.0, 5.0; 1
-7.0, 3.0, 5.0; 1
-6.0, 3.0, 5.0; 5
-5.0, 3.0, 5.0; 2
-4.0, 3.0, 5.0; 1
-1.0, 3.0, 5.0; 1
-7.0, 4.0, 5.0; 1
-6.0, 4.0, 5.0; 2
-5.0, 4.0, 5.0; 1
-3.0, 4.0, 5.0; 3
-2.0, 4.0, 5.0; 1
3.0, 4.0, 5.0; 1
-5.0, 5.0, 5.0; 1
-4.0, 5.0, 5.0; 2
-3.0, 5.0, 5.0; 1
-2.0, 5.0, 5.0; 1
-1.0, 5.0, 5.0; 2
5.0, 5.0, 5.0; 1
-3.0, 6.0, 5.0; 1
3.0, 6.0, 5.0; 1
-3.0, 7.0, 5.0; 2
-1.0, 7.0, 5.0; 1
-1.0, 8.0, 5.0; 1
0.0, 8.0, 5.0; 1
-3.0, -7.0, 6.0; 2
-1.0, -7.0, 6.0; 2
0.0, -7.0, 6.0; 1
1.0, -7.0, 6.0; 1
-3.0, -6.0, 6.0; 1
0.0, -6.0, 6.0; 1
-4.0, -5.0, 6.0; 4
-3.0, -5.0, 6.0; 1
-2.0, -4.0, 6.0; 1
-1.0, -4.0, 6.0; 1
1.0, -4.0, 6.0; 1
3.0, -4.0, 6.0; 1
4.0, -4.0, 6.0; 1
-7.0, -3.0, 6.0; 2
-5.0, -3.0, 6.0; 1
-8.0, -2.0, 6.0; 1
-5.0, -2.0, 6.0; 1
-3.0, -1.0, 6.0; 1
-2.0, -1.0, 6.0; 1
-8.0, 0.0, 6.0; 1
-5.0, 0.0, 6.0; 1
-1.0, 0.0, 6.0; 1
1.0, 0.0, 6.0; 2
-4.0, 1.0, 6.0; 1
2.0, 1.0, 6.0; 2
-8.0, 2.0, 6.0; 1
-7.0, 2.0, 6.0; 3
-6.0, 2.0, 6.0; 1
-5.0, 2.0, 6.0; 1
-3.0, 2.0, 6.0; 1
1.0, 2.0, 6.0; 1
-6.0, 3.0, 6.0; 2
-5.0, 3.0, 6.0; 1
-2.0, 3.0, 6.0; 1
-4.0, 4.0, 6.0; 1
-3.0, 4.0, 6.0; 1
-3.0, 5.0, 6.0; 1
-2.0, 5.0, 6.0; 1
0.0, 5.0, 6.0; 1
1.0, 5.0, 6.0; 1
-4.0, 6.0, 6.0; 1
-2.0, 6.0, 6.0; 1
-3.0, -6.0, 7.0; 4
0.0, -6.0, 7.0; 1
2.0, -5.0, 7.0; 1
-4.0, -4.0, 7.0; 1
-5.0, -3.0, 7.0; 3
-2.0, -3.0, 7.0; 1
-6.0, -2.0, 7.0; 1
-3.0, -2.0, 7.0; 1
-6.0, -1.0, 7.0; 1
-4.0, 0.0, 7.0; 1
-5.0, 1.0, 7.0; 2
-3.0, 1.0, 7.0; 1
-2.0, 1.0, 7.0; 1
3.0, 1.0, 7.0; 1
-5.0, 2.0, 7.0; 2
-2.0, 2.0, 7.0; 2
-1.0, 3.0, 7.0; 1
-4.0, 4.0, 7.0; 1
-2.0, 4.0, 7.0; 1
0.0, 4.0, 7.0; 2
-3.0, 5.0, 7.0; 2
-1.0, 5.0, 7.0; 1
0.0, 5.0, 7.0; 1
-1.0, -6.0, 8.0; 1
-3.0, -2.0, 8.0; 1
-2.0, -2.0, 8.0; 1
-4.0, 0.0, 8.0; 1
-2.0, 1.0, 8.0; 1
-5.0, 2.0, 8.0; 1
-3.0, 2.0, 8.0; 2
-5.0, 3.0, 8.0; 1
-1.0, 3.0, 8.0; 2
-2.0, 4.0, 8.0; 1
-2.0, -2.0, 9.0; 1
0.0, -1.0, 9.0; 1
-2.0, 2.0, 9.0; 1
-1.0, -5.0, -10.0; 1
-2.0, -3.0, -10.0; 2
-1.0, -3.0, -10.0; 2
-3.0, -1.0, -10.0; 2
-1.0, -1.0, -10.0; 2
1.0, -1.0, -10.0; 1
2.0, -1.0, -10.0; 1
-3.0, 0.0, -10.0; 2
-2.0, 0.0, -10.0; 2
-1.0, 0.0, -10.0; 1
1.0, 1.0, -10.0; 1
-3.0, 2.0, -10.0; 1
-1.0, 2.0, -10.0; 1
-1.0, 3.0, -10.0; 1
0.0, 3.0, -10.0; 1
-3.0, -6.0, -9.0; 1
0.0, -6.0, -9.0; 1
1.0, -6.0, -9.0; 1
-5.0, -5.0, -9.0; 1
-4.0, -5.0, -9.0; 1
-5.0, -4.0, -9.0; 1
-4.0, -4.0, -9.0; 1
-3.0, -4.0, -9.0; 1
0.0, -4.0, -9.0; 1
1.0, -4.0, -9.0; 1
-5.0, -3.0, -9.0; 1
-4.0, -3.0, -9.0; 1
-3.0, -3.0, -9.0; 1
-2.0, -3.0, -9.0; 1
1.0, -3.0, -9.0; 4
2.0, -3.0, -9.0; 2
-6.0, -2.0, -9.0; 1
-5.0, -2.0, -9.0; 1
-2.0, -2.0, -9.0; 1
-1.0, -2.0, -9.0; 1
0.0, -2.0, -9.0; 1
1.0, -2.0, -9.0; 3
2.0, -2.0, -9.0; 2
-5.0, -1.0, -9.0; 2
-4.0, -1.0, -9.0; 2
-3.0, -1.0, -9.0; 3
0.0, -1.0, -9.0; 4
1.0, -1.0, -9.0; 2
-5.0, 0.0, -9.0; 1
-4.0, 0.0, -9.0; 1
-3.0, 0.0, -9.0; 2
-1.0, 0.0, -9.0; 2
0.0, 0.0, -9.0; 3
1.0, 0.0, -9.0; 2
2.0, 0.0, -9.0; 1
-5.0, 1.0, -9.0; 1
-4.0, 1.0, -9.0; 3
-3.0, 1.0, -9.0; 2
-2.0, 1.0, -9.0; 5
-1.0, 1.0, -9.0; 2
0.0, 1.0, -9.0; 1
1.0, 1.0, -9.0; 2
2.0, 1.0, -9.0; 1
3.0, 1.0, -9.0; 1
-5.0, 2.0, -9.0; 1
-4.0, 2.0, -9.0; 1
-3.0, 2.0, -9.0; 1
-2.0, 2.0, -9.0; 2
0.0, 2.0, -9.0; 1
2.0, 2.0, -9.0; 1
3.0, 2.0, -9.0; 1
-3.0, 3.0, -9.0; 2
-2.0, 3.0, -9.0; 1
-1.0, 3.0, -9.0; 2
0.0, 3.0, -9.0; 1
1.0, 3.0, -9.0; 2
3.0, 3.0, -9.0; 1
-2.0, 4.0, -9.0; 1
0.0, 4.0, -9.0; 1
1.0, 4.0, -9.0; 1
-2.0, -7.0, -8.0; 1
0.0, -7.0, -8.0; 1
1.0, -7.0, -8.0; 1
-1.0, -6.0, -8.0; 1
1.0, -6.0, -8.0; 1
-4.0, -5.0, -8.0; 1
-3.0, -5.0, -8.0; 1
-5.0, -4.0, -8.0; 2
-4.0, -4.0, -8.0; 1
-3.0, -4.0, -8.0; 1
-2.0, -4.0, -8.0; 3
1.0, -4.0, -8.0; 1
3.0, -4.0, -8.0; 1
4.0, -4.0, -8.0; 1
-6.0, -3.0, -8.0; 1
-5.0, -3.0, -8.0; 1
-4.0, -3.0, -8.0; 4
-3.0, -3.0, -8.0; 1
-2.0, -3.0, -8.0; 1
0.0, -3.0, -8.0; 2
-7.0, -2.0, -8.0; 1
-6.0, -2.0, -8.0; 2
-5.0, -2.0, -8.0; 1
-4.0, -2.0, -8.0; 2
-3.0, -2.0, -8.0; 1
-2.0, -2.0, -8.0; 3
-1.0, -2.0, -8.0; 1
1.0, -2.0, -8.0; 1
3.0, -2.0, -8.0; 2
5.0, -2.0, -8.0; 1
6.0, -2.0, -8.0; 1
-7.0, -1.0, -8.0; 1
-6.0, -1.0, -8.0; 2
-5.0, -1.0, -8.0; 1
-4.0, -1.0, -8.0; 7
-3.0, -1.0, -8.0; 1
-2.0, -1.0, -8.0; 3
-1.0, -1.0, -8.0; 3
3.0, -1.0, -8.0; 1
-6.0, 0.0, -8.0; 2
-5.0, 0.0, -8.0; 3
-4.0, 0.0, -8.0; 3
-2.0, 0.0, -8.0; 4
0.0, 0.0, -8.0; 2
1.0, 0.0, -8.0; 1
6.0, 0.0, -8.0; 1
-7.0, 1.0, -8.0; 1
-6.0, 1.0, -8.0; 4
-5.0, 1.0, -8.0; 3
-4.0, 1.0, -8.0; 3
-3.0, 1.0, -8.0; 1
-2.0, 1.0, -8.0; 4
0.0, 1.0, -8.0; 3
1.0, 1.0, -8.0; 1
-7.0, 2.0, -8.0; 1
-6.0, 2.0, -8.0; 1
-4.0, 2.0, -8.0; 1
-3.0, 2.0, -8.0; 5
-2.0, 2.0, -8.0; 1
1.0, 2.0, -8.0; 1
5.0, 2.0, -8.0; 1
-4.0, 3.0, -8.0; 2
-3.0, 3.0, -8.0; 1
-1.0, 3.0, -8.0; 1
0.0, 3.0, -8.0; 1
1.0, 3.0, -8.0; 2
3.0, 3.0, -8.0; 1
-4.0, 4.0, -8.0; 1
-3.0, 4.0, -8.0; 1
0.0, 4.0, -8.0; 1
1.0, 4.0, -8.0; 1
-5.0, 5.0, -8.0; 1
-3.0, 5.0, -8.0; 1
-2.0, 5.0, -8.0; 1
-1.0, 5.0, -8.0; 1
0.0, 6.0, -8.0; 1
-2.0, -8.0, -7.0; 1
-4.0, -7.0, -7.0; 1
-2.0, -7.0, -7.0; 1
-1.0, -7.0, -7.0; 2
0.0, -7.0, -7.0; 1
3.0, -7.0, -7.0; 1
-5.0, -6.0, -7.0; 2
-4.0, -6.0, -7.0; 2
-3.0, -6.0, -7.0; 2
-2.0, -6.0, -7.0; 1
-1.0, -6.0, -7.0; 1
1.0, -6.0, -7.0; 1
3.0, -6.0, -7.0; 1
-6.0, -5.0, -7.0; 2
-5.0, -5.0, -7.0; 3
-4.0, -5.0, -7.0; 1
-3.0, -5.0, -7.0; 1
-2.0, -5.0, -7.0; 3
1.0, -5.0, -7.0; 1
-5.0, -4.0, -7.0; 2
-4.0, -4.0, -7.0; 2
-3.0, -4.0, -7.0; 1
0.0, -4.0, -7.0; 1
1.0, -4.0, -7.0; 1
4.0, -4.0, -7.0; 1
-7.0, -3.0, -7.0; 2
-5.0, -3.0, -7.0; 2
-4.0, -3.0, -7.0; 2
-1.0, -3.0, -7.0; 1
0.0, -3.0, -7.0; 1
1.0, -3.0, -7.0; 1
3.0, -3.0, -7.0; 1
4.0, -3.0, -7.0; 1
-8.0, -2.0, -7.0; 1
-7.0, -2.0, -7.0; 1
-6.0, -2.0, -7.0; 6
-5.0, -2.0, -7.0; 9
-4.0, -2.0, -7.0; 2
-3.0, -2.0, -7.0; 1
2.0, -2.0, -7.0; 1
3.0, -2.0, -7.0; 1
4.0, -2.0, -7.0; 1
-7.0, -1.0, -7.0; 3
-6.0, -1.0, -7.0; 5
-5.0, -1.0, -7.0; 8
-4.0, -1.0, -7.0; 3
-3.0, -1.0, -7.0; 1
-2.0, -1.0, -7.0; 1
3.0, -1.0, -7.0; 3
-8.0, 0.0, -7.0; 1
-7.0, 0.0, -7.0; 4
-6.0, 0.0, -7.0; 6
-5.0, 0.0, -7.0; 3
-2.0, 0.0, -7.0; 5
0.0, 0.0, -7.0; 1
1.0, 0.0, -7.0; 1
2.0, 0.0, -7.0; 6
3.0, 0.0, -7.0; 2
4.0, 0.0, -7.0; 1
-7.0, 1.0, -7.0; 2
-6.0, 1.0, -7.0; 4
-5.0, 1.0, -7.0; 2
0.0, 1.0, -7.0; 1
1.0, 1.0, -7.0; 6
2.0, 1.0, -7.0; 1
3.0, 1.0, -7.0; 1
5.0, 1.0, -7.0; 1
6.0, 1.0, -7.0; 1
-7.0, 2.0, -7.0; 1
-6.0, 2.0, -7.0; 3
-3.0, 2.0, -7.0; 1
-1.0, 2.0, -7.0; 1
0.0, 2.0, -7.0; 1
2.0, 2.0, -7.0; 2
3.0, 2.0, -7.0; 1
-7.0, 3.0, -7.0; 2
-6.0, 3.0, -7.0; 1
-5.0, 3.0, -7.0; 1
-2.0, 3.0, -7.0; 1
0.0, 3.0, -7.0; 1
3.0, 3.0, -7.0; 2
4.0, 3.0, -7.0; 1
-6.0, 4.0, -7.0; 1
-5.0, 4.0, -7.0; 2
-1.0, 4.0, -7.0; 1
2.0, 4.0, -7.0; 1
3.0, 4.0, -7.0; 1
5.0, 4.0, -7.0; 1
-3.0, 5.0, -7.0; 4
-2.0, 5.0, -7.0; 4
2.0, 5.0, -7.0; 1
4.0, 5.0, -7.0; 1
5.0, 5.0, -7.0; 1
-4.0, 6.0, -7.0; 1
-2.0, 6.0, -7.0; 1
-1.0, 6.0, -7.0; 2
1.0, 6.0, -7.0; 2
2.0, 6.0, -7.0; 1
1.0, -9.0, -6.0; 1
-3.0, -8.0, -6.0; 1
-2.0, -8.0, -6.0; 17
-1.0, -8.0, -6.0; 32
0.0, -8.0, -6.0; 2
3.0, -8.0, -6.0; 1
-5.0, -7.0, -6.0; 1
-4.0, -7.0, -6.0; 4
-3.0, -7.0, -6.0; 6
-2.0, -7.0, -6.0; 15
-1.0, -7.0, -6.0; 36
0.0, -7.0, -6.0; 3
2.0, -7.0, -6.0; 2
3.0, -7.0, -6.0; 1
4.0, -7.0, -6.0; 2
-7.0, -6.0, -6.0; 1
-5.0, -6.0, -6.0; 2
-4.0, -6.0, -6.0; 5
-2.0, -6.0, -6.0; 1
-1.0, -6.0, -6.0; 4
1.0, -6.0, -6.0; 1
3.0, -6.0, -6.0; 1
5.0, -6.0, -6.0; 1
-6.0, -5.0, -6.0; 2
-5.0, -5.0, -6.0; 2
-4.0, -5.0, -6.0; 1
-2.0, -5.0, -6.0; 1
-1.0, -5.0, -6.0; 1
0.0, -5.0, -6.0; 2
1.0, -5.0, -6.0; 1
-5.0, -4.0, -6.0; 2
-4.0, -4.0, -6.0; 4
-3.0, -4.0, -6.0; 5
-2.0, -4.0, -6.0; 2
-1.0, -4.0, -6.0; 2
1.0, -4.0, -6.0; 2
4.0, -4.0, -6.0; 1
-8.0, -3.0, -6.0; 1
-7.0, -3.0, -6.0; 3
-6.0, -3.0, -6.0; 3
-5.0, -3.0, -6.0; 1
-4.0, -3.0, -6.0; 3
-3.0, -3.0, -6.0; 2
-2.0, -3.0, -6.0; 5
-1.0, -3.0, -6.0; 1
0.0, -3.0, -6.0; 7
1.0, -3.0, -6.0; 5
-8.0, -2.0, -6.0; 2
-7.0, -2.0, -6.0; 5
-6.0, -2.0, -6.0; 4
-3.0, -2.0, -6.0; 3
-2.0, -2.0, -6.0; 4
-1.0, -2.0, -6.0; 5
0.0, -2.0, -6.0; 15
1.0, -2.0, -6.0; 1
2.0, -2.0, -6.0; 2
4.0, -2.0, -6.0; 3
-8.0, -1.0, -6.0; 1
-7.0, -1.0, -6.0; 3
-6.0, -1.0, -6.0; 2
-5.0, -1.0, -6.0; 1
-4.0, -1.0, -6.0; 2
-3.0, -1.0, -6.0; 3
-2.0, -1.0, -6.0; 9
-1.0, -1.0, -6.0; 8
0.0, -1.0, -6.0; 3
1.0, -1.0, -6.0; 2
3.0, -1.0, -6.0; 2
-8.0, 0.0, -6.0; 3
-7.0, 0.0, -6.0; 5
-6.0, 0.0, -6.0; 5
-5.0, 0.0, -6.0; 1
-3.0, 0.0, -6.0; 2
-2.0, 0.0, -6.0; 5
-1.0, 0.0, -6.0; 5
0.0, 0.0, -6.0; 5
1.0, 0.0, -6.0; 4
2.0, 0.0, -6.0; 2
3.0, 0.0, -6.0; 2
4.0, 0.0, -6.0; 1
7.0, 0.0, -6.0; 1
-9.0, 1.0, -6.0; 1
-8.0, 1.0, -6.0; 2
-7.0, 1.0, -6.0; 5
-6.0, 1.0, -6.0; 4
-5.0, 1.0, -6.0; 1
-4.0, 1.0, -6.0; 1
-3.0, 1.0, -6.0; 3
-2.0, 1.0, -6.0; 5
-1.0, 1.0, -6.0; 5
0.0, 1.0, -6.0; 3
1.0, 1.0, -6.0; 1
2.0, 1.0, -6.0; 4
4.0, 1.0, -6.0; 2
-8.0, 2.0, -6.0; 1
-7.0, 2.0, -6.0; 6
-6.0, 2.0, -6.0; 1
-5.0, 2.0, -6.0; 4
-4.0, 2.0, -6.0; 3
-3.0, 2.0, -6.0; 3
-2.0, 2.0, -6.0; 3
-1.0, 2.0, -6.0; 7
0.0, 2.0, -6.0; 5
1.0, 2.0, -6.0; 1
3.0, 2.0, -6.0; 2
4.0, 2.0, -6.0; 1
-8.0, 3.0, -6.0; 1
-7.0, 3.0, -6.0; 2
-5.0, 3.0, -6.0; 2
-4.0, 3.0, -6.0; 1
-3.0, 3.0, -6.0; 2
1.0, 3.0, -6.0; 2
3.0, 3.0, -6.0; 1
4.0, 3.0, -6.0; 1
5.0, 3.0, -6.0; 1
-7.0, 4.0, -6.0; 1
-6.0, 4.0, -6.0; 2
-4.0, 4.0, -6.0; 1
-3.0, 4.0, -6.0; 1
-2.0, 4.0, -6.0; 1
-1.0, 4.0, -6.0; 1
0.0, 4.0, -6.0; 1
2.0, 4.0, -6.0; 1
-7.0, 5.0, -6.0; 1
-6.0, 5.0, -6.0; 3
-4.0, 5.0, -6.0; 5
-3.0, 5.0, -6.0; 1
-2.0, 5.0, -6.0; 1
4.0, 5.0, -6.0; 1
5.0, 5.0, -6.0; 1
-6.0, 6.0, -6.0; 1
-4.0, 6.0, -6.0; 1
-3.0, 6.0, -6.0; 2
-2.0, 6.0, -6.0; 1
-1.0, 6.0, -6.0; 3
1.0, 6.0, -6.0; 1
-4.0, 7.0, -6.0; 1
-2.0, 7.0, -6.0; 1
0.0, 7.0, -6.0; 1
1.0, 7.0, -6.0; 5
-2.0, 8.0, -6.0; 1
-1.0, 8.0, -6.0; 1
-4.0, -9.0, -5.0; 1
-3.0, -9.0, -5.0; 1
-2.0, -9.0, -5.0; 1
-1.0, -9.0, -5.0; 2
1.0, -9.0, -5.0; 1
-5.0, -8.0, -5.0; 2
-4.0, -8.0, -5.0; 1
-3.0, -8.0, -5.0; 8
-2.0, -8.0, -5.0; 96
-1.0, -8.0, -5.0; 187
0.0, -8.0, -5.0; 12
1.0, -8.0, -5.0; 1
3.0, -8.0, -5.0; 1
5.0, -8.0, -5.0; 1
-6.0, -7.0, -5.0; 2
-5.0, -7.0, -5.0; 2
-4.0, -7.0, -5.0; 3
-3.0, -7.0, -5.0; 2
-2.0, -7.0, -5.0; 15
-1.0, -7.0, -5.0; 10
0.0, -7.0, -5.0; 2
1.0, -7.0, -5.0; 2
3.0, -7.0, -5.0; 1
4.0, -7.0, -5.0; 2
5.0, -7.0, -5.0; 2
-7.0, -6.0, -5.0; 1
-6.0, -6.0, -5.0; 3
-5.0, -6.0, -5.0; 2
-2.0, -6.0, -5.0; 1
0.0, -6.0, -5.0; 1
2.0, -6.0, -5.0; 1
4.0, -6.0, -5.0; 1
-8.0, -5.0, -5.0; 4
-7.0, -5.0, -5.0; 1
-6.0, -5.0, -5.0; 1
-4.0, -5.0, -5.0; 1
-3.0, -5.0, -5.0; 1
-2.0, -5.0, -5.0; 3
-1.0, -5.0, -5.0; 1
1.0, -5.0, -5.0; 2
3.0, -5.0, -5.0; 1
5.0, -5.0, -5.0; 1
-8.0, -4.0, -5.0; 2
-7.0, -4.0, -5.0; 5
-6.0, -4.0, -5.0; 2
-5.0, -4.0, -5.0; 2
-4.0, -4.0, -5.0; 3
-3.0, -4.0, -5.0; 25
-2.0, -4.0, -5.0; 33
-1.0, -4.0, -5.0; 11
0.0, -4.0, -5.0; 2
1.0, -4.0, -5.0; 14
2.0, -4.0, -5.0; 2
3.0, -4.0, -5.0; 2
6.0, -4.0, -5.0; 1
-8.0, -3.0, -5.0; 2
-7.0, -3.0, -5.0; 2
-6.0, -3.0, -5.0; 1
-5.0, -3.0, -5.0; 3
-4.0, -3.0, -5.0; 12
-3.0, -3.0, -5.0; 381
-2.0, -3.0, -5.0; 215
-1.0, -3.0, -5.0; 5
0.0, -3.0, -5.0; 13
1.0, -3.0, -5.0; 229
2.0, -3.0, -5.0; 12
3.0, -3.0, -5.0; 1
-8.0, -2.0, -5.0; 1
-7.0, -2.0, -5.0; 4
-5.0, -2.0, -5.0; 4
-4.0, -2.0, -5.0; 2
-3.0, -2.0, -5.0; 29
-2.0, -2.0, -5.0; 11
-1.0, -2.0, -5.0; 3
0.0, -2.0, -5.0; 32
1.0, -2.0, -5.0; 38
2.0, -2.0, -5.0; 5
4.0, -2.0, -5.0; 2
-8.0, -1.0, -5.0; 1
-7.0, -1.0, -5.0; 6
-5.0, -1.0, -5.0; 2
-4.0, -1.0, -5.0; 6
-3.0, -1.0, -5.0; 13
-2.0, -1.0, -5.0; 7
-1.0, -1.0, -5.0; 4
0.0, -1.0, -5.0; 5
1.0, -1.0, -5.0; 1
2.0, -1.0, -5.0; 1
3.0, -1.0, -5.0; 2
4.0, -1.0, -5.0; 4
5.0, -1.0, -5.0; 2
-9.0, 0.0, -5.0; 1
-7.0, 0.0, -5.0; 11
-6.0, 0.0, -5.0; 1
-5.0, 0.0, -5.0; 3
-4.0, 0.0, -5.0; 5
-3.0, 0.0, -5.0; 4
-2.0, 0.0, -5.0; 2
-1.0, 0.0, -5.0; 2
0.0, 0.0, -5.0; 2
1.0, 0.0, -5.0; 2
2.0, 0.0, -5.0; 1
3.0, 0.0, -5.0; 2
4.0, 0.0, -5.0; 4
-8.0, 1.0, -5.0; 3
-7.0, 1.0, -5.0; 4
-6.0, 1.0, -5.0; 4
-5.0, 1.0, -5.0; 2
-4.0, 1.0, -5.0; 3
-3.0, 1.0, -5.0; 5
-2.0, 1.0, -5.0; 1
0.0, 1.0, -5.0; 4
1.0, 1.0, -5.0; 3
2.0, 1.0, -5.0; 2
3.0, 1.0, -5.0; 2
-8.0, 2.0, -5.0; 2
-6.0, 2.0, -5.0; 4
-5.0, 2.0, -5.0; 5
-4.0, 2.0, -5.0; 6
-3.0, 2.0, -5.0; 10
-2.0, 2.0, -5.0; 5
-1.0, 2.0, -5.0; 9
0.0, 2.0, -5.0; 9
1.0, 2.0, -5.0; 1
2.0, 2.0, -5.0; 2
3.0, 2.0, -5.0; 4
4.0, 2.0, -5.0; 1
5.0, 2.0, -5.0; 1
6.0, 2.0, -5.0; 1
7.0, 2.0, -5.0; 1
-8.0, 3.0, -5.0; 2
-5.0, 3.0, -5.0; 5
-4.0, 3.0, -5.0; 6
-3.0, 3.0, -5.0; 1
-2.0, 3.0, -5.0; 2
-1.0, 3.0, -5.0; 6
0.0, 3.0, -5.0; 3
2.0, 3.0, -5.0; 1
3.0, 3.0, -5.0; 2
4.0, 3.0, -5.0; 1
6.0, 3.0, -5.0; 1
7.0, 3.0, -5.0; 1
-8.0, 4.0, -5.0; 3
-7.0, 4.0, -5.0; 2
-6.0, 4.0, -5.0; 4
-5.0, 4.0, -5.0; 4
-3.0, 4.0, -5.0; 2
-2.0, 4.0, -5.0; 6
-1.0, 4.0, -5.0; 4
0.0, 4.0, -5.0; 2
1.0, 4.0, -5.0; 2
3.0, 4.0, -5.0; 2
-8.0, 5.0, -5.0; 1
-7.0, 5.0, -5.0; 1
-6.0, 5.0, -5.0; 2
-5.0, 5.0, -5.0; 2
-4.0, 5.0, -5.0; 1
-2.0, 5.0, -5.0; 3
-1.0, 5.0, -5.0; 1
0.0, 5.0, -5.0; 2
-6.0, 6.0, -5.0; 2
-5.0, 6.0, -5.0; 1
-4.0, 6.0, -5.0; 3
-3.0, 6.0, -5.0; 2
-1.0, 6.0, -5.0; 1
3.0, 6.0, -5.0; 1
4.0, 6.0, -5.0; 1
-3.0, 7.0, -5.0; 1
-2.0, 7.0, -5.0; 1
0.0, 7.0, -5.0; 2
1.0, 7.0, -5.0; 1
2.0, 7.0, -5.0; 2
3.0, 7.0, -5.0; 1
-4.0, 8.0, -5.0; 1
-2.0, 8.0, -5.0; 2
-1.0, 8.0, -5.0; 2
0.0, 8.0, -5.0; 3
1.0, 8.0, -5.0; 1
0.0, 9.0, -5.0; 1
-2.0, -10.0, -4.0; 1
0.0, -10.0, -4.0; 2
-4.0, -9.0, -4.0; 1
-3.0, -9.0, -4.0; 1
-2.0, -9.0, -4.0; 2
-1.0, -9.0, -4.0; 6
0.0, -9.0, -4.0; 5
1.0, -9.0, -4.0; 1
2.0, -9.0, -4.0; 1
4.0, -9.0, -4.0; 1
-6.0, -8.0, -4.0; 2
-5.0, -8.0, -4.0; 1
-4.0, -8.0, -4.0; 2
-3.0, -8.0, -4.0; 2
-2.0, -8.0, -4.0; 9
-1.0, -8.0, -4.0; 32
0.0, -8.0, -4.0; 2
1.0, -8.0, -4.0; 3
2.0, -8.0, -4.0; 1
3.0, -8.0, -4.0; 4
-7.0, -7.0, -4.0; 2
-6.0, -7.0, -4.0; 1
-1.0, -7.0, -4.0; 4
1.0, -7.0, -4.0; 3
2.0, -7.0, -4.0; 1
4.0, -7.0, -4.0; 1
5.0, -7.0, -4.0; 1
-7.0, -6.0, -4.0; 1
-2.0, -6.0, -4.0; 1
-1.0, -6.0, -4.0; 5
0.0, -6.0, -4.0; 1
1.0, -6.0, -4.0; 8
2.0, -6.0, -4.0; 4
-9.0, -5.0, -4.0; 1
-8.0, -5.0, -4.0; 3
-6.0, -5.0, -4.0; 1
-4.0, -5.0, -4.0; 1
-3.0, -5.0, -4.0; 1
-2.0, -5.0, -4.0; 8
-1.0, -5.0, -4.0; 41
0.0, -5.0, -4.0; 14
1.0, -5.0, -4.0; 5
2.0, -5.0, -4.0; 6
4.0, -5.0, -4.0; 2
-9.0, -4.0, -4.0; 3
-8.0, -4.0, -4.0; 6
-7.0, -4.0, -4.0; 1
-5.0, -4.0, -4.0; 3
-4.0, -4.0, -4.0; 11
-3.0, -4.0, -4.0; 10
-2.0, -4.0, -4.0; 7
-1.0, -4.0, -4.0; 12
0.0, -4.0, -4.0; 4
1.0, -4.0, -4.0; 8
2.0, -4.0, -4.0; 20
4.0, -4.0, -4.0; 2
-8.0, -3.0, -4.0; 1
-7.0, -3.0, -4.0; 1
-6.0, -3.0, -4.0; 4
-5.0, -3.0, -4.0; 5
-4.0, -3.0, -4.0; 25
-3.0, -3.0, -4.0; 18
-2.0, -3.0, -4.0; 3
1.0, -3.0, -4.0; 34
2.0, -3.0, -4.0; 17
3.0, -3.0, -4.0; 1
4.0, -3.0, -4.0; 1
5.0, -3.0, -4.0; 1
-9.0, -2.0, -4.0; 2
-8.0, -2.0, -4.0; 4
-7.0, -2.0, -4.0; 4
-6.0, -2.0, -4.0; 3
-5.0, -2.0, -4.0; 8
-4.0, -2.0, -4.0; 7
-3.0, -2.0, -4.0; 1
4.0, -2.0, -4.0; 1
-10.0, -1.0, -4.0; 1
-8.0, -1.0, -4.0; 2
-7.0, -1.0, -4.0; 11
-6.0, -1.0, -4.0; 2
-4.0, -1.0, -4.0; 4
-8.0, 0.0, -4.0; 1
-7.0, 0.0, -4.0; 5
-6.0, 0.0, -4.0; 1
-5.0, 0.0, -4.0; 5
-3.0, 0.0, -4.0; 1
2.0, 0.0, -4.0; 1
4.0, 0.0, -4.0; 1
6.0, 0.0, -4.0; 1
-9.0, 1.0, -4.0; 1
-8.0, 1.0, -4.0; 2
-7.0, 1.0, -4.0; 1
-6.0, 1.0, -4.0; 12
-5.0, 1.0, -4.0; 1
-4.0, 1.0, -4.0; 5
1.0, 1.0, -4.0; 1
3.0, 1.0, -4.0; 1
-9.0, 2.0, -4.0; 3
-8.0, 2.0, -4.0; 3
-7.0, 2.0, -4.0; 1
-6.0, 2.0, -4.0; 10
-5.0, 2.0, -4.0; 6
-4.0, 2.0, -4.0; 5
-3.0, 2.0, -4.0; 1
0.0, 2.0, -4.0; 1
1.0, 2.0, -4.0; 1
3.0, 2.0, -4.0; 4
4.0, 2.0, -4.0; 2
6.0, 2.0, -4.0; 1
-9.0, 3.0, -4.0; 3
-8.0, 3.0, -4.0; 1
-7.0, 3.0, -4.0; 1
-6.0, 3.0, -4.0; 1
-4.0, 3.0, -4.0; 1
0.0, 3.0, -4.0; 4
1.0, 3.0, -4.0; 2
3.0, 3.0, -4.0; 1
-9.0, 4.0, -4.0; 1
-8.0, 4.0, -4.0; 2
-7.0, 4.0, -4.0; 5
-4.0, 4.0, -4.0; 1
-3.0, 4.0, -4.0; 2
-2.0, 4.0, -4.0; 8
-1.0, 4.0, -4.0; 7
0.0, 4.0, -4.0; 12
1.0, 4.0, -4.0; 4
2.0, 4.0, -4.0; 4
3.0, 4.0, -4.0; 1
4.0, 4.0, -4.0; 1
5.0, 4.0, -4.0; 2
6.0, 4.0, -4.0; 1
-7.0, 5.0, -4.0; 7
-2.0, 5.0, -4.0; 14
-1.0, 5.0, -4.0; 49
0.0, 5.0, -4.0; 19
1.0, 5.0, -4.0; 1
2.0, 5.0, -4.0; 2
3.0, 5.0, -4.0; 2
5.0, 5.0, -4.0; 1
-7.0, 6.0, -4.0; 1
-6.0, 6.0, -4.0; 1
-5.0, 6.0, -4.0; 1
-4.0, 6.0, -4.0; 1
-3.0, 6.0, -4.0; 1
-1.0, 6.0, -4.0; 2
0.0, 6.0, -4.0; 1
1.0, 6.0, -4.0; 2
2.0, 6.0, -4.0; 1
3.0, 6.0, -4.0; 2
6.0, 6.0, -4.0; 1
-6.0, 7.0, -4.0; 1
-5.0, 7.0, -4.0; 1
-4.0, 7.0, -4.0; 2
-2.0, 7.0, -4.0; 2
-1.0, 7.0, -4.0; 1
1.0, 7.0, -4.0; 4
2.0, 7.0, -4.0; 5
-4.0, 8.0, -4.0; 1
-3.0, 8.0, -4.0; 7
-2.0, 8.0, -4.0; 7
-1.0, 8.0, -4.0; 2
0.0, 8.0, -4.0; 3
1.0, 8.0, -4.0; 3
-1.0, 9.0, -4.0; 3
1.0, 9.0, -4.0; 3
-3.0, -10.0, -3.0; 1
-2.0, -10.0, -3.0; 3
-1.0, -10.0, -3.0; 4
0.0, -10.0, -3.0; 3
1.0, -10.0, -3.0; 2
2.0, -10.0, -3.0; 1
3.0, -10.0, -3.0; 1
-5.0, -9.0, -3.0; 1
-3.0, -9.0, -3.0; 7
-2.0, -9.0, -3.0; 4
-1.0, -9.0, -3.0; 10
0.0, -9.0, -3.0; 2
1.0, -9.0, -3.0; 4
2.0, -9.0, -3.0; 1
3.0, -9.0, -3.0; 3
-5.0, -8.0, -3.0; 3
-4.0, -8.0, -3.0; 2
-2.0, -8.0, -3.0; 1
-1.0, -8.0, -3.0; 2
0.0, -8.0, -3.0; 4
2.0, -8.0, -3.0; 1
3.0, -8.0, -3.0; 1
-7.0, -7.0, -3.0; 2
-6.0, -7.0, -3.0; 2
0.0, -7.0, -3.0; 6
1.0, -7.0, -3.0; 6
3.0, -7.0, -3.0; 1
5.0, -7.0, -3.0; 1
6.0, -7.0, -3.0; 1
-7.0, -6.0, -3.0; 1
-6.0, -6.0, -3.0; 1
-3.0, -6.0, -3.0; 1
-2.0, -6.0, -3.0; 1
-1.0, -6.0, -3.0; 13
0.0, -6.0, -3.0; 17
1.0, -6.0, -3.0; 171
2.0, -6.0, -3.0; 19
5.0, -6.0, -3.0; 1
-9.0, -5.0, -3.0; 1
-8.0, -5.0, -3.0; 3
-7.0, -5.0, -3.0; 1
-5.0, -5.0, -3.0; 1
-3.0, -5.0, -3.0; 2
-1.0, -5.0, -3.0; 5
0.0, -5.0, -3.0; 10
1.0, -5.0, -3.0; 4
2.0, -5.0, -3.0; 9
5.0, -5.0, -3.0; 1
-8.0, -4.0, -3.0; 1
-6.0, -4.0, -3.0; 4
-5.0, -4.0, -3.0; 3
-4.0, -4.0, -3.0; 1
1.0, -4.0, -3.0; 2
2.0, -4.0, -3.0; 3
3.0, -4.0, -3.0; 3
4.0, -4.0, -3.0; 4
-10.0, -3.0, -3.0; 1
-9.0, -3.0, -3.0; 2
-8.0, -3.0, -3.0; 4
-7.0, -3.0, -3.0; 4
-6.0, -3.0, -3.0; 5
-5.0, -3.0, -3.0; 19
-4.0, -3.0, -3.0; 1
-3.0, -3.0, -3.0; 4
3.0, -3.0, -3.0; 2
-10.0, -2.0, -3.0; 1
-9.0, -2.0, -3.0; 1
-8.0, -2.0, -3.0; 2
-7.0, -2.0, -3.0; 2
-6.0, -2.0, -3.0; 5
-5.0, -2.0, -3.0; 5
-3.0, -2.0, -3.0; 1
2.0, -2.0, -3.0; 1
-9.0, -1.0, -3.0; 1
-8.0, -1.0, -3.0; 4
-7.0, -1.0, -3.0; 3
-6.0, -1.0, -3.0; 2
-5.0, -1.0, -3.0; 1
-4.0, -1.0, -3.0; 1
6.0, -1.0, -3.0; 2
-8.0, 0.0, -3.0; 4
-7.0, 0.0, -3.0; 1
-6.0, 0.0, -3.0; 10
-5.0, 0.0, -3.0; 6
-9.0, 1.0, -3.0; 1
-8.0, 1.0, -3.0; 3
-7.0, 1.0, -3.0; 3
-6.0, 1.0, -3.0; 25
-5.0, 1.0, -3.0; 8
4.0, 1.0, -3.0; 1
-10.0, 2.0, -3.0; 1
-7.0, 2.0, -3.0; 1
-6.0, 2.0, -3.0; 8
-5.0, 2.0, -3.0; 1
-3.0, 2.0, -3.0; 1
3.0, 2.0, -3.0; 1
4.0, 2.0, -3.0; 1
8.0, 2.0, -3.0; 1
-8.0, 3.0, -3.0; 2
-7.0, 3.0, -3.0; 2
-6.0, 3.0, -3.0; 5
-5.0, 3.0, -3.0; 3
0.0, 3.0, -3.0; 1
3.0, 3.0, -3.0; 1
4.0, 3.0, -3.0; 1
-9.0, 4.0, -3.0; 4
-8.0, 4.0, -3.0; 3
-6.0, 4.0, -3.0; 1
-5.0, 4.0, -3.0; 1
0.0, 4.0, -3.0; 2
1.0, 4.0, -3.0; 13
2.0, 4.0, -3.0; 3
3.0, 4.0, -3.0; 1
4.0, 4.0, -3.0; 3
5.0, 4.0, -3.0; 1
-8.0, 5.0, -3.0; 2
-7.0, 5.0, -3.0; 1
-2.0, 5.0, -3.0; 8
-1.0, 5.0, -3.0; 16
0.0, 5.0, -3.0; 38
1.0, 5.0, -3.0; 12
2.0, 5.0, -3.0; 3
3.0, 5.0, -3.0; 3
7.0, 5.0, -3.0; 1
-7.0, 6.0, -3.0; 3
-6.0, 6.0, -3.0; 4
-5.0, 6.0, -3.0; 1
-2.0, 6.0, -3.0; 4
-1.0, 6.0, -3.0; 8
0.0, 6.0, -3.0; 9
1.0, 6.0, -3.0; 3
2.0, 6.0, -3.0; 1
6.0, 6.0, -3.0; 1
-6.0, 7.0, -3.0; 2
-5.0, 7.0, -3.0; 2
1.0, 7.0, -3.0; 1
4.0, 7.0, -3.0; 1
-4.0, 8.0, -3.0; 3
-3.0, 8.0, -3.0; 8
-2.0, 8.0, -3.0; 5
0.0, 8.0, -3.0; 6
1.0, 8.0, -3.0; 6
2.0, 8.0, -3.0; 2
-1.0, 9.0, -3.0; 3
0.0, 9.0, -3.0; 6
1.0, 9.0, -3.0; 5
-4.0, -10.0, -2.0; 3
-3.0, -10.0, -2.0; 6
-2.0, -10.0, -2.0; 14
-1.0, -10.0, -2.0; 7
0.0, -10.0, -2.0; 7
1.0, -10.0, -2.0; 6
-6.0, -9.0, -2.0; 1
-5.0, -9.0, -2.0; 2
-4.0, -9.0, -2.0; 1
-3.0, -9.0, -2.0; 2
-2.0, -9.0, -2.0; 5
-1.0, -9.0, -2.0; 3
0.0, -9.0, -2.0; 3
1.0, -9.0, -2.0; 5
2.0, -9.0, -2.0; 1
3.0, -9.0, -2.0; 1
-6.0, -8.0, -2.0; 1
-5.0, -8.0, -2.0; 1
-4.0, -8.0, -2.0; 1
-2.0, -8.0, -2.0; 3
-1.0, -8.0, -2.0; 2
0.0, -8.0, -2.0; 2
3.0, -8.0, -2.0; 2
5.0, -8.0, -2.0; 1
-8.0, -7.0, -2.0; 3
-7.0, -7.0, -2.0; 4
-6.0, -7.0, -2.0; 1
-1.0, -7.0, -2.0; 4
0.0, -7.0, -2.0; 4
1.0, -7.0, -2.0; 10
3.0, -7.0, -2.0; 1
-9.0, -6.0, -2.0; 1
-7.0, -6.0, -2.0; 2
-6.0, -6.0, -2.0; 1
-1.0, -6.0, -2.0; 4
0.0, -6.0, -2.0; 18
1.0, -6.0, -2.0; 89
2.0, -6.0, -2.0; 18
3.0, -6.0, -2.0; 1
4.0, -6.0, -2.0; 1
5.0, -6.0, -2.0; 2
-9.0, -5.0, -2.0; 3
-8.0, -5.0, -2.0; 1
2.0, -5.0, -2.0; 3
4.0, -5.0, -2.0; 1
-9.0, -4.0, -2.0; 4
-8.0, -4.0, -2.0; 6
-7.0, -4.0, -2.0; 4
-6.0, -4.0, -2.0; 1
-5.0, -4.0, -2.0; 4
3.0, -4.0, -2.0; 3
4.0, -4.0, -2.0; 1
-10.0, -3.0, -2.0; 1
-9.0, -3.0, -2.0; 1
-8.0, -3.0, -2.0; 3
-7.0, -3.0, -2.0; 1
-6.0, -3.0, -2.0; 8
-5.0, -3.0, -2.0; 12
3.0, -3.0, -2.0; 1
-10.0, -2.0, -2.0; 1
-9.0, -2.0, -2.0; 1
-8.0, -2.0, -2.0; 5
-6.0, -2.0, -2.0; 3
-5.0, -2.0, -2.0; 5
-8.0, -1.0, -2.0; 4
-10.0, 0.0, -2.0; 1
-9.0, 0.0, -2.0; 1
-8.0, 0.0, -2.0; 3
-7.0, 0.0, -2.0; 1
-6.0, 0.0, -2.0; 7
-5.0, 0.0, -2.0; 2
6.0, 0.0, -2.0; 1
-9.0, 1.0, -2.0; 1
-8.0, 1.0, -2.0; 3
-7.0, 1.0, -2.0; 2
-6.0, 1.0, -2.0; 154
-5.0, 1.0, -2.0; 17
-9.0, 2.0, -2.0; 2
-8.0, 2.0, -2.0; 1
-7.0, 2.0, -2.0; 5
-6.0, 2.0, -2.0; 16
-5.0, 2.0, -2.0; 7
-9.0, 3.0, -2.0; 3
-8.0, 3.0, -2.0; 2
-7.0, 3.0, -2.0; 4
-6.0, 3.0, -2.0; 11
-5.0, 3.0, -2.0; 2
4.0, 3.0, -2.0; 1
-9.0, 4.0, -2.0; 3
-8.0, 4.0, -2.0; 4
-6.0, 4.0, -2.0; 4
-5.0, 4.0, -2.0; 2
-4.0, 4.0, -2.0; 1
1.0, 4.0, -2.0; 1
2.0, 4.0, -2.0; 3
4.0, 4.0, -2.0; 3
5.0, 4.0, -2.0; 1
-8.0, 5.0, -2.0; 3
-7.0, 5.0, -2.0; 3
-1.0, 5.0, -2.0; 1
0.0, 5.0, -2.0; 11
1.0, 5.0, -2.0; 18
2.0, 5.0, -2.0; 4
3.0, 5.0, -2.0; 1
4.0, 5.0, -2.0; 1
-8.0, 6.0, -2.0; 2
-7.0, 6.0, -2.0; 5
-6.0, 6.0, -2.0; 9
-5.0, 6.0, -2.0; 2
-2.0, 6.0, -2.0; 4
-1.0, 6.0, -2.0; 16
0.0, 6.0, -2.0; 38
1.0, 6.0, -2.0; 15
2.0, 6.0, -2.0; 1
3.0, 6.0, -2.0; 1
4.0, 6.0, -2.0; 1
-5.0, 7.0, -2.0; 2
-4.0, 7.0, -2.0; 3
-3.0, 7.0, -2.0; 2
-1.0, 7.0, -2.0; 3
0.0, 7.0, -2.0; 2
2.0, 7.0, -2.0; 2
3.0, 7.0, -2.0; 1
4.0, 7.0, -2.0; 1
-5.0, 8.0, -2.0; 1
-4.0, 8.0, -2.0; 1
-3.0, 8.0, -2.0; 5
-2.0, 8.0, -2.0; 2
-1.0, 8.0, -2.0; 2
0.0, 8.0, -2.0; 2
1.0, 8.0, -2.0; 4
2.0, 8.0, -2.0; 4
3.0, 8.0, -2.0; 2
-4.0, 9.0, -2.0; 1
-2.0, 9.0, -2.0; 2
-1.0, 9.0, -2.0; 6
0.0, 9.0, -2.0; 2
1.0, 9.0, -2.0; 2
-5.0, -10.0, -1.0; 1
-4.0, -10.0, -1.0; 1
-3.0, -10.0, -1.0; 5
-2.0, -10.0, -1.0; 6
-1.0, -10.0, -1.0; 4
0.0, -10.0, -1.0; 11
1.0, -10.0, -1.0; 2
2.0, -10.0, -1.0; 1
3.0, -10.0, -1.0; 1
-6.0, -9.0, -1.0; 2
-5.0, -9.0, -1.0; 8
-4.0, -9.0, -1.0; 1
-3.0, -9.0, -1.0; 1
-1.0, -9.0, -1.0; 3
0.0, -9.0, -1.0; 2
1.0, -9.0, -1.0; 3
2.0, -9.0, -1.0; 2
-7.0, -8.0, -1.0; 5
-6.0, -8.0, -1.0; 2
-5.0, -8.0, -1.0; 1
-2.0, -8.0, -1.0; 4
-1.0, -8.0, -1.0; 5
0.0, -8.0, -1.0; 4
3.0, -8.0, -1.0; 1
-7.0, -7.0, -1.0; 3
-4.0, -7.0, -1.0; 1
-3.0, -7.0, -1.0; 1
-2.0, -7.0, -1.0; 4
-1.0, -7.0, -1.0; 17
0.0, -7.0, -1.0; 33
1.0, -7.0, -1.0; 7
2.0, -7.0, -1.0; 1
4.0, -7.0, -1.0; 1
-8.0, -6.0, -1.0; 3
-7.0, -6.0, -1.0; 2
-6.0, -6.0, -1.0; 1
-2.0, -6.0, -1.0; 2
-1.0, -6.0, -1.0; 4
0.0, -6.0, -1.0; 5
1.0, -6.0, -1.0; 8
2.0, -6.0, -1.0; 4
4.0, -6.0, -1.0; 1
5.0, -6.0, -1.0; 3
-9.0, -5.0, -1.0; 1
-8.0, -5.0, -1.0; 4
-7.0, -5.0, -1.0; 1
-6.0, -5.0, -1.0; 4
-1.0, -5.0, -1.0; 1
2.0, -5.0, -1.0; 1
6.0, -5.0, -1.0; 1
-9.0, -4.0, -1.0; 5
-8.0, -4.0, -1.0; 3
-7.0, -4.0, -1.0; 4
-6.0, -4.0, -1.0; 3
-5.0, -4.0, -1.0; 3
3.0, -4.0, -1.0; 1
-10.0, -3.0, -1.0; 1
-9.0, -3.0, -1.0; 2
-8.0, -3.0, -1.0; 1
-7.0, -3.0, -1.0; 3
-6.0, -3.0, -1.0; 3
-5.0, -3.0, -1.0; 9
-9.0, -2.0, -1.0; 1
-8.0, -2.0, -1.0; 5
-7.0, -2.0, -1.0; 7
-6.0, -2.0, -1.0; 6
-5.0, -2.0, -1.0; 1
-9.0, -1.0, -1.0; 2
-8.0, -1.0, -1.0; 3
-7.0, -1.0, -1.0; 5
-6.0, -1.0, -1.0; 2
-5.0, -1.0, -1.0; 2
-10.0, 0.0, -1.0; 1
-9.0, 0.0, -1.0; 1
-8.0, 0.0, -1.0; 3
-7.0, 0.0, -1.0; 1
-6.0, 0.0, -1.0; 1
-5.0, 0.0, -1.0; 1
-9.0, 1.0, -1.0; 2
-7.0, 1.0, -1.0; 2
-6.0, 1.0, -1.0; 374
-5.0, 1.0, -1.0; 44
-9.0, 2.0, -1.0; 2
-8.0, 2.0, -1.0; 2
-7.0, 2.0, -1.0; 3
-6.0, 2.0, -1.0; 39
-5.0, 2.0, -1.0; 22
-9.0, 3.0, -1.0; 2
-8.0, 3.0, -1.0; 2
-7.0, 3.0, -1.0; 2
-6.0, 3.0, -1.0; 7
-5.0, 3.0, -1.0; 4
4.0, 3.0, -1.0; 1
5.0, 3.0, -1.0; 1
-9.0, 4.0, -1.0; 1
-8.0, 4.0, -1.0; 3
-7.0, 4.0, -1.0; 1
-6.0, 4.0, -1.0; 5
-5.0, 4.0, -1.0; 7
2.0, 4.0, -1.0; 2
4.0, 4.0, -1.0; 3
5.0, 4.0, -1.0; 1
-8.0, 5.0, -1.0; 1
-7.0, 5.0, -1.0; 4
-5.0, 5.0, -1.0; 5
-4.0, 5.0, -1.0; 3
-3.0, 5.0, -1.0; 4
-1.0, 5.0, -1.0; 2
0.0, 5.0, -1.0; 3
1.0, 5.0, -1.0; 6
2.0, 5.0, -1.0; 3
5.0, 5.0, -1.0; 2
-8.0, 6.0, -1.0; 1
-7.0, 6.0, -1.0; 20
-6.0, 6.0, -1.0; 89
-5.0, 6.0, -1.0; 14
-4.0, 6.0, -1.0; 7
-3.0, 6.0, -1.0; 1
-2.0, 6.0, -1.0; 9
-1.0, 6.0, -1.0; 22
0.0, 6.0, -1.0; 37
1.0, 6.0, -1.0; 10
3.0, 6.0, -1.0; 2
-7.0, 7.0, -1.0; 1
-6.0, 7.0, -1.0; 4
-5.0, 7.0, -1.0; 18
-4.0, 7.0, -1.0; 9
-3.0, 7.0, -1.0; 4
-2.0, 7.0, -1.0; 1
-1.0, 7.0, -1.0; 6
0.0, 7.0, -1.0; 8
3.0, 7.0, -1.0; 2
-4.0, 8.0, -1.0; 4
-3.0, 8.0, -1.0; 5
-2.0, 8.0, -1.0; 2
-1.0, 8.0, -1.0; 1
0.0, 8.0, -1.0; 2
1.0, 8.0, -1.0; 3
2.0, 8.0, -1.0; 6
3.0, 8.0, -1.0; 1
-4.0, 9.0, -1.0; 2
-3.0, 9.0, -1.0; 2
-2.0, 9.0, -1.0; 2
-1.0, 9.0, -1.0; 8
0.0, 9.0, -1.0; 8
1.0, 9.0, -1.0; 5
2.0, 9.0, -1.0; 2
-4.0, -10.0, 0.0; 6
-3.0, -10.0, 0.0; 6
-2.0, -10.0, 0.0; 1
-1.0, -10.0, 0.0; 2
0.0, -10.0, 0.0; 2
1.0, -10.0, 0.0; 3
-6.0, -9.0, 0.0; 1
-5.0, -9.0, 0.0; 2
-4.0, -9.0, 0.0; 4
-2.0, -9.0, 0.0; 2
-1.0, -9.0, 0.0; 4
0.0, -9.0, 0.0; 3
-7.0, -8.0, 0.0; 1
-6.0, -8.0, 0.0; 4
-4.0, -8.0, 0.0; 2
-2.0, -8.0, 0.0; 5
-1.0, -8.0, 0.0; 4
0.0, -8.0, 0.0; 2
2.0, -8.0, 0.0; 2
3.0, -8.0, 0.0; 1
5.0, -8.0, 0.0; 1
-8.0, -7.0, 0.0; 1
-7.0, -7.0, 0.0; 4
-6.0, -7.0, 0.0; 1
-4.0, -7.0, 0.0; 4
-3.0, -7.0, 0.0; 13
-2.0, -7.0, 0.0; 26
-1.0, -7.0, 0.0; 41
0.0, -7.0, 0.0; 29
1.0, -7.0, 0.0; 1
2.0, -7.0, 0.0; 2
3.0, -7.0, 0.0; 1
4.0, -7.0, 0.0; 1
-8.0, -6.0, 0.0; 10
-7.0, -6.0, 0.0; 6
-6.0, -6.0, 0.0; 1
-5.0, -6.0, 0.0; 7
-4.0, -6.0, 0.0; 3
-3.0, -6.0, 0.0; 3
-2.0, -6.0, 0.0; 2
-1.0, -6.0, 0.0; 1
0.0, -6.0, 0.0; 6
1.0, -6.0, 0.0; 4
2.0, -6.0, 0.0; 5
3.0, -6.0, 0.0; 1
5.0, -6.0, 0.0; 2
6.0, -6.0, 0.0; 1
-9.0, -5.0, 0.0; 1
-8.0, -5.0, 0.0; 9
-7.0, -5.0, 0.0; 1
-6.0, -5.0, 0.0; 15
-5.0, -5.0, 0.0; 2
-4.0, -5.0, 0.0; 2
-3.0, -5.0, 0.0; 2
-2.0, -5.0, 0.0; 2
-1.0, -5.0, 0.0; 1
2.0, -5.0, 0.0; 6
5.0, -5.0, 0.0; 1
6.0, -5.0, 0.0; 1
-9.0, -4.0, 0.0; 4
-8.0, -4.0, 0.0; 4
-7.0, -4.0, 0.0; 2
-6.0, -4.0, 0.0; 6
-5.0, -4.0, 0.0; 3
-4.0, -4.0, 0.0; 1
-3.0, -4.0, 0.0; 1
-10.0, -3.0, 0.0; 3
-9.0, -3.0, 0.0; 2
-8.0, -3.0, 0.0; 2
-7.0, -3.0, 0.0; 2
-6.0, -3.0, 0.0; 6
3.0, -3.0, 0.0; 1
4.0, -3.0, 0.0; 1
7.0, -3.0, 0.0; 1
-9.0, -2.0, 0.0; 2
-8.0, -2.0, 0.0; 3
-7.0, -2.0, 0.0; 1
-6.0, -2.0, 0.0; 9
-10.0, -1.0, 0.0; 1
-8.0, -1.0, 0.0; 3
-7.0, -1.0, 0.0; 6
-6.0, -1.0, 0.0; 5
-9.0, 0.0, 0.0; 1
-8.0, 0.0, 0.0; 1
-7.0, 0.0, 0.0; 3
-6.0, 0.0, 0.0; 3
2.0
4.60422670509
