4.0, 0.0, 0.0; 1
-10.0, 1.0, 0.0; 5
-9.0, 1.0, 0.0; 4
-8.0, 1.0, 0.0; 3
-7.0, 1.0, 0.0; 2
-6.0, 1.0, 0.0; 95
-5.0, 1.0, 0.0; 45
4.0, 1.0, 0.0; 2
6.0, 1.0, 0.0; 1
7.0, 1.0, 0.0; 1
8.0, 1.0, 0.0; 1
9.0, 1.0, 0.0; 1
-10.0, 2.0, 0.0; 2
-9.0, 2.0, 0.0; 5
-8.0, 2.0, 0.0; 9
-7.0, 2.0, 0.0; 4
-6.0, 2.0, 0.0; 66
-5.0, 2.0, 0.0; 112
-4.0, 2.0, 0.0; 4
4.0, 2.0, 0.0; 2
5.0, 2.0, 0.0; 1
6.0, 2.0, 0.0; 1
7.0, 2.0, 0.0; 1
-10.0, 3.0, 0.0; 2
-9.0, 3.0, 0.0; 7
-8.0, 3.0, 0.0; 14
-7.0, 3.0, 0.0; 8
-6.0, 3.0, 0.0; 30
-5.0, 3.0, 0.0; 36
-3.0, 3.0, 0.0; 2
2.0, 3.0, 0.0; 1
3.0, 3.0, 0.0; 5
4.0, 3.0, 0.0; 5
7.0, 3.0, 0.0; 3
-9.0, 4.0, 0.0; 4
-8.0, 4.0, 0.0; 18
-7.0, 4.0, 0.0; 14
-6.0, 4.0, 0.0; 13
-5.0, 4.0, 0.0; 45
-4.0, 4.0, 0.0; 15
-3.0, 4.0, 0.0; 1
-2.0, 4.0, 0.0; 1
-1.0, 4.0, 0.0; 1
0.0, 4.0, 0.0; 2
1.0, 4.0, 0.0; 11
2.0, 4.0, 0.0; 9
3.0, 4.0, 0.0; 21
4.0, 4.0, 0.0; 25
6.0, 4.0, 0.0; 1
-9.0, 5.0, 0.0; 4
-8.0, 5.0, 0.0; 19
-7.0, 5.0, 0.0; 33
-6.0, 5.0, 0.0; 9
-5.0, 5.0, 0.0; 17
-4.0, 5.0, 0.0; 48
-3.0, 5.0, 0.0; 78
-2.0, 5.0, 0.0; 40
-1.0, 5.0, 0.0; 61
0.0, 5.0, 0.0; 47
1.0, 5.0, 0.0; 53
2.0, 5.0, 0.0; 10
3.0, 5.0, 0.0; 16
4.0, 5.0, 0.0; 9
5.0, 5.0, 0.0; 2
6.0, 5.0, 0.0; 1
7.0, 5.0, 0.0; 1
-8.0, 6.0, 0.0; 8
-7.0, 6.0, 0.0; 144
-6.0, 6.0, 0.0; 978
-5.0, 6.0, 0.0; 110
-4.0, 6.0, 0.0; 21
-3.0, 6.0, 0.0; 44
-2.0, 6.0, 0.0; 100
-1.0, 6.0, 0.0; 116
0.0, 6.0, 0.0; 129
1.0, 6.0, 0.0; 32
2.0, 6.0, 0.0; 7
3.0, 6.0, 0.0; 6
4.0, 6.0, 0.0; 7
5.0, 6.0, 0.0; 1
6.0, 6.0, 0.0; 1
7.0, 6.0, 0.0; 1
-7.0, 7.0, 0.0; 4
-6.0, 7.0, 0.0; 58
-5.0, 7.0, 0.0; 106
-4.0, 7.0, 0.0; 12
-3.0, 7.0, 0.0; 5
-2.0, 7.0, 0.0; 24
-1.0, 7.0, 0.0; 60
0.0, 7.0, 0.0; 26
1.0, 7.0, 0.0; 18
2.0, 7.0, 0.0; 22
3.0, 7.0, 0.0; 8
4.0, 7.0, 0.0; 3
6.0, 7.0, 0.0; 2
-6.0, 8.0, 0.0; 6
-5.0, 8.0, 0.0; 19
-4.0, 8.0, 0.0; 15
-3.0, 8.0, 0.0; 9
-2.0, 8.0, 0.0; 13
-1.0, 8.0, 0.0; 18
0.0, 8.0, 0.0; 22
1.0, 8.0, 0.0; 19
2.0, 8.0, 0.0; 12
3.0, 8.0, 0.0; 6
4.0, 8.0, 0.0; 1
5.0, 8.0, 0.0; 1
-4.0, 9.0, 0.0; 7
-3.0, 9.0, 0.0; 12
-2.0, 9.0, 0.0; 21
-1.0, 9.0, 0.0; 20
0.0, 9.0, 0.0; 20
1.0, 9.0, 0.0; 17
2.0, 9.0, 0.0; 7
3.0, 9.0, 0.0; 1
-4.0, -10.0, 1.0; 5
-3.0, -10.0, 1.0; 10
-2.0, -10.0, 1.0; 13
-1.0, -10.0, 1.0; 11
0.0, -10.0, 1.0; 10
1.0, -10.0, 1.0; 3
2.0, -10.0, 1.0; 4
3.0, -10.0, 1.0; 2
-5.0, -9.0, 1.0; 17
-4.0, -9.0, 1.0; 18
-3.0, -9.0, 1.0; 11
-2.0, -9.0, 1.0; 13
-1.0, -9.0, 1.0; 18
0.0, -9.0, 1.0; 13
1.0, -9.0, 1.0; 7
2.0, -9.0, 1.0; 4
4.0, -9.0, 1.0; 4
-7.0, -8.0, 1.0; 5
-6.0, -8.0, 1.0; 14
-5.0, -8.0, 1.0; 14
-4.0, -8.0, 1.0; 2
-2.0, -8.0, 1.0; 1
-1.0, -8.0, 1.0; 7
0.0, -8.0, 1.0; 5
1.0, -8.0, 1.0; 16
2.0, -8.0, 1.0; 17
3.0, -8.0, 1.0; 7
4.0, -8.0, 1.0; 2
5.0, -8.0, 1.0; 3
-8.0, -7.0, 1.0; 4
-7.0, -7.0, 1.0; 13
-6.0, -7.0, 1.0; 12
-5.0, -7.0, 1.0; 1
-4.0, -7.0, 1.0; 41
-3.0, -7.0, 1.0; 102
-2.0, -7.0, 1.0; 130
-1.0, -7.0, 1.0; 147
0.0, -7.0, 1.0; 49
1.0, -7.0, 1.0; 24
2.0, -7.0, 1.0; 24
3.0, -7.0, 1.0; 7
4.0, -7.0, 1.0; 2
6.0, -7.0, 1.0; 1
7.0, -7.0, 1.0; 1
-9.0, -6.0, 1.0; 1
-8.0, -6.0, 1.0; 6
-7.0, -6.0, 1.0; 22
-6.0, -6.0, 1.0; 4
-5.0, -6.0, 1.0; 54
-4.0, -6.0, 1.0; 102
-3.0, -6.0, 1.0; 57
-2.0, -6.0, 1.0; 56
-1.0, -6.0, 1.0; 57
0.0, -6.0, 1.0; 29
1.0, -6.0, 1.0; 30
2.0, -6.0, 1.0; 18
3.0, -6.0, 1.0; 10
4.0, -6.0, 1.0; 3
5.0, -6.0, 1.0; 1
6.0, -6.0, 1.0; 1
-9.0, -5.0, 1.0; 4
-8.0, -5.0, 1.0; 13
-7.0, -5.0, 1.0; 11
-6.0, -5.0, 1.0; 41
-5.0, -5.0, 1.0; 50
-4.0, -5.0, 1.0; 4
-3.0, -5.0, 1.0; 20
-2.0, -5.0, 1.0; 17
-1.0, -5.0, 1.0; 7
0.0, -5.0, 1.0; 1
1.0, -5.0, 1.0; 3
2.0, -5.0, 1.0; 14
3.0, -5.0, 1.0; 2
5.0, -5.0, 1.0; 1
-10.0, -4.0, 1.0; 2
-9.0, -4.0, 1.0; 12
-8.0, -4.0, 1.0; 17
-7.0, -4.0, 1.0; 3
-6.0, -4.0, 1.0; 23
-5.0, -4.0, 1.0; 2
-4.0, -4.0, 1.0; 3
-2.0, -4.0, 1.0; 1
2.0, -4.0, 1.0; 3
3.0, -4.0, 1.0; 6
4.0, -4.0, 1.0; 4
5.0, -4.0, 1.0; 1
6.0, -4.0, 1.0; 2
7.0, -4.0, 1.0; 2
8.0, -4.0, 1.0; 1
-10.0, -3.0, 1.0; 2
-9.0, -3.0, 1.0; 5
-8.0, -3.0, 1.0; 10
-7.0, -3.0, 1.0; 4
-6.0, -3.0, 1.0; 4
-4.0, -3.0, 1.0; 1
3.0, -3.0, 1.0; 2
4.0, -3.0, 1.0; 3
-10.0, -2.0, 1.0; 7
-9.0, -2.0, 1.0; 2
-8.0, -2.0, 1.0; 3
-7.0, -2.0, 1.0; 3
-6.0, -2.0, 1.0; 6
-5.0, -2.0, 1.0; 9
6.0, -2.0, 1.0; 1
-10.0, -1.0, 1.0; 8
-9.0, -1.0, 1.0; 2
-8.0, -1.0, 1.0; 4
-7.0, -1.0, 1.0; 6
-6.0, -1.0, 1.0; 6
-5.0, -1.0, 1.0; 4
4.0, -1.0, 1.0; 4
5.0, -1.0, 1.0; 1
6.0, -1.0, 1.0; 2
-10.0, 0.0, 1.0; 9
-9.0, 0.0, 1.0; 2
-8.0, 0.0, 1.0; 3
-7.0, 0.0, 1.0; 2
-6.0, 0.0, 1.0; 14
-5.0, 0.0, 1.0; 5
4.0, 0.0, 1.0; 1
5.0, 0.0, 1.0; 2
6.0, 0.0, 1.0; 2
-10.0, 1.0, 1.0; 3
-9.0, 1.0, 1.0; 4
-8.0, 1.0, 1.0; 4
-7.0, 1.0, 1.0; 4
-6.0, 1.0, 1.0; 21
-5.0, 1.0, 1.0; 19
4.0, 1.0, 1.0; 2
5.0, 1.0, 1.0; 1
6.0, 1.0, 1.0; 1
7.0, 1.0, 1.0; 1
-10.0, 2.0, 1.0; 3
-9.0, 2.0, 1.0; 6
-8.0, 2.0, 1.0; 8
-6.0, 2.0, 1.0; 14
-5.0, 2.0, 1.0; 54
-4.0, 2.0, 1.0; 1
3.0, 2.0, 1.0; 1
4.0, 2.0, 1.0; 3
5.0, 2.0, 1.0; 1
6.0, 2.0, 1.0; 1
-10.0, 3.0, 1.0; 1
-9.0, 3.0, 1.0; 8
-8.0, 3.0, 1.0; 16
-7.0, 3.0, 1.0; 9
-6.0, 3.0, 1.0; 7
-5.0, 3.0, 1.0; 16
-4.0, 3.0, 1.0; 18
-2.0, 3.0, 1.0; 2
2.0, 3.0, 1.0; 1
3.0, 3.0, 1.0; 13
4.0, 3.0, 1.0; 7
8.0, 3.0, 1.0; 1
-9.0, 4.0, 1.0; 1
-8.0, 4.0, 1.0; 19
-7.0, 4.0, 1.0; 15
-6.0, 4.0, 1.0; 25
-5.0, 4.0, 1.0; 18
-4.0, 4.0, 1.0; 40
-3.0, 4.0, 1.0; 36
-2.0, 4.0, 1.0; 13
-1.0, 4.0, 1.0; 4
0.0, 4.0, 1.0; 12
1.0, 4.0, 1.0; 48
2.0, 4.0, 1.0; 9
3.0, 4.0, 1.0; 33
4.0, 4.0, 1.0; 10
5.0, 4.0, 1.0; 2
6.0, 4.0, 1.0; 3
7.0, 4.0, 1.0; 1
-9.0, 5.0, 1.0; 1
-8.0, 5.0, 1.0; 9
-7.0, 5.0, 1.0; 10
-6.0, 5.0, 1.0; 19
-5.0, 5.0, 1.0; 21
-4.0, 5.0, 1.0; 148
-3.0, 5.0, 1.0; 2529
-2.0, 5.0, 1.0; 1333
-1.0, 5.0, 1.0; 91
0.0, 5.0, 1.0; 69
1.0, 5.0, 1.0; 39
2.0, 5.0, 1.0; 5
3.0, 5.0, 1.0; 12
4.0, 5.0, 1.0; 11
5.0, 5.0, 1.0; 2
6.0, 5.0, 1.0; 2
-8.0, 6.0, 1.0; 7
-7.0, 6.0, 1.0; 28
-6.0, 6.0, 1.0; 107
-5.0, 6.0, 1.0; 35
-4.0, 6.0, 1.0; 66
-3.0, 6.0, 1.0; 98
-2.0, 6.0, 1.0; 69
-1.0, 6.0, 1.0; 33
0.0, 6.0, 1.0; 26
1.0, 6.0, 1.0; 4
2.0, 6.0, 1.0; 16
3.0, 6.0, 1.0; 11
4.0, 6.0, 1.0; 11
6.0, 6.0, 1.0; 1
7.0, 6.0, 1.0; 1
-7.0, 7.0, 1.0; 8
-6.0, 7.0, 1.0; 20
-5.0, 7.0, 1.0; 27
-4.0, 7.0, 1.0; 8
-3.0, 7.0, 1.0; 7
-2.0, 7.0, 1.0; 9
-1.0, 7.0, 1.0; 8
0.0, 7.0, 1.0; 13
1.0, 7.0, 1.0; 8
2.0, 7.0, 1.0; 9
3.0, 7.0, 1.0; 8
5.0, 7.0, 1.0; 1
6.0, 7.0, 1.0; 1
-6.0, 8.0, 1.0; 2
-5.0, 8.0, 1.0; 7
-4.0, 8.0, 1.0; 13
-3.0, 8.0, 1.0; 12
-2.0, 8.0, 1.0; 8
-1.0, 8.0, 1.0; 13
0.0, 8.0, 1.0; 16
1.0, 8.0, 1.0; 18
2.0, 8.0, 1.0; 9
3.0, 8.0, 1.0; 5
4.0, 8.0, 1.0; 2
5.0, 8.0, 1.0; 1
-4.0, 9.0, 1.0; 4
-3.0, 9.0, 1.0; 8
-2.0, 9.0, 1.0; 10
-1.0, 9.0, 1.0; 13
0.0, 9.0, 1.0; 7
1.0, 9.0, 1.0; 9
2.0, 9.0, 1.0; 2
3.0, 9.0, 1.0; 2
-2.0, -10.0, 2.0; 4
-1.0, -10.0, 2.0; 2
0.0, -10.0, 2.0; 1
1.0, -10.0, 2.0; 1
-6.0, -9.0, 2.0; 1
-5.0, -9.0, 2.0; 5
-4.0, -9.0, 2.0; 16
-3.0, -9.0, 2.0; 20
-2.0, -9.0, 2.0; 18
-1.0, -9.0, 2.0; 23
0.0, -9.0, 2.0; 9
1.0, -9.0, 2.0; 4
2.0, -9.0, 2.0; 4
3.0, -9.0, 2.0; 3
4.0, -9.0, 2.0; 2
-7.0, -8.0, 2.0; 2
-6.0, -8.0, 2.0; 20
-5.0, -8.0, 2.0; 24
-4.0, -8.0, 2.0; 15
-3.0, -8.0, 2.0; 8
-2.0, -8.0, 2.0; 9
-1.0, -8.0, 2.0; 8
0.0, -8.0, 2.0; 6
1.0, -8.0, 2.0; 9
2.0, -8.0, 2.0; 3
3.0, -8.0, 2.0; 2
4.0, -8.0, 2.0; 3
5.0, -8.0, 2.0; 1
-7.0, -7.0, 2.0; 8
-6.0, -7.0, 2.0; 25
-5.0, -7.0, 2.0; 6
-4.0, -7.0, 2.0; 1
-3.0, -7.0, 2.0; 8
-2.0, -7.0, 2.0; 9
-1.0, -7.0, 2.0; 12
0.0, -7.0, 2.0; 8
1.0, -7.0, 2.0; 8
2.0, -7.0, 2.0; 13
3.0, -7.0, 2.0; 4
4.0, -7.0, 2.0; 1
5.0, -7.0, 2.0; 2
6.0, -7.0, 2.0; 1
7.0, -7.0, 2.0; 2
-8.0, -6.0, 2.0; 3
-7.0, -6.0, 2.0; 19
-6.0, -6.0, 2.0; 11
-5.0, -6.0, 2.0; 7
-4.0, -6.0, 2.0; 43
-3.0, -6.0, 2.0; 61
-2.0, -6.0, 2.0; 56
-1.0, -6.0, 2.0; 23
0.0, -6.0, 2.0; 9
1.0, -6.0, 2.0; 9
2.0, -6.0, 2.0; 6
3.0, -6.0, 2.0; 2
4.0, -6.0, 2.0; 3
5.0, -6.0, 2.0; 2
7.0, -6.0, 2.0; 1
-8.0, -5.0, 2.0; 6
-7.0, -5.0, 2.0; 20
-6.0, -5.0, 2.0; 5
-5.0, -5.0, 2.0; 36
-4.0, -5.0, 2.0; 54
-3.0, -5.0, 2.0; 12
-2.0, -5.0, 2.0; 8
-1.0, -5.0, 2.0; 1
0.0, -5.0, 2.0; 6
1.0, -5.0, 2.0; 15
2.0, -5.0, 2.0; 6
3.0, -5.0, 2.0; 1
6.0, -5.0, 2.0; 1
7.0, -5.0, 2.0; 1
-9.0, -4.0, 2.0; 2
-8.0, -4.0, 2.0; 10
-7.0, -4.0, 2.0; 9
-6.0, -4.0, 2.0; 2
-5.0, -4.0, 2.0; 7
-4.0, -4.0, 2.0; 5
-3.0, -4.0, 2.0; 6
-2.0, -4.0, 2.0; 2
-1.0, -4.0, 2.0; 1
0.0, -4.0, 2.0; 1
1.0, -4.0, 2.0; 2
2.0, -4.0, 2.0; 3
3.0, -4.0, 2.0; 1
4.0, -4.0, 2.0; 1
5.0, -4.0, 2.0; 2
7.0, -4.0, 2.0; 1
-10.0, -3.0, 2.0; 4
-9.0, -3.0, 2.0; 3
-8.0, -3.0, 2.0; 7
-7.0, -3.0, 2.0; 6
-6.0, -3.0, 2.0; 4
-5.0, -3.0, 2.0; 6
-4.0, -3.0, 2.0; 3
-3.0, -3.0, 2.0; 3
2.0, -3.0, 2.0; 1
7.0, -3.0, 2.0; 1
-10.0, -2.0, 2.0; 2
-9.0, -2.0, 2.0; 5
-8.0, -2.0, 2.0; 7
-7.0, -2.0, 2.0; 6
-6.0, -2.0, 2.0; 1
-5.0, -2.0, 2.0; 7
-4.0, -2.0, 2.0; 9
-3.0, -2.0, 2.0; 1
3.0, -2.0, 2.0; 4
4.0, -2.0, 2.0; 1
5.0, -2.0, 2.0; 1
-10.0, -1.0, 2.0; 3
-9.0, -1.0, 2.0; 7
-8.0, -1.0, 2.0; 2
-7.0, -1.0, 2.0; 8
-6.0, -1.0, 2.0; 8
-5.0, -1.0, 2.0; 6
-4.0, -1.0, 2.0; 3
3.0, -1.0, 2.0; 1
4.0, -1.0, 2.0; 2
8.0, -1.0, 2.0; 1
-10.0, 0.0, 2.0; 8
-9.0, 0.0, 2.0; 2
-8.0, 0.0, 2.0; 4
-7.0, 0.0, 2.0; 5
-6.0, 0.0, 2.0; 15
-5.0, 0.0, 2.0; 14
-4.0, 0.0, 2.0; 3
4.0, 0.0, 2.0; 2
5.0, 0.0, 2.0; 2
-10.0, 1.0, 2.0; 3
-9.0, 1.0, 2.0; 11
-8.0, 1.0, 2.0; 7
-7.0, 1.0, 2.0; 2
-6.0, 1.0, 2.0; 10
-5.0, 1.0, 2.0; 276
-4.0, 1.0, 2.0; 301
-3.0, 1.0, 2.0; 1
3.0, 1.0, 2.0; 2
4.0, 1.0, 2.0; 2
7.0, 1.0, 2.0; 1
9.0, 1.0, 2.0; 1
-10.0, 2.0, 2.0; 2
-9.0, 2.0, 2.0; 9
-8.0, 2.0, 2.0; 10
-7.0, 2.0, 2.0; 8
-6.0, 2.0, 2.0; 5
-5.0, 2.0, 2.0; 402
-4.0, 2.0, 2.0; 2368
-3.0, 2.0, 2.0; 34
0.0, 2.0, 2.0; 1
2.0, 2.0, 2.0; 3
3.0, 2.0, 2.0; 2
4.0, 2.0, 2.0; 1
6.0, 2.0, 2.0; 1
9.0, 2.0, 2.0; 1
-9.0, 3.0, 2.0; 7
-8.0, 3.0, 2.0; 12
-7.0, 3.0, 2.0; 19
-6.0, 3.0, 2.0; 6
-5.0, 3.0, 2.0; 24
-4.0, 3.0, 2.0; 102
-3.0, 3.0, 2.0; 36
-2.0, 3.0, 2.0; 2
-1.0, 3.0, 2.0; 7
0.0, 3.0, 2.0; 4
1.0, 3.0, 2.0; 17
2.0, 3.0, 2.0; 4
3.0, 3.0, 2.0; 16
4.0, 3.0, 2.0; 2
5.0, 3.0, 2.0; 3
6.0, 3.0, 2.0; 2
-9.0, 4.0, 2.0; 9
-8.0, 4.0, 2.0; 12
-7.0, 4.0, 2.0; 22
-6.0, 4.0, 2.0; 14
-5.0, 4.0, 2.0; 19
-4.0, 4.0, 2.0; 37
-3.0, 4.0, 2.0; 77
-2.0, 4.0, 2.0; 121
-1.0, 4.0, 2.0; 78
0.0, 4.0, 2.0; 45
1.0, 4.0, 2.0; 18
2.0, 4.0, 2.0; 13
3.0, 4.0, 2.0; 14
4.0, 4.0, 2.0; 4
5.0, 4.0, 2.0; 2
-9.0, 5.0, 2.0; 2
-8.0, 5.0, 2.0; 19
-7.0, 5.0, 2.0; 5
-6.0, 5.0, 2.0; 10
-5.0, 5.0, 2.0; 10
-4.0, 5.0, 2.0; 41
-3.0, 5.0, 2.0; 279
-2.0, 5.0, 2.0; 390
-1.0, 5.0, 2.0; 42
0.0, 5.0, 2.0; 13
1.0, 5.0, 2.0; 3
2.0, 5.0, 2.0; 12
3.0, 5.0, 2.0; 10
4.0, 5.0, 2.0; 8
5.0, 5.0, 2.0; 1
6.0, 5.0, 2.0; 1
7.0, 5.0, 2.0; 1
-8.0, 6.0, 2.0; 5
-7.0, 6.0, 2.0; 14
-6.0, 6.0, 2.0; 23
-5.0, 6.0, 2.0; 12
-4.0, 6.0, 2.0; 10
-3.0, 6.0, 2.0; 12
-2.0, 6.0, 2.0; 11
-1.0, 6.0, 2.0; 4
0.0, 6.0, 2.0; 1
1.0, 6.0, 2.0; 3
2.0, 6.0, 2.0; 6
3.0, 6.0, 2.0; 10
4.0, 6.0, 2.0; 1
5.0, 6.0, 2.0; 2
6.0, 6.0, 2.0; 2
7.0, 6.0, 2.0; 1
-6.0, 7.0, 2.0; 12
-5.0, 7.0, 2.0; 18
-4.0, 7.0, 2.0; 3
-3.0, 7.0, 2.0; 4
-2.0, 7.0, 2.0; 8
-1.0, 7.0, 2.0; 9
0.0, 7.0, 2.0; 11
1.0, 7.0, 2.0; 8
2.0, 7.0, 2.0; 6
3.0, 7.0, 2.0; 6
4.0, 7.0, 2.0; 2
-5.0, 8.0, 2.0; 7
-4.0, 8.0, 2.0; 11
-3.0, 8.0, 2.0; 13
-2.0, 8.0, 2.0; 11
-1.0, 8.0, 2.0; 12
0.0, 8.0, 2.0; 17
1.0, 8.0, 2.0; 10
2.0, 8.0, 2.0; 5
-3.0, 9.0, 2.0; 3
-2.0, 9.0, 2.0; 8
-1.0, 9.0, 2.0; 8
0.0, 9.0, 2.0; 4
1.0, 9.0, 2.0; 2
2.0, 9.0, 2.0; 1
0.0, -10.0, 3.0; 1
-6.0, -9.0, 3.0; 1
-5.0, -9.0, 3.0; 1
-4.0, -9.0, 3.0; 4
-3.0, -9.0, 3.0; 7
-2.0, -9.0, 3.0; 8
-1.0, -9.0, 3.0; 8
0.0, -9.0, 3.0; 6
1.0, -9.0, 3.0; 3
3.0, -9.0, 3.0; 2
4.0, -9.0, 3.0; 1
-6.0, -8.0, 3.0; 8
-5.0, -8.0, 3.0; 16
-4.0, -8.0, 3.0; 23
-3.0, -8.0, 3.0; 17
-2.0, -8.0, 3.0; 24
-1.0, -8.0, 3.0; 15
0.0, -8.0, 3.0; 23
1.0, -8.0, 3.0; 11
2.0, -8.0, 3.0; 8
3.0, -8.0, 3.0; 1
4.0, -8.0, 3.0; 5
5.0, -8.0, 3.0; 1
-7.0, -7.0, 3.0; 4
-6.0, -7.0, 3.0; 13
-5.0, -7.0, 3.0; 30
-4.0, -7.0, 3.0; 20
-3.0, -7.0, 3.0; 9
-2.0, -7.0, 3.0; 10
-1.0, -7.0, 3.0; 10
0.0, -7.0, 3.0; 15
1.0, -7.0, 3.0; 9
2.0, -7.0, 3.0; 2
3.0, -7.0, 3.0; 3
4.0, -7.0, 3.0; 4
5.0, -7.0, 3.0; 2
6.0, -7.0, 3.0; 2
-8.0, -6.0, 3.0; 4
-7.0, -6.0, 3.0; 13
-6.0, -6.0, 3.0; 19
-5.0, -6.0, 3.0; 10
-4.0, -6.0, 3.0; 1
-3.0, -6.0, 3.0; 3
-2.0, -6.0, 3.0; 3
-1.0, -6.0, 3.0; 4
0.0, -6.0, 3.0; 5
1.0, -6.0, 3.0; 6
2.0, -6.0, 3.0; 4
3.0, -6.0, 3.0; 1
4.0, -6.0, 3.0; 2
5.0, -6.0, 3.0; 1
6.0, -6.0, 3.0; 1
-8.0, -5.0, 3.0; 4
-7.0, -5.0, 3.0; 12
-6.0, -5.0, 3.0; 9
-5.0, -5.0, 3.0; 3
-4.0, -5.0, 3.0; 3
-3.0, -5.0, 3.0; 2
-2.0, -5.0, 3.0; 5
-1.0, -5.0, 3.0; 12
0.0, -5.0, 3.0; 3
1.0, -5.0, 3.0; 11
2.0, -5.0, 3.0; 2
5.0, -5.0, 3.0; 1
-9.0, -4.0, 3.0; 2
-8.0, -4.0, 3.0; 4
-7.0, -4.0, 3.0; 9
-6.0, -4.0, 3.0; 17
-5.0, -4.0, 3.0; 2
-4.0, -4.0, 3.0; 2
-3.0, -4.0, 3.0; 10
-2.0, -4.0, 3.0; 23
-1.0, -4.0, 3.0; 7
0.0, -4.0, 3.0; 7
1.0, -4.0, 3.0; 5
2.0, -4.0, 3.0; 3
3.0, -4.0, 3.0; 1
4.0, -4.0, 3.0; 2
5.0, -4.0, 3.0; 1
6.0, -4.0, 3.0; 1
-9.0, -3.0, 3.0; 4
-8.0, -3.0, 3.0; 2
-7.0, -3.0, 3.0; 10
-6.0, -3.0, 3.0; 13
-5.0, -3.0, 3.0; 6
-4.0, -3.0, 3.0; 10
-3.0, -3.0, 3.0; 26
-2.0, -3.0, 3.0; 11
0.0, -3.0, 3.0; 5
1.0, -3.0, 3.0; 2
2.0, -3.0, 3.0; 5
3.0, -3.0, 3.0; 1
4.0, -3.0, 3.0; 1
7.0, -3.0, 3.0; 1
-10.0, -2.0, 3.0; 1
-9.0, -2.0, 3.0; 4
-8.0, -2.0, 3.0; 3
-7.0, -2.0, 3.0; 7
-6.0, -2.0, 3.0; 15
-5.0, -2.0, 3.0; 10
-4.0, -2.0, 3.0; 10
-3.0, -2.0, 3.0; 7
-2.0, -2.0, 3.0; 2
-1.0, -2.0, 3.0; 6
0.0, -2.0, 3.0; 4
1.0, -2.0, 3.0; 2
2.0, -2.0, 3.0; 2
5.0, -2.0, 3.0; 2
-10.0, -1.0, 3.0; 1
-9.0, -1.0, 3.0; 4
-8.0, -1.0, 3.0; 1
-7.0, -1.0, 3.0; 5
-6.0, -1.0, 3.0; 8
-5.0, -1.0, 3.0; 6
-4.0, -1.0, 3.0; 3
-3.0, -1.0, 3.0; 7
-2.0, -1.0, 3.0; 3
-1.0, -1.0, 3.0; 1
0.0, -1.0, 3.0; 5
1.0, -1.0, 3.0; 9
2.0, -1.0, 3.0; 6
3.0, -1.0, 3.0; 1
8.0, -1.0, 3.0; 1
-10.0, 0.0, 3.0; 3
-9.0, 0.0, 3.0; 7
-8.0, 0.0, 3.0; 1
-7.0, 0.0, 3.0; 2
-6.0, 0.0, 3.0; 2
-5.0, 0.0, 3.0; 12
-4.0, 0.0, 3.0; 13
-3.0, 0.0, 3.0; 9
-2.0, 0.0, 3.0; 2
2.0, 0.0, 3.0; 1
3.0, 0.0, 3.0; 3
4.0, 0.0, 3.0; 3
-10.0, 1.0, 3.0; 3
-9.0, 1.0, 3.0; 10
-8.0, 1.0, 3.0; 5
-7.0, 1.0, 3.0; 4
-6.0, 1.0, 3.0; 5
-5.0, 1.0, 3.0; 10
-4.0, 1.0, 3.0; 133
-3.0, 1.0, 3.0; 35
-2.0, 1.0, 3.0; 6
0.0, 1.0, 3.0; 1
1.0, 1.0, 3.0; 1
2.0, 1.0, 3.0; 1
3.0, 1.0, 3.0; 2
4.0, 1.0, 3.0; 3
5.0, 1.0, 3.0; 1
-10.0, 2.0, 3.0; 1
-9.0, 2.0, 3.0; 3
-8.0, 2.0, 3.0; 6
-7.0, 2.0, 3.0; 8
-6.0, 2.0, 3.0; 2
-5.0, 2.0, 3.0; 5
-4.0, 2.0, 3.0; 300
-3.0, 2.0, 3.0; 112
-2.0, 2.0, 3.0; 16
-1.0, 2.0, 3.0; 7
0.0, 2.0, 3.0; 5
1.0, 2.0, 3.0; 4
2.0, 2.0, 3.0; 31
3.0, 2.0, 3.0; 3
4.0, 2.0, 3.0; 1
7.0, 2.0, 3.0; 1
-9.0, 3.0, 3.0; 5
-8.0, 3.0, 3.0; 6
-7.0, 3.0, 3.0; 12
-6.0, 3.0, 3.0; 9
-5.0, 3.0, 3.0; 3
-4.0, 3.0, 3.0; 10
-3.0, 3.0, 3.0; 29
-2.0, 3.0, 3.0; 25
-1.0, 3.0, 3.0; 24
0.0, 3.0, 3.0; 10
1.0, 3.0, 3.0; 8
2.0, 3.0, 3.0; 11
3.0, 3.0, 3.0; 3
4.0, 3.0, 3.0; 1
5.0, 3.0, 3.0; 2
6.0, 3.0, 3.0; 2
-8.0, 4.0, 3.0; 5
-7.0, 4.0, 3.0; 12
-6.0, 4.0, 3.0; 11
-5.0, 4.0, 3.0; 5
-4.0, 4.0, 3.0; 6
-3.0, 4.0, 3.0; 13
-2.0, 4.0, 3.0; 28
-1.0, 4.0, 3.0; 25
0.0, 4.0, 3.0; 10
1.0, 4.0, 3.0; 6
2.0, 4.0, 3.0; 11
3.0, 4.0, 3.0; 5
4.0, 4.0, 3.0; 3
5.0, 4.0, 3.0; 2
6.0, 4.0, 3.0; 1
7.0, 4.0, 3.0; 1
-8.0, 5.0, 3.0; 20
-7.0, 5.0, 3.0; 9
-6.0, 5.0, 3.0; 14
-5.0, 5.0, 3.0; 17
-4.0, 5.0, 3.0; 5
-3.0, 5.0, 3.0; 4
-2.0, 5.0, 3.0; 4
-1.0, 5.0, 3.0; 2
0.0, 5.0, 3.0; 1
1.0, 5.0, 3.0; 7
2.0, 5.0, 3.0; 14
3.0, 5.0, 3.0; 6
4.0, 5.0, 3.0; 3
7.0, 5.0, 3.0; 1
-8.0, 6.0, 3.0; 2
-7.0, 6.0, 3.0; 7
-6.0, 6.0, 3.0; 8
-5.0, 6.0, 3.0; 10
-4.0, 6.0, 3.0; 10
-3.0, 6.0, 3.0; 7
-2.0, 6.0, 3.0; 4
-1.0, 6.0, 3.0; 2
0.0, 6.0, 3.0; 4
1.0, 6.0, 3.0; 5
2.0, 6.0, 3.0; 6
3.0, 6.0, 3.0; 6
4.0, 6.0, 3.0; 2
6.0, 6.0, 3.0; 1
7.0, 6.0, 3.0; 1
-6.0, 7.0, 3.0; 4
-5.0, 7.0, 3.0; 7
-4.0, 7.0, 3.0; 11
-3.0, 7.0, 3.0; 9
-2.0, 7.0, 3.0; 9
-1.0, 7.0, 3.0; 12
0.0, 7.0, 3.0; 9
1.0, 7.0, 3.0; 11
2.0, 7.0, 3.0; 6
3.0, 7.0, 3.0; 5
5.0, 7.0, 3.0; 1
-5.0, 8.0, 3.0; 2
-4.0, 8.0, 3.0; 9
-3.0, 8.0, 3.0; 12
-2.0, 8.0, 3.0; 3
-1.0, 8.0, 3.0; 8
0.0, 8.0, 3.0; 7
1.0, 8.0, 3.0; 2
2.0, 8.0, 3.0; 1
3.0, 8.0, 3.0; 1
-2.0, 9.0, 3.0; 6
-1.0, 9.0, 3.0; 4
-3.0, -9.0, 4.0; 1
-2.0, -9.0, 4.0; 2
-1.0, -9.0, 4.0; 4
0.0, -9.0, 4.0; 7
1.0, -9.0, 4.0; 2
2.0, -9.0, 4.0; 2
3.0, -9.0, 4.0; 1
-5.0, -8.0, 4.0; 6
-4.0, -8.0, 4.0; 13
-3.0, -8.0, 4.0; 15
-2.0, -8.0, 4.0; 8
-1.0, -8.0, 4.0; 7
0.0, -8.0, 4.0; 3
1.0, -8.0, 4.0; 5
2.0, -8.0, 4.0; 2
3.0, -8.0, 4.0; 4
4.0, -8.0, 4.0; 3
-7.0, -7.0, 4.0; 1
-6.0, -7.0, 4.0; 6
-5.0, -7.0, 4.0; 13
-4.0, -7.0, 4.0; 15
-3.0, -7.0, 4.0; 10
-2.0, -7.0, 4.0; 13
-1.0, -7.0, 4.0; 11
0.0, -7.0, 4.0; 2
1.0, -7.0, 4.0; 4
2.0, -7.0, 4.0; 3
3.0, -7.0, 4.0; 1
4.0, -7.0, 4.0; 2
-8.0, -6.0, 4.0; 2
-7.0, -6.0, 4.0; 3
-6.0, -6.0, 4.0; 5
-5.0, -6.0, 4.0; 15
-4.0, -6.0, 4.0; 17
-3.0, -6.0, 4.0; 9
-2.0, -6.0, 4.0; 12
-1.0, -6.0, 4.0; 14
0.0, -6.0, 4.0; 6
1.0, -6.0, 4.0; 3
3.0, -6.0, 4.0; 2
4.0, -6.0, 4.0; 1
-8.0, -5.0, 4.0; 4
-7.0, -5.0, 4.0; 7
-6.0, -5.0, 4.0; 6
-5.0, -5.0, 4.0; 12
-4.0, -5.0, 4.0; 8
-3.0, -5.0, 4.0; 4
-2.0, -5.0, 4.0; 9
-1.0, -5.0, 4.0; 9
0.0, -5.0, 4.0; 6
1.0, -5.0, 4.0; 1
2.0, -5.0, 4.0; 1
3.0, -5.0, 4.0; 1
4.0, -5.0, 4.0; 2
6.0, -5.0, 4.0; 2
-8.0, -4.0, 4.0; 8
-7.0, -4.0, 4.0; 4
-6.0, -4.0, 4.0; 5
-5.0, -4.0, 4.0; 9
-4.0, -4.0, 4.0; 10
-3.0, -4.0, 4.0; 15
-2.0, -4.0, 4.0; 11
-1.0, -4.0, 4.0; 8
0.0, -4.0, 4.0; 7
1.0, -4.0, 4.0; 3
2.0, -4.0, 4.0; 1
5.0, -4.0, 4.0; 1
6.0, -4.0, 4.0; 1
-9.0, -3.0, 4.0; 3
-8.0, -3.0, 4.0; 1
-6.0, -3.0, 4.0; 10
-5.0, -3.0, 4.0; 5
-4.0, -3.0, 4.0; 11
-3.0, -3.0, 4.0; 10
-2.0, -3.0, 4.0; 8
-1.0, -3.0, 4.0; 7
0.0, -3.0, 4.0; 4
1.0, -3.0, 4.0; 9
2.0, -3.0, 4.0; 2
7.0, -3.0, 4.0; 1
-9.0, -2.0, 4.0; 1
-8.0, -2.0, 4.0; 1
-7.0, -2.0, 4.0; 2
-6.0, -2.0, 4.0; 6
-5.0, -2.0, 4.0; 9
-4.0, -2.0, 4.0; 11
-3.0, -2.0, 4.0; 5
-2.0, -2.0, 4.0; 5
-1.0, -2.0, 4.0; 19
0.0, -2.0, 4.0; 23
1.0, -2.0, 4.0; 5
3.0, -2.0, 4.0; 1
4.0, -2.0, 4.0; 1
7.0, -2.0, 4.0; 1
-9.0, -1.0, 4.0; 4
-8.0, -1.0, 4.0; 2
-7.0, -1.0, 4.0; 2
-6.0, -1.0, 4.0; 2
-5.0, -1.0, 4.0; 1
-4.0, -1.0, 4.0; 11
-3.0, -1.0, 4.0; 14
-2.0, -1.0, 4.0; 20
-1.0, -1.0, 4.0; 43
0.0, -1.0, 4.0; 38
1.0, -1.0, 4.0; 13
2.0, -1.0, 4.0; 1
3.0, -1.0, 4.0; 1
4.0, -1.0, 4.0; 1
8.0, -1.0, 4.0; 1
-9.0, 0.0, 4.0; 2
-8.0, 0.0, 4.0; 5
-7.0, 0.0, 4.0; 2
-6.0, 0.0, 4.0; 5
-5.0, 0.0, 4.0; 3
-4.0, 0.0, 4.0; 3
-3.0, 0.0, 4.0; 3
-2.0, 0.0, 4.0; 4
-1.0, 0.0, 4.0; 2
0.0, 0.0, 4.0; 1
1.0, 0.0, 4.0; 2
2.0, 0.0, 4.0; 3
3.0, 0.0, 4.0; 3
4.0, 0.0, 4.0; 1
5.0, 0.0, 4.0; 2
-9.0, 1.0, 4.0; 5
-8.0, 1.0, 4.0; 6
-7.0, 1.0, 4.0; 4
-6.0, 1.0, 4.0; 3
-5.0, 1.0, 4.0; 2
-3.0, 1.0, 4.0; 5
-2.0, 1.0, 4.0; 2
-1.0, 1.0, 4.0; 2
0.0, 1.0, 4.0; 5
1.0, 1.0, 4.0; 5
2.0, 1.0, 4.0; 7
3.0, 1.0, 4.0; 1
4.0, 1.0, 4.0; 1
6.0, 1.0, 4.0; 1
-9.0, 2.0, 4.0; 7
-8.0, 2.0, 4.0; 4
-7.0, 2.0, 4.0; 10
-6.0, 2.0, 4.0; 3
-5.0, 2.0, 4.0; 1
-4.0, 2.0, 4.0; 3
-3.0, 2.0, 4.0; 3
-2.0, 2.0, 4.0; 3
-1.0, 2.0, 4.0; 7
0.0, 2.0, 4.0; 27
1.0, 2.0, 4.0; 21
2.0, 2.0, 4.0; 7
3.0, 2.0, 4.0; 1
-9.0, 3.0, 4.0; 2
-8.0, 3.0, 4.0; 5
-7.0, 3.0, 4.0; 11
-6.0, 3.0, 4.0; 7
-5.0, 3.0, 4.0; 3
-4.0, 3.0, 4.0; 2
-3.0, 3.0, 4.0; 5
-2.0, 3.0, 4.0; 2
-1.0, 3.0, 4.0; 4
0.0, 3.0, 4.0; 10
1.0, 3.0, 4.0; 4
2.0, 3.0, 4.0; 2
3.0, 3.0, 4.0; 2
4.0, 3.0, 4.0; 2
6.0, 3.0, 4.0; 1
-8.0, 4.0, 4.0; 7
-7.0, 4.0, 4.0; 8
-6.0, 4.0, 4.0; 5
-5.0, 4.0, 4.0; 7
-4.0, 4.0, 4.0; 7
-3.0, 4.0, 4.0; 4
-1.0, 4.0, 4.0; 2
0.0, 4.0, 4.0; 5
1.0, 4.0, 4.0; 4
2.0, 4.0, 4.0; 3
3.0, 4.0, 4.0; 3
4.0, 4.0, 4.0; 1
5.0, 4.0, 4.0; 2
6.0, 4.0, 4.0; 2
-8.0, 5.0, 4.0; 2
-7.0, 5.0, 4.0; 2
-6.0, 5.0, 4.0; 3
-5.0, 5.0, 4.0; 6
-4.0, 5.0, 4.0; 7
-3.0, 5.0, 4.0; 8
-2.0, 5.0, 4.0; 8
-1.0, 5.0, 4.0; 4
0.0, 5.0, 4.0; 7
1.0, 5.0, 4.0; 10
2.0, 5.0, 4.0; 10
3.0, 5.0, 4.0; 2
4.0, 5.0, 4.0; 1
6.0, 5.0, 4.0; 1
-7.0, 6.0, 4.0; 4
-6.0, 6.0, 4.0; 3
-5.0, 6.0, 4.0; 10
-4.0, 6.0, 4.0; 5
-3.0, 6.0, 4.0; 10
-2.0, 6.0, 4.0; 8
-1.0, 6.0, 4.0; 8
0.0, 6.0, 4.0; 4
1.0, 6.0, 4.0; 7
2.0, 6.0, 4.0; 4
3.0, 6.0, 4.0; 4
4.0, 6.0, 4.0; 1
-6.0, 7.0, 4.0; 1
-5.0, 7.0, 4.0; 3
-4.0, 7.0, 4.0; 14
-3.0, 7.0, 4.0; 8
-2.0, 7.0, 4.0; 5
-1.0, 7.0, 4.0; 6
0.0, 7.0, 4.0; 4
1.0, 7.0, 4.0; 5
2.0, 7.0, 4.0; 1
-4.0, 8.0, 4.0; 2
-3.0, 8.0, 4.0; 6
-2.0, 8.0, 4.0; 5
-1.0, 8.0, 4.0; 2
0.0, 8.0, 4.0; 1
1.0, 8.0, 4.0; 2
2.0, 8.0, 4.0; 1
-3.0, -9.0, 5.0; 1
-2.0, -9.0, 5.0; 1
-1.0, -9.0, 5.0; 2
0.0, -9.0, 5.0; 1
1.0, -9.0, 5.0; 2
2.0, -9.0, 5.0; 1
-5.0, -8.0, 5.0; 1
-4.0, -8.0, 5.0; 5
-3.0, -8.0, 5.0; 4
-2.0, -8.0, 5.0; 9
-1.0, -8.0, 5.0; 7
0.0, -8.0, 5.0; 1
1.0, -8.0, 5.0; 6
2.0, -8.0, 5.0; 2
3.0, -8.0, 5.0; 1
-6.0, -7.0, 5.0; 2
-5.0, -7.0, 5.0; 8
-4.0, -7.0, 5.0; 6
-3.0, -7.0, 5.0; 4
-2.0, -7.0, 5.0; 5
-1.0, -7.0, 5.0; 3
0.0, -7.0, 5.0; 3
1.0, -7.0, 5.0; 2
2.0, -7.0, 5.0; 5
3.0, -7.0, 5.0; 1
5.0, -7.0, 5.0; 1
-7.0, -6.0, 5.0; 2
-6.0, -6.0, 5.0; 11
-5.0, -6.0, 5.0; 6
-4.0, -6.0, 5.0; 4
-3.0, -6.0, 5.0; 5
-2.0, -6.0, 5.0; 5
-1.0, -6.0, 5.0; 5
0.0, -6.0, 5.0; 1
2.0, -6.0, 5.0; 1
4.0, -6.0, 5.0; 2
5.0, -6.0, 5.0; 2
-8.0, -5.0, 5.0; 2
-7.0, -5.0, 5.0; 4
-6.0, -5.0, 5.0; 5
-5.0, -5.0, 5.0; 7
-4.0, -5.0, 5.0; 9
-3.0, -5.0, 5.0; 6
-2.0, -5.0, 5.0; 5
0.0, -5.0, 5.0; 2
1.0, -5.0, 5.0; 1
2.0, -5.0, 5.0; 1
3.0, -5.0, 5.0; 4
4.0, -5.0, 5.0; 1
5.0, -5.0, 5.0; 1
-8.0, -4.0, 5.0; 2
-7.0, -4.0, 5.0; 6
-6.0, -4.0, 5.0; 2
-5.0, -4.0, 5.0; 6
-4.0, -4.0, 5.0; 3
-3.0, -4.0, 5.0; 9
-2.0, -4.0, 5.0; 12
-1.0, -4.0, 5.0; 4
0.0, -4.0, 5.0; 1
1.0, -4.0, 5.0; 1
3.0, -4.0, 5.0; 3
5.0, -4.0, 5.0; 2
7.0, -4.0, 5.0; 1
-8.0, -3.0, 5.0; 3
-7.0, -3.0, 5.0; 3
-6.0, -3.0, 5.0; 1
-4.0, -3.0, 5.0; 1
-3.0, -3.0, 5.0; 4
-2.0, -3.0, 5.0; 1
-1.0, -3.0, 5.0; 3
0.0, -3.0, 5.0; 5
1.0, -3.0, 5.0; 6
4.0, -3.0, 5.0; 1
-8.0, -2.0, 5.0; 2
-7.0, -2.0, 5.0; 1
-5.0, -2.0, 5.0; 2
-3.0, -2.0, 5.0; 1
-2.0, -2.0, 5.0; 6
-1.0, -2.0, 5.0; 2
0.0, -2.0, 5.0; 6
1.0, -2.0, 5.0; 15
3.0, -2.0, 5.0; 1
-9.0, -1.0, 5.0; 1
-8.0, -1.0, 5.0; 2
-7.0, -1.0, 5.0; 2
-6.0, -1.0, 5.0; 4
-5.0, -1.0, 5.0; 1
-3.0, -1.0, 5.0; 2
-2.0, -1.0, 5.0; 3
-1.0, -1.0, 5.0; 2
0.0, -1.0, 5.0; 3
1.0, -1.0, 5.0; 8
3.0, -1.0, 5.0; 1
-8.0, 0.0, 5.0; 2
-7.0, 0.0, 5.0; 3
-6.0, 0.0, 5.0; 4
-5.0, 0.0, 5.0; 4
-4.0, 0.0, 5.0; 2
-3.0, 0.0, 5.0; 3
-2.0, 0.0, 5.0; 2
-1.0, 0.0, 5.0; 5
0.0, 0.0, 5.0; 3
1.0, 0.0, 5.0; 5
2.0, 0.0, 5.0; 3
3.0, 0.0, 5.0; 1
-8.0, 1.0, 5.0; 5
-7.0, 1.0, 5.0; 5
-6.0, 1.0, 5.0; 7
-5.0, 1.0, 5.0; 2
-4.0, 1.0, 5.0; 2
-2.0, 1.0, 5.0; 2
-1.0, 1.0, 5.0; 2
0.0, 1.0, 5.0; 3
2.0, 1.0, 5.0; 1
-9.0, 2.0, 5.0; 1
-8.0, 2.0, 5.0; 3
-7.0, 2.0, 5.0; 6
-6.0, 2.0, 5.0; 7
-5.0, 2.0, 5.0; 7
-4.0, 2.0, 5.0; 7
-3.0, 2.0, 5.0; 3
-2.0, 2.0, 5.0; 10
-1.0, 2.0, 5.0; 8
0.0, 2.0, 5.0; 11
2.0, 2.0, 5.0; 2
3.0, 2.0, 5.0; 2
4.0, 2.0, 5.0; 1
5.0, 2.0, 5.0; 2
-7.0, 3.0, 5.0; 3
-6.0, 3.0, 5.0; 5
-5.0, 3.0, 5.0; 6
-4.0, 3.0, 5.0; 2
-3.0, 3.0, 5.0; 4
-2.0, 3.0, 5.0; 7
-1.0, 3.0, 5.0; 10
0.0, 3.0, 5.0; 8
2.0, 3.0, 5.0; 1
4.0, 3.0, 5.0; 2
5.0, 3.0, 5.0; 1
6.0, 3.0, 5.0; 1
-8.0, 4.0, 5.0; 1
-6.0, 4.0, 5.0; 8
-5.0, 4.0, 5.0; 2
-4.0, 4.0, 5.0; 4
-3.0, 4.0, 5.0; 10
-2.0, 4.0, 5.0; 3
0.0, 4.0, 5.0; 1
1.0, 4.0, 5.0; 5
2.0, 4.0, 5.0; 5
3.0, 4.0, 5.0; 4
5.0, 4.0, 5.0; 3
-7.0, 5.0, 5.0; 2
-6.0, 5.0, 5.0; 1
-5.0, 5.0, 5.0; 3
-4.0, 5.0, 5.0; 1
-3.0, 5.0, 5.0; 7
-2.0, 5.0, 5.0; 5
-1.0, 5.0, 5.0; 6
0.0, 5.0, 5.0; 2
1.0, 5.0, 5.0; 7
2.0, 5.0, 5.0; 2
3.0, 5.0, 5.0; 1
4.0, 5.0, 5.0; 3
5.0, 5.0, 5.0; 1
-5.0, 6.0, 5.0; 3
-4.0, 6.0, 5.0; 7
-3.0, 6.0, 5.0; 1
-2.0, 6.0, 5.0; 3
-1.0, 6.0, 5.0; 2
0.0, 6.0, 5.0; 3
1.0, 6.0, 5.0; 5
2.0, 6.0, 5.0; 3
3.0, 6.0, 5.0; 1
4.0, 6.0, 5.0; 1
-4.0, 7.0, 5.0; 2
-3.0, 7.0, 5.0; 4
-2.0, 7.0, 5.0; 3
-1.0, 7.0, 5.0; 1
0.0, 7.0, 5.0; 4
1.0, 7.0, 5.0; 1
2.0, 7.0, 5.0; 1
3.0, 7.0, 5.0; 1
-3.0, 8.0, 5.0; 1
-2.0, 8.0, 5.0; 1
-3.0, -8.0, 6.0; 3
-2.0, -8.0, 6.0; 2
-1.0, -8.0, 6.0; 1
0.0, -8.0, 6.0; 2
2.0, -8.0, 6.0; 2
-4.0, -7.0, 6.0; 3
-3.0, -7.0, 6.0; 8
-2.0, -7.0, 6.0; 8
-1.0, -7.0, 6.0; 3
1.0, -7.0, 6.0; 2
2.0, -7.0, 6.0; 1
3.0, -7.0, 6.0; 1
-6.0, -6.0, 6.0; 5
-5.0, -6.0, 6.0; 2
-4.0, -6.0, 6.0; 7
-3.0, -6.0, 6.0; 4
-2.0, -6.0, 6.0; 3
-1.0, -6.0, 6.0; 2
0.0, -6.0, 6.0; 4
2.0, -6.0, 6.0; 1
-7.0, -5.0, 6.0; 1
-6.0, -5.0, 6.0; 10
-5.0, -5.0, 6.0; 6
-4.0, -5.0, 6.0; 6
-3.0, -5.0, 6.0; 3
-2.0, -5.0, 6.0; 2
-1.0, -5.0, 6.0; 1
1.0, -5.0, 6.0; 1
2.0, -5.0, 6.0; 1
3.0, -5.0, 6.0; 1
-8.0, -4.0, 6.0; 1
-7.0, -4.0, 6.0; 1
-6.0, -4.0, 6.0; 4
-5.0, -4.0, 6.0; 4
-4.0, -4.0, 6.0; 4
-3.0, -4.0, 6.0; 4
-2.0, -4.0, 6.0; 2
-1.0, -4.0, 6.0; 5
1.0, -4.0, 6.0; 1
3.0, -4.0, 6.0; 2
5.0, -4.0, 6.0; 2
-8.0, -3.0, 6.0; 1
-7.0, -3.0, 6.0; 4
-6.0, -3.0, 6.0; 2
-4.0, -3.0, 6.0; 3
-3.0, -3.0, 6.0; 5
-2.0, -3.0, 6.0; 4
-1.0, -3.0, 6.0; 7
0.0, -3.0, 6.0; 2
2.0, -3.0, 6.0; 2
3.0, -3.0, 6.0; 3
-8.0, -2.0, 6.0; 1
-7.0, -2.0, 6.0; 2
-6.0, -2.0, 6.0; 3
-5.0, -2.0, 6.0; 1
-4.0, -2.0, 6.0; 2
-3.0, -2.0, 6.0; 3
-1.0, -2.0, 6.0; 11
0.0, -2.0, 6.0; 10
1.0, -2.0, 6.0; 4
2.0, -2.0, 6.0; 1
3.0, -2.0, 6.0; 1
4.0, -2.0, 6.0; 1
-8.0, -1.0, 6.0; 1
-7.0, -1.0, 6.0; 2
-6.0, -1.0, 6.0; 1
-4.0, -1.0, 6.0; 2
-2.0, -1.0, 6.0; 3
-1.0, -1.0, 6.0; 2
0.0, -1.0, 6.0; 11
1.0, -1.0, 6.0; 4
2.0, -1.0, 6.0; 1
4.0, -1.0, 6.0; 1
-8.0, 0.0, 6.0; 1
-7.0, 0.0, 6.0; 1
-6.0, 0.0, 6.0; 2
-5.0, 0.0, 6.0; 2
-4.0, 0.0, 6.0; 1
-3.0, 0.0, 6.0; 1
-2.0, 0.0, 6.0; 2
-1.0, 0.0, 6.0; 6
0.0, 0.0, 6.0; 3
1.0, 0.0, 6.0; 2
2.0, 0.0, 6.0; 1
3.0, 0.0, 6.0; 1
-8.0, 1.0, 6.0; 1
-7.0, 1.0, 6.0; 5
-6.0, 1.0, 6.0; 6
-5.0, 1.0, 6.0; 5
-4.0, 1.0, 6.0; 2
-2.0, 1.0, 6.0; 2
0.0, 1.0, 6.0; 1
2.0, 1.0, 6.0; 4
3.0, 1.0, 6.0; 2
-8.0, 2.0, 6.0; 1
-7.0, 2.0, 6.0; 7
-6.0, 2.0, 6.0; 3
-5.0, 2.0, 6.0; 5
-4.0, 2.0, 6.0; 4
-3.0, 2.0, 6.0; 3
-2.0, 2.0, 6.0; 3
-1.0, 2.0, 6.0; 1
0.0, 2.0, 6.0; 2
1.0, 2.0, 6.0; 5
2.0, 2.0, 6.0; 2
-7.0, 3.0, 6.0; 1
-6.0, 3.0, 6.0; 3
-5.0, 3.0, 6.0; 4
-4.0, 3.0, 6.0; 4
-3.0, 3.0, 6.0; 3
-2.0, 3.0, 6.0; 2
-1.0, 3.0, 6.0; 2
0.0, 3.0, 6.0; 3
1.0, 3.0, 6.0; 4
2.0, 3.0, 6.0; 6
4.0, 3.0, 6.0; 2
-6.0, 4.0, 6.0; 3
-5.0, 4.0, 6.0; 3
-4.0, 4.0, 6.0; 4
-3.0, 4.0, 6.0; 6
-2.0, 4.0, 6.0; 5
-1.0, 4.0, 6.0; 7
0.0, 4.0, 6.0; 2
1.0, 4.0, 6.0; 2
2.0, 4.0, 6.0; 4
3.0, 4.0, 6.0; 1
4.0, 4.0, 6.0; 1
-5.0, 5.0, 6.0; 1
-4.0, 5.0, 6.0; 6
-3.0, 5.0, 6.0; 3
-2.0, 5.0, 6.0; 3
-1.0, 5.0, 6.0; 4
1.0, 5.0, 6.0; 2
2.0, 5.0, 6.0; 5
4.0, 5.0, 6.0; 2
-4.0, 6.0, 6.0; 2
-3.0, 6.0, 6.0; 2
-2.0, 6.0, 6.0; 1
-1.0, 6.0, 6.0; 1
0.0, 6.0, 6.0; 1
1.0, 6.0, 6.0; 1
2.0, 6.0, 6.0; 1
-2.0, 7.0, 6.0; 2
1.0, 7.0, 6.0; 1
2.0, 7.0, 6.0; 1
-2.0, -7.0, 7.0; 1
-4.0, -6.0, 7.0; 2
-3.0, -6.0, 7.0; 1
-2.0, -6.0, 7.0; 2
-1.0, -6.0, 7.0; 2
0.0, -6.0, 7.0; 3
1.0, -6.0, 7.0; 5
2.0, -6.0, 7.0; 1
3.0, -6.0, 7.0; 1
-5.0, -5.0, 7.0; 1
-3.0, -5.0, 7.0; 3
-2.0, -5.0, 7.0; 3
-1.0, -5.0, 7.0; 6
1.0, -5.0, 7.0; 2
2.0, -5.0, 7.0; 2
3.0, -5.0, 7.0; 1
4.0, -5.0, 7.0; 1
-6.0, -4.0, 7.0; 1
-5.0, -4.0, 7.0; 2
-4.0, -4.0, 7.0; 4
-3.0, -4.0, 7.0; 2
0.0, -4.0, 7.0; 2
1.0, -4.0, 7.0; 1
3.0, -4.0, 7.0; 1
-7.0, -3.0, 7.0; 2
-6.0, -3.0, 7.0; 2
-5.0, -3.0, 7.0; 5
-4.0, -3.0, 7.0; 2
-3.0, -3.0, 7.0; 2
-2.0, -3.0, 7.0; 2
-1.0, -3.0, 7.0; 1
1.0, -3.0, 7.0; 1
4.0, -3.0, 7.0; 1
-6.0, -2.0, 7.0; 1
-5.0, -2.0, 7.0; 3
-4.0, -2.0, 7.0; 1
-3.0, -2.0, 7.0; 3
-2.0, -2.0, 7.0; 3
-1.0, -2.0, 7.0; 2
0.0, -2.0, 7.0; 1
-7.0, -1.0, 7.0; 3
-5.0, -1.0, 7.0; 2
-4.0, -1.0, 7.0; 6
-3.0, -1.0, 7.0; 5
-2.0, -1.0, 7.0; 6
-1.0, -1.0, 7.0; 6
0.0, -1.0, 7.0; 6
1.0, -1.0, 7.0; 2
5.0, -1.0, 7.0; 1
-6.0, 0.0, 7.0; 1
-5.0, 0.0, 7.0; 1
-4.0, 0.0, 7.0; 4
-3.0, 0.0, 7.0; 1
-1.0, 0.0, 7.0; 2
0.0, 0.0, 7.0; 3
1.0, 0.0, 7.0; 1
2.0, 0.0, 7.0; 1
-6.0, 1.0, 7.0; 2
-5.0, 1.0, 7.0; 3
-4.0, 1.0, 7.0; 3
-3.0, 1.0, 7.0; 4
-2.0, 1.0, 7.0; 4
-1.0, 1.0, 7.0; 1
0.0, 1.0, 7.0; 5
2.0, 1.0, 7.0; 1
4.0, 1.0, 7.0; 1
-7.0, 2.0, 7.0; 1
-6.0, 2.0, 7.0; 3
-4.0, 2.0, 7.0; 3
-3.0, 2.0, 7.0; 5
-2.0, 2.0, 7.0; 4
-1.0, 2.0, 7.0; 4
0.0, 2.0, 7.0; 3
2.0, 2.0, 7.0; 1
-5.0, 3.0, 7.0; 1
-4.0, 3.0, 7.0; 1
-2.0, 3.0, 7.0; 2
-1.0, 3.0, 7.0; 1
1.0, 3.0, 7.0; 1
3.0, 3.0, 7.0; 1
-6.0, 4.0, 7.0; 2
-1.0, 4.0, 7.0; 1
0.0, 4.0, 7.0; 1
3.0, 4.0, 7.0; 1
4.0, 4.0, 7.0; 1
-5.0, 5.0, 7.0; 1
-4.0, 5.0, 7.0; 1
-3.0, 5.0, 7.0; 1
-2.0, 5.0, 7.0; 1
-1.0, 5.0, 7.0; 1
-1.0, 6.0, 7.0; 2
1.0, -6.0, 8.0; 1
-2.0, -5.0, 8.0; 1
-1.0, -5.0, 8.0; 1
0.0, -5.0, 8.0; 2
-3.0, -4.0, 8.0; 1
-1.0, -4.0, 8.0; 1
0.0, -4.0, 8.0; 1
3.0, -4.0, 8.0; 1
-6.0, -3.0, 8.0; 1
-5.0, -3.0, 8.0; 1
-4.0, -3.0, 8.0; 1
-3.0, -3.0, 8.0; 1
-2.0, -3.0, 8.0; 2
-1.0, -3.0, 8.0; 1
0.0, -3.0, 8.0; 1
-1.0, -2.0, 8.0; 1
0.0, -2.0, 8.0; 1
2.0, -2.0, 8.0; 1
-5.0, -1.0, 8.0; 1
-4.0, -1.0, 8.0; 1
-3.0, -1.0, 8.0; 1
-2.0, -1.0, 8.0; 1
-1.0, -1.0, 8.0; 2
0.0, -1.0, 8.0; 1
2.0, -1.0, 8.0; 1
3.0, -1.0, 8.0; 1
-4.0, 0.0, 8.0; 3
-2.0, 0.0, 8.0; 3
-4.0, 1.0, 8.0; 3
-3.0, 1.0, 8.0; 1
-1.0, 1.0, 8.0; 1
-4.0, 2.0, 8.0; 2
-3.0, 2.0, 8.0; 1
-2.0, 2.0, 8.0; 2
0.0, 2.0, 8.0; 1
1.0, 2.0, 8.0; 2
-5.0, 3.0, 8.0; 1
-2.0, 3.0, 8.0; 2
-1.0, 3.0, 8.0; 1
1.0, 3.0, 8.0; 2
3.0, 3.0, 8.0; 1
-3.0, 4.0, 8.0; 2
-2.0, 4.0, 8.0; 2
-1.0, 4.0, 8.0; 1
0.0, 4.0, 8.0; 1
2.0, 4.0, 8.0; 1
1.0, 5.0, 8.0; 1
0.0, -2.0, 9.0; 1
-2.0, -1.0, 9.0; 1
0.0, -1.0, 9.0; 1
0.0, 0.0, 9.0; 1
2.0, 0.0, 9.0; 1
-1.0, 1.0, 9.0; 1
2.0, 2.0, 9.0; 1
0.0, 3.0, 9.0; 1
-2.0, -4.0, -10.0; 2
-1.0, -4.0, -10.0; 2
0.0, -4.0, -10.0; 1
-4.0, -3.0, -10.0; 1
-3.0, -3.0, -10.0; 3
-2.0, -3.0, -10.0; 1
-1.0, -3.0, -10.0; 1
0.0, -3.0, -10.0; 1
1.0, -3.0, -10.0; 2
-3.0, -2.0, -10.0; 4
-2.0, -2.0, -10.0; 2
-1.0, -2.0, -10.0; 4
0.0, -2.0, -10.0; 2
1.0, -2.0, -10.0; 1
2.0, -2.0, -10.0; 1
-3.0, -1.0, -10.0; 2
-2.0, -1.0, -10.0; 3
-1.0, -1.0, -10.0; 4
0.0, -1.0, -10.0; 5
1.0, -1.0, -10.0; 1
2.0, -1.0, -10.0; 1
-3.0, 0.0, -10.0; 1
-1.0, 0.0, -10.0; 1
0.0, 0.0, -10.0; 1
1.0, 0.0, -10.0; 2
2.0, 0.0, -10.0; 3
3.0, 0.0, -10.0; 2
-1.0, 1.0, -10.0; 2
3.0, 1.0, -10.0; 2
0.0, 2.0, -10.0; 1
2.0, 2.0, -10.0; 2
3.0, 2.0, -10.0; 1
-1.0, 4.0, -10.0; 1
-2.0, -6.0, -9.0; 2
-1.0, -6.0, -9.0; 10
0.0, -6.0, -9.0; 3
1.0, -6.0, -9.0; 1
2.0, -6.0, -9.0; 1
-4.0, -5.0, -9.0; 1
-3.0, -5.0, -9.0; 2
-2.0, -5.0, -9.0; 1
-1.0, -5.0, -9.0; 2
0.0, -5.0, -9.0; 2
1.0, -5.0, -9.0; 1
2.0, -5.0, -9.0; 1
-5.0, -4.0, -9.0; 1
-4.0, -4.0, -9.0; 3
-3.0, -4.0, -9.0; 1
-2.0, -4.0, -9.0; 2
-1.0, -4.0, -9.0; 5
0.0, -4.0, -9.0; 2
1.0, -4.0, -9.0; 11
2.0, -4.0, -9.0; 2
3.0, -4.0, -9.0; 1
-4.0, -3.0, -9.0; 4
-3.0, -3.0, -9.0; 8
-2.0, -3.0, -9.0; 10
0.0, -3.0, -9.0; 5
1.0, -3.0, -9.0; 7
2.0, -3.0, -9.0; 5
3.0, -3.0, -9.0; 1
-6.0, -2.0, -9.0; 1
-5.0, -2.0, -9.0; 1
-4.0, -2.0, -9.0; 4
-3.0, -2.0, -9.0; 2
-2.0, -2.0, -9.0; 2
-1.0, -2.0, -9.0; 3
0.0, -2.0, -9.0; 4
1.0, -2.0, -9.0; 3
2.0, -2.0, -9.0; 11
3.0, -2.0, -9.0; 2
5.0, -2.0, -9.0; 1
-5.0, -1.0, -9.0; 5
-4.0, -1.0, -9.0; 3
-3.0, -1.0, -9.0; 4
-2.0, -1.0, -9.0; 2
-1.0, -1.0, -9.0; 6
0.0, -1.0, -9.0; 4
1.0, -1.0, -9.0; 3
2.0, -1.0, -9.0; 3
3.0, -1.0, -9.0; 1
4.0, -1.0, -9.0; 2
5.0, -1.0, -9.0; 1
-6.0, 0.0, -9.0; 1
-5.0, 0.0, -9.0; 1
-4.0, 0.0, -9.0; 6
-3.0, 0.0, -9.0; 2
-2.0, 0.0, -9.0; 4
-1.0, 0.0, -9.0; 8
0.0, 0.0, -9.0; 6
1.0, 0.0, -9.0; 3
2.0, 0.0, -9.0; 1
3.0, 0.0, -9.0; 1
5.0, 0.0, -9.0; 1
-6.0, 1.0, -9.0; 2
-5.0, 1.0, -9.0; 3
-4.0, 1.0, -9.0; 5
-3.0, 1.0, -9.0; 11
-2.0, 1.0, -9.0; 7
-1.0, 1.0, -9.0; 3
0.0, 1.0, -9.0; 3
1.0, 1.0, -9.0; 2
3.0, 1.0, -9.0; 6
4.0, 1.0, -9.0; 2
5.0, 1.0, -9.0; 1
-5.0, 2.0, -9.0; 3
-4.0, 2.0, -9.0; 10
-3.0, 2.0, -9.0; 11
-2.0, 2.0, -9.0; 5
-1.0, 2.0, -9.0; 7
0.0, 2.0, -9.0; 2
1.0, 2.0, -9.0; 3
2.0, 2.0, -9.0; 1
3.0, 2.0, -9.0; 1
4.0, 2.0, -9.0; 1
-5.0, 3.0, -9.0; 2
-4.0, 3.0, -9.0; 5
-3.0, 3.0, -9.0; 7
-2.0, 3.0, -9.0; 10
-1.0, 3.0, -9.0; 5
0.0, 3.0, -9.0; 5
1.0, 3.0, -9.0; 2
2.0, 3.0, -9.0; 2
3.0, 3.0, -9.0; 3
4.0, 3.0, -9.0; 3
-3.0, 4.0, -9.0; 1
-2.0, 4.0, -9.0; 3
-1.0, 4.0, -9.0; 1
0.0, 4.0, -9.0; 2
1.0, 4.0, -9.0; 1
2.0, 4.0, -9.0; 2
-3.0, 5.0, -9.0; 1
-3.0, -7.0, -8.0; 2
-1.0, -7.0, -8.0; 7
0.0, -7.0, -8.0; 3
1.0, -7.0, -8.0; 23
2.0, -7.0, -8.0; 3
3.0, -7.0, -8.0; 1
-5.0, -6.0, -8.0; 1
-4.0, -6.0, -8.0; 2
-3.0, -6.0, -8.0; 2
-2.0, -6.0, -8.0; 4
-1.0, -6.0, -8.0; 4
0.0, -6.0, -8.0; 5
1.0, -6.0, -8.0; 17
2.0, -6.0, -8.0; 13
3.0, -6.0, -8.0; 2
-5.0, -5.0, -8.0; 2
-4.0, -5.0, -8.0; 1
-3.0, -5.0, -8.0; 9
-2.0, -5.0, -8.0; 7
-1.0, -5.0, -8.0; 6
0.0, -5.0, -8.0; 3
1.0, -5.0, -8.0; 7
2.0, -5.0, -8.0; 8
3.0, -5.0, -8.0; 2
-7.0, -4.0, -8.0; 1
-5.0, -4.0, -8.0; 6
-4.0, -4.0, -8.0; 19
-3.0, -4.0, -8.0; 3
-2.0, -4.0, -8.0; 3
-1.0, -4.0, -8.0; 2
0.0, -4.0, -8.0; 1
1.0, -4.0, -8.0; 3
2.0, -4.0, -8.0; 5
3.0, -4.0, -8.0; 4
4.0, -4.0, -8.0; 3
-6.0, -3.0, -8.0; 3
-5.0, -3.0, -8.0; 3
-4.0, -3.0, -8.0; 11
-3.0, -3.0, -8.0; 7
-2.0, -3.0, -8.0; 5
-1.0, -3.0, -8.0; 3
1.0, -3.0, -8.0; 1
2.0, -3.0, -8.0; 2
3.0, -3.0, -8.0; 12
4.0, -3.0, -8.0; 1
-6.0, -2.0, -8.0; 2
-5.0, -2.0, -8.0; 7
-4.0, -2.0, -8.0; 12
-3.0, -2.0, -8.0; 4
-2.0, -2.0, -8.0; 2
-1.0, -2.0, -8.0; 1
1.0, -2.0, -8.0; 1
2.0, -2.0, -8.0; 7
3.0, -2.0, -8.0; 4
5.0, -2.0, -8.0; 1
6.0, -2.0, -8.0; 1
-7.0, -1.0, -8.0; 3
-6.0, -1.0, -8.0; 4
-5.0, -1.0, -8.0; 4
-4.0, -1.0, -8.0; 12
-3.0, -1.0, -8.0; 13
-2.0, -1.0, -8.0; 4
-1.0, -1.0, -8.0; 1
0.0, -1.0, -8.0; 2
1.0, -1.0, -8.0; 5
2.0, -1.0, -8.0; 4
3.0, -1.0, -8.0; 7
5.0, -1.0, -8.0; 2
6.0, -1.0, -8.0; 1
-7.0, 0.0, -8.0; 2
-6.0, 0.0, -8.0; 6
-5.0, 0.0, -8.0; 8
-4.0, 0.0, -8.0; 8
-3.0, 0.0, -8.0; 7
-2.0, 0.0, -8.0; 7
0.0, 0.0, -8.0; 5
1.0, 0.0, -8.0; 3
2.0, 0.0, -8.0; 5
3.0, 0.0, -8.0; 3
4.0, 0.0, -8.0; 2
-7.0, 1.0, -8.0; 2
-6.0, 1.0, -8.0; 3
-5.0, 1.0, -8.0; 8
-4.0, 1.0, -8.0; 14
-3.0, 1.0, -8.0; 8
-2.0, 1.0, -8.0; 9
-1.0, 1.0, -8.0; 2
0.0, 1.0, -8.0; 5
1.0, 1.0, -8.0; 3
2.0, 1.0, -8.0; 1
3.0, 1.0, -8.0; 1
4.0, 1.0, -8.0; 1
-6.0, 2.0, -8.0; 5
-5.0, 2.0, -8.0; 15
-4.0, 2.0, -8.0; 19
-3.0, 2.0, -8.0; 10
-2.0, 2.0, -8.0; 5
-1.0, 2.0, -8.0; 4
0.0, 2.0, -8.0; 2
1.0, 2.0, -8.0; 3
2.0, 2.0, -8.0; 3
3.0, 2.0, -8.0; 1
4.0, 2.0, -8.0; 1
5.0, 2.0, -8.0; 4
-6.0, 3.0, -8.0; 4
-5.0, 3.0, -8.0; 6
-4.0, 3.0, -8.0; 5
-3.0, 3.0, -8.0; 9
-2.0, 3.0, -8.0; 6
-1.0, 3.0, -8.0; 4
0.0, 3.0, -8.0; 5
1.0, 3.0, -8.0; 1
2.0, 3.0, -8.0; 2
3.0, 3.0, -8.0; 4
4.0, 3.0, -8.0; 4
5.0, 3.0, -8.0; 1
-6.0, 4.0, -8.0; 2
-5.0, 4.0, -8.0; 6
-4.0, 4.0, -8.0; 11
-3.0, 4.0, -8.0; 6
-2.0, 4.0, -8.0; 4
-1.0, 4.0, -8.0; 7
0.0, 4.0, -8.0; 1
1.0, 4.0, -8.0; 3
2.0, 4.0, -8.0; 2
3.0, 4.0, -8.0; 1
4.0, 4.0, -8.0; 1
-5.0, 5.0, -8.0; 2
-4.0, 5.0, -8.0; 6
-3.0, 5.0, -8.0; 5
-2.0, 5.0, -8.0; 6
-1.0, 5.0, -8.0; 5
0.0, 5.0, -8.0; 1
2.0, 5.0, -8.0; 2
-2.0, 6.0, -8.0; 1
0.0, 6.0, -8.0; 1
2.0, 6.0, -8.0; 1
-3.0, -8.0, -7.0; 2
-2.0, -8.0, -7.0; 1
-1.0, -8.0, -7.0; 5
0.0, -8.0, -7.0; 8
1.0, -8.0, -7.0; 6
2.0, -8.0, -7.0; 3
-5.0, -7.0, -7.0; 1
-4.0, -7.0, -7.0; 2
-3.0, -7.0, -7.0; 5
-2.0, -7.0, -7.0; 10
-1.0, -7.0, -7.0; 12
0.0, -7.0, -7.0; 9
1.0, -7.0, -7.0; 7
2.0, -7.0, -7.0; 11
3.0, -7.0, -7.0; 6
-6.0, -6.0, -7.0; 1
-5.0, -6.0, -7.0; 7
-4.0, -6.0, -7.0; 23
-3.0, -6.0, -7.0; 10
-2.0, -6.0, -7.0; 8
-1.0, -6.0, -7.0; 4
0.0, -6.0, -7.0; 5
1.0, -6.0, -7.0; 10
2.0, -6.0, -7.0; 9
3.0, -6.0, -7.0; 3
4.0, -6.0, -7.0; 3
-6.0, -5.0, -7.0; 6
-5.0, -5.0, -7.0; 18
-4.0, -5.0, -7.0; 16
-3.0, -5.0, -7.0; 6
-2.0, -5.0, -7.0; 7
-1.0, -5.0, -7.0; 3
0.0, -5.0, -7.0; 4
1.0, -5.0, -7.0; 1
2.0, -5.0, -7.0; 3
3.0, -5.0, -7.0; 3
4.0, -5.0, -7.0; 4
-7.0, -4.0, -7.0; 2
-6.0, -4.0, -7.0; 8
-5.0, -4.0, -7.0; 13
-4.0, -4.0, -7.0; 9
-3.0, -4.0, -7.0; 7
-2.0, -4.0, -7.0; 2
-1.0, -4.0, -7.0; 5
0.0, -4.0, -7.0; 5
1.0, -4.0, -7.0; 1
3.0, -4.0, -7.0; 5
4.0, -4.0, -7.0; 2
5.0, -4.0, -7.0; 3
6.0, -4.0, -7.0; 1
-8.0, -3.0, -7.0; 1
-7.0, -3.0, -7.0; 2
-6.0, -3.0, -7.0; 8
-5.0, -3.0, -7.0; 13
-4.0, -3.0, -7.0; 5
-3.0, -3.0, -7.0; 4
-2.0, -3.0, -7.0; 3
-1.0, -3.0, -7.0; 4
0.0, -3.0, -7.0; 6
1.0, -3.0, -7.0; 6
2.0, -3.0, -7.0; 2
3.0, -3.0, -7.0; 1
4.0, -3.0, -7.0; 4
5.0, -3.0, -7.0; 1
-8.0, -2.0, -7.0; 1
-7.0, -2.0, -7.0; 3
-6.0, -2.0, -7.0; 8
-5.0, -2.0, -7.0; 13
-4.0, -2.0, -7.0; 5
-3.0, -2.0, -7.0; 14
-2.0, -2.0, -7.0; 11
-1.0, -2.0, -7.0; 16
0.0, -2.0, -7.0; 4
1.0, -2.0, -7.0; 3
2.0, -2.0, -7.0; 1
3.0, -2.0, -7.0; 2
6.0, -2.0, -7.0; 2
7.0, -2.0, -7.0; 3
-7.0, -1.0, -7.0; 4
-6.0, -1.0, -7.0; 13
-5.0, -1.0, -7.0; 17
-4.0, -1.0, -7.0; 10
-3.0, -1.0, -7.0; 6
-2.0, -1.0, -7.0; 5
-1.0, -1.0, -7.0; 5
0.0, -1.0, -7.0; 5
2.0, -1.0, -7.0; 1
3.0, -1.0, -7.0; 4
4.0, -1.0, -7.0; 2
5.0, -1.0, -7.0; 2
6.0, -1.0, -7.0; 1
-8.0, 0.0, -7.0; 4
-7.0, 0.0, -7.0; 11
-6.0, 0.0, -7.0; 13
-5.0, 0.0, -7.0; 5
-4.0, 0.0, -7.0; 3
-3.0, 0.0, -7.0; 1
-2.0, 0.0, -7.0; 2
-1.0, 0.0, -7.0; 3
0.0, 0.0, -7.0; 6
1.0, 0.0, -7.0; 2
2.0, 0.0, -7.0; 6
3.0, 0.0, -7.0; 3
5.0, 0.0, -7.0; 2
6.0, 0.0, -7.0; 2
-8.0, 1.0, -7.0; 3
-7.0, 1.0, -7.0; 9
-6.0, 1.0, -7.0; 14
-5.0, 1.0, -7.0; 18
-4.0, 1.0, -7.0; 4
0.0, 1.0, -7.0; 6
1.0, 1.0, -7.0; 1
2.0, 1.0, -7.0; 2
3.0, 1.0, -7.0; 4
4.0, 1.0, -7.0; 2
5.0, 1.0, -7.0; 3
6.0, 1.0, -7.0; 2
-8.0, 2.0, -7.0; 2
-7.0, 2.0, -7.0; 8
-6.0, 2.0, -7.0; 8
-5.0, 2.0, -7.0; 6
-4.0, 2.0, -7.0; 5
-2.0, 2.0, -7.0; 1
-1.0, 2.0, -7.0; 1
0.0, 2.0, -7.0; 3
1.0, 2.0, -7.0; 6
2.0, 2.0, -7.0; 4
3.0, 2.0, -7.0; 2
4.0, 2.0, -7.0; 2
5.0, 2.0, -7.0; 1
-8.0, 3.0, -7.0; 1
-7.0, 3.0, -7.0; 6
-6.0, 3.0, -7.0; 12
-5.0, 3.0, -7.0; 8
-4.0, 3.0, -7.0; 2
-2.0, 3.0, -7.0; 2
-1.0, 3.0, -7.0; 3
0.0, 3.0, -7.0; 2
1.0, 3.0, -7.0; 5
2.0, 3.0, -7.0; 1
3.0, 3.0, -7.0; 1
4.0, 3.0, -7.0; 1
-7.0, 4.0, -7.0; 1
-6.0, 4.0, -7.0; 12
-5.0, 4.0, -7.0; 9
-4.0, 4.0, -7.0; 2
-3.0, 4.0, -7.0; 1
-1.0, 4.0, -7.0; 1
0.0, 4.0, -7.0; 1
1.0, 4.0, -7.0; 3
2.0, 4.0, -7.0; 1
4.0, 4.0, -7.0; 1
-6.0, 5.0, -7.0; 2
-5.0, 5.0, -7.0; 4
-4.0, 5.0, -7.0; 4
-3.0, 5.0, -7.0; 3
-2.0, 5.0, -7.0; 5
0.0, 5.0, -7.0; 4
1.0, 5.0, -7.0; 5
2.0, 5.0, -7.0; 1
3.0, 5.0, -7.0; 1
4.0, 5.0, -7.0; 2
-5.0, 6.0, -7.0; 2
-4.0, 6.0, -7.0; 7
-3.0, 6.0, -7.0; 6
-2.0, 6.0, -7.0; 4
-1.0, 6.0, -7.0; 8
0.0, 6.0, -7.0; 6
1.0, 6.0, -7.0; 7
2.0, 6.0, -7.0; 5
3.0, 6.0, -7.0; 1
-3.0, 7.0, -7.0; 3
-2.0, 7.0, -7.0; 2
-1.0, 7.0, -7.0; 5
0.0, 7.0, -7.0; 3
1.0, 7.0, -7.0; 1
-3.0, -9.0, -6.0; 1
-2.0, -9.0, -6.0; 1
-1.0, -9.0, -6.0; 3
0.0, -9.0, -6.0; 3
1.0, -9.0, -6.0; 2
2.0, -9.0, -6.0; 3
-5.0, -8.0, -6.0; 2
-4.0, -8.0, -6.0; 3
-3.0, -8.0, -6.0; 15
-2.0, -8.0, -6.0; 137
-1.0, -8.0, -6.0; 209
0.0, -8.0, -6.0; 40
1.0, -8.0, -6.0; 13
2.0, -8.0, -6.0; 11
3.0, -8.0, -6.0; 6
-6.0, -7.0, -6.0; 2
-5.0, -7.0, -6.0; 6
-4.0, -7.0, -6.0; 20
-3.0, -7.0, -6.0; 31
-2.0, -7.0, -6.0; 235
-1.0, -7.0, -6.0; 199
0.0, -7.0, -6.0; 33
1.0, -7.0, -6.0; 22
2.0, -7.0, -6.0; 10
3.0, -7.0, -6.0; 7
4.0, -7.0, -6.0; 9
5.0, -7.0, -6.0; 4
-7.0, -6.0, -6.0; 1
-6.0, -6.0, -6.0; 2
-5.0, -6.0, -6.0; 18
-4.0, -6.0, -6.0; 18
-3.0, -6.0, -6.0; 35
-2.0, -6.0, -6.0; 52
-1.0, -6.0, -6.0; 34
0.0, -6.0, -6.0; 10
1.0, -6.0, -6.0; 9
2.0, -6.0, -6.0; 8
3.0, -6.0, -6.0; 4
4.0, -6.0, -6.0; 6
6.0, -6.0, -6.0; 1
-7.0, -5.0, -6.0; 6
-6.0, -5.0, -6.0; 10
-5.0, -5.0, -6.0; 6
-4.0, -5.0, -6.0; 11
-3.0, -5.0, -6.0; 49
-2.0, -5.0, -6.0; 49
-1.0, -5.0, -6.0; 7
0.0, -5.0, -6.0; 16
1.0, -5.0, -6.0; 9
2.0, -5.0, -6.0; 4
3.0, -5.0, -6.0; 2
4.0, -5.0, -6.0; 1
5.0, -5.0, -6.0; 2
6.0, -5.0, -6.0; 1
-8.0, -4.0, -6.0; 1
-7.0, -4.0, -6.0; 4
-6.0, -4.0, -6.0; 11
-5.0, -4.0, -6.0; 10
-4.0, -4.0, -6.0; 10
-3.0, -4.0, -6.0; 14
-2.0, -4.0, -6.0; 9
-1.0, -4.0, -6.0; 10
0.0, -4.0, -6.0; 17
1.0, -4.0, -6.0; 11
2.0, -4.0, -6.0; 1
3.0, -4.0, -6.0; 1
4.0, -4.0, -6.0; 4
5.0, -4.0, -6.0; 2
-8.0, -3.0, -6.0; 4
-7.0, -3.0, -6.0; 7
-6.0, -3.0, -6.0; 8
-5.0, -3.0, -6.0; 6
-4.0, -3.0, -6.0; 6
-3.0, -3.0, -6.0; 18
-2.0, -3.0, -6.0; 6
-1.0, -3.0, -6.0; 16
0.0, -3.0, -6.0; 55
1.0, -3.0, -6.0; 29
2.0, -3.0, -6.0; 3
3.0, -3.0, -6.0; 2
4.0, -3.0, -6.0; 2
5.0, -3.0, -6.0; 1
-8.0, -2.0, -6.0; 1
-7.0, -2.0, -6.0; 6
-6.0, -2.0, -6.0; 3
-5.0, -2.0, -6.0; 6
-4.0, -2.0, -6.0; 12
-3.0, -2.0, -6.0; 25
-2.0, -2.0, -6.0; 24
-1.0, -2.0, -6.0; 36
0.0, -2.0, -6.0; 35
1.0, -2.0, -6.0; 11
2.0, -2.0, -6.0; 5
4.0, -2.0, -6.0; 5
5.0, -2.0, -6.0; 1
6.0, -2.0, -6.0; 1
7.0, -2.0, -6.0; 2
-9.0, -1.0, -6.0; 2
-8.0, -1.0, -6.0; 2
-7.0, -1.0, -6.0; 9
-6.0, -1.0, -6.0; 16
-5.0, -1.0, -6.0; 1
-4.0, -1.0, -6.0; 7
-3.0, -1.0, -6.0; 9
-2.0, -1.0, -6.0; 47
-1.0, -1.0, -6.0; 39
0.0, -1.0, -6.0; 16
1.0, -1.0, -6.0; 9
3.0, -1.0, -6.0; 6
4.0, -1.0, -6.0; 3
6.0, -1.0, -6.0; 1
7.0, -1.0, -6.0; 1
-9.0, 0.0, -6.0; 1
-8.0, 0.0, -6.0; 3
-7.0, 0.0, -6.0; 8
-6.0, 0.0, -6.0; 13
-5.0, 0.0, -6.0; 3
-4.0, 0.0, -6.0; 2
-3.0, 0.0, -6.0; 11
-2.0, 0.0, -6.0; 37
-1.0, 0.0, -6.0; 21
0.0, 0.0, -6.0; 11
1.0, 0.0, -6.0; 2
2.0, 0.0, -6.0; 1
3.0, 0.0, -6.0; 7
4.0, 0.0, -6.0; 1
5.0, 0.0, -6.0; 2
6.0, 0.0, -6.0; 1
-9.0, 1.0, -6.0; 1
-8.0, 1.0, -6.0; 2
-7.0, 1.0, -6.0; 10
-6.0, 1.0, -6.0; 7
-5.0, 1.0, -6.0; 6
-3.0, 1.0, -6.0; 17
-2.0, 1.0, -6.0; 92
-1.0, 1.0, -6.0; 79
0.0, 1.0, -6.0; 15
1.0, 1.0, -6.0; 7
2.0, 1.0, -6.0; 5
3.0, 1.0, -6.0; 3
4.0, 1.0, -6.0; 1
5.0, 1.0, -6.0; 2
7.0, 1.0, -6.0; 2
-8.0, 2.0, -6.0; 4
-7.0, 2.0, -6.0; 9
-6.0, 2.0, -6.0; 1
-5.0, 2.0, -6.0; 7
-4.0, 2.0, -6.0; 15
-3.0, 2.0, -6.0; 9
-2.0, 2.0, -6.0; 15
-1.0, 2.0, -6.0; 44
0.0, 2.0, -6.0; 27
1.0, 2.0, -6.0; 6
2.0, 2.0, -6.0; 4
3.0, 2.0, -6.0; 1
4.0, 2.0, -6.0; 1
5.0, 2.0, -6.0; 1
6.0, 2.0, -6.0; 2
-8.0, 3.0, -6.0; 4
-7.0, 3.0, -6.0; 12
-6.0, 3.0, -6.0; 4
-5.0, 3.0, -6.0; 6
-4.0, 3.0, -6.0; 7
-3.0, 3.0, -6.0; 7
-2.0, 3.0, -6.0; 1
-1.0, 3.0, -6.0; 10
0.0, 3.0, -6.0; 2
1.0, 3.0, -6.0; 3
2.0, 3.0, -6.0; 8
3.0, 3.0, -6.0; 2
4.0, 3.0, -6.0; 3
5.0, 3.0, -6.0; 3
6.0, 3.0, -6.0; 1
7.0, 3.0, -6.0; 1
-8.0, 4.0, -6.0; 3
-7.0, 4.0, -6.0; 8
-6.0, 4.0, -6.0; 13
-5.0, 4.0, -6.0; 2
-4.0, 4.0, -6.0; 2
-3.0, 4.0, -6.0; 1
-2.0, 4.0, -6.0; 3
-1.0, 4.0, -6.0; 2
0.0, 4.0, -6.0; 1
1.0, 4.0, -6.0; 1
2.0, 4.0, -6.0; 4
3.0, 4.0, -6.0; 2
4.0, 4.0, -6.0; 1
5.0, 4.0, -6.0; 4
-7.0, 5.0, -6.0; 2
-6.0, 5.0, -6.0; 11
-5.0, 5.0, -6.0; 15
-4.0, 5.0, -6.0; 14
-3.0, 5.0, -6.0; 4
-2.0, 5.0, -6.0; 7
-1.0, 5.0, -6.0; 3
0.0, 5.0, -6.0; 1
1.0, 5.0, -6.0; 2
2.0, 5.0, -6.0; 3
3.0, 5.0, -6.0; 1
4.0, 5.0, -6.0; 2
5.0, 5.0, -6.0; 2
-6.0, 6.0, -6.0; 3
-5.0, 6.0, -6.0; 8
-4.0, 6.0, -6.0; 15
-3.0, 6.0, -6.0; 29
-2.0, 6.0, -6.0; 12
-1.0, 6.0, -6.0; 1
0.0, 6.0, -6.0; 4
1.0, 6.0, -6.0; 12
2.0, 6.0, -6.0; 4
3.0, 6.0, -6.0; 1
4.0, 6.0, -6.0; 2
-3.0, 7.0, -6.0; 7
-2.0, 7.0, -6.0; 6
-1.0, 7.0, -6.0; 9
0.0, 7.0, -6.0; 12
1.0, 7.0, -6.0; 6
2.0, 7.0, -6.0; 3
4.0, 7.0, -6.0; 1
-2.0, 8.0, -6.0; 2
-1.0, 8.0, -6.0; 3
0.0, 8.0, -6.0; 2
1.0, 8.0, -6.0; 2
-3.0, -9.0, -5.0; 4
-2.0, -9.0, -5.0; 9
-1.0, -9.0, -5.0; 11
0.0, -9.0, -5.0; 11
1.0, -9.0, -5.0; 9
2.0, -9.0, -5.0; 10
3.0, -9.0, -5.0; 5
-6.0, -8.0, -5.0; 1
-5.0, -8.0, -5.0; 4
-4.0, -8.0, -5.0; 9
-3.0, -8.0, -5.0; 31
-2.0, -8.0, -5.0; 668
-1.0, -8.0, -5.0; 1137
0.0, -8.0, -5.0; 89
1.0, -8.0, -5.0; 10
2.0, -8.0, -5.0; 12
3.0, -8.0, -5.0; 14
4.0, -8.0, -5.0; 9
5.0, -8.0, -5.0; 3
-7.0, -7.0, -5.0; 5
-6.0, -7.0, -5.0; 8
-5.0, -7.0, -5.0; 6
-4.0, -7.0, -5.0; 11
-3.0, -7.0, -5.0; 20
-2.0, -7.0, -5.0; 125
-1.0, -7.0, -5.0; 149
0.0, -7.0, -5.0; 34
1.0, -7.0, -5.0; 16
2.0, -7.0, -5.0; 5
3.0, -7.0, -5.0; 2
4.0, -7.0, -5.0; 5
5.0, -7.0, -5.0; 4
6.0, -7.0, -5.0; 1
-7.0, -6.0, -5.0; 7
-6.0, -6.0, -5.0; 6
-5.0, -6.0, -5.0; 9
-4.0, -6.0, -5.0; 3
-3.0, -6.0, -5.0; 6
-2.0, -6.0, -5.0; 9
-1.0, -6.0, -5.0; 4
0.0, -6.0, -5.0; 25
1.0, -6.0, -5.0; 20
2.0, -6.0, -5.0; 15
3.0, -6.0, -5.0; 8
6.0, -6.0, -5.0; 1
-8.0, -5.0, -5.0; 3
-7.0, -5.0, -5.0; 5
-6.0, -5.0, -5.0; 3
-5.0, -5.0, -5.0; 11
-4.0, -5.0, -5.0; 3
-3.0, -5.0, -5.0; 3
-2.0, -5.0, -5.0; 15
-1.0, -5.0, -5.0; 11
0.0, -5.0, -5.0; 23
1.0, -5.0, -5.0; 28
2.0, -5.0, -5.0; 4
3.0, -5.0, -5.0; 8
4.0, -5.0, -5.0; 4
5.0, -5.0, -5.0; 9
6.0, -5.0, -5.0; 3
-9.0, -4.0, -5.0; 1
-8.0, -4.0, -5.0; 7
-7.0, -4.0, -5.0; 6
-6.0, -4.0, -5.0; 8
-5.0, -4.0, -5.0; 16
-4.0, -4.0, -5.0; 12
-3.0, -4.0, -5.0; 84
-2.0, -4.0, -5.0; 208
-1.0, -4.0, -5.0; 83
0.0, -4.0, -5.0; 22
1.0, -4.0, -5.0; 148
2.0, -4.0, -5.0; 29
3.0, -4.0, -5.0; 8
4.0, -4.0, -5.0; 3
5.0, -4.0, -5.0; 2
6.0, -4.0, -5.0; 2
-9.0, -3.0, -5.0; 2
-8.0, -3.0, -5.0; 1
-7.0, -3.0, -5.0; 3
-6.0, -3.0, -5.0; 5
-5.0, -3.0, -5.0; 22
-4.0, -3.0, -5.0; 60
-3.0, -3.0, -5.0; 2228
-2.0, -3.0, -5.0; 1236
-1.0, -3.0, -5.0; 38
0.0, -3.0, -5.0; 126
1.0, -3.0, -5.0; 3612
2.0, -3.0, -5.0; 121
3.0, -3.0, -5.0; 1
4.0, -3.0, -5.0; 2
5.0, -3.0, -5.0; 3
6.0, -3.0, -5.0; 1
-9.0, -2.0, -5.0; 2
-8.0, -2.0, -5.0; 3
-7.0, -2.0, -5.0; 5
-6.0, -2.0, -5.0; 6
-5.0, -2.0, -5.0; 24
-4.0, -2.0, -5.0; 22
-3.0, -2.0, -5.0; 248
-2.0, -2.0, -5.0; 81
-1.0, -2.0, -5.0; 12
0.0, -2.0, -5.0; 84
1.0, -2.0, -5.0; 233
2.0, -2.0, -5.0; 27
3.0, -2.0, -5.0; 2
4.0, -2.0, -5.0; 3
6.0, -2.0, -5.0; 2
-9.0, -1.0, -5.0; 1
-8.0, -1.0, -5.0; 2
-7.0, -1.0, -5.0; 18
-6.0, -1.0, -5.0; 5
-5.0, -1.0, -5.0; 4
-4.0, -1.0, -5.0; 20
-3.0, -1.0, -5.0; 41
-2.0, -1.0, -5.0; 22
-1.0, -1.0, -5.0; 13
0.0, -1.0, -5.0; 6
1.0, -1.0, -5.0; 14
2.0, -1.0, -5.0; 4
3.0, -1.0, -5.0; 2
4.0, -1.0, -5.0; 3
5.0, -1.0, -5.0; 1
6.0, -1.0, -5.0; 1
7.0, -1.0, -5.0; 4
8.0, -1.0, -5.0; 1
-9.0, 0.0, -5.0; 3
-8.0, 0.0, -5.0; 2
-7.0, 0.0, -5.0; 18
-6.0, 0.0, -5.0; 1
-5.0, 0.0, -5.0; 2
-4.0, 0.0, -5.0; 18
-3.0, 0.0, -5.0; 45
-2.0, 0.0, -5.0; 39
-1.0, 0.0, -5.0; 20
0.0, 0.0, -5.0; 4
1.0, 0.0, -5.0; 1
3.0, 0.0, -5.0; 5
4.0, 0.0, -5.0; 1
5.0, 0.0, -5.0; 3
6.0, 0.0, -5.0; 1
7.0, 0.0, -5.0; 1
-9.0, 1.0, -5.0; 1
-8.0, 1.0, -5.0; 5
-7.0, 1.0, -5.0; 5
-6.0, 1.0, -5.0; 8
-5.0, 1.0, -5.0; 7
-4.0, 1.0, -5.0; 19
-3.0, 1.0, -5.0; 34
-2.0, 1.0, -5.0; 18
-1.0, 1.0, -5.0; 24
0.0, 1.0, -5.0; 14
1.0, 1.0, -5.0; 3
2.0, 1.0, -5.0; 5
3.0, 1.0, -5.0; 2
4.0, 1.0, -5.0; 3
5.0, 1.0, -5.0; 4
7.0, 1.0, -5.0; 2
-9.0, 2.0, -5.0; 1
-8.0, 2.0, -5.0; 6
-7.0, 2.0, -5.0; 2
-6.0, 2.0, -5.0; 15
-5.0, 2.0, -5.0; 27
-4.0, 2.0, -5.0; 15
-3.0, 2.0, -5.0; 19
-2.0, 2.0, -5.0; 16
-1.0, 2.0, -5.0; 80
0.0, 2.0, -5.0; 85
1.0, 2.0, -5.0; 18
2.0, 2.0, -5.0; 7
3.0, 2.0, -5.0; 1
5.0, 2.0, -5.0; 1
6.0, 2.0, -5.0; 3
7.0, 2.0, -5.0; 6
-8.0, 3.0, -5.0; 14
-7.0, 3.0, -5.0; 15
-6.0, 3.0, -5.0; 4
-5.0, 3.0, -5.0; 5
-4.0, 3.0, -5.0; 11
-3.0, 3.0, -5.0; 8
-2.0, 3.0, -5.0; 5
-1.0, 3.0, -5.0; 38
0.0, 3.0, -5.0; 81
1.0, 3.0, -5.0; 17
2.0, 3.0, -5.0; 2
3.0, 3.0, -5.0; 1
4.0, 3.0, -5.0; 1
5.0, 3.0, -5.0; 3
6.0, 3.0, -5.0; 1
7.0, 3.0, -5.0; 1
-8.0, 4.0, -5.0; 4
-7.0, 4.0, -5.0; 26
-6.0, 4.0, -5.0; 14
-5.0, 4.0, -5.0; 7
-4.0, 4.0, -5.0; 4
-3.0, 4.0, -5.0; 7
-2.0, 4.0, -5.0; 14
-1.0, 4.0, -5.0; 16
0.0, 4.0, -5.0; 2
1.0, 4.0, -5.0; 1
2.0, 4.0, -5.0; 5
3.0, 4.0, -5.0; 4
4.0, 4.0, -5.0; 4
5.0, 4.0, -5.0; 1
7.0, 4.0, -5.0; 1
-8.0, 5.0, -5.0; 1
-7.0, 5.0, -5.0; 14
-6.0, 5.0, -5.0; 16
-5.0, 5.0, -5.0; 14
-4.0, 5.0, -5.0; 8
-3.0, 5.0, -5.0; 7
-2.0, 5.0, -5.0; 2
-1.0, 5.0, -5.0; 4
0.0, 5.0, -5.0; 3
1.0, 5.0, -5.0; 2
2.0, 5.0, -5.0; 4
3.0, 5.0, -5.0; 2
4.0, 5.0, -5.0; 2
6.0, 5.0, -5.0; 2
-7.0, 6.0, -5.0; 3
-6.0, 6.0, -5.0; 11
-5.0, 6.0, -5.0; 14
-4.0, 6.0, -5.0; 18
-3.0, 6.0, -5.0; 15
-2.0, 6.0, -5.0; 6
-1.0, 6.0, -5.0; 1
0.0, 6.0, -5.0; 2
1.0, 6.0, -5.0; 7
2.0, 6.0, -5.0; 7
3.0, 6.0, -5.0; 4
4.0, 6.0, -5.0; 1
-6.0, 7.0, -5.0; 1
-5.0, 7.0, -5.0; 2
-4.0, 7.0, -5.0; 5
-3.0, 7.0, -5.0; 14
-2.0, 7.0, -5.0; 11
-1.0, 7.0, -5.0; 5
0.0, 7.0, -5.0; 8
1.0, 7.0, -5.0; 9
2.0, 7.0, -5.0; 11
3.0, 7.0, -5.0; 2
-3.0, 8.0, -5.0; 4
-2.0, 8.0, -5.0; 13
-1.0, 8.0, -5.0; 11
0.0, 8.0, -5.0; 8
1.0, 8.0, -5.0; 5
2.0, 8.0, -5.0; 2
0.0, 9.0, -5.0; 2
-2.0, -10.0, -4.0; 1
-1.0, -10.0, -4.0; 3
0.0, -10.0, -4.0; 5
1.0, -10.0, -4.0; 1
-5.0, -9.0, -4.0; 2
-4.0, -9.0, -4.0; 5
-3.0, -9.0, -4.0; 6
-2.0, -9.0, -4.0; 25
-1.0, -9.0, -4.0; 24
0.0, -9.0, -4.0; 12
1.0, -9.0, -4.0; 15
2.0, -9.0, -4.0; 6
3.0, -9.0, -4.0; 4
4.0, -9.0, -4.0; 1
-6.0, -8.0, -4.0; 4
-5.0, -8.0, -4.0; 7
-4.0, -8.0, -4.0; 8
-3.0, -8.0, -4.0; 15
-2.0, -8.0, -4.0; 61
-1.0, -8.0, -4.0; 131
0.0, -8.0, -4.0; 36
1.0, -8.0, -4.0; 13
2.0, -8.0, -4.0; 5
4.0, -8.0, -4.0; 9
5.0, -8.0, -4.0; 5
-7.0, -7.0, -4.0; 5
-6.0, -7.0, -4.0; 10
-5.0, -7.0, -4.0; 3
-4.0, -7.0, -4.0; 4
-3.0, -7.0, -4.0; 4
-2.0, -7.0, -4.0; 4
-1.0, -7.0, -4.0; 33
0.0, -7.0, -4.0; 34
1.0, -7.0, -4.0; 36
2.0, -7.0, -4.0; 13
3.0, -7.0, -4.0; 5
4.0, -7.0, -4.0; 2
5.0, -7.0, -4.0; 8
6.0, -7.0, -4.0; 2
-8.0, -6.0, -4.0; 2
-7.0, -6.0, -4.0; 8
-6.0, -6.0, -4.0; 4
-5.0, -6.0, -4.0; 2
-4.0, -6.0, -4.0; 4
-3.0, -6.0, -4.0; 3
-2.0, -6.0, -4.0; 5
-1.0, -6.0, -4.0; 12
0.0, -6.0, -4.0; 45
1.0, -6.0, -4.0; 201
2.0, -6.0, -4.0; 42
3.0, -6.0, -4.0; 6
4.0, -6.0, -4.0; 3
5.0, -6.0, -4.0; 7
6.0, -6.0, -4.0; 1
-9.0, -5.0, -4.0; 3
-8.0, -5.0, -4.0; 12
-7.0, -5.0, -4.0; 4
-6.0, -5.0, -4.0; 5
-5.0, -5.0, -4.0; 4
-4.0, -5.0, -4.0; 6
-3.0, -5.0, -4.0; 7
-2.0, -5.0, -4.0; 41
-1.0, -5.0, -4.0; 215
0.0, -5.0, -4.0; 65
1.0, -5.0, -4.0; 109
2.0, -5.0, -4.0; 73
3.0, -5.0, -4.0; 5
4.0, -5.0, -4.0; 3
5.0, -5.0, -4.0; 3
7.0, -5.0, -4.0; 2
-9.0, -4.0, -4.0; 2
-8.0, -4.0, -4.0; 5
-7.0, -4.0, -4.0; 5
-6.0, -4.0, -4.0; 5
-5.0, -4.0, -4.0; 10
-4.0, -4.0, -4.0; 40
-3.0, -4.0, -4.0; 28
-2.0, -4.0, -4.0; 34
-1.0, -4.0, -4.0; 64
0.0, -4.0, -4.0; 13
1.0, -4.0, -4.0; 141
2.0, -4.0, -4.0; 182
3.0, -4.0, -4.0; 18
4.0, -4.0, -4.0; 3
5.0, -4.0, -4.0; 1
-9.0, -3.0, -4.0; 5
-8.0, -3.0, -4.0; 5
-7.0, -3.0, -4.0; 10
-6.0, -3.0, -4.0; 13
-5.0, -3.0, -4.0; 14
-4.0, -3.0, -4.0; 98
-3.0, -3.0, -4.0; 63
0.0, -3.0, -4.0; 5
1.0, -3.0, -4.0; 1588
2.0, -3.0, -4.0; 604
3.0, -3.0, -4.0; 5
4.0, -3.0, -4.0; 2
5.0, -3.0, -4.0; 1
6.0, -3.0, -4.0; 1
-9.0, -2.0, -4.0; 5
-8.0, -2.0, -4.0; 8
-7.0, -2.0, -4.0; 7
-6.0, -2.0, -4.0; 4
-5.0, -2.0, -4.0; 8
-4.0, -2.0, -4.0; 18
-3.0, -2.0, -4.0; 22
-2.0, -2.0, -4.0; 1
0.0, -2.0, -4.0; 9
1.0, -2.0, -4.0; 23
2.0, -2.0, -4.0; 29
3.0, -2.0, -4.0; 3
4.0, -2.0, -4.0; 1
5.0, -2.0, -4.0; 2
6.0, -2.0, -4.0; 1
8.0, -2.0, -4.0; 2
-9.0, -1.0, -4.0; 4
-8.0, -1.0, -4.0; 5
-7.0, -1.0, -4.0; 33
-5.0, -1.0, -4.0; 8
-4.0, -1.0, -4.0; 7
-3.0, -1.0, -4.0; 1
1.0, -1.0, -4.0; 2
2.0, -1.0, -4.0; 3
4.0, -1.0, -4.0; 3
5.0, -1.0, -4.0; 1
6.0, -1.0, -4.0; 2
7.0, -1.0, -4.0; 1
-10.0, 0.0, -4.0; 1
-9.0, 0.0, -4.0; 1
-8.0, 0.0, -4.0; 2
-7.0, 0.0, -4.0; 16
-6.0, 0.0, -4.0; 6
-5.0, 0.0, -4.0; 17
-4.0, 0.0, -4.0; 20
-3.0, 0.0, -4.0; 1
1.0, 0.0, -4.0; 1
2.0, 0.0, -4.0; 1
4.0, 0.0, -4.0; 1
6.0, 0.0, -4.0; 1
7.0, 0.0, -4.0; 3
8.0, 0.0, -4.0; 1
-10.0, 1.0, -4.0; 1
-9.0, 1.0, -4.0; 5
-8.0, 1.0, -4.0; 7
-6.0, 1.0, -4.0; 18
-5.0, 1.0, -4.0; 27
-4.0, 1.0, -4.0; 25
2.0, 1.0, -4.0; 1
3.0, 1.0, -4.0; 2
4.0, 1.0, -4.0; 3
5.0, 1.0, -4.0; 5
-9.0, 2.0, -4.0; 3
-8.0, 2.0, -4.0; 10
-7.0, 2.0, -4.0; 5
-6.0, 2.0, -4.0; 31
-5.0, 2.0, -4.0; 17
-4.0, 2.0, -4.0; 28
-3.0, 2.0, -4.0; 2
-1.0, 2.0, -4.0; 1
0.0, 2.0, -4.0; 1
1.0, 2.0, -4.0; 6
2.0, 2.0, -4.0; 1
3.0, 2.0, -4.0; 3
4.0, 2.0, -4.0; 5
6.0, 2.0, -4.0; 1
7.0, 2.0, -4.0; 3
-9.0, 3.0, -4.0; 2
-8.0, 3.0, -4.0; 18
-7.0, 3.0, -4.0; 4
-6.0, 3.0, -4.0; 20
-5.0, 3.0, -4.0; 5
-4.0, 3.0, -4.0; 6
-3.0, 3.0, -4.0; 4
-1.0, 3.0, -4.0; 9
0.0, 3.0, -4.0; 64
1.0, 3.0, -4.0; 33
2.0, 3.0, -4.0; 4
3.0, 3.0, -4.0; 6
4.0, 3.0, -4.0; 3
6.0, 3.0, -4.0; 3
7.0, 3.0, -4.0; 4
-9.0, 4.0, -4.0; 3
-8.0, 4.0, -4.0; 18
-7.0, 4.0, -4.0; 27
-6.0, 4.0, -4.0; 6
-5.0, 4.0, -4.0; 1
-3.0, 4.0, -4.0; 4
-2.0, 4.0, -4.0; 24
-1.0, 4.0, -4.0; 43
0.0, 4.0, -4.0; 173
1.0, 4.0, -4.0; 46
2.0, 4.0, -4.0; 3
3.0, 4.0, -4.0; 4
4.0, 4.0, -4.0; 5
5.0, 4.0, -4.0; 1
6.0, 4.0, -4.0; 2
7.0, 4.0, -4.0; 1
-8.0, 5.0, -4.0; 3
-7.0, 5.0, -4.0; 16
-6.0, 5.0, -4.0; 7
-5.0, 5.0, -4.0; 8
-4.0, 5.0, -4.0; 1
-3.0, 5.0, -4.0; 1
-2.0, 5.0, -4.0; 51
-1.0, 5.0, -4.0; 145
0.0, 5.0, -4.0; 60
1.0, 5.0, -4.0; 8
2.0, 5.0, -4.0; 2
3.0, 5.0, -4.0; 5
4.0, 5.0, -4.0; 5
5.0, 5.0, -4.0; 1
6.0, 5.0, -4.0; 1
-7.0, 6.0, -4.0; 6
-6.0, 6.0, -4.0; 14
-5.0, 6.0, -4.0; 10
-4.0, 6.0, -4.0; 4
-3.0, 6.0, -4.0; 2
-1.0, 6.0, -4.0; 5
0.0, 6.0, -4.0; 7
1.0, 6.0, -4.0; 2
2.0, 6.0, -4.0; 4
3.0, 6.0, -4.0; 2
4.0, 6.0, -4.0; 4
-6.0, 7.0, -4.0; 1
-5.0, 7.0, -4.0; 7
-4.0, 7.0, -4.0; 13
-3.0, 7.0, -4.0; 9
-2.0, 7.0, -4.0; 8
-1.0, 7.0, -4.0; 3
0.0, 7.0, -4.0; 5
1.0, 7.0, -4.0; 14
2.0, 7.0, -4.0; 10
3.0, 7.0, -4.0; 7
4.0, 7.0, -4.0; 1
-5.0, 8.0, -4.0; 2
-4.0, 8.0, -4.0; 10
-3.0, 8.0, -4.0; 16
-2.0, 8.0, -4.0; 15
-1.0, 8.0, -4.0; 15
0.0, 8.0, -4.0; 12
1.0, 8.0, -4.0; 22
2.0, 8.0, -4.0; 10
3.0, 8.0, -4.0; 3
-3.0, 9.0, -4.0; 2
-2.0, 9.0, -4.0; 1
-1.0, 9.0, -4.0; 8
0.0, 9.0, -4.0; 13
1.0, 9.0, -4.0; 7
-4.0, -10.0, -3.0; 1
-3.0, -10.0, -3.0; 4
-2.0, -10.0, -3.0; 11
-1.0, -10.0, -3.0; 15
0.0, -10.0, -3.0; 14
1.0, -10.0, -3.0; 3
3.0, -10.0, -3.0; 1
-5.0, -9.0, -3.0; 6
-4.0, -9.0, -3.0; 7
-3.0, -9.0, -3.0; 10
-2.0, -9.0, -3.0; 21
-1.0, -9.0, -3.0; 32
0.0, -9.0, -3.0; 17
1.0, -9.0, -3.0; 14
2.0, -9.0, -3.0; 9
3.0, -9.0, -3.0; 4
4.0, -9.0, -3.0; 3
-7.0, -8.0, -3.0; 2
-6.0, -8.0, -3.0; 13
-5.0, -8.0, -3.0; 5
-4.0, -8.0, -3.0; 4
-3.0, -8.0, -3.0; 7
-2.0, -8.0, -3.0; 15
-1.0, -8.0, -3.0; 17
0.0, -8.0, -3.0; 20
1.0, -8.0, -3.0; 14
2.0, -8.0, -3.0; 8
3.0, -8.0, -3.0; 2
4.0, -8.0, -3.0; 7
5.0, -8.0, -3.0; 5
-8.0, -7.0, -3.0; 2
-7.0, -7.0, -3.0; 13
-6.0, -7.0, -3.0; 6
-5.0, -7.0, -3.0; 1
-4.0, -7.0, -3.0; 1
-3.0, -7.0, -3.0; 2
-1.0, -7.0, -3.0; 2
0.0, -7.0, -3.0; 76
1.0, -7.0, -3.0; 160
2.0, -7.0, -3.0; 11
3.0, -7.0, -3.0; 2
4.0, -7.0, -3.0; 3
5.0, -7.0, -3.0; 6
6.0, -7.0, -3.0; 1
-8.0, -6.0, -3.0; 10
-7.0, -6.0, -3.0; 15
-6.0, -6.0, -3.0; 1
-5.0, -6.0, -3.0; 1
-4.0, -6.0, -3.0; 2
-2.0, -6.0, -3.0; 5
-1.0, -6.0, -3.0; 73
0.0, -6.0, -3.0; 251
1.0, -6.0, -3.0; 3507
2.0, -6.0, -3.0; 231
3.0, -6.0, -3.0; 5
4.0, -6.0, -3.0; 4
5.0, -6.0, -3.0; 6
6.0, -6.0, -3.0; 5
7.0, -6.0, -3.0; 1
-9.0, -5.0, -3.0; 7
-8.0, -5.0, -3.0; 11
-7.0, -5.0, -3.0; 7
-6.0, -5.0, -3.0; 2
-5.0, -5.0, -3.0; 2
-4.0, -5.0, -3.0; 1
-2.0, -5.0, -3.0; 3
-1.0, -5.0, -3.0; 18
0.0, -5.0, -3.0; 74
1.0, -5.0, -3.0; 109
2.0, -5.0, -3.0; 166
3.0, -5.0, -3.0; 8
4.0, -5.0, -3.0; 7
5.0, -5.0, -3.0; 2
6.0, -5.0, -3.0; 3
-10.0, -4.0, -3.0; 1
-9.0, -4.0, -3.0; 9
-8.0, -4.0, -3.0; 5
-7.0, -4.0, -3.0; 8
-6.0, -4.0, -3.0; 7
-5.0, -4.0, -3.0; 10
-4.0, -4.0, -3.0; 2
-2.0, -4.0, -3.0; 1
1.0, -4.0, -3.0; 12
2.0, -4.0, -3.0; 74
3.0, -4.0, -3.0; 14
4.0, -4.0, -3.0; 2
5.0, -4.0, -3.0; 2
6.0, -4.0, -3.0; 1
7.0, -4.0, -3.0; 3
-10.0, -3.0, -3.0; 3
-9.0, -3.0, -3.0; 7
-8.0, -3.0, -3.0; 7
-7.0, -3.0, -3.0; 3
-6.0, -3.0, -3.0; 11
-5.0, -3.0, -3.0; 34
-4.0, -3.0, -3.0; 7
-3.0, -3.0, -3.0; 6
-2.0, -3.0, -3.0; 1
1.0, -3.0, -3.0; 2
2.0, -3.0, -3.0; 14
3.0, -3.0, -3.0; 3
5.0, -3.0, -3.0; 1
6.0, -3.0, -3.0; 1
-9.0, -2.0, -3.0; 3
-8.0, -2.0, -3.0; 5
-7.0, -2.0, -3.0; 10
-6.0, -2.0, -3.0; 7
-5.0, -2.0, -3.0; 12
-4.0, -2.0, -3.0; 1
-3.0, -2.0, -3.0; 3
2.0, -2.0, -3.0; 1
3.0, -2.0, -3.0; 2
6.0, -2.0, -3.0; 2
-9.0, -1.0, -3.0; 2
-8.0, -1.0, -3.0; 12
-7.0, -1.0, -3.0; 15
-6.0, -1.0, -3.0; 2
-5.0, -1.0, -3.0; 7
-4.0, -1.0, -3.0; 2
4.0, -1.0, -3.0; 1
5.0, -1.0, -3.0; 3
6.0, -1.0, -3.0; 3
-10.0, 0.0, -3.0; 1
-9.0, 0.0, -3.0; 1
-8.0, 0.0, -3.0; 3
-7.0, 0.0, -3.0; 2
-6.0, 0.0, -3.0; 16
-5.0, 0.0, -3.0; 15
3.0, 0.0, -3.0; 1
5.0, 0.0, -3.0; 5
6.0, 0.0, -3.0; 2
-10.0, 1.0, -3.0; 1
-9.0, 1.0, -3.0; 4
-8.0, 1.0, -3.0; 6
-7.0, 1.0, -3.0; 9
-6.0, 1.0, -3.0; 79
-5.0, 1.0, -3.0; 29
3.0, 1.0, -3.0; 2
4.0, 1.0, -3.0; 2
5.0, 1.0, -3.0; 5
7.0, 1.0, -3.0; 1
-10.0, 2.0, -3.0; 2
-9.0, 2.0, -3.0; 6
-8.0, 2.0, -3.0; 10
-7.0, 2.0, -3.0; 19
-6.0, 2.0, -3.0; 21
-5.0, 2.0, -3.0; 18
2.0, 2.0, -3.0; 1
4.0, 2.0, -3.0; 5
-9.0, 3.0, -3.0; 6
-8.0, 3.0, -3.0; 17
-7.0, 3.0, -3.0; 4
-6.0, 3.0, -3.0; 31
-5.0, 3.0, -3.0; 7
-4.0, 3.0, -3.0; 4
-3.0, 3.0, -3.0; 1
-1.0, 3.0, -3.0; 1
0.0, 3.0, -3.0; 1
1.0, 3.0, -3.0; 4
2.0, 3.0, -3.0; 3
3.0, 3.0, -3.0; 2
4.0, 3.0, -3.0; 14
5.0, 3.0, -3.0; 1
-9.0, 4.0, -3.0; 6
-8.0, 4.0, -3.0; 25
-7.0, 4.0, -3.0; 9
-6.0, 4.0, -3.0; 5
-5.0, 4.0, -3.0; 5
-4.0, 4.0, -3.0; 3
-3.0, 4.0, -3.0; 1
-1.0, 4.0, -3.0; 1
0.0, 4.0, -3.0; 92
1.0, 4.0, -3.0; 192
2.0, 4.0, -3.0; 15
3.0, 4.0, -3.0; 12
4.0, 4.0, -3.0; 10
5.0, 4.0, -3.0; 3
7.0, 4.0, -3.0; 3
-9.0, 5.0, -3.0; 1
-8.0, 5.0, -3.0; 5
-7.0, 5.0, -3.0; 17
-6.0, 5.0, -3.0; 3
-4.0, 5.0, -3.0; 2
-3.0, 5.0, -3.0; 3
-2.0, 5.0, -3.0; 15
-1.0, 5.0, -3.0; 98
0.0, 5.0, -3.0; 157
1.0, 5.0, -3.0; 60
2.0, 5.0, -3.0; 7
3.0, 5.0, -3.0; 7
4.0, 5.0, -3.0; 7
5.0, 5.0, -3.0; 4
6.0, 5.0, -3.0; 1
-8.0, 6.0, -3.0; 4
-7.0, 6.0, -3.0; 9
-6.0, 6.0, -3.0; 21
-5.0, 6.0, -3.0; 9
-4.0, 6.0, -3.0; 2
-2.0, 6.0, -3.0; 16
-1.0, 6.0, -3.0; 78
0.0, 6.0, -3.0; 68
1.0, 6.0, -3.0; 31
2.0, 6.0, -3.0; 3
3.0, 6.0, -3.0; 12
4.0, 6.0, -3.0; 2
5.0, 6.0, -3.0; 1
6.0, 6.0, -3.0; 1
-7.0, 7.0, -3.0; 1
-6.0, 7.0, -3.0; 11
-5.0, 7.0, -3.0; 6
-4.0, 7.0, -3.0; 5
-3.0, 7.0, -3.0; 1
-2.0, 7.0, -3.0; 4
0.0, 7.0, -3.0; 5
1.0, 7.0, -3.0; 16
2.0, 7.0, -3.0; 13
3.0, 7.0, -3.0; 13
5.0, 7.0, -3.0; 1
-5.0, 8.0, -3.0; 2
-4.0, 8.0, -3.0; 12
-3.0, 8.0, -3.0; 21
-2.0, 8.0, -3.0; 20
-1.0, 8.0, -3.0; 15
0.0, 8.0, -3.0; 22
1.0, 8.0, -3.0; 23
2.0, 8.0, -3.0; 16
3.0, 8.0, -3.0; 5
4.0, 8.0, -3.0; 1
-4.0, 9.0, -3.0; 1
-3.0, 9.0, -3.0; 6
-2.0, 9.0, -3.0; 10
-1.0, 9.0, -3.0; 19
0.0, 9.0, -3.0; 17
1.0, 9.0, -3.0; 16
2.0, 9.0, -3.0; 3
-3.0, -10.0, -2.0; 12
-2.0, -10.0, -2.0; 10
-1.0, -10.0, -2.0; 14
0.0, -10.0, -2.0; 12
1.0, -10.0, -2.0; 7
2.0, -10.0, -2.0; 6
3.0, -10.0, -2.0; 1
-6.0, -9.0, -2.0; 3
-5.0, -9.0, -2.0; 11
-4.0, -9.0, -2.0; 7
-3.0, -9.0, -2.0; 7
-2.0, -9.0, -2.0; 10
-1.0, -9.0, -2.0; 14
0.0, -9.0, -2.0; 16
1.0, -9.0, -2.0; 6
2.0, -9.0, -2.0; 14
3.0, -9.0, -2.0; 8
4.0, -9.0, -2.0; 2
-7.0, -8.0, -2.0; 8
-6.0, -8.0, -2.0; 6
-4.0, -8.0, -2.0; 3
-3.0, -8.0, -2.0; 6
-2.0, -8.0, -2.0; 11
-1.0, -8.0, -2.0; 17
0.0, -8.0, -2.0; 19
1.0, -8.0, -2.0; 9
2.0, -8.0, -2.0; 6
3.0, -8.0, -2.0; 6
4.0, -8.0, -2.0; 8
5.0, -8.0, -2.0; 2
6.0, -8.0, -2.0; 2
-8.0, -7.0, -2.0; 5
-7.0, -7.0, -2.0; 9
-6.0, -7.0, -2.0; 4
-5.0, -7.0, -2.0; 1
-3.0, -7.0, -2.0; 2
-1.0, -7.0, -2.0; 8
0.0, -7.0, -2.0; 99
1.0, -7.0, -2.0; 145
2.0, -7.0, -2.0; 12
3.0, -7.0, -2.0; 1
4.0, -7.0, -2.0; 1
5.0, -7.0, -2.0; 7
6.0, -7.0, -2.0; 2
-9.0, -6.0, -2.0; 1
-8.0, -6.0, -2.0; 14
-7.0, -6.0, -2.0; 1
-6.0, -6.0, -2.0; 4
-5.0, -6.0, -2.0; 2
-3.0, -6.0, -2.0; 1
-2.0, -6.0, -2.0; 1
-1.0, -6.0, -2.0; 27
0.0, -6.0, -2.0; 133
1.0, -6.0, -2.0; 1310
2.0, -6.0, -2.0; 138
3.0, -6.0, -2.0; 3
4.0, -6.0, -2.0; 2
5.0, -6.0, -2.0; 3
6.0, -6.0, -2.0; 2
7.0, -6.0, -2.0; 2
-9.0, -5.0, -2.0; 11
-8.0, -5.0, -2.0; 15
-7.0, -5.0, -2.0; 8
-6.0, -5.0, -2.0; 4
-4.0, -5.0, -2.0; 1
-1.0, -5.0, -2.0; 1
0.0, -5.0, -2.0; 9
1.0, -5.0, -2.0; 11
2.0, -5.0, -2.0; 125
3.0, -5.0, -2.0; 13
4.0, -5.0, -2.0; 4
5.0, -5.0, -2.0; 2
-9.0, -4.0, -2.0; 12
-8.0, -4.0, -2.0; 9
-7.0, -4.0, -2.0; 14
-6.0, -4.0, -2.0; 4
-5.0, -4.0, -2.0; 3
-4.0, -4.0, -2.0; 1
2.0, -4.0, -2.0; 23
3.0, -4.0, -2.0; 17
5.0, -4.0, -2.0; 1
6.0, -4.0, -2.0; 3
-10.0, -3.0, -2.0; 2
-9.0, -3.0, -2.0; 2
-8.0, -3.0, -2.0; 4
-7.0, -3.0, -2.0; 9
-6.0, -3.0, -2.0; 13
-5.0, -3.0, -2.0; 15
-4.0, -3.0, -2.0; 1
4.0, -3.0, -2.0; 1
6.0, -3.0, -2.0; 4
7.0, -3.0, -2.0; 1
-10.0, -2.0, -2.0; 1
-9.0, -2.0, -2.0; 9
-8.0, -2.0, -2.0; 9
-7.0, -2.0, -2.0; 4
-6.0, -2.0, -2.0; 13
-5.0, -2.0, -2.0; 1
-4.0, -2.0, -2.0; 1
3.0, -2.0, -2.0; 1
4.0, -2.0, -2.0; 1
6.0, -2.0, -2.0; 1
7.0, -2.0, -2.0; 1
-10.0, -1.0, -2.0; 2
-9.0, -1.0, -2.0; 5
-8.0, -1.0, -2.0; 13
-7.0, -1.0, -2.0; 6
-6.0, -1.0, -2.0; 3
-5.0, -1.0, -2.0; 3
6.0, -1.0, -2.0; 4
7.0, -1.0, -2.0; 1
9.0, -1.0, -2.0; 1
-10.0, 0.0, -2.0; 1
-9.0, 0.0, -2.0; 2
-8.0, 0.0, -2.0; 5
-7.0, 0.0, -2.0; 1
-6.0, 0.0, -2.0; 23
-5.0, 0.0, -2.0; 8
4.0, 0.0, -2.0; 1
5.0, 0.0, -2.0; 2
6.0, 0.0, -2.0; 2
7.0, 0.0, -2.0; 2
9.0, 0.0, -2.0; 1
-10.0, 1.0, -2.0; 2
-9.0, 1.0, -2.0; 4
-8.0, 1.0, -2.0; 8
-7.0, 1.0, -2.0; 3
-6.0, 1.0, -2.0; 715
-5.0, 1.0, -2.0; 84
4.0, 1.0, -2.0; 2
6.0, 1.0, -2.0; 2
7.0, 1.0, -2.0; 1
-10.0, 2.0, -2.0; 2
-9.0, 2.0, -2.0; 7
-8.0, 2.0, -2.0; 5
-7.0, 2.0, -2.0; 12
-6.0, 2.0, -2.0; 50
-5.0, 2.0, -2.0; 42
-4.0, 2.0, -2.0; 2
4.0, 2.0, -2.0; 1
5.0, 2.0, -2.0; 1
6.0, 2.0, -2.0; 1
-9.0, 3.0, -2.0; 4
-8.0, 3.0, -2.0; 13
-7.0, 3.0, -2.0; 8
-6.0, 3.0, -2.0; 41
-5.0, 3.0, -2.0; 11
3.0, 3.0, -2.0; 1
4.0, 3.0, -2.0; 7
5.0, 3.0, -2.0; 1
6.0, 3.0, -2.0; 2
7.0, 3.0, -2.0; 1
-9.0, 4.0, -2.0; 6
-8.0, 4.0, -2.0; 27
-7.0, 4.0, -2.0; 12
-6.0, 4.0, -2.0; 13
-5.0, 4.0, -2.0; 15
-4.0, 4.0, -2.0; 1
-3.0, 4.0, -2.0; 1
0.0, 4.0, -2.0; 5
1.0, 4.0, -2.0; 54
2.0, 4.0, -2.0; 30
3.0, 4.0, -2.0; 9
4.0, 4.0, -2.0; 10
5.0, 4.0, -2.0; 6
-9.0, 5.0, -2.0; 2
-8.0, 5.0, -2.0; 18
-7.0, 5.0, -2.0; 17
-6.0, 5.0, -2.0; 3
-5.0, 5.0, -2.0; 5
-4.0, 5.0, -2.0; 4
-3.0, 5.0, -2.0; 3
-2.0, 5.0, -2.0; 4
-1.0, 5.0, -2.0; 11
0.0, 5.0, -2.0; 82
1.0, 5.0, -2.0; 106
2.0, 5.0, -2.0; 23
3.0, 5.0, -2.0; 22
4.0, 5.0, -2.0; 9
5.0, 5.0, -2.0; 4
6.0, 5.0, -2.0; 2
7.0, 5.0, -2.0; 2
-8.0, 6.0, -2.0; 3
-7.0, 6.0, -2.0; 23
-6.0, 6.0, -2.0; 34
-5.0, 6.0, -2.0; 11
-4.0, 6.0, -2.0; 1
-3.0, 6.0, -2.0; 4
-2.0, 6.0, -2.0; 29
-1.0, 6.0, -2.0; 81
0.0, 6.0, -2.0; 160
1.0, 6.0, -2.0; 69
2.0, 6.0, -2.0; 2
3.0, 6.0, -2.0; 6
4.0, 6.0, -2.0; 4
5.0, 6.0, -2.0; 1
6.0, 6.0, -2.0; 1
-7.0, 7.0, -2.0; 3
-6.0, 7.0, -2.0; 9
-5.0, 7.0, -2.0; 33
-4.0, 7.0, -2.0; 16
-3.0, 7.0, -2.0; 4
-2.0, 7.0, -2.0; 2
-1.0, 7.0, -2.0; 5
0.0, 7.0, -2.0; 2
1.0, 7.0, -2.0; 9
2.0, 7.0, -2.0; 14
3.0, 7.0, -2.0; 7
4.0, 7.0, -2.0; 2
5.0, 7.0, -2.0; 1
-6.0, 8.0, -2.0; 3
-5.0, 8.0, -2.0; 22
-4.0, 8.0, -2.0; 19
-3.0, 8.0, -2.0; 17
-2.0, 8.0, -2.0; 13
-1.0, 8.0, -2.0; 19
0.0, 8.0, -2.0; 22
1.0, 8.0, -2.0; 15
2.0, 8.0, -2.0; 18
3.0, 8.0, -2.0; 9
4.0, 8.0, -2.0; 3
-4.0, 9.0, -2.0; 2
-3.0, 9.0, -2.0; 7
-2.0, 9.0, -2.0; 9
-1.0, 9.0, -2.0; 12
0.0, 9.0, -2.0; 28
1.0, 9.0, -2.0; 27
2.0, 9.0, -2.0; 6
3.0, 9.0, -2.0; 2
-4.0, -10.0, -1.0; 11
-3.0, -10.0, -1.0; 20
-2.0, -10.0, -1.0; 16
-1.0, -10.0, -1.0; 25
0.0, -10.0, -1.0; 23
1.0, -10.0, -1.0; 16
2.0, -10.0, -1.0; 3
-6.0, -9.0, -1.0; 6
-5.0, -9.0, -1.0; 18
-4.0, -9.0, -1.0; 15
-3.0, -9.0, -1.0; 5
-2.0, -9.0, -1.0; 12
-1.0, -9.0, -1.0; 13
0.0, -9.0, -1.0; 10
1.0, -9.0, -1.0; 10
2.0, -9.0, -1.0; 9
3.0, -9.0, -1.0; 7
4.0, -9.0, -1.0; 2
5.0, -9.0, -1.0; 1
-7.0, -8.0, -1.0; 16
-6.0, -8.0, -1.0; 8
-5.0, -8.0, -1.0; 4
-4.0, -8.0, -1.0; 2
-3.0, -8.0, -1.0; 2
-2.0, -8.0, -1.0; 12
-1.0, -8.0, -1.0; 32
0.0, -8.0, -1.0; 18
1.0, -8.0, -1.0; 18
2.0, -8.0, -1.0; 3
3.0, -8.0, -1.0; 7
4.0, -8.0, -1.0; 6
5.0, -8.0, -1.0; 4
6.0, -8.0, -1.0; 3
7.0, -8.0, -1.0; 1
-8.0, -7.0, -1.0; 10
-7.0, -7.0, -1.0; 16
-6.0, -7.0, -1.0; 2
-5.0, -7.0, -1.0; 1
-2.0, -7.0, -1.0; 23
-1.0, -7.0, -1.0; 157
0.0, -7.0, -1.0; 270
1.0, -7.0, -1.0; 84
2.0, -7.0, -1.0; 11
3.0, -7.0, -1.0; 6
4.0, -7.0, -1.0; 18
5.0, -7.0, -1.0; 5
6.0, -7.0, -1.0; 2
-9.0, -6.0, -1.0; 3
-8.0, -6.0, -1.0; 13
-7.0, -6.0, -1.0; 14
-6.0, -6.0, -1.0; 2
-3.0, -6.0, -1.0; 3
-2.0, -6.0, -1.0; 8
-1.0, -6.0, -1.0; 26
0.0, -6.0, -1.0; 64
1.0, -6.0, -1.0; 67
2.0, -6.0, -1.0; 26
3.0, -6.0, -1.0; 8
4.0, -6.0, -1.0; 5
5.0, -6.0, -1.0; 10
6.0, -6.0, -1.0; 1
-9.0, -5.0, -1.0; 17
-8.0, -5.0, -1.0; 18
-7.0, -5.0, -1.0; 12
-6.0, -5.0, -1.0; 7
-4.0, -5.0, -1.0; 1
-2.0, -5.0, -1.0; 3
-1.0, -5.0, -1.0; 1
1.0, -5.0, -1.0; 5
2.0, -5.0, -1.0; 67
3.0, -5.0, -1.0; 11
4.0, -5.0, -1.0; 5
5.0, -5.0, -1.0; 2
6.0, -5.0, -1.0; 2
-10.0, -4.0, -1.0; 3
-9.0, -4.0, -1.0; 12
-8.0, -4.0, -1.0; 7
-7.0, -4.0, -1.0; 15
-6.0, -4.0, -1.0; 6
-5.0, -4.0, -1.0; 2
2.0, -4.0, -1.0; 6
3.0, -4.0, -1.0; 7
5.0, -4.0, -1.0; 1
6.0, -4.0, -1.0; 1
7.0, -4.0, -1.0; 1
9.0, -4.0, -1.0; 1
-10.0, -3.0, -1.0; 3
-9.0, -3.0, -1.0; 12
-8.0, -3.0, -1.0; 7
-7.0, -3.0, -1.0; 7
-6.0, -3.0, -1.0; 11
-5.0, -3.0, -1.0; 6
4.0, -3.0, -1.0; 1
5.0, -3.0, -1.0; 2
6.0, -3.0, -1.0; 1
7.0, -3.0, -1.0; 1
-10.0, -2.0, -1.0; 4
-9.0, -2.0, -1.0; 5
-8.0, -2.0, -1.0; 2
-7.0, -2.0, -1.0; 9
-6.0, -2.0, -1.0; 9
4.0, -2.0, -1.0; 1
7.0, -2.0, -1.0; 1
8.0, -2.0, -1.0; 1
-10.0, -1.0, -1.0; 3
-9.0, -1.0, -1.0; 5
-8.0, -1.0, -1.0; 3
-7.0, -1.0, -1.0; 3
-6.0, -1.0, -1.0; 4
-5.0, -1.0, -1.0; 1
6.0, -1.0, -1.0; 1
-10.0, 0.0, -1.0; 9
-9.0, 0.0, -1.0; 2
-8.0, 0.0, -1.0; 2
-7.0, 0.0, -1.0; 2
-6.0, 0.0, -1.0; 27
-5.0, 0.0, -1.0; 3
4.0, 0.0, -1.0; 1
5.0, 0.0, -1.0; 1
6.0, 0.0, -1.0; 1
-10.0, 1.0, -1.0; 6
-9.0, 1.0, -1.0; 4
-8.0, 1.0, -1.0; 6
-7.0, 1.0, -1.0; 1
-6.0, 1.0, -1.0; 1874
-5.0, 1.0, -1.0; 184
4.0, 1.0, -1.0; 1
5.0, 1.0, -1.0; 2
6.0, 1.0, -1.0; 3
7.0, 1.0, -1.0; 1
-10.0, 2.0, -1.0; 5
-9.0, 2.0, -1.0; 6
-8.0, 2.0, -1.0; 6
-7.0, 2.0, -1.0; 6
-6.0, 2.0, -1.0; 165
-5.0, 2.0, -1.0; 124
-4.0, 2.0, -1.0; 1
3.0, 2.0, -1.0; 1
4.0, 2.0, -1.0; 4
5.0, 2.0, -1.0; 1
6.0, 2.0, -1.0; 1
7.0, 2.0, -1.0; 1
-10.0, 3.0, -1.0; 1
-9.0, 3.0, -1.0; 12
-8.0, 3.0, -1.0; 7
-7.0, 3.0, -1.0; 13
-6.0, 3.0, -1.0; 32
-5.0, 3.0, -1.0; 15
-3.0, 3.0, -1.0; 1
2.0, 3.0, -1.0; 1
3.0, 3.0, -1.0; 3
4.0, 3.0, -1.0; 3
5.0, 3.0, -1.0; 3
6.0, 3.0, -1.0; 2
7.0, 3.0, -1.0; 2
-9.0, 4.0, -1.0; 8
-8.0, 4.0, -1.0; 17
-7.0, 4.0, -1.0; 12
-6.0, 4.0, -1.0; 28
-5.0, 4.0, -1.0; 37
-2.0, 4.0, -1.0; 1
1.0, 4.0, -1.0; 11
2.0, 4.0, -1.0; 16
3.0, 4.0, -1.0; 4
4.0, 4.0, -1.0; 17
5.0, 4.0, -1.0; 1
6.0, 4.0, -1.0; 1
7.0, 4.0, -1.0; 1
-9.0, 5.0, -1.0; 2
-8.0, 5.0, -1.0; 11
-7.0, 5.0, -1.0; 27
-6.0, 5.0, -1.0; 8
-5.0, 5.0, -1.0; 13
-4.0, 5.0, -1.0; 31
-3.0, 5.0, -1.0; 6
-2.0, 5.0, -1.0; 3
-1.0, 5.0, -1.0; 7
0.0, 5.0, -1.0; 53
1.0, 5.0, -1.0; 78
2.0, 5.0, -1.0; 20
3.0, 5.0, -1.0; 16
4.0, 5.0, -1.0; 11
6.0, 5.0, -1.0; 2
7.0, 5.0, -1.0; 3
-8.0, 6.0, -1.0; 2
-7.0, 6.0, -1.0; 109
-6.0, 6.0, -1.0; 638
-5.0, 6.0, -1.0; 61
-4.0, 6.0, -1.0; 10
-3.0, 6.0, -1.0; 18
-2.0, 6.0, -1.0; 48
-1.0, 6.0, -1.0; 131
0.0, 6.0, -1.0; 283
1.0, 6.0, -1.0; 82
2.0, 6.0, -1.0; 8
3.0, 6.0, -1.0; 16
4.0, 6.0, -1.0; 5
5.0, 6.0, -1.0; 1
6.0, 6.0, -1.0; 1
-7.0, 7.0, -1.0; 5
-6.0, 7.0, -1.0; 59
-5.0, 7.0, -1.0; 119
-4.0, 7.0, -1.0; 34
-3.0, 7.0, -1.0; 10
-2.0, 7.0, -1.0; 8
-1.0, 7.0, -1.0; 23
0.0, 7.0, -1.0; 20
1.0, 7.0, -1.0; 7
2.0, 7.0, -1.0; 15
3.0, 7.0, -1.0; 15
4.0, 7.0, -1.0; 1
5.0, 7.0, -1.0; 1
6.0, 7.0, -1.0; 1
-6.0, 8.0, -1.0; 5
-5.0, 8.0, -1.0; 14
-4.0, 8.0, -1.0; 16
-3.0, 8.0, -1.0; 10
-2.0, 8.0, -1.0; 12
-1.0, 8.0, -1.0; 21
0.0, 8.0, -1.0; 27
1.0, 8.0, -1.0; 21
2.0, 8.0, -1.0; 16
3.0, 8.0, -1.0; 6
4.0, 8.0, -1.0; 1
5.0, 8.0, -1.0; 2
-4.0, 9.0, -1.0; 4
-3.0, 9.0, -1.0; 10
-2.0, 9.0, -1.0; 9
-1.0, 9.0, -1.0; 22
0.0, 9.0, -1.0; 18
1.0, 9.0, -1.0; 16
2.0, 9.0, -1.0; 10
-4.0, -10.0, 0.0; 8
-3.0, -10.0, 0.0; 25
-2.0, -10.0, 0.0; 24
-1.0, -10.0, 0.0; 24
0.0, -10.0, 0.0; 6
1.0, -10.0, 0.0; 10
2.0, -10.0, 0.0; 5
-6.0, -9.0, 0.0; 12
-5.0, -9.0, 0.0; 17
-4.0, -9.0, 0.0; 18
-3.0, -9.0, 0.0; 14
-2.0, -9.0, 0.0; 7
-1.0, -9.0, 0.0; 7
0.0, -9.0, 0.0; 16
1.0, -9.0, 0.0; 17
2.0, -9.0, 0.0; 9
3.0, -9.0, 0.0; 2
4.0, -9.0, 0.0; 1
-7.0, -8.0, 0.0; 11
-6.0, -8.0, 0.0; 14
-5.0, -8.0, 0.0; 9
-4.0, -8.0, 0.0; 1
-3.0, -8.0, 0.0; 3
-2.0, -8.0, 0.0; 26
-1.0, -8.0, 0.0; 20
0.0, -8.0, 0.0; 12
1.0, -8.0, 0.0; 13
2.0, -8.0, 0.0; 16
3.0, -8.0, 0.0; 10
4.0, -8.0, 0.0; 3
5.0, -8.0, 0.0; 1
6.0, -8.0, 0.0; 1
-8.0, -7.0, 0.0; 7
-7.0, -7.0, 0.0; 20
-6.0, -7.0, 0.0; 6
-5.0, -7.0, 0.0; 2
-4.0, -7.0, 0.0; 13
-3.0, -7.0, 0.0; 26
-2.0, -7.0, 0.0; 112
-1.0, -7.0, 0.0; 321
0.0, -7.0, 0.0; 288
1.0, -7.0, 0.0; 35
2.0, -7.0, 0.0; 21
3.0, -7.0, 0.0; 18
4.0, -7.0, 0.0; 16
5.0, -7.0, 0.0; 1
6.0, -7.0, 0.0; 1
-8.0, -6.0, 0.0; 15
-7.0, -6.0, 0.0; 21
-6.0, -6.0, 0.0; 7
-5.0, -6.0, 0.0; 23
-4.0, -6.0, 0.0; 11
-3.0, -6.0, 0.0; 25
-2.0, -6.0, 0.0; 91
-1.0, -6.0, 0.0; 52
0.0, -6.0, 0.0; 54
1.0, -6.0, 0.0; 28
2.0, -6.0, 0.0; 28
3.0, -6.0, 0.0; 6
4.0, -6.0, 0.0; 25
5.0, -6.0, 0.0; 4
6.0, -6.0, 0.0; 2
7.0, -6.0, 0.0; 2
8.0, -6.0, 0.0; 1
-10.0, -5.0, 0.0; 1
-9.0, -5.0, 0.0; 8
-8.0, -5.0, 0.0; 14
-7.0, -5.0, 0.0; 13
-6.0, -5.0, 0.0; 39
-5.0, -5.0, 0.0; 6
-4.0, -5.0, 0.0; 7
-3.0, -5.0, 0.0; 10
-1.0, -5.0, 0.0; 4
0.0, -5.0, 0.0; 2
1.0, -5.0, 0.0; 1
2.0, -5.0, 0.0; 41
3.0, -5.0, 0.0; 4
4.0, -5.0, 0.0; 5
5.0, -5.0, 0.0; 8
6.0, -5.0, 0.0; 2
7.0, -5.0, 0.0; 2
-10.0, -4.0, 0.0; 1
-9.0, -4.0, 0.0; 15
-8.0, -4.0, 0.0; 12
-7.0, -4.0, 0.0; 13
-6.0, -4.0, 0.0; 21
-5.0, -4.0, 0.0; 6
-3.0, -4.0, 0.0; 1
1.0, -4.0, 0.0; 1
2.0, -4.0, 0.0; 6
3.0, -4.0, 0.0; 3
4.0, -4.0, 0.0; 1
5.0, -4.0, 0.0; 1
-10.0, -3.0, 0.0; 5
-9.0, -3.0, 0.0; 8
-8.0, -3.0, 0.0; 9
-7.0, -3.0, 0.0; 6
-6.0, -3.0, 0.0; 10
-5.0, -3.0, 0.0; 6
3.0, -3.0, 0.0; 1
4.0, -3.0, 0.0; 2
-10.0, -2.0, 0.0; 5
-9.0, -2.0, 0.0; 5
-8.0, -2.0, 0.0; 4
-7.0, -2.0, 0.0; 7
-6.0, -2.0, 0.0; 5
4.0, -2.0, 0.0; 2
5.0, -2.0, 0.0; 1
6.0, -2.0, 0.0; 1
7.0, -2.0, 0.0; 1
-10.0, -1.0, 0.0; 11
-9.0, -1.0, 0.0; 3
-8.0, -1.0, 0.0; 5
-7.0, -1.0, 0.0; 7
-6.0, -1.0, 0.0; 9
-5.0, -1.0, 0.0; 1
4.0, -1.0, 0.0; 1
5.0, -1.0, 0.0; 3
6.0, -1.0, 0.0; 1
7.0, -1.0, 0.0; 1
-10.0, 0.0, 0.0; 4
-9.0, 0.0, 0.0; 6
-8.0, 0.0, 0.0; 7
-7.0, 0.0, 0.0; 4
-6.0, 0.0, 0.0; 8
-5.0, 0.0, 0.0; 2
-4.0, 0.0, 0.0; 1
4.0
18.8110638298
