6.0, 0.0, 0.0; 1
-10.0, 1.0, 0.0; 2
-9.0, 1.0, 0.0; 11
-8.0, 1.0, 0.0; 2
-7.0, 1.0, 0.0; 3
-6.0, 1.0, 0.0; 44
-5.0, 1.0, 0.0; 11
5.0, 1.0, 0.0; 1
6.0, 1.0, 0.0; 2
9.0, 1.0, 0.0; 1
-9.0, 2.0, 0.0; 7
-8.0, 2.0, 0.0; 1
-7.0, 2.0, 0.0; 2
-6.0, 2.0, 0.0; 24
-5.0, 2.0, 0.0; 50
8.0, 2.0, 0.0; 1
-10.0, 3.0, 0.0; 1
-9.0, 3.0, 0.0; 8
-8.0, 3.0, 0.0; 5
-7.0, 3.0, 0.0; 5
-6.0, 3.0, 0.0; 21
-5.0, 3.0, 0.0; 21
-4.0, 3.0, 0.0; 2
-9.0, 4.0, 0.0; 6
-8.0, 4.0, 0.0; 13
-7.0, 4.0, 0.0; 2
-6.0, 4.0, 0.0; 11
-5.0, 4.0, 0.0; 31
-4.0, 4.0, 0.0; 5
0.0, 4.0, 0.0; 1
1.0, 4.0, 0.0; 5
2.0, 4.0, 0.0; 6
3.0, 4.0, 0.0; 6
4.0, 4.0, 0.0; 4
5.0, 4.0, 0.0; 1
8.0, 4.0, 0.0; 1
-8.0, 5.0, 0.0; 7
-7.0, 5.0, 0.0; 13
-6.0, 5.0, 0.0; 5
-5.0, 5.0, 0.0; 13
-4.0, 5.0, 0.0; 35
-3.0, 5.0, 0.0; 22
-2.0, 5.0, 0.0; 6
-1.0, 5.0, 0.0; 21
0.0, 5.0, 0.0; 13
1.0, 5.0, 0.0; 14
2.0, 5.0, 0.0; 5
3.0, 5.0, 0.0; 2
4.0, 5.0, 0.0; 6
5.0, 5.0, 0.0; 1
6.0, 5.0, 0.0; 2
7.0, 5.0, 0.0; 1
-8.0, 6.0, 0.0; 5
-7.0, 6.0, 0.0; 30
-6.0, 6.0, 0.0; 167
-5.0, 6.0, 0.0; 56
-4.0, 6.0, 0.0; 9
-3.0, 6.0, 0.0; 21
-2.0, 6.0, 0.0; 24
-1.0, 6.0, 0.0; 58
0.0, 6.0, 0.0; 68
1.0, 6.0, 0.0; 15
4.0, 6.0, 0.0; 1
5.0, 6.0, 0.0; 2
6.0, 6.0, 0.0; 1
-7.0, 7.0, 0.0; 1
-6.0, 7.0, 0.0; 17
-5.0, 7.0, 0.0; 29
-4.0, 7.0, 0.0; 7
-3.0, 7.0, 0.0; 2
-2.0, 7.0, 0.0; 9
-1.0, 7.0, 0.0; 27
0.0, 7.0, 0.0; 19
1.0, 7.0, 0.0; 3
2.0, 7.0, 0.0; 5
3.0, 7.0, 0.0; 2
4.0, 7.0, 0.0; 2
5.0, 7.0, 0.0; 1
-6.0, 8.0, 0.0; 2
-5.0, 8.0, 0.0; 7
-4.0, 8.0, 0.0; 5
-3.0, 8.0, 0.0; 5
-2.0, 8.0, 0.0; 2
-1.0, 8.0, 0.0; 10
0.0, 8.0, 0.0; 7
1.0, 8.0, 0.0; 9
2.0, 8.0, 0.0; 1
3.0, 8.0, 0.0; 1
4.0, 8.0, 0.0; 1
-4.0, 9.0, 0.0; 2
-3.0, 9.0, 0.0; 7
-2.0, 9.0, 0.0; 20
-1.0, 9.0, 0.0; 14
0.0, 9.0, 0.0; 14
1.0, 9.0, 0.0; 7
2.0, 9.0, 0.0; 2
-4.0, -10.0, 1.0; 1
-3.0, -10.0, 1.0; 3
-2.0, -10.0, 1.0; 3
-1.0, -10.0, 1.0; 7
0.0, -10.0, 1.0; 4
1.0, -10.0, 1.0; 3
2.0, -10.0, 1.0; 2
-6.0, -9.0, 1.0; 1
-5.0, -9.0, 1.0; 9
-4.0, -9.0, 1.0; 11
-3.0, -9.0, 1.0; 3
-2.0, -9.0, 1.0; 4
-1.0, -9.0, 1.0; 4
0.0, -9.0, 1.0; 7
1.0, -9.0, 1.0; 3
2.0, -9.0, 1.0; 2
3.0, -9.0, 1.0; 1
4.0, -9.0, 1.0; 1
5.0, -9.0, 1.0; 1
-7.0, -8.0, 1.0; 1
-6.0, -8.0, 1.0; 6
-5.0, -8.0, 1.0; 3
-4.0, -8.0, 1.0; 2
-3.0, -8.0, 1.0; 1
-2.0, -8.0, 1.0; 3
0.0, -8.0, 1.0; 4
2.0, -8.0, 1.0; 4
3.0, -8.0, 1.0; 4
5.0, -8.0, 1.0; 1
-7.0, -7.0, 1.0; 6
-6.0, -7.0, 1.0; 4
-4.0, -7.0, 1.0; 23
-3.0, -7.0, 1.0; 39
-2.0, -7.0, 1.0; 63
-1.0, -7.0, 1.0; 54
0.0, -7.0, 1.0; 15
1.0, -7.0, 1.0; 1
2.0, -7.0, 1.0; 2
3.0, -7.0, 1.0; 4
4.0, -7.0, 1.0; 1
5.0, -7.0, 1.0; 1
6.0, -7.0, 1.0; 3
-8.0, -6.0, 1.0; 4
-7.0, -6.0, 1.0; 2
-6.0, -6.0, 1.0; 1
-5.0, -6.0, 1.0; 27
-4.0, -6.0, 1.0; 48
-3.0, -6.0, 1.0; 11
-2.0, -6.0, 1.0; 12
-1.0, -6.0, 1.0; 18
0.0, -6.0, 1.0; 6
1.0, -6.0, 1.0; 8
2.0, -6.0, 1.0; 4
3.0, -6.0, 1.0; 2
5.0, -6.0, 1.0; 2
7.0, -6.0, 1.0; 2
-9.0, -5.0, 1.0; 3
-8.0, -5.0, 1.0; 16
-7.0, -5.0, 1.0; 4
-6.0, -5.0, 1.0; 25
-5.0, -5.0, 1.0; 26
-4.0, -5.0, 1.0; 1
-3.0, -5.0, 1.0; 15
-2.0, -5.0, 1.0; 5
1.0, -5.0, 1.0; 4
2.0, -5.0, 1.0; 6
3.0, -5.0, 1.0; 2
7.0, -5.0, 1.0; 1
8.0, -5.0, 1.0; 1
-9.0, -4.0, 1.0; 2
-8.0, -4.0, 1.0; 7
-7.0, -4.0, 1.0; 1
-6.0, -4.0, 1.0; 24
-5.0, -4.0, 1.0; 1
-4.0, -4.0, 1.0; 2
-2.0, -4.0, 1.0; 2
2.0, -4.0, 1.0; 3
3.0, -4.0, 1.0; 2
5.0, -4.0, 1.0; 1
7.0, -4.0, 1.0; 1
-9.0, -3.0, 1.0; 3
-8.0, -3.0, 1.0; 6
-7.0, -3.0, 1.0; 3
-6.0, -3.0, 1.0; 1
3.0, -3.0, 1.0; 1
4.0, -3.0, 1.0; 2
-10.0, -2.0, 1.0; 2
-9.0, -2.0, 1.0; 2
-8.0, -2.0, 1.0; 5
-7.0, -2.0, 1.0; 3
-6.0, -2.0, 1.0; 11
-5.0, -2.0, 1.0; 6
-10.0, -1.0, 1.0; 2
-9.0, -1.0, 1.0; 1
-8.0, -1.0, 1.0; 3
-7.0, -1.0, 1.0; 4
-6.0, -1.0, 1.0; 12
-5.0, -1.0, 1.0; 3
4.0, -1.0, 1.0; 1
-10.0, 0.0, 1.0; 2
-9.0, 0.0, 1.0; 2
-8.0, 0.0, 1.0; 2
-7.0, 0.0, 1.0; 7
-6.0, 0.0, 1.0; 7
-5.0, 0.0, 1.0; 2
7.0, 0.0, 1.0; 1
-9.0, 1.0, 1.0; 2
-8.0, 1.0, 1.0; 4
-7.0, 1.0, 1.0; 3
-6.0, 1.0, 1.0; 9
-5.0, 1.0, 1.0; 6
4.0, 1.0, 1.0; 1
5.0, 1.0, 1.0; 1
-10.0, 2.0, 1.0; 2
-9.0, 2.0, 1.0; 8
-8.0, 2.0, 1.0; 8
-7.0, 2.0, 1.0; 1
-6.0, 2.0, 1.0; 12
-5.0, 2.0, 1.0; 40
-4.0, 2.0, 1.0; 2
3.0, 2.0, 1.0; 1
4.0, 2.0, 1.0; 3
5.0, 2.0, 1.0; 1
6.0, 2.0, 1.0; 1
7.0, 2.0, 1.0; 1
-10.0, 3.0, 1.0; 1
-9.0, 3.0, 1.0; 4
-8.0, 3.0, 1.0; 8
-7.0, 3.0, 1.0; 10
-6.0, 3.0, 1.0; 10
-5.0, 3.0, 1.0; 13
-4.0, 3.0, 1.0; 8
4.0, 3.0, 1.0; 1
7.0, 3.0, 1.0; 1
-9.0, 4.0, 1.0; 6
-8.0, 4.0, 1.0; 10
-7.0, 4.0, 1.0; 6
-6.0, 4.0, 1.0; 11
-5.0, 4.0, 1.0; 23
-4.0, 4.0, 1.0; 25
-3.0, 4.0, 1.0; 22
-2.0, 4.0, 1.0; 1
0.0, 4.0, 1.0; 1
1.0, 4.0, 1.0; 4
2.0, 4.0, 1.0; 7
3.0, 4.0, 1.0; 5
4.0, 4.0, 1.0; 2
6.0, 4.0, 1.0; 1
7.0, 4.0, 1.0; 1
-9.0, 5.0, 1.0; 1
-8.0, 5.0, 1.0; 5
-7.0, 5.0, 1.0; 5
-6.0, 5.0, 1.0; 4
-5.0, 5.0, 1.0; 16
-4.0, 5.0, 1.0; 40
-3.0, 5.0, 1.0; 289
-2.0, 5.0, 1.0; 130
-1.0, 5.0, 1.0; 18
0.0, 5.0, 1.0; 18
1.0, 5.0, 1.0; 10
3.0, 5.0, 1.0; 3
7.0, 5.0, 1.0; 1
-8.0, 6.0, 1.0; 1
-7.0, 6.0, 1.0; 14
-6.0, 6.0, 1.0; 12
-5.0, 6.0, 1.0; 11
-4.0, 6.0, 1.0; 12
-3.0, 6.0, 1.0; 20
-2.0, 6.0, 1.0; 25
-1.0, 6.0, 1.0; 16
0.0, 6.0, 1.0; 17
1.0, 6.0, 1.0; 14
2.0, 6.0, 1.0; 2
3.0, 6.0, 1.0; 5
4.0, 6.0, 1.0; 1
5.0, 6.0, 1.0; 3
-7.0, 7.0, 1.0; 4
-6.0, 7.0, 1.0; 8
-5.0, 7.0, 1.0; 7
-4.0, 7.0, 1.0; 2
-3.0, 7.0, 1.0; 4
-2.0, 7.0, 1.0; 5
-1.0, 7.0, 1.0; 7
0.0, 7.0, 1.0; 3
1.0, 7.0, 1.0; 6
2.0, 7.0, 1.0; 7
3.0, 7.0, 1.0; 8
5.0, 7.0, 1.0; 2
-5.0, 8.0, 1.0; 5
-4.0, 8.0, 1.0; 5
-3.0, 8.0, 1.0; 6
-2.0, 8.0, 1.0; 7
-1.0, 8.0, 1.0; 6
0.0, 8.0, 1.0; 1
1.0, 8.0, 1.0; 11
2.0, 8.0, 1.0; 10
3.0, 8.0, 1.0; 1
-4.0, 9.0, 1.0; 1
-3.0, 9.0, 1.0; 6
-2.0, 9.0, 1.0; 11
-1.0, 9.0, 1.0; 9
0.0, 9.0, 1.0; 7
1.0, 9.0, 1.0; 6
2.0, 9.0, 1.0; 3
-3.0, -10.0, 2.0; 1
-1.0, -10.0, 2.0; 3
1.0, -10.0, 2.0; 1
-5.0, -9.0, 2.0; 3
-4.0, -9.0, 2.0; 7
-3.0, -9.0, 2.0; 5
-2.0, -9.0, 2.0; 6
-1.0, -9.0, 2.0; 10
0.0, -9.0, 2.0; 3
1.0, -9.0, 2.0; 1
2.0, -9.0, 2.0; 3
-7.0, -8.0, 2.0; 2
-6.0, -8.0, 2.0; 9
-5.0, -8.0, 2.0; 10
-4.0, -8.0, 2.0; 2
-3.0, -8.0, 2.0; 1
-2.0, -8.0, 2.0; 5
-1.0, -8.0, 2.0; 4
0.0, -8.0, 2.0; 4
1.0, -8.0, 2.0; 3
2.0, -8.0, 2.0; 3
3.0, -8.0, 2.0; 1
4.0, -8.0, 2.0; 1
5.0, -8.0, 2.0; 1
-7.0, -7.0, 2.0; 2
-6.0, -7.0, 2.0; 6
-5.0, -7.0, 2.0; 2
-3.0, -7.0, 2.0; 9
-2.0, -7.0, 2.0; 7
-1.0, -7.0, 2.0; 9
0.0, -7.0, 2.0; 5
1.0, -7.0, 2.0; 4
2.0, -7.0, 2.0; 1
3.0, -7.0, 2.0; 3
4.0, -7.0, 2.0; 2
6.0, -7.0, 2.0; 1
-8.0, -6.0, 2.0; 5
-7.0, -6.0, 2.0; 11
-6.0, -6.0, 2.0; 2
-5.0, -6.0, 2.0; 1
-4.0, -6.0, 2.0; 18
-3.0, -6.0, 2.0; 26
-2.0, -6.0, 2.0; 18
-1.0, -6.0, 2.0; 5
0.0, -6.0, 2.0; 5
1.0, -6.0, 2.0; 7
2.0, -6.0, 2.0; 1
4.0, -6.0, 2.0; 1
6.0, -6.0, 2.0; 1
-8.0, -5.0, 2.0; 5
-7.0, -5.0, 2.0; 4
-6.0, -5.0, 2.0; 1
-5.0, -5.0, 2.0; 13
-4.0, -5.0, 2.0; 25
-3.0, -5.0, 2.0; 5
-2.0, -5.0, 2.0; 2
-1.0, -5.0, 2.0; 1
1.0, -5.0, 2.0; 3
2.0, -5.0, 2.0; 2
3.0, -5.0, 2.0; 1
7.0, -5.0, 2.0; 2
-8.0, -4.0, 2.0; 5
-7.0, -4.0, 2.0; 4
-6.0, -4.0, 2.0; 1
-5.0, -4.0, 2.0; 8
-4.0, -4.0, 2.0; 3
-3.0, -4.0, 2.0; 1
-1.0, -4.0, 2.0; 1
2.0, -4.0, 2.0; 6
3.0, -4.0, 2.0; 1
5.0, -4.0, 2.0; 1
6.0, -4.0, 2.0; 1
-10.0, -3.0, 2.0; 1
-9.0, -3.0, 2.0; 2
-8.0, -3.0, 2.0; 3
-7.0, -3.0, 2.0; 9
-6.0, -3.0, 2.0; 2
-5.0, -3.0, 2.0; 4
-4.0, -3.0, 2.0; 8
-3.0, -3.0, 2.0; 1
2.0, -3.0, 2.0; 3
3.0, -3.0, 2.0; 1
4.0, -3.0, 2.0; 1
5.0, -3.0, 2.0; 1
-9.0, -2.0, 2.0; 3
-8.0, -2.0, 2.0; 1
-7.0, -2.0, 2.0; 7
-6.0, -2.0, 2.0; 1
-5.0, -2.0, 2.0; 10
-4.0, -2.0, 2.0; 8
4.0, -2.0, 2.0; 1
5.0, -2.0, 2.0; 1
-8.0, -1.0, 2.0; 4
-7.0, -1.0, 2.0; 2
-6.0, -1.0, 2.0; 1
-5.0, -1.0, 2.0; 7
-4.0, -1.0, 2.0; 1
-9.0, 0.0, 2.0; 1
-8.0, 0.0, 2.0; 4
-7.0, 0.0, 2.0; 2
-6.0, 0.0, 2.0; 7
-5.0, 0.0, 2.0; 8
-4.0, 0.0, 2.0; 2
3.0, 0.0, 2.0; 1
4.0, 0.0, 2.0; 2
5.0, 0.0, 2.0; 1
-8.0, 1.0, 2.0; 5
-7.0, 1.0, 2.0; 2
-6.0, 1.0, 2.0; 5
-5.0, 1.0, 2.0; 97
-4.0, 1.0, 2.0; 60
5.0, 1.0, 2.0; 1
-10.0, 2.0, 2.0; 1
-9.0, 2.0, 2.0; 3
-8.0, 2.0, 2.0; 8
-7.0, 2.0, 2.0; 6
-6.0, 2.0, 2.0; 2
-5.0, 2.0, 2.0; 125
-4.0, 2.0, 2.0; 358
-3.0, 2.0, 2.0; 7
3.0, 2.0, 2.0; 3
-9.0, 3.0, 2.0; 2
-8.0, 3.0, 2.0; 12
-7.0, 3.0, 2.0; 9
-6.0, 3.0, 2.0; 3
-5.0, 3.0, 2.0; 13
-4.0, 3.0, 2.0; 29
-3.0, 3.0, 2.0; 13
-2.0, 3.0, 2.0; 1
-1.0, 3.0, 2.0; 1
0.0, 3.0, 2.0; 2
1.0, 3.0, 2.0; 2
2.0, 3.0, 2.0; 1
3.0, 3.0, 2.0; 5
4.0, 3.0, 2.0; 1
-9.0, 4.0, 2.0; 1
-8.0, 4.0, 2.0; 5
-7.0, 4.0, 2.0; 14
-6.0, 4.0, 2.0; 6
-5.0, 4.0, 2.0; 7
-4.0, 4.0, 2.0; 22
-3.0, 4.0, 2.0; 42
-2.0, 4.0, 2.0; 34
-1.0, 4.0, 2.0; 14
0.0, 4.0, 2.0; 10
1.0, 4.0, 2.0; 8
2.0, 4.0, 2.0; 2
3.0, 4.0, 2.0; 3
4.0, 4.0, 2.0; 1
7.0, 4.0, 2.0; 1
-8.0, 5.0, 2.0; 6
-7.0, 5.0, 2.0; 5
-6.0, 5.0, 2.0; 5
-5.0, 5.0, 2.0; 4
-4.0, 5.0, 2.0; 15
-3.0, 5.0, 2.0; 39
-2.0, 5.0, 2.0; 75
-1.0, 5.0, 2.0; 12
0.0, 5.0, 2.0; 13
1.0, 5.0, 2.0; 6
2.0, 5.0, 2.0; 3
3.0, 5.0, 2.0; 1
-7.0, 6.0, 2.0; 8
-6.0, 6.0, 2.0; 13
-5.0, 6.0, 2.0; 8
-4.0, 6.0, 2.0; 3
-3.0, 6.0, 2.0; 3
-2.0, 6.0, 2.0; 3
-1.0, 6.0, 2.0; 3
1.0, 6.0, 2.0; 2
2.0, 6.0, 2.0; 2
3.0, 6.0, 2.0; 6
4.0, 6.0, 2.0; 2
5.0, 6.0, 2.0; 2
-7.0, 7.0, 2.0; 1
-6.0, 7.0, 2.0; 5
-5.0, 7.0, 2.0; 6
-4.0, 7.0, 2.0; 7
-3.0, 7.0, 2.0; 1
-2.0, 7.0, 2.0; 5
-1.0, 7.0, 2.0; 5
0.0, 7.0, 2.0; 3
1.0, 7.0, 2.0; 6
2.0, 7.0, 2.0; 3
3.0, 7.0, 2.0; 5
5.0, 7.0, 2.0; 1
-5.0, 8.0, 2.0; 5
-4.0, 8.0, 2.0; 4
-3.0, 8.0, 2.0; 9
-2.0, 8.0, 2.0; 9
-1.0, 8.0, 2.0; 4
0.0, 8.0, 2.0; 3
1.0, 8.0, 2.0; 5
2.0, 8.0, 2.0; 4
3.0, 8.0, 2.0; 2
-4.0, 9.0, 2.0; 2
-3.0, 9.0, 2.0; 3
-2.0, 9.0, 2.0; 4
-1.0, 9.0, 2.0; 4
0.0, 9.0, 2.0; 7
1.0, 9.0, 2.0; 2
2.0, 9.0, 2.0; 1
-1.0, -10.0, 3.0; 3
0.0, -10.0, 3.0; 1
2.0, -10.0, 3.0; 1
-5.0, -9.0, 3.0; 3
-4.0, -9.0, 3.0; 2
-3.0, -9.0, 3.0; 3
-2.0, -9.0, 3.0; 2
-1.0, -9.0, 3.0; 3
0.0, -9.0, 3.0; 3
1.0, -9.0, 3.0; 1
2.0, -9.0, 3.0; 1
3.0, -9.0, 3.0; 2
-6.0, -8.0, 3.0; 2
-5.0, -8.0, 3.0; 4
-4.0, -8.0, 3.0; 10
-3.0, -8.0, 3.0; 6
-2.0, -8.0, 3.0; 11
-1.0, -8.0, 3.0; 4
1.0, -8.0, 3.0; 3
3.0, -8.0, 3.0; 1
-7.0, -7.0, 3.0; 1
-6.0, -7.0, 3.0; 4
-5.0, -7.0, 3.0; 13
-4.0, -7.0, 3.0; 9
-3.0, -7.0, 3.0; 2
-2.0, -7.0, 3.0; 3
-1.0, -7.0, 3.0; 6
0.0, -7.0, 3.0; 13
1.0, -7.0, 3.0; 5
2.0, -7.0, 3.0; 3
3.0, -7.0, 3.0; 3
4.0, -7.0, 3.0; 1
-7.0, -6.0, 3.0; 5
-6.0, -6.0, 3.0; 5
-5.0, -6.0, 3.0; 6
-4.0, -6.0, 3.0; 1
-3.0, -6.0, 3.0; 1
-2.0, -6.0, 3.0; 2
-1.0, -6.0, 3.0; 3
0.0, -6.0, 3.0; 3
1.0, -6.0, 3.0; 2
2.0, -6.0, 3.0; 1
3.0, -6.0, 3.0; 1
6.0, -6.0, 3.0; 1
-8.0, -5.0, 3.0; 1
-7.0, -5.0, 3.0; 3
-6.0, -5.0, 3.0; 10
-5.0, -5.0, 3.0; 2
-4.0, -5.0, 3.0; 4
-2.0, -5.0, 3.0; 2
-1.0, -5.0, 3.0; 6
0.0, -5.0, 3.0; 1
1.0, -5.0, 3.0; 1
5.0, -5.0, 3.0; 1
-7.0, -4.0, 3.0; 6
-6.0, -4.0, 3.0; 2
-5.0, -4.0, 3.0; 2
-4.0, -4.0, 3.0; 5
-3.0, -4.0, 3.0; 7
-2.0, -4.0, 3.0; 8
-1.0, -4.0, 3.0; 1
0.0, -4.0, 3.0; 2
1.0, -4.0, 3.0; 3
2.0, -4.0, 3.0; 1
7.0, -4.0, 3.0; 1
-9.0, -3.0, 3.0; 2
-8.0, -3.0, 3.0; 5
-7.0, -3.0, 3.0; 1
-6.0, -3.0, 3.0; 4
-5.0, -3.0, 3.0; 2
-4.0, -3.0, 3.0; 3
-3.0, -3.0, 3.0; 8
-2.0, -3.0, 3.0; 1
-1.0, -3.0, 3.0; 2
2.0, -3.0, 3.0; 1
3.0, -3.0, 3.0; 1
-9.0, -2.0, 3.0; 1
-7.0, -2.0, 3.0; 2
-6.0, -2.0, 3.0; 10
-5.0, -2.0, 3.0; 8
-4.0, -2.0, 3.0; 1
-3.0, -2.0, 3.0; 4
-2.0, -2.0, 3.0; 2
1.0, -2.0, 3.0; 1
2.0, -2.0, 3.0; 1
9.0, -2.0, 3.0; 1
-10.0, -1.0, 3.0; 1
-9.0, -1.0, 3.0; 2
-8.0, -1.0, 3.0; 3
-7.0, -1.0, 3.0; 2
-6.0, -1.0, 3.0; 3
-5.0, -1.0, 3.0; 6
-4.0, -1.0, 3.0; 3
-3.0, -1.0, 3.0; 4
1.0, -1.0, 3.0; 4
2.0, -1.0, 3.0; 2
3.0, -1.0, 3.0; 3
4.0, -1.0, 3.0; 1
-9.0, 0.0, 3.0; 3
-8.0, 0.0, 3.0; 4
-7.0, 0.0, 3.0; 1
-6.0, 0.0, 3.0; 1
-5.0, 0.0, 3.0; 6
-4.0, 0.0, 3.0; 5
-3.0, 0.0, 3.0; 4
-2.0, 0.0, 3.0; 1
7.0, 0.0, 3.0; 1
-9.0, 1.0, 3.0; 4
-8.0, 1.0, 3.0; 3
-7.0, 1.0, 3.0; 3
-6.0, 1.0, 3.0; 3
-5.0, 1.0, 3.0; 5
-4.0, 1.0, 3.0; 30
-3.0, 1.0, 3.0; 14
-2.0, 1.0, 3.0; 5
-1.0, 1.0, 3.0; 1
0.0, 1.0, 3.0; 1
2.0, 1.0, 3.0; 2
6.0, 1.0, 3.0; 1
-9.0, 2.0, 3.0; 2
-8.0, 2.0, 3.0; 1
-7.0, 2.0, 3.0; 7
-5.0, 2.0, 3.0; 2
-4.0, 2.0, 3.0; 40
-3.0, 2.0, 3.0; 19
-2.0, 2.0, 3.0; 4
-1.0, 2.0, 3.0; 2
0.0, 2.0, 3.0; 2
1.0, 2.0, 3.0; 1
2.0, 2.0, 3.0; 5
3.0, 2.0, 3.0; 2
6.0, 2.0, 3.0; 1
-9.0, 3.0, 3.0; 1
-8.0, 3.0, 3.0; 3
-7.0, 3.0, 3.0; 4
-6.0, 3.0, 3.0; 5
-5.0, 3.0, 3.0; 1
-4.0, 3.0, 3.0; 4
-3.0, 3.0, 3.0; 17
-2.0, 3.0, 3.0; 8
-1.0, 3.0, 3.0; 10
0.0, 3.0, 3.0; 4
1.0, 3.0, 3.0; 1
2.0, 3.0, 3.0; 2
6.0, 3.0, 3.0; 1
-8.0, 4.0, 3.0; 4
-7.0, 4.0, 3.0; 6
-6.0, 4.0, 3.0; 3
-5.0, 4.0, 3.0; 6
-3.0, 4.0, 3.0; 6
-2.0, 4.0, 3.0; 11
-1.0, 4.0, 3.0; 9
0.0, 4.0, 3.0; 2
1.0, 4.0, 3.0; 2
2.0, 4.0, 3.0; 2
6.0, 4.0, 3.0; 1
7.0, 4.0, 3.0; 1
-8.0, 5.0, 3.0; 2
-6.0, 5.0, 3.0; 3
-5.0, 5.0, 3.0; 1
-4.0, 5.0, 3.0; 4
-3.0, 5.0, 3.0; 5
-2.0, 5.0, 3.0; 1
-1.0, 5.0, 3.0; 2
0.0, 5.0, 3.0; 1
1.0, 5.0, 3.0; 5
3.0, 5.0, 3.0; 2
4.0, 5.0, 3.0; 2
5.0, 5.0, 3.0; 4
-8.0, 6.0, 3.0; 1
-7.0, 6.0, 3.0; 4
-6.0, 6.0, 3.0; 2
-5.0, 6.0, 3.0; 7
-4.0, 6.0, 3.0; 6
-3.0, 6.0, 3.0; 3
-2.0, 6.0, 3.0; 1
-1.0, 6.0, 3.0; 3
1.0, 6.0, 3.0; 3
2.0, 6.0, 3.0; 2
4.0, 6.0, 3.0; 2
-6.0, 7.0, 3.0; 3
-5.0, 7.0, 3.0; 4
-4.0, 7.0, 3.0; 5
-3.0, 7.0, 3.0; 6
-2.0, 7.0, 3.0; 6
-1.0, 7.0, 3.0; 7
0.0, 7.0, 3.0; 4
1.0, 7.0, 3.0; 4
2.0, 7.0, 3.0; 4
-4.0, 8.0, 3.0; 2
-3.0, 8.0, 3.0; 4
-2.0, 8.0, 3.0; 3
-1.0, 8.0, 3.0; 5
0.0, 8.0, 3.0; 1
1.0, 8.0, 3.0; 1
4.0, 8.0, 3.0; 1
-2.0, 9.0, 3.0; 1
-1.0, 9.0, 3.0; 1
1.0, 9.0, 3.0; 1
-4.0, -9.0, 4.0; 1
-2.0, -9.0, 4.0; 1
0.0, -9.0, 4.0; 1
1.0, -9.0, 4.0; 1
-6.0, -8.0, 4.0; 2
-5.0, -8.0, 4.0; 1
-4.0, -8.0, 4.0; 5
-3.0, -8.0, 4.0; 4
-2.0, -8.0, 4.0; 4
-1.0, -8.0, 4.0; 1
1.0, -8.0, 4.0; 1
-7.0, -7.0, 4.0; 1
-6.0, -7.0, 4.0; 3
-5.0, -7.0, 4.0; 6
-4.0, -7.0, 4.0; 4
-3.0, -7.0, 4.0; 3
-2.0, -7.0, 4.0; 4
-1.0, -7.0, 4.0; 7
0.0, -7.0, 4.0; 2
1.0, -7.0, 4.0; 1
3.0, -7.0, 4.0; 1
4.0, -7.0, 4.0; 2
-8.0, -6.0, 4.0; 1
-6.0, -6.0, 4.0; 5
-5.0, -6.0, 4.0; 12
-4.0, -6.0, 4.0; 14
-3.0, -6.0, 4.0; 4
-2.0, -6.0, 4.0; 8
-1.0, -6.0, 4.0; 9
0.0, -6.0, 4.0; 3
1.0, -6.0, 4.0; 1
2.0, -6.0, 4.0; 1
5.0, -6.0, 4.0; 1
-7.0, -5.0, 4.0; 3
-6.0, -5.0, 4.0; 3
-5.0, -5.0, 4.0; 9
-4.0, -5.0, 4.0; 5
-3.0, -5.0, 4.0; 1
-2.0, -5.0, 4.0; 10
-1.0, -5.0, 4.0; 4
0.0, -5.0, 4.0; 10
1.0, -5.0, 4.0; 3
2.0, -5.0, 4.0; 1
6.0, -5.0, 4.0; 1
-9.0, -4.0, 4.0; 2
-8.0, -4.0, 4.0; 3
-7.0, -4.0, 4.0; 3
-6.0, -4.0, 4.0; 4
-5.0, -4.0, 4.0; 6
-4.0, -4.0, 4.0; 4
-3.0, -4.0, 4.0; 6
-2.0, -4.0, 4.0; 4
-1.0, -4.0, 4.0; 5
0.0, -4.0, 4.0; 3
2.0, -4.0, 4.0; 3
5.0, -4.0, 4.0; 1
-8.0, -3.0, 4.0; 3
-6.0, -3.0, 4.0; 2
-5.0, -3.0, 4.0; 7
-4.0, -3.0, 4.0; 3
-3.0, -3.0, 4.0; 6
-2.0, -3.0, 4.0; 5
-1.0, -3.0, 4.0; 2
0.0, -3.0, 4.0; 4
1.0, -3.0, 4.0; 1
2.0, -3.0, 4.0; 1
-7.0, -2.0, 4.0; 3
-6.0, -2.0, 4.0; 3
-5.0, -2.0, 4.0; 3
-4.0, -2.0, 4.0; 1
-3.0, -2.0, 4.0; 4
-2.0, -2.0, 4.0; 3
-1.0, -2.0, 4.0; 7
0.0, -2.0, 4.0; 9
-7.0, -1.0, 4.0; 1
-6.0, -1.0, 4.0; 2
-5.0, -1.0, 4.0; 3
-4.0, -1.0, 4.0; 1
-3.0, -1.0, 4.0; 9
-2.0, -1.0, 4.0; 7
-1.0, -1.0, 4.0; 8
0.0, -1.0, 4.0; 5
-10.0, 0.0, 4.0; 1
-9.0, 0.0, 4.0; 1
-8.0, 0.0, 4.0; 2
-7.0, 0.0, 4.0; 1
-5.0, 0.0, 4.0; 4
-4.0, 0.0, 4.0; 4
-3.0, 0.0, 4.0; 2
-2.0, 0.0, 4.0; 3
-1.0, 0.0, 4.0; 3
0.0, 0.0, 4.0; 1
1.0, 0.0, 4.0; 2
2.0, 0.0, 4.0; 1
4.0, 0.0, 4.0; 1
-9.0, 1.0, 4.0; 1
-8.0, 1.0, 4.0; 2
-7.0, 1.0, 4.0; 4
-6.0, 1.0, 4.0; 1
-5.0, 1.0, 4.0; 1
-4.0, 1.0, 4.0; 2
-3.0, 1.0, 4.0; 5
-2.0, 1.0, 4.0; 3
0.0, 1.0, 4.0; 1
2.0, 1.0, 4.0; 1
-9.0, 2.0, 4.0; 1
-7.0, 2.0, 4.0; 4
-5.0, 2.0, 4.0; 1
-4.0, 2.0, 4.0; 2
-3.0, 2.0, 4.0; 1
-2.0, 2.0, 4.0; 2
-1.0, 2.0, 4.0; 4
0.0, 2.0, 4.0; 4
1.0, 2.0, 4.0; 4
2.0, 2.0, 4.0; 3
-8.0, 3.0, 4.0; 4
-7.0, 3.0, 4.0; 3
-6.0, 3.0, 4.0; 8
-5.0, 3.0, 4.0; 3
-4.0, 3.0, 4.0; 1
-3.0, 3.0, 4.0; 2
-1.0, 3.0, 4.0; 3
0.0, 3.0, 4.0; 5
1.0, 3.0, 4.0; 3
4.0, 3.0, 4.0; 1
6.0, 3.0, 4.0; 2
-8.0, 4.0, 4.0; 1
-7.0, 4.0, 4.0; 2
-6.0, 4.0, 4.0; 3
-5.0, 4.0, 4.0; 1
-4.0, 4.0, 4.0; 3
-3.0, 4.0, 4.0; 2
-2.0, 4.0, 4.0; 3
0.0, 4.0, 4.0; 4
1.0, 4.0, 4.0; 2
4.0, 4.0, 4.0; 1
-7.0, 5.0, 4.0; 2
-5.0, 5.0, 4.0; 4
-4.0, 5.0, 4.0; 5
-3.0, 5.0, 4.0; 2
0.0, 5.0, 4.0; 1
1.0, 5.0, 4.0; 4
2.0, 5.0, 4.0; 2
3.0, 5.0, 4.0; 3
-7.0, 6.0, 4.0; 1
-6.0, 6.0, 4.0; 1
-5.0, 6.0, 4.0; 4
-4.0, 6.0, 4.0; 7
-3.0, 6.0, 4.0; 4
-2.0, 6.0, 4.0; 2
-1.0, 6.0, 4.0; 3
0.0, 6.0, 4.0; 3
1.0, 6.0, 4.0; 3
2.0, 6.0, 4.0; 1
3.0, 6.0, 4.0; 3
4.0, 6.0, 4.0; 3
5.0, 6.0, 4.0; 1
-5.0, 7.0, 4.0; 2
-4.0, 7.0, 4.0; 8
-3.0, 7.0, 4.0; 5
-2.0, 7.0, 4.0; 2
-1.0, 7.0, 4.0; 3
0.0, 7.0, 4.0; 3
1.0, 7.0, 4.0; 3
4.0, 7.0, 4.0; 2
-4.0, 8.0, 4.0; 3
-3.0, 8.0, 4.0; 2
-2.0, 8.0, 4.0; 3
-1.0, 8.0, 4.0; 1
0.0, 8.0, 4.0; 1
-1.0, -9.0, 5.0; 1
0.0, -9.0, 5.0; 1
-3.0, -8.0, 5.0; 1
-2.0, -8.0, 5.0; 3
2.0, -8.0, 5.0; 1
-5.0, -7.0, 5.0; 2
-4.0, -7.0, 5.0; 2
-3.0, -7.0, 5.0; 3
-2.0, -7.0, 5.0; 3
-1.0, -7.0, 5.0; 1
2.0, -7.0, 5.0; 1
4.0, -7.0, 5.0; 1
-7.0, -6.0, 5.0; 2
-6.0, -6.0, 5.0; 3
-5.0, -6.0, 5.0; 2
-3.0, -6.0, 5.0; 2
-2.0, -6.0, 5.0; 3
-1.0, -6.0, 5.0; 2
0.0, -6.0, 5.0; 1
1.0, -6.0, 5.0; 1
-8.0, -5.0, 5.0; 2
-7.0, -5.0, 5.0; 3
-6.0, -5.0, 5.0; 2
-5.0, -5.0, 5.0; 1
-4.0, -5.0, 5.0; 1
-3.0, -5.0, 5.0; 1
-2.0, -5.0, 5.0; 2
-1.0, -5.0, 5.0; 1
1.0, -5.0, 5.0; 3
3.0, -5.0, 5.0; 1
-7.0, -4.0, 5.0; 1
-6.0, -4.0, 5.0; 1
-5.0, -4.0, 5.0; 1
-3.0, -4.0, 5.0; 1
-2.0, -4.0, 5.0; 4
-1.0, -4.0, 5.0; 4
0.0, -4.0, 5.0; 2
3.0, -4.0, 5.0; 2
4.0, -4.0, 5.0; 1
-7.0, -3.0, 5.0; 2
-6.0, -3.0, 5.0; 2
-5.0, -3.0, 5.0; 1
-4.0, -3.0, 5.0; 1
-3.0, -3.0, 5.0; 3
-2.0, -3.0, 5.0; 3
0.0, -3.0, 5.0; 5
-8.0, -2.0, 5.0; 1
-6.0, -2.0, 5.0; 1
-5.0, -2.0, 5.0; 1
-4.0, -2.0, 5.0; 1
-2.0, -2.0, 5.0; 1
-1.0, -2.0, 5.0; 1
0.0, -2.0, 5.0; 1
1.0, -2.0, 5.0; 2
2.0, -2.0, 5.0; 1
4.0, -2.0, 5.0; 1
-8.0, -1.0, 5.0; 3
-7.0, -1.0, 5.0; 2
-6.0, -1.0, 5.0; 1
-2.0, -1.0, 5.0; 1
0.0, -1.0, 5.0; 1
1.0, -1.0, 5.0; 1
2.0, -1.0, 5.0; 1
4.0, -1.0, 5.0; 2
-9.0, 0.0, 5.0; 1
-8.0, 0.0, 5.0; 1
-7.0, 0.0, 5.0; 1
-6.0, 0.0, 5.0; 1
-3.0, 0.0, 5.0; 2
0.0, 0.0, 5.0; 1
1.0, 0.0, 5.0; 1
2.0, 0.0, 5.0; 2
4.0, 0.0, 5.0; 1
-7.0, 1.0, 5.0; 4
-6.0, 1.0, 5.0; 3
-5.0, 1.0, 5.0; 1
-3.0, 1.0, 5.0; 2
-1.0, 1.0, 5.0; 1
0.0, 1.0, 5.0; 1
1.0, 1.0, 5.0; 3
2.0, 1.0, 5.0; 1
-7.0, 2.0, 5.0; 2
-6.0, 2.0, 5.0; 1
-5.0, 2.0, 5.0; 2
-4.0, 2.0, 5.0; 4
-3.0, 2.0, 5.0; 2
-2.0, 2.0, 5.0; 2
-1.0, 2.0, 5.0; 7
0.0, 2.0, 5.0; 3
4.0, 2.0, 5.0; 1
-8.0, 3.0, 5.0; 1
-7.0, 3.0, 5.0; 3
-6.0, 3.0, 5.0; 4
-4.0, 3.0, 5.0; 3
-3.0, 3.0, 5.0; 3
-1.0, 3.0, 5.0; 3
0.0, 3.0, 5.0; 1
1.0, 3.0, 5.0; 1
2.0, 3.0, 5.0; 2
3.0, 3.0, 5.0; 1
5.0, 3.0, 5.0; 1
-7.0, 4.0, 5.0; 2
-6.0, 4.0, 5.0; 5
-5.0, 4.0, 5.0; 3
-4.0, 4.0, 5.0; 5
-3.0, 4.0, 5.0; 3
-1.0, 4.0, 5.0; 2
1.0, 4.0, 5.0; 1
2.0, 4.0, 5.0; 1
3.0, 4.0, 5.0; 4
4.0, 4.0, 5.0; 1
-7.0, 5.0, 5.0; 1
-6.0, 5.0, 5.0; 1
-5.0, 5.0, 5.0; 1
-3.0, 5.0, 5.0; 6
-2.0, 5.0, 5.0; 1
-1.0, 5.0, 5.0; 2
0.0, 5.0, 5.0; 3
1.0, 5.0, 5.0; 1
2.0, 5.0, 5.0; 2
3.0, 5.0, 5.0; 3
4.0, 5.0, 5.0; 1
-5.0, 6.0, 5.0; 2
-4.0, 6.0, 5.0; 4
-2.0, 6.0, 5.0; 1
-1.0, 6.0, 5.0; 1
0.0, 6.0, 5.0; 2
2.0, 6.0, 5.0; 1
3.0, 6.0, 5.0; 1
4.0, 6.0, 5.0; 3
-4.0, 7.0, 5.0; 1
-1.0, 7.0, 5.0; 3
0.0, 7.0, 5.0; 3
4.0, 7.0, 5.0; 1
-3.0, 8.0, 5.0; 1
-2.0, 8.0, 5.0; 1
-1.0, 8.0, 5.0; 2
2.0, -8.0, 6.0; 1
-5.0, -7.0, 6.0; 2
-4.0, -7.0, 6.0; 1
-3.0, -7.0, 6.0; 3
-1.0, -7.0, 6.0; 2
1.0, -7.0, 6.0; 1
2.0, -7.0, 6.0; 1
-6.0, -6.0, 6.0; 2
-5.0, -6.0, 6.0; 2
-4.0, -6.0, 6.0; 3
-3.0, -6.0, 6.0; 3
-2.0, -6.0, 6.0; 1
-1.0, -6.0, 6.0; 2
0.0, -6.0, 6.0; 1
1.0, -6.0, 6.0; 1
3.0, -6.0, 6.0; 1
-6.0, -5.0, 6.0; 2
-5.0, -5.0, 6.0; 1
-4.0, -5.0, 6.0; 1
-3.0, -5.0, 6.0; 1
-2.0, -5.0, 6.0; 1
0.0, -5.0, 6.0; 1
1.0, -5.0, 6.0; 1
2.0, -5.0, 6.0; 1
-7.0, -4.0, 6.0; 2
-5.0, -4.0, 6.0; 2
-4.0, -4.0, 6.0; 1
-3.0, -4.0, 6.0; 1
-2.0, -4.0, 6.0; 1
-7.0, -3.0, 6.0; 1
-6.0, -3.0, 6.0; 1
-5.0, -3.0, 6.0; 2
-4.0, -3.0, 6.0; 1
-2.0, -3.0, 6.0; 1
-1.0, -3.0, 6.0; 1
0.0, -3.0, 6.0; 1
1.0, -3.0, 6.0; 1
-6.0, -2.0, 6.0; 3
-4.0, -2.0, 6.0; 1
-3.0, -2.0, 6.0; 2
-2.0, -2.0, 6.0; 1
0.0, -2.0, 6.0; 3
1.0, -2.0, 6.0; 1
-6.0, -1.0, 6.0; 1
-4.0, -1.0, 6.0; 1
-3.0, -1.0, 6.0; 1
0.0, -1.0, 6.0; 1
2.0, -1.0, 6.0; 1
-6.0, 0.0, 6.0; 1
-3.0, 0.0, 6.0; 2
-2.0, 0.0, 6.0; 1
0.0, 0.0, 6.0; 1
1.0, 0.0, 6.0; 3
-7.0, 1.0, 6.0; 1
-5.0, 1.0, 6.0; 2
-3.0, 1.0, 6.0; 1
-1.0, 1.0, 6.0; 2
1.0, 1.0, 6.0; 1
-6.0, 2.0, 6.0; 2
-5.0, 2.0, 6.0; 2
-4.0, 2.0, 6.0; 4
-6.0, 3.0, 6.0; 3
-5.0, 3.0, 6.0; 1
-3.0, 3.0, 6.0; 1
-2.0, 3.0, 6.0; 2
-1.0, 3.0, 6.0; 1
0.0, 3.0, 6.0; 3
2.0, 3.0, 6.0; 1
3.0, 3.0, 6.0; 2
-7.0, 4.0, 6.0; 1
-6.0, 4.0, 6.0; 2
-5.0, 4.0, 6.0; 2
-4.0, 4.0, 6.0; 2
-2.0, 4.0, 6.0; 2
-1.0, 4.0, 6.0; 1
1.0, 4.0, 6.0; 3
3.0, 4.0, 6.0; 1
-5.0, 5.0, 6.0; 1
-4.0, 5.0, 6.0; 2
-3.0, 5.0, 6.0; 1
-2.0, 5.0, 6.0; 4
0.0, 5.0, 6.0; 1
1.0, 5.0, 6.0; 1
3.0, 5.0, 6.0; 2
-3.0, 6.0, 6.0; 2
-2.0, 6.0, 6.0; 1
0.0, 6.0, 6.0; 1
1.0, 6.0, 6.0; 1
2.0, 6.0, 6.0; 1
1.0, 7.0, 6.0; 1
-2.0, -7.0, 7.0; 4
-1.0, -7.0, 7.0; 1
-5.0, -6.0, 7.0; 1
-2.0, -6.0, 7.0; 1
-1.0, -6.0, 7.0; 1
0.0, -6.0, 7.0; 1
-4.0, -5.0, 7.0; 5
-3.0, -5.0, 7.0; 1
-2.0, -5.0, 7.0; 1
2.0, -5.0, 7.0; 1
4.0, -5.0, 7.0; 1
-5.0, -4.0, 7.0; 1
-4.0, -4.0, 7.0; 4
-2.0, -4.0, 7.0; 1
0.0, -4.0, 7.0; 1
4.0, -4.0, 7.0; 1
-6.0, -3.0, 7.0; 1
-5.0, -3.0, 7.0; 1
-4.0, -3.0, 7.0; 1
0.0, -3.0, 7.0; 2
-5.0, -2.0, 7.0; 1
-1.0, -2.0, 7.0; 2
0.0, -2.0, 7.0; 1
1.0, -2.0, 7.0; 1
-6.0, -1.0, 7.0; 1
-3.0, -1.0, 7.0; 1
-1.0, -1.0, 7.0; 1
-6.0, 0.0, 7.0; 1
-4.0, 0.0, 7.0; 1
-3.0, 0.0, 7.0; 1
-7.0, 1.0, 7.0; 1
-6.0, 1.0, 7.0; 1
-4.0, 1.0, 7.0; 2
-2.0, 1.0, 7.0; 1
3.0, 1.0, 7.0; 1
-6.0, 2.0, 7.0; 1
-5.0, 2.0, 7.0; 1
-3.0, 2.0, 7.0; 2
-2.0, 2.0, 7.0; 1
-1.0, 2.0, 7.0; 1
0.0, 2.0, 7.0; 2
-3.0, 3.0, 7.0; 1
-1.0, 3.0, 7.0; 1
1.0, 3.0, 7.0; 1
2.0, 3.0, 7.0; 1
-4.0, 4.0, 7.0; 1
-3.0, 4.0, 7.0; 1
-2.0, 4.0, 7.0; 1
-1.0, 4.0, 7.0; 1
1.0, 4.0, 7.0; 1
4.0, 4.0, 7.0; 1
-3.0, 5.0, 7.0; 2
-1.0, 5.0, 7.0; 2
1.0, 5.0, 7.0; 2
-1.0, 6.0, 7.0; 1
0.0, 6.0, 7.0; 1
-3.0, -5.0, 8.0; 1
-5.0, -2.0, 8.0; 1
-3.0, -2.0, 8.0; 1
1.0, -2.0, 8.0; 1
-3.0, -1.0, 8.0; 2
-1.0, -1.0, 8.0; 1
1.0, -1.0, 8.0; 1
3.0, -1.0, 8.0; 1
-1.0, 1.0, 8.0; 1
-5.0, 3.0, 8.0; 1
-3.0, 3.0, 8.0; 1
-2.0, 3.0, 8.0; 2
0.0, 4.0, 8.0; 1
-1.0, -4.0, 9.0; 1
2.0, -3.0, 9.0; 1
-2.0, -2.0, 9.0; 1
0.0, -1.0, 9.0; 1
1.0, -1.0, 9.0; 1
-4.0, 1.0, 9.0; 1
-2.0, -4.0, -10.0; 1
-1.0, -4.0, -10.0; 1
1.0, -4.0, -10.0; 1
-3.0, -3.0, -10.0; 4
-2.0, -3.0, -10.0; 2
-1.0, -3.0, -10.0; 2
0.0, -3.0, -10.0; 1
-3.0, -2.0, -10.0; 1
-2.0, -2.0, -10.0; 5
-1.0, -2.0, -10.0; 1
0.0, -2.0, -10.0; 2
1.0, -2.0, -10.0; 1
-5.0, -1.0, -10.0; 1
-4.0, -1.0, -10.0; 1
-2.0, -1.0, -10.0; 2
-1.0, -1.0, -10.0; 4
0.0, -1.0, -10.0; 1
1.0, -1.0, -10.0; 1
-4.0, 0.0, -10.0; 4
-3.0, 0.0, -10.0; 1
-1.0, 0.0, -10.0; 1
1.0, 0.0, -10.0; 1
-3.0, 1.0, -10.0; 3
-1.0, 1.0, -10.0; 1
0.0, 1.0, -10.0; 2
-1.0, 2.0, -10.0; 2
2.0, 2.0, -10.0; 1
3.0, 2.0, -10.0; 1
-2.0, -6.0, -9.0; 1
-1.0, -6.0, -9.0; 1
0.0, -6.0, -9.0; 3
1.0, -6.0, -9.0; 1
-1.0, -5.0, -9.0; 2
0.0, -5.0, -9.0; 3
1.0, -5.0, -9.0; 2
2.0, -5.0, -9.0; 2
-5.0, -4.0, -9.0; 2
-4.0, -4.0, -9.0; 1
-3.0, -4.0, -9.0; 2
-2.0, -4.0, -9.0; 1
-1.0, -4.0, -9.0; 6
0.0, -4.0, -9.0; 3
1.0, -4.0, -9.0; 2
2.0, -4.0, -9.0; 5
-4.0, -3.0, -9.0; 3
-3.0, -3.0, -9.0; 3
-2.0, -3.0, -9.0; 5
-1.0, -3.0, -9.0; 3
0.0, -3.0, -9.0; 3
1.0, -3.0, -9.0; 3
2.0, -3.0, -9.0; 2
3.0, -3.0, -9.0; 1
-6.0, -2.0, -9.0; 1
-4.0, -2.0, -9.0; 2
-3.0, -2.0, -9.0; 2
-2.0, -2.0, -9.0; 3
-1.0, -2.0, -9.0; 1
0.0, -2.0, -9.0; 2
2.0, -2.0, -9.0; 4
5.0, -2.0, -9.0; 1
-6.0, -1.0, -9.0; 2
-5.0, -1.0, -9.0; 1
-4.0, -1.0, -9.0; 3
-3.0, -1.0, -9.0; 2
-2.0, -1.0, -9.0; 3
0.0, -1.0, -9.0; 1
1.0, -1.0, -9.0; 2
2.0, -1.0, -9.0; 1
3.0, -1.0, -9.0; 2
-5.0, 0.0, -9.0; 4
-4.0, 0.0, -9.0; 7
-3.0, 0.0, -9.0; 2
-2.0, 0.0, -9.0; 2
-1.0, 0.0, -9.0; 1
0.0, 0.0, -9.0; 1
1.0, 0.0, -9.0; 1
4.0, 0.0, -9.0; 1
5.0, 0.0, -9.0; 1
-6.0, 1.0, -9.0; 1
-5.0, 1.0, -9.0; 1
-4.0, 1.0, -9.0; 3
-3.0, 1.0, -9.0; 10
-2.0, 1.0, -9.0; 2
-1.0, 1.0, -9.0; 2
1.0, 1.0, -9.0; 2
2.0, 1.0, -9.0; 1
-5.0, 2.0, -9.0; 1
-4.0, 2.0, -9.0; 1
-3.0, 2.0, -9.0; 8
-2.0, 2.0, -9.0; 6
-1.0, 2.0, -9.0; 4
1.0, 2.0, -9.0; 3
2.0, 2.0, -9.0; 1
3.0, 2.0, -9.0; 1
4.0, 2.0, -9.0; 1
-4.0, 3.0, -9.0; 1
-3.0, 3.0, -9.0; 4
-2.0, 3.0, -9.0; 4
-1.0, 3.0, -9.0; 5
0.0, 3.0, -9.0; 2
1.0, 3.0, -9.0; 1
2.0, 3.0, -9.0; 2
3.0, 3.0, -9.0; 2
-2.0, 4.0, -9.0; 2
-1.0, 4.0, -9.0; 1
0.0, 4.0, -9.0; 3
1.0, 4.0, -9.0; 1
-1.0, 5.0, -9.0; 1
-3.0, -7.0, -8.0; 1
-1.0, -7.0, -8.0; 6
0.0, -7.0, -8.0; 4
1.0, -7.0, -8.0; 4
2.0, -7.0, -8.0; 1
-4.0, -6.0, -8.0; 2
-3.0, -6.0, -8.0; 2
-2.0, -6.0, -8.0; 5
-1.0, -6.0, -8.0; 7
0.0, -6.0, -8.0; 3
1.0, -6.0, -8.0; 6
2.0, -6.0, -8.0; 5
3.0, -6.0, -8.0; 1
-5.0, -5.0, -8.0; 1
-4.0, -5.0, -8.0; 4
-3.0, -5.0, -8.0; 6
-2.0, -5.0, -8.0; 3
-1.0, -5.0, -8.0; 3
0.0, -5.0, -8.0; 1
1.0, -5.0, -8.0; 5
2.0, -5.0, -8.0; 4
3.0, -5.0, -8.0; 2
-5.0, -4.0, -8.0; 6
-4.0, -4.0, -8.0; 8
-3.0, -4.0, -8.0; 3
-2.0, -4.0, -8.0; 3
-1.0, -4.0, -8.0; 3
0.0, -4.0, -8.0; 4
1.0, -4.0, -8.0; 3
3.0, -4.0, -8.0; 1
4.0, -4.0, -8.0; 2
-6.0, -3.0, -8.0; 2
-5.0, -3.0, -8.0; 3
-4.0, -3.0, -8.0; 5
-3.0, -3.0, -8.0; 1
-2.0, -3.0, -8.0; 2
-1.0, -3.0, -8.0; 3
0.0, -3.0, -8.0; 1
1.0, -3.0, -8.0; 2
2.0, -3.0, -8.0; 1
3.0, -3.0, -8.0; 2
4.0, -3.0, -8.0; 2
-6.0, -2.0, -8.0; 2
-5.0, -2.0, -8.0; 6
-4.0, -2.0, -8.0; 9
-3.0, -2.0, -8.0; 7
-2.0, -2.0, -8.0; 1
-1.0, -2.0, -8.0; 2
0.0, -2.0, -8.0; 1
1.0, -2.0, -8.0; 1
2.0, -2.0, -8.0; 3
3.0, -2.0, -8.0; 1
-6.0, -1.0, -8.0; 4
-5.0, -1.0, -8.0; 5
-4.0, -1.0, -8.0; 6
-3.0, -1.0, -8.0; 7
-2.0, -1.0, -8.0; 4
-1.0, -1.0, -8.0; 1
0.0, -1.0, -8.0; 1
2.0, -1.0, -8.0; 3
3.0, -1.0, -8.0; 6
4.0, -1.0, -8.0; 2
-7.0, 0.0, -8.0; 4
-6.0, 0.0, -8.0; 4
-5.0, 0.0, -8.0; 8
-3.0, 0.0, -8.0; 6
-2.0, 0.0, -8.0; 2
-1.0, 0.0, -8.0; 2
0.0, 0.0, -8.0; 4
1.0, 0.0, -8.0; 2
2.0, 0.0, -8.0; 1
3.0, 0.0, -8.0; 1
4.0, 0.0, -8.0; 2
5.0, 0.0, -8.0; 1
-7.0, 1.0, -8.0; 1
-6.0, 1.0, -8.0; 1
-5.0, 1.0, -8.0; 6
-4.0, 1.0, -8.0; 8
-3.0, 1.0, -8.0; 7
-2.0, 1.0, -8.0; 4
-1.0, 1.0, -8.0; 5
0.0, 1.0, -8.0; 1
1.0, 1.0, -8.0; 2
2.0, 1.0, -8.0; 1
4.0, 1.0, -8.0; 1
5.0, 1.0, -8.0; 4
-6.0, 2.0, -8.0; 2
-5.0, 2.0, -8.0; 7
-4.0, 2.0, -8.0; 7
-3.0, 2.0, -8.0; 3
-2.0, 2.0, -8.0; 3
-1.0, 2.0, -8.0; 4
0.0, 2.0, -8.0; 2
1.0, 2.0, -8.0; 4
2.0, 2.0, -8.0; 2
3.0, 2.0, -8.0; 1
4.0, 2.0, -8.0; 1
-5.0, 3.0, -8.0; 9
-4.0, 3.0, -8.0; 5
-3.0, 3.0, -8.0; 9
-2.0, 3.0, -8.0; 3
-1.0, 3.0, -8.0; 4
0.0, 3.0, -8.0; 4
1.0, 3.0, -8.0; 2
2.0, 3.0, -8.0; 2
3.0, 3.0, -8.0; 2
4.0, 3.0, -8.0; 1
-6.0, 4.0, -8.0; 1
-5.0, 4.0, -8.0; 1
-4.0, 4.0, -8.0; 7
-3.0, 4.0, -8.0; 8
-2.0, 4.0, -8.0; 10
-1.0, 4.0, -8.0; 3
0.0, 4.0, -8.0; 5
1.0, 4.0, -8.0; 5
2.0, 4.0, -8.0; 1
3.0, 4.0, -8.0; 2
4.0, 4.0, -8.0; 1
-4.0, 5.0, -8.0; 1
-3.0, 5.0, -8.0; 3
-2.0, 5.0, -8.0; 7
-1.0, 5.0, -8.0; 3
0.0, 5.0, -8.0; 3
1.0, 5.0, -8.0; 1
2.0, 5.0, -8.0; 1
0.0, 6.0, -8.0; 2
1.0, 6.0, -8.0; 1
-2.0, -8.0, -7.0; 2
-1.0, -8.0, -7.0; 5
0.0, -8.0, -7.0; 2
1.0, -8.0, -7.0; 2
2.0, -8.0, -7.0; 2
-5.0, -7.0, -7.0; 1
-4.0, -7.0, -7.0; 3
-3.0, -7.0, -7.0; 1
-2.0, -7.0, -7.0; 6
-1.0, -7.0, -7.0; 11
0.0, -7.0, -7.0; 5
1.0, -7.0, -7.0; 7
2.0, -7.0, -7.0; 3
-5.0, -6.0, -7.0; 4
-4.0, -6.0, -7.0; 3
-3.0, -6.0, -7.0; 13
-2.0, -6.0, -7.0; 7
-1.0, -6.0, -7.0; 4
0.0, -6.0, -7.0; 3
1.0, -6.0, -7.0; 8
2.0, -6.0, -7.0; 4
4.0, -6.0, -7.0; 1
-7.0, -5.0, -7.0; 2
-6.0, -5.0, -7.0; 6
-5.0, -5.0, -7.0; 8
-4.0, -5.0, -7.0; 8
-3.0, -5.0, -7.0; 3
-2.0, -5.0, -7.0; 4
-1.0, -5.0, -7.0; 1
0.0, -5.0, -7.0; 1
2.0, -5.0, -7.0; 2
3.0, -5.0, -7.0; 1
4.0, -5.0, -7.0; 1
-6.0, -4.0, -7.0; 7
-5.0, -4.0, -7.0; 7
-4.0, -4.0, -7.0; 2
-3.0, -4.0, -7.0; 3
-2.0, -4.0, -7.0; 3
-1.0, -4.0, -7.0; 4
0.0, -4.0, -7.0; 1
1.0, -4.0, -7.0; 1
4.0, -4.0, -7.0; 3
7.0, -4.0, -7.0; 1
-8.0, -3.0, -7.0; 1
-7.0, -3.0, -7.0; 1
-6.0, -3.0, -7.0; 10
-5.0, -3.0, -7.0; 9
-4.0, -3.0, -7.0; 3
-3.0, -3.0, -7.0; 2
-1.0, -3.0, -7.0; 1
0.0, -3.0, -7.0; 2
1.0, -3.0, -7.0; 2
2.0, -3.0, -7.0; 2
3.0, -3.0, -7.0; 2
6.0, -3.0, -7.0; 1
-7.0, -2.0, -7.0; 3
-6.0, -2.0, -7.0; 6
-5.0, -2.0, -7.0; 11
-4.0, -2.0, -7.0; 3
-3.0, -2.0, -7.0; 1
-2.0, -2.0, -7.0; 3
-1.0, -2.0, -7.0; 1
0.0, -2.0, -7.0; 1
3.0, -2.0, -7.0; 4
4.0, -2.0, -7.0; 3
7.0, -2.0, -7.0; 2
-8.0, -1.0, -7.0; 1
-7.0, -1.0, -7.0; 2
-6.0, -1.0, -7.0; 5
-5.0, -1.0, -7.0; 7
-4.0, -1.0, -7.0; 4
-3.0, -1.0, -7.0; 3
-1.0, -1.0, -7.0; 3
0.0, -1.0, -7.0; 1
1.0, -1.0, -7.0; 2
2.0, -1.0, -7.0; 2
3.0, -1.0, -7.0; 3
4.0, -1.0, -7.0; 2
-8.0, 0.0, -7.0; 3
-7.0, 0.0, -7.0; 5
-6.0, 0.0, -7.0; 10
-5.0, 0.0, -7.0; 4
-4.0, 0.0, -7.0; 2
-3.0, 0.0, -7.0; 2
-2.0, 0.0, -7.0; 1
0.0, 0.0, -7.0; 4
2.0, 0.0, -7.0; 1
3.0, 0.0, -7.0; 3
5.0, 0.0, -7.0; 1
6.0, 0.0, -7.0; 1
7.0, 0.0, -7.0; 1
-8.0, 1.0, -7.0; 4
-6.0, 1.0, -7.0; 6
-5.0, 1.0, -7.0; 12
-4.0, 1.0, -7.0; 1
-3.0, 1.0, -7.0; 1
-2.0, 1.0, -7.0; 1
-1.0, 1.0, -7.0; 1
1.0, 1.0, -7.0; 2
2.0, 1.0, -7.0; 3
3.0, 1.0, -7.0; 2
6.0, 1.0, -7.0; 1
-7.0, 2.0, -7.0; 4
-6.0, 2.0, -7.0; 8
-5.0, 2.0, -7.0; 4
-4.0, 2.0, -7.0; 2
-3.0, 2.0, -7.0; 2
-2.0, 2.0, -7.0; 2
-1.0, 2.0, -7.0; 3
0.0, 2.0, -7.0; 1
1.0, 2.0, -7.0; 1
2.0, 2.0, -7.0; 2
6.0, 2.0, -7.0; 1
-6.0, 3.0, -7.0; 8
-5.0, 3.0, -7.0; 4
-4.0, 3.0, -7.0; 2
-3.0, 3.0, -7.0; 1
-1.0, 3.0, -7.0; 1
0.0, 3.0, -7.0; 1
1.0, 3.0, -7.0; 1
3.0, 3.0, -7.0; 2
4.0, 3.0, -7.0; 3
5.0, 3.0, -7.0; 1
-7.0, 4.0, -7.0; 1
-6.0, 4.0, -7.0; 3
-5.0, 4.0, -7.0; 6
-4.0, 4.0, -7.0; 1
-3.0, 4.0, -7.0; 2
-2.0, 4.0, -7.0; 4
0.0, 4.0, -7.0; 2
1.0, 4.0, -7.0; 3
2.0, 4.0, -7.0; 2
3.0, 4.0, -7.0; 1
5.0, 4.0, -7.0; 2
-6.0, 5.0, -7.0; 3
-5.0, 5.0, -7.0; 5
-4.0, 5.0, -7.0; 2
-3.0, 5.0, -7.0; 4
-2.0, 5.0, -7.0; 7
-1.0, 5.0, -7.0; 1
0.0, 5.0, -7.0; 3
1.0, 5.0, -7.0; 5
2.0, 5.0, -7.0; 3
4.0, 5.0, -7.0; 3
-4.0, 6.0, -7.0; 1
-3.0, 6.0, -7.0; 1
-2.0, 6.0, -7.0; 7
-1.0, 6.0, -7.0; 1
0.0, 6.0, -7.0; 6
2.0, 6.0, -7.0; 1
3.0, 6.0, -7.0; 1
4.0, 6.0, -7.0; 1
-2.0, 7.0, -7.0; 1
-1.0, 7.0, -7.0; 1
0.0, 7.0, -7.0; 1
1.0, 7.0, -7.0; 1
-1.0, -9.0, -6.0; 4
0.0, -9.0, -6.0; 1
2.0, -9.0, -6.0; 1
-4.0, -8.0, -6.0; 2
-3.0, -8.0, -6.0; 9
-2.0, -8.0, -6.0; 28
-1.0, -8.0, -6.0; 39
0.0, -8.0, -6.0; 6
1.0, -8.0, -6.0; 3
2.0, -8.0, -6.0; 4
4.0, -8.0, -6.0; 1
-6.0, -7.0, -6.0; 1
-5.0, -7.0, -6.0; 5
-4.0, -7.0, -6.0; 12
-3.0, -7.0, -6.0; 19
-2.0, -7.0, -6.0; 75
-1.0, -7.0, -6.0; 70
0.0, -7.0, -6.0; 12
1.0, -7.0, -6.0; 9
2.0, -7.0, -6.0; 4
3.0, -7.0, -6.0; 2
-7.0, -6.0, -6.0; 1
-6.0, -6.0, -6.0; 2
-5.0, -6.0, -6.0; 9
-4.0, -6.0, -6.0; 14
-3.0, -6.0, -6.0; 9
-2.0, -6.0, -6.0; 13
-1.0, -6.0, -6.0; 15
0.0, -6.0, -6.0; 17
1.0, -6.0, -6.0; 8
2.0, -6.0, -6.0; 7
3.0, -6.0, -6.0; 2
4.0, -6.0, -6.0; 3
-7.0, -5.0, -6.0; 1
-6.0, -5.0, -6.0; 11
-5.0, -5.0, -6.0; 5
-4.0, -5.0, -6.0; 4
-3.0, -5.0, -6.0; 18
-2.0, -5.0, -6.0; 22
-1.0, -5.0, -6.0; 11
0.0, -5.0, -6.0; 5
1.0, -5.0, -6.0; 3
3.0, -5.0, -6.0; 1
4.0, -5.0, -6.0; 4
5.0, -5.0, -6.0; 3
-8.0, -4.0, -6.0; 3
-7.0, -4.0, -6.0; 5
-6.0, -4.0, -6.0; 10
-5.0, -4.0, -6.0; 5
-4.0, -4.0, -6.0; 8
-3.0, -4.0, -6.0; 10
-2.0, -4.0, -6.0; 9
-1.0, -4.0, -6.0; 3
0.0, -4.0, -6.0; 4
1.0, -4.0, -6.0; 2
3.0, -4.0, -6.0; 2
5.0, -4.0, -6.0; 1
-7.0, -3.0, -6.0; 7
-6.0, -3.0, -6.0; 3
-5.0, -3.0, -6.0; 4
-4.0, -3.0, -6.0; 18
-3.0, -3.0, -6.0; 7
-2.0, -3.0, -6.0; 10
-1.0, -3.0, -6.0; 11
0.0, -3.0, -6.0; 28
1.0, -3.0, -6.0; 10
2.0, -3.0, -6.0; 2
4.0, -3.0, -6.0; 4
5.0, -3.0, -6.0; 1
7.0, -3.0, -6.0; 2
-8.0, -2.0, -6.0; 1
-7.0, -2.0, -6.0; 6
-6.0, -2.0, -6.0; 6
-5.0, -2.0, -6.0; 2
-4.0, -2.0, -6.0; 5
-3.0, -2.0, -6.0; 7
-2.0, -2.0, -6.0; 11
-1.0, -2.0, -6.0; 41
0.0, -2.0, -6.0; 26
1.0, -2.0, -6.0; 12
2.0, -2.0, -6.0; 1
3.0, -2.0, -6.0; 3
4.0, -2.0, -6.0; 2
5.0, -2.0, -6.0; 1
6.0, -2.0, -6.0; 1
7.0, -2.0, -6.0; 1
-8.0, -1.0, -6.0; 2
-7.0, -1.0, -6.0; 11
-6.0, -1.0, -6.0; 6
-5.0, -1.0, -6.0; 1
-4.0, -1.0, -6.0; 4
-3.0, -1.0, -6.0; 13
-2.0, -1.0, -6.0; 22
-1.0, -1.0, -6.0; 19
0.0, -1.0, -6.0; 6
1.0, -1.0, -6.0; 5
3.0, -1.0, -6.0; 2
4.0, -1.0, -6.0; 2
5.0, -1.0, -6.0; 1
6.0, -1.0, -6.0; 1
-9.0, 0.0, -6.0; 1
-8.0, 0.0, -6.0; 5
-7.0, 0.0, -6.0; 3
-6.0, 0.0, -6.0; 5
-5.0, 0.0, -6.0; 1
-4.0, 0.0, -6.0; 1
-3.0, 0.0, -6.0; 6
-2.0, 0.0, -6.0; 13
-1.0, 0.0, -6.0; 16
0.0, 0.0, -6.0; 6
1.0, 0.0, -6.0; 1
2.0, 0.0, -6.0; 4
3.0, 0.0, -6.0; 5
6.0, 0.0, -6.0; 1
7.0, 0.0, -6.0; 1
-8.0, 1.0, -6.0; 1
-7.0, 1.0, -6.0; 4
-6.0, 1.0, -6.0; 6
-5.0, 1.0, -6.0; 3
-4.0, 1.0, -6.0; 3
-3.0, 1.0, -6.0; 8
-2.0, 1.0, -6.0; 20
-1.0, 1.0, -6.0; 32
0.0, 1.0, -6.0; 7
1.0, 1.0, -6.0; 3
2.0, 1.0, -6.0; 4
3.0, 1.0, -6.0; 4
4.0, 1.0, -6.0; 1
5.0, 1.0, -6.0; 2
-8.0, 2.0, -6.0; 3
-7.0, 2.0, -6.0; 7
-6.0, 2.0, -6.0; 1
-5.0, 2.0, -6.0; 7
-4.0, 2.0, -6.0; 8
-3.0, 2.0, -6.0; 10
-2.0, 2.0, -6.0; 22
-1.0, 2.0, -6.0; 21
0.0, 2.0, -6.0; 15
1.0, 2.0, -6.0; 3
2.0, 2.0, -6.0; 3
3.0, 2.0, -6.0; 1
6.0, 2.0, -6.0; 1
7.0, 2.0, -6.0; 2
-8.0, 3.0, -6.0; 2
-7.0, 3.0, -6.0; 3
-6.0, 3.0, -6.0; 5
-5.0, 3.0, -6.0; 3
-4.0, 3.0, -6.0; 8
-3.0, 3.0, -6.0; 6
-2.0, 3.0, -6.0; 8
-1.0, 3.0, -6.0; 7
0.0, 3.0, -6.0; 1
1.0, 3.0, -6.0; 1
2.0, 3.0, -6.0; 5
3.0, 3.0, -6.0; 3
7.0, 3.0, -6.0; 1
-7.0, 4.0, -6.0; 4
-6.0, 4.0, -6.0; 6
-4.0, 4.0, -6.0; 2
-3.0, 4.0, -6.0; 3
-2.0, 4.0, -6.0; 4
0.0, 4.0, -6.0; 2
1.0, 4.0, -6.0; 1
2.0, 4.0, -6.0; 2
3.0, 4.0, -6.0; 1
4.0, 4.0, -6.0; 1
5.0, 4.0, -6.0; 2
6.0, 4.0, -6.0; 2
-7.0, 5.0, -6.0; 2
-6.0, 5.0, -6.0; 2
-5.0, 5.0, -6.0; 3
-4.0, 5.0, -6.0; 7
-3.0, 5.0, -6.0; 7
-2.0, 5.0, -6.0; 3
-1.0, 5.0, -6.0; 2
0.0, 5.0, -6.0; 4
1.0, 5.0, -6.0; 1
2.0, 5.0, -6.0; 5
4.0, 5.0, -6.0; 2
5.0, 5.0, -6.0; 1
-6.0, 6.0, -6.0; 1
-5.0, 6.0, -6.0; 2
-4.0, 6.0, -6.0; 11
-3.0, 6.0, -6.0; 13
-2.0, 6.0, -6.0; 6
-1.0, 6.0, -6.0; 5
0.0, 6.0, -6.0; 8
1.0, 6.0, -6.0; 5
3.0, 6.0, -6.0; 3
-4.0, 7.0, -6.0; 3
-3.0, 7.0, -6.0; 3
-2.0, 7.0, -6.0; 3
-1.0, 7.0, -6.0; 6
0.0, 7.0, -6.0; 2
1.0, 7.0, -6.0; 2
2.0, 7.0, -6.0; 1
-2.0, 8.0, -6.0; 2
-1.0, 8.0, -6.0; 1
0.0, 8.0, -6.0; 2
1.0, 8.0, -6.0; 2
-2.0, -9.0, -5.0; 7
-1.0, -9.0, -5.0; 4
0.0, -9.0, -5.0; 5
1.0, -9.0, -5.0; 5
2.0, -9.0, -5.0; 4
3.0, -9.0, -5.0; 4
-6.0, -8.0, -5.0; 1
-5.0, -8.0, -5.0; 2
-4.0, -8.0, -5.0; 4
-3.0, -8.0, -5.0; 9
-2.0, -8.0, -5.0; 118
-1.0, -8.0, -5.0; 259
0.0, -8.0, -5.0; 31
1.0, -8.0, -5.0; 4
2.0, -8.0, -5.0; 8
3.0, -8.0, -5.0; 6
-7.0, -7.0, -5.0; 1
-6.0, -7.0, -5.0; 7
-5.0, -7.0, -5.0; 6
-4.0, -7.0, -5.0; 4
-3.0, -7.0, -5.0; 7
-2.0, -7.0, -5.0; 25
-1.0, -7.0, -5.0; 56
0.0, -7.0, -5.0; 18
1.0, -7.0, -5.0; 5
2.0, -7.0, -5.0; 7
3.0, -7.0, -5.0; 6
4.0, -7.0, -5.0; 2
5.0, -7.0, -5.0; 2
-7.0, -6.0, -5.0; 6
-6.0, -6.0, -5.0; 8
-5.0, -6.0, -5.0; 2
-4.0, -6.0, -5.0; 3
-3.0, -6.0, -5.0; 4
-2.0, -6.0, -5.0; 1
-1.0, -6.0, -5.0; 3
0.0, -6.0, -5.0; 21
1.0, -6.0, -5.0; 14
2.0, -6.0, -5.0; 5
3.0, -6.0, -5.0; 3
4.0, -6.0, -5.0; 2
5.0, -6.0, -5.0; 3
-8.0, -5.0, -5.0; 3
-7.0, -5.0, -5.0; 9
-6.0, -5.0, -5.0; 2
-5.0, -5.0, -5.0; 3
-3.0, -5.0, -5.0; 3
-2.0, -5.0, -5.0; 9
-1.0, -5.0, -5.0; 3
0.0, -5.0, -5.0; 13
1.0, -5.0, -5.0; 19
2.0, -5.0, -5.0; 1
3.0, -5.0, -5.0; 4
4.0, -5.0, -5.0; 2
-8.0, -4.0, -5.0; 2
-7.0, -4.0, -5.0; 5
-6.0, -4.0, -5.0; 4
-5.0, -4.0, -5.0; 3
-4.0, -4.0, -5.0; 5
-3.0, -4.0, -5.0; 32
-2.0, -4.0, -5.0; 100
-1.0, -4.0, -5.0; 32
0.0, -4.0, -5.0; 17
1.0, -4.0, -5.0; 65
2.0, -4.0, -5.0; 6
3.0, -4.0, -5.0; 1
4.0, -4.0, -5.0; 1
5.0, -4.0, -5.0; 1
7.0, -4.0, -5.0; 2
8.0, -4.0, -5.0; 3
-8.0, -3.0, -5.0; 3
-7.0, -3.0, -5.0; 5
-6.0, -3.0, -5.0; 1
-5.0, -3.0, -5.0; 6
-4.0, -3.0, -5.0; 21
-3.0, -3.0, -5.0; 414
-2.0, -3.0, -5.0; 450
-1.0, -3.0, -5.0; 23
0.0, -3.0, -5.0; 55
1.0, -3.0, -5.0; 467
2.0, -3.0, -5.0; 21
4.0, -3.0, -5.0; 2
5.0, -3.0, -5.0; 3
7.0, -3.0, -5.0; 1
8.0, -3.0, -5.0; 3
-9.0, -2.0, -5.0; 4
-8.0, -2.0, -5.0; 4
-7.0, -2.0, -5.0; 3
-6.0, -2.0, -5.0; 2
-5.0, -2.0, -5.0; 6
-4.0, -2.0, -5.0; 14
-3.0, -2.0, -5.0; 61
-2.0, -2.0, -5.0; 26
-1.0, -2.0, -5.0; 12
0.0, -2.0, -5.0; 36
1.0, -2.0, -5.0; 41
2.0, -2.0, -5.0; 14
3.0, -2.0, -5.0; 4
4.0, -2.0, -5.0; 2
5.0, -2.0, -5.0; 1
8.0, -2.0, -5.0; 1
-9.0, -1.0, -5.0; 1
-8.0, -1.0, -5.0; 4
-7.0, -1.0, -5.0; 5
-6.0, -1.0, -5.0; 2
-5.0, -1.0, -5.0; 5
-4.0, -1.0, -5.0; 10
-3.0, -1.0, -5.0; 21
-2.0, -1.0, -5.0; 24
-1.0, -1.0, -5.0; 19
0.0, -1.0, -5.0; 6
1.0, -1.0, -5.0; 5
2.0, -1.0, -5.0; 2
3.0, -1.0, -5.0; 1
4.0, -1.0, -5.0; 6
5.0, -1.0, -5.0; 2
6.0, -1.0, -5.0; 1
-9.0, 0.0, -5.0; 3
-8.0, 0.0, -5.0; 6
-7.0, 0.0, -5.0; 6
-6.0, 0.0, -5.0; 1
-4.0, 0.0, -5.0; 12
-3.0, 0.0, -5.0; 29
-2.0, 0.0, -5.0; 15
-1.0, 0.0, -5.0; 5
0.0, 0.0, -5.0; 5
1.0, 0.0, -5.0; 2
2.0, 0.0, -5.0; 2
3.0, 0.0, -5.0; 2
4.0, 0.0, -5.0; 4
5.0, 0.0, -5.0; 5
6.0, 0.0, -5.0; 1
-9.0, 1.0, -5.0; 1
-8.0, 1.0, -5.0; 5
-7.0, 1.0, -5.0; 5
-6.0, 1.0, -5.0; 2
-5.0, 1.0, -5.0; 9
-4.0, 1.0, -5.0; 13
-3.0, 1.0, -5.0; 8
-2.0, 1.0, -5.0; 4
-1.0, 1.0, -5.0; 5
0.0, 1.0, -5.0; 16
1.0, 1.0, -5.0; 6
2.0, 1.0, -5.0; 5
3.0, 1.0, -5.0; 2
4.0, 1.0, -5.0; 3
7.0, 1.0, -5.0; 1
-8.0, 2.0, -5.0; 5
-7.0, 2.0, -5.0; 2
-6.0, 2.0, -5.0; 5
-5.0, 2.0, -5.0; 16
-4.0, 2.0, -5.0; 14
-3.0, 2.0, -5.0; 11
-2.0, 2.0, -5.0; 10
-1.0, 2.0, -5.0; 15
0.0, 2.0, -5.0; 15
1.0, 2.0, -5.0; 20
2.0, 2.0, -5.0; 10
3.0, 2.0, -5.0; 4
4.0, 2.0, -5.0; 1
-9.0, 3.0, -5.0; 2
-8.0, 3.0, -5.0; 5
-7.0, 3.0, -5.0; 7
-6.0, 3.0, -5.0; 2
-5.0, 3.0, -5.0; 9
-4.0, 3.0, -5.0; 8
-3.0, 3.0, -5.0; 4
-2.0, 3.0, -5.0; 9
-1.0, 3.0, -5.0; 27
0.0, 3.0, -5.0; 24
1.0, 3.0, -5.0; 25
2.0, 3.0, -5.0; 5
4.0, 3.0, -5.0; 1
6.0, 3.0, -5.0; 1
-8.0, 4.0, -5.0; 4
-7.0, 4.0, -5.0; 8
-5.0, 4.0, -5.0; 5
-4.0, 4.0, -5.0; 4
-3.0, 4.0, -5.0; 5
-2.0, 4.0, -5.0; 6
-1.0, 4.0, -5.0; 8
0.0, 4.0, -5.0; 5
1.0, 4.0, -5.0; 3
2.0, 4.0, -5.0; 1
3.0, 4.0, -5.0; 4
4.0, 4.0, -5.0; 1
5.0, 4.0, -5.0; 2
6.0, 4.0, -5.0; 1
7.0, 4.0, -5.0; 2
-7.0, 5.0, -5.0; 3
-6.0, 5.0, -5.0; 4
-5.0, 5.0, -5.0; 8
-4.0, 5.0, -5.0; 5
-2.0, 5.0, -5.0; 2
-1.0, 5.0, -5.0; 1
1.0, 5.0, -5.0; 2
2.0, 5.0, -5.0; 4
3.0, 5.0, -5.0; 2
4.0, 5.0, -5.0; 1
6.0, 5.0, -5.0; 1
-7.0, 6.0, -5.0; 1
-6.0, 6.0, -5.0; 3
-5.0, 6.0, -5.0; 4
-4.0, 6.0, -5.0; 11
-3.0, 6.0, -5.0; 9
-2.0, 6.0, -5.0; 5
-1.0, 6.0, -5.0; 3
0.0, 6.0, -5.0; 2
1.0, 6.0, -5.0; 1
2.0, 6.0, -5.0; 9
3.0, 6.0, -5.0; 5
4.0, 6.0, -5.0; 1
-4.0, 7.0, -5.0; 2
-3.0, 7.0, -5.0; 7
-2.0, 7.0, -5.0; 5
-1.0, 7.0, -5.0; 4
0.0, 7.0, -5.0; 4
1.0, 7.0, -5.0; 6
2.0, 7.0, -5.0; 3
3.0, 7.0, -5.0; 2
-3.0, 8.0, -5.0; 2
-2.0, 8.0, -5.0; 4
-1.0, 8.0, -5.0; 5
0.0, 8.0, -5.0; 4
1.0, 8.0, -5.0; 5
2.0, 8.0, -5.0; 2
3.0, 8.0, -5.0; 1
-2.0, -10.0, -4.0; 2
-1.0, -10.0, -4.0; 3
0.0, -10.0, -4.0; 4
1.0, -10.0, -4.0; 3
-4.0, -9.0, -4.0; 1
-3.0, -9.0, -4.0; 4
-2.0, -9.0, -4.0; 7
-1.0, -9.0, -4.0; 4
0.0, -9.0, -4.0; 2
1.0, -9.0, -4.0; 4
2.0, -9.0, -4.0; 5
3.0, -9.0, -4.0; 4
-6.0, -8.0, -4.0; 6
-5.0, -8.0, -4.0; 3
-4.0, -8.0, -4.0; 7
-3.0, -8.0, -4.0; 5
-2.0, -8.0, -4.0; 11
-1.0, -8.0, -4.0; 32
0.0, -8.0, -4.0; 9
1.0, -8.0, -4.0; 5
2.0, -8.0, -4.0; 4
3.0, -8.0, -4.0; 7
4.0, -8.0, -4.0; 2
5.0, -8.0, -4.0; 2
-7.0, -7.0, -4.0; 6
-6.0, -7.0, -4.0; 7
-5.0, -7.0, -4.0; 1
-4.0, -7.0, -4.0; 1
-3.0, -7.0, -4.0; 1
-1.0, -7.0, -4.0; 9
0.0, -7.0, -4.0; 23
1.0, -7.0, -4.0; 19
2.0, -7.0, -4.0; 3
3.0, -7.0, -4.0; 3
4.0, -7.0, -4.0; 2
5.0, -7.0, -4.0; 3
6.0, -7.0, -4.0; 2
-8.0, -6.0, -4.0; 1
-7.0, -6.0, -4.0; 6
-6.0, -6.0, -4.0; 1
-2.0, -6.0, -4.0; 1
-1.0, -6.0, -4.0; 6
0.0, -6.0, -4.0; 10
1.0, -6.0, -4.0; 54
2.0, -6.0, -4.0; 9
3.0, -6.0, -4.0; 2
4.0, -6.0, -4.0; 3
5.0, -6.0, -4.0; 3
-8.0, -5.0, -4.0; 9
-7.0, -5.0, -4.0; 4
-6.0, -5.0, -4.0; 3
-5.0, -5.0, -4.0; 3
-4.0, -5.0, -4.0; 2
-3.0, -5.0, -4.0; 4
-2.0, -5.0, -4.0; 14
-1.0, -5.0, -4.0; 94
0.0, -5.0, -4.0; 13
1.0, -5.0, -4.0; 52
2.0, -5.0, -4.0; 11
3.0, -5.0, -4.0; 2
4.0, -5.0, -4.0; 2
5.0, -5.0, -4.0; 1
-9.0, -4.0, -4.0; 7
-8.0, -4.0, -4.0; 8
-7.0, -4.0, -4.0; 4
-6.0, -4.0, -4.0; 1
-5.0, -4.0, -4.0; 5
-4.0, -4.0, -4.0; 60
-3.0, -4.0, -4.0; 31
-2.0, -4.0, -4.0; 24
-1.0, -4.0, -4.0; 44
0.0, -4.0, -4.0; 4
1.0, -4.0, -4.0; 54
2.0, -4.0, -4.0; 34
3.0, -4.0, -4.0; 1
5.0, -4.0, -4.0; 1
6.0, -4.0, -4.0; 1
7.0, -4.0, -4.0; 1
8.0, -4.0, -4.0; 1
-10.0, -3.0, -4.0; 1
-9.0, -3.0, -4.0; 1
-8.0, -3.0, -4.0; 7
-7.0, -3.0, -4.0; 5
-6.0, -3.0, -4.0; 5
-5.0, -3.0, -4.0; 17
-4.0, -3.0, -4.0; 139
-3.0, -3.0, -4.0; 96
-2.0, -3.0, -4.0; 6
-1.0, -3.0, -4.0; 1
0.0, -3.0, -4.0; 3
1.0, -3.0, -4.0; 98
2.0, -3.0, -4.0; 77
3.0, -3.0, -4.0; 3
4.0, -3.0, -4.0; 1
5.0, -3.0, -4.0; 2
8.0, -3.0, -4.0; 2
-9.0, -2.0, -4.0; 1
-8.0, -2.0, -4.0; 6
-7.0, -2.0, -4.0; 4
-6.0, -2.0, -4.0; 11
-5.0, -2.0, -4.0; 7
-4.0, -2.0, -4.0; 30
-3.0, -2.0, -4.0; 16
1.0, -2.0, -4.0; 5
2.0, -2.0, -4.0; 1
3.0, -2.0, -4.0; 1
4.0, -2.0, -4.0; 1
5.0, -2.0, -4.0; 1
6.0, -2.0, -4.0; 1
7.0, -2.0, -4.0; 1
8.0, -2.0, -4.0; 2
-9.0, -1.0, -4.0; 2
-8.0, -1.0, -4.0; 1
-7.0, -1.0, -4.0; 5
-5.0, -1.0, -4.0; 2
-4.0, -1.0, -4.0; 5
2.0, -1.0, -4.0; 1
4.0, -1.0, -4.0; 9
5.0, -1.0, -4.0; 1
-10.0, 0.0, -4.0; 1
-9.0, 0.0, -4.0; 6
-8.0, 0.0, -4.0; 5
-7.0, 0.0, -4.0; 2
-6.0, 0.0, -4.0; 3
-5.0, 0.0, -4.0; 3
-4.0, 0.0, -4.0; 8
-3.0, 0.0, -4.0; 3
-1.0, 0.0, -4.0; 1
3.0, 0.0, -4.0; 1
4.0, 0.0, -4.0; 1
5.0, 0.0, -4.0; 3
-9.0, 1.0, -4.0; 8
-8.0, 1.0, -4.0; 5
-6.0, 1.0, -4.0; 9
-5.0, 1.0, -4.0; 12
-4.0, 1.0, -4.0; 7
-3.0, 1.0, -4.0; 1
3.0, 1.0, -4.0; 2
4.0, 1.0, -4.0; 1
5.0, 1.0, -4.0; 6
7.0, 1.0, -4.0; 1
-9.0, 2.0, -4.0; 1
-8.0, 2.0, -4.0; 5
-6.0, 2.0, -4.0; 17
-5.0, 2.0, -4.0; 11
-4.0, 2.0, -4.0; 4
-3.0, 2.0, -4.0; 2
0.0, 2.0, -4.0; 1
1.0, 2.0, -4.0; 2
2.0, 2.0, -4.0; 1
3.0, 2.0, -4.0; 2
4.0, 2.0, -4.0; 3
-9.0, 3.0, -4.0; 1
-8.0, 3.0, -4.0; 7
-7.0, 3.0, -4.0; 2
-6.0, 3.0, -4.0; 4
-5.0, 3.0, -4.0; 2
-4.0, 3.0, -4.0; 2
-3.0, 3.0, -4.0; 1
-2.0, 3.0, -4.0; 1
-1.0, 3.0, -4.0; 2
0.0, 3.0, -4.0; 19
1.0, 3.0, -4.0; 18
2.0, 3.0, -4.0; 4
3.0, 3.0, -4.0; 5
4.0, 3.0, -4.0; 1
-9.0, 4.0, -4.0; 2
-8.0, 4.0, -4.0; 5
-7.0, 4.0, -4.0; 4
-6.0, 4.0, -4.0; 1
-5.0, 4.0, -4.0; 1
-3.0, 4.0, -4.0; 2
-2.0, 4.0, -4.0; 13
-1.0, 4.0, -4.0; 16
0.0, 4.0, -4.0; 90
1.0, 4.0, -4.0; 42
2.0, 4.0, -4.0; 1
3.0, 4.0, -4.0; 1
4.0, 4.0, -4.0; 5
5.0, 4.0, -4.0; 1
6.0, 4.0, -4.0; 1
8.0, 4.0, -4.0; 1
-7.0, 5.0, -4.0; 4
-6.0, 5.0, -4.0; 4
-5.0, 5.0, -4.0; 1
-4.0, 5.0, -4.0; 2
-3.0, 5.0, -4.0; 2
-2.0, 5.0, -4.0; 20
-1.0, 5.0, -4.0; 56
0.0, 5.0, -4.0; 33
1.0, 5.0, -4.0; 6
2.0, 5.0, -4.0; 2
3.0, 5.0, -4.0; 2
4.0, 5.0, -4.0; 1
7.0, 5.0, -4.0; 1
-7.0, 6.0, -4.0; 2
-6.0, 6.0, -4.0; 5
-5.0, 6.0, -4.0; 3
-4.0, 6.0, -4.0; 2
-2.0, 6.0, -4.0; 2
-1.0, 6.0, -4.0; 6
0.0, 6.0, -4.0; 8
1.0, 6.0, -4.0; 6
2.0, 6.0, -4.0; 5
3.0, 6.0, -4.0; 2
4.0, 6.0, -4.0; 1
-6.0, 7.0, -4.0; 3
-5.0, 7.0, -4.0; 1
-4.0, 7.0, -4.0; 8
-3.0, 7.0, -4.0; 4
-2.0, 7.0, -4.0; 4
-1.0, 7.0, -4.0; 4
0.0, 7.0, -4.0; 3
2.0, 7.0, -4.0; 9
3.0, 7.0, -4.0; 2
4.0, 7.0, -4.0; 3
-5.0, 8.0, -4.0; 1
-4.0, 8.0, -4.0; 6
-3.0, 8.0, -4.0; 4
-2.0, 8.0, -4.0; 11
-1.0, 8.0, -4.0; 7
0.0, 8.0, -4.0; 6
1.0, 8.0, -4.0; 12
2.0, 8.0, -4.0; 7
3.0, 8.0, -4.0; 1
-3.0, 9.0, -4.0; 1
-2.0, 9.0, -4.0; 1
-1.0, 9.0, -4.0; 1
0.0, 9.0, -4.0; 5
1.0, 9.0, -4.0; 4
-3.0, -10.0, -3.0; 3
-2.0, -10.0, -3.0; 6
-1.0, -10.0, -3.0; 5
0.0, -10.0, -3.0; 4
1.0, -10.0, -3.0; 8
2.0, -10.0, -3.0; 1
-6.0, -9.0, -3.0; 1
-5.0, -9.0, -3.0; 3
-4.0, -9.0, -3.0; 2
-3.0, -9.0, -3.0; 6
-2.0, -9.0, -3.0; 5
-1.0, -9.0, -3.0; 7
0.0, -9.0, -3.0; 7
1.0, -9.0, -3.0; 4
2.0, -9.0, -3.0; 7
3.0, -9.0, -3.0; 4
4.0, -9.0, -3.0; 1
-6.0, -8.0, -3.0; 1
-5.0, -8.0, -3.0; 8
-4.0, -8.0, -3.0; 5
-3.0, -8.0, -3.0; 4
-2.0, -8.0, -3.0; 12
-1.0, -8.0, -3.0; 10
0.0, -8.0, -3.0; 9
1.0, -8.0, -3.0; 5
2.0, -8.0, -3.0; 4
3.0, -8.0, -3.0; 6
4.0, -8.0, -3.0; 2
5.0, -8.0, -3.0; 1
-8.0, -7.0, -3.0; 2
-7.0, -7.0, -3.0; 5
-6.0, -7.0, -3.0; 5
-2.0, -7.0, -3.0; 1
-1.0, -7.0, -3.0; 2
0.0, -7.0, -3.0; 14
1.0, -7.0, -3.0; 19
2.0, -7.0, -3.0; 8
3.0, -7.0, -3.0; 2
4.0, -7.0, -3.0; 1
5.0, -7.0, -3.0; 3
-8.0, -6.0, -3.0; 4
-7.0, -6.0, -3.0; 8
-3.0, -6.0, -3.0; 2
-2.0, -6.0, -3.0; 1
-1.0, -6.0, -3.0; 34
0.0, -6.0, -3.0; 48
1.0, -6.0, -3.0; 394
2.0, -6.0, -3.0; 28
3.0, -6.0, -3.0; 5
5.0, -6.0, -3.0; 3
6.0, -6.0, -3.0; 1
-9.0, -5.0, -3.0; 3
-8.0, -5.0, -3.0; 9
-7.0, -5.0, -3.0; 4
-6.0, -5.0, -3.0; 1
-2.0, -5.0, -3.0; 2
-1.0, -5.0, -3.0; 12
0.0, -5.0, -3.0; 32
1.0, -5.0, -3.0; 31
2.0, -5.0, -3.0; 33
3.0, -5.0, -3.0; 1
4.0, -5.0, -3.0; 2
-10.0, -4.0, -3.0; 1
-9.0, -4.0, -3.0; 4
-8.0, -4.0, -3.0; 9
-6.0, -4.0, -3.0; 2
-5.0, -4.0, -3.0; 8
-4.0, -4.0, -3.0; 1
-3.0, -4.0, -3.0; 1
-2.0, -4.0, -3.0; 3
1.0, -4.0, -3.0; 3
2.0, -4.0, -3.0; 13
3.0, -4.0, -3.0; 2
4.0, -4.0, -3.0; 2
5.0, -4.0, -3.0; 4
8.0, -4.0, -3.0; 2
-10.0, -3.0, -3.0; 1
-9.0, -3.0, -3.0; 1
-8.0, -3.0, -3.0; 8
-7.0, -3.0, -3.0; 1
-6.0, -3.0, -3.0; 2
-5.0, -3.0, -3.0; 36
-4.0, -3.0, -3.0; 6
-3.0, -3.0, -3.0; 6
5.0, -3.0, -3.0; 1
6.0, -3.0, -3.0; 1
-9.0, -2.0, -3.0; 4
-8.0, -2.0, -3.0; 2
-7.0, -2.0, -3.0; 2
-6.0, -2.0, -3.0; 5
-5.0, -2.0, -3.0; 22
-4.0, -2.0, -3.0; 6
4.0, -2.0, -3.0; 2
5.0, -2.0, -3.0; 1
6.0, -2.0, -3.0; 1
7.0, -2.0, -3.0; 2
-10.0, -1.0, -3.0; 1
-9.0, -1.0, -3.0; 1
-8.0, -1.0, -3.0; 8
-7.0, -1.0, -3.0; 2
-6.0, -1.0, -3.0; 2
-5.0, -1.0, -3.0; 2
-4.0, -1.0, -3.0; 1
4.0, -1.0, -3.0; 1
5.0, -1.0, -3.0; 7
6.0, -1.0, -3.0; 1
-10.0, 0.0, -3.0; 1
-9.0, 0.0, -3.0; 6
-8.0, 0.0, -3.0; 3
-7.0, 0.0, -3.0; 2
-6.0, 0.0, -3.0; 11
-5.0, 0.0, -3.0; 5
-4.0, 0.0, -3.0; 1
4.0, 0.0, -3.0; 1
5.0, 0.0, -3.0; 10
6.0, 0.0, -3.0; 1
-9.0, 1.0, -3.0; 1
-8.0, 1.0, -3.0; 4
-7.0, 1.0, -3.0; 4
-6.0, 1.0, -3.0; 35
-5.0, 1.0, -3.0; 10
-4.0, 1.0, -3.0; 2
3.0, 1.0, -3.0; 2
4.0, 1.0, -3.0; 1
5.0, 1.0, -3.0; 3
6.0, 1.0, -3.0; 1
7.0, 1.0, -3.0; 1
-9.0, 2.0, -3.0; 5
-8.0, 2.0, -3.0; 4
-7.0, 2.0, -3.0; 3
-6.0, 2.0, -3.0; 15
-5.0, 2.0, -3.0; 6
2.0, 2.0, -3.0; 1
3.0, 2.0, -3.0; 1
7.0, 2.0, -3.0; 1
-9.0, 3.0, -3.0; 3
-8.0, 3.0, -3.0; 4
-7.0, 3.0, -3.0; 2
-6.0, 3.0, -3.0; 14
-5.0, 3.0, -3.0; 3
1.0, 3.0, -3.0; 1
2.0, 3.0, -3.0; 4
3.0, 3.0, -3.0; 2
5.0, 3.0, -3.0; 3
6.0, 3.0, -3.0; 1
7.0, 3.0, -3.0; 2
-9.0, 4.0, -3.0; 3
-8.0, 4.0, -3.0; 7
-7.0, 4.0, -3.0; 5
-6.0, 4.0, -3.0; 4
-5.0, 4.0, -3.0; 3
0.0, 4.0, -3.0; 95
1.0, 4.0, -3.0; 105
2.0, 4.0, -3.0; 5
3.0, 4.0, -3.0; 2
4.0, 4.0, -3.0; 6
5.0, 4.0, -3.0; 2
7.0, 4.0, -3.0; 2
-8.0, 5.0, -3.0; 3
-7.0, 5.0, -3.0; 11
-6.0, 5.0, -3.0; 4
-5.0, 5.0, -3.0; 2
-3.0, 5.0, -3.0; 2
-2.0, 5.0, -3.0; 10
-1.0, 5.0, -3.0; 20
0.0, 5.0, -3.0; 71
1.0, 5.0, -3.0; 30
2.0, 5.0, -3.0; 4
3.0, 5.0, -3.0; 2
4.0, 5.0, -3.0; 3
5.0, 5.0, -3.0; 2
6.0, 5.0, -3.0; 2
-8.0, 6.0, -3.0; 1
-7.0, 6.0, -3.0; 7
-6.0, 6.0, -3.0; 7
-5.0, 6.0, -3.0; 2
-4.0, 6.0, -3.0; 2
-3.0, 6.0, -3.0; 1
-2.0, 6.0, -3.0; 2
-1.0, 6.0, -3.0; 24
0.0, 6.0, -3.0; 28
1.0, 6.0, -3.0; 16
3.0, 6.0, -3.0; 3
4.0, 6.0, -3.0; 2
6.0, 6.0, -3.0; 1
-6.0, 7.0, -3.0; 5
-5.0, 7.0, -3.0; 3
-4.0, 7.0, -3.0; 5
-3.0, 7.0, -3.0; 1
-2.0, 7.0, -3.0; 2
0.0, 7.0, -3.0; 6
1.0, 7.0, -3.0; 5
2.0, 7.0, -3.0; 7
3.0, 7.0, -3.0; 3
4.0, 7.0, -3.0; 2
5.0, 7.0, -3.0; 1
-6.0, 8.0, -3.0; 1
-5.0, 8.0, -3.0; 4
-4.0, 8.0, -3.0; 5
-3.0, 8.0, -3.0; 4
-2.0, 8.0, -3.0; 8
-1.0, 8.0, -3.0; 7
0.0, 8.0, -3.0; 11
1.0, 8.0, -3.0; 11
2.0, 8.0, -3.0; 10
3.0, 8.0, -3.0; 2
-3.0, 9.0, -3.0; 2
-2.0, 9.0, -3.0; 8
-1.0, 9.0, -3.0; 6
0.0, 9.0, -3.0; 11
1.0, 9.0, -3.0; 4
2.0, 9.0, -3.0; 3
-4.0, -10.0, -2.0; 1
-3.0, -10.0, -2.0; 5
-2.0, -10.0, -2.0; 15
-1.0, -10.0, -2.0; 14
0.0, -10.0, -2.0; 13
1.0, -10.0, -2.0; 6
2.0, -10.0, -2.0; 5
-5.0, -9.0, -2.0; 1
-4.0, -9.0, -2.0; 6
-3.0, -9.0, -2.0; 7
-2.0, -9.0, -2.0; 5
-1.0, -9.0, -2.0; 7
0.0, -9.0, -2.0; 5
1.0, -9.0, -2.0; 4
2.0, -9.0, -2.0; 4
3.0, -9.0, -2.0; 2
4.0, -9.0, -2.0; 2
-7.0, -8.0, -2.0; 1
-6.0, -8.0, -2.0; 3
-5.0, -8.0, -2.0; 5
-4.0, -8.0, -2.0; 2
-3.0, -8.0, -2.0; 3
-2.0, -8.0, -2.0; 1
-1.0, -8.0, -2.0; 9
0.0, -8.0, -2.0; 8
1.0, -8.0, -2.0; 6
2.0, -8.0, -2.0; 2
3.0, -8.0, -2.0; 8
4.0, -8.0, -2.0; 5
5.0, -8.0, -2.0; 2
-8.0, -7.0, -2.0; 3
-7.0, -7.0, -2.0; 3
-6.0, -7.0, -2.0; 4
-5.0, -7.0, -2.0; 2
-1.0, -7.0, -2.0; 7
0.0, -7.0, -2.0; 23
1.0, -7.0, -2.0; 21
2.0, -7.0, -2.0; 6
3.0, -7.0, -2.0; 2
4.0, -7.0, -2.0; 4
5.0, -7.0, -2.0; 5
6.0, -7.0, -2.0; 1
-8.0, -6.0, -2.0; 4
-7.0, -6.0, -2.0; 3
-5.0, -6.0, -2.0; 1
-3.0, -6.0, -2.0; 1
-1.0, -6.0, -2.0; 6
0.0, -6.0, -2.0; 22
1.0, -6.0, -2.0; 195
2.0, -6.0, -2.0; 20
3.0, -6.0, -2.0; 2
4.0, -6.0, -2.0; 2
8.0, -6.0, -2.0; 1
-9.0, -5.0, -2.0; 3
-8.0, -5.0, -2.0; 5
-7.0, -5.0, -2.0; 2
-6.0, -5.0, -2.0; 1
-5.0, -5.0, -2.0; 2
-1.0, -5.0, -2.0; 1
0.0, -5.0, -2.0; 4
1.0, -5.0, -2.0; 7
2.0, -5.0, -2.0; 17
3.0, -5.0, -2.0; 2
4.0, -5.0, -2.0; 1
-10.0, -4.0, -2.0; 1
-9.0, -4.0, -2.0; 3
-8.0, -4.0, -2.0; 3
-7.0, -4.0, -2.0; 4
-6.0, -4.0, -2.0; 1
-5.0, -4.0, -2.0; 2
2.0, -4.0, -2.0; 5
3.0, -4.0, -2.0; 1
4.0, -4.0, -2.0; 1
5.0, -4.0, -2.0; 2
6.0, -4.0, -2.0; 2
-10.0, -3.0, -2.0; 3
-9.0, -3.0, -2.0; 1
-8.0, -3.0, -2.0; 3
-7.0, -3.0, -2.0; 4
-6.0, -3.0, -2.0; 9
-5.0, -3.0, -2.0; 10
-4.0, -3.0, -2.0; 2
6.0, -3.0, -2.0; 1
7.0, -3.0, -2.0; 1
-10.0, -2.0, -2.0; 1
-9.0, -2.0, -2.0; 5
-8.0, -2.0, -2.0; 5
-7.0, -2.0, -2.0; 4
-6.0, -2.0, -2.0; 6
-5.0, -2.0, -2.0; 5
-10.0, -1.0, -2.0; 1
-9.0, -1.0, -2.0; 8
-8.0, -1.0, -2.0; 7
-7.0, -1.0, -2.0; 2
-6.0, -1.0, -2.0; 1
-5.0, -1.0, -2.0; 2
5.0, -1.0, -2.0; 1
6.0, -1.0, -2.0; 2
-10.0, 0.0, -2.0; 2
-9.0, 0.0, -2.0; 4
-8.0, 0.0, -2.0; 3
-7.0, 0.0, -2.0; 1
-6.0, 0.0, -2.0; 14
-5.0, 0.0, -2.0; 3
5.0, 0.0, -2.0; 3
6.0, 0.0, -2.0; 1
7.0, 0.0, -2.0; 1
-10.0, 1.0, -2.0; 3
-9.0, 1.0, -2.0; 2
-8.0, 1.0, -2.0; 3
-7.0, 1.0, -2.0; 2
-6.0, 1.0, -2.0; 196
-5.0, 1.0, -2.0; 31
4.0, 1.0, -2.0; 1
5.0, 1.0, -2.0; 1
6.0, 1.0, -2.0; 1
8.0, 1.0, -2.0; 1
-10.0, 2.0, -2.0; 2
-9.0, 2.0, -2.0; 9
-8.0, 2.0, -2.0; 3
-7.0, 2.0, -2.0; 11
-6.0, 2.0, -2.0; 19
-5.0, 2.0, -2.0; 23
5.0, 2.0, -2.0; 1
-10.0, 3.0, -2.0; 2
-9.0, 3.0, -2.0; 7
-8.0, 3.0, -2.0; 3
-7.0, 3.0, -2.0; 5
-6.0, 3.0, -2.0; 24
-5.0, 3.0, -2.0; 6
4.0, 3.0, -2.0; 4
5.0, 3.0, -2.0; 2
6.0, 3.0, -2.0; 2
-9.0, 4.0, -2.0; 6
-8.0, 4.0, -2.0; 16
-7.0, 4.0, -2.0; 1
-6.0, 4.0, -2.0; 9
-5.0, 4.0, -2.0; 5
0.0, 4.0, -2.0; 2
1.0, 4.0, -2.0; 15
2.0, 4.0, -2.0; 11
3.0, 4.0, -2.0; 1
4.0, 4.0, -2.0; 3
5.0, 4.0, -2.0; 3
6.0, 4.0, -2.0; 1
7.0, 4.0, -2.0; 2
-9.0, 5.0, -2.0; 1
-8.0, 5.0, -2.0; 8
-7.0, 5.0, -2.0; 3
-6.0, 5.0, -2.0; 1
-5.0, 5.0, -2.0; 3
-4.0, 5.0, -2.0; 1
-3.0, 5.0, -2.0; 1
-2.0, 5.0, -2.0; 1
-1.0, 5.0, -2.0; 5
0.0, 5.0, -2.0; 30
1.0, 5.0, -2.0; 35
2.0, 5.0, -2.0; 11
3.0, 5.0, -2.0; 3
4.0, 5.0, -2.0; 3
7.0, 5.0, -2.0; 1
-8.0, 6.0, -2.0; 1
-7.0, 6.0, -2.0; 13
-6.0, 6.0, -2.0; 10
-5.0, 6.0, -2.0; 1
-4.0, 6.0, -2.0; 2
-3.0, 6.0, -2.0; 2
-2.0, 6.0, -2.0; 16
-1.0, 6.0, -2.0; 42
0.0, 6.0, -2.0; 69
1.0, 6.0, -2.0; 35
2.0, 6.0, -2.0; 1
3.0, 6.0, -2.0; 1
4.0, 6.0, -2.0; 1
5.0, 6.0, -2.0; 1
-7.0, 7.0, -2.0; 3
-6.0, 7.0, -2.0; 7
-5.0, 7.0, -2.0; 16
-4.0, 7.0, -2.0; 6
-3.0, 7.0, -2.0; 6
-2.0, 7.0, -2.0; 1
-1.0, 7.0, -2.0; 4
0.0, 7.0, -2.0; 4
2.0, 7.0, -2.0; 6
3.0, 7.0, -2.0; 8
6.0, 7.0, -2.0; 1
-5.0, 8.0, -2.0; 2
-4.0, 8.0, -2.0; 7
-3.0, 8.0, -2.0; 9
-2.0, 8.0, -2.0; 14
-1.0, 8.0, -2.0; 10
0.0, 8.0, -2.0; 7
1.0, 8.0, -2.0; 7
2.0, 8.0, -2.0; 6
3.0, 8.0, -2.0; 1
-4.0, 9.0, -2.0; 2
-3.0, 9.0, -2.0; 2
-2.0, 9.0, -2.0; 3
-1.0, 9.0, -2.0; 9
0.0, 9.0, -2.0; 10
1.0, 9.0, -2.0; 3
2.0, 9.0, -2.0; 7
3.0, 9.0, -2.0; 1
-4.0, -10.0, -1.0; 4
-3.0, -10.0, -1.0; 12
-2.0, -10.0, -1.0; 11
-1.0, -10.0, -1.0; 18
0.0, -10.0, -1.0; 11
1.0, -10.0, -1.0; 7
3.0, -10.0, -1.0; 1
-6.0, -9.0, -1.0; 5
-5.0, -9.0, -1.0; 6
-4.0, -9.0, -1.0; 7
-3.0, -9.0, -1.0; 4
-2.0, -9.0, -1.0; 3
-1.0, -9.0, -1.0; 7
0.0, -9.0, -1.0; 5
1.0, -9.0, -1.0; 6
2.0, -9.0, -1.0; 5
3.0, -9.0, -1.0; 7
4.0, -9.0, -1.0; 1
-7.0, -8.0, -1.0; 4
-6.0, -8.0, -1.0; 4
-5.0, -8.0, -1.0; 2
-4.0, -8.0, -1.0; 3
-3.0, -8.0, -1.0; 1
-2.0, -8.0, -1.0; 6
-1.0, -8.0, -1.0; 17
0.0, -8.0, -1.0; 8
1.0, -8.0, -1.0; 3
2.0, -8.0, -1.0; 4
3.0, -8.0, -1.0; 6
4.0, -8.0, -1.0; 5
5.0, -8.0, -1.0; 5
6.0, -8.0, -1.0; 1
-8.0, -7.0, -1.0; 3
-7.0, -7.0, -1.0; 4
-5.0, -7.0, -1.0; 1
-2.0, -7.0, -1.0; 12
-1.0, -7.0, -1.0; 56
0.0, -7.0, -1.0; 94
1.0, -7.0, -1.0; 22
2.0, -7.0, -1.0; 3
3.0, -7.0, -1.0; 1
4.0, -7.0, -1.0; 2
5.0, -7.0, -1.0; 2
6.0, -7.0, -1.0; 1
-8.0, -6.0, -1.0; 6
-7.0, -6.0, -1.0; 4
-6.0, -6.0, -1.0; 3
-4.0, -6.0, -1.0; 1
-2.0, -6.0, -1.0; 2
-1.0, -6.0, -1.0; 9
0.0, -6.0, -1.0; 14
1.0, -6.0, -1.0; 11
2.0, -6.0, -1.0; 5
3.0, -6.0, -1.0; 1
4.0, -6.0, -1.0; 3
5.0, -6.0, -1.0; 1
-9.0, -5.0, -1.0; 3
-8.0, -5.0, -1.0; 3
-7.0, -5.0, -1.0; 2
-6.0, -5.0, -1.0; 4
0.0, -5.0, -1.0; 1
1.0, -5.0, -1.0; 1
2.0, -5.0, -1.0; 14
3.0, -5.0, -1.0; 7
4.0, -5.0, -1.0; 2
5.0, -5.0, -1.0; 1
6.0, -5.0, -1.0; 1
-10.0, -4.0, -1.0; 2
-9.0, -4.0, -1.0; 7
-8.0, -4.0, -1.0; 6
-7.0, -4.0, -1.0; 9
-6.0, -4.0, -1.0; 2
-5.0, -4.0, -1.0; 4
1.0, -4.0, -1.0; 1
2.0, -4.0, -1.0; 1
3.0, -4.0, -1.0; 2
6.0, -4.0, -1.0; 1
-9.0, -3.0, -1.0; 7
-8.0, -3.0, -1.0; 5
-7.0, -3.0, -1.0; 6
-6.0, -3.0, -1.0; 9
-5.0, -3.0, -1.0; 13
3.0, -3.0, -1.0; 1
6.0, -3.0, -1.0; 3
9.0, -3.0, -1.0; 1
-10.0, -2.0, -1.0; 3
-8.0, -2.0, -1.0; 2
-7.0, -2.0, -1.0; 5
-6.0, -2.0, -1.0; 2
-5.0, -2.0, -1.0; 2
-10.0, -1.0, -1.0; 2
-9.0, -1.0, -1.0; 3
-8.0, -1.0, -1.0; 4
-7.0, -1.0, -1.0; 3
-6.0, -1.0, -1.0; 2
5.0, -1.0, -1.0; 1
6.0, -1.0, -1.0; 1
-10.0, 0.0, -1.0; 1
-9.0, 0.0, -1.0; 7
-8.0, 0.0, -1.0; 5
-7.0, 0.0, -1.0; 2
-6.0, 0.0, -1.0; 6
-5.0, 0.0, -1.0; 1
5.0, 0.0, -1.0; 3
6.0, 0.0, -1.0; 1
7.0, 0.0, -1.0; 1
-9.0, 1.0, -1.0; 4
-8.0, 1.0, -1.0; 5
-7.0, 1.0, -1.0; 2
-6.0, 1.0, -1.0; 316
-5.0, 1.0, -1.0; 50
6.0, 1.0, -1.0; 1
9.0, 1.0, -1.0; 1
-10.0, 2.0, -1.0; 3
-9.0, 2.0, -1.0; 7
-8.0, 2.0, -1.0; 2
-7.0, 2.0, -1.0; 7
-6.0, 2.0, -1.0; 37
-5.0, 2.0, -1.0; 36
5.0, 2.0, -1.0; 1
6.0, 2.0, -1.0; 1
7.0, 2.0, -1.0; 1
-10.0, 3.0, -1.0; 3
-9.0, 3.0, -1.0; 8
-8.0, 3.0, -1.0; 4
-7.0, 3.0, -1.0; 8
-6.0, 3.0, -1.0; 17
-5.0, 3.0, -1.0; 6
3.0, 3.0, -1.0; 2
4.0, 3.0, -1.0; 1
5.0, 3.0, -1.0; 4
6.0, 3.0, -1.0; 2
-9.0, 4.0, -1.0; 10
-8.0, 4.0, -1.0; 15
-7.0, 4.0, -1.0; 3
-6.0, 4.0, -1.0; 21
-5.0, 4.0, -1.0; 20
1.0, 4.0, -1.0; 6
2.0, 4.0, -1.0; 13
3.0, 4.0, -1.0; 1
4.0, 4.0, -1.0; 1
5.0, 4.0, -1.0; 2
7.0, 4.0, -1.0; 1
-9.0, 5.0, -1.0; 1
-8.0, 5.0, -1.0; 6
-7.0, 5.0, -1.0; 14
-6.0, 5.0, -1.0; 1
-5.0, 5.0, -1.0; 10
-4.0, 5.0, -1.0; 8
-3.0, 5.0, -1.0; 2
-2.0, 5.0, -1.0; 3
-1.0, 5.0, -1.0; 4
0.0, 5.0, -1.0; 26
1.0, 5.0, -1.0; 38
2.0, 5.0, -1.0; 6
3.0, 5.0, -1.0; 1
4.0, 5.0, -1.0; 4
6.0, 5.0, -1.0; 2
7.0, 5.0, -1.0; 1
8.0, 5.0, -1.0; 3
-8.0, 6.0, -1.0; 3
-7.0, 6.0, -1.0; 23
-6.0, 6.0, -1.0; 134
-5.0, 6.0, -1.0; 31
-4.0, 6.0, -1.0; 6
-3.0, 6.0, -1.0; 16
-2.0, 6.0, -1.0; 26
-1.0, 6.0, -1.0; 65
0.0, 6.0, -1.0; 110
1.0, 6.0, -1.0; 26
2.0, 6.0, -1.0; 2
3.0, 6.0, -1.0; 4
4.0, 6.0, -1.0; 2
6.0, 6.0, -1.0; 1
7.0, 6.0, -1.0; 1
-7.0, 7.0, -1.0; 1
-6.0, 7.0, -1.0; 13
-5.0, 7.0, -1.0; 39
-4.0, 7.0, -1.0; 7
-3.0, 7.0, -1.0; 2
-2.0, 7.0, -1.0; 5
-1.0, 7.0, -1.0; 13
0.0, 7.0, -1.0; 11
1.0, 7.0, -1.0; 1
2.0, 7.0, -1.0; 7
3.0, 7.0, -1.0; 2
4.0, 7.0, -1.0; 1
5.0, 7.0, -1.0; 2
-6.0, 8.0, -1.0; 2
-5.0, 8.0, -1.0; 6
-4.0, 8.0, -1.0; 12
-3.0, 8.0, -1.0; 15
-2.0, 8.0, -1.0; 12
-1.0, 8.0, -1.0; 2
0.0, 8.0, -1.0; 7
1.0, 8.0, -1.0; 4
2.0, 8.0, -1.0; 7
3.0, 8.0, -1.0; 3
-4.0, 9.0, -1.0; 3
-3.0, 9.0, -1.0; 7
-2.0, 9.0, -1.0; 11
-1.0, 9.0, -1.0; 14
0.0, 9.0, -1.0; 13
1.0, 9.0, -1.0; 7
2.0, 9.0, -1.0; 5
-4.0, -10.0, 0.0; 6
-3.0, -10.0, 0.0; 7
-2.0, -10.0, 0.0; 5
-1.0, -10.0, 0.0; 15
0.0, -10.0, 0.0; 8
1.0, -10.0, 0.0; 5
-6.0, -9.0, 0.0; 1
-5.0, -9.0, 0.0; 6
-4.0, -9.0, 0.0; 5
-3.0, -9.0, 0.0; 6
-1.0, -9.0, 0.0; 7
0.0, -9.0, 0.0; 4
1.0, -9.0, 0.0; 4
2.0, -9.0, 0.0; 1
3.0, -9.0, 0.0; 3
5.0, -9.0, 0.0; 1
-7.0, -8.0, 0.0; 3
-6.0, -8.0, 0.0; 10
-5.0, -8.0, 0.0; 5
-4.0, -8.0, 0.0; 1
-2.0, -8.0, 0.0; 11
-1.0, -8.0, 0.0; 11
0.0, -8.0, 0.0; 2
1.0, -8.0, 0.0; 4
2.0, -8.0, 0.0; 3
3.0, -8.0, 0.0; 2
4.0, -8.0, 0.0; 3
6.0, -8.0, 0.0; 1
-8.0, -7.0, 0.0; 2
-7.0, -7.0, 0.0; 12
-6.0, -7.0, 0.0; 2
-5.0, -7.0, 0.0; 1
-4.0, -7.0, 0.0; 18
-3.0, -7.0, 0.0; 30
-2.0, -7.0, 0.0; 53
-1.0, -7.0, 0.0; 135
0.0, -7.0, 0.0; 106
1.0, -7.0, 0.0; 11
2.0, -7.0, 0.0; 4
3.0, -7.0, 0.0; 1
5.0, -7.0, 0.0; 2
6.0, -7.0, 0.0; 2
7.0, -7.0, 0.0; 1
-8.0, -6.0, 0.0; 7
-7.0, -6.0, 0.0; 9
-6.0, -6.0, 0.0; 5
-5.0, -6.0, 0.0; 8
-4.0, -6.0, 0.0; 1
-3.0, -6.0, 0.0; 10
-2.0, -6.0, 0.0; 24
-1.0, -6.0, 0.0; 24
0.0, -6.0, 0.0; 10
1.0, -6.0, 0.0; 9
2.0, -6.0, 0.0; 8
3.0, -6.0, 0.0; 1
4.0, -6.0, 0.0; 1
5.0, -6.0, 0.0; 1
6.0, -6.0, 0.0; 2
-9.0, -5.0, 0.0; 4
-8.0, -5.0, 0.0; 14
-7.0, -5.0, 0.0; 2
-6.0, -5.0, 0.0; 31
-4.0, -5.0, 0.0; 4
-3.0, -5.0, 0.0; 2
-2.0, -5.0, 0.0; 2
-1.0, -5.0, 0.0; 1
0.0, -5.0, 0.0; 1
1.0, -5.0, 0.0; 7
2.0, -5.0, 0.0; 11
3.0, -5.0, 0.0; 2
4.0, -5.0, 0.0; 1
5.0, -5.0, 0.0; 1
6.0, -5.0, 0.0; 1
-9.0, -4.0, 0.0; 6
-8.0, -4.0, 0.0; 6
-7.0, -4.0, 0.0; 8
-6.0, -4.0, 0.0; 10
-5.0, -4.0, 0.0; 4
-4.0, -4.0, 0.0; 1
3.0, -4.0, 0.0; 1
5.0, -4.0, 0.0; 1
-10.0, -3.0, 0.0; 2
-9.0, -3.0, 0.0; 11
-8.0, -3.0, 0.0; 6
-7.0, -3.0, 0.0; 2
-6.0, -3.0, 0.0; 3
-5.0, -3.0, 0.0; 3
5.0, -3.0, 0.0; 1
7.0, -3.0, 0.0; 1
-10.0, -2.0, 0.0; 2
-9.0, -2.0, 0.0; 3
-8.0, -2.0, 0.0; 3
-7.0, -2.0, 0.0; 2
-6.0, -2.0, 0.0; 13
-5.0, -2.0, 0.0; 3
5.0, -2.0, 0.0; 1
6.0, -2.0, 0.0; 1
-10.0, -1.0, 0.0; 3
-9.0, -1.0, 0.0; 3
-8.0, -1.0, 0.0; 9
-7.0, -1.0, 0.0; 4
-6.0, -1.0, 0.0; 4
-5.0, -1.0, 0.0; 1
-9.0, 0.0, 0.0; 2
-8.0, 0.0, 0.0; 6
-7.0, 0.0, 0.0; 5
-6.0, 0.0, 0.0; 3
-5.0, 0.0, 0.0; 1
3.0
7.12682265175
