4.0, 0.0, 0.0; 1
-9.0, 1.0, 0.0; 1
-8.0, 1.0, 0.0; 3
-7.0, 1.0, 0.0; 1
-6.0, 1.0, 0.0; 39
-5.0, 1.0, 0.0; 19
5.0, 1.0, 0.0; 1
-10.0, 2.0, 0.0; 1
-9.0, 2.0, 0.0; 1
-8.0, 2.0, 0.0; 2
-7.0, 2.0, 0.0; 2
-6.0, 2.0, 0.0; 18
-5.0, 2.0, 0.0; 59
5.0, 2.0, 0.0; 1
-9.0, 3.0, 0.0; 2
-8.0, 3.0, 0.0; 5
-7.0, 3.0, 0.0; 3
-6.0, 3.0, 0.0; 8
-5.0, 3.0, 0.0; 8
4.0, 3.0, 0.0; 3
5.0, 3.0, 0.0; 1
-9.0, 4.0, 0.0; 3
-8.0, 4.0, 0.0; 4
-7.0, 4.0, 0.0; 4
-6.0, 4.0, 0.0; 9
-5.0, 4.0, 0.0; 6
-4.0, 4.0, 0.0; 1
-3.0, 4.0, 0.0; 1
2.0, 4.0, 0.0; 3
4.0, 4.0, 0.0; 5
5.0, 4.0, 0.0; 1
-9.0, 5.0, 0.0; 3
-8.0, 5.0, 0.0; 2
-7.0, 5.0, 0.0; 6
-6.0, 5.0, 0.0; 2
-5.0, 5.0, 0.0; 2
-4.0, 5.0, 0.0; 11
-3.0, 5.0, 0.0; 17
-2.0, 5.0, 0.0; 5
-1.0, 5.0, 0.0; 15
0.0, 5.0, 0.0; 7
1.0, 5.0, 0.0; 12
3.0, 5.0, 0.0; 4
4.0, 5.0, 0.0; 1
-8.0, 6.0, 0.0; 3
-7.0, 6.0, 0.0; 20
-6.0, 6.0, 0.0; 129
-5.0, 6.0, 0.0; 25
-4.0, 6.0, 0.0; 9
-3.0, 6.0, 0.0; 14
-2.0, 6.0, 0.0; 14
-1.0, 6.0, 0.0; 33
0.0, 6.0, 0.0; 35
1.0, 6.0, 0.0; 8
3.0, 6.0, 0.0; 3
6.0, 6.0, 0.0; 1
-6.0, 7.0, 0.0; 13
-5.0, 7.0, 0.0; 19
-4.0, 7.0, 0.0; 3
-3.0, 7.0, 0.0; 7
-2.0, 7.0, 0.0; 3
-1.0, 7.0, 0.0; 12
0.0, 7.0, 0.0; 12
2.0, 7.0, 0.0; 1
3.0, 7.0, 0.0; 2
4.0, 7.0, 0.0; 1
6.0, 7.0, 0.0; 1
-6.0, 8.0, 0.0; 1
-5.0, 8.0, 0.0; 7
-4.0, 8.0, 0.0; 8
-3.0, 8.0, 0.0; 4
-2.0, 8.0, 0.0; 1
-1.0, 8.0, 0.0; 2
0.0, 8.0, 0.0; 2
1.0, 8.0, 0.0; 3
2.0, 8.0, 0.0; 1
3.0, 8.0, 0.0; 2
-4.0, 9.0, 0.0; 1
-3.0, 9.0, 0.0; 3
-2.0, 9.0, 0.0; 8
-1.0, 9.0, 0.0; 11
0.0, 9.0, 0.0; 13
1.0, 9.0, 0.0; 2
2.0, 9.0, 0.0; 1
-4.0, -10.0, 1.0; 2
-3.0, -10.0, 1.0; 6
-2.0, -10.0, 1.0; 3
-1.0, -10.0, 1.0; 8
0.0, -10.0, 1.0; 3
1.0, -10.0, 1.0; 3
2.0, -10.0, 1.0; 1
-6.0, -9.0, 1.0; 2
-5.0, -9.0, 1.0; 6
-4.0, -9.0, 1.0; 5
-3.0, -9.0, 1.0; 5
-2.0, -9.0, 1.0; 1
-1.0, -9.0, 1.0; 4
0.0, -9.0, 1.0; 3
1.0, -9.0, 1.0; 2
2.0, -9.0, 1.0; 1
3.0, -9.0, 1.0; 5
4.0, -9.0, 1.0; 1
-7.0, -8.0, 1.0; 1
-6.0, -8.0, 1.0; 4
-5.0, -8.0, 1.0; 2
-4.0, -8.0, 1.0; 1
-1.0, -8.0, 1.0; 1
0.0, -8.0, 1.0; 1
1.0, -8.0, 1.0; 3
2.0, -8.0, 1.0; 3
3.0, -8.0, 1.0; 1
4.0, -8.0, 1.0; 2
5.0, -8.0, 1.0; 2
-8.0, -7.0, 1.0; 2
-7.0, -7.0, 1.0; 6
-6.0, -7.0, 1.0; 1
-4.0, -7.0, 1.0; 10
-3.0, -7.0, 1.0; 28
-2.0, -7.0, 1.0; 40
-1.0, -7.0, 1.0; 42
0.0, -7.0, 1.0; 11
1.0, -7.0, 1.0; 1
2.0, -7.0, 1.0; 1
3.0, -7.0, 1.0; 2
4.0, -7.0, 1.0; 2
6.0, -7.0, 1.0; 1
-8.0, -6.0, 1.0; 2
-7.0, -6.0, 1.0; 5
-5.0, -6.0, 1.0; 22
-4.0, -6.0, 1.0; 53
-3.0, -6.0, 1.0; 38
-2.0, -6.0, 1.0; 31
-1.0, -6.0, 1.0; 19
0.0, -6.0, 1.0; 6
1.0, -6.0, 1.0; 5
2.0, -6.0, 1.0; 2
3.0, -6.0, 1.0; 1
5.0, -6.0, 1.0; 1
7.0, -6.0, 1.0; 1
-8.0, -5.0, 1.0; 3
-7.0, -5.0, 1.0; 7
-6.0, -5.0, 1.0; 9
-5.0, -5.0, 1.0; 24
-3.0, -5.0, 1.0; 5
-2.0, -5.0, 1.0; 1
2.0, -5.0, 1.0; 4
3.0, -5.0, 1.0; 1
-9.0, -4.0, 1.0; 4
-8.0, -4.0, 1.0; 2
-7.0, -4.0, 1.0; 4
-6.0, -4.0, 1.0; 13
-5.0, -4.0, 1.0; 4
-4.0, -4.0, 1.0; 1
-3.0, -4.0, 1.0; 3
1.0, -4.0, 1.0; 1
2.0, -4.0, 1.0; 5
3.0, -4.0, 1.0; 5
6.0, -4.0, 1.0; 1
-9.0, -3.0, 1.0; 1
-8.0, -3.0, 1.0; 2
-6.0, -3.0, 1.0; 4
-5.0, -3.0, 1.0; 1
-4.0, -3.0, 1.0; 1
7.0, -3.0, 1.0; 1
-10.0, -2.0, 1.0; 1
-9.0, -2.0, 1.0; 2
-8.0, -2.0, 1.0; 3
-7.0, -2.0, 1.0; 2
-6.0, -2.0, 1.0; 2
-8.0, -1.0, 1.0; 1
-7.0, -1.0, 1.0; 4
-6.0, -1.0, 1.0; 6
6.0, -1.0, 1.0; 1
-9.0, 0.0, 1.0; 1
-8.0, 0.0, 1.0; 1
-7.0, 0.0, 1.0; 2
-6.0, 0.0, 1.0; 6
-9.0, 1.0, 1.0; 1
-7.0, 1.0, 1.0; 2
-6.0, 1.0, 1.0; 2
-5.0, 1.0, 1.0; 8
-10.0, 2.0, 1.0; 1
-9.0, 2.0, 1.0; 1
-8.0, 2.0, 1.0; 3
-7.0, 2.0, 1.0; 2
-6.0, 2.0, 1.0; 2
-5.0, 2.0, 1.0; 14
-4.0, 2.0, 1.0; 1
-9.0, 3.0, 1.0; 4
-8.0, 3.0, 1.0; 4
-7.0, 3.0, 1.0; 1
-6.0, 3.0, 1.0; 1
-5.0, 3.0, 1.0; 9
-4.0, 3.0, 1.0; 9
3.0, 3.0, 1.0; 2
5.0, 3.0, 1.0; 1
-9.0, 4.0, 1.0; 3
-8.0, 4.0, 1.0; 10
-7.0, 4.0, 1.0; 1
-6.0, 4.0, 1.0; 6
-5.0, 4.0, 1.0; 10
-4.0, 4.0, 1.0; 9
-3.0, 4.0, 1.0; 7
-2.0, 4.0, 1.0; 7
-1.0, 4.0, 1.0; 1
1.0, 4.0, 1.0; 3
4.0, 4.0, 1.0; 1
5.0, 4.0, 1.0; 1
6.0, 4.0, 1.0; 1
7.0, 4.0, 1.0; 1
-9.0, 5.0, 1.0; 1
-8.0, 5.0, 1.0; 9
-7.0, 5.0, 1.0; 1
-6.0, 5.0, 1.0; 1
-5.0, 5.0, 1.0; 9
-4.0, 5.0, 1.0; 22
-3.0, 5.0, 1.0; 157
-2.0, 5.0, 1.0; 104
-1.0, 5.0, 1.0; 7
0.0, 5.0, 1.0; 11
1.0, 5.0, 1.0; 9
4.0, 5.0, 1.0; 1
5.0, 5.0, 1.0; 1
7.0, 5.0, 1.0; 1
-8.0, 6.0, 1.0; 4
-7.0, 6.0, 1.0; 13
-6.0, 6.0, 1.0; 11
-5.0, 6.0, 1.0; 14
-4.0, 6.0, 1.0; 10
-3.0, 6.0, 1.0; 18
-2.0, 6.0, 1.0; 14
-1.0, 6.0, 1.0; 10
0.0, 6.0, 1.0; 8
2.0, 6.0, 1.0; 1
3.0, 6.0, 1.0; 1
5.0, 6.0, 1.0; 2
6.0, 6.0, 1.0; 1
-7.0, 7.0, 1.0; 2
-6.0, 7.0, 1.0; 3
-5.0, 7.0, 1.0; 4
-4.0, 7.0, 1.0; 3
-3.0, 7.0, 1.0; 3
-2.0, 7.0, 1.0; 1
-1.0, 7.0, 1.0; 2
0.0, 7.0, 1.0; 2
1.0, 7.0, 1.0; 4
2.0, 7.0, 1.0; 1
3.0, 7.0, 1.0; 1
4.0, 7.0, 1.0; 2
5.0, 7.0, 1.0; 2
-5.0, 8.0, 1.0; 2
-4.0, 8.0, 1.0; 1
-3.0, 8.0, 1.0; 2
-2.0, 8.0, 1.0; 2
-1.0, 8.0, 1.0; 3
0.0, 8.0, 1.0; 2
1.0, 8.0, 1.0; 6
2.0, 8.0, 1.0; 2
-4.0, 9.0, 1.0; 1
-3.0, 9.0, 1.0; 4
-2.0, 9.0, 1.0; 6
-1.0, 9.0, 1.0; 8
0.0, 9.0, 1.0; 4
1.0, 9.0, 1.0; 2
2.0, 9.0, 1.0; 1
-3.0, -10.0, 2.0; 2
-2.0, -10.0, 2.0; 2
1.0, -10.0, 2.0; 2
-5.0, -9.0, 2.0; 2
-4.0, -9.0, 2.0; 4
-3.0, -9.0, 2.0; 4
-2.0, -9.0, 2.0; 5
-1.0, -9.0, 2.0; 6
0.0, -9.0, 2.0; 1
2.0, -9.0, 2.0; 2
3.0, -9.0, 2.0; 1
-7.0, -8.0, 2.0; 2
-6.0, -8.0, 2.0; 2
-5.0, -8.0, 2.0; 7
-4.0, -8.0, 2.0; 2
-3.0, -8.0, 2.0; 1
-2.0, -8.0, 2.0; 1
-1.0, -8.0, 2.0; 2
0.0, -8.0, 2.0; 2
1.0, -8.0, 2.0; 1
2.0, -8.0, 2.0; 1
4.0, -8.0, 2.0; 1
5.0, -8.0, 2.0; 1
-7.0, -7.0, 2.0; 3
-6.0, -7.0, 2.0; 4
-3.0, -7.0, 2.0; 3
-2.0, -7.0, 2.0; 3
0.0, -7.0, 2.0; 1
1.0, -7.0, 2.0; 2
2.0, -7.0, 2.0; 1
4.0, -7.0, 2.0; 1
5.0, -7.0, 2.0; 2
-8.0, -6.0, 2.0; 2
-7.0, -6.0, 2.0; 2
-6.0, -6.0, 2.0; 3
-4.0, -6.0, 2.0; 21
-3.0, -6.0, 2.0; 37
-2.0, -6.0, 2.0; 16
-1.0, -6.0, 2.0; 3
0.0, -6.0, 2.0; 2
1.0, -6.0, 2.0; 2
3.0, -6.0, 2.0; 1
5.0, -6.0, 2.0; 2
8.0, -6.0, 2.0; 1
-8.0, -5.0, 2.0; 3
-7.0, -5.0, 2.0; 1
-6.0, -5.0, 2.0; 1
-5.0, -5.0, 2.0; 10
-4.0, -5.0, 2.0; 31
-3.0, -5.0, 2.0; 3
-2.0, -5.0, 2.0; 2
-1.0, -5.0, 2.0; 1
0.0, -5.0, 2.0; 2
1.0, -5.0, 2.0; 1
2.0, -5.0, 2.0; 2
4.0, -5.0, 2.0; 1
6.0, -5.0, 2.0; 1
8.0, -5.0, 2.0; 1
-9.0, -4.0, 2.0; 1
-8.0, -4.0, 2.0; 3
-6.0, -4.0, 2.0; 1
-5.0, -4.0, 2.0; 8
-4.0, -4.0, 2.0; 3
2.0, -4.0, 2.0; 1
3.0, -4.0, 2.0; 1
8.0, -4.0, 2.0; 1
-9.0, -3.0, 2.0; 1
-7.0, -3.0, 2.0; 1
-6.0, -3.0, 2.0; 3
-5.0, -3.0, 2.0; 2
-4.0, -3.0, 2.0; 4
-3.0, -3.0, 2.0; 1
-10.0, -2.0, 2.0; 1
-9.0, -2.0, 2.0; 4
-6.0, -2.0, 2.0; 1
-5.0, -2.0, 2.0; 4
-4.0, -2.0, 2.0; 3
5.0, -2.0, 2.0; 1
-10.0, -1.0, 2.0; 2
-9.0, -1.0, 2.0; 3
-7.0, -1.0, 2.0; 1
-6.0, -1.0, 2.0; 7
-5.0, -1.0, 2.0; 1
-4.0, -1.0, 2.0; 2
-10.0, 0.0, 2.0; 1
-8.0, 0.0, 2.0; 1
-6.0, 0.0, 2.0; 11
-5.0, 0.0, 2.0; 1
-10.0, 1.0, 2.0; 1
-9.0, 1.0, 2.0; 2
-8.0, 1.0, 2.0; 2
-7.0, 1.0, 2.0; 3
-6.0, 1.0, 2.0; 7
-5.0, 1.0, 2.0; 48
-4.0, 1.0, 2.0; 33
3.0, 1.0, 2.0; 2
-9.0, 2.0, 2.0; 2
-8.0, 2.0, 2.0; 1
-7.0, 2.0, 2.0; 1
-6.0, 2.0, 2.0; 2
-5.0, 2.0, 2.0; 66
-4.0, 2.0, 2.0; 205
-3.0, 2.0, 2.0; 2
1.0, 2.0, 2.0; 1
3.0, 2.0, 2.0; 1
-8.0, 3.0, 2.0; 3
-7.0, 3.0, 2.0; 7
-6.0, 3.0, 2.0; 3
-5.0, 3.0, 2.0; 7
-4.0, 3.0, 2.0; 21
-3.0, 3.0, 2.0; 10
0.0, 3.0, 2.0; 1
1.0, 3.0, 2.0; 2
6.0, 3.0, 2.0; 1
-9.0, 4.0, 2.0; 1
-8.0, 4.0, 2.0; 3
-7.0, 4.0, 2.0; 3
-6.0, 4.0, 2.0; 2
-5.0, 4.0, 2.0; 7
-4.0, 4.0, 2.0; 17
-3.0, 4.0, 2.0; 31
-2.0, 4.0, 2.0; 24
-1.0, 4.0, 2.0; 5
0.0, 4.0, 2.0; 6
1.0, 4.0, 2.0; 4
3.0, 4.0, 2.0; 1
-8.0, 5.0, 2.0; 3
-7.0, 5.0, 2.0; 1
-6.0, 5.0, 2.0; 3
-5.0, 5.0, 2.0; 3
-4.0, 5.0, 2.0; 3
-3.0, 5.0, 2.0; 29
-2.0, 5.0, 2.0; 35
-1.0, 5.0, 2.0; 9
0.0, 5.0, 2.0; 3
1.0, 5.0, 2.0; 1
5.0, 5.0, 2.0; 1
-8.0, 6.0, 2.0; 2
-7.0, 6.0, 2.0; 9
-6.0, 6.0, 2.0; 6
-5.0, 6.0, 2.0; 4
-4.0, 6.0, 2.0; 1
-3.0, 6.0, 2.0; 3
-2.0, 6.0, 2.0; 3
-1.0, 6.0, 2.0; 1
2.0, 6.0, 2.0; 1
4.0, 6.0, 2.0; 1
-7.0, 7.0, 2.0; 2
-6.0, 7.0, 2.0; 4
-5.0, 7.0, 2.0; 6
-4.0, 7.0, 2.0; 3
-3.0, 7.0, 2.0; 2
-2.0, 7.0, 2.0; 4
0.0, 7.0, 2.0; 1
1.0, 7.0, 2.0; 2
2.0, 7.0, 2.0; 1
3.0, 7.0, 2.0; 2
4.0, 7.0, 2.0; 1
5.0, 7.0, 2.0; 1
-5.0, 8.0, 2.0; 1
-4.0, 8.0, 2.0; 2
-3.0, 8.0, 2.0; 3
-2.0, 8.0, 2.0; 3
-1.0, 8.0, 2.0; 4
0.0, 8.0, 2.0; 2
1.0, 8.0, 2.0; 5
3.0, 8.0, 2.0; 1
-3.0, 9.0, 2.0; 4
-2.0, 9.0, 2.0; 4
-1.0, 9.0, 2.0; 2
0.0, 9.0, 2.0; 4
-3.0, -10.0, 3.0; 1
-3.0, -9.0, 3.0; 3
-2.0, -9.0, 3.0; 2
1.0, -9.0, 3.0; 1
3.0, -9.0, 3.0; 1
-6.0, -8.0, 3.0; 1
-5.0, -8.0, 3.0; 5
-4.0, -8.0, 3.0; 2
-3.0, -8.0, 3.0; 5
-2.0, -8.0, 3.0; 8
-1.0, -8.0, 3.0; 4
2.0, -8.0, 3.0; 1
4.0, -8.0, 3.0; 2
-7.0, -7.0, 3.0; 1
-6.0, -7.0, 3.0; 4
-5.0, -7.0, 3.0; 1
-4.0, -7.0, 3.0; 2
-2.0, -7.0, 3.0; 1
-1.0, -7.0, 3.0; 1
0.0, -7.0, 3.0; 3
1.0, -7.0, 3.0; 3
2.0, -7.0, 3.0; 1
4.0, -7.0, 3.0; 2
-8.0, -6.0, 3.0; 2
-7.0, -6.0, 3.0; 1
-6.0, -6.0, 3.0; 7
-5.0, -6.0, 3.0; 1
-4.0, -6.0, 3.0; 1
-1.0, -6.0, 3.0; 1
1.0, -6.0, 3.0; 3
4.0, -6.0, 3.0; 1
-7.0, -5.0, 3.0; 1
-5.0, -5.0, 3.0; 1
-4.0, -5.0, 3.0; 1
-1.0, -5.0, 3.0; 4
0.0, -5.0, 3.0; 1
1.0, -5.0, 3.0; 1
2.0, -5.0, 3.0; 1
4.0, -5.0, 3.0; 1
5.0, -5.0, 3.0; 1
6.0, -5.0, 3.0; 1
7.0, -5.0, 3.0; 1
-8.0, -4.0, 3.0; 2
-7.0, -4.0, 3.0; 2
-6.0, -4.0, 3.0; 4
-5.0, -4.0, 3.0; 1
-4.0, -4.0, 3.0; 1
-3.0, -4.0, 3.0; 2
-2.0, -4.0, 3.0; 3
-1.0, -4.0, 3.0; 3
0.0, -4.0, 3.0; 1
1.0, -4.0, 3.0; 1
2.0, -4.0, 3.0; 2
-8.0, -3.0, 3.0; 1
-7.0, -3.0, 3.0; 6
-6.0, -3.0, 3.0; 3
-5.0, -3.0, 3.0; 1
-4.0, -3.0, 3.0; 2
-3.0, -3.0, 3.0; 4
7.0, -3.0, 3.0; 1
-10.0, -2.0, 3.0; 1
-8.0, -2.0, 3.0; 1
-7.0, -2.0, 3.0; 1
-6.0, -2.0, 3.0; 3
-5.0, -2.0, 3.0; 3
-4.0, -2.0, 3.0; 3
-3.0, -2.0, 3.0; 1
0.0, -2.0, 3.0; 1
1.0, -2.0, 3.0; 2
2.0, -2.0, 3.0; 2
-10.0, -1.0, 3.0; 1
-8.0, -1.0, 3.0; 1
-7.0, -1.0, 3.0; 2
-6.0, -1.0, 3.0; 3
-5.0, -1.0, 3.0; 2
-4.0, -1.0, 3.0; 3
-3.0, -1.0, 3.0; 4
1.0, -1.0, 3.0; 1
2.0, -1.0, 3.0; 1
-10.0, 0.0, 3.0; 1
-9.0, 0.0, 3.0; 1
-8.0, 0.0, 3.0; 2
-7.0, 0.0, 3.0; 3
-6.0, 0.0, 3.0; 3
-5.0, 0.0, 3.0; 4
-4.0, 0.0, 3.0; 5
-2.0, 0.0, 3.0; 1
-9.0, 1.0, 3.0; 2
-8.0, 1.0, 3.0; 1
-7.0, 1.0, 3.0; 3
-6.0, 1.0, 3.0; 4
-5.0, 1.0, 3.0; 12
-4.0, 1.0, 3.0; 30
-3.0, 1.0, 3.0; 10
-2.0, 1.0, 3.0; 2
-7.0, 2.0, 3.0; 3
-6.0, 2.0, 3.0; 3
-5.0, 2.0, 3.0; 1
-4.0, 2.0, 3.0; 30
-3.0, 2.0, 3.0; 30
-2.0, 2.0, 3.0; 3
-1.0, 2.0, 3.0; 1
0.0, 2.0, 3.0; 1
2.0, 2.0, 3.0; 2
3.0, 2.0, 3.0; 1
-9.0, 3.0, 3.0; 1
-8.0, 3.0, 3.0; 3
-6.0, 3.0, 3.0; 1
-4.0, 3.0, 3.0; 6
-3.0, 3.0, 3.0; 12
-2.0, 3.0, 3.0; 8
-1.0, 3.0, 3.0; 2
0.0, 3.0, 3.0; 1
1.0, 3.0, 3.0; 2
2.0, 3.0, 3.0; 1
-9.0, 4.0, 3.0; 1
-8.0, 4.0, 3.0; 1
-6.0, 4.0, 3.0; 2
-5.0, 4.0, 3.0; 1
-4.0, 4.0, 3.0; 3
-3.0, 4.0, 3.0; 4
-2.0, 4.0, 3.0; 4
-1.0, 4.0, 3.0; 3
1.0, 4.0, 3.0; 2
3.0, 4.0, 3.0; 1
5.0, 4.0, 3.0; 1
6.0, 4.0, 3.0; 1
-8.0, 5.0, 3.0; 3
-7.0, 5.0, 3.0; 6
-6.0, 5.0, 3.0; 3
1.0, 5.0, 3.0; 2
3.0, 5.0, 3.0; 1
4.0, 5.0, 3.0; 1
6.0, 5.0, 3.0; 1
-7.0, 6.0, 3.0; 3
-6.0, 6.0, 3.0; 1
-5.0, 6.0, 3.0; 3
-4.0, 6.0, 3.0; 1
-3.0, 6.0, 3.0; 3
-1.0, 6.0, 3.0; 1
1.0, 6.0, 3.0; 1
6.0, 6.0, 3.0; 2
-7.0, 7.0, 3.0; 1
-6.0, 7.0, 3.0; 2
-5.0, 7.0, 3.0; 6
-4.0, 7.0, 3.0; 2
-3.0, 7.0, 3.0; 3
-2.0, 7.0, 3.0; 2
0.0, 7.0, 3.0; 3
1.0, 7.0, 3.0; 1
2.0, 7.0, 3.0; 1
3.0, 7.0, 3.0; 1
-4.0, 8.0, 3.0; 1
-3.0, 8.0, 3.0; 1
-2.0, 8.0, 3.0; 1
-1.0, 8.0, 3.0; 5
0.0, 8.0, 3.0; 4
2.0, 8.0, 3.0; 1
-2.0, 9.0, 3.0; 1
-1.0, 9.0, 3.0; 3
-1.0, -9.0, 4.0; 1
0.0, -9.0, 4.0; 1
-6.0, -8.0, 4.0; 2
-5.0, -8.0, 4.0; 1
-4.0, -8.0, 4.0; 1
-3.0, -8.0, 4.0; 4
-2.0, -8.0, 4.0; 3
-1.0, -8.0, 4.0; 7
0.0, -8.0, 4.0; 1
1.0, -8.0, 4.0; 2
2.0, -8.0, 4.0; 1
-5.0, -7.0, 4.0; 6
-2.0, -7.0, 4.0; 2
-1.0, -7.0, 4.0; 1
0.0, -7.0, 4.0; 3
5.0, -7.0, 4.0; 1
-6.0, -6.0, 4.0; 2
-5.0, -6.0, 4.0; 7
-4.0, -6.0, 4.0; 1
-3.0, -6.0, 4.0; 2
-1.0, -6.0, 4.0; 3
0.0, -6.0, 4.0; 2
3.0, -6.0, 4.0; 1
5.0, -6.0, 4.0; 1
-7.0, -5.0, 4.0; 1
-6.0, -5.0, 4.0; 3
-5.0, -5.0, 4.0; 1
-4.0, -5.0, 4.0; 1
-3.0, -5.0, 4.0; 1
-1.0, -5.0, 4.0; 3
1.0, -5.0, 4.0; 1
-7.0, -4.0, 4.0; 1
-6.0, -4.0, 4.0; 2
-5.0, -4.0, 4.0; 4
-4.0, -4.0, 4.0; 1
-3.0, -4.0, 4.0; 1
-2.0, -4.0, 4.0; 1
0.0, -4.0, 4.0; 2
-8.0, -3.0, 4.0; 2
-6.0, -3.0, 4.0; 1
-5.0, -3.0, 4.0; 5
-4.0, -3.0, 4.0; 5
-2.0, -3.0, 4.0; 3
-1.0, -3.0, 4.0; 2
0.0, -3.0, 4.0; 1
1.0, -3.0, 4.0; 1
-9.0, -2.0, 4.0; 3
-8.0, -2.0, 4.0; 2
-5.0, -2.0, 4.0; 3
-4.0, -2.0, 4.0; 3
-3.0, -2.0, 4.0; 4
-2.0, -2.0, 4.0; 1
-1.0, -2.0, 4.0; 5
0.0, -2.0, 4.0; 4
-9.0, -1.0, 4.0; 1
-8.0, -1.0, 4.0; 1
-7.0, -1.0, 4.0; 1
-5.0, -1.0, 4.0; 2
-4.0, -1.0, 4.0; 3
-3.0, -1.0, 4.0; 10
-2.0, -1.0, 4.0; 8
-1.0, -1.0, 4.0; 4
1.0, -1.0, 4.0; 3
2.0, -1.0, 4.0; 1
-9.0, 0.0, 4.0; 3
-7.0, 0.0, 4.0; 1
-6.0, 0.0, 4.0; 1
-5.0, 0.0, 4.0; 3
-4.0, 0.0, 4.0; 3
-3.0, 0.0, 4.0; 1
-2.0, 0.0, 4.0; 2
0.0, 0.0, 4.0; 1
1.0, 0.0, 4.0; 1
-9.0, 1.0, 4.0; 1
-8.0, 1.0, 4.0; 1
-7.0, 1.0, 4.0; 1
-6.0, 1.0, 4.0; 7
-5.0, 1.0, 4.0; 8
-4.0, 1.0, 4.0; 1
-3.0, 1.0, 4.0; 5
-2.0, 1.0, 4.0; 1
-1.0, 1.0, 4.0; 1
1.0, 1.0, 4.0; 1
-9.0, 2.0, 4.0; 3
-8.0, 2.0, 4.0; 5
-7.0, 2.0, 4.0; 1
-6.0, 2.0, 4.0; 4
-5.0, 2.0, 4.0; 5
-4.0, 2.0, 4.0; 1
-3.0, 2.0, 4.0; 1
-1.0, 2.0, 4.0; 1
0.0, 2.0, 4.0; 5
1.0, 2.0, 4.0; 5
2.0, 2.0, 4.0; 1
-9.0, 3.0, 4.0; 1
-7.0, 3.0, 4.0; 2
-6.0, 3.0, 4.0; 3
-5.0, 3.0, 4.0; 1
-4.0, 3.0, 4.0; 1
0.0, 3.0, 4.0; 1
1.0, 3.0, 4.0; 1
-8.0, 4.0, 4.0; 1
-7.0, 4.0, 4.0; 2
-6.0, 4.0, 4.0; 2
-4.0, 4.0, 4.0; 2
-3.0, 4.0, 4.0; 1
-2.0, 4.0, 4.0; 1
-7.0, 5.0, 4.0; 3
-6.0, 5.0, 4.0; 2
-5.0, 5.0, 4.0; 2
-4.0, 5.0, 4.0; 3
-3.0, 5.0, 4.0; 3
-2.0, 5.0, 4.0; 2
-1.0, 5.0, 4.0; 1
1.0, 5.0, 4.0; 1
2.0, 5.0, 4.0; 1
-6.0, 6.0, 4.0; 1
-5.0, 6.0, 4.0; 2
-3.0, 6.0, 4.0; 1
-2.0, 6.0, 4.0; 2
1.0, 6.0, 4.0; 1
2.0, 6.0, 4.0; 1
4.0, 6.0, 4.0; 1
5.0, 6.0, 4.0; 1
-3.0, 7.0, 4.0; 1
-2.0, 7.0, 4.0; 1
-1.0, 7.0, 4.0; 2
0.0, 7.0, 4.0; 1
2.0, 7.0, 4.0; 1
-4.0, 8.0, 4.0; 1
-3.0, 8.0, 4.0; 1
-2.0, 8.0, 4.0; 2
-1.0, 8.0, 4.0; 3
0.0, 8.0, 4.0; 1
-1.0, 9.0, 4.0; 1
-4.0, -9.0, 5.0; 1
-2.0, -8.0, 5.0; 2
-1.0, -8.0, 5.0; 1
-3.0, -7.0, 5.0; 2
-4.0, -6.0, 5.0; 1
-3.0, -6.0, 5.0; 2
-2.0, -6.0, 5.0; 1
-1.0, -6.0, 5.0; 1
0.0, -6.0, 5.0; 1
-6.0, -5.0, 5.0; 1
-5.0, -5.0, 5.0; 2
-4.0, -5.0, 5.0; 3
-3.0, -5.0, 5.0; 2
-1.0, -5.0, 5.0; 1
1.0, -5.0, 5.0; 1
-7.0, -4.0, 5.0; 1
-4.0, -4.0, 5.0; 1
-1.0, -4.0, 5.0; 1
0.0, -4.0, 5.0; 1
-7.0, -3.0, 5.0; 1
-5.0, -3.0, 5.0; 2
-4.0, -3.0, 5.0; 2
-3.0, -3.0, 5.0; 1
-2.0, -3.0, 5.0; 1
-1.0, -3.0, 5.0; 1
0.0, -3.0, 5.0; 1
1.0, -3.0, 5.0; 1
-8.0, -2.0, 5.0; 1
-7.0, -2.0, 5.0; 1
-4.0, -2.0, 5.0; 2
1.0, -2.0, 5.0; 1
-6.0, -1.0, 5.0; 1
1.0, -1.0, 5.0; 2
-8.0, 0.0, 5.0; 2
-3.0, 0.0, 5.0; 1
-2.0, 0.0, 5.0; 1
-1.0, 0.0, 5.0; 1
4.0, 0.0, 5.0; 1
-9.0, 1.0, 5.0; 1
-8.0, 1.0, 5.0; 4
-7.0, 1.0, 5.0; 2
-5.0, 1.0, 5.0; 2
-4.0, 1.0, 5.0; 3
-2.0, 1.0, 5.0; 2
2.0, 1.0, 5.0; 1
3.0, 1.0, 5.0; 1
-7.0, 2.0, 5.0; 2
-5.0, 2.0, 5.0; 2
-4.0, 2.0, 5.0; 1
-3.0, 2.0, 5.0; 1
-2.0, 2.0, 5.0; 1
-1.0, 2.0, 5.0; 6
-8.0, 3.0, 5.0; 1
-7.0, 3.0, 5.0; 1
-6.0, 3.0, 5.0; 5
-5.0, 3.0, 5.0; 1
-4.0, 3.0, 5.0; 4
-3.0, 3.0, 5.0; 2
-2.0, 3.0, 5.0; 3
-1.0, 3.0, 5.0; 2
0.0, 3.0, 5.0; 1
2.0, 3.0, 5.0; 1
-7.0, 4.0, 5.0; 1
-5.0, 4.0, 5.0; 1
-2.0, 4.0, 5.0; 2
-1.0, 4.0, 5.0; 4
3.0, 4.0, 5.0; 1
-5.0, 5.0, 5.0; 1
-3.0, 5.0, 5.0; 2
-2.0, 5.0, 5.0; 1
-1.0, 5.0, 5.0; 2
1.0, 5.0, 5.0; 3
3.0, 5.0, 5.0; 3
-4.0, 6.0, 5.0; 4
-3.0, 6.0, 5.0; 1
-2.0, 6.0, 5.0; 1
-1.0, 6.0, 5.0; 2
0.0, 6.0, 5.0; 1
1.0, 6.0, 5.0; 3
-5.0, 7.0, 5.0; 1
0.0, 7.0, 5.0; 2
1.0, 7.0, 5.0; 3
1.0, 8.0, 5.0; 1
-5.0, -7.0, 6.0; 1
-4.0, -7.0, 6.0; 1
-3.0, -7.0, 6.0; 1
1.0, -7.0, 6.0; 1
3.0, -7.0, 6.0; 1
4.0, -7.0, 6.0; 1
-5.0, -6.0, 6.0; 1
-4.0, -6.0, 6.0; 1
-3.0, -6.0, 6.0; 1
-2.0, -6.0, 6.0; 2
-5.0, -5.0, 6.0; 3
5.0, -5.0, 6.0; 1
-7.0, -4.0, 6.0; 2
-6.0, -4.0, 6.0; 3
0.0, -4.0, 6.0; 1
2.0, -4.0, 6.0; 1
3.0, -4.0, 6.0; 1
-4.0, -3.0, 6.0; 1
-3.0, -3.0, 6.0; 1
-8.0, -2.0, 6.0; 1
-7.0, -2.0, 6.0; 1
-6.0, -2.0, 6.0; 2
-4.0, -2.0, 6.0; 1
-3.0, -2.0, 6.0; 1
-5.0, -1.0, 6.0; 1
-4.0, -1.0, 6.0; 1
1.0, -1.0, 6.0; 2
-7.0, 0.0, 6.0; 1
-3.0, 0.0, 6.0; 1
-2.0, 0.0, 6.0; 1
-6.0, 1.0, 6.0; 1
-2.0, 1.0, 6.0; 1
1.0, 1.0, 6.0; 1
2.0, 1.0, 6.0; 1
-6.0, 2.0, 6.0; 1
-5.0, 2.0, 6.0; 3
-4.0, 2.0, 6.0; 1
-7.0, 3.0, 6.0; 1
-4.0, 3.0, 6.0; 2
-3.0, 3.0, 6.0; 1
-1.0, 3.0, 6.0; 1
3.0, 3.0, 6.0; 2
-6.0, 4.0, 6.0; 2
0.0, 4.0, 6.0; 1
2.0, 4.0, 6.0; 1
4.0, 4.0, 6.0; 2
-3.0, 5.0, 6.0; 3
-2.0, 5.0, 6.0; 4
2.0, 5.0, 6.0; 1
4.0, 5.0, 6.0; 1
-4.0, 6.0, 6.0; 2
0.0, 7.0, 6.0; 1
-4.0, -6.0, 7.0; 1
-2.0, -6.0, 7.0; 2
-1.0, -6.0, 7.0; 1
1.0, -6.0, 7.0; 1
3.0, -6.0, 7.0; 1
-1.0, -5.0, 7.0; 1
-5.0, -4.0, 7.0; 1
-6.0, -3.0, 7.0; 1
-5.0, -3.0, 7.0; 1
-3.0, -3.0, 7.0; 1
-1.0, -3.0, 7.0; 1
3.0, -3.0, 7.0; 1
-5.0, -2.0, 7.0; 2
-4.0, -2.0, 7.0; 1
-2.0, -2.0, 7.0; 1
4.0, -2.0, 7.0; 1
-6.0, -1.0, 7.0; 1
-5.0, -1.0, 7.0; 2
-7.0, 0.0, 7.0; 2
-6.0, 0.0, 7.0; 1
-5.0, 0.0, 7.0; 1
-4.0, 0.0, 7.0; 1
-1.0, 0.0, 7.0; 1
-5.0, 1.0, 7.0; 1
-3.0, 1.0, 7.0; 2
-2.0, 1.0, 7.0; 1
-1.0, 1.0, 7.0; 1
-6.0, 2.0, 7.0; 1
-5.0, 2.0, 7.0; 1
-4.0, 2.0, 7.0; 1
-1.0, 2.0, 7.0; 2
-5.0, 3.0, 7.0; 1
-3.0, 3.0, 7.0; 1
-2.0, 3.0, 7.0; 1
0.0, 3.0, 7.0; 1
-5.0, 4.0, 7.0; 1
-4.0, 4.0, 7.0; 1
-1.0, 4.0, 7.0; 3
1.0, 4.0, 7.0; 1
3.0, 4.0, 7.0; 1
-4.0, 5.0, 7.0; 1
-1.0, 5.0, 7.0; 1
0.0, 5.0, 7.0; 1
-3.0, -5.0, 8.0; 1
-3.0, -4.0, 8.0; 1
3.0, -4.0, 8.0; 1
1.0, -2.0, 8.0; 1
-1.0, -1.0, 8.0; 1
-4.0, 0.0, 8.0; 1
-4.0, 1.0, 8.0; 1
1.0, 1.0, 8.0; 1
-4.0, 2.0, 8.0; 1
-2.0, 2.0, 8.0; 1
-1.0, 2.0, 8.0; 1
4.0, 2.0, 8.0; 1
-3.0, 4.0, 8.0; 1
-2.0, -1.0, 9.0; 2
0.0, -5.0, -10.0; 1
-1.0, -4.0, -10.0; 1
-3.0, -3.0, -10.0; 1
-2.0, -3.0, -10.0; 1
2.0, -3.0, -10.0; 1
-4.0, -2.0, -10.0; 1
-3.0, -2.0, -10.0; 2
-2.0, -2.0, -10.0; 5
-1.0, -2.0, -10.0; 1
0.0, -2.0, -10.0; 2
1.0, -2.0, -10.0; 2
2.0, -2.0, -10.0; 1
-4.0, -1.0, -10.0; 2
-3.0, -1.0, -10.0; 1
-2.0, -1.0, -10.0; 1
0.0, -1.0, -10.0; 1
-4.0, 0.0, -10.0; 1
-3.0, 0.0, -10.0; 1
-2.0, 0.0, -10.0; 2
-1.0, 0.0, -10.0; 2
0.0, 0.0, -10.0; 2
3.0, 0.0, -10.0; 2
-2.0, 1.0, -10.0; 1
-1.0, 1.0, -10.0; 1
3.0, 1.0, -10.0; 1
-2.0, 2.0, -10.0; 1
0.0, 2.0, -10.0; 1
2.0, 2.0, -10.0; 1
3.0, 2.0, -10.0; 1
-2.0, 3.0, -10.0; 1
-1.0, 3.0, -10.0; 1
0.0, 3.0, -10.0; 1
0.0, -6.0, -9.0; 1
1.0, -6.0, -9.0; 1
2.0, -6.0, -9.0; 1
1.0, -5.0, -9.0; 2
2.0, -5.0, -9.0; 1
-4.0, -4.0, -9.0; 1
-2.0, -4.0, -9.0; 3
-1.0, -4.0, -9.0; 1
0.0, -4.0, -9.0; 4
3.0, -4.0, -9.0; 1
-5.0, -3.0, -9.0; 1
-4.0, -3.0, -9.0; 4
-3.0, -3.0, -9.0; 2
-2.0, -3.0, -9.0; 4
-1.0, -3.0, -9.0; 2
0.0, -3.0, -9.0; 2
1.0, -3.0, -9.0; 1
2.0, -3.0, -9.0; 1
-6.0, -2.0, -9.0; 2
-5.0, -2.0, -9.0; 3
-4.0, -2.0, -9.0; 3
-3.0, -2.0, -9.0; 2
-2.0, -2.0, -9.0; 1
-1.0, -2.0, -9.0; 1
0.0, -2.0, -9.0; 2
1.0, -2.0, -9.0; 1
2.0, -2.0, -9.0; 1
3.0, -2.0, -9.0; 1
-5.0, -1.0, -9.0; 2
-4.0, -1.0, -9.0; 1
-3.0, -1.0, -9.0; 2
-2.0, -1.0, -9.0; 1
-1.0, -1.0, -9.0; 3
0.0, -1.0, -9.0; 3
1.0, -1.0, -9.0; 2
4.0, -1.0, -9.0; 1
-5.0, 0.0, -9.0; 1
-3.0, 0.0, -9.0; 3
-2.0, 0.0, -9.0; 4
-1.0, 0.0, -9.0; 4
0.0, 0.0, -9.0; 2
5.0, 0.0, -9.0; 2
-5.0, 1.0, -9.0; 1
-4.0, 1.0, -9.0; 3
-3.0, 1.0, -9.0; 5
-2.0, 1.0, -9.0; 2
-1.0, 1.0, -9.0; 1
0.0, 1.0, -9.0; 1
1.0, 1.0, -9.0; 1
4.0, 1.0, -9.0; 2
-5.0, 2.0, -9.0; 1
-4.0, 2.0, -9.0; 3
-3.0, 2.0, -9.0; 3
-2.0, 2.0, -9.0; 2
-1.0, 2.0, -9.0; 2
1.0, 2.0, -9.0; 1
3.0, 2.0, -9.0; 1
-3.0, 3.0, -9.0; 2
-2.0, 3.0, -9.0; 2
-1.0, 3.0, -9.0; 1
0.0, 3.0, -9.0; 5
2.0, 3.0, -9.0; 2
-1.0, 4.0, -9.0; 3
1.0, 4.0, -9.0; 3
2.0, 4.0, -9.0; 1
-3.0, -7.0, -8.0; 1
-2.0, -7.0, -8.0; 1
-1.0, -7.0, -8.0; 1
0.0, -7.0, -8.0; 1
1.0, -7.0, -8.0; 1
2.0, -7.0, -8.0; 1
-5.0, -6.0, -8.0; 1
-4.0, -6.0, -8.0; 2
-3.0, -6.0, -8.0; 2
1.0, -6.0, -8.0; 2
2.0, -6.0, -8.0; 1
3.0, -6.0, -8.0; 1
-5.0, -5.0, -8.0; 2
-4.0, -5.0, -8.0; 5
-3.0, -5.0, -8.0; 2
-2.0, -5.0, -8.0; 2
0.0, -5.0, -8.0; 4
1.0, -5.0, -8.0; 1
2.0, -5.0, -8.0; 2
3.0, -5.0, -8.0; 1
4.0, -5.0, -8.0; 1
-3.0, -4.0, -8.0; 3
-2.0, -4.0, -8.0; 1
1.0, -4.0, -8.0; 1
2.0, -4.0, -8.0; 1
4.0, -4.0, -8.0; 1
5.0, -4.0, -8.0; 1
-7.0, -3.0, -8.0; 1
-6.0, -3.0, -8.0; 1
-5.0, -3.0, -8.0; 4
-4.0, -3.0, -8.0; 4
-3.0, -3.0, -8.0; 1
-2.0, -3.0, -8.0; 5
-1.0, -3.0, -8.0; 1
2.0, -3.0, -8.0; 3
3.0, -3.0, -8.0; 1
-5.0, -2.0, -8.0; 2
-4.0, -2.0, -8.0; 4
-3.0, -2.0, -8.0; 2
-2.0, -2.0, -8.0; 1
-1.0, -2.0, -8.0; 3
0.0, -2.0, -8.0; 1
2.0, -2.0, -8.0; 3
3.0, -2.0, -8.0; 3
-6.0, -1.0, -8.0; 1
-5.0, -1.0, -8.0; 1
-4.0, -1.0, -8.0; 2
-3.0, -1.0, -8.0; 4
-2.0, -1.0, -8.0; 1
1.0, -1.0, -8.0; 3
2.0, -1.0, -8.0; 3
3.0, -1.0, -8.0; 2
-7.0, 0.0, -8.0; 3
-6.0, 0.0, -8.0; 1
-5.0, 0.0, -8.0; 4
-4.0, 0.0, -8.0; 4
-3.0, 0.0, -8.0; 5
-2.0, 0.0, -8.0; 3
-1.0, 0.0, -8.0; 3
0.0, 0.0, -8.0; 4
1.0, 0.0, -8.0; 3
-6.0, 1.0, -8.0; 1
-5.0, 1.0, -8.0; 4
-4.0, 1.0, -8.0; 1
-3.0, 1.0, -8.0; 8
-2.0, 1.0, -8.0; 6
-1.0, 1.0, -8.0; 4
0.0, 1.0, -8.0; 1
1.0, 1.0, -8.0; 3
3.0, 1.0, -8.0; 1
5.0, 1.0, -8.0; 3
-6.0, 2.0, -8.0; 2
-5.0, 2.0, -8.0; 1
-4.0, 2.0, -8.0; 2
-3.0, 2.0, -8.0; 1
-2.0, 2.0, -8.0; 5
-1.0, 2.0, -8.0; 4
0.0, 2.0, -8.0; 1
1.0, 2.0, -8.0; 2
3.0, 2.0, -8.0; 1
-6.0, 3.0, -8.0; 2
-4.0, 3.0, -8.0; 3
-3.0, 3.0, -8.0; 2
-2.0, 3.0, -8.0; 1
-1.0, 3.0, -8.0; 1
0.0, 3.0, -8.0; 3
1.0, 3.0, -8.0; 1
3.0, 3.0, -8.0; 1
4.0, 3.0, -8.0; 1
-5.0, 4.0, -8.0; 1
-3.0, 4.0, -8.0; 1
-2.0, 4.0, -8.0; 4
-1.0, 4.0, -8.0; 3
0.0, 4.0, -8.0; 2
3.0, 4.0, -8.0; 2
4.0, 4.0, -8.0; 1
-3.0, 5.0, -8.0; 3
-2.0, 5.0, -8.0; 1
-1.0, 5.0, -8.0; 1
0.0, 5.0, -8.0; 1
2.0, 5.0, -8.0; 2
-1.0, 6.0, -8.0; 1
0.0, 6.0, -8.0; 1
-3.0, -8.0, -7.0; 1
-2.0, -8.0, -7.0; 2
-1.0, -8.0, -7.0; 1
0.0, -8.0, -7.0; 3
1.0, -8.0, -7.0; 2
-5.0, -7.0, -7.0; 1
-4.0, -7.0, -7.0; 3
-3.0, -7.0, -7.0; 8
-2.0, -7.0, -7.0; 8
-1.0, -7.0, -7.0; 5
0.0, -7.0, -7.0; 1
1.0, -7.0, -7.0; 2
-6.0, -6.0, -7.0; 3
-5.0, -6.0, -7.0; 3
-4.0, -6.0, -7.0; 4
-3.0, -6.0, -7.0; 5
-2.0, -6.0, -7.0; 5
-1.0, -6.0, -7.0; 5
0.0, -6.0, -7.0; 3
1.0, -6.0, -7.0; 2
3.0, -6.0, -7.0; 1
-7.0, -5.0, -7.0; 1
-6.0, -5.0, -7.0; 3
-5.0, -5.0, -7.0; 6
-4.0, -5.0, -7.0; 4
-3.0, -5.0, -7.0; 2
-2.0, -5.0, -7.0; 1
-1.0, -5.0, -7.0; 8
0.0, -5.0, -7.0; 5
1.0, -5.0, -7.0; 3
2.0, -5.0, -7.0; 1
4.0, -5.0, -7.0; 1
-7.0, -4.0, -7.0; 1
-6.0, -4.0, -7.0; 7
-5.0, -4.0, -7.0; 7
-4.0, -4.0, -7.0; 3
-3.0, -4.0, -7.0; 1
-2.0, -4.0, -7.0; 1
-1.0, -4.0, -7.0; 3
0.0, -4.0, -7.0; 1
1.0, -4.0, -7.0; 3
2.0, -4.0, -7.0; 1
3.0, -4.0, -7.0; 1
5.0, -4.0, -7.0; 1
-8.0, -3.0, -7.0; 2
-7.0, -3.0, -7.0; 2
-6.0, -3.0, -7.0; 7
-5.0, -3.0, -7.0; 2
-4.0, -3.0, -7.0; 1
-2.0, -3.0, -7.0; 2
0.0, -3.0, -7.0; 2
1.0, -3.0, -7.0; 3
2.0, -3.0, -7.0; 1
3.0, -3.0, -7.0; 1
-7.0, -2.0, -7.0; 1
-6.0, -2.0, -7.0; 3
-5.0, -2.0, -7.0; 4
-4.0, -2.0, -7.0; 4
-1.0, -2.0, -7.0; 1
1.0, -2.0, -7.0; 2
2.0, -2.0, -7.0; 1
3.0, -2.0, -7.0; 1
5.0, -2.0, -7.0; 1
6.0, -2.0, -7.0; 1
7.0, -2.0, -7.0; 1
-8.0, -1.0, -7.0; 2
-7.0, -1.0, -7.0; 3
-6.0, -1.0, -7.0; 4
-5.0, -1.0, -7.0; 12
-4.0, -1.0, -7.0; 1
-2.0, -1.0, -7.0; 2
2.0, -1.0, -7.0; 2
3.0, -1.0, -7.0; 1
-8.0, 0.0, -7.0; 1
-7.0, 0.0, -7.0; 5
-6.0, 0.0, -7.0; 2
-5.0, 0.0, -7.0; 2
-4.0, 0.0, -7.0; 1
-1.0, 0.0, -7.0; 2
0.0, 0.0, -7.0; 2
2.0, 0.0, -7.0; 2
4.0, 0.0, -7.0; 1
6.0, 0.0, -7.0; 1
-8.0, 1.0, -7.0; 2
-7.0, 1.0, -7.0; 4
-6.0, 1.0, -7.0; 5
-5.0, 1.0, -7.0; 4
-3.0, 1.0, -7.0; 1
-2.0, 1.0, -7.0; 1
-1.0, 1.0, -7.0; 1
1.0, 1.0, -7.0; 1
2.0, 1.0, -7.0; 1
4.0, 1.0, -7.0; 1
5.0, 1.0, -7.0; 1
6.0, 1.0, -7.0; 1
-8.0, 2.0, -7.0; 1
-7.0, 2.0, -7.0; 2
-6.0, 2.0, -7.0; 1
-5.0, 2.0, -7.0; 3
-4.0, 2.0, -7.0; 1
-3.0, 2.0, -7.0; 2
-1.0, 2.0, -7.0; 2
0.0, 2.0, -7.0; 1
1.0, 2.0, -7.0; 3
2.0, 2.0, -7.0; 1
5.0, 2.0, -7.0; 1
-6.0, 3.0, -7.0; 3
-5.0, 3.0, -7.0; 1
-4.0, 3.0, -7.0; 1
-2.0, 3.0, -7.0; 2
0.0, 3.0, -7.0; 3
1.0, 3.0, -7.0; 2
2.0, 3.0, -7.0; 1
-6.0, 4.0, -7.0; 3
-5.0, 4.0, -7.0; 2
-4.0, 4.0, -7.0; 3
-2.0, 4.0, -7.0; 1
-1.0, 4.0, -7.0; 2
0.0, 4.0, -7.0; 2
1.0, 4.0, -7.0; 2
2.0, 4.0, -7.0; 2
3.0, 4.0, -7.0; 1
-5.0, 5.0, -7.0; 1
-3.0, 5.0, -7.0; 5
-1.0, 5.0, -7.0; 1
1.0, 5.0, -7.0; 1
-4.0, 6.0, -7.0; 2
-3.0, 6.0, -7.0; 4
-2.0, 6.0, -7.0; 2
-1.0, 6.0, -7.0; 6
0.0, 6.0, -7.0; 2
3.0, 6.0, -7.0; 1
-3.0, 7.0, -7.0; 1
-2.0, 7.0, -7.0; 3
-1.0, 7.0, -7.0; 1
-2.0, -9.0, -6.0; 1
-1.0, -9.0, -6.0; 2
0.0, -9.0, -6.0; 1
-4.0, -8.0, -6.0; 3
-3.0, -8.0, -6.0; 10
-2.0, -8.0, -6.0; 17
-1.0, -8.0, -6.0; 17
0.0, -8.0, -6.0; 4
1.0, -8.0, -6.0; 1
2.0, -8.0, -6.0; 1
-6.0, -7.0, -6.0; 1
-5.0, -7.0, -6.0; 3
-4.0, -7.0, -6.0; 9
-3.0, -7.0, -6.0; 7
-2.0, -7.0, -6.0; 52
-1.0, -7.0, -6.0; 39
0.0, -7.0, -6.0; 3
1.0, -7.0, -6.0; 1
2.0, -7.0, -6.0; 2
-7.0, -6.0, -6.0; 1
-6.0, -6.0, -6.0; 4
-5.0, -6.0, -6.0; 6
-4.0, -6.0, -6.0; 6
-3.0, -6.0, -6.0; 3
-2.0, -6.0, -6.0; 3
-1.0, -6.0, -6.0; 7
0.0, -6.0, -6.0; 17
1.0, -6.0, -6.0; 5
2.0, -6.0, -6.0; 1
5.0, -6.0, -6.0; 1
-8.0, -5.0, -6.0; 1
-7.0, -5.0, -6.0; 2
-6.0, -5.0, -6.0; 5
-5.0, -5.0, -6.0; 4
-4.0, -5.0, -6.0; 2
-3.0, -5.0, -6.0; 4
-2.0, -5.0, -6.0; 3
-1.0, -5.0, -6.0; 3
0.0, -5.0, -6.0; 7
1.0, -5.0, -6.0; 9
2.0, -5.0, -6.0; 2
4.0, -5.0, -6.0; 2
5.0, -5.0, -6.0; 1
-8.0, -4.0, -6.0; 2
-7.0, -4.0, -6.0; 3
-6.0, -4.0, -6.0; 6
-4.0, -4.0, -6.0; 5
-3.0, -4.0, -6.0; 5
-2.0, -4.0, -6.0; 3
-1.0, -4.0, -6.0; 4
0.0, -4.0, -6.0; 12
1.0, -4.0, -6.0; 10
2.0, -4.0, -6.0; 1
3.0, -4.0, -6.0; 1
-8.0, -3.0, -6.0; 1
-7.0, -3.0, -6.0; 5
-6.0, -3.0, -6.0; 7
-4.0, -3.0, -6.0; 6
-3.0, -3.0, -6.0; 2
-2.0, -3.0, -6.0; 7
-1.0, -3.0, -6.0; 7
0.0, -3.0, -6.0; 30
1.0, -3.0, -6.0; 7
2.0, -3.0, -6.0; 1
4.0, -3.0, -6.0; 3
7.0, -3.0, -6.0; 1
-8.0, -2.0, -6.0; 1
-7.0, -2.0, -6.0; 6
-6.0, -2.0, -6.0; 2
-4.0, -2.0, -6.0; 6
-3.0, -2.0, -6.0; 4
-2.0, -2.0, -6.0; 13
-1.0, -2.0, -6.0; 32
0.0, -2.0, -6.0; 27
1.0, -2.0, -6.0; 10
2.0, -2.0, -6.0; 2
4.0, -2.0, -6.0; 1
7.0, -2.0, -6.0; 1
-8.0, -1.0, -6.0; 2
-7.0, -1.0, -6.0; 2
-6.0, -1.0, -6.0; 13
-5.0, -1.0, -6.0; 2
-4.0, -1.0, -6.0; 3
-3.0, -1.0, -6.0; 6
-2.0, -1.0, -6.0; 16
-1.0, -1.0, -6.0; 14
0.0, -1.0, -6.0; 7
1.0, -1.0, -6.0; 3
4.0, -1.0, -6.0; 1
7.0, -1.0, -6.0; 1
-8.0, 0.0, -6.0; 4
-7.0, 0.0, -6.0; 2
-6.0, 0.0, -6.0; 1
-5.0, 0.0, -6.0; 3
-4.0, 0.0, -6.0; 2
-3.0, 0.0, -6.0; 9
-2.0, 0.0, -6.0; 5
-1.0, 0.0, -6.0; 4
0.0, 0.0, -6.0; 6
1.0, 0.0, -6.0; 1
2.0, 0.0, -6.0; 4
3.0, 0.0, -6.0; 5
5.0, 0.0, -6.0; 1
-8.0, 1.0, -6.0; 3
-7.0, 1.0, -6.0; 5
-6.0, 1.0, -6.0; 1
-5.0, 1.0, -6.0; 1
-4.0, 1.0, -6.0; 1
-3.0, 1.0, -6.0; 6
-2.0, 1.0, -6.0; 9
-1.0, 1.0, -6.0; 14
0.0, 1.0, -6.0; 8
1.0, 1.0, -6.0; 2
2.0, 1.0, -6.0; 2
3.0, 1.0, -6.0; 1
6.0, 1.0, -6.0; 2
-7.0, 2.0, -6.0; 1
-6.0, 2.0, -6.0; 1
-5.0, 2.0, -6.0; 4
-4.0, 2.0, -6.0; 7
-3.0, 2.0, -6.0; 7
-2.0, 2.0, -6.0; 28
-1.0, 2.0, -6.0; 18
0.0, 2.0, -6.0; 16
1.0, 2.0, -6.0; 1
2.0, 2.0, -6.0; 1
3.0, 2.0, -6.0; 4
4.0, 2.0, -6.0; 3
7.0, 2.0, -6.0; 1
-8.0, 3.0, -6.0; 1
-6.0, 3.0, -6.0; 2
-5.0, 3.0, -6.0; 3
-4.0, 3.0, -6.0; 3
-3.0, 3.0, -6.0; 3
-2.0, 3.0, -6.0; 1
-1.0, 3.0, -6.0; 5
3.0, 3.0, -6.0; 1
7.0, 3.0, -6.0; 1
-7.0, 4.0, -6.0; 2
-5.0, 4.0, -6.0; 3
-4.0, 4.0, -6.0; 3
-3.0, 4.0, -6.0; 3
-2.0, 4.0, -6.0; 7
-1.0, 4.0, -6.0; 1
0.0, 4.0, -6.0; 1
1.0, 4.0, -6.0; 1
2.0, 4.0, -6.0; 1
-4.0, 5.0, -6.0; 8
-3.0, 5.0, -6.0; 3
-2.0, 5.0, -6.0; 2
-1.0, 5.0, -6.0; 1
0.0, 5.0, -6.0; 3
1.0, 5.0, -6.0; 2
5.0, 5.0, -6.0; 2
-5.0, 6.0, -6.0; 1
-4.0, 6.0, -6.0; 4
-3.0, 6.0, -6.0; 9
-2.0, 6.0, -6.0; 4
-1.0, 6.0, -6.0; 1
1.0, 6.0, -6.0; 3
-5.0, 7.0, -6.0; 1
-3.0, 7.0, -6.0; 2
-2.0, 7.0, -6.0; 1
1.0, 7.0, -6.0; 1
-3.0, 8.0, -6.0; 1
-2.0, 8.0, -6.0; 3
-1.0, 8.0, -6.0; 3
-3.0, -9.0, -5.0; 1
-2.0, -9.0, -5.0; 3
-1.0, -9.0, -5.0; 4
0.0, -9.0, -5.0; 4
2.0, -9.0, -5.0; 1
-5.0, -8.0, -5.0; 3
-4.0, -8.0, -5.0; 1
-3.0, -8.0, -5.0; 5
-2.0, -8.0, -5.0; 67
-1.0, -8.0, -5.0; 144
0.0, -8.0, -5.0; 12
1.0, -8.0, -5.0; 1
2.0, -8.0, -5.0; 2
3.0, -8.0, -5.0; 1
-6.0, -7.0, -5.0; 3
-5.0, -7.0, -5.0; 2
-4.0, -7.0, -5.0; 2
-2.0, -7.0, -5.0; 20
-1.0, -7.0, -5.0; 19
0.0, -7.0, -5.0; 9
1.0, -7.0, -5.0; 2
2.0, -7.0, -5.0; 2
3.0, -7.0, -5.0; 2
-7.0, -6.0, -5.0; 4
-6.0, -6.0, -5.0; 3
-5.0, -6.0, -5.0; 4
-4.0, -6.0, -5.0; 1
-2.0, -6.0, -5.0; 3
0.0, -6.0, -5.0; 11
1.0, -6.0, -5.0; 5
2.0, -6.0, -5.0; 1
3.0, -6.0, -5.0; 3
-8.0, -5.0, -5.0; 2
-7.0, -5.0, -5.0; 2
-6.0, -5.0, -5.0; 1
-5.0, -5.0, -5.0; 4
-3.0, -5.0, -5.0; 2
-2.0, -5.0, -5.0; 2
-1.0, -5.0, -5.0; 5
0.0, -5.0, -5.0; 6
1.0, -5.0, -5.0; 40
2.0, -5.0, -5.0; 5
5.0, -5.0, -5.0; 1
7.0, -5.0, -5.0; 1
-8.0, -4.0, -5.0; 2
-7.0, -4.0, -5.0; 5
-6.0, -4.0, -5.0; 3
-5.0, -4.0, -5.0; 8
-4.0, -4.0, -5.0; 5
-3.0, -4.0, -5.0; 30
-2.0, -4.0, -5.0; 34
-1.0, -4.0, -5.0; 12
0.0, -4.0, -5.0; 17
1.0, -4.0, -5.0; 83
2.0, -4.0, -5.0; 10
3.0, -4.0, -5.0; 1
4.0, -4.0, -5.0; 1
5.0, -4.0, -5.0; 2
7.0, -4.0, -5.0; 3
8.0, -4.0, -5.0; 1
-7.0, -3.0, -5.0; 2
-6.0, -3.0, -5.0; 4
-5.0, -3.0, -5.0; 8
-4.0, -3.0, -5.0; 23
-3.0, -3.0, -5.0; 427
-2.0, -3.0, -5.0; 247
-1.0, -3.0, -5.0; 1
0.0, -3.0, -5.0; 31
1.0, -3.0, -5.0; 243
2.0, -3.0, -5.0; 16
3.0, -3.0, -5.0; 1
5.0, -3.0, -5.0; 2
7.0, -3.0, -5.0; 2
-8.0, -2.0, -5.0; 4
-7.0, -2.0, -5.0; 6
-6.0, -2.0, -5.0; 1
-5.0, -2.0, -5.0; 5
-4.0, -2.0, -5.0; 5
-3.0, -2.0, -5.0; 50
-2.0, -2.0, -5.0; 18
-1.0, -2.0, -5.0; 10
0.0, -2.0, -5.0; 30
1.0, -2.0, -5.0; 39
2.0, -2.0, -5.0; 7
3.0, -2.0, -5.0; 1
4.0, -2.0, -5.0; 1
8.0, -2.0, -5.0; 2
-8.0, -1.0, -5.0; 1
-7.0, -1.0, -5.0; 10
-6.0, -1.0, -5.0; 2
-5.0, -1.0, -5.0; 2
-4.0, -1.0, -5.0; 3
-3.0, -1.0, -5.0; 12
-2.0, -1.0, -5.0; 13
-1.0, -1.0, -5.0; 6
0.0, -1.0, -5.0; 4
1.0, -1.0, -5.0; 1
3.0, -1.0, -5.0; 5
4.0, -1.0, -5.0; 9
-9.0, 0.0, -5.0; 1
-8.0, 0.0, -5.0; 4
-7.0, 0.0, -5.0; 5
-6.0, 0.0, -5.0; 2
-5.0, 0.0, -5.0; 1
-4.0, 0.0, -5.0; 8
-3.0, 0.0, -5.0; 12
-2.0, 0.0, -5.0; 3
-1.0, 0.0, -5.0; 3
0.0, 0.0, -5.0; 4
1.0, 0.0, -5.0; 1
3.0, 0.0, -5.0; 6
4.0, 0.0, -5.0; 3
5.0, 0.0, -5.0; 1
-8.0, 1.0, -5.0; 4
-7.0, 1.0, -5.0; 1
-6.0, 1.0, -5.0; 2
-5.0, 1.0, -5.0; 4
-4.0, 1.0, -5.0; 5
-3.0, 1.0, -5.0; 11
-2.0, 1.0, -5.0; 5
-1.0, 1.0, -5.0; 4
0.0, 1.0, -5.0; 24
1.0, 1.0, -5.0; 10
2.0, 1.0, -5.0; 8
3.0, 1.0, -5.0; 4
4.0, 1.0, -5.0; 1
5.0, 1.0, -5.0; 1
6.0, 1.0, -5.0; 1
-8.0, 2.0, -5.0; 4
-7.0, 2.0, -5.0; 5
-6.0, 2.0, -5.0; 3
-5.0, 2.0, -5.0; 12
-4.0, 2.0, -5.0; 11
-3.0, 2.0, -5.0; 9
-2.0, 2.0, -5.0; 8
-1.0, 2.0, -5.0; 9
0.0, 2.0, -5.0; 16
1.0, 2.0, -5.0; 12
2.0, 2.0, -5.0; 6
3.0, 2.0, -5.0; 6
4.0, 2.0, -5.0; 3
-9.0, 3.0, -5.0; 2
-8.0, 3.0, -5.0; 4
-7.0, 3.0, -5.0; 1
-6.0, 3.0, -5.0; 1
-5.0, 3.0, -5.0; 10
-4.0, 3.0, -5.0; 5
-3.0, 3.0, -5.0; 3
-2.0, 3.0, -5.0; 6
-1.0, 3.0, -5.0; 18
0.0, 3.0, -5.0; 20
1.0, 3.0, -5.0; 7
2.0, 3.0, -5.0; 1
3.0, 3.0, -5.0; 1
4.0, 3.0, -5.0; 4
5.0, 3.0, -5.0; 1
6.0, 3.0, -5.0; 1
-8.0, 4.0, -5.0; 1
-7.0, 4.0, -5.0; 4
-6.0, 4.0, -5.0; 1
-5.0, 4.0, -5.0; 4
-4.0, 4.0, -5.0; 3
-3.0, 4.0, -5.0; 3
-2.0, 4.0, -5.0; 5
-1.0, 4.0, -5.0; 8
0.0, 4.0, -5.0; 2
1.0, 4.0, -5.0; 3
5.0, 4.0, -5.0; 1
6.0, 4.0, -5.0; 1
-7.0, 5.0, -5.0; 4
-6.0, 5.0, -5.0; 3
-5.0, 5.0, -5.0; 6
-4.0, 5.0, -5.0; 4
-3.0, 5.0, -5.0; 2
-2.0, 5.0, -5.0; 1
-1.0, 5.0, -5.0; 5
0.0, 5.0, -5.0; 1
2.0, 5.0, -5.0; 1
3.0, 5.0, -5.0; 2
5.0, 5.0, -5.0; 2
-6.0, 6.0, -5.0; 1
-5.0, 6.0, -5.0; 6
-4.0, 6.0, -5.0; 9
-3.0, 6.0, -5.0; 3
-2.0, 6.0, -5.0; 6
-1.0, 6.0, -5.0; 5
0.0, 6.0, -5.0; 1
1.0, 6.0, -5.0; 1
2.0, 6.0, -5.0; 2
3.0, 6.0, -5.0; 1
5.0, 6.0, -5.0; 3
-4.0, 7.0, -5.0; 1
-3.0, 7.0, -5.0; 6
-2.0, 7.0, -5.0; 4
0.0, 7.0, -5.0; 1
1.0, 7.0, -5.0; 1
2.0, 7.0, -5.0; 4
3.0, 7.0, -5.0; 3
4.0, 7.0, -5.0; 2
-3.0, 8.0, -5.0; 2
-2.0, 8.0, -5.0; 4
-1.0, 8.0, -5.0; 3
0.0, 8.0, -5.0; 2
1.0, 8.0, -5.0; 3
2.0, 8.0, -5.0; 2
-1.0, 9.0, -5.0; 1
-3.0, -10.0, -4.0; 1
-2.0, -10.0, -4.0; 1
-1.0, -10.0, -4.0; 2
0.0, -10.0, -4.0; 3
1.0, -10.0, -4.0; 1
-3.0, -9.0, -4.0; 1
-2.0, -9.0, -4.0; 3
-1.0, -9.0, -4.0; 10
0.0, -9.0, -4.0; 7
1.0, -9.0, -4.0; 5
2.0, -9.0, -4.0; 3
3.0, -9.0, -4.0; 2
-6.0, -8.0, -4.0; 1
-5.0, -8.0, -4.0; 5
-4.0, -8.0, -4.0; 8
-3.0, -8.0, -4.0; 7
-2.0, -8.0, -4.0; 13
-1.0, -8.0, -4.0; 22
0.0, -8.0, -4.0; 2
1.0, -8.0, -4.0; 1
2.0, -8.0, -4.0; 2
3.0, -8.0, -4.0; 1
-7.0, -7.0, -4.0; 1
-6.0, -7.0, -4.0; 5
-5.0, -7.0, -4.0; 2
-3.0, -7.0, -4.0; 2
-1.0, -7.0, -4.0; 2
0.0, -7.0, -4.0; 4
1.0, -7.0, -4.0; 8
2.0, -7.0, -4.0; 3
3.0, -7.0, -4.0; 2
5.0, -7.0, -4.0; 2
-8.0, -6.0, -4.0; 3
-7.0, -6.0, -4.0; 8
-6.0, -6.0, -4.0; 2
-4.0, -6.0, -4.0; 1
-3.0, -6.0, -4.0; 1
-1.0, -6.0, -4.0; 3
0.0, -6.0, -4.0; 7
1.0, -6.0, -4.0; 55
2.0, -6.0, -4.0; 7
3.0, -6.0, -4.0; 3
4.0, -6.0, -4.0; 1
5.0, -6.0, -4.0; 2
-8.0, -5.0, -4.0; 4
-7.0, -5.0, -4.0; 1
-5.0, -5.0, -4.0; 2
-4.0, -5.0, -4.0; 2
-3.0, -5.0, -4.0; 1
-2.0, -5.0, -4.0; 12
-1.0, -5.0, -4.0; 26
0.0, -5.0, -4.0; 17
1.0, -5.0, -4.0; 97
2.0, -5.0, -4.0; 54
3.0, -5.0, -4.0; 3
5.0, -5.0, -4.0; 1
6.0, -5.0, -4.0; 1
-9.0, -4.0, -4.0; 1
-8.0, -4.0, -4.0; 8
-7.0, -4.0, -4.0; 2
-6.0, -4.0, -4.0; 1
-5.0, -4.0, -4.0; 2
-4.0, -4.0, -4.0; 22
-3.0, -4.0, -4.0; 10
-2.0, -4.0, -4.0; 11
-1.0, -4.0, -4.0; 5
0.0, -4.0, -4.0; 2
1.0, -4.0, -4.0; 18
2.0, -4.0, -4.0; 29
3.0, -4.0, -4.0; 3
5.0, -4.0, -4.0; 1
6.0, -4.0, -4.0; 1
7.0, -4.0, -4.0; 1
8.0, -4.0, -4.0; 1
-9.0, -3.0, -4.0; 1
-8.0, -3.0, -4.0; 4
-7.0, -3.0, -4.0; 3
-6.0, -3.0, -4.0; 5
-5.0, -3.0, -4.0; 11
-4.0, -3.0, -4.0; 87
-3.0, -3.0, -4.0; 30
-2.0, -3.0, -4.0; 2
-1.0, -3.0, -4.0; 1
1.0, -3.0, -4.0; 64
2.0, -3.0, -4.0; 56
3.0, -3.0, -4.0; 2
4.0, -3.0, -4.0; 2
5.0, -3.0, -4.0; 4
6.0, -3.0, -4.0; 1
7.0, -3.0, -4.0; 1
-9.0, -2.0, -4.0; 4
-8.0, -2.0, -4.0; 2
-7.0, -2.0, -4.0; 1
-6.0, -2.0, -4.0; 2
-5.0, -2.0, -4.0; 7
-4.0, -2.0, -4.0; 10
-3.0, -2.0, -4.0; 2
1.0, -2.0, -4.0; 2
2.0, -2.0, -4.0; 1
4.0, -2.0, -4.0; 4
5.0, -2.0, -4.0; 4
8.0, -2.0, -4.0; 1
-9.0, -1.0, -4.0; 1
-8.0, -1.0, -4.0; 5
-7.0, -1.0, -4.0; 7
-6.0, -1.0, -4.0; 1
-5.0, -1.0, -4.0; 1
-3.0, -1.0, -4.0; 1
4.0, -1.0, -4.0; 11
5.0, -1.0, -4.0; 2
6.0, -1.0, -4.0; 1
-10.0, 0.0, -4.0; 1
-8.0, 0.0, -4.0; 4
-7.0, 0.0, -4.0; 2
-6.0, 0.0, -4.0; 3
-5.0, 0.0, -4.0; 2
-4.0, 0.0, -4.0; 3
3.0, 0.0, -4.0; 1
4.0, 0.0, -4.0; 2
5.0, 0.0, -4.0; 1
7.0, 0.0, -4.0; 1
-9.0, 1.0, -4.0; 2
-8.0, 1.0, -4.0; 7
-7.0, 1.0, -4.0; 1
-6.0, 1.0, -4.0; 3
-5.0, 1.0, -4.0; 10
-4.0, 1.0, -4.0; 6
2.0, 1.0, -4.0; 2
3.0, 1.0, -4.0; 2
4.0, 1.0, -4.0; 2
5.0, 1.0, -4.0; 1
-9.0, 2.0, -4.0; 2
-8.0, 2.0, -4.0; 1
-6.0, 2.0, -4.0; 5
-5.0, 2.0, -4.0; 10
-4.0, 2.0, -4.0; 7
-3.0, 2.0, -4.0; 1
2.0, 2.0, -4.0; 1
3.0, 2.0, -4.0; 5
4.0, 2.0, -4.0; 1
5.0, 2.0, -4.0; 2
6.0, 2.0, -4.0; 1
-9.0, 3.0, -4.0; 1
-8.0, 3.0, -4.0; 4
-7.0, 3.0, -4.0; 3
-6.0, 3.0, -4.0; 4
-5.0, 3.0, -4.0; 6
-4.0, 3.0, -4.0; 2
-2.0, 3.0, -4.0; 1
0.0, 3.0, -4.0; 4
1.0, 3.0, -4.0; 9
2.0, 3.0, -4.0; 3
4.0, 3.0, -4.0; 3
6.0, 3.0, -4.0; 1
7.0, 3.0, -4.0; 1
-8.0, 4.0, -4.0; 3
-7.0, 4.0, -4.0; 1
-6.0, 4.0, -4.0; 3
-5.0, 4.0, -4.0; 3
-3.0, 4.0, -4.0; 2
-2.0, 4.0, -4.0; 3
-1.0, 4.0, -4.0; 6
0.0, 4.0, -4.0; 43
1.0, 4.0, -4.0; 18
2.0, 4.0, -4.0; 1
3.0, 4.0, -4.0; 1
5.0, 4.0, -4.0; 2
7.0, 4.0, -4.0; 1
-8.0, 5.0, -4.0; 2
-7.0, 5.0, -4.0; 4
-6.0, 5.0, -4.0; 3
-5.0, 5.0, -4.0; 1
-3.0, 5.0, -4.0; 4
-2.0, 5.0, -4.0; 9
-1.0, 5.0, -4.0; 25
0.0, 5.0, -4.0; 18
1.0, 5.0, -4.0; 6
2.0, 5.0, -4.0; 1
3.0, 5.0, -4.0; 3
4.0, 5.0, -4.0; 3
-6.0, 6.0, -4.0; 1
-5.0, 6.0, -4.0; 2
-3.0, 6.0, -4.0; 1
-1.0, 6.0, -4.0; 6
0.0, 6.0, -4.0; 1
1.0, 6.0, -4.0; 2
2.0, 6.0, -4.0; 4
3.0, 6.0, -4.0; 3
4.0, 6.0, -4.0; 2
5.0, 6.0, -4.0; 1
6.0, 6.0, -4.0; 1
-6.0, 7.0, -4.0; 2
-5.0, 7.0, -4.0; 2
-4.0, 7.0, -4.0; 1
-3.0, 7.0, -4.0; 3
-2.0, 7.0, -4.0; 3
0.0, 7.0, -4.0; 3
1.0, 7.0, -4.0; 3
2.0, 7.0, -4.0; 2
3.0, 7.0, -4.0; 1
5.0, 7.0, -4.0; 1
-4.0, 8.0, -4.0; 1
-3.0, 8.0, -4.0; 5
-2.0, 8.0, -4.0; 5
-1.0, 8.0, -4.0; 3
0.0, 8.0, -4.0; 3
1.0, 8.0, -4.0; 3
2.0, 8.0, -4.0; 3
-2.0, 9.0, -4.0; 1
-1.0, 9.0, -4.0; 4
0.0, 9.0, -4.0; 4
1.0, 9.0, -4.0; 3
-3.0, -10.0, -3.0; 5
-2.0, -10.0, -3.0; 12
-1.0, -10.0, -3.0; 6
0.0, -10.0, -3.0; 6
1.0, -10.0, -3.0; 4
-4.0, -9.0, -3.0; 2
-3.0, -9.0, -3.0; 2
-2.0, -9.0, -3.0; 8
-1.0, -9.0, -3.0; 8
0.0, -9.0, -3.0; 7
1.0, -9.0, -3.0; 3
2.0, -9.0, -3.0; 8
3.0, -9.0, -3.0; 2
-6.0, -8.0, -3.0; 3
-5.0, -8.0, -3.0; 1
-4.0, -8.0, -3.0; 2
-3.0, -8.0, -3.0; 6
-2.0, -8.0, -3.0; 2
-1.0, -8.0, -3.0; 4
0.0, -8.0, -3.0; 2
1.0, -8.0, -3.0; 2
2.0, -8.0, -3.0; 1
4.0, -8.0, -3.0; 2
5.0, -8.0, -3.0; 3
-7.0, -7.0, -3.0; 2
-6.0, -7.0, -3.0; 1
-5.0, -7.0, -3.0; 1
-4.0, -7.0, -3.0; 1
-3.0, -7.0, -3.0; 1
-2.0, -7.0, -3.0; 1
0.0, -7.0, -3.0; 14
1.0, -7.0, -3.0; 12
3.0, -7.0, -3.0; 1
5.0, -7.0, -3.0; 1
-8.0, -6.0, -3.0; 1
-7.0, -6.0, -3.0; 2
-6.0, -6.0, -3.0; 1
-2.0, -6.0, -3.0; 1
-1.0, -6.0, -3.0; 12
0.0, -6.0, -3.0; 22
1.0, -6.0, -3.0; 163
2.0, -6.0, -3.0; 23
3.0, -6.0, -3.0; 2
4.0, -6.0, -3.0; 1
7.0, -6.0, -3.0; 1
-8.0, -5.0, -3.0; 1
-7.0, -5.0, -3.0; 1
-6.0, -5.0, -3.0; 1
-5.0, -5.0, -3.0; 2
-1.0, -5.0, -3.0; 4
0.0, -5.0, -3.0; 10
1.0, -5.0, -3.0; 11
2.0, -5.0, -3.0; 19
3.0, -5.0, -3.0; 4
4.0, -5.0, -3.0; 1
7.0, -5.0, -3.0; 1
-9.0, -4.0, -3.0; 3
-8.0, -4.0, -3.0; 5
-7.0, -4.0, -3.0; 4
-6.0, -4.0, -3.0; 2
-5.0, -4.0, -3.0; 8
-4.0, -4.0, -3.0; 1
1.0, -4.0, -3.0; 1
2.0, -4.0, -3.0; 13
3.0, -4.0, -3.0; 3
4.0, -4.0, -3.0; 1
5.0, -4.0, -3.0; 4
6.0, -4.0, -3.0; 1
8.0, -4.0, -3.0; 2
-9.0, -3.0, -3.0; 3
-8.0, -3.0, -3.0; 4
-6.0, -3.0, -3.0; 8
-5.0, -3.0, -3.0; 42
-4.0, -3.0, -3.0; 3
5.0, -3.0, -3.0; 2
7.0, -3.0, -3.0; 1
-9.0, -2.0, -3.0; 3
-8.0, -2.0, -3.0; 6
-7.0, -2.0, -3.0; 9
-6.0, -2.0, -3.0; 3
-5.0, -2.0, -3.0; 10
4.0, -2.0, -3.0; 1
5.0, -2.0, -3.0; 1
-10.0, -1.0, -3.0; 1
-9.0, -1.0, -3.0; 3
-8.0, -1.0, -3.0; 3
-7.0, -1.0, -3.0; 1
4.0, -1.0, -3.0; 1
5.0, -1.0, -3.0; 2
6.0, -1.0, -3.0; 3
-8.0, 0.0, -3.0; 4
-7.0, 0.0, -3.0; 3
-6.0, 0.0, -3.0; 9
-5.0, 0.0, -3.0; 2
4.0, 0.0, -3.0; 1
6.0, 0.0, -3.0; 1
-10.0, 1.0, -3.0; 1
-9.0, 1.0, -3.0; 2
-8.0, 1.0, -3.0; 2
-6.0, 1.0, -3.0; 33
-5.0, 1.0, -3.0; 8
-4.0, 1.0, -3.0; 1
4.0, 1.0, -3.0; 1
5.0, 1.0, -3.0; 1
-10.0, 2.0, -3.0; 1
-9.0, 2.0, -3.0; 1
-8.0, 2.0, -3.0; 4
-7.0, 2.0, -3.0; 5
-6.0, 2.0, -3.0; 6
-5.0, 2.0, -3.0; 3
2.0, 2.0, -3.0; 1
-10.0, 3.0, -3.0; 1
-9.0, 3.0, -3.0; 4
-8.0, 3.0, -3.0; 6
-7.0, 3.0, -3.0; 1
-6.0, 3.0, -3.0; 5
-5.0, 3.0, -3.0; 2
1.0, 3.0, -3.0; 1
3.0, 3.0, -3.0; 1
4.0, 3.0, -3.0; 5
5.0, 3.0, -3.0; 1
8.0, 3.0, -3.0; 2
-8.0, 4.0, -3.0; 6
-7.0, 4.0, -3.0; 2
-6.0, 4.0, -3.0; 1
-5.0, 4.0, -3.0; 1
-4.0, 4.0, -3.0; 1
0.0, 4.0, -3.0; 28
1.0, 4.0, -3.0; 43
2.0, 4.0, -3.0; 6
4.0, 4.0, -3.0; 2
5.0, 4.0, -3.0; 4
-8.0, 5.0, -3.0; 5
-7.0, 5.0, -3.0; 2
-6.0, 5.0, -3.0; 1
-4.0, 5.0, -3.0; 1
-2.0, 5.0, -3.0; 3
-1.0, 5.0, -3.0; 11
0.0, 5.0, -3.0; 31
1.0, 5.0, -3.0; 28
2.0, 5.0, -3.0; 2
4.0, 5.0, -3.0; 1
5.0, 5.0, -3.0; 1
7.0, 5.0, -3.0; 1
-7.0, 6.0, -3.0; 4
-6.0, 6.0, -3.0; 6
-5.0, 6.0, -3.0; 1
-4.0, 6.0, -3.0; 1
-3.0, 6.0, -3.0; 1
-2.0, 6.0, -3.0; 2
-1.0, 6.0, -3.0; 21
0.0, 6.0, -3.0; 33
1.0, 6.0, -3.0; 8
2.0, 6.0, -3.0; 3
-7.0, 7.0, -3.0; 1
-6.0, 7.0, -3.0; 3
-5.0, 7.0, -3.0; 2
-4.0, 7.0, -3.0; 5
-3.0, 7.0, -3.0; 2
-2.0, 7.0, -3.0; 1
0.0, 7.0, -3.0; 1
1.0, 7.0, -3.0; 2
2.0, 7.0, -3.0; 2
3.0, 7.0, -3.0; 3
5.0, 7.0, -3.0; 1
-5.0, 8.0, -3.0; 2
-4.0, 8.0, -3.0; 2
-3.0, 8.0, -3.0; 8
-2.0, 8.0, -3.0; 5
-1.0, 8.0, -3.0; 5
0.0, 8.0, -3.0; 4
1.0, 8.0, -3.0; 1
2.0, 8.0, -3.0; 4
4.0, 8.0, -3.0; 1
-2.0, 9.0, -3.0; 4
-1.0, 9.0, -3.0; 2
0.0, 9.0, -3.0; 5
1.0, 9.0, -3.0; 6
2.0, 9.0, -3.0; 3
-4.0, -10.0, -2.0; 2
-3.0, -10.0, -2.0; 9
-2.0, -10.0, -2.0; 12
-1.0, -10.0, -2.0; 12
0.0, -10.0, -2.0; 9
1.0, -10.0, -2.0; 7
2.0, -10.0, -2.0; 2
3.0, -10.0, -2.0; 1
-6.0, -9.0, -2.0; 1
-5.0, -9.0, -2.0; 1
-4.0, -9.0, -2.0; 6
-3.0, -9.0, -2.0; 2
-2.0, -9.0, -2.0; 5
-1.0, -9.0, -2.0; 5
0.0, -9.0, -2.0; 5
1.0, -9.0, -2.0; 2
2.0, -9.0, -2.0; 2
3.0, -9.0, -2.0; 2
4.0, -9.0, -2.0; 1
-6.0, -8.0, -2.0; 2
-3.0, -8.0, -2.0; 1
0.0, -8.0, -2.0; 3
1.0, -8.0, -2.0; 4
3.0, -8.0, -2.0; 1
4.0, -8.0, -2.0; 2
5.0, -8.0, -2.0; 1
6.0, -8.0, -2.0; 1
-8.0, -7.0, -2.0; 5
-7.0, -7.0, -2.0; 6
-5.0, -7.0, -2.0; 2
-4.0, -7.0, -2.0; 1
-2.0, -7.0, -2.0; 1
-1.0, -7.0, -2.0; 6
0.0, -7.0, -2.0; 19
1.0, -7.0, -2.0; 18
2.0, -7.0, -2.0; 2
3.0, -7.0, -2.0; 1
4.0, -7.0, -2.0; 1
5.0, -7.0, -2.0; 1
-9.0, -6.0, -2.0; 1
-8.0, -6.0, -2.0; 10
-7.0, -6.0, -2.0; 3
-1.0, -6.0, -2.0; 2
0.0, -6.0, -2.0; 14
1.0, -6.0, -2.0; 102
2.0, -6.0, -2.0; 22
3.0, -6.0, -2.0; 3
4.0, -6.0, -2.0; 1
5.0, -6.0, -2.0; 1
6.0, -6.0, -2.0; 1
-9.0, -5.0, -2.0; 1
-8.0, -5.0, -2.0; 2
-7.0, -5.0, -2.0; 1
0.0, -5.0, -2.0; 1
1.0, -5.0, -2.0; 2
2.0, -5.0, -2.0; 13
3.0, -5.0, -2.0; 5
4.0, -5.0, -2.0; 1
6.0, -5.0, -2.0; 1
7.0, -5.0, -2.0; 2
-10.0, -4.0, -2.0; 1
-9.0, -4.0, -2.0; 1
-8.0, -4.0, -2.0; 4
-7.0, -4.0, -2.0; 1
-6.0, -4.0, -2.0; 2
-5.0, -4.0, -2.0; 2
2.0, -4.0, -2.0; 4
3.0, -4.0, -2.0; 4
-10.0, -3.0, -2.0; 2
-9.0, -3.0, -2.0; 6
-8.0, -3.0, -2.0; 5
-7.0, -3.0, -2.0; 3
-6.0, -3.0, -2.0; 3
-5.0, -3.0, -2.0; 18
5.0, -3.0, -2.0; 2
6.0, -3.0, -2.0; 2
-10.0, -2.0, -2.0; 1
-9.0, -2.0, -2.0; 3
-8.0, -2.0, -2.0; 2
-7.0, -2.0, -2.0; 2
-6.0, -2.0, -2.0; 3
-5.0, -2.0, -2.0; 12
-4.0, -2.0, -2.0; 1
5.0, -2.0, -2.0; 2
6.0, -2.0, -2.0; 2
7.0, -2.0, -2.0; 1
-9.0, -1.0, -2.0; 1
-8.0, -1.0, -2.0; 6
-7.0, -1.0, -2.0; 1
-5.0, -1.0, -2.0; 1
6.0, -1.0, -2.0; 3
-10.0, 0.0, -2.0; 1
-9.0, 0.0, -2.0; 2
-8.0, 0.0, -2.0; 4
-7.0, 0.0, -2.0; 1
-6.0, 0.0, -2.0; 10
-5.0, 0.0, -2.0; 1
6.0, 0.0, -2.0; 2
-10.0, 1.0, -2.0; 1
-9.0, 1.0, -2.0; 1
-8.0, 1.0, -2.0; 2
-7.0, 1.0, -2.0; 1
-6.0, 1.0, -2.0; 162
-5.0, 1.0, -2.0; 17
5.0, 1.0, -2.0; 1
-9.0, 2.0, -2.0; 3
-7.0, 2.0, -2.0; 3
-6.0, 2.0, -2.0; 24
-5.0, 2.0, -2.0; 6
5.0, 2.0, -2.0; 1
-10.0, 3.0, -2.0; 1
-9.0, 3.0, -2.0; 2
-8.0, 3.0, -2.0; 1
-7.0, 3.0, -2.0; 2
-6.0, 3.0, -2.0; 4
-5.0, 3.0, -2.0; 2
4.0, 3.0, -2.0; 1
5.0, 3.0, -2.0; 1
7.0, 3.0, -2.0; 1
8.0, 3.0, -2.0; 1
-9.0, 4.0, -2.0; 8
-8.0, 4.0, -2.0; 7
-7.0, 4.0, -2.0; 2
-5.0, 4.0, -2.0; 3
1.0, 4.0, -2.0; 6
2.0, 4.0, -2.0; 11
3.0, 4.0, -2.0; 1
4.0, 4.0, -2.0; 5
5.0, 4.0, -2.0; 3
6.0, 4.0, -2.0; 1
7.0, 4.0, -2.0; 1
-9.0, 5.0, -2.0; 2
-8.0, 5.0, -2.0; 4
-7.0, 5.0, -2.0; 7
-4.0, 5.0, -2.0; 1
-1.0, 5.0, -2.0; 4
0.0, 5.0, -2.0; 15
1.0, 5.0, -2.0; 35
2.0, 5.0, -2.0; 11
3.0, 5.0, -2.0; 1
4.0, 5.0, -2.0; 2
6.0, 5.0, -2.0; 4
-8.0, 6.0, -2.0; 1
-7.0, 6.0, -2.0; 8
-6.0, 6.0, -2.0; 11
-5.0, 6.0, -2.0; 6
-2.0, 6.0, -2.0; 12
-1.0, 6.0, -2.0; 41
0.0, 6.0, -2.0; 92
1.0, 6.0, -2.0; 37
2.0, 6.0, -2.0; 2
3.0, 6.0, -2.0; 1
4.0, 6.0, -2.0; 1
5.0, 6.0, -2.0; 1
-7.0, 7.0, -2.0; 1
-6.0, 7.0, -2.0; 3
-5.0, 7.0, -2.0; 14
-4.0, 7.0, -2.0; 11
-3.0, 7.0, -2.0; 4
-1.0, 7.0, -2.0; 5
0.0, 7.0, -2.0; 5
1.0, 7.0, -2.0; 3
2.0, 7.0, -2.0; 1
3.0, 7.0, -2.0; 1
4.0, 7.0, -2.0; 2
5.0, 7.0, -2.0; 1
-6.0, 8.0, -2.0; 1
-5.0, 8.0, -2.0; 1
-4.0, 8.0, -2.0; 5
-3.0, 8.0, -2.0; 4
-2.0, 8.0, -2.0; 5
-1.0, 8.0, -2.0; 2
0.0, 8.0, -2.0; 1
1.0, 8.0, -2.0; 1
2.0, 8.0, -2.0; 4
3.0, 8.0, -2.0; 2
-3.0, 9.0, -2.0; 1
-2.0, 9.0, -2.0; 2
-1.0, 9.0, -2.0; 7
0.0, 9.0, -2.0; 6
1.0, 9.0, -2.0; 10
2.0, 9.0, -2.0; 3
-5.0, -10.0, -1.0; 1
-4.0, -10.0, -1.0; 9
-3.0, -10.0, -1.0; 9
-2.0, -10.0, -1.0; 23
-1.0, -10.0, -1.0; 11
0.0, -10.0, -1.0; 9
1.0, -10.0, -1.0; 6
-6.0, -9.0, -1.0; 2
-5.0, -9.0, -1.0; 10
-4.0, -9.0, -1.0; 3
-3.0, -9.0, -1.0; 4
-2.0, -9.0, -1.0; 3
-1.0, -9.0, -1.0; 7
0.0, -9.0, -1.0; 2
1.0, -9.0, -1.0; 2
3.0, -9.0, -1.0; 3
4.0, -9.0, -1.0; 1
-7.0, -8.0, -1.0; 3
-6.0, -8.0, -1.0; 2
-5.0, -8.0, -1.0; 1
-4.0, -8.0, -1.0; 1
-2.0, -8.0, -1.0; 3
-1.0, -8.0, -1.0; 14
0.0, -8.0, -1.0; 2
1.0, -8.0, -1.0; 2
2.0, -8.0, -1.0; 1
3.0, -8.0, -1.0; 1
5.0, -8.0, -1.0; 1
-8.0, -7.0, -1.0; 3
-7.0, -7.0, -1.0; 2
-6.0, -7.0, -1.0; 1
-5.0, -7.0, -1.0; 2
-4.0, -7.0, -1.0; 1
-2.0, -7.0, -1.0; 5
-1.0, -7.0, -1.0; 28
0.0, -7.0, -1.0; 51
1.0, -7.0, -1.0; 20
2.0, -7.0, -1.0; 1
4.0, -7.0, -1.0; 4
5.0, -7.0, -1.0; 2
-9.0, -6.0, -1.0; 1
-8.0, -6.0, -1.0; 8
-7.0, -6.0, -1.0; 2
-5.0, -6.0, -1.0; 1
-2.0, -6.0, -1.0; 1
-1.0, -6.0, -1.0; 2
0.0, -6.0, -1.0; 6
1.0, -6.0, -1.0; 13
2.0, -6.0, -1.0; 4
-9.0, -5.0, -1.0; 2
-8.0, -5.0, -1.0; 6
-7.0, -5.0, -1.0; 2
-6.0, -5.0, -1.0; 5
0.0, -5.0, -1.0; 1
2.0, -5.0, -1.0; 3
3.0, -5.0, -1.0; 7
5.0, -5.0, -1.0; 2
-10.0, -4.0, -1.0; 2
-9.0, -4.0, -1.0; 3
-8.0, -4.0, -1.0; 3
-7.0, -4.0, -1.0; 5
-6.0, -4.0, -1.0; 2
-5.0, -4.0, -1.0; 1
3.0, -4.0, -1.0; 2
5.0, -4.0, -1.0; 8
6.0, -4.0, -1.0; 1
-10.0, -3.0, -1.0; 1
-9.0, -3.0, -1.0; 4
-7.0, -3.0, -1.0; 1
-6.0, -3.0, -1.0; 8
-5.0, -3.0, -1.0; 4
6.0, -3.0, -1.0; 1
-9.0, -2.0, -1.0; 1
-8.0, -2.0, -1.0; 1
-7.0, -2.0, -1.0; 3
-6.0, -2.0, -1.0; 4
4.0, -2.0, -1.0; 1
5.0, -2.0, -1.0; 1
6.0, -2.0, -1.0; 1
-8.0, -1.0, -1.0; 3
-7.0, -1.0, -1.0; 3
-6.0, -1.0, -1.0; 1
5.0, -1.0, -1.0; 1
-9.0, 0.0, -1.0; 3
-6.0, 0.0, -1.0; 9
-10.0, 1.0, -1.0; 1
-9.0, 1.0, -1.0; 2
-8.0, 1.0, -1.0; 4
-7.0, 1.0, -1.0; 2
-6.0, 1.0, -1.0; 269
-5.0, 1.0, -1.0; 31
-10.0, 2.0, -1.0; 1
-9.0, 2.0, -1.0; 9
-7.0, 2.0, -1.0; 1
-6.0, 2.0, -1.0; 37
-5.0, 2.0, -1.0; 20
-4.0, 2.0, -1.0; 1
4.0, 2.0, -1.0; 1
8.0, 2.0, -1.0; 1
-10.0, 3.0, -1.0; 1
-9.0, 3.0, -1.0; 4
-8.0, 3.0, -1.0; 4
-6.0, 3.0, -1.0; 10
-5.0, 3.0, -1.0; 2
3.0, 3.0, -1.0; 1
5.0, 3.0, -1.0; 1
8.0, 3.0, -1.0; 1
-9.0, 4.0, -1.0; 6
-8.0, 4.0, -1.0; 7
-7.0, 4.0, -1.0; 2
-6.0, 4.0, -1.0; 5
-5.0, 4.0, -1.0; 4
-4.0, 4.0, -1.0; 1
1.0, 4.0, -1.0; 1
2.0, 4.0, -1.0; 1
3.0, 4.0, -1.0; 2
4.0, 4.0, -1.0; 2
-8.0, 5.0, -1.0; 2
-7.0, 5.0, -1.0; 1
-5.0, 5.0, -1.0; 4
-4.0, 5.0, -1.0; 8
-3.0, 5.0, -1.0; 1
-1.0, 5.0, -1.0; 5
0.0, 5.0, -1.0; 9
1.0, 5.0, -1.0; 17
2.0, 5.0, -1.0; 10
4.0, 5.0, -1.0; 2
5.0, 5.0, -1.0; 1
-8.0, 6.0, -1.0; 3
-7.0, 6.0, -1.0; 30
-6.0, 6.0, -1.0; 76
-5.0, 6.0, -1.0; 21
-4.0, 6.0, -1.0; 7
-3.0, 6.0, -1.0; 5
-2.0, 6.0, -1.0; 17
-1.0, 6.0, -1.0; 60
0.0, 6.0, -1.0; 107
1.0, 6.0, -1.0; 35
2.0, 6.0, -1.0; 1
3.0, 6.0, -1.0; 3
-6.0, 7.0, -1.0; 13
-5.0, 7.0, -1.0; 32
-4.0, 7.0, -1.0; 18
-3.0, 7.0, -1.0; 3
-2.0, 7.0, -1.0; 1
-1.0, 7.0, -1.0; 5
0.0, 7.0, -1.0; 9
1.0, 7.0, -1.0; 2
2.0, 7.0, -1.0; 2
3.0, 7.0, -1.0; 1
5.0, 7.0, -1.0; 1
6.0, 7.0, -1.0; 1
-6.0, 8.0, -1.0; 1
-4.0, 8.0, -1.0; 7
-3.0, 8.0, -1.0; 2
-2.0, 8.0, -1.0; 4
-1.0, 8.0, -1.0; 3
0.0, 8.0, -1.0; 2
1.0, 8.0, -1.0; 2
2.0, 8.0, -1.0; 1
3.0, 8.0, -1.0; 5
4.0, 8.0, -1.0; 2
-4.0, 9.0, -1.0; 2
-3.0, 9.0, -1.0; 2
-2.0, 9.0, -1.0; 5
-1.0, 9.0, -1.0; 7
0.0, 9.0, -1.0; 11
1.0, 9.0, -1.0; 6
2.0, 9.0, -1.0; 7
3.0, 9.0, -1.0; 1
-4.0, -10.0, 0.0; 2
-3.0, -10.0, 0.0; 7
-2.0, -10.0, 0.0; 11
-1.0, -10.0, 0.0; 9
1.0, -10.0, 0.0; 4
2.0, -10.0, 0.0; 1
-6.0, -9.0, 0.0; 2
-5.0, -9.0, 0.0; 4
-4.0, -9.0, 0.0; 6
-3.0, -9.0, 0.0; 2
-2.0, -9.0, 0.0; 2
0.0, -9.0, 0.0; 3
1.0, -9.0, 0.0; 2
2.0, -9.0, 0.0; 3
3.0, -9.0, 0.0; 3
4.0, -9.0, 0.0; 1
-7.0, -8.0, 0.0; 10
-6.0, -8.0, 0.0; 6
-2.0, -8.0, 0.0; 3
-1.0, -8.0, 0.0; 13
0.0, -8.0, 0.0; 1
1.0, -8.0, 0.0; 1
2.0, -8.0, 0.0; 2
3.0, -8.0, 0.0; 1
4.0, -8.0, 0.0; 1
5.0, -8.0, 0.0; 2
-8.0, -7.0, 0.0; 1
-7.0, -7.0, 0.0; 3
-6.0, -7.0, 0.0; 1
-5.0, -7.0, 0.0; 1
-4.0, -7.0, 0.0; 5
-3.0, -7.0, 0.0; 18
-2.0, -7.0, 0.0; 38
-1.0, -7.0, 0.0; 88
0.0, -7.0, 0.0; 26
1.0, -7.0, 0.0; 7
2.0, -7.0, 0.0; 3
6.0, -7.0, 0.0; 1
7.0, -7.0, 0.0; 1
-8.0, -6.0, 0.0; 6
-7.0, -6.0, 0.0; 5
-6.0, -6.0, 0.0; 2
-5.0, -6.0, 0.0; 6
-4.0, -6.0, 0.0; 2
-3.0, -6.0, 0.0; 9
-2.0, -6.0, 0.0; 13
-1.0, -6.0, 0.0; 17
0.0, -6.0, 0.0; 8
1.0, -6.0, 0.0; 8
2.0, -6.0, 0.0; 4
3.0, -6.0, 0.0; 3
-9.0, -5.0, 0.0; 2
-8.0, -5.0, 0.0; 2
-7.0, -5.0, 0.0; 3
-6.0, -5.0, 0.0; 14
-4.0, -5.0, 0.0; 3
-3.0, -5.0, 0.0; 1
1.0, -5.0, 0.0; 1
2.0, -5.0, 0.0; 6
3.0, -5.0, 0.0; 2
5.0, -5.0, 0.0; 2
-10.0, -4.0, 0.0; 1
-9.0, -4.0, 0.0; 2
-8.0, -4.0, 0.0; 3
-7.0, -4.0, 0.0; 2
-6.0, -4.0, 0.0; 14
-5.0, -4.0, 0.0; 1
2.0, -4.0, 0.0; 1
3.0, -4.0, 0.0; 6
5.0, -4.0, 0.0; 1
7.0, -4.0, 0.0; 1
-10.0, -3.0, 0.0; 1
-9.0, -3.0, 0.0; 1
-7.0, -3.0, 0.0; 3
-6.0, -3.0, 0.0; 7
-5.0, -3.0, 0.0; 4
-9.0, -2.0, 0.0; 1
-8.0, -2.0, 0.0; 2
-7.0, -2.0, 0.0; 3
-6.0, -2.0, 0.0; 6
5.0, -2.0, 0.0; 1
-9.0, -1.0, 0.0; 1
-8.0, -1.0, 0.0; 1
-7.0, -1.0, 0.0; 5
-6.0, -1.0, 0.0; 2
6.0, -1.0, 0.0; 1
-9.0, 0.0, 0.0; 2
-8.0, 0.0, 0.0; 3
-7.0, 0.0, 0.0; 6
-6.0, 0.0, 0.0; 5
-5.0, 0.0, 0.0; 2
2.0
5.41338742394
