6.0, 0.0, 0.0; 1
-10.0, 1.0, 0.0; 2
-9.0, 1.0, 0.0; 6
-8.0, 1.0, 0.0; 3
-7.0, 1.0, 0.0; 2
-6.0, 1.0, 0.0; 118
-5.0, 1.0, 0.0; 59
6.0, 1.0, 0.0; 4
9.0, 1.0, 0.0; 1
-9.0, 2.0, 0.0; 6
-8.0, 2.0, 0.0; 3
-7.0, 2.0, 0.0; 1
-6.0, 2.0, 0.0; 65
-5.0, 2.0, 0.0; 175
3.0, 2.0, 0.0; 1
4.0, 2.0, 0.0; 1
5.0, 2.0, 0.0; 3
6.0, 2.0, 0.0; 1
7.0, 2.0, 0.0; 4
8.0, 2.0, 0.0; 1
-9.0, 3.0, 0.0; 9
-8.0, 3.0, 0.0; 8
-7.0, 3.0, 0.0; 5
-6.0, 3.0, 0.0; 11
-5.0, 3.0, 0.0; 24
-4.0, 3.0, 0.0; 2
2.0, 3.0, 0.0; 2
4.0, 3.0, 0.0; 2
5.0, 3.0, 0.0; 4
6.0, 3.0, 0.0; 2
7.0, 3.0, 0.0; 1
-9.0, 4.0, 0.0; 3
-8.0, 4.0, 0.0; 6
-7.0, 4.0, 0.0; 3
-6.0, 4.0, 0.0; 16
-5.0, 4.0, 0.0; 17
-4.0, 4.0, 0.0; 15
-3.0, 4.0, 0.0; 1
0.0, 4.0, 0.0; 1
1.0, 4.0, 0.0; 3
2.0, 4.0, 0.0; 2
3.0, 4.0, 0.0; 2
4.0, 4.0, 0.0; 12
5.0, 4.0, 0.0; 11
6.0, 4.0, 0.0; 5
7.0, 4.0, 0.0; 5
8.0, 4.0, 0.0; 1
-9.0, 5.0, 0.0; 1
-8.0, 5.0, 0.0; 15
-7.0, 5.0, 0.0; 17
-6.0, 5.0, 0.0; 4
-5.0, 5.0, 0.0; 7
-4.0, 5.0, 0.0; 6
-3.0, 5.0, 0.0; 18
-2.0, 5.0, 0.0; 12
-1.0, 5.0, 0.0; 32
0.0, 5.0, 0.0; 158
1.0, 5.0, 0.0; 188
2.0, 5.0, 0.0; 14
3.0, 5.0, 0.0; 25
4.0, 5.0, 0.0; 22
5.0, 5.0, 0.0; 5
6.0, 5.0, 0.0; 1
-8.0, 6.0, 0.0; 10
-7.0, 6.0, 0.0; 56
-6.0, 6.0, 0.0; 763
-5.0, 6.0, 0.0; 196
-4.0, 6.0, 0.0; 32
-3.0, 6.0, 0.0; 39
-2.0, 6.0, 0.0; 146
-1.0, 6.0, 0.0; 229
0.0, 6.0, 0.0; 186
1.0, 6.0, 0.0; 32
2.0, 6.0, 0.0; 15
3.0, 6.0, 0.0; 18
4.0, 6.0, 0.0; 13
5.0, 6.0, 0.0; 3
6.0, 6.0, 0.0; 8
7.0, 6.0, 0.0; 2
-7.0, 7.0, 0.0; 17
-6.0, 7.0, 0.0; 40
-5.0, 7.0, 0.0; 111
-4.0, 7.0, 0.0; 20
-3.0, 7.0, 0.0; 15
-2.0, 7.0, 0.0; 43
-1.0, 7.0, 0.0; 109
0.0, 7.0, 0.0; 27
1.0, 7.0, 0.0; 13
2.0, 7.0, 0.0; 17
3.0, 7.0, 0.0; 6
4.0, 7.0, 0.0; 3
5.0, 7.0, 0.0; 8
6.0, 7.0, 0.0; 1
-6.0, 8.0, 0.0; 1
-5.0, 8.0, 0.0; 11
-4.0, 8.0, 0.0; 20
-3.0, 8.0, 0.0; 36
-2.0, 8.0, 0.0; 34
-1.0, 8.0, 0.0; 66
0.0, 8.0, 0.0; 61
1.0, 8.0, 0.0; 22
2.0, 8.0, 0.0; 15
3.0, 8.0, 0.0; 3
4.0, 8.0, 0.0; 3
5.0, 8.0, 0.0; 3
-4.0, 9.0, 0.0; 11
-3.0, 9.0, 0.0; 53
-2.0, 9.0, 0.0; 91
-1.0, 9.0, 0.0; 101
0.0, 9.0, 0.0; 64
1.0, 9.0, 0.0; 36
2.0, 9.0, 0.0; 5
3.0, 9.0, 0.0; 2
-4.0, -10.0, 1.0; 8
-3.0, -10.0, 1.0; 19
-2.0, -10.0, 1.0; 19
-1.0, -10.0, 1.0; 22
0.0, -10.0, 1.0; 24
1.0, -10.0, 1.0; 10
2.0, -10.0, 1.0; 4
3.0, -10.0, 1.0; 1
-6.0, -9.0, 1.0; 1
-5.0, -9.0, 1.0; 9
-4.0, -9.0, 1.0; 16
-3.0, -9.0, 1.0; 14
-2.0, -9.0, 1.0; 16
-1.0, -9.0, 1.0; 18
0.0, -9.0, 1.0; 15
1.0, -9.0, 1.0; 15
2.0, -9.0, 1.0; 7
3.0, -9.0, 1.0; 2
4.0, -9.0, 1.0; 9
5.0, -9.0, 1.0; 1
-7.0, -8.0, 1.0; 6
-6.0, -8.0, 1.0; 21
-5.0, -8.0, 1.0; 20
-4.0, -8.0, 1.0; 9
-3.0, -8.0, 1.0; 1
-2.0, -8.0, 1.0; 5
-1.0, -8.0, 1.0; 8
0.0, -8.0, 1.0; 9
1.0, -8.0, 1.0; 6
2.0, -8.0, 1.0; 11
3.0, -8.0, 1.0; 9
4.0, -8.0, 1.0; 4
5.0, -8.0, 1.0; 2
6.0, -8.0, 1.0; 3
-8.0, -7.0, 1.0; 2
-7.0, -7.0, 1.0; 21
-6.0, -7.0, 1.0; 22
-5.0, -7.0, 1.0; 4
-4.0, -7.0, 1.0; 66
-3.0, -7.0, 1.0; 180
-2.0, -7.0, 1.0; 205
-1.0, -7.0, 1.0; 183
0.0, -7.0, 1.0; 52
1.0, -7.0, 1.0; 10
2.0, -7.0, 1.0; 27
3.0, -7.0, 1.0; 3
4.0, -7.0, 1.0; 1
6.0, -7.0, 1.0; 1
7.0, -7.0, 1.0; 1
-8.0, -6.0, 1.0; 8
-7.0, -6.0, 1.0; 22
-6.0, -6.0, 1.0; 4
-5.0, -6.0, 1.0; 86
-4.0, -6.0, 1.0; 103
-3.0, -6.0, 1.0; 53
-2.0, -6.0, 1.0; 56
-1.0, -6.0, 1.0; 62
0.0, -6.0, 1.0; 27
1.0, -6.0, 1.0; 14
2.0, -6.0, 1.0; 17
3.0, -6.0, 1.0; 12
4.0, -6.0, 1.0; 6
5.0, -6.0, 1.0; 1
6.0, -6.0, 1.0; 2
7.0, -6.0, 1.0; 3
-9.0, -5.0, 1.0; 5
-8.0, -5.0, 1.0; 9
-7.0, -5.0, 1.0; 6
-6.0, -5.0, 1.0; 55
-5.0, -5.0, 1.0; 44
-4.0, -5.0, 1.0; 2
-3.0, -5.0, 1.0; 3
-2.0, -5.0, 1.0; 2
0.0, -5.0, 1.0; 1
1.0, -5.0, 1.0; 2
2.0, -5.0, 1.0; 2
3.0, -5.0, 1.0; 3
4.0, -5.0, 1.0; 1
5.0, -5.0, 1.0; 3
6.0, -5.0, 1.0; 1
7.0, -5.0, 1.0; 1
-10.0, -4.0, 1.0; 1
-9.0, -4.0, 1.0; 3
-8.0, -4.0, 1.0; 16
-7.0, -4.0, 1.0; 4
-6.0, -4.0, 1.0; 35
-5.0, -4.0, 1.0; 4
-4.0, -4.0, 1.0; 2
1.0, -4.0, 1.0; 2
2.0, -4.0, 1.0; 2
5.0, -4.0, 1.0; 1
6.0, -4.0, 1.0; 1
7.0, -4.0, 1.0; 1
-10.0, -3.0, 1.0; 3
-9.0, -3.0, 1.0; 5
-8.0, -3.0, 1.0; 12
-7.0, -3.0, 1.0; 1
-6.0, -3.0, 1.0; 3
-5.0, -3.0, 1.0; 1
6.0, -3.0, 1.0; 1
-10.0, -2.0, 1.0; 5
-9.0, -2.0, 1.0; 6
-8.0, -2.0, 1.0; 8
-7.0, -2.0, 1.0; 1
-6.0, -2.0, 1.0; 1
6.0, -2.0, 1.0; 1
-10.0, -1.0, 1.0; 1
-9.0, -1.0, 1.0; 2
-8.0, -1.0, 1.0; 4
-7.0, -1.0, 1.0; 2
-6.0, -1.0, 1.0; 7
-5.0, -1.0, 1.0; 4
-4.0, -1.0, 1.0; 1
7.0, -1.0, 1.0; 2
8.0, -1.0, 1.0; 1
-10.0, 0.0, 1.0; 3
-9.0, 0.0, 1.0; 1
-8.0, 0.0, 1.0; 5
-7.0, 0.0, 1.0; 4
-6.0, 0.0, 1.0; 17
-5.0, 0.0, 1.0; 2
5.0, 0.0, 1.0; 1
-10.0, 1.0, 1.0; 1
-9.0, 1.0, 1.0; 5
-8.0, 1.0, 1.0; 3
-7.0, 1.0, 1.0; 1
-6.0, 1.0, 1.0; 19
-5.0, 1.0, 1.0; 21
5.0, 1.0, 1.0; 2
6.0, 1.0, 1.0; 1
7.0, 1.0, 1.0; 1
-10.0, 2.0, 1.0; 1
-9.0, 2.0, 1.0; 3
-8.0, 2.0, 1.0; 4
-7.0, 2.0, 1.0; 2
-6.0, 2.0, 1.0; 9
-5.0, 2.0, 1.0; 58
-4.0, 2.0, 1.0; 3
5.0, 2.0, 1.0; 2
6.0, 2.0, 1.0; 2
7.0, 2.0, 1.0; 1
-9.0, 3.0, 1.0; 3
-8.0, 3.0, 1.0; 12
-7.0, 3.0, 1.0; 2
-6.0, 3.0, 1.0; 5
-5.0, 3.0, 1.0; 24
-4.0, 3.0, 1.0; 16
-3.0, 3.0, 1.0; 2
3.0, 3.0, 1.0; 1
5.0, 3.0, 1.0; 3
6.0, 3.0, 1.0; 1
7.0, 3.0, 1.0; 1
8.0, 3.0, 1.0; 1
-9.0, 4.0, 1.0; 4
-8.0, 4.0, 1.0; 11
-7.0, 4.0, 1.0; 4
-6.0, 4.0, 1.0; 11
-5.0, 4.0, 1.0; 16
-4.0, 4.0, 1.0; 27
-3.0, 4.0, 1.0; 24
-2.0, 4.0, 1.0; 3
-1.0, 4.0, 1.0; 1
2.0, 4.0, 1.0; 3
3.0, 4.0, 1.0; 7
4.0, 4.0, 1.0; 11
5.0, 4.0, 1.0; 3
6.0, 4.0, 1.0; 1
7.0, 4.0, 1.0; 1
8.0, 4.0, 1.0; 1
-8.0, 5.0, 1.0; 9
-7.0, 5.0, 1.0; 12
-6.0, 5.0, 1.0; 2
-5.0, 5.0, 1.0; 8
-4.0, 5.0, 1.0; 52
-3.0, 5.0, 1.0; 734
-2.0, 5.0, 1.0; 397
-1.0, 5.0, 1.0; 35
0.0, 5.0, 1.0; 148
1.0, 5.0, 1.0; 91
2.0, 5.0, 1.0; 43
3.0, 5.0, 1.0; 28
4.0, 5.0, 1.0; 33
5.0, 5.0, 1.0; 3
6.0, 5.0, 1.0; 9
7.0, 5.0, 1.0; 2
-8.0, 6.0, 1.0; 5
-7.0, 6.0, 1.0; 35
-6.0, 6.0, 1.0; 56
-5.0, 6.0, 1.0; 28
-4.0, 6.0, 1.0; 44
-3.0, 6.0, 1.0; 77
-2.0, 6.0, 1.0; 120
-1.0, 6.0, 1.0; 55
0.0, 6.0, 1.0; 18
1.0, 6.0, 1.0; 36
2.0, 6.0, 1.0; 39
3.0, 6.0, 1.0; 23
4.0, 6.0, 1.0; 15
5.0, 6.0, 1.0; 5
6.0, 6.0, 1.0; 3
7.0, 6.0, 1.0; 2
-7.0, 7.0, 1.0; 7
-6.0, 7.0, 1.0; 25
-5.0, 7.0, 1.0; 20
-4.0, 7.0, 1.0; 8
-3.0, 7.0, 1.0; 1
-2.0, 7.0, 1.0; 17
-1.0, 7.0, 1.0; 20
0.0, 7.0, 1.0; 19
1.0, 7.0, 1.0; 27
2.0, 7.0, 1.0; 12
3.0, 7.0, 1.0; 7
4.0, 7.0, 1.0; 4
5.0, 7.0, 1.0; 7
6.0, 7.0, 1.0; 1
-6.0, 8.0, 1.0; 1
-5.0, 8.0, 1.0; 13
-4.0, 8.0, 1.0; 11
-3.0, 8.0, 1.0; 28
-2.0, 8.0, 1.0; 39
-1.0, 8.0, 1.0; 37
0.0, 8.0, 1.0; 34
1.0, 8.0, 1.0; 22
2.0, 8.0, 1.0; 5
3.0, 8.0, 1.0; 4
4.0, 8.0, 1.0; 2
5.0, 8.0, 1.0; 1
-4.0, 9.0, 1.0; 12
-3.0, 9.0, 1.0; 30
-2.0, 9.0, 1.0; 50
-1.0, 9.0, 1.0; 55
0.0, 9.0, 1.0; 38
1.0, 9.0, 1.0; 18
2.0, 9.0, 1.0; 6
-3.0, -10.0, 2.0; 1
-2.0, -10.0, 2.0; 12
-1.0, -10.0, 2.0; 7
0.0, -10.0, 2.0; 5
1.0, -10.0, 2.0; 3
2.0, -10.0, 2.0; 1
-5.0, -9.0, 2.0; 9
-4.0, -9.0, 2.0; 29
-3.0, -9.0, 2.0; 27
-2.0, -9.0, 2.0; 17
-1.0, -9.0, 2.0; 14
0.0, -9.0, 2.0; 8
1.0, -9.0, 2.0; 9
2.0, -9.0, 2.0; 9
3.0, -9.0, 2.0; 8
4.0, -9.0, 2.0; 7
5.0, -9.0, 2.0; 2
-7.0, -8.0, 2.0; 1
-6.0, -8.0, 2.0; 17
-5.0, -8.0, 2.0; 20
-4.0, -8.0, 2.0; 17
-3.0, -8.0, 2.0; 14
-2.0, -8.0, 2.0; 3
-1.0, -8.0, 2.0; 11
0.0, -8.0, 2.0; 8
1.0, -8.0, 2.0; 5
2.0, -8.0, 2.0; 4
3.0, -8.0, 2.0; 1
4.0, -8.0, 2.0; 5
5.0, -8.0, 2.0; 4
6.0, -8.0, 2.0; 2
-7.0, -7.0, 2.0; 12
-6.0, -7.0, 2.0; 26
-5.0, -7.0, 2.0; 18
-4.0, -7.0, 2.0; 5
-3.0, -7.0, 2.0; 9
-2.0, -7.0, 2.0; 19
-1.0, -7.0, 2.0; 7
0.0, -7.0, 2.0; 7
1.0, -7.0, 2.0; 17
2.0, -7.0, 2.0; 16
3.0, -7.0, 2.0; 4
4.0, -7.0, 2.0; 4
5.0, -7.0, 2.0; 2
6.0, -7.0, 2.0; 4
7.0, -7.0, 2.0; 1
-8.0, -6.0, 2.0; 2
-7.0, -6.0, 2.0; 16
-6.0, -6.0, 2.0; 11
-5.0, -6.0, 2.0; 3
-4.0, -6.0, 2.0; 39
-3.0, -6.0, 2.0; 100
-2.0, -6.0, 2.0; 74
-1.0, -6.0, 2.0; 24
0.0, -6.0, 2.0; 4
1.0, -6.0, 2.0; 16
2.0, -6.0, 2.0; 14
3.0, -6.0, 2.0; 15
4.0, -6.0, 2.0; 1
5.0, -6.0, 2.0; 1
6.0, -6.0, 2.0; 2
7.0, -6.0, 2.0; 1
-8.0, -5.0, 2.0; 5
-7.0, -5.0, 2.0; 14
-6.0, -5.0, 2.0; 3
-5.0, -5.0, 2.0; 57
-4.0, -5.0, 2.0; 49
-3.0, -5.0, 2.0; 9
-2.0, -5.0, 2.0; 1
0.0, -5.0, 2.0; 1
1.0, -5.0, 2.0; 5
2.0, -5.0, 2.0; 4
4.0, -5.0, 2.0; 2
5.0, -5.0, 2.0; 1
6.0, -5.0, 2.0; 3
7.0, -5.0, 2.0; 1
8.0, -5.0, 2.0; 1
-8.0, -4.0, 2.0; 8
-7.0, -4.0, 2.0; 17
-6.0, -4.0, 2.0; 3
-5.0, -4.0, 2.0; 11
-4.0, -4.0, 2.0; 2
0.0, -4.0, 2.0; 1
1.0, -4.0, 2.0; 1
2.0, -4.0, 2.0; 3
4.0, -4.0, 2.0; 1
6.0, -4.0, 2.0; 3
7.0, -4.0, 2.0; 1
-10.0, -3.0, 2.0; 2
-9.0, -3.0, 2.0; 4
-8.0, -3.0, 2.0; 9
-7.0, -3.0, 2.0; 9
-6.0, -3.0, 2.0; 4
-5.0, -3.0, 2.0; 2
2.0, -3.0, 2.0; 1
-9.0, -2.0, 2.0; 5
-8.0, -2.0, 2.0; 3
-7.0, -2.0, 2.0; 10
-6.0, -2.0, 2.0; 5
-5.0, -2.0, 2.0; 3
-10.0, -1.0, 2.0; 1
-9.0, -1.0, 2.0; 2
-8.0, -1.0, 2.0; 1
-7.0, -1.0, 2.0; 4
-6.0, -1.0, 2.0; 10
-5.0, -1.0, 2.0; 6
-4.0, -1.0, 2.0; 1
4.0, -1.0, 2.0; 1
8.0, -1.0, 2.0; 1
-10.0, 0.0, 2.0; 2
-9.0, 0.0, 2.0; 4
-8.0, 0.0, 2.0; 4
-7.0, 0.0, 2.0; 2
-6.0, 0.0, 2.0; 20
-5.0, 0.0, 2.0; 9
-4.0, 0.0, 2.0; 2
3.0, 0.0, 2.0; 1
4.0, 0.0, 2.0; 1
-10.0, 1.0, 2.0; 2
-9.0, 1.0, 2.0; 1
-8.0, 1.0, 2.0; 5
-7.0, 1.0, 2.0; 4
-6.0, 1.0, 2.0; 16
-5.0, 1.0, 2.0; 310
-4.0, 1.0, 2.0; 222
-3.0, 1.0, 2.0; 2
-9.0, 2.0, 2.0; 1
-8.0, 2.0, 2.0; 3
-7.0, 2.0, 2.0; 3
-6.0, 2.0, 2.0; 7
-5.0, 2.0, 2.0; 322
-4.0, 2.0, 2.0; 1202
-3.0, 2.0, 2.0; 13
3.0, 2.0, 2.0; 2
4.0, 2.0, 2.0; 3
5.0, 2.0, 2.0; 6
6.0, 2.0, 2.0; 2
9.0, 2.0, 2.0; 1
-9.0, 3.0, 2.0; 2
-8.0, 3.0, 2.0; 8
-7.0, 3.0, 2.0; 12
-6.0, 3.0, 2.0; 4
-5.0, 3.0, 2.0; 14
-4.0, 3.0, 2.0; 89
-3.0, 3.0, 2.0; 24
-1.0, 3.0, 2.0; 1
0.0, 3.0, 2.0; 1
2.0, 3.0, 2.0; 1
3.0, 3.0, 2.0; 4
4.0, 3.0, 2.0; 2
5.0, 3.0, 2.0; 5
6.0, 3.0, 2.0; 1
-9.0, 4.0, 2.0; 6
-8.0, 4.0, 2.0; 3
-7.0, 4.0, 2.0; 14
-6.0, 4.0, 2.0; 7
-5.0, 4.0, 2.0; 8
-4.0, 4.0, 2.0; 38
-3.0, 4.0, 2.0; 85
-2.0, 4.0, 2.0; 130
-1.0, 4.0, 2.0; 24
0.0, 4.0, 2.0; 10
1.0, 4.0, 2.0; 7
2.0, 4.0, 2.0; 11
3.0, 4.0, 2.0; 12
4.0, 4.0, 2.0; 3
5.0, 4.0, 2.0; 1
6.0, 4.0, 2.0; 1
7.0, 4.0, 2.0; 4
8.0, 4.0, 2.0; 1
-9.0, 5.0, 2.0; 3
-8.0, 5.0, 2.0; 12
-7.0, 5.0, 2.0; 5
-6.0, 5.0, 2.0; 8
-5.0, 5.0, 2.0; 10
-4.0, 5.0, 2.0; 23
-3.0, 5.0, 2.0; 155
-2.0, 5.0, 2.0; 158
-1.0, 5.0, 2.0; 39
0.0, 5.0, 2.0; 31
1.0, 5.0, 2.0; 18
2.0, 5.0, 2.0; 25
3.0, 5.0, 2.0; 19
4.0, 5.0, 2.0; 8
5.0, 5.0, 2.0; 4
6.0, 5.0, 2.0; 7
-8.0, 6.0, 2.0; 10
-7.0, 6.0, 2.0; 14
-6.0, 6.0, 2.0; 18
-5.0, 6.0, 2.0; 11
-4.0, 6.0, 2.0; 10
-3.0, 6.0, 2.0; 25
-2.0, 6.0, 2.0; 14
-1.0, 6.0, 2.0; 10
0.0, 6.0, 2.0; 4
1.0, 6.0, 2.0; 29
2.0, 6.0, 2.0; 21
3.0, 6.0, 2.0; 11
4.0, 6.0, 2.0; 7
5.0, 6.0, 2.0; 5
6.0, 6.0, 2.0; 7
7.0, 6.0, 2.0; 1
-7.0, 7.0, 2.0; 4
-6.0, 7.0, 2.0; 13
-5.0, 7.0, 2.0; 16
-4.0, 7.0, 2.0; 15
-3.0, 7.0, 2.0; 13
-2.0, 7.0, 2.0; 16
-1.0, 7.0, 2.0; 20
0.0, 7.0, 2.0; 30
1.0, 7.0, 2.0; 32
2.0, 7.0, 2.0; 5
3.0, 7.0, 2.0; 3
4.0, 7.0, 2.0; 4
5.0, 7.0, 2.0; 7
-6.0, 8.0, 2.0; 2
-5.0, 8.0, 2.0; 7
-4.0, 8.0, 2.0; 21
-3.0, 8.0, 2.0; 27
-2.0, 8.0, 2.0; 36
-1.0, 8.0, 2.0; 22
0.0, 8.0, 2.0; 36
1.0, 8.0, 2.0; 15
2.0, 8.0, 2.0; 4
3.0, 8.0, 2.0; 3
4.0, 8.0, 2.0; 2
-3.0, 9.0, 2.0; 13
-2.0, 9.0, 2.0; 22
-1.0, 9.0, 2.0; 30
0.0, 9.0, 2.0; 10
1.0, 9.0, 2.0; 3
2.0, 9.0, 2.0; 1
-3.0, -10.0, 3.0; 1
-2.0, -10.0, 3.0; 3
0.0, -10.0, 3.0; 1
2.0, -10.0, 3.0; 1
-5.0, -9.0, 3.0; 1
-4.0, -9.0, 3.0; 5
-3.0, -9.0, 3.0; 12
-2.0, -9.0, 3.0; 16
-1.0, -9.0, 3.0; 9
0.0, -9.0, 3.0; 11
1.0, -9.0, 3.0; 5
2.0, -9.0, 3.0; 9
3.0, -9.0, 3.0; 5
-6.0, -8.0, 3.0; 3
-5.0, -8.0, 3.0; 15
-4.0, -8.0, 3.0; 28
-3.0, -8.0, 3.0; 22
-2.0, -8.0, 3.0; 26
-1.0, -8.0, 3.0; 19
0.0, -8.0, 3.0; 13
1.0, -8.0, 3.0; 7
2.0, -8.0, 3.0; 1
3.0, -8.0, 3.0; 3
4.0, -8.0, 3.0; 5
5.0, -8.0, 3.0; 6
-7.0, -7.0, 3.0; 2
-6.0, -7.0, 3.0; 18
-5.0, -7.0, 3.0; 34
-4.0, -7.0, 3.0; 15
-3.0, -7.0, 3.0; 18
-2.0, -7.0, 3.0; 10
-1.0, -7.0, 3.0; 17
0.0, -7.0, 3.0; 16
1.0, -7.0, 3.0; 13
2.0, -7.0, 3.0; 1
3.0, -7.0, 3.0; 1
4.0, -7.0, 3.0; 1
5.0, -7.0, 3.0; 5
6.0, -7.0, 3.0; 2
-8.0, -6.0, 3.0; 3
-7.0, -6.0, 3.0; 4
-6.0, -6.0, 3.0; 23
-5.0, -6.0, 3.0; 23
-4.0, -6.0, 3.0; 10
-3.0, -6.0, 3.0; 3
-2.0, -6.0, 3.0; 5
-1.0, -6.0, 3.0; 7
0.0, -6.0, 3.0; 21
1.0, -6.0, 3.0; 12
2.0, -6.0, 3.0; 6
3.0, -6.0, 3.0; 2
4.0, -6.0, 3.0; 5
5.0, -6.0, 3.0; 2
-8.0, -5.0, 3.0; 2
-7.0, -5.0, 3.0; 8
-6.0, -5.0, 3.0; 22
-5.0, -5.0, 3.0; 2
-4.0, -5.0, 3.0; 2
-3.0, -5.0, 3.0; 2
-2.0, -5.0, 3.0; 3
0.0, -5.0, 3.0; 4
1.0, -5.0, 3.0; 5
2.0, -5.0, 3.0; 2
3.0, -5.0, 3.0; 4
5.0, -5.0, 3.0; 1
-9.0, -4.0, 3.0; 4
-8.0, -4.0, 3.0; 2
-7.0, -4.0, 3.0; 10
-6.0, -4.0, 3.0; 9
-5.0, -4.0, 3.0; 4
-4.0, -4.0, 3.0; 1
-2.0, -4.0, 3.0; 2
-1.0, -4.0, 3.0; 2
0.0, -4.0, 3.0; 5
1.0, -4.0, 3.0; 1
2.0, -4.0, 3.0; 1
4.0, -4.0, 3.0; 1
5.0, -4.0, 3.0; 2
6.0, -4.0, 3.0; 1
-9.0, -3.0, 3.0; 8
-8.0, -3.0, 3.0; 6
-7.0, -3.0, 3.0; 11
-6.0, -3.0, 3.0; 15
-5.0, -3.0, 3.0; 6
-4.0, -3.0, 3.0; 1
-2.0, -3.0, 3.0; 3
0.0, -3.0, 3.0; 1
1.0, -3.0, 3.0; 1
6.0, -3.0, 3.0; 1
-9.0, -2.0, 3.0; 7
-8.0, -2.0, 3.0; 1
-7.0, -2.0, 3.0; 12
-6.0, -2.0, 3.0; 27
-5.0, -2.0, 3.0; 20
-3.0, -2.0, 3.0; 1
-2.0, -2.0, 3.0; 1
-1.0, -2.0, 3.0; 2
0.0, -2.0, 3.0; 3
5.0, -2.0, 3.0; 1
7.0, -2.0, 3.0; 1
-9.0, -1.0, 3.0; 3
-8.0, -1.0, 3.0; 1
-7.0, -1.0, 3.0; 4
-6.0, -1.0, 3.0; 11
-5.0, -1.0, 3.0; 10
-4.0, -1.0, 3.0; 5
-3.0, -1.0, 3.0; 2
-2.0, -1.0, 3.0; 3
1.0, -1.0, 3.0; 1
3.0, -1.0, 3.0; 1
8.0, -1.0, 3.0; 1
-9.0, 0.0, 3.0; 4
-8.0, 0.0, 3.0; 2
-7.0, 0.0, 3.0; 2
-6.0, 0.0, 3.0; 3
-5.0, 0.0, 3.0; 6
-4.0, 0.0, 3.0; 8
-3.0, 0.0, 3.0; 4
-2.0, 0.0, 3.0; 2
0.0, 0.0, 3.0; 1
3.0, 0.0, 3.0; 1
4.0, 0.0, 3.0; 1
8.0, 0.0, 3.0; 2
9.0, 0.0, 3.0; 1
-10.0, 1.0, 3.0; 1
-9.0, 1.0, 3.0; 2
-8.0, 1.0, 3.0; 6
-7.0, 1.0, 3.0; 2
-6.0, 1.0, 3.0; 1
-5.0, 1.0, 3.0; 20
-4.0, 1.0, 3.0; 90
-3.0, 1.0, 3.0; 23
-1.0, 1.0, 3.0; 2
3.0, 1.0, 3.0; 1
5.0, 1.0, 3.0; 1
8.0, 1.0, 3.0; 1
-10.0, 2.0, 3.0; 1
-9.0, 2.0, 3.0; 2
-8.0, 2.0, 3.0; 6
-7.0, 2.0, 3.0; 7
-6.0, 2.0, 3.0; 3
-5.0, 2.0, 3.0; 4
-4.0, 2.0, 3.0; 94
-3.0, 2.0, 3.0; 69
-2.0, 2.0, 3.0; 11
-1.0, 2.0, 3.0; 4
0.0, 2.0, 3.0; 1
1.0, 2.0, 3.0; 3
2.0, 2.0, 3.0; 4
3.0, 2.0, 3.0; 1
4.0, 2.0, 3.0; 2
5.0, 2.0, 3.0; 5
6.0, 2.0, 3.0; 2
-9.0, 3.0, 3.0; 3
-8.0, 3.0, 3.0; 7
-7.0, 3.0, 3.0; 7
-6.0, 3.0, 3.0; 3
-5.0, 3.0, 3.0; 2
-4.0, 3.0, 3.0; 15
-3.0, 3.0, 3.0; 21
-2.0, 3.0, 3.0; 29
-1.0, 3.0, 3.0; 15
0.0, 3.0, 3.0; 8
1.0, 3.0, 3.0; 5
2.0, 3.0, 3.0; 7
3.0, 3.0, 3.0; 2
5.0, 3.0, 3.0; 4
7.0, 3.0, 3.0; 1
8.0, 3.0, 3.0; 1
-9.0, 4.0, 3.0; 2
-8.0, 4.0, 3.0; 6
-7.0, 4.0, 3.0; 5
-6.0, 4.0, 3.0; 10
-5.0, 4.0, 3.0; 1
-4.0, 4.0, 3.0; 2
-3.0, 4.0, 3.0; 7
-2.0, 4.0, 3.0; 27
-1.0, 4.0, 3.0; 15
0.0, 4.0, 3.0; 6
1.0, 4.0, 3.0; 14
2.0, 4.0, 3.0; 8
3.0, 4.0, 3.0; 8
4.0, 4.0, 3.0; 2
6.0, 4.0, 3.0; 1
7.0, 4.0, 3.0; 2
-8.0, 5.0, 3.0; 12
-7.0, 5.0, 3.0; 9
-6.0, 5.0, 3.0; 8
-5.0, 5.0, 3.0; 9
-4.0, 5.0, 3.0; 4
-3.0, 5.0, 3.0; 2
-2.0, 5.0, 3.0; 1
-1.0, 5.0, 3.0; 1
0.0, 5.0, 3.0; 6
1.0, 5.0, 3.0; 8
2.0, 5.0, 3.0; 15
3.0, 5.0, 3.0; 6
4.0, 5.0, 3.0; 4
6.0, 5.0, 3.0; 4
7.0, 5.0, 3.0; 2
-8.0, 6.0, 3.0; 3
-7.0, 6.0, 3.0; 9
-6.0, 6.0, 3.0; 21
-5.0, 6.0, 3.0; 14
-4.0, 6.0, 3.0; 6
-3.0, 6.0, 3.0; 6
-2.0, 6.0, 3.0; 4
-1.0, 6.0, 3.0; 12
0.0, 6.0, 3.0; 12
1.0, 6.0, 3.0; 11
2.0, 6.0, 3.0; 5
3.0, 6.0, 3.0; 4
4.0, 6.0, 3.0; 4
5.0, 6.0, 3.0; 2
-6.0, 7.0, 3.0; 7
-5.0, 7.0, 3.0; 13
-4.0, 7.0, 3.0; 16
-3.0, 7.0, 3.0; 26
-2.0, 7.0, 3.0; 31
-1.0, 7.0, 3.0; 32
0.0, 7.0, 3.0; 20
1.0, 7.0, 3.0; 13
2.0, 7.0, 3.0; 2
3.0, 7.0, 3.0; 2
4.0, 7.0, 3.0; 6
5.0, 7.0, 3.0; 4
-5.0, 8.0, 3.0; 6
-4.0, 8.0, 3.0; 16
-3.0, 8.0, 3.0; 43
-2.0, 8.0, 3.0; 37
-1.0, 8.0, 3.0; 16
0.0, 8.0, 3.0; 11
1.0, 8.0, 3.0; 6
2.0, 8.0, 3.0; 1
4.0, 8.0, 3.0; 1
-3.0, 9.0, 3.0; 1
-2.0, 9.0, 3.0; 7
-1.0, 9.0, 3.0; 8
0.0, 9.0, 3.0; 2
-1.0, -10.0, 4.0; 1
0.0, -10.0, 4.0; 1
-4.0, -9.0, 4.0; 1
-3.0, -9.0, 4.0; 1
-2.0, -9.0, 4.0; 6
-1.0, -9.0, 4.0; 5
0.0, -9.0, 4.0; 1
1.0, -9.0, 4.0; 4
2.0, -9.0, 4.0; 6
-6.0, -8.0, 4.0; 1
-5.0, -8.0, 4.0; 5
-4.0, -8.0, 4.0; 14
-3.0, -8.0, 4.0; 9
-2.0, -8.0, 4.0; 9
-1.0, -8.0, 4.0; 8
0.0, -8.0, 4.0; 4
1.0, -8.0, 4.0; 6
2.0, -8.0, 4.0; 6
3.0, -8.0, 4.0; 2
4.0, -8.0, 4.0; 3
-6.0, -7.0, 4.0; 8
-5.0, -7.0, 4.0; 8
-4.0, -7.0, 4.0; 16
-3.0, -7.0, 4.0; 23
-2.0, -7.0, 4.0; 16
-1.0, -7.0, 4.0; 12
0.0, -7.0, 4.0; 3
1.0, -7.0, 4.0; 6
2.0, -7.0, 4.0; 4
3.0, -7.0, 4.0; 1
4.0, -7.0, 4.0; 4
5.0, -7.0, 4.0; 1
6.0, -7.0, 4.0; 1
-8.0, -6.0, 4.0; 1
-7.0, -6.0, 4.0; 1
-6.0, -6.0, 4.0; 8
-5.0, -6.0, 4.0; 16
-4.0, -6.0, 4.0; 20
-3.0, -6.0, 4.0; 21
-2.0, -6.0, 4.0; 12
-1.0, -6.0, 4.0; 10
0.0, -6.0, 4.0; 10
1.0, -6.0, 4.0; 3
3.0, -6.0, 4.0; 1
4.0, -6.0, 4.0; 1
5.0, -6.0, 4.0; 4
6.0, -6.0, 4.0; 1
-8.0, -5.0, 4.0; 3
-7.0, -5.0, 4.0; 2
-6.0, -5.0, 4.0; 8
-5.0, -5.0, 4.0; 22
-4.0, -5.0, 4.0; 20
-3.0, -5.0, 4.0; 12
-2.0, -5.0, 4.0; 14
-1.0, -5.0, 4.0; 10
0.0, -5.0, 4.0; 6
1.0, -5.0, 4.0; 3
2.0, -5.0, 4.0; 4
7.0, -5.0, 4.0; 1
-9.0, -4.0, 4.0; 1
-8.0, -4.0, 4.0; 6
-7.0, -4.0, 4.0; 6
-6.0, -4.0, 4.0; 11
-5.0, -4.0, 4.0; 10
-4.0, -4.0, 4.0; 14
-3.0, -4.0, 4.0; 14
-2.0, -4.0, 4.0; 8
-1.0, -4.0, 4.0; 9
0.0, -4.0, 4.0; 1
1.0, -4.0, 4.0; 1
2.0, -4.0, 4.0; 1
3.0, -4.0, 4.0; 2
-9.0, -3.0, 4.0; 1
-8.0, -3.0, 4.0; 2
-7.0, -3.0, 4.0; 1
-6.0, -3.0, 4.0; 5
-5.0, -3.0, 4.0; 11
-4.0, -3.0, 4.0; 14
-3.0, -3.0, 4.0; 8
-2.0, -3.0, 4.0; 4
-1.0, -3.0, 4.0; 7
1.0, -3.0, 4.0; 2
2.0, -3.0, 4.0; 1
3.0, -3.0, 4.0; 1
-9.0, -2.0, 4.0; 2
-8.0, -2.0, 4.0; 5
-7.0, -2.0, 4.0; 3
-6.0, -2.0, 4.0; 7
-5.0, -2.0, 4.0; 14
-4.0, -2.0, 4.0; 18
-3.0, -2.0, 4.0; 1
-2.0, -2.0, 4.0; 4
-1.0, -2.0, 4.0; 9
0.0, -2.0, 4.0; 8
1.0, -2.0, 4.0; 1
5.0, -2.0, 4.0; 2
6.0, -2.0, 4.0; 1
-9.0, -1.0, 4.0; 1
-8.0, -1.0, 4.0; 2
-7.0, -1.0, 4.0; 1
-6.0, -1.0, 4.0; 4
-5.0, -1.0, 4.0; 7
-4.0, -1.0, 4.0; 9
-3.0, -1.0, 4.0; 12
-2.0, -1.0, 4.0; 17
-1.0, -1.0, 4.0; 17
0.0, -1.0, 4.0; 15
1.0, -1.0, 4.0; 5
2.0, -1.0, 4.0; 2
4.0, -1.0, 4.0; 1
-9.0, 0.0, 4.0; 1
-8.0, 0.0, 4.0; 2
-7.0, 0.0, 4.0; 2
-6.0, 0.0, 4.0; 4
-5.0, 0.0, 4.0; 3
-4.0, 0.0, 4.0; 7
-3.0, 0.0, 4.0; 6
-2.0, 0.0, 4.0; 5
-1.0, 0.0, 4.0; 2
0.0, 0.0, 4.0; 2
1.0, 0.0, 4.0; 1
2.0, 0.0, 4.0; 2
3.0, 0.0, 4.0; 1
6.0, 0.0, 4.0; 1
8.0, 0.0, 4.0; 1
-9.0, 1.0, 4.0; 2
-7.0, 1.0, 4.0; 4
-6.0, 1.0, 4.0; 2
-5.0, 1.0, 4.0; 2
-4.0, 1.0, 4.0; 5
-3.0, 1.0, 4.0; 11
-2.0, 1.0, 4.0; 6
-1.0, 1.0, 4.0; 3
0.0, 1.0, 4.0; 1
1.0, 1.0, 4.0; 4
2.0, 1.0, 4.0; 5
3.0, 1.0, 4.0; 1
4.0, 1.0, 4.0; 2
-9.0, 2.0, 4.0; 1
-8.0, 2.0, 4.0; 4
-7.0, 2.0, 4.0; 1
-6.0, 2.0, 4.0; 2
-5.0, 2.0, 4.0; 2
-4.0, 2.0, 4.0; 2
-3.0, 2.0, 4.0; 5
-2.0, 2.0, 4.0; 5
-1.0, 2.0, 4.0; 13
0.0, 2.0, 4.0; 25
1.0, 2.0, 4.0; 15
2.0, 2.0, 4.0; 3
4.0, 2.0, 4.0; 2
5.0, 2.0, 4.0; 3
-9.0, 3.0, 4.0; 1
-8.0, 3.0, 4.0; 6
-7.0, 3.0, 4.0; 6
-6.0, 3.0, 4.0; 2
-5.0, 3.0, 4.0; 3
-4.0, 3.0, 4.0; 2
-3.0, 3.0, 4.0; 2
-2.0, 3.0, 4.0; 2
-1.0, 3.0, 4.0; 9
0.0, 3.0, 4.0; 26
1.0, 3.0, 4.0; 21
2.0, 3.0, 4.0; 1
4.0, 3.0, 4.0; 1
5.0, 3.0, 4.0; 1
7.0, 3.0, 4.0; 1
-8.0, 4.0, 4.0; 4
-7.0, 4.0, 4.0; 12
-6.0, 4.0, 4.0; 4
-5.0, 4.0, 4.0; 7
-4.0, 4.0, 4.0; 4
-3.0, 4.0, 4.0; 3
-2.0, 4.0, 4.0; 5
-1.0, 4.0, 4.0; 3
0.0, 4.0, 4.0; 2
1.0, 4.0, 4.0; 8
2.0, 4.0, 4.0; 8
3.0, 4.0, 4.0; 1
5.0, 4.0, 4.0; 2
6.0, 4.0, 4.0; 1
-8.0, 5.0, 4.0; 1
-7.0, 5.0, 4.0; 12
-6.0, 5.0, 4.0; 17
-5.0, 5.0, 4.0; 21
-4.0, 5.0, 4.0; 21
-3.0, 5.0, 4.0; 7
-2.0, 5.0, 4.0; 3
-1.0, 5.0, 4.0; 4
0.0, 5.0, 4.0; 4
1.0, 5.0, 4.0; 8
2.0, 5.0, 4.0; 6
3.0, 5.0, 4.0; 1
4.0, 5.0, 4.0; 1
5.0, 5.0, 4.0; 4
6.0, 5.0, 4.0; 1
-7.0, 6.0, 4.0; 1
-6.0, 6.0, 4.0; 3
-5.0, 6.0, 4.0; 12
-4.0, 6.0, 4.0; 22
-3.0, 6.0, 4.0; 16
-2.0, 6.0, 4.0; 24
-1.0, 6.0, 4.0; 17
0.0, 6.0, 4.0; 10
1.0, 6.0, 4.0; 3
2.0, 6.0, 4.0; 2
3.0, 6.0, 4.0; 1
4.0, 6.0, 4.0; 8
5.0, 6.0, 4.0; 2
-6.0, 7.0, 4.0; 1
-5.0, 7.0, 4.0; 9
-4.0, 7.0, 4.0; 21
-3.0, 7.0, 4.0; 34
-2.0, 7.0, 4.0; 25
-1.0, 7.0, 4.0; 15
0.0, 7.0, 4.0; 5
1.0, 7.0, 4.0; 4
2.0, 7.0, 4.0; 2
3.0, 7.0, 4.0; 1
4.0, 7.0, 4.0; 2
-4.0, 8.0, 4.0; 7
-3.0, 8.0, 4.0; 12
-2.0, 8.0, 4.0; 19
-1.0, 8.0, 4.0; 11
0.0, 8.0, 4.0; 6
1.0, 8.0, 4.0; 1
2.0, 8.0, 4.0; 2
-1.0, 9.0, 4.0; 1
-3.0, -9.0, 5.0; 2
-2.0, -9.0, 5.0; 1
-1.0, -9.0, 5.0; 1
0.0, -9.0, 5.0; 1
-4.0, -8.0, 5.0; 5
-3.0, -8.0, 5.0; 6
-2.0, -8.0, 5.0; 3
-1.0, -8.0, 5.0; 1
0.0, -8.0, 5.0; 2
1.0, -8.0, 5.0; 3
2.0, -8.0, 5.0; 2
4.0, -8.0, 5.0; 1
-6.0, -7.0, 5.0; 1
-5.0, -7.0, 5.0; 7
-4.0, -7.0, 5.0; 19
-3.0, -7.0, 5.0; 8
-2.0, -7.0, 5.0; 8
-1.0, -7.0, 5.0; 1
0.0, -7.0, 5.0; 4
1.0, -7.0, 5.0; 2
2.0, -7.0, 5.0; 3
3.0, -7.0, 5.0; 2
4.0, -7.0, 5.0; 2
-6.0, -6.0, 5.0; 2
-5.0, -6.0, 5.0; 5
-4.0, -6.0, 5.0; 10
-3.0, -6.0, 5.0; 11
-2.0, -6.0, 5.0; 3
-1.0, -6.0, 5.0; 3
0.0, -6.0, 5.0; 2
1.0, -6.0, 5.0; 2
2.0, -6.0, 5.0; 1
3.0, -6.0, 5.0; 3
-8.0, -5.0, 5.0; 2
-7.0, -5.0, 5.0; 9
-6.0, -5.0, 5.0; 7
-5.0, -5.0, 5.0; 4
-4.0, -5.0, 5.0; 10
-3.0, -5.0, 5.0; 10
-2.0, -5.0, 5.0; 4
0.0, -5.0, 5.0; 3
1.0, -5.0, 5.0; 2
2.0, -5.0, 5.0; 3
3.0, -5.0, 5.0; 3
5.0, -5.0, 5.0; 2
6.0, -5.0, 5.0; 3
-8.0, -4.0, 5.0; 1
-7.0, -4.0, 5.0; 6
-6.0, -4.0, 5.0; 1
-4.0, -4.0, 5.0; 4
-3.0, -4.0, 5.0; 26
-2.0, -4.0, 5.0; 15
-1.0, -4.0, 5.0; 6
0.0, -4.0, 5.0; 3
1.0, -4.0, 5.0; 1
2.0, -4.0, 5.0; 1
-8.0, -3.0, 5.0; 2
-6.0, -3.0, 5.0; 3
-5.0, -3.0, 5.0; 1
-4.0, -3.0, 5.0; 4
-3.0, -3.0, 5.0; 6
-2.0, -3.0, 5.0; 4
-1.0, -3.0, 5.0; 4
0.0, -3.0, 5.0; 3
2.0, -3.0, 5.0; 1
-8.0, -2.0, 5.0; 2
-7.0, -2.0, 5.0; 2
-6.0, -2.0, 5.0; 1
-5.0, -2.0, 5.0; 1
-4.0, -2.0, 5.0; 3
-3.0, -2.0, 5.0; 1
-2.0, -2.0, 5.0; 2
-1.0, -2.0, 5.0; 1
0.0, -2.0, 5.0; 1
1.0, -2.0, 5.0; 3
2.0, -2.0, 5.0; 1
4.0, -2.0, 5.0; 1
5.0, -2.0, 5.0; 1
-8.0, -1.0, 5.0; 4
-7.0, -1.0, 5.0; 2
-6.0, -1.0, 5.0; 3
-5.0, -1.0, 5.0; 2
-3.0, -1.0, 5.0; 3
-2.0, -1.0, 5.0; 1
-1.0, -1.0, 5.0; 1
0.0, -1.0, 5.0; 1
1.0, -1.0, 5.0; 4
2.0, -1.0, 5.0; 1
-9.0, 0.0, 5.0; 1
-8.0, 0.0, 5.0; 1
-7.0, 0.0, 5.0; 1
-6.0, 0.0, 5.0; 3
-5.0, 0.0, 5.0; 4
-4.0, 0.0, 5.0; 2
-3.0, 0.0, 5.0; 2
-2.0, 0.0, 5.0; 1
-1.0, 0.0, 5.0; 3
0.0, 0.0, 5.0; 3
1.0, 0.0, 5.0; 5
2.0, 0.0, 5.0; 2
7.0, 0.0, 5.0; 1
-9.0, 1.0, 5.0; 1
-8.0, 1.0, 5.0; 2
-7.0, 1.0, 5.0; 4
-6.0, 1.0, 5.0; 4
-5.0, 1.0, 5.0; 3
-4.0, 1.0, 5.0; 2
-3.0, 1.0, 5.0; 6
-2.0, 1.0, 5.0; 6
-1.0, 1.0, 5.0; 4
0.0, 1.0, 5.0; 4
1.0, 1.0, 5.0; 4
2.0, 1.0, 5.0; 1
3.0, 1.0, 5.0; 2
-7.0, 2.0, 5.0; 2
-6.0, 2.0, 5.0; 2
-5.0, 2.0, 5.0; 1
-4.0, 2.0, 5.0; 3
-3.0, 2.0, 5.0; 4
-2.0, 2.0, 5.0; 7
-1.0, 2.0, 5.0; 16
0.0, 2.0, 5.0; 23
1.0, 2.0, 5.0; 4
2.0, 2.0, 5.0; 2
3.0, 2.0, 5.0; 1
6.0, 2.0, 5.0; 1
7.0, 2.0, 5.0; 1
-8.0, 3.0, 5.0; 1
-7.0, 3.0, 5.0; 5
-6.0, 3.0, 5.0; 4
-5.0, 3.0, 5.0; 3
-4.0, 3.0, 5.0; 5
-3.0, 3.0, 5.0; 3
-2.0, 3.0, 5.0; 4
-1.0, 3.0, 5.0; 14
0.0, 3.0, 5.0; 8
1.0, 3.0, 5.0; 1
5.0, 3.0, 5.0; 1
-8.0, 4.0, 5.0; 1
-7.0, 4.0, 5.0; 3
-6.0, 4.0, 5.0; 4
-5.0, 4.0, 5.0; 8
-4.0, 4.0, 5.0; 12
-3.0, 4.0, 5.0; 5
-2.0, 4.0, 5.0; 3
-1.0, 4.0, 5.0; 4
0.0, 4.0, 5.0; 2
1.0, 4.0, 5.0; 3
2.0, 4.0, 5.0; 1
3.0, 4.0, 5.0; 2
4.0, 4.0, 5.0; 1
5.0, 4.0, 5.0; 6
-7.0, 5.0, 5.0; 2
-6.0, 5.0, 5.0; 7
-5.0, 5.0, 5.0; 6
-4.0, 5.0, 5.0; 11
-3.0, 5.0, 5.0; 10
-2.0, 5.0, 5.0; 3
-1.0, 5.0, 5.0; 5
0.0, 5.0, 5.0; 6
1.0, 5.0, 5.0; 3
4.0, 5.0, 5.0; 1
5.0, 5.0, 5.0; 3
-6.0, 6.0, 5.0; 3
-5.0, 6.0, 5.0; 9
-4.0, 6.0, 5.0; 16
-3.0, 6.0, 5.0; 9
-2.0, 6.0, 5.0; 12
-1.0, 6.0, 5.0; 6
0.0, 6.0, 5.0; 4
1.0, 6.0, 5.0; 2
2.0, 6.0, 5.0; 1
3.0, 6.0, 5.0; 4
4.0, 6.0, 5.0; 1
-3.0, 7.0, 5.0; 7
-2.0, 7.0, 5.0; 5
-1.0, 7.0, 5.0; 5
1.0, 7.0, 5.0; 2
2.0, 7.0, 5.0; 3
3.0, 7.0, 5.0; 1
-2.0, 8.0, 5.0; 1
0.0, 8.0, 5.0; 1
-3.0, -8.0, 6.0; 2
-2.0, -8.0, 6.0; 3
-1.0, -8.0, 6.0; 3
0.0, -8.0, 6.0; 1
1.0, -8.0, 6.0; 3
-5.0, -7.0, 6.0; 2
-4.0, -7.0, 6.0; 5
-3.0, -7.0, 6.0; 14
-2.0, -7.0, 6.0; 9
-1.0, -7.0, 6.0; 3
0.0, -7.0, 6.0; 4
1.0, -7.0, 6.0; 5
3.0, -7.0, 6.0; 1
-5.0, -6.0, 6.0; 4
-4.0, -6.0, 6.0; 10
-3.0, -6.0, 6.0; 4
-2.0, -6.0, 6.0; 5
-1.0, -6.0, 6.0; 1
0.0, -6.0, 6.0; 1
1.0, -6.0, 6.0; 2
2.0, -6.0, 6.0; 2
4.0, -6.0, 6.0; 2
-6.0, -5.0, 6.0; 2
-5.0, -5.0, 6.0; 8
-4.0, -5.0, 6.0; 4
-3.0, -5.0, 6.0; 2
-2.0, -5.0, 6.0; 1
-1.0, -5.0, 6.0; 1
1.0, -5.0, 6.0; 1
2.0, -5.0, 6.0; 2
3.0, -5.0, 6.0; 3
-7.0, -4.0, 6.0; 2
-6.0, -4.0, 6.0; 7
-5.0, -4.0, 6.0; 1
-4.0, -4.0, 6.0; 4
-3.0, -4.0, 6.0; 4
-2.0, -4.0, 6.0; 4
-1.0, -4.0, 6.0; 2
0.0, -4.0, 6.0; 1
5.0, -4.0, 6.0; 1
-7.0, -3.0, 6.0; 2
-6.0, -3.0, 6.0; 1
-5.0, -3.0, 6.0; 1
-4.0, -3.0, 6.0; 3
-3.0, -3.0, 6.0; 4
-2.0, -3.0, 6.0; 1
-1.0, -3.0, 6.0; 2
-7.0, -2.0, 6.0; 3
-6.0, -2.0, 6.0; 2
-5.0, -2.0, 6.0; 2
-4.0, -2.0, 6.0; 1
-3.0, -2.0, 6.0; 1
-2.0, -2.0, 6.0; 1
-1.0, -2.0, 6.0; 5
0.0, -2.0, 6.0; 1
-8.0, -1.0, 6.0; 1
-7.0, -1.0, 6.0; 2
-6.0, -1.0, 6.0; 1
-5.0, -1.0, 6.0; 2
-4.0, -1.0, 6.0; 1
-3.0, -1.0, 6.0; 1
-1.0, -1.0, 6.0; 1
0.0, -1.0, 6.0; 7
2.0, -1.0, 6.0; 1
7.0, -1.0, 6.0; 1
-7.0, 0.0, 6.0; 2
-6.0, 0.0, 6.0; 4
-5.0, 0.0, 6.0; 1
-4.0, 0.0, 6.0; 1
0.0, 0.0, 6.0; 2
1.0, 0.0, 6.0; 2
-8.0, 1.0, 6.0; 1
-6.0, 1.0, 6.0; 2
-5.0, 1.0, 6.0; 1
-3.0, 1.0, 6.0; 1
-2.0, 1.0, 6.0; 1
-1.0, 1.0, 6.0; 2
0.0, 1.0, 6.0; 2
4.0, 1.0, 6.0; 1
-8.0, 2.0, 6.0; 2
-7.0, 2.0, 6.0; 2
-6.0, 2.0, 6.0; 1
-5.0, 2.0, 6.0; 2
-4.0, 2.0, 6.0; 1
-1.0, 2.0, 6.0; 2
0.0, 2.0, 6.0; 1
1.0, 2.0, 6.0; 2
5.0, 2.0, 6.0; 1
-8.0, 3.0, 6.0; 1
-7.0, 3.0, 6.0; 2
-5.0, 3.0, 6.0; 2
-4.0, 3.0, 6.0; 4
-3.0, 3.0, 6.0; 2
-1.0, 3.0, 6.0; 5
0.0, 3.0, 6.0; 4
1.0, 3.0, 6.0; 3
2.0, 3.0, 6.0; 3
3.0, 3.0, 6.0; 2
4.0, 3.0, 6.0; 2
5.0, 3.0, 6.0; 1
-6.0, 4.0, 6.0; 1
-4.0, 4.0, 6.0; 4
-3.0, 4.0, 6.0; 3
-1.0, 4.0, 6.0; 5
0.0, 4.0, 6.0; 2
1.0, 4.0, 6.0; 2
2.0, 4.0, 6.0; 2
3.0, 4.0, 6.0; 2
4.0, 4.0, 6.0; 5
-5.0, 5.0, 6.0; 2
-4.0, 5.0, 6.0; 4
-3.0, 5.0, 6.0; 3
-2.0, 5.0, 6.0; 7
0.0, 5.0, 6.0; 3
1.0, 5.0, 6.0; 1
2.0, 5.0, 6.0; 3
3.0, 5.0, 6.0; 3
4.0, 5.0, 6.0; 1
-5.0, 6.0, 6.0; 2
-4.0, 6.0, 6.0; 2
-3.0, 6.0, 6.0; 3
-2.0, 6.0, 6.0; 2
-1.0, 6.0, 6.0; 6
0.0, 6.0, 6.0; 2
1.0, 6.0, 6.0; 1
2.0, 6.0, 6.0; 1
3.0, 6.0, 6.0; 2
-2.0, 7.0, 6.0; 2
-1.0, 7.0, 6.0; 2
0.0, 7.0, 6.0; 1
1.0, 7.0, 6.0; 2
0.0, -7.0, 7.0; 3
-5.0, -6.0, 7.0; 1
-4.0, -6.0, 7.0; 4
-3.0, -6.0, 7.0; 8
-2.0, -6.0, 7.0; 3
0.0, -6.0, 7.0; 1
1.0, -6.0, 7.0; 1
4.0, -6.0, 7.0; 1
-4.0, -5.0, 7.0; 3
-3.0, -5.0, 7.0; 5
-2.0, -5.0, 7.0; 3
-1.0, -5.0, 7.0; 1
0.0, -5.0, 7.0; 2
1.0, -5.0, 7.0; 1
5.0, -5.0, 7.0; 1
-6.0, -4.0, 7.0; 4
-5.0, -4.0, 7.0; 4
-4.0, -4.0, 7.0; 1
-3.0, -4.0, 7.0; 3
-1.0, -4.0, 7.0; 5
1.0, -4.0, 7.0; 1
-6.0, -3.0, 7.0; 1
-5.0, -3.0, 7.0; 4
-4.0, -3.0, 7.0; 3
-3.0, -3.0, 7.0; 4
-2.0, -3.0, 7.0; 3
0.0, -3.0, 7.0; 1
3.0, -3.0, 7.0; 1
-7.0, -2.0, 7.0; 3
-6.0, -2.0, 7.0; 1
-5.0, -2.0, 7.0; 1
-4.0, -2.0, 7.0; 5
-3.0, -2.0, 7.0; 6
-2.0, -2.0, 7.0; 3
-1.0, -2.0, 7.0; 1
2.0, -2.0, 7.0; 1
-7.0, -1.0, 7.0; 2
-6.0, -1.0, 7.0; 1
-4.0, -1.0, 7.0; 4
-2.0, -1.0, 7.0; 4
-1.0, -1.0, 7.0; 3
0.0, -1.0, 7.0; 2
-5.0, 0.0, 7.0; 2
-4.0, 0.0, 7.0; 1
0.0, 0.0, 7.0; 4
-6.0, 1.0, 7.0; 2
-5.0, 1.0, 7.0; 1
-4.0, 1.0, 7.0; 3
-3.0, 1.0, 7.0; 1
-2.0, 1.0, 7.0; 1
-1.0, 1.0, 7.0; 1
2.0, 1.0, 7.0; 2
3.0, 1.0, 7.0; 1
4.0, 1.0, 7.0; 1
-5.0, 2.0, 7.0; 2
-4.0, 2.0, 7.0; 2
-3.0, 2.0, 7.0; 1
-1.0, 2.0, 7.0; 1
1.0, 2.0, 7.0; 2
-6.0, 3.0, 7.0; 1
-5.0, 3.0, 7.0; 2
-4.0, 3.0, 7.0; 1
-3.0, 3.0, 7.0; 4
-2.0, 3.0, 7.0; 2
-1.0, 3.0, 7.0; 1
0.0, 3.0, 7.0; 5
1.0, 3.0, 7.0; 1
2.0, 3.0, 7.0; 1
3.0, 3.0, 7.0; 4
4.0, 3.0, 7.0; 1
-5.0, 4.0, 7.0; 1
-4.0, 4.0, 7.0; 2
-3.0, 4.0, 7.0; 3
-2.0, 4.0, 7.0; 4
-1.0, 4.0, 7.0; 1
3.0, 4.0, 7.0; 2
-4.0, 5.0, 7.0; 2
-3.0, 5.0, 7.0; 3
-2.0, 5.0, 7.0; 3
-1.0, 5.0, 7.0; 2
3.0, 5.0, 7.0; 1
0.0, 6.0, 7.0; 1
-4.0, -5.0, 8.0; 1
-3.0, -4.0, 8.0; 1
-1.0, -4.0, 8.0; 1
0.0, -4.0, 8.0; 1
1.0, -4.0, 8.0; 1
-5.0, -3.0, 8.0; 2
-4.0, -3.0, 8.0; 2
-3.0, -3.0, 8.0; 1
-2.0, -3.0, 8.0; 1
1.0, -3.0, 8.0; 1
3.0, -3.0, 8.0; 1
-4.0, -2.0, 8.0; 1
-3.0, -2.0, 8.0; 2
1.0, -2.0, 8.0; 1
-6.0, -1.0, 8.0; 1
-3.0, -1.0, 8.0; 2
2.0, -1.0, 8.0; 2
3.0, -1.0, 8.0; 1
-4.0, 0.0, 8.0; 1
-3.0, 0.0, 8.0; 1
-2.0, 0.0, 8.0; 1
-1.0, 0.0, 8.0; 1
2.0, 0.0, 8.0; 1
-4.0, 1.0, 8.0; 3
-2.0, 1.0, 8.0; 1
1.0, 1.0, 8.0; 3
2.0, 1.0, 8.0; 1
-5.0, 2.0, 8.0; 1
-4.0, 2.0, 8.0; 2
-2.0, 2.0, 8.0; 1
-1.0, 2.0, 8.0; 1
0.0, 2.0, 8.0; 1
1.0, 2.0, 8.0; 2
3.0, 2.0, 8.0; 1
-5.0, 3.0, 8.0; 1
0.0, 3.0, 8.0; 1
1.0, 3.0, 8.0; 1
2.0, 3.0, 8.0; 1
3.0, 3.0, 8.0; 1
-1.0, 4.0, 8.0; 1
0.0, 4.0, 8.0; 2
0.0, -4.0, 9.0; 1
3.0, -2.0, 9.0; 1
-2.0, -1.0, 9.0; 1
-2.0, 3.0, 9.0; 1
0.0, 3.0, 9.0; 1
1.0, -5.0, -10.0; 1
-1.0, -4.0, -10.0; 1
0.0, -4.0, -10.0; 1
1.0, -4.0, -10.0; 1
-3.0, -3.0, -10.0; 1
-2.0, -3.0, -10.0; 1
-1.0, -3.0, -10.0; 1
0.0, -3.0, -10.0; 3
-3.0, -2.0, -10.0; 3
-2.0, -2.0, -10.0; 1
-1.0, -2.0, -10.0; 1
0.0, -2.0, -10.0; 2
2.0, -2.0, -10.0; 1
-4.0, -1.0, -10.0; 1
-3.0, -1.0, -10.0; 3
-2.0, -1.0, -10.0; 5
-1.0, -1.0, -10.0; 1
0.0, -1.0, -10.0; 1
-3.0, 0.0, -10.0; 1
-2.0, 0.0, -10.0; 2
0.0, 0.0, -10.0; 4
1.0, 0.0, -10.0; 2
3.0, 0.0, -10.0; 1
-1.0, 1.0, -10.0; 2
1.0, 1.0, -10.0; 2
2.0, 1.0, -10.0; 3
-2.0, 2.0, -10.0; 1
-1.0, 2.0, -10.0; 2
0.0, 2.0, -10.0; 1
1.0, 2.0, -10.0; 1
-1.0, 3.0, -10.0; 1
0.0, 3.0, -10.0; 1
-1.0, -6.0, -9.0; 5
0.0, -6.0, -9.0; 2
1.0, -6.0, -9.0; 3
-3.0, -5.0, -9.0; 1
-2.0, -5.0, -9.0; 4
-1.0, -5.0, -9.0; 9
0.0, -5.0, -9.0; 3
1.0, -5.0, -9.0; 2
2.0, -5.0, -9.0; 2
3.0, -5.0, -9.0; 1
-4.0, -4.0, -9.0; 1
-3.0, -4.0, -9.0; 4
-2.0, -4.0, -9.0; 3
-1.0, -4.0, -9.0; 4
0.0, -4.0, -9.0; 4
1.0, -4.0, -9.0; 3
2.0, -4.0, -9.0; 3
-5.0, -3.0, -9.0; 2
-4.0, -3.0, -9.0; 4
-3.0, -3.0, -9.0; 1
-2.0, -3.0, -9.0; 2
-1.0, -3.0, -9.0; 3
0.0, -3.0, -9.0; 7
1.0, -3.0, -9.0; 9
2.0, -3.0, -9.0; 7
-5.0, -2.0, -9.0; 3
-4.0, -2.0, -9.0; 2
-3.0, -2.0, -9.0; 3
-2.0, -2.0, -9.0; 3
-1.0, -2.0, -9.0; 3
0.0, -2.0, -9.0; 4
1.0, -2.0, -9.0; 9
2.0, -2.0, -9.0; 6
5.0, -2.0, -9.0; 1
-6.0, -1.0, -9.0; 1
-5.0, -1.0, -9.0; 4
-4.0, -1.0, -9.0; 7
-3.0, -1.0, -9.0; 5
-2.0, -1.0, -9.0; 6
-1.0, -1.0, -9.0; 4
0.0, -1.0, -9.0; 5
1.0, -1.0, -9.0; 3
2.0, -1.0, -9.0; 2
3.0, -1.0, -9.0; 1
4.0, -1.0, -9.0; 2
-6.0, 0.0, -9.0; 1
-5.0, 0.0, -9.0; 3
-4.0, 0.0, -9.0; 7
-3.0, 0.0, -9.0; 9
-2.0, 0.0, -9.0; 6
-1.0, 0.0, -9.0; 9
0.0, 0.0, -9.0; 4
1.0, 0.0, -9.0; 2
2.0, 0.0, -9.0; 1
3.0, 0.0, -9.0; 1
4.0, 0.0, -9.0; 1
5.0, 0.0, -9.0; 1
-5.0, 1.0, -9.0; 2
-4.0, 1.0, -9.0; 6
-3.0, 1.0, -9.0; 8
-2.0, 1.0, -9.0; 6
-1.0, 1.0, -9.0; 3
0.0, 1.0, -9.0; 3
1.0, 1.0, -9.0; 3
2.0, 1.0, -9.0; 2
4.0, 1.0, -9.0; 3
-6.0, 2.0, -9.0; 1
-5.0, 2.0, -9.0; 5
-4.0, 2.0, -9.0; 4
-3.0, 2.0, -9.0; 6
-2.0, 2.0, -9.0; 2
-1.0, 2.0, -9.0; 4
0.0, 2.0, -9.0; 1
1.0, 2.0, -9.0; 4
2.0, 2.0, -9.0; 4
3.0, 2.0, -9.0; 4
4.0, 2.0, -9.0; 1
-5.0, 3.0, -9.0; 2
-4.0, 3.0, -9.0; 2
-3.0, 3.0, -9.0; 1
-2.0, 3.0, -9.0; 1
-1.0, 3.0, -9.0; 3
0.0, 3.0, -9.0; 2
1.0, 3.0, -9.0; 2
2.0, 3.0, -9.0; 1
3.0, 3.0, -9.0; 4
-3.0, 4.0, -9.0; 3
-2.0, 4.0, -9.0; 2
-1.0, 4.0, -9.0; 4
0.0, 4.0, -9.0; 3
1.0, 4.0, -9.0; 1
0.0, -8.0, -8.0; 2
-4.0, -7.0, -8.0; 1
-2.0, -7.0, -8.0; 4
-1.0, -7.0, -8.0; 5
0.0, -7.0, -8.0; 8
1.0, -7.0, -8.0; 13
2.0, -7.0, -8.0; 3
-4.0, -6.0, -8.0; 2
-3.0, -6.0, -8.0; 2
-2.0, -6.0, -8.0; 2
-1.0, -6.0, -8.0; 4
0.0, -6.0, -8.0; 7
1.0, -6.0, -8.0; 14
2.0, -6.0, -8.0; 3
3.0, -6.0, -8.0; 4
-4.0, -5.0, -8.0; 5
-3.0, -5.0, -8.0; 3
-2.0, -5.0, -8.0; 4
-1.0, -5.0, -8.0; 5
0.0, -5.0, -8.0; 4
1.0, -5.0, -8.0; 5
2.0, -5.0, -8.0; 5
3.0, -5.0, -8.0; 5
4.0, -5.0, -8.0; 1
5.0, -5.0, -8.0; 1
-5.0, -4.0, -8.0; 1
-4.0, -4.0, -8.0; 5
-3.0, -4.0, -8.0; 8
-2.0, -4.0, -8.0; 3
-1.0, -4.0, -8.0; 5
0.0, -4.0, -8.0; 6
1.0, -4.0, -8.0; 5
2.0, -4.0, -8.0; 4
3.0, -4.0, -8.0; 4
4.0, -4.0, -8.0; 1
-6.0, -3.0, -8.0; 1
-5.0, -3.0, -8.0; 7
-4.0, -3.0, -8.0; 7
-3.0, -3.0, -8.0; 4
-2.0, -3.0, -8.0; 4
0.0, -3.0, -8.0; 1
1.0, -3.0, -8.0; 2
2.0, -3.0, -8.0; 4
3.0, -3.0, -8.0; 8
4.0, -3.0, -8.0; 2
-5.0, -2.0, -8.0; 9
-4.0, -2.0, -8.0; 12
-3.0, -2.0, -8.0; 3
-2.0, -2.0, -8.0; 5
-1.0, -2.0, -8.0; 4
0.0, -2.0, -8.0; 2
1.0, -2.0, -8.0; 7
2.0, -2.0, -8.0; 4
3.0, -2.0, -8.0; 7
4.0, -2.0, -8.0; 5
5.0, -2.0, -8.0; 1
-7.0, -1.0, -8.0; 2
-6.0, -1.0, -8.0; 8
-5.0, -1.0, -8.0; 7
-4.0, -1.0, -8.0; 11
-3.0, -1.0, -8.0; 6
-2.0, -1.0, -8.0; 6
-1.0, -1.0, -8.0; 6
0.0, -1.0, -8.0; 5
1.0, -1.0, -8.0; 7
2.0, -1.0, -8.0; 16
3.0, -1.0, -8.0; 9
4.0, -1.0, -8.0; 1
5.0, -1.0, -8.0; 2
6.0, -1.0, -8.0; 1
-7.0, 0.0, -8.0; 1
-6.0, 0.0, -8.0; 7
-5.0, 0.0, -8.0; 3
-4.0, 0.0, -8.0; 5
-3.0, 0.0, -8.0; 7
-2.0, 0.0, -8.0; 10
0.0, 0.0, -8.0; 7
1.0, 0.0, -8.0; 6
2.0, 0.0, -8.0; 3
4.0, 0.0, -8.0; 1
6.0, 0.0, -8.0; 1
-6.0, 1.0, -8.0; 7
-5.0, 1.0, -8.0; 7
-4.0, 1.0, -8.0; 10
-3.0, 1.0, -8.0; 7
-2.0, 1.0, -8.0; 4
-1.0, 1.0, -8.0; 3
0.0, 1.0, -8.0; 5
1.0, 1.0, -8.0; 5
2.0, 1.0, -8.0; 4
3.0, 1.0, -8.0; 1
4.0, 1.0, -8.0; 1
5.0, 1.0, -8.0; 3
-6.0, 2.0, -8.0; 1
-5.0, 2.0, -8.0; 9
-4.0, 2.0, -8.0; 4
-3.0, 2.0, -8.0; 10
-2.0, 2.0, -8.0; 7
-1.0, 2.0, -8.0; 4
0.0, 2.0, -8.0; 2
1.0, 2.0, -8.0; 3
2.0, 2.0, -8.0; 7
3.0, 2.0, -8.0; 2
4.0, 2.0, -8.0; 1
5.0, 2.0, -8.0; 1
-7.0, 3.0, -8.0; 1
-6.0, 3.0, -8.0; 2
-5.0, 3.0, -8.0; 4
-4.0, 3.0, -8.0; 5
-3.0, 3.0, -8.0; 5
-2.0, 3.0, -8.0; 4
-1.0, 3.0, -8.0; 1
0.0, 3.0, -8.0; 1
1.0, 3.0, -8.0; 2
2.0, 3.0, -8.0; 3
3.0, 3.0, -8.0; 2
4.0, 3.0, -8.0; 1
6.0, 3.0, -8.0; 1
-5.0, 4.0, -8.0; 1
-4.0, 4.0, -8.0; 3
-3.0, 4.0, -8.0; 5
-2.0, 4.0, -8.0; 1
-1.0, 4.0, -8.0; 2
0.0, 4.0, -8.0; 3
1.0, 4.0, -8.0; 4
2.0, 4.0, -8.0; 4
3.0, 4.0, -8.0; 1
-5.0, 5.0, -8.0; 2
-4.0, 5.0, -8.0; 3
-3.0, 5.0, -8.0; 3
-2.0, 5.0, -8.0; 1
-1.0, 5.0, -8.0; 4
0.0, 5.0, -8.0; 3
1.0, 5.0, -8.0; 6
2.0, 5.0, -8.0; 2
3.0, 5.0, -8.0; 2
4.0, 5.0, -8.0; 1
-3.0, 6.0, -8.0; 2
-2.0, 6.0, -8.0; 1
1.0, 6.0, -8.0; 3
-3.0, -8.0, -7.0; 1
-2.0, -8.0, -7.0; 3
-1.0, -8.0, -7.0; 6
0.0, -8.0, -7.0; 13
1.0, -8.0, -7.0; 12
2.0, -8.0, -7.0; 5
-4.0, -7.0, -7.0; 2
-3.0, -7.0, -7.0; 12
-2.0, -7.0, -7.0; 14
-1.0, -7.0, -7.0; 13
0.0, -7.0, -7.0; 20
1.0, -7.0, -7.0; 8
2.0, -7.0, -7.0; 9
4.0, -7.0, -7.0; 2
-5.0, -6.0, -7.0; 3
-4.0, -6.0, -7.0; 7
-3.0, -6.0, -7.0; 4
-2.0, -6.0, -7.0; 4
-1.0, -6.0, -7.0; 8
0.0, -6.0, -7.0; 13
1.0, -6.0, -7.0; 10
2.0, -6.0, -7.0; 7
3.0, -6.0, -7.0; 12
4.0, -6.0, -7.0; 2
5.0, -6.0, -7.0; 1
-7.0, -5.0, -7.0; 1
-6.0, -5.0, -7.0; 1
-5.0, -5.0, -7.0; 9
-4.0, -5.0, -7.0; 3
-3.0, -5.0, -7.0; 10
-2.0, -5.0, -7.0; 10
-1.0, -5.0, -7.0; 7
0.0, -5.0, -7.0; 4
1.0, -5.0, -7.0; 1
2.0, -5.0, -7.0; 1
3.0, -5.0, -7.0; 14
4.0, -5.0, -7.0; 8
5.0, -5.0, -7.0; 1
-7.0, -4.0, -7.0; 1
-6.0, -4.0, -7.0; 2
-5.0, -4.0, -7.0; 8
-4.0, -4.0, -7.0; 7
-3.0, -4.0, -7.0; 8
-2.0, -4.0, -7.0; 8
-1.0, -4.0, -7.0; 3
0.0, -4.0, -7.0; 2
1.0, -4.0, -7.0; 2
2.0, -4.0, -7.0; 4
3.0, -4.0, -7.0; 4
4.0, -4.0, -7.0; 7
-8.0, -3.0, -7.0; 2
-7.0, -3.0, -7.0; 3
-6.0, -3.0, -7.0; 6
-5.0, -3.0, -7.0; 5
-4.0, -3.0, -7.0; 3
-3.0, -3.0, -7.0; 3
-2.0, -3.0, -7.0; 1
-1.0, -3.0, -7.0; 3
0.0, -3.0, -7.0; 7
1.0, -3.0, -7.0; 4
2.0, -3.0, -7.0; 1
3.0, -3.0, -7.0; 2
4.0, -3.0, -7.0; 1
6.0, -3.0, -7.0; 1
-7.0, -2.0, -7.0; 2
-6.0, -2.0, -7.0; 5
-5.0, -2.0, -7.0; 9
-4.0, -2.0, -7.0; 3
-3.0, -2.0, -7.0; 4
-2.0, -2.0, -7.0; 8
-1.0, -2.0, -7.0; 2
0.0, -2.0, -7.0; 5
1.0, -2.0, -7.0; 2
2.0, -2.0, -7.0; 3
3.0, -2.0, -7.0; 3
4.0, -2.0, -7.0; 2
6.0, -2.0, -7.0; 1
7.0, -2.0, -7.0; 1
-8.0, -1.0, -7.0; 2
-7.0, -1.0, -7.0; 3
-6.0, -1.0, -7.0; 3
-5.0, -1.0, -7.0; 11
-4.0, -1.0, -7.0; 4
-2.0, -1.0, -7.0; 6
-1.0, -1.0, -7.0; 6
0.0, -1.0, -7.0; 3
1.0, -1.0, -7.0; 1
2.0, -1.0, -7.0; 6
3.0, -1.0, -7.0; 3
4.0, -1.0, -7.0; 1
5.0, -1.0, -7.0; 1
6.0, -1.0, -7.0; 1
-8.0, 0.0, -7.0; 1
-7.0, 0.0, -7.0; 7
-6.0, 0.0, -7.0; 4
-5.0, 0.0, -7.0; 9
-4.0, 0.0, -7.0; 6
-3.0, 0.0, -7.0; 1
-2.0, 0.0, -7.0; 1
-1.0, 0.0, -7.0; 2
0.0, 0.0, -7.0; 3
1.0, 0.0, -7.0; 3
2.0, 0.0, -7.0; 14
3.0, 0.0, -7.0; 6
5.0, 0.0, -7.0; 2
6.0, 0.0, -7.0; 1
7.0, 0.0, -7.0; 2
-8.0, 1.0, -7.0; 3
-7.0, 1.0, -7.0; 3
-6.0, 1.0, -7.0; 11
-5.0, 1.0, -7.0; 11
-4.0, 1.0, -7.0; 4
-3.0, 1.0, -7.0; 1
-2.0, 1.0, -7.0; 5
-1.0, 1.0, -7.0; 2
0.0, 1.0, -7.0; 4
1.0, 1.0, -7.0; 6
2.0, 1.0, -7.0; 3
3.0, 1.0, -7.0; 2
4.0, 1.0, -7.0; 1
6.0, 1.0, -7.0; 1
-7.0, 2.0, -7.0; 7
-6.0, 2.0, -7.0; 3
-5.0, 2.0, -7.0; 5
-4.0, 2.0, -7.0; 2
-3.0, 2.0, -7.0; 4
-2.0, 2.0, -7.0; 3
-1.0, 2.0, -7.0; 1
0.0, 2.0, -7.0; 2
1.0, 2.0, -7.0; 2
2.0, 2.0, -7.0; 3
3.0, 2.0, -7.0; 1
5.0, 2.0, -7.0; 1
-7.0, 3.0, -7.0; 6
-6.0, 3.0, -7.0; 11
-5.0, 3.0, -7.0; 1
-4.0, 3.0, -7.0; 1
-3.0, 3.0, -7.0; 4
-2.0, 3.0, -7.0; 2
-1.0, 3.0, -7.0; 1
0.0, 3.0, -7.0; 4
1.0, 3.0, -7.0; 3
3.0, 3.0, -7.0; 1
6.0, 3.0, -7.0; 2
-7.0, 4.0, -7.0; 1
-6.0, 4.0, -7.0; 5
-5.0, 4.0, -7.0; 7
-4.0, 4.0, -7.0; 11
-3.0, 4.0, -7.0; 4
-2.0, 4.0, -7.0; 3
-1.0, 4.0, -7.0; 1
1.0, 4.0, -7.0; 3
2.0, 4.0, -7.0; 3
3.0, 4.0, -7.0; 2
4.0, 4.0, -7.0; 5
-6.0, 5.0, -7.0; 3
-5.0, 5.0, -7.0; 1
-4.0, 5.0, -7.0; 3
-3.0, 5.0, -7.0; 4
-2.0, 5.0, -7.0; 7
-1.0, 5.0, -7.0; 9
0.0, 5.0, -7.0; 11
1.0, 5.0, -7.0; 3
2.0, 5.0, -7.0; 1
3.0, 5.0, -7.0; 2
4.0, 5.0, -7.0; 3
-4.0, 6.0, -7.0; 4
-3.0, 6.0, -7.0; 3
-2.0, 6.0, -7.0; 4
-1.0, 6.0, -7.0; 7
0.0, 6.0, -7.0; 2
1.0, 6.0, -7.0; 4
2.0, 6.0, -7.0; 2
3.0, 6.0, -7.0; 1
4.0, 6.0, -7.0; 2
-3.0, 7.0, -7.0; 1
-2.0, 7.0, -7.0; 1
-1.0, 7.0, -7.0; 3
0.0, 7.0, -7.0; 3
1.0, 7.0, -7.0; 1
-2.0, -9.0, -6.0; 1
-1.0, -9.0, -6.0; 3
0.0, -9.0, -6.0; 5
1.0, -9.0, -6.0; 5
2.0, -9.0, -6.0; 1
-4.0, -8.0, -6.0; 4
-3.0, -8.0, -6.0; 13
-2.0, -8.0, -6.0; 139
-1.0, -8.0, -6.0; 267
0.0, -8.0, -6.0; 46
1.0, -8.0, -6.0; 22
2.0, -8.0, -6.0; 28
3.0, -8.0, -6.0; 15
-6.0, -7.0, -6.0; 2
-5.0, -7.0, -6.0; 4
-4.0, -7.0, -6.0; 12
-3.0, -7.0, -6.0; 36
-2.0, -7.0, -6.0; 242
-1.0, -7.0, -6.0; 235
0.0, -7.0, -6.0; 27
1.0, -7.0, -6.0; 18
2.0, -7.0, -6.0; 10
3.0, -7.0, -6.0; 14
4.0, -7.0, -6.0; 8
5.0, -7.0, -6.0; 1
-6.0, -6.0, -6.0; 3
-5.0, -6.0, -6.0; 4
-4.0, -6.0, -6.0; 16
-3.0, -6.0, -6.0; 24
-2.0, -6.0, -6.0; 42
-1.0, -6.0, -6.0; 28
0.0, -6.0, -6.0; 7
1.0, -6.0, -6.0; 4
2.0, -6.0, -6.0; 12
3.0, -6.0, -6.0; 8
4.0, -6.0, -6.0; 10
5.0, -6.0, -6.0; 2
6.0, -6.0, -6.0; 1
-8.0, -5.0, -6.0; 2
-7.0, -5.0, -6.0; 3
-6.0, -5.0, -6.0; 17
-5.0, -5.0, -6.0; 6
-4.0, -5.0, -6.0; 23
-3.0, -5.0, -6.0; 33
-2.0, -5.0, -6.0; 38
-1.0, -5.0, -6.0; 16
0.0, -5.0, -6.0; 7
1.0, -5.0, -6.0; 4
2.0, -5.0, -6.0; 1
4.0, -5.0, -6.0; 6
5.0, -5.0, -6.0; 4
-8.0, -4.0, -6.0; 1
-7.0, -4.0, -6.0; 4
-6.0, -4.0, -6.0; 7
-5.0, -4.0, -6.0; 20
-4.0, -4.0, -6.0; 25
-3.0, -4.0, -6.0; 40
-2.0, -4.0, -6.0; 22
-1.0, -4.0, -6.0; 11
0.0, -4.0, -6.0; 26
1.0, -4.0, -6.0; 4
2.0, -4.0, -6.0; 4
3.0, -4.0, -6.0; 2
4.0, -4.0, -6.0; 5
5.0, -4.0, -6.0; 1
-8.0, -3.0, -6.0; 2
-7.0, -3.0, -6.0; 6
-6.0, -3.0, -6.0; 6
-5.0, -3.0, -6.0; 7
-4.0, -3.0, -6.0; 7
-3.0, -3.0, -6.0; 10
-2.0, -3.0, -6.0; 23
-1.0, -3.0, -6.0; 25
0.0, -3.0, -6.0; 70
1.0, -3.0, -6.0; 17
2.0, -3.0, -6.0; 2
3.0, -3.0, -6.0; 2
4.0, -3.0, -6.0; 4
-9.0, -2.0, -6.0; 1
-7.0, -2.0, -6.0; 3
-6.0, -2.0, -6.0; 3
-5.0, -2.0, -6.0; 5
-4.0, -2.0, -6.0; 3
-3.0, -2.0, -6.0; 17
-2.0, -2.0, -6.0; 34
-1.0, -2.0, -6.0; 48
0.0, -2.0, -6.0; 42
1.0, -2.0, -6.0; 13
2.0, -2.0, -6.0; 2
3.0, -2.0, -6.0; 1
4.0, -2.0, -6.0; 4
-8.0, -1.0, -6.0; 6
-7.0, -1.0, -6.0; 7
-6.0, -1.0, -6.0; 11
-5.0, -1.0, -6.0; 1
-4.0, -1.0, -6.0; 2
-3.0, -1.0, -6.0; 18
-2.0, -1.0, -6.0; 45
-1.0, -1.0, -6.0; 30
0.0, -1.0, -6.0; 8
1.0, -1.0, -6.0; 11
2.0, -1.0, -6.0; 1
3.0, -1.0, -6.0; 3
4.0, -1.0, -6.0; 4
7.0, -1.0, -6.0; 1
-8.0, 0.0, -6.0; 8
-7.0, 0.0, -6.0; 7
-6.0, 0.0, -6.0; 10
-5.0, 0.0, -6.0; 1
-4.0, 0.0, -6.0; 2
-3.0, 0.0, -6.0; 9
-2.0, 0.0, -6.0; 7
-1.0, 0.0, -6.0; 12
0.0, 0.0, -6.0; 9
1.0, 0.0, -6.0; 1
2.0, 0.0, -6.0; 5
3.0, 0.0, -6.0; 8
4.0, 0.0, -6.0; 4
5.0, 0.0, -6.0; 2
-9.0, 1.0, -6.0; 1
-8.0, 1.0, -6.0; 4
-7.0, 1.0, -6.0; 2
-6.0, 1.0, -6.0; 6
-5.0, 1.0, -6.0; 12
-4.0, 1.0, -6.0; 8
-3.0, 1.0, -6.0; 4
-2.0, 1.0, -6.0; 13
-1.0, 1.0, -6.0; 11
0.0, 1.0, -6.0; 3
1.0, 1.0, -6.0; 2
2.0, 1.0, -6.0; 5
3.0, 1.0, -6.0; 9
4.0, 1.0, -6.0; 4
5.0, 1.0, -6.0; 2
6.0, 1.0, -6.0; 1
-8.0, 2.0, -6.0; 4
-7.0, 2.0, -6.0; 12
-6.0, 2.0, -6.0; 3
-5.0, 2.0, -6.0; 28
-4.0, 2.0, -6.0; 29
-3.0, 2.0, -6.0; 3
-2.0, 2.0, -6.0; 6
-1.0, 2.0, -6.0; 8
0.0, 2.0, -6.0; 16
1.0, 2.0, -6.0; 6
2.0, 2.0, -6.0; 10
3.0, 2.0, -6.0; 15
4.0, 2.0, -6.0; 1
7.0, 2.0, -6.0; 1
-8.0, 3.0, -6.0; 4
-7.0, 3.0, -6.0; 5
-6.0, 3.0, -6.0; 5
-5.0, 3.0, -6.0; 5
-4.0, 3.0, -6.0; 12
-3.0, 3.0, -6.0; 19
-2.0, 3.0, -6.0; 4
-1.0, 3.0, -6.0; 7
0.0, 3.0, -6.0; 3
1.0, 3.0, -6.0; 2
2.0, 3.0, -6.0; 5
3.0, 3.0, -6.0; 5
4.0, 3.0, -6.0; 3
5.0, 3.0, -6.0; 1
6.0, 3.0, -6.0; 1
-8.0, 4.0, -6.0; 1
-7.0, 4.0, -6.0; 3
-6.0, 4.0, -6.0; 6
-5.0, 4.0, -6.0; 9
-4.0, 4.0, -6.0; 2
-3.0, 4.0, -6.0; 3
-2.0, 4.0, -6.0; 4
-1.0, 4.0, -6.0; 3
0.0, 4.0, -6.0; 3
1.0, 4.0, -6.0; 2
2.0, 4.0, -6.0; 1
3.0, 4.0, -6.0; 4
4.0, 4.0, -6.0; 6
5.0, 4.0, -6.0; 1
6.0, 4.0, -6.0; 1
-7.0, 5.0, -6.0; 2
-6.0, 5.0, -6.0; 3
-5.0, 5.0, -6.0; 7
-4.0, 5.0, -6.0; 8
-3.0, 5.0, -6.0; 10
-2.0, 5.0, -6.0; 11
-1.0, 5.0, -6.0; 3
0.0, 5.0, -6.0; 1
1.0, 5.0, -6.0; 1
4.0, 5.0, -6.0; 5
5.0, 5.0, -6.0; 1
-6.0, 6.0, -6.0; 3
-5.0, 6.0, -6.0; 3
-4.0, 6.0, -6.0; 7
-3.0, 6.0, -6.0; 4
-2.0, 6.0, -6.0; 4
-1.0, 6.0, -6.0; 7
0.0, 6.0, -6.0; 6
1.0, 6.0, -6.0; 3
3.0, 6.0, -6.0; 4
4.0, 6.0, -6.0; 2
5.0, 6.0, -6.0; 2
-4.0, 7.0, -6.0; 1
-3.0, 7.0, -6.0; 8
-2.0, 7.0, -6.0; 3
-1.0, 7.0, -6.0; 4
0.0, 7.0, -6.0; 7
1.0, 7.0, -6.0; 3
2.0, 7.0, -6.0; 3
3.0, 7.0, -6.0; 4
-3.0, 8.0, -6.0; 1
-2.0, 8.0, -6.0; 6
-1.0, 8.0, -6.0; 4
0.0, 8.0, -6.0; 3
1.0, 8.0, -6.0; 1
-4.0, -9.0, -5.0; 1
-3.0, -9.0, -5.0; 5
-2.0, -9.0, -5.0; 13
-1.0, -9.0, -5.0; 20
0.0, -9.0, -5.0; 24
1.0, -9.0, -5.0; 12
2.0, -9.0, -5.0; 16
3.0, -9.0, -5.0; 9
-5.0, -8.0, -5.0; 2
-4.0, -8.0, -5.0; 3
-3.0, -8.0, -5.0; 28
-2.0, -8.0, -5.0; 641
-1.0, -8.0, -5.0; 685
0.0, -8.0, -5.0; 61
1.0, -8.0, -5.0; 12
2.0, -8.0, -5.0; 10
3.0, -8.0, -5.0; 28
4.0, -8.0, -5.0; 16
-6.0, -7.0, -5.0; 8
-5.0, -7.0, -5.0; 3
-4.0, -7.0, -5.0; 4
-3.0, -7.0, -5.0; 16
-2.0, -7.0, -5.0; 87
-1.0, -7.0, -5.0; 87
0.0, -7.0, -5.0; 20
1.0, -7.0, -5.0; 13
2.0, -7.0, -5.0; 6
3.0, -7.0, -5.0; 6
4.0, -7.0, -5.0; 8
5.0, -7.0, -5.0; 5
-7.0, -6.0, -5.0; 9
-6.0, -6.0, -5.0; 6
-5.0, -6.0, -5.0; 6
-4.0, -6.0, -5.0; 4
-3.0, -6.0, -5.0; 8
-2.0, -6.0, -5.0; 6
-1.0, -6.0, -5.0; 15
0.0, -6.0, -5.0; 26
1.0, -6.0, -5.0; 13
2.0, -6.0, -5.0; 13
3.0, -6.0, -5.0; 11
4.0, -6.0, -5.0; 7
5.0, -6.0, -5.0; 7
6.0, -6.0, -5.0; 1
7.0, -6.0, -5.0; 1
-8.0, -5.0, -5.0; 3
-7.0, -5.0, -5.0; 7
-6.0, -5.0, -5.0; 1
-5.0, -5.0, -5.0; 4
-4.0, -5.0, -5.0; 4
-3.0, -5.0, -5.0; 11
-2.0, -5.0, -5.0; 10
-1.0, -5.0, -5.0; 8
0.0, -5.0, -5.0; 16
1.0, -5.0, -5.0; 32
2.0, -5.0, -5.0; 8
3.0, -5.0, -5.0; 6
4.0, -5.0, -5.0; 2
5.0, -5.0, -5.0; 3
6.0, -5.0, -5.0; 2
-9.0, -4.0, -5.0; 1
-8.0, -4.0, -5.0; 5
-7.0, -4.0, -5.0; 6
-6.0, -4.0, -5.0; 3
-5.0, -4.0, -5.0; 5
-4.0, -4.0, -5.0; 15
-3.0, -4.0, -5.0; 133
-2.0, -4.0, -5.0; 370
-1.0, -4.0, -5.0; 89
0.0, -4.0, -5.0; 41
1.0, -4.0, -5.0; 156
2.0, -4.0, -5.0; 12
3.0, -4.0, -5.0; 2
4.0, -4.0, -5.0; 2
5.0, -4.0, -5.0; 4
6.0, -4.0, -5.0; 2
7.0, -4.0, -5.0; 2
-9.0, -3.0, -5.0; 1
-8.0, -3.0, -5.0; 5
-7.0, -3.0, -5.0; 4
-6.0, -3.0, -5.0; 5
-5.0, -3.0, -5.0; 6
-4.0, -3.0, -5.0; 90
-3.0, -3.0, -5.0; 2258
-2.0, -3.0, -5.0; 954
-1.0, -3.0, -5.0; 38
0.0, -3.0, -5.0; 173
1.0, -3.0, -5.0; 1746
2.0, -3.0, -5.0; 37
3.0, -3.0, -5.0; 1
4.0, -3.0, -5.0; 1
5.0, -3.0, -5.0; 1
6.0, -3.0, -5.0; 1
7.0, -3.0, -5.0; 2
-8.0, -2.0, -5.0; 3
-7.0, -2.0, -5.0; 4
-6.0, -2.0, -5.0; 5
-5.0, -2.0, -5.0; 5
-4.0, -2.0, -5.0; 26
-3.0, -2.0, -5.0; 243
-2.0, -2.0, -5.0; 63
-1.0, -2.0, -5.0; 20
0.0, -2.0, -5.0; 58
1.0, -2.0, -5.0; 116
2.0, -2.0, -5.0; 16
4.0, -2.0, -5.0; 1
5.0, -2.0, -5.0; 1
6.0, -2.0, -5.0; 3
-9.0, -1.0, -5.0; 1
-8.0, -1.0, -5.0; 7
-7.0, -1.0, -5.0; 2
-6.0, -1.0, -5.0; 3
-5.0, -1.0, -5.0; 3
-4.0, -1.0, -5.0; 17
-3.0, -1.0, -5.0; 46
-2.0, -1.0, -5.0; 57
-1.0, -1.0, -5.0; 26
0.0, -1.0, -5.0; 15
1.0, -1.0, -5.0; 20
2.0, -1.0, -5.0; 3
3.0, -1.0, -5.0; 2
4.0, -1.0, -5.0; 4
5.0, -1.0, -5.0; 1
-9.0, 0.0, -5.0; 5
-8.0, 0.0, -5.0; 8
-7.0, 0.0, -5.0; 12
-6.0, 0.0, -5.0; 2
-5.0, 0.0, -5.0; 8
-4.0, 0.0, -5.0; 12
-3.0, 0.0, -5.0; 27
-2.0, 0.0, -5.0; 29
-1.0, 0.0, -5.0; 4
0.0, 0.0, -5.0; 3
1.0, 0.0, -5.0; 4
3.0, 0.0, -5.0; 5
4.0, 0.0, -5.0; 4
5.0, 0.0, -5.0; 5
7.0, 0.0, -5.0; 1
-9.0, 1.0, -5.0; 1
-8.0, 1.0, -5.0; 3
-7.0, 1.0, -5.0; 5
-6.0, 1.0, -5.0; 7
-5.0, 1.0, -5.0; 12
-4.0, 1.0, -5.0; 12
-3.0, 1.0, -5.0; 2
-2.0, 1.0, -5.0; 3
-1.0, 1.0, -5.0; 2
0.0, 1.0, -5.0; 1
2.0, 1.0, -5.0; 3
3.0, 1.0, -5.0; 6
4.0, 1.0, -5.0; 6
5.0, 1.0, -5.0; 2
-9.0, 2.0, -5.0; 2
-8.0, 2.0, -5.0; 7
-7.0, 2.0, -5.0; 1
-6.0, 2.0, -5.0; 22
-5.0, 2.0, -5.0; 27
-4.0, 2.0, -5.0; 9
-3.0, 2.0, -5.0; 10
-2.0, 2.0, -5.0; 8
-1.0, 2.0, -5.0; 7
0.0, 2.0, -5.0; 15
1.0, 2.0, -5.0; 10
2.0, 2.0, -5.0; 5
3.0, 2.0, -5.0; 5
4.0, 2.0, -5.0; 5
5.0, 2.0, -5.0; 1
-9.0, 3.0, -5.0; 4
-8.0, 3.0, -5.0; 3
-7.0, 3.0, -5.0; 6
-6.0, 3.0, -5.0; 1
-5.0, 3.0, -5.0; 10
-4.0, 3.0, -5.0; 4
-3.0, 3.0, -5.0; 7
-2.0, 3.0, -5.0; 4
-1.0, 3.0, -5.0; 23
0.0, 3.0, -5.0; 16
1.0, 3.0, -5.0; 33
2.0, 3.0, -5.0; 7
3.0, 3.0, -5.0; 4
4.0, 3.0, -5.0; 5
-8.0, 4.0, -5.0; 3
-7.0, 4.0, -5.0; 11
-6.0, 4.0, -5.0; 4
-5.0, 4.0, -5.0; 4
-3.0, 4.0, -5.0; 4
-2.0, 4.0, -5.0; 11
-1.0, 4.0, -5.0; 22
0.0, 4.0, -5.0; 7
1.0, 4.0, -5.0; 7
2.0, 4.0, -5.0; 3
3.0, 4.0, -5.0; 2
4.0, 4.0, -5.0; 6
6.0, 4.0, -5.0; 2
-8.0, 5.0, -5.0; 1
-7.0, 5.0, -5.0; 4
-6.0, 5.0, -5.0; 3
-5.0, 5.0, -5.0; 8
-4.0, 5.0, -5.0; 5
-3.0, 5.0, -5.0; 1
-2.0, 5.0, -5.0; 6
-1.0, 5.0, -5.0; 2
0.0, 5.0, -5.0; 3
1.0, 5.0, -5.0; 5
2.0, 5.0, -5.0; 4
3.0, 5.0, -5.0; 2
-6.0, 6.0, -5.0; 1
-5.0, 6.0, -5.0; 8
-4.0, 6.0, -5.0; 12
-3.0, 6.0, -5.0; 4
-2.0, 6.0, -5.0; 6
-1.0, 6.0, -5.0; 3
0.0, 6.0, -5.0; 4
1.0, 6.0, -5.0; 2
2.0, 6.0, -5.0; 5
3.0, 6.0, -5.0; 3
4.0, 6.0, -5.0; 3
5.0, 6.0, -5.0; 2
-5.0, 7.0, -5.0; 1
-4.0, 7.0, -5.0; 1
-3.0, 7.0, -5.0; 2
-2.0, 7.0, -5.0; 5
-1.0, 7.0, -5.0; 3
0.0, 7.0, -5.0; 7
1.0, 7.0, -5.0; 16
2.0, 7.0, -5.0; 9
3.0, 7.0, -5.0; 8
4.0, 7.0, -5.0; 2
-4.0, 8.0, -5.0; 1
-3.0, 8.0, -5.0; 3
-2.0, 8.0, -5.0; 11
-1.0, 8.0, -5.0; 14
0.0, 8.0, -5.0; 12
1.0, 8.0, -5.0; 8
2.0, 8.0, -5.0; 3
-1.0, 9.0, -5.0; 1
0.0, 9.0, -5.0; 2
-2.0, -10.0, -4.0; 7
-1.0, -10.0, -4.0; 10
0.0, -10.0, -4.0; 10
1.0, -10.0, -4.0; 6
2.0, -10.0, -4.0; 1
-6.0, -9.0, -4.0; 1
-5.0, -9.0, -4.0; 1
-4.0, -9.0, -4.0; 5
-3.0, -9.0, -4.0; 10
-2.0, -9.0, -4.0; 17
-1.0, -9.0, -4.0; 36
0.0, -9.0, -4.0; 32
1.0, -9.0, -4.0; 23
2.0, -9.0, -4.0; 10
3.0, -9.0, -4.0; 4
4.0, -9.0, -4.0; 3
-7.0, -8.0, -4.0; 1
-6.0, -8.0, -4.0; 3
-5.0, -8.0, -4.0; 5
-4.0, -8.0, -4.0; 2
-3.0, -8.0, -4.0; 8
-2.0, -8.0, -4.0; 46
-1.0, -8.0, -4.0; 64
0.0, -8.0, -4.0; 27
1.0, -8.0, -4.0; 9
2.0, -8.0, -4.0; 12
3.0, -8.0, -4.0; 6
4.0, -8.0, -4.0; 10
5.0, -8.0, -4.0; 3
6.0, -8.0, -4.0; 1
-7.0, -7.0, -4.0; 1
-6.0, -7.0, -4.0; 2
-4.0, -7.0, -4.0; 5
-3.0, -7.0, -4.0; 5
-2.0, -7.0, -4.0; 9
-1.0, -7.0, -4.0; 42
0.0, -7.0, -4.0; 67
1.0, -7.0, -4.0; 34
2.0, -7.0, -4.0; 13
3.0, -7.0, -4.0; 5
4.0, -7.0, -4.0; 3
5.0, -7.0, -4.0; 9
6.0, -7.0, -4.0; 3
-8.0, -6.0, -4.0; 5
-7.0, -6.0, -4.0; 5
-6.0, -6.0, -4.0; 2
-4.0, -6.0, -4.0; 3
-3.0, -6.0, -4.0; 1
-2.0, -6.0, -4.0; 5
-1.0, -6.0, -4.0; 16
0.0, -6.0, -4.0; 42
1.0, -6.0, -4.0; 118
2.0, -6.0, -4.0; 22
3.0, -6.0, -4.0; 10
4.0, -6.0, -4.0; 3
5.0, -6.0, -4.0; 4
6.0, -6.0, -4.0; 1
-9.0, -5.0, -4.0; 2
-8.0, -5.0, -4.0; 7
-7.0, -5.0, -4.0; 5
-6.0, -5.0, -4.0; 4
-4.0, -5.0, -4.0; 3
-3.0, -5.0, -4.0; 10
-2.0, -5.0, -4.0; 46
-1.0, -5.0, -4.0; 212
0.0, -5.0, -4.0; 48
1.0, -5.0, -4.0; 67
2.0, -5.0, -4.0; 41
3.0, -5.0, -4.0; 6
4.0, -5.0, -4.0; 4
5.0, -5.0, -4.0; 3
-9.0, -4.0, -4.0; 4
-8.0, -4.0, -4.0; 8
-7.0, -4.0, -4.0; 5
-6.0, -4.0, -4.0; 2
-5.0, -4.0, -4.0; 5
-4.0, -4.0, -4.0; 58
-3.0, -4.0, -4.0; 44
-2.0, -4.0, -4.0; 57
-1.0, -4.0, -4.0; 96
0.0, -4.0, -4.0; 15
1.0, -4.0, -4.0; 71
2.0, -4.0, -4.0; 60
3.0, -4.0, -4.0; 9
4.0, -4.0, -4.0; 1
5.0, -4.0, -4.0; 6
6.0, -4.0, -4.0; 3
7.0, -4.0, -4.0; 2
8.0, -4.0, -4.0; 1
-10.0, -3.0, -4.0; 1
-9.0, -3.0, -4.0; 6
-8.0, -3.0, -4.0; 8
-7.0, -3.0, -4.0; 5
-6.0, -3.0, -4.0; 3
-5.0, -3.0, -4.0; 28
-4.0, -3.0, -4.0; 234
-3.0, -3.0, -4.0; 120
-2.0, -3.0, -4.0; 8
0.0, -3.0, -4.0; 8
1.0, -3.0, -4.0; 269
2.0, -3.0, -4.0; 63
3.0, -3.0, -4.0; 1
4.0, -3.0, -4.0; 1
5.0, -3.0, -4.0; 3
7.0, -3.0, -4.0; 1
-10.0, -2.0, -4.0; 1
-9.0, -2.0, -4.0; 2
-8.0, -2.0, -4.0; 6
-7.0, -2.0, -4.0; 4
-6.0, -2.0, -4.0; 5
-5.0, -2.0, -4.0; 14
-4.0, -2.0, -4.0; 57
-3.0, -2.0, -4.0; 26
0.0, -2.0, -4.0; 1
1.0, -2.0, -4.0; 2
2.0, -2.0, -4.0; 8
3.0, -2.0, -4.0; 2
4.0, -2.0, -4.0; 2
6.0, -2.0, -4.0; 1
-9.0, -1.0, -4.0; 4
-8.0, -1.0, -4.0; 3
-7.0, -1.0, -4.0; 5
-6.0, -1.0, -4.0; 2
-5.0, -1.0, -4.0; 2
-4.0, -1.0, -4.0; 9
-3.0, -1.0, -4.0; 5
4.0, -1.0, -4.0; 3
5.0, -1.0, -4.0; 1
6.0, -1.0, -4.0; 1
-9.0, 0.0, -4.0; 6
-8.0, 0.0, -4.0; 10
-7.0, 0.0, -4.0; 10
-6.0, 0.0, -4.0; 4
-5.0, 0.0, -4.0; 8
-4.0, 0.0, -4.0; 14
-3.0, 0.0, -4.0; 5
3.0, 0.0, -4.0; 1
5.0, 0.0, -4.0; 4
-9.0, 1.0, -4.0; 1
-8.0, 1.0, -4.0; 5
-7.0, 1.0, -4.0; 3
-6.0, 1.0, -4.0; 21
-5.0, 1.0, -4.0; 10
-4.0, 1.0, -4.0; 7
1.0, 1.0, -4.0; 2
2.0, 1.0, -4.0; 2
3.0, 1.0, -4.0; 1
4.0, 1.0, -4.0; 1
5.0, 1.0, -4.0; 2
6.0, 1.0, -4.0; 1
-9.0, 2.0, -4.0; 6
-8.0, 2.0, -4.0; 8
-7.0, 2.0, -4.0; 5
-6.0, 2.0, -4.0; 55
-5.0, 2.0, -4.0; 13
-4.0, 2.0, -4.0; 6
-3.0, 2.0, -4.0; 2
0.0, 2.0, -4.0; 2
1.0, 2.0, -4.0; 1
2.0, 2.0, -4.0; 4
3.0, 2.0, -4.0; 6
4.0, 2.0, -4.0; 6
6.0, 2.0, -4.0; 1
-9.0, 3.0, -4.0; 4
-8.0, 3.0, -4.0; 6
-7.0, 3.0, -4.0; 2
-6.0, 3.0, -4.0; 15
-5.0, 3.0, -4.0; 10
-4.0, 3.0, -4.0; 6
-1.0, 3.0, -4.0; 3
0.0, 3.0, -4.0; 4
1.0, 3.0, -4.0; 12
2.0, 3.0, -4.0; 5
3.0, 3.0, -4.0; 12
4.0, 3.0, -4.0; 6
5.0, 3.0, -4.0; 2
6.0, 3.0, -4.0; 2
7.0, 3.0, -4.0; 1
-9.0, 4.0, -4.0; 1
-8.0, 4.0, -4.0; 7
-7.0, 4.0, -4.0; 1
-6.0, 4.0, -4.0; 3
-5.0, 4.0, -4.0; 2
-3.0, 4.0, -4.0; 8
-2.0, 4.0, -4.0; 44
-1.0, 4.0, -4.0; 45
0.0, 4.0, -4.0; 50
1.0, 4.0, -4.0; 27
2.0, 4.0, -4.0; 6
3.0, 4.0, -4.0; 9
4.0, 4.0, -4.0; 5
5.0, 4.0, -4.0; 1
-8.0, 5.0, -4.0; 5
-7.0, 5.0, -4.0; 5
-6.0, 5.0, -4.0; 5
-5.0, 5.0, -4.0; 2
-3.0, 5.0, -4.0; 5
-2.0, 5.0, -4.0; 113
-1.0, 5.0, -4.0; 153
0.0, 5.0, -4.0; 37
1.0, 5.0, -4.0; 7
2.0, 5.0, -4.0; 1
3.0, 5.0, -4.0; 9
4.0, 5.0, -4.0; 4
6.0, 5.0, -4.0; 5
7.0, 5.0, -4.0; 3
-7.0, 6.0, -4.0; 4
-6.0, 6.0, -4.0; 6
-5.0, 6.0, -4.0; 6
-4.0, 6.0, -4.0; 1
-2.0, 6.0, -4.0; 3
-1.0, 6.0, -4.0; 6
0.0, 6.0, -4.0; 5
1.0, 6.0, -4.0; 2
2.0, 6.0, -4.0; 4
3.0, 6.0, -4.0; 10
4.0, 6.0, -4.0; 1
5.0, 6.0, -4.0; 2
6.0, 6.0, -4.0; 6
-6.0, 7.0, -4.0; 1
-5.0, 7.0, -4.0; 3
-4.0, 7.0, -4.0; 9
-3.0, 7.0, -4.0; 7
-2.0, 7.0, -4.0; 6
-1.0, 7.0, -4.0; 12
0.0, 7.0, -4.0; 11
1.0, 7.0, -4.0; 10
2.0, 7.0, -4.0; 8
3.0, 7.0, -4.0; 3
4.0, 7.0, -4.0; 7
5.0, 7.0, -4.0; 2
-4.0, 8.0, -4.0; 3
-3.0, 8.0, -4.0; 7
-2.0, 8.0, -4.0; 13
-1.0, 8.0, -4.0; 18
0.0, 8.0, -4.0; 17
1.0, 8.0, -4.0; 15
2.0, 8.0, -4.0; 10
3.0, 8.0, -4.0; 3
4.0, 8.0, -4.0; 2
-2.0, 9.0, -4.0; 7
-1.0, 9.0, -4.0; 13
0.0, 9.0, -4.0; 13
1.0, 9.0, -4.0; 4
2.0, 9.0, -4.0; 2
-4.0, -10.0, -3.0; 2
-3.0, -10.0, -3.0; 11
-2.0, -10.0, -3.0; 25
-1.0, -10.0, -3.0; 38
0.0, -10.0, -3.0; 29
1.0, -10.0, -3.0; 19
2.0, -10.0, -3.0; 6
3.0, -10.0, -3.0; 1
-6.0, -9.0, -3.0; 2
-5.0, -9.0, -3.0; 4
-4.0, -9.0, -3.0; 11
-3.0, -9.0, -3.0; 7
-2.0, -9.0, -3.0; 14
-1.0, -9.0, -3.0; 26
0.0, -9.0, -3.0; 16
1.0, -9.0, -3.0; 35
2.0, -9.0, -3.0; 15
3.0, -9.0, -3.0; 9
4.0, -9.0, -3.0; 6
-7.0, -8.0, -3.0; 1
-6.0, -8.0, -3.0; 4
-5.0, -8.0, -3.0; 3
-4.0, -8.0, -3.0; 3
-3.0, -8.0, -3.0; 5
-2.0, -8.0, -3.0; 8
-1.0, -8.0, -3.0; 16
0.0, -8.0, -3.0; 23
1.0, -8.0, -3.0; 9
2.0, -8.0, -3.0; 8
3.0, -8.0, -3.0; 12
4.0, -8.0, -3.0; 9
5.0, -8.0, -3.0; 3
-7.0, -7.0, -3.0; 3
-6.0, -7.0, -3.0; 1
-5.0, -7.0, -3.0; 3
-2.0, -7.0, -3.0; 1
-1.0, -7.0, -3.0; 7
0.0, -7.0, -3.0; 80
1.0, -7.0, -3.0; 89
2.0, -7.0, -3.0; 13
3.0, -7.0, -3.0; 8
4.0, -7.0, -3.0; 3
5.0, -7.0, -3.0; 8
6.0, -7.0, -3.0; 5
7.0, -7.0, -3.0; 1
-8.0, -6.0, -3.0; 6
-7.0, -6.0, -3.0; 3
-6.0, -6.0, -3.0; 1
-5.0, -6.0, -3.0; 2
-2.0, -6.0, -3.0; 5
-1.0, -6.0, -3.0; 60
0.0, -6.0, -3.0; 174
1.0, -6.0, -3.0; 1734
2.0, -6.0, -3.0; 87
3.0, -6.0, -3.0; 12
4.0, -6.0, -3.0; 5
5.0, -6.0, -3.0; 6
6.0, -6.0, -3.0; 2
7.0, -6.0, -3.0; 2
8.0, -6.0, -3.0; 1
-9.0, -5.0, -3.0; 2
-8.0, -5.0, -3.0; 10
-7.0, -5.0, -3.0; 1
-6.0, -5.0, -3.0; 1
-3.0, -5.0, -3.0; 2
-2.0, -5.0, -3.0; 1
-1.0, -5.0, -3.0; 29
0.0, -5.0, -3.0; 89
1.0, -5.0, -3.0; 56
2.0, -5.0, -3.0; 73
3.0, -5.0, -3.0; 7
4.0, -5.0, -3.0; 9
5.0, -5.0, -3.0; 3
6.0, -5.0, -3.0; 2
7.0, -5.0, -3.0; 1
-9.0, -4.0, -3.0; 6
-8.0, -4.0, -3.0; 5
-7.0, -4.0, -3.0; 5
-6.0, -4.0, -3.0; 3
-5.0, -4.0, -3.0; 15
-4.0, -4.0, -3.0; 2
-3.0, -4.0, -3.0; 1
-2.0, -4.0, -3.0; 6
1.0, -4.0, -3.0; 8
2.0, -4.0, -3.0; 22
3.0, -4.0, -3.0; 6
4.0, -4.0, -3.0; 1
5.0, -4.0, -3.0; 1
-10.0, -3.0, -3.0; 3
-9.0, -3.0, -3.0; 4
-8.0, -3.0, -3.0; 2
-7.0, -3.0, -3.0; 2
-6.0, -3.0, -3.0; 13
-5.0, -3.0, -3.0; 52
-4.0, -3.0, -3.0; 4
-3.0, -3.0, -3.0; 22
1.0, -3.0, -3.0; 1
4.0, -3.0, -3.0; 1
5.0, -3.0, -3.0; 3
6.0, -3.0, -3.0; 1
7.0, -3.0, -3.0; 2
-10.0, -2.0, -3.0; 1
-9.0, -2.0, -3.0; 5
-8.0, -2.0, -3.0; 4
-7.0, -2.0, -3.0; 2
-6.0, -2.0, -3.0; 2
-5.0, -2.0, -3.0; 41
-4.0, -2.0, -3.0; 2
-3.0, -2.0, -3.0; 3
3.0, -2.0, -3.0; 2
4.0, -2.0, -3.0; 1
6.0, -2.0, -3.0; 1
7.0, -2.0, -3.0; 1
9.0, -2.0, -3.0; 1
-10.0, -1.0, -3.0; 1
-9.0, -1.0, -3.0; 4
-8.0, -1.0, -3.0; 5
-7.0, -1.0, -3.0; 8
-6.0, -1.0, -3.0; 5
-5.0, -1.0, -3.0; 5
-4.0, -1.0, -3.0; 1
6.0, -1.0, -3.0; 1
8.0, -1.0, -3.0; 1
-10.0, 0.0, -3.0; 2
-9.0, 0.0, -3.0; 5
-8.0, 0.0, -3.0; 9
-7.0, 0.0, -3.0; 1
-6.0, 0.0, -3.0; 15
-5.0, 0.0, -3.0; 8
-4.0, 0.0, -3.0; 1
4.0, 0.0, -3.0; 2
5.0, 0.0, -3.0; 2
6.0, 0.0, -3.0; 1
-10.0, 1.0, -3.0; 2
-9.0, 1.0, -3.0; 4
-8.0, 1.0, -3.0; 5
-7.0, 1.0, -3.0; 12
-6.0, 1.0, -3.0; 72
-5.0, 1.0, -3.0; 19
5.0, 1.0, -3.0; 2
6.0, 1.0, -3.0; 1
-9.0, 2.0, -3.0; 4
-8.0, 2.0, -3.0; 5
-7.0, 2.0, -3.0; 15
-6.0, 2.0, -3.0; 25
-5.0, 2.0, -3.0; 18
4.0, 2.0, -3.0; 1
5.0, 2.0, -3.0; 1
6.0, 2.0, -3.0; 1
7.0, 2.0, -3.0; 1
-9.0, 3.0, -3.0; 4
-8.0, 3.0, -3.0; 4
-6.0, 3.0, -3.0; 17
-5.0, 3.0, -3.0; 8
0.0, 3.0, -3.0; 1
2.0, 3.0, -3.0; 1
3.0, 3.0, -3.0; 6
4.0, 3.0, -3.0; 5
5.0, 3.0, -3.0; 1
6.0, 3.0, -3.0; 1
7.0, 3.0, -3.0; 1
8.0, 3.0, -3.0; 1
-9.0, 4.0, -3.0; 1
-8.0, 4.0, -3.0; 8
-7.0, 4.0, -3.0; 5
-5.0, 4.0, -3.0; 11
-4.0, 4.0, -3.0; 5
0.0, 4.0, -3.0; 25
1.0, 4.0, -3.0; 46
2.0, 4.0, -3.0; 16
3.0, 4.0, -3.0; 11
4.0, 4.0, -3.0; 10
5.0, 4.0, -3.0; 6
6.0, 4.0, -3.0; 4
8.0, 4.0, -3.0; 1
-8.0, 5.0, -3.0; 8
-7.0, 5.0, -3.0; 3
-6.0, 5.0, -3.0; 2
-3.0, 5.0, -3.0; 4
-2.0, 5.0, -3.0; 77
-1.0, 5.0, -3.0; 180
0.0, 5.0, -3.0; 98
1.0, 5.0, -3.0; 49
2.0, 5.0, -3.0; 6
3.0, 5.0, -3.0; 11
4.0, 5.0, -3.0; 7
5.0, 5.0, -3.0; 5
6.0, 5.0, -3.0; 4
7.0, 5.0, -3.0; 5
-7.0, 6.0, -3.0; 5
-6.0, 6.0, -3.0; 11
-5.0, 6.0, -3.0; 8
-4.0, 6.0, -3.0; 1
-3.0, 6.0, -3.0; 1
-2.0, 6.0, -3.0; 39
-1.0, 6.0, -3.0; 104
0.0, 6.0, -3.0; 60
1.0, 6.0, -3.0; 13
2.0, 6.0, -3.0; 5
3.0, 6.0, -3.0; 9
4.0, 6.0, -3.0; 1
5.0, 6.0, -3.0; 1
6.0, 6.0, -3.0; 6
-6.0, 7.0, -3.0; 4
-5.0, 7.0, -3.0; 9
-4.0, 7.0, -3.0; 17
-3.0, 7.0, -3.0; 5
-2.0, 7.0, -3.0; 4
-1.0, 7.0, -3.0; 6
0.0, 7.0, -3.0; 16
1.0, 7.0, -3.0; 19
2.0, 7.0, -3.0; 8
3.0, 7.0, -3.0; 6
4.0, 7.0, -3.0; 5
5.0, 7.0, -3.0; 8
6.0, 7.0, -3.0; 1
-5.0, 8.0, -3.0; 5
-4.0, 8.0, -3.0; 23
-3.0, 8.0, -3.0; 50
-2.0, 8.0, -3.0; 52
-1.0, 8.0, -3.0; 27
0.0, 8.0, -3.0; 35
1.0, 8.0, -3.0; 19
2.0, 8.0, -3.0; 13
3.0, 8.0, -3.0; 5
4.0, 8.0, -3.0; 3
-3.0, 9.0, -3.0; 1
-2.0, 9.0, -3.0; 18
-1.0, 9.0, -3.0; 20
0.0, 9.0, -3.0; 41
1.0, 9.0, -3.0; 23
2.0, 9.0, -3.0; 2
-4.0, -10.0, -2.0; 10
-3.0, -10.0, -2.0; 44
-2.0, -10.0, -2.0; 83
-1.0, -10.0, -2.0; 94
0.0, -10.0, -2.0; 77
1.0, -10.0, -2.0; 50
2.0, -10.0, -2.0; 16
3.0, -10.0, -2.0; 1
-6.0, -9.0, -2.0; 2
-5.0, -9.0, -2.0; 12
-4.0, -9.0, -2.0; 11
-3.0, -9.0, -2.0; 7
-2.0, -9.0, -2.0; 14
-1.0, -9.0, -2.0; 13
0.0, -9.0, -2.0; 14
1.0, -9.0, -2.0; 24
2.0, -9.0, -2.0; 20
3.0, -9.0, -2.0; 13
4.0, -9.0, -2.0; 5
5.0, -9.0, -2.0; 1
-7.0, -8.0, -2.0; 7
-6.0, -8.0, -2.0; 10
-5.0, -8.0, -2.0; 4
-4.0, -8.0, -2.0; 4
-3.0, -8.0, -2.0; 2
-2.0, -8.0, -2.0; 3
-1.0, -8.0, -2.0; 7
0.0, -8.0, -2.0; 37
1.0, -8.0, -2.0; 15
2.0, -8.0, -2.0; 7
3.0, -8.0, -2.0; 8
4.0, -8.0, -2.0; 4
5.0, -8.0, -2.0; 5
6.0, -8.0, -2.0; 1
-8.0, -7.0, -2.0; 4
-7.0, -7.0, -2.0; 9
-6.0, -7.0, -2.0; 2
-5.0, -7.0, -2.0; 3
-4.0, -7.0, -2.0; 1
-2.0, -7.0, -2.0; 1
-1.0, -7.0, -2.0; 15
0.0, -7.0, -2.0; 49
1.0, -7.0, -2.0; 42
2.0, -7.0, -2.0; 10
3.0, -7.0, -2.0; 5
4.0, -7.0, -2.0; 7
5.0, -7.0, -2.0; 6
6.0, -7.0, -2.0; 1
-9.0, -6.0, -2.0; 1
-8.0, -6.0, -2.0; 2
-7.0, -6.0, -2.0; 3
-6.0, -6.0, -2.0; 1
-3.0, -6.0, -2.0; 2
-2.0, -6.0, -2.0; 1
-1.0, -6.0, -2.0; 27
0.0, -6.0, -2.0; 103
1.0, -6.0, -2.0; 282
2.0, -6.0, -2.0; 27
3.0, -6.0, -2.0; 7
4.0, -6.0, -2.0; 9
5.0, -6.0, -2.0; 9
6.0, -6.0, -2.0; 2
7.0, -6.0, -2.0; 1
-9.0, -5.0, -2.0; 3
-8.0, -5.0, -2.0; 14
-7.0, -5.0, -2.0; 1
-6.0, -5.0, -2.0; 2
-2.0, -5.0, -2.0; 1
-1.0, -5.0, -2.0; 1
0.0, -5.0, -2.0; 6
1.0, -5.0, -2.0; 4
2.0, -5.0, -2.0; 38
3.0, -5.0, -2.0; 12
4.0, -5.0, -2.0; 3
5.0, -5.0, -2.0; 2
6.0, -5.0, -2.0; 2
7.0, -5.0, -2.0; 2
-10.0, -4.0, -2.0; 2
-9.0, -4.0, -2.0; 4
-8.0, -4.0, -2.0; 6
-7.0, -4.0, -2.0; 3
-6.0, -4.0, -2.0; 6
-5.0, -4.0, -2.0; 5
1.0, -4.0, -2.0; 1
3.0, -4.0, -2.0; 3
6.0, -4.0, -2.0; 1
7.0, -4.0, -2.0; 2
-10.0, -3.0, -2.0; 1
-9.0, -3.0, -2.0; 12
-8.0, -3.0, -2.0; 1
-7.0, -3.0, -2.0; 7
-6.0, -3.0, -2.0; 12
-5.0, -3.0, -2.0; 10
-4.0, -3.0, -2.0; 2
5.0, -3.0, -2.0; 1
6.0, -3.0, -2.0; 3
-10.0, -2.0, -2.0; 3
-9.0, -2.0, -2.0; 7
-8.0, -2.0, -2.0; 7
-7.0, -2.0, -2.0; 1
-6.0, -2.0, -2.0; 8
-5.0, -2.0, -2.0; 10
3.0, -2.0, -2.0; 2
-10.0, -1.0, -2.0; 2
-9.0, -1.0, -2.0; 3
-8.0, -1.0, -2.0; 8
-7.0, -1.0, -2.0; 2
-6.0, -1.0, -2.0; 2
6.0, -1.0, -2.0; 1
7.0, -1.0, -2.0; 1
-10.0, 0.0, -2.0; 1
-9.0, 0.0, -2.0; 3
-8.0, 0.0, -2.0; 4
-7.0, 0.0, -2.0; 4
-6.0, 0.0, -2.0; 22
-5.0, 0.0, -2.0; 4
6.0, 0.0, -2.0; 1
-10.0, 1.0, -2.0; 1
-9.0, 1.0, -2.0; 5
-8.0, 1.0, -2.0; 1
-7.0, 1.0, -2.0; 2
-6.0, 1.0, -2.0; 927
-5.0, 1.0, -2.0; 106
4.0, 1.0, -2.0; 2
6.0, 1.0, -2.0; 2
7.0, 1.0, -2.0; 1
-10.0, 2.0, -2.0; 3
-9.0, 2.0, -2.0; 3
-8.0, 2.0, -2.0; 3
-7.0, 2.0, -2.0; 10
-6.0, 2.0, -2.0; 90
-5.0, 2.0, -2.0; 47
-4.0, 2.0, -2.0; 1
3.0, 2.0, -2.0; 1
6.0, 2.0, -2.0; 2
7.0, 2.0, -2.0; 1
-10.0, 3.0, -2.0; 1
-9.0, 3.0, -2.0; 6
-8.0, 3.0, -2.0; 4
-7.0, 3.0, -2.0; 9
-6.0, 3.0, -2.0; 24
-5.0, 3.0, -2.0; 10
-2.0, 3.0, -2.0; 1
4.0, 3.0, -2.0; 2
5.0, 3.0, -2.0; 2
6.0, 3.0, -2.0; 6
7.0, 3.0, -2.0; 1
-9.0, 4.0, -2.0; 6
-8.0, 4.0, -2.0; 7
-7.0, 4.0, -2.0; 4
-6.0, 4.0, -2.0; 7
-5.0, 4.0, -2.0; 13
-4.0, 4.0, -2.0; 1
-2.0, 4.0, -2.0; 1
-1.0, 4.0, -2.0; 3
1.0, 4.0, -2.0; 7
2.0, 4.0, -2.0; 16
3.0, 4.0, -2.0; 13
4.0, 4.0, -2.0; 17
5.0, 4.0, -2.0; 5
6.0, 4.0, -2.0; 1
7.0, 4.0, -2.0; 2
-9.0, 5.0, -2.0; 1
-8.0, 5.0, -2.0; 5
-7.0, 5.0, -2.0; 6
-6.0, 5.0, -2.0; 2
-5.0, 5.0, -2.0; 2
-4.0, 5.0, -2.0; 1
-3.0, 5.0, -2.0; 3
-2.0, 5.0, -2.0; 5
-1.0, 5.0, -2.0; 18
0.0, 5.0, -2.0; 142
1.0, 5.0, -2.0; 85
2.0, 5.0, -2.0; 12
3.0, 5.0, -2.0; 14
4.0, 5.0, -2.0; 8
5.0, 5.0, -2.0; 2
6.0, 5.0, -2.0; 1
8.0, 5.0, -2.0; 1
-8.0, 6.0, -2.0; 5
-7.0, 6.0, -2.0; 12
-6.0, 6.0, -2.0; 27
-5.0, 6.0, -2.0; 8
-4.0, 6.0, -2.0; 2
-3.0, 6.0, -2.0; 6
-2.0, 6.0, -2.0; 81
-1.0, 6.0, -2.0; 216
0.0, 6.0, -2.0; 192
1.0, 6.0, -2.0; 33
2.0, 6.0, -2.0; 5
3.0, 6.0, -2.0; 7
4.0, 6.0, -2.0; 1
5.0, 6.0, -2.0; 1
6.0, 6.0, -2.0; 6
7.0, 6.0, -2.0; 1
-7.0, 7.0, -2.0; 2
-6.0, 7.0, -2.0; 21
-5.0, 7.0, -2.0; 22
-4.0, 7.0, -2.0; 16
-3.0, 7.0, -2.0; 12
-2.0, 7.0, -2.0; 7
-1.0, 7.0, -2.0; 11
0.0, 7.0, -2.0; 17
1.0, 7.0, -2.0; 20
2.0, 7.0, -2.0; 12
3.0, 7.0, -2.0; 3
4.0, 7.0, -2.0; 3
5.0, 7.0, -2.0; 9
6.0, 7.0, -2.0; 1
-6.0, 8.0, -2.0; 1
-5.0, 8.0, -2.0; 5
-4.0, 8.0, -2.0; 17
-3.0, 8.0, -2.0; 50
-2.0, 8.0, -2.0; 42
-1.0, 8.0, -2.0; 64
0.0, 8.0, -2.0; 67
1.0, 8.0, -2.0; 43
2.0, 8.0, -2.0; 12
3.0, 8.0, -2.0; 15
4.0, 8.0, -2.0; 9
5.0, 8.0, -2.0; 5
-4.0, 9.0, -2.0; 4
-3.0, 9.0, -2.0; 15
-2.0, 9.0, -2.0; 36
-1.0, 9.0, -2.0; 55
0.0, 9.0, -2.0; 57
1.0, 9.0, -2.0; 37
2.0, 9.0, -2.0; 11
3.0, 9.0, -2.0; 1
-5.0, -10.0, -1.0; 2
-4.0, -10.0, -1.0; 15
-3.0, -10.0, -1.0; 49
-2.0, -10.0, -1.0; 77
-1.0, -10.0, -1.0; 88
0.0, -10.0, -1.0; 81
1.0, -10.0, -1.0; 57
2.0, -10.0, -1.0; 15
3.0, -10.0, -1.0; 3
-6.0, -9.0, -1.0; 11
-5.0, -9.0, -1.0; 22
-4.0, -9.0, -1.0; 8
-3.0, -9.0, -1.0; 7
-2.0, -9.0, -1.0; 14
-1.0, -9.0, -1.0; 6
0.0, -9.0, -1.0; 12
1.0, -9.0, -1.0; 24
2.0, -9.0, -1.0; 17
3.0, -9.0, -1.0; 14
4.0, -9.0, -1.0; 7
5.0, -9.0, -1.0; 1
-7.0, -8.0, -1.0; 11
-6.0, -8.0, -1.0; 7
-5.0, -8.0, -1.0; 5
-4.0, -8.0, -1.0; 3
-3.0, -8.0, -1.0; 4
-2.0, -8.0, -1.0; 17
-1.0, -8.0, -1.0; 38
0.0, -8.0, -1.0; 19
1.0, -8.0, -1.0; 8
2.0, -8.0, -1.0; 7
3.0, -8.0, -1.0; 12
4.0, -8.0, -1.0; 6
5.0, -8.0, -1.0; 6
6.0, -8.0, -1.0; 1
-8.0, -7.0, -1.0; 4
-7.0, -7.0, -1.0; 8
-6.0, -7.0, -1.0; 6
-3.0, -7.0, -1.0; 12
-2.0, -7.0, -1.0; 38
-1.0, -7.0, -1.0; 137
0.0, -7.0, -1.0; 182
1.0, -7.0, -1.0; 29
2.0, -7.0, -1.0; 8
3.0, -7.0, -1.0; 3
4.0, -7.0, -1.0; 12
5.0, -7.0, -1.0; 9
6.0, -7.0, -1.0; 2
-9.0, -6.0, -1.0; 2
-8.0, -6.0, -1.0; 8
-7.0, -6.0, -1.0; 6
-5.0, -6.0, -1.0; 1
-3.0, -6.0, -1.0; 3
-2.0, -6.0, -1.0; 6
-1.0, -6.0, -1.0; 14
0.0, -6.0, -1.0; 63
1.0, -6.0, -1.0; 30
2.0, -6.0, -1.0; 17
3.0, -6.0, -1.0; 12
4.0, -6.0, -1.0; 9
5.0, -6.0, -1.0; 1
7.0, -6.0, -1.0; 1
-9.0, -5.0, -1.0; 5
-8.0, -5.0, -1.0; 6
-7.0, -5.0, -1.0; 4
-6.0, -5.0, -1.0; 14
-4.0, -5.0, -1.0; 1
-2.0, -5.0, -1.0; 1
-1.0, -5.0, -1.0; 2
1.0, -5.0, -1.0; 4
2.0, -5.0, -1.0; 13
3.0, -5.0, -1.0; 6
4.0, -5.0, -1.0; 3
5.0, -5.0, -1.0; 1
6.0, -5.0, -1.0; 2
7.0, -5.0, -1.0; 2
-10.0, -4.0, -1.0; 2
-9.0, -4.0, -1.0; 12
-8.0, -4.0, -1.0; 5
-7.0, -4.0, -1.0; 14
-6.0, -4.0, -1.0; 4
-5.0, -4.0, -1.0; 5
3.0, -4.0, -1.0; 1
6.0, -4.0, -1.0; 2
7.0, -4.0, -1.0; 2
-10.0, -3.0, -1.0; 4
-9.0, -3.0, -1.0; 13
-8.0, -3.0, -1.0; 5
-7.0, -3.0, -1.0; 5
-6.0, -3.0, -1.0; 5
-5.0, -3.0, -1.0; 1
-10.0, -2.0, -1.0; 2
-9.0, -2.0, -1.0; 2
-8.0, -2.0, -1.0; 8
-7.0, -2.0, -1.0; 1
-6.0, -2.0, -1.0; 3
-5.0, -2.0, -1.0; 4
-10.0, -1.0, -1.0; 2
-9.0, -1.0, -1.0; 4
-8.0, -1.0, -1.0; 6
-7.0, -1.0, -1.0; 6
-6.0, -1.0, -1.0; 3
-5.0, -1.0, -1.0; 1
7.0, -1.0, -1.0; 1
-10.0, 0.0, -1.0; 1
-9.0, 0.0, -1.0; 2
-8.0, 0.0, -1.0; 5
-7.0, 0.0, -1.0; 7
-6.0, 0.0, -1.0; 17
-10.0, 1.0, -1.0; 1
-9.0, 1.0, -1.0; 2
-8.0, 1.0, -1.0; 3
-7.0, 1.0, -1.0; 3
-6.0, 1.0, -1.0; 2032
-5.0, 1.0, -1.0; 273
4.0, 1.0, -1.0; 1
6.0, 1.0, -1.0; 1
7.0, 1.0, -1.0; 1
-10.0, 2.0, -1.0; 1
-9.0, 2.0, -1.0; 2
-8.0, 2.0, -1.0; 2
-7.0, 2.0, -1.0; 6
-6.0, 2.0, -1.0; 174
-5.0, 2.0, -1.0; 135
4.0, 2.0, -1.0; 2
5.0, 2.0, -1.0; 1
6.0, 2.0, -1.0; 2
7.0, 2.0, -1.0; 1
9.0, 2.0, -1.0; 2
-9.0, 3.0, -1.0; 6
-8.0, 3.0, -1.0; 3
-7.0, 3.0, -1.0; 4
-6.0, 3.0, -1.0; 17
-5.0, 3.0, -1.0; 9
4.0, 3.0, -1.0; 2
5.0, 3.0, -1.0; 1
6.0, 3.0, -1.0; 1
-9.0, 4.0, -1.0; 2
-8.0, 4.0, -1.0; 11
-7.0, 4.0, -1.0; 8
-6.0, 4.0, -1.0; 10
-5.0, 4.0, -1.0; 19
-1.0, 4.0, -1.0; 2
2.0, 4.0, -1.0; 4
3.0, 4.0, -1.0; 7
4.0, 4.0, -1.0; 9
5.0, 4.0, -1.0; 1
7.0, 4.0, -1.0; 2
8.0, 4.0, -1.0; 1
-9.0, 5.0, -1.0; 2
-8.0, 5.0, -1.0; 12
-7.0, 5.0, -1.0; 6
-6.0, 5.0, -1.0; 3
-5.0, 5.0, -1.0; 6
-4.0, 5.0, -1.0; 19
-3.0, 5.0, -1.0; 5
-1.0, 5.0, -1.0; 23
0.0, 5.0, -1.0; 83
1.0, 5.0, -1.0; 100
2.0, 5.0, -1.0; 14
3.0, 5.0, -1.0; 13
4.0, 5.0, -1.0; 13
5.0, 5.0, -1.0; 2
6.0, 5.0, -1.0; 3
7.0, 5.0, -1.0; 1
8.0, 5.0, -1.0; 1
-8.0, 6.0, -1.0; 7
-7.0, 6.0, -1.0; 65
-6.0, 6.0, -1.0; 554
-5.0, 6.0, -1.0; 115
-4.0, 6.0, -1.0; 7
-3.0, 6.0, -1.0; 17
-2.0, 6.0, -1.0; 93
-1.0, 6.0, -1.0; 317
0.0, 6.0, -1.0; 408
1.0, 6.0, -1.0; 119
2.0, 6.0, -1.0; 5
3.0, 6.0, -1.0; 14
4.0, 6.0, -1.0; 7
5.0, 6.0, -1.0; 5
6.0, 6.0, -1.0; 5
7.0, 6.0, -1.0; 2
-7.0, 7.0, -1.0; 7
-6.0, 7.0, -1.0; 38
-5.0, 7.0, -1.0; 116
-4.0, 7.0, -1.0; 28
-3.0, 7.0, -1.0; 13
-2.0, 7.0, -1.0; 13
-1.0, 7.0, -1.0; 52
0.0, 7.0, -1.0; 23
1.0, 7.0, -1.0; 11
2.0, 7.0, -1.0; 23
3.0, 7.0, -1.0; 9
4.0, 7.0, -1.0; 4
5.0, 7.0, -1.0; 4
6.0, 7.0, -1.0; 4
-6.0, 8.0, -1.0; 4
-5.0, 8.0, -1.0; 16
-4.0, 8.0, -1.0; 22
-3.0, 8.0, -1.0; 35
-2.0, 8.0, -1.0; 50
-1.0, 8.0, -1.0; 61
0.0, 8.0, -1.0; 80
1.0, 8.0, -1.0; 36
2.0, 8.0, -1.0; 11
3.0, 8.0, -1.0; 6
4.0, 8.0, -1.0; 3
5.0, 8.0, -1.0; 1
-4.0, 9.0, -1.0; 10
-3.0, 9.0, -1.0; 35
-2.0, 9.0, -1.0; 65
-1.0, 9.0, -1.0; 96
0.0, 9.0, -1.0; 73
1.0, 9.0, -1.0; 31
2.0, 9.0, -1.0; 7
3.0, 9.0, -1.0; 2
-5.0, -10.0, 0.0; 2
-4.0, -10.0, 0.0; 12
-3.0, -10.0, 0.0; 36
-2.0, -10.0, 0.0; 36
-1.0, -10.0, 0.0; 55
0.0, -10.0, 0.0; 41
1.0, -10.0, 0.0; 24
2.0, -10.0, 0.0; 4
3.0, -10.0, 0.0; 3
-6.0, -9.0, 0.0; 6
-5.0, -9.0, 0.0; 19
-4.0, -9.0, 0.0; 13
-3.0, -9.0, 0.0; 13
-2.0, -9.0, 0.0; 13
-1.0, -9.0, 0.0; 8
0.0, -9.0, 0.0; 12
1.0, -9.0, 0.0; 14
2.0, -9.0, 0.0; 9
3.0, -9.0, 0.0; 6
4.0, -9.0, 0.0; 7
5.0, -9.0, 0.0; 1
-7.0, -8.0, 0.0; 6
-6.0, -8.0, 0.0; 13
-5.0, -8.0, 0.0; 8
-4.0, -8.0, 0.0; 2
-3.0, -8.0, 0.0; 1
-2.0, -8.0, 0.0; 55
-1.0, -8.0, 0.0; 46
0.0, -8.0, 0.0; 10
1.0, -8.0, 0.0; 11
2.0, -8.0, 0.0; 12
3.0, -8.0, 0.0; 3
4.0, -8.0, 0.0; 4
5.0, -8.0, 0.0; 6
6.0, -8.0, 0.0; 2
-8.0, -7.0, 0.0; 5
-7.0, -7.0, 0.0; 15
-6.0, -7.0, 0.0; 2
-5.0, -7.0, 0.0; 5
-4.0, -7.0, 0.0; 60
-3.0, -7.0, 0.0; 165
-2.0, -7.0, 0.0; 339
-1.0, -7.0, 0.0; 418
0.0, -7.0, 0.0; 258
1.0, -7.0, 0.0; 31
2.0, -7.0, 0.0; 16
3.0, -7.0, 0.0; 15
4.0, -7.0, 0.0; 16
5.0, -7.0, 0.0; 5
-8.0, -6.0, 0.0; 9
-7.0, -6.0, 0.0; 8
-6.0, -6.0, 0.0; 4
-5.0, -6.0, 0.0; 25
-4.0, -6.0, 0.0; 4
-3.0, -6.0, 0.0; 5
-2.0, -6.0, 0.0; 1
-1.0, -6.0, 0.0; 29
0.0, -6.0, 0.0; 70
1.0, -6.0, 0.0; 20
2.0, -6.0, 0.0; 9
3.0, -6.0, 0.0; 12
4.0, -6.0, 0.0; 14
5.0, -6.0, 0.0; 5
6.0, -6.0, 0.0; 2
7.0, -6.0, 0.0; 1
8.0, -6.0, 0.0; 1
-9.0, -5.0, 0.0; 3
-8.0, -5.0, 0.0; 13
-7.0, -5.0, 0.0; 1
-6.0, -5.0, 0.0; 59
-5.0, -5.0, 0.0; 3
-4.0, -5.0, 0.0; 2
-3.0, -5.0, 0.0; 2
-1.0, -5.0, 0.0; 3
0.0, -5.0, 0.0; 1
1.0, -5.0, 0.0; 1
2.0, -5.0, 0.0; 13
3.0, -5.0, 0.0; 1
4.0, -5.0, 0.0; 2
5.0, -5.0, 0.0; 2
6.0, -5.0, 0.0; 1
-10.0, -4.0, 0.0; 2
-9.0, -4.0, 0.0; 13
-8.0, -4.0, 0.0; 12
-7.0, -4.0, 0.0; 11
-6.0, -4.0, 0.0; 15
-5.0, -4.0, 0.0; 1
-4.0, -4.0, 0.0; 1
2.0, -4.0, 0.0; 2
3.0, -4.0, 0.0; 1
5.0, -4.0, 0.0; 1
6.0, -4.0, 0.0; 2
7.0, -4.0, 0.0; 1
-9.0, -3.0, 0.0; 10
-8.0, -3.0, 0.0; 10
-7.0, -3.0, 0.0; 2
-6.0, -3.0, 0.0; 3
-5.0, -3.0, 0.0; 4
-10.0, -2.0, 0.0; 6
-9.0, -2.0, 0.0; 4
-8.0, -2.0, 0.0; 11
-7.0, -2.0, 0.0; 3
-6.0, -2.0, 0.0; 5
-5.0, -2.0, 0.0; 1
6.0, -2.0, 0.0; 2
8.0, -2.0, 0.0; 1
-10.0, -1.0, 0.0; 2
-9.0, -1.0, 0.0; 2
-8.0, -1.0, 0.0; 3
-7.0, -1.0, 0.0; 3
-6.0, -1.0, 0.0; 6
-9.0, 0.0, 0.0; 2
-8.0, 0.0, 0.0; 2
-7.0, 0.0, 0.0; 6
-6.0, 0.0, 0.0; 5
-5.0, 0.0, 0.0; 1
4.0
16.285756069
