5.0, 0.0, 0.0; 1
6.0, 0.0, 0.0; 1
7.0, 0.0, 0.0; 2
-9.0, 1.0, 0.0; 4
-8.0, 1.0, 0.0; 1
-7.0, 1.0, 0.0; 2
-6.0, 1.0, 0.0; 65
-5.0, 1.0, 0.0; 30
4.0, 1.0, 0.0; 1
7.0, 1.0, 0.0; 1
-10.0, 2.0, 0.0; 2
-9.0, 2.0, 0.0; 4
-8.0, 2.0, 0.0; 3
-7.0, 2.0, 0.0; 4
-6.0, 2.0, 0.0; 28
-5.0, 2.0, 0.0; 78
5.0, 2.0, 0.0; 1
7.0, 2.0, 0.0; 3
8.0, 2.0, 0.0; 1
-9.0, 3.0, 0.0; 4
-8.0, 3.0, 0.0; 4
-7.0, 3.0, 0.0; 2
-6.0, 3.0, 0.0; 7
-5.0, 3.0, 0.0; 10
3.0, 3.0, 0.0; 1
5.0, 3.0, 0.0; 2
6.0, 3.0, 0.0; 6
7.0, 3.0, 0.0; 2
8.0, 3.0, 0.0; 1
-9.0, 4.0, 0.0; 1
-8.0, 4.0, 0.0; 7
-6.0, 4.0, 0.0; 5
-5.0, 4.0, 0.0; 3
-4.0, 4.0, 0.0; 3
1.0, 4.0, 0.0; 4
2.0, 4.0, 0.0; 3
3.0, 4.0, 0.0; 3
4.0, 4.0, 0.0; 13
5.0, 4.0, 0.0; 11
6.0, 4.0, 0.0; 7
7.0, 4.0, 0.0; 1
8.0, 4.0, 0.0; 2
-9.0, 5.0, 0.0; 2
-8.0, 5.0, 0.0; 18
-7.0, 5.0, 0.0; 12
-6.0, 5.0, 0.0; 3
-5.0, 5.0, 0.0; 4
-4.0, 5.0, 0.0; 7
-3.0, 5.0, 0.0; 38
-2.0, 5.0, 0.0; 27
-1.0, 5.0, 0.0; 9
0.0, 5.0, 0.0; 57
1.0, 5.0, 0.0; 64
2.0, 5.0, 0.0; 10
3.0, 5.0, 0.0; 32
4.0, 5.0, 0.0; 79
5.0, 5.0, 0.0; 37
6.0, 5.0, 0.0; 3
7.0, 5.0, 0.0; 5
-8.0, 6.0, 0.0; 1
-7.0, 6.0, 0.0; 85
-6.0, 6.0, 0.0; 526
-5.0, 6.0, 0.0; 58
-4.0, 6.0, 0.0; 18
-3.0, 6.0, 0.0; 59
-2.0, 6.0, 0.0; 167
-1.0, 6.0, 0.0; 385
0.0, 6.0, 0.0; 376
1.0, 6.0, 0.0; 52
2.0, 6.0, 0.0; 29
3.0, 6.0, 0.0; 51
4.0, 6.0, 0.0; 68
5.0, 6.0, 0.0; 8
6.0, 6.0, 0.0; 4
7.0, 6.0, 0.0; 3
-7.0, 7.0, 0.0; 8
-6.0, 7.0, 0.0; 80
-5.0, 7.0, 0.0; 83
-4.0, 7.0, 0.0; 8
-3.0, 7.0, 0.0; 6
-2.0, 7.0, 0.0; 37
-1.0, 7.0, 0.0; 110
0.0, 7.0, 0.0; 39
1.0, 7.0, 0.0; 6
2.0, 7.0, 0.0; 13
3.0, 7.0, 0.0; 15
4.0, 7.0, 0.0; 9
5.0, 7.0, 0.0; 7
-6.0, 8.0, 0.0; 5
-5.0, 8.0, 0.0; 8
-4.0, 8.0, 0.0; 10
-3.0, 8.0, 0.0; 12
-2.0, 8.0, 0.0; 8
-1.0, 8.0, 0.0; 13
0.0, 8.0, 0.0; 16
1.0, 8.0, 0.0; 13
2.0, 8.0, 0.0; 7
3.0, 8.0, 0.0; 4
4.0, 8.0, 0.0; 3
5.0, 8.0, 0.0; 4
-4.0, 9.0, 0.0; 8
-3.0, 9.0, 0.0; 55
-2.0, 9.0, 0.0; 155
-1.0, 9.0, 0.0; 196
0.0, 9.0, 0.0; 108
1.0, 9.0, 0.0; 37
2.0, 9.0, 0.0; 6
3.0, 9.0, 0.0; 3
-4.0, -10.0, 1.0; 7
-3.0, -10.0, 1.0; 21
-2.0, -10.0, 1.0; 38
-1.0, -10.0, 1.0; 46
0.0, -10.0, 1.0; 23
1.0, -10.0, 1.0; 12
2.0, -10.0, 1.0; 2
3.0, -10.0, 1.0; 1
-6.0, -9.0, 1.0; 2
-5.0, -9.0, 1.0; 10
-4.0, -9.0, 1.0; 12
-3.0, -9.0, 1.0; 10
-2.0, -9.0, 1.0; 10
-1.0, -9.0, 1.0; 6
0.0, -9.0, 1.0; 7
1.0, -9.0, 1.0; 12
2.0, -9.0, 1.0; 10
3.0, -9.0, 1.0; 4
4.0, -9.0, 1.0; 4
-7.0, -8.0, 1.0; 4
-6.0, -8.0, 1.0; 10
-5.0, -8.0, 1.0; 3
-4.0, -8.0, 1.0; 3
-3.0, -8.0, 1.0; 1
-2.0, -8.0, 1.0; 2
-1.0, -8.0, 1.0; 3
0.0, -8.0, 1.0; 13
1.0, -8.0, 1.0; 85
2.0, -8.0, 1.0; 56
3.0, -8.0, 1.0; 5
4.0, -8.0, 1.0; 7
5.0, -8.0, 1.0; 7
6.0, -8.0, 1.0; 2
-8.0, -7.0, 1.0; 4
-7.0, -7.0, 1.0; 10
-6.0, -7.0, 1.0; 6
-4.0, -7.0, 1.0; 76
-3.0, -7.0, 1.0; 239
-2.0, -7.0, 1.0; 521
-1.0, -7.0, 1.0; 516
0.0, -7.0, 1.0; 144
1.0, -7.0, 1.0; 68
2.0, -7.0, 1.0; 86
3.0, -7.0, 1.0; 47
4.0, -7.0, 1.0; 8
5.0, -7.0, 1.0; 6
6.0, -7.0, 1.0; 2
7.0, -7.0, 1.0; 2
-8.0, -6.0, 1.0; 8
-7.0, -6.0, 1.0; 6
-6.0, -6.0, 1.0; 1
-5.0, -6.0, 1.0; 64
-4.0, -6.0, 1.0; 118
-3.0, -6.0, 1.0; 107
-2.0, -6.0, 1.0; 106
-1.0, -6.0, 1.0; 109
0.0, -6.0, 1.0; 48
1.0, -6.0, 1.0; 4
2.0, -6.0, 1.0; 23
3.0, -6.0, 1.0; 21
4.0, -6.0, 1.0; 4
7.0, -6.0, 1.0; 2
-9.0, -5.0, 1.0; 1
-8.0, -5.0, 1.0; 8
-7.0, -5.0, 1.0; 3
-6.0, -5.0, 1.0; 41
-5.0, -5.0, 1.0; 55
-4.0, -5.0, 1.0; 7
-3.0, -5.0, 1.0; 2
-2.0, -5.0, 1.0; 3
-1.0, -5.0, 1.0; 3
1.0, -5.0, 1.0; 4
2.0, -5.0, 1.0; 3
3.0, -5.0, 1.0; 3
4.0, -5.0, 1.0; 4
5.0, -5.0, 1.0; 3
6.0, -5.0, 1.0; 2
7.0, -5.0, 1.0; 1
-9.0, -4.0, 1.0; 6
-8.0, -4.0, 1.0; 7
-7.0, -4.0, 1.0; 2
-6.0, -4.0, 1.0; 28
-5.0, -4.0, 1.0; 4
-4.0, -4.0, 1.0; 2
5.0, -4.0, 1.0; 2
6.0, -4.0, 1.0; 1
7.0, -4.0, 1.0; 1
-10.0, -3.0, 1.0; 2
-9.0, -3.0, 1.0; 4
-8.0, -3.0, 1.0; 9
-7.0, -3.0, 1.0; 1
-6.0, -3.0, 1.0; 1
4.0, -3.0, 1.0; 1
6.0, -3.0, 1.0; 1
8.0, -3.0, 1.0; 1
-10.0, -2.0, 1.0; 2
-9.0, -2.0, 1.0; 3
-8.0, -2.0, 1.0; 2
-7.0, -2.0, 1.0; 3
-6.0, -2.0, 1.0; 1
6.0, -2.0, 1.0; 1
8.0, -2.0, 1.0; 2
-10.0, -1.0, 1.0; 6
-9.0, -1.0, 1.0; 2
-8.0, -1.0, 1.0; 3
-7.0, -1.0, 1.0; 5
-6.0, -1.0, 1.0; 8
-5.0, -1.0, 1.0; 1
-10.0, 0.0, 1.0; 1
-9.0, 0.0, 1.0; 2
-8.0, 0.0, 1.0; 3
-7.0, 0.0, 1.0; 3
-6.0, 0.0, 1.0; 31
-5.0, 0.0, 1.0; 1
6.0, 0.0, 1.0; 1
-9.0, 1.0, 1.0; 2
-8.0, 1.0, 1.0; 3
-7.0, 1.0, 1.0; 2
-6.0, 1.0, 1.0; 6
-5.0, 1.0, 1.0; 13
6.0, 1.0, 1.0; 1
7.0, 1.0, 1.0; 1
8.0, 1.0, 1.0; 1
-9.0, 2.0, 1.0; 2
-7.0, 2.0, 1.0; 4
-6.0, 2.0, 1.0; 8
-5.0, 2.0, 1.0; 29
-4.0, 2.0, 1.0; 6
3.0, 2.0, 1.0; 2
4.0, 2.0, 1.0; 3
5.0, 2.0, 1.0; 2
6.0, 2.0, 1.0; 1
7.0, 2.0, 1.0; 1
8.0, 2.0, 1.0; 1
-9.0, 3.0, 1.0; 1
-8.0, 3.0, 1.0; 4
-7.0, 3.0, 1.0; 3
-5.0, 3.0, 1.0; 22
-4.0, 3.0, 1.0; 9
4.0, 3.0, 1.0; 3
5.0, 3.0, 1.0; 3
6.0, 3.0, 1.0; 2
7.0, 3.0, 1.0; 2
8.0, 3.0, 1.0; 1
-9.0, 4.0, 1.0; 2
-8.0, 4.0, 1.0; 7
-7.0, 4.0, 1.0; 7
-6.0, 4.0, 1.0; 7
-5.0, 4.0, 1.0; 10
-4.0, 4.0, 1.0; 5
-3.0, 4.0, 1.0; 8
-2.0, 4.0, 1.0; 2
0.0, 4.0, 1.0; 3
1.0, 4.0, 1.0; 5
2.0, 4.0, 1.0; 7
3.0, 4.0, 1.0; 2
4.0, 4.0, 1.0; 7
5.0, 4.0, 1.0; 7
6.0, 4.0, 1.0; 5
7.0, 4.0, 1.0; 5
-9.0, 5.0, 1.0; 5
-8.0, 5.0, 1.0; 11
-7.0, 5.0, 1.0; 3
-6.0, 5.0, 1.0; 3
-5.0, 5.0, 1.0; 10
-4.0, 5.0, 1.0; 45
-3.0, 5.0, 1.0; 1271
-2.0, 5.0, 1.0; 1011
-1.0, 5.0, 1.0; 57
0.0, 5.0, 1.0; 58
1.0, 5.0, 1.0; 31
2.0, 5.0, 1.0; 32
3.0, 5.0, 1.0; 50
4.0, 5.0, 1.0; 136
5.0, 5.0, 1.0; 49
6.0, 5.0, 1.0; 5
7.0, 5.0, 1.0; 4
8.0, 5.0, 1.0; 1
-8.0, 6.0, 1.0; 4
-7.0, 6.0, 1.0; 22
-6.0, 6.0, 1.0; 62
-5.0, 6.0, 1.0; 21
-4.0, 6.0, 1.0; 39
-3.0, 6.0, 1.0; 70
-2.0, 6.0, 1.0; 109
-1.0, 6.0, 1.0; 74
0.0, 6.0, 1.0; 31
1.0, 6.0, 1.0; 7
2.0, 6.0, 1.0; 40
3.0, 6.0, 1.0; 63
4.0, 6.0, 1.0; 92
5.0, 6.0, 1.0; 3
6.0, 6.0, 1.0; 9
7.0, 6.0, 1.0; 4
-7.0, 7.0, 1.0; 1
-6.0, 7.0, 1.0; 21
-5.0, 7.0, 1.0; 26
-4.0, 7.0, 1.0; 3
-3.0, 7.0, 1.0; 7
-2.0, 7.0, 1.0; 9
-1.0, 7.0, 1.0; 15
0.0, 7.0, 1.0; 5
1.0, 7.0, 1.0; 12
2.0, 7.0, 1.0; 13
3.0, 7.0, 1.0; 12
4.0, 7.0, 1.0; 4
5.0, 7.0, 1.0; 4
6.0, 7.0, 1.0; 1
-6.0, 8.0, 1.0; 2
-5.0, 8.0, 1.0; 11
-4.0, 8.0, 1.0; 21
-3.0, 8.0, 1.0; 20
-2.0, 8.0, 1.0; 19
-1.0, 8.0, 1.0; 13
0.0, 8.0, 1.0; 19
1.0, 8.0, 1.0; 12
2.0, 8.0, 1.0; 11
3.0, 8.0, 1.0; 4
4.0, 8.0, 1.0; 3
5.0, 8.0, 1.0; 1
-4.0, 9.0, 1.0; 14
-3.0, 9.0, 1.0; 73
-2.0, 9.0, 1.0; 159
-1.0, 9.0, 1.0; 129
0.0, 9.0, 1.0; 57
1.0, 9.0, 1.0; 21
2.0, 9.0, 1.0; 6
3.0, 9.0, 1.0; 3
-4.0, -10.0, 2.0; 1
-3.0, -10.0, 2.0; 6
-2.0, -10.0, 2.0; 11
-1.0, -10.0, 2.0; 15
0.0, -10.0, 2.0; 6
1.0, -10.0, 2.0; 2
2.0, -10.0, 2.0; 2
-5.0, -9.0, 2.0; 11
-4.0, -9.0, 2.0; 18
-3.0, -9.0, 2.0; 22
-2.0, -9.0, 2.0; 20
-1.0, -9.0, 2.0; 11
0.0, -9.0, 2.0; 8
1.0, -9.0, 2.0; 3
2.0, -9.0, 2.0; 5
3.0, -9.0, 2.0; 4
4.0, -9.0, 2.0; 3
-7.0, -8.0, 2.0; 2
-6.0, -8.0, 2.0; 13
-5.0, -8.0, 2.0; 6
-4.0, -8.0, 2.0; 8
-3.0, -8.0, 2.0; 8
-1.0, -8.0, 2.0; 9
0.0, -8.0, 2.0; 33
1.0, -8.0, 2.0; 65
2.0, -8.0, 2.0; 16
3.0, -8.0, 2.0; 11
4.0, -8.0, 2.0; 10
5.0, -8.0, 2.0; 2
6.0, -8.0, 2.0; 1
-7.0, -7.0, 2.0; 6
-6.0, -7.0, 2.0; 17
-5.0, -7.0, 2.0; 4
-4.0, -7.0, 2.0; 3
-3.0, -7.0, 2.0; 12
-2.0, -7.0, 2.0; 21
-1.0, -7.0, 2.0; 23
0.0, -7.0, 2.0; 28
1.0, -7.0, 2.0; 82
2.0, -7.0, 2.0; 69
3.0, -7.0, 2.0; 19
4.0, -7.0, 2.0; 9
5.0, -7.0, 2.0; 2
6.0, -7.0, 2.0; 3
-8.0, -6.0, 2.0; 4
-7.0, -6.0, 2.0; 8
-6.0, -6.0, 2.0; 4
-5.0, -6.0, 2.0; 3
-4.0, -6.0, 2.0; 40
-3.0, -6.0, 2.0; 95
-2.0, -6.0, 2.0; 89
-1.0, -6.0, 2.0; 22
0.0, -6.0, 2.0; 4
1.0, -6.0, 2.0; 9
2.0, -6.0, 2.0; 17
3.0, -6.0, 2.0; 9
4.0, -6.0, 2.0; 2
5.0, -6.0, 2.0; 1
6.0, -6.0, 2.0; 2
-8.0, -5.0, 2.0; 4
-7.0, -5.0, 2.0; 2
-5.0, -5.0, 2.0; 63
-4.0, -5.0, 2.0; 69
-3.0, -5.0, 2.0; 24
-2.0, -5.0, 2.0; 10
-1.0, -5.0, 2.0; 1
0.0, -5.0, 2.0; 2
1.0, -5.0, 2.0; 2
2.0, -5.0, 2.0; 3
3.0, -5.0, 2.0; 4
4.0, -5.0, 2.0; 2
5.0, -5.0, 2.0; 1
6.0, -5.0, 2.0; 2
7.0, -5.0, 2.0; 1
-9.0, -4.0, 2.0; 3
-8.0, -4.0, 2.0; 13
-7.0, -4.0, 2.0; 5
-6.0, -4.0, 2.0; 2
-5.0, -4.0, 2.0; 20
-4.0, -4.0, 2.0; 5
-2.0, -4.0, 2.0; 1
1.0, -4.0, 2.0; 1
2.0, -4.0, 2.0; 1
3.0, -4.0, 2.0; 1
5.0, -4.0, 2.0; 1
6.0, -4.0, 2.0; 1
8.0, -4.0, 2.0; 1
-10.0, -3.0, 2.0; 2
-9.0, -3.0, 2.0; 3
-8.0, -3.0, 2.0; 13
-7.0, -3.0, 2.0; 5
-6.0, -3.0, 2.0; 3
-4.0, -3.0, 2.0; 1
-3.0, -3.0, 2.0; 1
5.0, -3.0, 2.0; 1
7.0, -3.0, 2.0; 1
-10.0, -2.0, 2.0; 3
-9.0, -2.0, 2.0; 2
-8.0, -2.0, 2.0; 8
-7.0, -2.0, 2.0; 10
-6.0, -2.0, 2.0; 4
-5.0, -2.0, 2.0; 1
7.0, -2.0, 2.0; 4
8.0, -2.0, 2.0; 3
-10.0, -1.0, 2.0; 2
-9.0, -1.0, 2.0; 4
-8.0, -1.0, 2.0; 1
-7.0, -1.0, 2.0; 5
-6.0, -1.0, 2.0; 5
-5.0, -1.0, 2.0; 1
7.0, -1.0, 2.0; 2
8.0, -1.0, 2.0; 3
-10.0, 0.0, 2.0; 1
-9.0, 0.0, 2.0; 1
-8.0, 0.0, 2.0; 5
-7.0, 0.0, 2.0; 5
-6.0, 0.0, 2.0; 24
-5.0, 0.0, 2.0; 8
-4.0, 0.0, 2.0; 2
4.0, 0.0, 2.0; 1
-10.0, 1.0, 2.0; 3
-8.0, 1.0, 2.0; 2
-7.0, 1.0, 2.0; 5
-6.0, 1.0, 2.0; 9
-5.0, 1.0, 2.0; 202
-4.0, 1.0, 2.0; 118
4.0, 1.0, 2.0; 1
6.0, 1.0, 2.0; 1
7.0, 1.0, 2.0; 2
-10.0, 2.0, 2.0; 1
-9.0, 2.0, 2.0; 1
-8.0, 2.0, 2.0; 3
-7.0, 2.0, 2.0; 3
-6.0, 2.0, 2.0; 4
-5.0, 2.0, 2.0; 447
-4.0, 2.0, 2.0; 1565
-3.0, 2.0, 2.0; 23
3.0, 2.0, 2.0; 1
5.0, 2.0, 2.0; 3
6.0, 2.0, 2.0; 1
7.0, 2.0, 2.0; 2
-9.0, 3.0, 2.0; 3
-8.0, 3.0, 2.0; 4
-7.0, 3.0, 2.0; 1
-6.0, 3.0, 2.0; 3
-5.0, 3.0, 2.0; 31
-4.0, 3.0, 2.0; 192
-3.0, 3.0, 2.0; 51
-2.0, 3.0, 2.0; 5
-1.0, 3.0, 2.0; 1
1.0, 3.0, 2.0; 1
2.0, 3.0, 2.0; 1
3.0, 3.0, 2.0; 2
4.0, 3.0, 2.0; 2
5.0, 3.0, 2.0; 3
6.0, 3.0, 2.0; 5
7.0, 3.0, 2.0; 2
-9.0, 4.0, 2.0; 1
-8.0, 4.0, 2.0; 1
-7.0, 4.0, 2.0; 2
-6.0, 4.0, 2.0; 5
-5.0, 4.0, 2.0; 7
-4.0, 4.0, 2.0; 20
-3.0, 4.0, 2.0; 51
-2.0, 4.0, 2.0; 85
-1.0, 4.0, 2.0; 28
0.0, 4.0, 2.0; 18
1.0, 4.0, 2.0; 5
2.0, 4.0, 2.0; 2
3.0, 4.0, 2.0; 7
4.0, 4.0, 2.0; 6
5.0, 4.0, 2.0; 8
6.0, 4.0, 2.0; 1
7.0, 4.0, 2.0; 3
-8.0, 5.0, 2.0; 7
-7.0, 5.0, 2.0; 4
-6.0, 5.0, 2.0; 2
-5.0, 5.0, 2.0; 6
-4.0, 5.0, 2.0; 14
-3.0, 5.0, 2.0; 211
-2.0, 5.0, 2.0; 376
-1.0, 5.0, 2.0; 38
0.0, 5.0, 2.0; 21
1.0, 5.0, 2.0; 10
2.0, 5.0, 2.0; 36
3.0, 5.0, 2.0; 39
4.0, 5.0, 2.0; 69
5.0, 5.0, 2.0; 11
6.0, 5.0, 2.0; 7
7.0, 5.0, 2.0; 4
-8.0, 6.0, 2.0; 2
-7.0, 6.0, 2.0; 5
-6.0, 6.0, 2.0; 6
-5.0, 6.0, 2.0; 11
-4.0, 6.0, 2.0; 5
-3.0, 6.0, 2.0; 10
-2.0, 6.0, 2.0; 8
-1.0, 6.0, 2.0; 5
0.0, 6.0, 2.0; 3
1.0, 6.0, 2.0; 11
2.0, 6.0, 2.0; 25
3.0, 6.0, 2.0; 31
4.0, 6.0, 2.0; 34
5.0, 6.0, 2.0; 3
6.0, 6.0, 2.0; 5
-7.0, 7.0, 2.0; 3
-6.0, 7.0, 2.0; 9
-5.0, 7.0, 2.0; 11
-4.0, 7.0, 2.0; 5
-3.0, 7.0, 2.0; 2
-2.0, 7.0, 2.0; 4
-1.0, 7.0, 2.0; 8
0.0, 7.0, 2.0; 9
1.0, 7.0, 2.0; 11
2.0, 7.0, 2.0; 12
3.0, 7.0, 2.0; 12
4.0, 7.0, 2.0; 2
5.0, 7.0, 2.0; 3
-5.0, 8.0, 2.0; 18
-4.0, 8.0, 2.0; 53
-3.0, 8.0, 2.0; 52
-2.0, 8.0, 2.0; 32
-1.0, 8.0, 2.0; 13
0.0, 8.0, 2.0; 12
1.0, 8.0, 2.0; 13
2.0, 8.0, 2.0; 6
3.0, 8.0, 2.0; 2
4.0, 8.0, 2.0; 3
-4.0, 9.0, 2.0; 5
-3.0, 9.0, 2.0; 46
-2.0, 9.0, 2.0; 56
-1.0, 9.0, 2.0; 54
0.0, 9.0, 2.0; 25
1.0, 9.0, 2.0; 8
2.0, 9.0, 2.0; 2
-2.0, -10.0, 3.0; 1
-1.0, -10.0, 3.0; 3
2.0, -10.0, 3.0; 1
-5.0, -9.0, 3.0; 2
-4.0, -9.0, 3.0; 7
-3.0, -9.0, 3.0; 13
-2.0, -9.0, 3.0; 11
-1.0, -9.0, 3.0; 4
0.0, -9.0, 3.0; 4
1.0, -9.0, 3.0; 1
2.0, -9.0, 3.0; 7
3.0, -9.0, 3.0; 3
4.0, -9.0, 3.0; 1
-6.0, -8.0, 3.0; 6
-5.0, -8.0, 3.0; 6
-4.0, -8.0, 3.0; 13
-3.0, -8.0, 3.0; 7
-2.0, -8.0, 3.0; 6
-1.0, -8.0, 3.0; 23
0.0, -8.0, 3.0; 27
1.0, -8.0, 3.0; 11
2.0, -8.0, 3.0; 1
3.0, -8.0, 3.0; 3
4.0, -8.0, 3.0; 9
5.0, -8.0, 3.0; 2
-8.0, -7.0, 3.0; 3
-7.0, -7.0, 3.0; 6
-6.0, -7.0, 3.0; 8
-5.0, -7.0, 3.0; 10
-4.0, -7.0, 3.0; 6
-3.0, -7.0, 3.0; 3
-2.0, -7.0, 3.0; 10
-1.0, -7.0, 3.0; 26
0.0, -7.0, 3.0; 104
1.0, -7.0, 3.0; 89
2.0, -7.0, 3.0; 18
3.0, -7.0, 3.0; 9
4.0, -7.0, 3.0; 3
5.0, -7.0, 3.0; 1
-8.0, -6.0, 3.0; 1
-7.0, -6.0, 3.0; 2
-6.0, -6.0, 3.0; 10
-5.0, -6.0, 3.0; 1
-3.0, -6.0, 3.0; 1
-2.0, -6.0, 3.0; 2
-1.0, -6.0, 3.0; 5
0.0, -6.0, 3.0; 11
1.0, -6.0, 3.0; 22
2.0, -6.0, 3.0; 9
3.0, -6.0, 3.0; 4
4.0, -6.0, 3.0; 1
5.0, -6.0, 3.0; 1
6.0, -6.0, 3.0; 2
-8.0, -5.0, 3.0; 3
-7.0, -5.0, 3.0; 5
-6.0, -5.0, 3.0; 2
-4.0, -5.0, 3.0; 2
-3.0, -5.0, 3.0; 3
-2.0, -5.0, 3.0; 1
-1.0, -5.0, 3.0; 1
0.0, -5.0, 3.0; 10
1.0, -5.0, 3.0; 10
2.0, -5.0, 3.0; 6
5.0, -5.0, 3.0; 1
7.0, -5.0, 3.0; 2
-8.0, -4.0, 3.0; 1
-7.0, -4.0, 3.0; 6
-6.0, -4.0, 3.0; 3
-5.0, -4.0, 3.0; 1
-3.0, -4.0, 3.0; 3
-2.0, -4.0, 3.0; 2
0.0, -4.0, 3.0; 2
1.0, -4.0, 3.0; 3
2.0, -4.0, 3.0; 4
4.0, -4.0, 3.0; 1
5.0, -4.0, 3.0; 1
6.0, -4.0, 3.0; 1
7.0, -4.0, 3.0; 2
-10.0, -3.0, 3.0; 1
-9.0, -3.0, 3.0; 1
-8.0, -3.0, 3.0; 5
-7.0, -3.0, 3.0; 16
-6.0, -3.0, 3.0; 3
-5.0, -3.0, 3.0; 1
-4.0, -3.0, 3.0; 3
-3.0, -3.0, 3.0; 3
-2.0, -3.0, 3.0; 2
-1.0, -3.0, 3.0; 1
1.0, -3.0, 3.0; 1
2.0, -3.0, 3.0; 2
4.0, -3.0, 3.0; 1
5.0, -3.0, 3.0; 1
7.0, -3.0, 3.0; 1
-9.0, -2.0, 3.0; 4
-8.0, -2.0, 3.0; 3
-7.0, -2.0, 3.0; 4
-6.0, -2.0, 3.0; 24
-5.0, -2.0, 3.0; 21
-4.0, -2.0, 3.0; 1
1.0, -2.0, 3.0; 1
3.0, -2.0, 3.0; 1
4.0, -2.0, 3.0; 1
7.0, -2.0, 3.0; 1
-10.0, -1.0, 3.0; 2
-9.0, -1.0, 3.0; 3
-8.0, -1.0, 3.0; 2
-7.0, -1.0, 3.0; 5
-6.0, -1.0, 3.0; 9
-5.0, -1.0, 3.0; 6
-4.0, -1.0, 3.0; 4
-3.0, -1.0, 3.0; 1
-2.0, -1.0, 3.0; 4
0.0, -1.0, 3.0; 1
1.0, -1.0, 3.0; 1
2.0, -1.0, 3.0; 1
7.0, -1.0, 3.0; 1
8.0, -1.0, 3.0; 2
-9.0, 0.0, 3.0; 7
-8.0, 0.0, 3.0; 1
-7.0, 0.0, 3.0; 1
-6.0, 0.0, 3.0; 2
-5.0, 0.0, 3.0; 8
-4.0, 0.0, 3.0; 5
-3.0, 0.0, 3.0; 4
-2.0, 0.0, 3.0; 1
0.0, 0.0, 3.0; 1
4.0, 0.0, 3.0; 1
6.0, 0.0, 3.0; 1
-9.0, 1.0, 3.0; 2
-8.0, 1.0, 3.0; 4
-7.0, 1.0, 3.0; 2
-6.0, 1.0, 3.0; 8
-5.0, 1.0, 3.0; 21
-4.0, 1.0, 3.0; 85
-3.0, 1.0, 3.0; 28
-2.0, 1.0, 3.0; 8
3.0, 1.0, 3.0; 3
8.0, 1.0, 3.0; 2
-9.0, 2.0, 3.0; 5
-8.0, 2.0, 3.0; 3
-7.0, 2.0, 3.0; 4
-6.0, 2.0, 3.0; 3
-5.0, 2.0, 3.0; 6
-4.0, 2.0, 3.0; 325
-3.0, 2.0, 3.0; 155
-2.0, 2.0, 3.0; 21
-1.0, 2.0, 3.0; 3
0.0, 2.0, 3.0; 2
1.0, 2.0, 3.0; 2
2.0, 2.0, 3.0; 4
3.0, 2.0, 3.0; 2
4.0, 2.0, 3.0; 2
5.0, 2.0, 3.0; 2
6.0, 2.0, 3.0; 4
7.0, 2.0, 3.0; 1
-9.0, 3.0, 3.0; 3
-8.0, 3.0, 3.0; 8
-7.0, 3.0, 3.0; 4
-6.0, 3.0, 3.0; 6
-5.0, 3.0, 3.0; 12
-4.0, 3.0, 3.0; 29
-3.0, 3.0, 3.0; 54
-2.0, 3.0, 3.0; 34
-1.0, 3.0, 3.0; 19
0.0, 3.0, 3.0; 11
1.0, 3.0, 3.0; 6
2.0, 3.0, 3.0; 7
3.0, 3.0, 3.0; 2
4.0, 3.0, 3.0; 1
5.0, 3.0, 3.0; 5
6.0, 3.0, 3.0; 3
7.0, 3.0, 3.0; 1
-9.0, 4.0, 3.0; 1
-8.0, 4.0, 3.0; 5
-7.0, 4.0, 3.0; 8
-6.0, 4.0, 3.0; 4
-5.0, 4.0, 3.0; 2
-4.0, 4.0, 3.0; 3
-3.0, 4.0, 3.0; 9
-2.0, 4.0, 3.0; 18
-1.0, 4.0, 3.0; 19
0.0, 4.0, 3.0; 11
1.0, 4.0, 3.0; 3
2.0, 4.0, 3.0; 4
3.0, 4.0, 3.0; 6
4.0, 4.0, 3.0; 3
5.0, 4.0, 3.0; 2
6.0, 4.0, 3.0; 6
7.0, 4.0, 3.0; 1
-8.0, 5.0, 3.0; 8
-7.0, 5.0, 3.0; 7
-6.0, 5.0, 3.0; 4
-5.0, 5.0, 3.0; 5
-4.0, 5.0, 3.0; 3
-3.0, 5.0, 3.0; 1
-2.0, 5.0, 3.0; 3
-1.0, 5.0, 3.0; 5
0.0, 5.0, 3.0; 4
1.0, 5.0, 3.0; 21
2.0, 5.0, 3.0; 8
3.0, 5.0, 3.0; 12
4.0, 5.0, 3.0; 9
5.0, 5.0, 3.0; 1
6.0, 5.0, 3.0; 3
-7.0, 6.0, 3.0; 9
-6.0, 6.0, 3.0; 5
-5.0, 6.0, 3.0; 6
-4.0, 6.0, 3.0; 2
-3.0, 6.0, 3.0; 4
-2.0, 6.0, 3.0; 2
-1.0, 6.0, 3.0; 4
0.0, 6.0, 3.0; 11
1.0, 6.0, 3.0; 4
2.0, 6.0, 3.0; 13
3.0, 6.0, 3.0; 13
4.0, 6.0, 3.0; 4
5.0, 6.0, 3.0; 2
6.0, 6.0, 3.0; 5
-6.0, 7.0, 3.0; 4
-5.0, 7.0, 3.0; 12
-4.0, 7.0, 3.0; 17
-3.0, 7.0, 3.0; 7
-2.0, 7.0, 3.0; 6
-1.0, 7.0, 3.0; 6
0.0, 7.0, 3.0; 4
1.0, 7.0, 3.0; 5
2.0, 7.0, 3.0; 4
3.0, 7.0, 3.0; 1
4.0, 7.0, 3.0; 1
-5.0, 8.0, 3.0; 4
-4.0, 8.0, 3.0; 31
-3.0, 8.0, 3.0; 72
-2.0, 8.0, 3.0; 36
-1.0, 8.0, 3.0; 14
0.0, 8.0, 3.0; 7
1.0, 8.0, 3.0; 8
2.0, 8.0, 3.0; 2
3.0, 8.0, 3.0; 1
4.0, 8.0, 3.0; 1
-3.0, 9.0, 3.0; 3
-2.0, 9.0, 3.0; 13
-1.0, 9.0, 3.0; 6
0.0, -10.0, 4.0; 1
-3.0, -9.0, 4.0; 2
-2.0, -9.0, 4.0; 3
-1.0, -9.0, 4.0; 1
0.0, -9.0, 4.0; 2
1.0, -9.0, 4.0; 1
3.0, -9.0, 4.0; 1
-5.0, -8.0, 4.0; 4
-4.0, -8.0, 4.0; 3
-3.0, -8.0, 4.0; 9
-2.0, -8.0, 4.0; 10
-1.0, -8.0, 4.0; 8
0.0, -8.0, 4.0; 6
1.0, -8.0, 4.0; 2
2.0, -8.0, 4.0; 2
3.0, -8.0, 4.0; 4
4.0, -8.0, 4.0; 4
-7.0, -7.0, 4.0; 1
-6.0, -7.0, 4.0; 8
-5.0, -7.0, 4.0; 7
-4.0, -7.0, 4.0; 5
-3.0, -7.0, 4.0; 11
-2.0, -7.0, 4.0; 23
-1.0, -7.0, 4.0; 35
0.0, -7.0, 4.0; 14
1.0, -7.0, 4.0; 2
2.0, -7.0, 4.0; 2
3.0, -7.0, 4.0; 1
4.0, -7.0, 4.0; 1
5.0, -7.0, 4.0; 1
6.0, -7.0, 4.0; 1
-8.0, -6.0, 4.0; 2
-7.0, -6.0, 4.0; 2
-6.0, -6.0, 4.0; 3
-5.0, -6.0, 4.0; 4
-4.0, -6.0, 4.0; 9
-3.0, -6.0, 4.0; 6
-2.0, -6.0, 4.0; 9
-1.0, -6.0, 4.0; 10
0.0, -6.0, 4.0; 19
1.0, -6.0, 4.0; 11
3.0, -6.0, 4.0; 2
4.0, -6.0, 4.0; 1
5.0, -6.0, 4.0; 1
6.0, -6.0, 4.0; 1
-8.0, -5.0, 4.0; 1
-7.0, -5.0, 4.0; 1
-6.0, -5.0, 4.0; 1
-5.0, -5.0, 4.0; 6
-4.0, -5.0, 4.0; 9
-3.0, -5.0, 4.0; 5
-2.0, -5.0, 4.0; 10
-1.0, -5.0, 4.0; 10
0.0, -5.0, 4.0; 16
1.0, -5.0, 4.0; 7
2.0, -5.0, 4.0; 2
3.0, -5.0, 4.0; 2
4.0, -5.0, 4.0; 3
5.0, -5.0, 4.0; 2
6.0, -5.0, 4.0; 1
-9.0, -4.0, 4.0; 1
-8.0, -4.0, 4.0; 1
-7.0, -4.0, 4.0; 2
-6.0, -4.0, 4.0; 10
-5.0, -4.0, 4.0; 8
-4.0, -4.0, 4.0; 4
-3.0, -4.0, 4.0; 12
-2.0, -4.0, 4.0; 14
-1.0, -4.0, 4.0; 10
0.0, -4.0, 4.0; 7
1.0, -4.0, 4.0; 6
2.0, -4.0, 4.0; 5
5.0, -4.0, 4.0; 3
-9.0, -3.0, 4.0; 3
-8.0, -3.0, 4.0; 5
-7.0, -3.0, 4.0; 4
-6.0, -3.0, 4.0; 5
-5.0, -3.0, 4.0; 7
-4.0, -3.0, 4.0; 16
-3.0, -3.0, 4.0; 6
-2.0, -3.0, 4.0; 9
-1.0, -3.0, 4.0; 9
0.0, -3.0, 4.0; 5
1.0, -3.0, 4.0; 1
3.0, -3.0, 4.0; 1
5.0, -3.0, 4.0; 2
6.0, -3.0, 4.0; 1
-9.0, -2.0, 4.0; 4
-8.0, -2.0, 4.0; 2
-6.0, -2.0, 4.0; 5
-5.0, -2.0, 4.0; 24
-4.0, -2.0, 4.0; 15
-3.0, -2.0, 4.0; 16
-2.0, -2.0, 4.0; 13
-1.0, -2.0, 4.0; 40
0.0, -2.0, 4.0; 28
1.0, -2.0, 4.0; 8
5.0, -2.0, 4.0; 1
6.0, -2.0, 4.0; 1
-9.0, -1.0, 4.0; 1
-8.0, -1.0, 4.0; 1
-7.0, -1.0, 4.0; 4
-6.0, -1.0, 4.0; 9
-5.0, -1.0, 4.0; 14
-4.0, -1.0, 4.0; 14
-3.0, -1.0, 4.0; 41
-2.0, -1.0, 4.0; 67
-1.0, -1.0, 4.0; 81
0.0, -1.0, 4.0; 69
1.0, -1.0, 4.0; 18
2.0, -1.0, 4.0; 2
6.0, -1.0, 4.0; 1
-9.0, 0.0, 4.0; 2
-8.0, 0.0, 4.0; 2
-7.0, 0.0, 4.0; 1
-6.0, 0.0, 4.0; 1
-5.0, 0.0, 4.0; 5
-4.0, 0.0, 4.0; 4
-3.0, 0.0, 4.0; 4
-2.0, 0.0, 4.0; 10
-1.0, 0.0, 4.0; 7
0.0, 0.0, 4.0; 2
1.0, 0.0, 4.0; 3
2.0, 0.0, 4.0; 3
6.0, 0.0, 4.0; 1
-9.0, 1.0, 4.0; 2
-8.0, 1.0, 4.0; 2
-7.0, 1.0, 4.0; 4
-6.0, 1.0, 4.0; 1
-5.0, 1.0, 4.0; 2
-4.0, 1.0, 4.0; 8
-3.0, 1.0, 4.0; 3
-2.0, 1.0, 4.0; 10
-1.0, 1.0, 4.0; 3
0.0, 1.0, 4.0; 4
1.0, 1.0, 4.0; 1
2.0, 1.0, 4.0; 1
3.0, 1.0, 4.0; 1
4.0, 1.0, 4.0; 4
-9.0, 2.0, 4.0; 1
-8.0, 2.0, 4.0; 2
-7.0, 2.0, 4.0; 5
-6.0, 2.0, 4.0; 3
-5.0, 2.0, 4.0; 2
-4.0, 2.0, 4.0; 6
-3.0, 2.0, 4.0; 2
-2.0, 2.0, 4.0; 3
-1.0, 2.0, 4.0; 14
0.0, 2.0, 4.0; 54
1.0, 2.0, 4.0; 26
2.0, 2.0, 4.0; 3
4.0, 2.0, 4.0; 1
5.0, 2.0, 4.0; 2
6.0, 2.0, 4.0; 2
-8.0, 3.0, 4.0; 5
-7.0, 3.0, 4.0; 6
-6.0, 3.0, 4.0; 4
-5.0, 3.0, 4.0; 6
-4.0, 3.0, 4.0; 4
-3.0, 3.0, 4.0; 1
-2.0, 3.0, 4.0; 7
-1.0, 3.0, 4.0; 6
0.0, 3.0, 4.0; 15
1.0, 3.0, 4.0; 7
2.0, 3.0, 4.0; 2
3.0, 3.0, 4.0; 1
4.0, 3.0, 4.0; 1
6.0, 3.0, 4.0; 1
-8.0, 4.0, 4.0; 1
-7.0, 4.0, 4.0; 7
-6.0, 4.0, 4.0; 4
-5.0, 4.0, 4.0; 1
-3.0, 4.0, 4.0; 2
-2.0, 4.0, 4.0; 1
-1.0, 4.0, 4.0; 2
0.0, 4.0, 4.0; 5
1.0, 4.0, 4.0; 3
2.0, 4.0, 4.0; 3
3.0, 4.0, 4.0; 2
4.0, 4.0, 4.0; 3
5.0, 4.0, 4.0; 2
6.0, 4.0, 4.0; 1
-7.0, 5.0, 4.0; 10
-6.0, 5.0, 4.0; 8
-5.0, 5.0, 4.0; 6
-4.0, 5.0, 4.0; 4
-3.0, 5.0, 4.0; 2
-2.0, 5.0, 4.0; 2
0.0, 5.0, 4.0; 5
1.0, 5.0, 4.0; 4
2.0, 5.0, 4.0; 6
3.0, 5.0, 4.0; 5
4.0, 5.0, 4.0; 3
5.0, 5.0, 4.0; 4
6.0, 5.0, 4.0; 2
-6.0, 6.0, 4.0; 6
-5.0, 6.0, 4.0; 6
-4.0, 6.0, 4.0; 12
-3.0, 6.0, 4.0; 8
-2.0, 6.0, 4.0; 9
-1.0, 6.0, 4.0; 11
0.0, 6.0, 4.0; 5
1.0, 6.0, 4.0; 4
2.0, 6.0, 4.0; 6
3.0, 6.0, 4.0; 4
4.0, 6.0, 4.0; 2
5.0, 6.0, 4.0; 3
6.0, 6.0, 4.0; 2
-5.0, 7.0, 4.0; 11
-4.0, 7.0, 4.0; 10
-3.0, 7.0, 4.0; 8
-2.0, 7.0, 4.0; 12
-1.0, 7.0, 4.0; 7
0.0, 7.0, 4.0; 2
1.0, 7.0, 4.0; 1
2.0, 7.0, 4.0; 2
4.0, 7.0, 4.0; 1
-4.0, 8.0, 4.0; 6
-3.0, 8.0, 4.0; 7
-2.0, 8.0, 4.0; 15
-1.0, 8.0, 4.0; 7
0.0, 8.0, 4.0; 7
1.0, 8.0, 4.0; 1
2.0, 8.0, 4.0; 1
-1.0, -9.0, 5.0; 1
0.0, -9.0, 5.0; 1
-5.0, -8.0, 5.0; 1
-4.0, -8.0, 5.0; 1
-3.0, -8.0, 5.0; 4
-2.0, -8.0, 5.0; 2
-1.0, -8.0, 5.0; 5
0.0, -8.0, 5.0; 1
1.0, -8.0, 5.0; 1
2.0, -8.0, 5.0; 2
3.0, -8.0, 5.0; 4
4.0, -8.0, 5.0; 1
-5.0, -7.0, 5.0; 3
-4.0, -7.0, 5.0; 6
-3.0, -7.0, 5.0; 2
-2.0, -7.0, 5.0; 4
-1.0, -7.0, 5.0; 11
0.0, -7.0, 5.0; 2
1.0, -7.0, 5.0; 1
2.0, -7.0, 5.0; 3
3.0, -7.0, 5.0; 1
4.0, -7.0, 5.0; 2
5.0, -7.0, 5.0; 1
-6.0, -6.0, 5.0; 3
-5.0, -6.0, 5.0; 4
-4.0, -6.0, 5.0; 3
-3.0, -6.0, 5.0; 3
-2.0, -6.0, 5.0; 3
-1.0, -6.0, 5.0; 3
0.0, -6.0, 5.0; 1
1.0, -6.0, 5.0; 1
2.0, -6.0, 5.0; 6
3.0, -6.0, 5.0; 1
5.0, -6.0, 5.0; 1
-7.0, -5.0, 5.0; 3
-6.0, -5.0, 5.0; 6
-5.0, -5.0, 5.0; 4
-4.0, -5.0, 5.0; 2
-3.0, -5.0, 5.0; 6
-2.0, -5.0, 5.0; 2
-1.0, -5.0, 5.0; 5
0.0, -5.0, 5.0; 2
1.0, -5.0, 5.0; 5
2.0, -5.0, 5.0; 1
4.0, -5.0, 5.0; 1
-7.0, -4.0, 5.0; 1
-6.0, -4.0, 5.0; 1
-5.0, -4.0, 5.0; 5
-4.0, -4.0, 5.0; 5
-3.0, -4.0, 5.0; 7
-2.0, -4.0, 5.0; 5
-1.0, -4.0, 5.0; 4
0.0, -4.0, 5.0; 6
1.0, -4.0, 5.0; 3
3.0, -4.0, 5.0; 2
-9.0, -3.0, 5.0; 1
-7.0, -3.0, 5.0; 5
-6.0, -3.0, 5.0; 1
-5.0, -3.0, 5.0; 4
-4.0, -3.0, 5.0; 4
-3.0, -3.0, 5.0; 9
-2.0, -3.0, 5.0; 8
-1.0, -3.0, 5.0; 9
0.0, -3.0, 5.0; 1
-9.0, -2.0, 5.0; 1
-8.0, -2.0, 5.0; 2
-7.0, -2.0, 5.0; 3
-6.0, -2.0, 5.0; 1
-5.0, -2.0, 5.0; 1
-4.0, -2.0, 5.0; 4
-3.0, -2.0, 5.0; 3
-2.0, -2.0, 5.0; 8
-1.0, -2.0, 5.0; 9
0.0, -2.0, 5.0; 2
1.0, -2.0, 5.0; 2
2.0, -2.0, 5.0; 1
5.0, -2.0, 5.0; 1
-9.0, -1.0, 5.0; 2
-8.0, -1.0, 5.0; 2
-7.0, -1.0, 5.0; 1
-6.0, -1.0, 5.0; 2
-5.0, -1.0, 5.0; 5
-4.0, -1.0, 5.0; 2
-3.0, -1.0, 5.0; 1
-2.0, -1.0, 5.0; 1
-1.0, -1.0, 5.0; 8
0.0, -1.0, 5.0; 4
2.0, -1.0, 5.0; 1
3.0, -1.0, 5.0; 1
-9.0, 0.0, 5.0; 3
-8.0, 0.0, 5.0; 1
-7.0, 0.0, 5.0; 2
-6.0, 0.0, 5.0; 4
-5.0, 0.0, 5.0; 1
-4.0, 0.0, 5.0; 2
-3.0, 0.0, 5.0; 4
-2.0, 0.0, 5.0; 3
-1.0, 0.0, 5.0; 7
0.0, 0.0, 5.0; 3
1.0, 0.0, 5.0; 5
6.0, 0.0, 5.0; 1
-9.0, 1.0, 5.0; 1
-8.0, 1.0, 5.0; 1
-7.0, 1.0, 5.0; 2
-6.0, 1.0, 5.0; 2
-5.0, 1.0, 5.0; 5
-4.0, 1.0, 5.0; 1
-3.0, 1.0, 5.0; 4
-2.0, 1.0, 5.0; 6
-1.0, 1.0, 5.0; 2
0.0, 1.0, 5.0; 4
1.0, 1.0, 5.0; 1
2.0, 1.0, 5.0; 2
3.0, 1.0, 5.0; 3
4.0, 1.0, 5.0; 2
-8.0, 2.0, 5.0; 1
-7.0, 2.0, 5.0; 5
-6.0, 2.0, 5.0; 1
-4.0, 2.0, 5.0; 2
-3.0, 2.0, 5.0; 6
-2.0, 2.0, 5.0; 8
-1.0, 2.0, 5.0; 13
0.0, 2.0, 5.0; 6
1.0, 2.0, 5.0; 1
2.0, 2.0, 5.0; 1
3.0, 2.0, 5.0; 1
4.0, 2.0, 5.0; 2
-7.0, 3.0, 5.0; 4
-6.0, 3.0, 5.0; 1
-5.0, 3.0, 5.0; 1
-2.0, 3.0, 5.0; 2
-1.0, 3.0, 5.0; 2
0.0, 3.0, 5.0; 3
2.0, 3.0, 5.0; 3
3.0, 3.0, 5.0; 1
4.0, 3.0, 5.0; 2
5.0, 3.0, 5.0; 3
-8.0, 4.0, 5.0; 1
-7.0, 4.0, 5.0; 3
-6.0, 4.0, 5.0; 8
-5.0, 4.0, 5.0; 3
-4.0, 4.0, 5.0; 2
-2.0, 4.0, 5.0; 1
-1.0, 4.0, 5.0; 1
0.0, 4.0, 5.0; 5
1.0, 4.0, 5.0; 7
2.0, 4.0, 5.0; 1
3.0, 4.0, 5.0; 2
4.0, 4.0, 5.0; 2
5.0, 4.0, 5.0; 4
-7.0, 5.0, 5.0; 2
-6.0, 5.0, 5.0; 10
-5.0, 5.0, 5.0; 4
-4.0, 5.0, 5.0; 6
-3.0, 5.0, 5.0; 4
-2.0, 5.0, 5.0; 4
-1.0, 5.0, 5.0; 4
0.0, 5.0, 5.0; 5
1.0, 5.0, 5.0; 3
2.0, 5.0, 5.0; 2
3.0, 5.0, 5.0; 8
4.0, 5.0, 5.0; 1
5.0, 5.0, 5.0; 3
-5.0, 6.0, 5.0; 6
-3.0, 6.0, 5.0; 5
-2.0, 6.0, 5.0; 5
-1.0, 6.0, 5.0; 4
0.0, 6.0, 5.0; 1
1.0, 6.0, 5.0; 2
2.0, 6.0, 5.0; 2
3.0, 6.0, 5.0; 3
4.0, 6.0, 5.0; 6
5.0, 6.0, 5.0; 1
-5.0, 7.0, 5.0; 1
-4.0, 7.0, 5.0; 1
-3.0, 7.0, 5.0; 4
-2.0, 7.0, 5.0; 6
-1.0, 7.0, 5.0; 3
0.0, 7.0, 5.0; 1
2.0, 7.0, 5.0; 1
3.0, 7.0, 5.0; 4
-1.0, 8.0, 5.0; 2
1.0, 8.0, 5.0; 1
-1.0, -8.0, 6.0; 1
1.0, -8.0, 6.0; 3
-4.0, -7.0, 6.0; 2
-2.0, -7.0, 6.0; 3
-1.0, -7.0, 6.0; 3
0.0, -7.0, 6.0; 1
1.0, -7.0, 6.0; 3
2.0, -7.0, 6.0; 1
-5.0, -6.0, 6.0; 1
-4.0, -6.0, 6.0; 2
-3.0, -6.0, 6.0; 5
-2.0, -6.0, 6.0; 1
0.0, -6.0, 6.0; 1
1.0, -6.0, 6.0; 3
2.0, -6.0, 6.0; 1
4.0, -6.0, 6.0; 1
-6.0, -5.0, 6.0; 3
-5.0, -5.0, 6.0; 6
-3.0, -5.0, 6.0; 3
0.0, -5.0, 6.0; 1
2.0, -5.0, 6.0; 1
-7.0, -4.0, 6.0; 2
-6.0, -4.0, 6.0; 3
-5.0, -4.0, 6.0; 1
-4.0, -4.0, 6.0; 2
-1.0, -4.0, 6.0; 2
0.0, -4.0, 6.0; 2
4.0, -4.0, 6.0; 1
-7.0, -3.0, 6.0; 2
-5.0, -3.0, 6.0; 2
-4.0, -3.0, 6.0; 1
-3.0, -3.0, 6.0; 3
-2.0, -3.0, 6.0; 4
-1.0, -3.0, 6.0; 1
1.0, -3.0, 6.0; 1
3.0, -3.0, 6.0; 1
5.0, -3.0, 6.0; 1
6.0, -3.0, 6.0; 2
-7.0, -2.0, 6.0; 1
-5.0, -2.0, 6.0; 2
-4.0, -2.0, 6.0; 3
-3.0, -2.0, 6.0; 3
-2.0, -2.0, 6.0; 2
-1.0, -2.0, 6.0; 1
0.0, -2.0, 6.0; 1
2.0, -2.0, 6.0; 1
3.0, -2.0, 6.0; 1
-8.0, -1.0, 6.0; 1
-7.0, -1.0, 6.0; 2
-6.0, -1.0, 6.0; 2
-5.0, -1.0, 6.0; 1
-3.0, -1.0, 6.0; 2
-1.0, -1.0, 6.0; 1
0.0, -1.0, 6.0; 3
1.0, -1.0, 6.0; 2
-8.0, 0.0, 6.0; 1
-7.0, 0.0, 6.0; 2
-6.0, 0.0, 6.0; 3
-5.0, 0.0, 6.0; 1
-4.0, 0.0, 6.0; 3
-3.0, 0.0, 6.0; 1
-2.0, 0.0, 6.0; 1
-1.0, 0.0, 6.0; 2
0.0, 0.0, 6.0; 3
1.0, 0.0, 6.0; 1
3.0, 0.0, 6.0; 1
-8.0, 1.0, 6.0; 1
-7.0, 1.0, 6.0; 2
-5.0, 1.0, 6.0; 3
-4.0, 1.0, 6.0; 1
-2.0, 1.0, 6.0; 2
-1.0, 1.0, 6.0; 2
0.0, 1.0, 6.0; 1
1.0, 1.0, 6.0; 1
2.0, 1.0, 6.0; 2
3.0, 1.0, 6.0; 1
6.0, 1.0, 6.0; 1
-7.0, 2.0, 6.0; 2
-5.0, 2.0, 6.0; 4
-4.0, 2.0, 6.0; 2
-3.0, 2.0, 6.0; 1
-2.0, 2.0, 6.0; 2
-1.0, 2.0, 6.0; 2
0.0, 2.0, 6.0; 1
1.0, 2.0, 6.0; 1
-7.0, 3.0, 6.0; 3
-6.0, 3.0, 6.0; 1
-5.0, 3.0, 6.0; 2
-3.0, 3.0, 6.0; 1
-2.0, 3.0, 6.0; 1
-1.0, 3.0, 6.0; 3
0.0, 3.0, 6.0; 3
2.0, 3.0, 6.0; 1
3.0, 3.0, 6.0; 2
4.0, 3.0, 6.0; 2
-7.0, 4.0, 6.0; 1
-6.0, 4.0, 6.0; 1
-5.0, 4.0, 6.0; 2
-4.0, 4.0, 6.0; 1
-3.0, 4.0, 6.0; 5
-2.0, 4.0, 6.0; 7
-1.0, 4.0, 6.0; 4
1.0, 4.0, 6.0; 2
2.0, 4.0, 6.0; 1
3.0, 4.0, 6.0; 5
4.0, 4.0, 6.0; 1
5.0, 4.0, 6.0; 2
-4.0, 5.0, 6.0; 3
-3.0, 5.0, 6.0; 1
-2.0, 5.0, 6.0; 2
-1.0, 5.0, 6.0; 4
0.0, 5.0, 6.0; 2
1.0, 5.0, 6.0; 1
2.0, 5.0, 6.0; 1
3.0, 5.0, 6.0; 2
4.0, 5.0, 6.0; 1
-4.0, 6.0, 6.0; 2
-3.0, 6.0, 6.0; 2
-2.0, 6.0, 6.0; 3
-1.0, 6.0, 6.0; 3
0.0, 6.0, 6.0; 5
2.0, 6.0, 6.0; 3
3.0, 6.0, 6.0; 2
-3.0, 7.0, 6.0; 1
-2.0, 7.0, 6.0; 1
-1.0, 7.0, 6.0; 3
0.0, 7.0, 6.0; 1
1.0, 7.0, 6.0; 1
-3.0, -7.0, 7.0; 1
0.0, -7.0, 7.0; 2
1.0, -7.0, 7.0; 2
-4.0, -6.0, 7.0; 3
-3.0, -6.0, 7.0; 1
-2.0, -6.0, 7.0; 1
-1.0, -6.0, 7.0; 2
1.0, -6.0, 7.0; 2
-5.0, -5.0, 7.0; 7
-4.0, -5.0, 7.0; 3
-3.0, -5.0, 7.0; 1
-2.0, -5.0, 7.0; 4
-1.0, -5.0, 7.0; 2
0.0, -5.0, 7.0; 2
1.0, -5.0, 7.0; 1
2.0, -5.0, 7.0; 2
-5.0, -4.0, 7.0; 1
-4.0, -4.0, 7.0; 2
-3.0, -4.0, 7.0; 1
-2.0, -4.0, 7.0; 2
1.0, -4.0, 7.0; 1
2.0, -4.0, 7.0; 1
-6.0, -3.0, 7.0; 4
-5.0, -3.0, 7.0; 2
-4.0, -3.0, 7.0; 1
-3.0, -3.0, 7.0; 1
2.0, -3.0, 7.0; 1
-6.0, -2.0, 7.0; 2
-5.0, -2.0, 7.0; 2
-2.0, -2.0, 7.0; 1
-1.0, -2.0, 7.0; 2
1.0, -2.0, 7.0; 1
3.0, -2.0, 7.0; 1
-7.0, -1.0, 7.0; 2
-6.0, -1.0, 7.0; 2
-5.0, -1.0, 7.0; 1
-4.0, -1.0, 7.0; 3
-3.0, -1.0, 7.0; 3
0.0, -1.0, 7.0; 1
1.0, -1.0, 7.0; 1
-7.0, 0.0, 7.0; 3
-6.0, 0.0, 7.0; 1
-5.0, 0.0, 7.0; 1
-3.0, 0.0, 7.0; 3
-2.0, 0.0, 7.0; 2
0.0, 0.0, 7.0; 1
-6.0, 1.0, 7.0; 3
-5.0, 1.0, 7.0; 1
-4.0, 1.0, 7.0; 1
-3.0, 1.0, 7.0; 2
-2.0, 1.0, 7.0; 3
1.0, 1.0, 7.0; 1
3.0, 1.0, 7.0; 1
-5.0, 2.0, 7.0; 2
-3.0, 2.0, 7.0; 3
-2.0, 2.0, 7.0; 1
-1.0, 2.0, 7.0; 1
0.0, 2.0, 7.0; 1
2.0, 2.0, 7.0; 2
4.0, 2.0, 7.0; 2
-7.0, 3.0, 7.0; 1
-6.0, 3.0, 7.0; 1
-5.0, 3.0, 7.0; 2
-4.0, 3.0, 7.0; 1
-3.0, 3.0, 7.0; 1
-1.0, 3.0, 7.0; 4
0.0, 3.0, 7.0; 1
1.0, 3.0, 7.0; 2
2.0, 3.0, 7.0; 2
-5.0, 4.0, 7.0; 2
-4.0, 4.0, 7.0; 5
-3.0, 4.0, 7.0; 4
-2.0, 4.0, 7.0; 6
-1.0, 4.0, 7.0; 3
0.0, 4.0, 7.0; 3
1.0, 4.0, 7.0; 2
2.0, 4.0, 7.0; 2
3.0, 4.0, 7.0; 2
4.0, 4.0, 7.0; 1
-5.0, 5.0, 7.0; 1
-3.0, 5.0, 7.0; 2
-2.0, 5.0, 7.0; 3
-1.0, 5.0, 7.0; 1
0.0, 5.0, 7.0; 1
-2.0, 6.0, 7.0; 1
-2.0, -6.0, 8.0; 1
0.0, -6.0, 8.0; 1
-4.0, -5.0, 8.0; 1
-1.0, -5.0, 8.0; 1
0.0, -5.0, 8.0; 2
2.0, -5.0, 8.0; 1
-5.0, -4.0, 8.0; 1
-2.0, -4.0, 8.0; 1
0.0, -4.0, 8.0; 1
2.0, -4.0, 8.0; 1
-5.0, -3.0, 8.0; 1
-2.0, -3.0, 8.0; 1
1.0, -3.0, 8.0; 1
2.0, -3.0, 8.0; 1
-3.0, -2.0, 8.0; 1
-2.0, -2.0, 8.0; 1
2.0, -2.0, 8.0; 1
-1.0, -1.0, 8.0; 1
1.0, -1.0, 8.0; 1
-6.0, 0.0, 8.0; 1
-5.0, 0.0, 8.0; 1
-4.0, 0.0, 8.0; 1
-2.0, 0.0, 8.0; 1
-4.0, 1.0, 8.0; 3
0.0, 1.0, 8.0; 1
-4.0, 2.0, 8.0; 2
-3.0, 2.0, 8.0; 1
1.0, 2.0, 8.0; 2
-4.0, 3.0, 8.0; 2
-1.0, 3.0, 8.0; 2
1.0, 3.0, 8.0; 1
2.0, 3.0, 8.0; 1
-3.0, 4.0, 8.0; 1
-2.0, 5.0, 8.0; 1
1.0, -3.0, 9.0; 1
2.0, -3.0, 9.0; 1
-1.0, -2.0, 9.0; 1
-1.0, -1.0, 9.0; 1
-1.0, 1.0, 9.0; 1
-2.0, 2.0, 9.0; 1
1.0, 2.0, 9.0; 1
-2.0, -4.0, -10.0; 2
-1.0, -4.0, -10.0; 1
1.0, -4.0, -10.0; 2
-4.0, -3.0, -10.0; 1
-3.0, -3.0, -10.0; 1
-2.0, -3.0, -10.0; 2
-1.0, -3.0, -10.0; 1
0.0, -3.0, -10.0; 3
1.0, -3.0, -10.0; 1
-3.0, -2.0, -10.0; 2
0.0, -2.0, -10.0; 1
1.0, -2.0, -10.0; 1
-4.0, -1.0, -10.0; 1
-3.0, -1.0, -10.0; 4
-2.0, -1.0, -10.0; 8
-1.0, -1.0, -10.0; 1
0.0, -1.0, -10.0; 3
2.0, -1.0, -10.0; 2
-5.0, 0.0, -10.0; 1
-2.0, 0.0, -10.0; 1
-1.0, 0.0, -10.0; 2
0.0, 0.0, -10.0; 3
1.0, 0.0, -10.0; 1
3.0, 0.0, -10.0; 2
-2.0, 1.0, -10.0; 4
-1.0, 1.0, -10.0; 1
0.0, 1.0, -10.0; 3
2.0, 1.0, -10.0; 1
-3.0, 2.0, -10.0; 1
-1.0, 2.0, -10.0; 1
0.0, 2.0, -10.0; 1
2.0, 2.0, -10.0; 1
3.0, 2.0, -10.0; 1
-2.0, 3.0, -10.0; 1
-1.0, 3.0, -10.0; 1
0.0, 3.0, -10.0; 1
-2.0, -6.0, -9.0; 2
-1.0, -6.0, -9.0; 2
0.0, -6.0, -9.0; 1
-3.0, -5.0, -9.0; 2
-2.0, -5.0, -9.0; 2
-1.0, -5.0, -9.0; 2
1.0, -5.0, -9.0; 1
2.0, -5.0, -9.0; 2
-4.0, -4.0, -9.0; 2
-3.0, -4.0, -9.0; 2
-2.0, -4.0, -9.0; 3
-1.0, -4.0, -9.0; 1
0.0, -4.0, -9.0; 3
1.0, -4.0, -9.0; 5
2.0, -4.0, -9.0; 2
4.0, -4.0, -9.0; 2
-4.0, -3.0, -9.0; 3
-3.0, -3.0, -9.0; 5
-2.0, -3.0, -9.0; 4
-1.0, -3.0, -9.0; 2
0.0, -3.0, -9.0; 4
1.0, -3.0, -9.0; 8
2.0, -3.0, -9.0; 4
3.0, -3.0, -9.0; 1
4.0, -3.0, -9.0; 1
-6.0, -2.0, -9.0; 1
-5.0, -2.0, -9.0; 1
-4.0, -2.0, -9.0; 1
-3.0, -2.0, -9.0; 4
-2.0, -2.0, -9.0; 1
-1.0, -2.0, -9.0; 3
0.0, -2.0, -9.0; 2
1.0, -2.0, -9.0; 5
2.0, -2.0, -9.0; 1
3.0, -2.0, -9.0; 2
-6.0, -1.0, -9.0; 1
-5.0, -1.0, -9.0; 1
-4.0, -1.0, -9.0; 1
-3.0, -1.0, -9.0; 1
-2.0, -1.0, -9.0; 4
-1.0, -1.0, -9.0; 3
0.0, -1.0, -9.0; 4
1.0, -1.0, -9.0; 6
2.0, -1.0, -9.0; 3
3.0, -1.0, -9.0; 1
-5.0, 0.0, -9.0; 1
-4.0, 0.0, -9.0; 4
-3.0, 0.0, -9.0; 5
-2.0, 0.0, -9.0; 7
-1.0, 0.0, -9.0; 6
0.0, 0.0, -9.0; 2
1.0, 0.0, -9.0; 4
2.0, 0.0, -9.0; 1
3.0, 0.0, -9.0; 1
4.0, 0.0, -9.0; 3
-5.0, 1.0, -9.0; 4
-4.0, 1.0, -9.0; 4
-3.0, 1.0, -9.0; 5
-2.0, 1.0, -9.0; 5
-1.0, 1.0, -9.0; 4
1.0, 1.0, -9.0; 2
3.0, 1.0, -9.0; 4
5.0, 1.0, -9.0; 1
-6.0, 2.0, -9.0; 1
-5.0, 2.0, -9.0; 4
-4.0, 2.0, -9.0; 3
-3.0, 2.0, -9.0; 9
-2.0, 2.0, -9.0; 6
-1.0, 2.0, -9.0; 3
0.0, 2.0, -9.0; 1
-6.0, 3.0, -9.0; 1
-5.0, 3.0, -9.0; 1
-4.0, 3.0, -9.0; 1
-3.0, 3.0, -9.0; 4
-2.0, 3.0, -9.0; 5
-1.0, 3.0, -9.0; 4
0.0, 3.0, -9.0; 2
1.0, 3.0, -9.0; 2
2.0, 3.0, -9.0; 3
3.0, 3.0, -9.0; 2
-4.0, 4.0, -9.0; 1
-3.0, 4.0, -9.0; 3
-2.0, 4.0, -9.0; 5
-1.0, 4.0, -9.0; 2
0.0, 4.0, -9.0; 2
1.0, 4.0, -9.0; 1
-2.0, 5.0, -9.0; 2
-1.0, 5.0, -9.0; 2
0.0, 5.0, -9.0; 1
-1.0, -7.0, -8.0; 2
0.0, -7.0, -8.0; 5
1.0, -7.0, -8.0; 9
2.0, -7.0, -8.0; 3
-3.0, -6.0, -8.0; 3
-2.0, -6.0, -8.0; 1
-1.0, -6.0, -8.0; 1
0.0, -6.0, -8.0; 4
1.0, -6.0, -8.0; 9
2.0, -6.0, -8.0; 3
3.0, -6.0, -8.0; 1
-5.0, -5.0, -8.0; 2
-4.0, -5.0, -8.0; 3
-3.0, -5.0, -8.0; 2
-2.0, -5.0, -8.0; 2
0.0, -5.0, -8.0; 2
2.0, -5.0, -8.0; 2
3.0, -5.0, -8.0; 3
4.0, -5.0, -8.0; 2
-6.0, -4.0, -8.0; 1
-5.0, -4.0, -8.0; 2
-4.0, -4.0, -8.0; 4
-3.0, -4.0, -8.0; 6
-2.0, -4.0, -8.0; 4
-1.0, -4.0, -8.0; 4
0.0, -4.0, -8.0; 2
1.0, -4.0, -8.0; 3
2.0, -4.0, -8.0; 4
3.0, -4.0, -8.0; 4
4.0, -4.0, -8.0; 2
5.0, -4.0, -8.0; 1
-7.0, -3.0, -8.0; 1
-5.0, -3.0, -8.0; 3
-4.0, -3.0, -8.0; 4
-3.0, -3.0, -8.0; 3
-2.0, -3.0, -8.0; 1
-1.0, -3.0, -8.0; 3
0.0, -3.0, -8.0; 3
1.0, -3.0, -8.0; 2
2.0, -3.0, -8.0; 2
3.0, -3.0, -8.0; 3
4.0, -3.0, -8.0; 1
-7.0, -2.0, -8.0; 1
-6.0, -2.0, -8.0; 1
-5.0, -2.0, -8.0; 7
-4.0, -2.0, -8.0; 6
-3.0, -2.0, -8.0; 3
-2.0, -2.0, -8.0; 2
-1.0, -2.0, -8.0; 4
0.0, -2.0, -8.0; 2
1.0, -2.0, -8.0; 1
2.0, -2.0, -8.0; 7
3.0, -2.0, -8.0; 1
4.0, -2.0, -8.0; 1
6.0, -2.0, -8.0; 1
-7.0, -1.0, -8.0; 2
-5.0, -1.0, -8.0; 5
-4.0, -1.0, -8.0; 10
-3.0, -1.0, -8.0; 5
-2.0, -1.0, -8.0; 5
-1.0, -1.0, -8.0; 2
0.0, -1.0, -8.0; 1
1.0, -1.0, -8.0; 5
2.0, -1.0, -8.0; 4
3.0, -1.0, -8.0; 5
4.0, -1.0, -8.0; 2
5.0, -1.0, -8.0; 3
6.0, -1.0, -8.0; 1
-7.0, 0.0, -8.0; 2
-6.0, 0.0, -8.0; 6
-5.0, 0.0, -8.0; 2
-4.0, 0.0, -8.0; 3
-3.0, 0.0, -8.0; 2
-2.0, 0.0, -8.0; 4
-1.0, 0.0, -8.0; 7
0.0, 0.0, -8.0; 4
1.0, 0.0, -8.0; 4
2.0, 0.0, -8.0; 4
3.0, 0.0, -8.0; 1
6.0, 0.0, -8.0; 2
-7.0, 1.0, -8.0; 1
-6.0, 1.0, -8.0; 5
-5.0, 1.0, -8.0; 4
-4.0, 1.0, -8.0; 5
-3.0, 1.0, -8.0; 3
-2.0, 1.0, -8.0; 3
-1.0, 1.0, -8.0; 8
0.0, 1.0, -8.0; 5
1.0, 1.0, -8.0; 1
2.0, 1.0, -8.0; 3
3.0, 1.0, -8.0; 1
4.0, 1.0, -8.0; 2
5.0, 1.0, -8.0; 4
6.0, 1.0, -8.0; 1
-6.0, 2.0, -8.0; 5
-5.0, 2.0, -8.0; 9
-4.0, 2.0, -8.0; 5
-3.0, 2.0, -8.0; 4
-2.0, 2.0, -8.0; 2
-1.0, 2.0, -8.0; 1
0.0, 2.0, -8.0; 3
1.0, 2.0, -8.0; 6
2.0, 2.0, -8.0; 3
3.0, 2.0, -8.0; 4
4.0, 2.0, -8.0; 2
5.0, 2.0, -8.0; 3
-5.0, 3.0, -8.0; 3
-4.0, 3.0, -8.0; 3
-3.0, 3.0, -8.0; 3
-2.0, 3.0, -8.0; 2
-1.0, 3.0, -8.0; 4
1.0, 3.0, -8.0; 4
2.0, 3.0, -8.0; 3
3.0, 3.0, -8.0; 4
4.0, 3.0, -8.0; 1
5.0, 3.0, -8.0; 1
6.0, 3.0, -8.0; 1
-6.0, 4.0, -8.0; 1
-5.0, 4.0, -8.0; 3
-4.0, 4.0, -8.0; 5
-3.0, 4.0, -8.0; 4
-2.0, 4.0, -8.0; 3
-1.0, 4.0, -8.0; 5
0.0, 4.0, -8.0; 4
1.0, 4.0, -8.0; 1
2.0, 4.0, -8.0; 1
3.0, 4.0, -8.0; 3
-5.0, 5.0, -8.0; 1
-4.0, 5.0, -8.0; 3
-3.0, 5.0, -8.0; 7
-2.0, 5.0, -8.0; 2
-1.0, 5.0, -8.0; 2
0.0, 5.0, -8.0; 3
1.0, 5.0, -8.0; 2
3.0, 5.0, -8.0; 1
-1.0, 6.0, -8.0; 3
0.0, 6.0, -8.0; 3
1.0, 6.0, -8.0; 1
0.0, 7.0, -8.0; 1
-2.0, -8.0, -7.0; 4
-1.0, -8.0, -7.0; 3
0.0, -8.0, -7.0; 4
1.0, -8.0, -7.0; 3
-4.0, -7.0, -7.0; 4
-3.0, -7.0, -7.0; 8
-2.0, -7.0, -7.0; 11
-1.0, -7.0, -7.0; 5
0.0, -7.0, -7.0; 10
1.0, -7.0, -7.0; 6
2.0, -7.0, -7.0; 4
3.0, -7.0, -7.0; 2
4.0, -7.0, -7.0; 1
-6.0, -6.0, -7.0; 1
-5.0, -6.0, -7.0; 5
-4.0, -6.0, -7.0; 3
-3.0, -6.0, -7.0; 5
-2.0, -6.0, -7.0; 4
-1.0, -6.0, -7.0; 4
0.0, -6.0, -7.0; 2
1.0, -6.0, -7.0; 8
2.0, -6.0, -7.0; 4
3.0, -6.0, -7.0; 3
4.0, -6.0, -7.0; 1
-6.0, -5.0, -7.0; 4
-5.0, -5.0, -7.0; 7
-4.0, -5.0, -7.0; 4
-3.0, -5.0, -7.0; 4
-2.0, -5.0, -7.0; 3
-1.0, -5.0, -7.0; 2
0.0, -5.0, -7.0; 5
1.0, -5.0, -7.0; 2
3.0, -5.0, -7.0; 4
4.0, -5.0, -7.0; 6
5.0, -5.0, -7.0; 3
-8.0, -4.0, -7.0; 1
-7.0, -4.0, -7.0; 3
-6.0, -4.0, -7.0; 6
-5.0, -4.0, -7.0; 5
-4.0, -4.0, -7.0; 7
-3.0, -4.0, -7.0; 3
-2.0, -4.0, -7.0; 6
-1.0, -4.0, -7.0; 2
0.0, -4.0, -7.0; 3
1.0, -4.0, -7.0; 6
2.0, -4.0, -7.0; 1
3.0, -4.0, -7.0; 4
4.0, -4.0, -7.0; 1
-7.0, -3.0, -7.0; 2
-6.0, -3.0, -7.0; 6
-5.0, -3.0, -7.0; 9
-4.0, -3.0, -7.0; 5
-3.0, -3.0, -7.0; 2
-2.0, -3.0, -7.0; 2
-1.0, -3.0, -7.0; 2
0.0, -3.0, -7.0; 4
1.0, -3.0, -7.0; 6
2.0, -3.0, -7.0; 2
3.0, -3.0, -7.0; 3
4.0, -3.0, -7.0; 1
6.0, -3.0, -7.0; 1
7.0, -3.0, -7.0; 1
-8.0, -2.0, -7.0; 2
-7.0, -2.0, -7.0; 1
-6.0, -2.0, -7.0; 12
-5.0, -2.0, -7.0; 17
-4.0, -2.0, -7.0; 2
-3.0, -2.0, -7.0; 1
-2.0, -2.0, -7.0; 5
-1.0, -2.0, -7.0; 9
0.0, -2.0, -7.0; 6
2.0, -2.0, -7.0; 3
3.0, -2.0, -7.0; 7
4.0, -2.0, -7.0; 4
6.0, -2.0, -7.0; 2
7.0, -2.0, -7.0; 1
-8.0, -1.0, -7.0; 1
-7.0, -1.0, -7.0; 4
-6.0, -1.0, -7.0; 4
-5.0, -1.0, -7.0; 7
-4.0, -1.0, -7.0; 2
-3.0, -1.0, -7.0; 2
-2.0, -1.0, -7.0; 4
-1.0, -1.0, -7.0; 6
0.0, -1.0, -7.0; 5
1.0, -1.0, -7.0; 2
2.0, -1.0, -7.0; 8
3.0, -1.0, -7.0; 14
4.0, -1.0, -7.0; 7
5.0, -1.0, -7.0; 2
6.0, -1.0, -7.0; 1
7.0, -1.0, -7.0; 3
-8.0, 0.0, -7.0; 1
-7.0, 0.0, -7.0; 6
-6.0, 0.0, -7.0; 8
-5.0, 0.0, -7.0; 4
-1.0, 0.0, -7.0; 1
0.0, 0.0, -7.0; 3
1.0, 0.0, -7.0; 6
2.0, 0.0, -7.0; 7
3.0, 0.0, -7.0; 11
4.0, 0.0, -7.0; 5
5.0, 0.0, -7.0; 1
6.0, 0.0, -7.0; 3
7.0, 0.0, -7.0; 2
-8.0, 1.0, -7.0; 2
-7.0, 1.0, -7.0; 12
-6.0, 1.0, -7.0; 8
-5.0, 1.0, -7.0; 3
-4.0, 1.0, -7.0; 5
-3.0, 1.0, -7.0; 2
-1.0, 1.0, -7.0; 5
0.0, 1.0, -7.0; 4
1.0, 1.0, -7.0; 6
2.0, 1.0, -7.0; 6
3.0, 1.0, -7.0; 3
4.0, 1.0, -7.0; 2
5.0, 1.0, -7.0; 1
6.0, 1.0, -7.0; 1
-7.0, 2.0, -7.0; 4
-6.0, 2.0, -7.0; 5
-5.0, 2.0, -7.0; 4
-4.0, 2.0, -7.0; 5
-3.0, 2.0, -7.0; 3
-2.0, 2.0, -7.0; 2
-1.0, 2.0, -7.0; 3
0.0, 2.0, -7.0; 2
1.0, 2.0, -7.0; 3
2.0, 2.0, -7.0; 4
3.0, 2.0, -7.0; 2
4.0, 2.0, -7.0; 3
5.0, 2.0, -7.0; 1
6.0, 2.0, -7.0; 1
-7.0, 3.0, -7.0; 4
-6.0, 3.0, -7.0; 2
-5.0, 3.0, -7.0; 1
-4.0, 3.0, -7.0; 2
-3.0, 3.0, -7.0; 5
-1.0, 3.0, -7.0; 1
1.0, 3.0, -7.0; 3
2.0, 3.0, -7.0; 6
3.0, 3.0, -7.0; 4
4.0, 3.0, -7.0; 4
5.0, 3.0, -7.0; 1
6.0, 3.0, -7.0; 3
-6.0, 4.0, -7.0; 2
-5.0, 4.0, -7.0; 6
-4.0, 4.0, -7.0; 2
-3.0, 4.0, -7.0; 4
-2.0, 4.0, -7.0; 1
-1.0, 4.0, -7.0; 2
0.0, 4.0, -7.0; 3
1.0, 4.0, -7.0; 3
2.0, 4.0, -7.0; 3
3.0, 4.0, -7.0; 2
4.0, 4.0, -7.0; 2
6.0, 4.0, -7.0; 1
-5.0, 5.0, -7.0; 6
-4.0, 5.0, -7.0; 1
-3.0, 5.0, -7.0; 1
-2.0, 5.0, -7.0; 1
-1.0, 5.0, -7.0; 4
0.0, 5.0, -7.0; 3
1.0, 5.0, -7.0; 3
2.0, 5.0, -7.0; 5
3.0, 5.0, -7.0; 4
4.0, 5.0, -7.0; 3
5.0, 5.0, -7.0; 2
-4.0, 6.0, -7.0; 2
-3.0, 6.0, -7.0; 1
-2.0, 6.0, -7.0; 6
-1.0, 6.0, -7.0; 4
1.0, 6.0, -7.0; 4
2.0, 6.0, -7.0; 5
3.0, 6.0, -7.0; 2
-3.0, 7.0, -7.0; 2
-2.0, 7.0, -7.0; 1
-1.0, 7.0, -7.0; 1
0.0, 7.0, -7.0; 1
2.0, 7.0, -7.0; 1
-1.0, -9.0, -6.0; 1
0.0, -9.0, -6.0; 2
1.0, -9.0, -6.0; 2
2.0, -9.0, -6.0; 1
-4.0, -8.0, -6.0; 2
-3.0, -8.0, -6.0; 11
-2.0, -8.0, -6.0; 128
-1.0, -8.0, -6.0; 136
0.0, -8.0, -6.0; 28
1.0, -8.0, -6.0; 8
2.0, -8.0, -6.0; 1
3.0, -8.0, -6.0; 1
4.0, -8.0, -6.0; 1
-6.0, -7.0, -6.0; 3
-5.0, -7.0, -6.0; 5
-4.0, -7.0, -6.0; 10
-3.0, -7.0, -6.0; 25
-2.0, -7.0, -6.0; 182
-1.0, -7.0, -6.0; 134
0.0, -7.0, -6.0; 11
1.0, -7.0, -6.0; 6
2.0, -7.0, -6.0; 1
3.0, -7.0, -6.0; 3
4.0, -7.0, -6.0; 2
-7.0, -6.0, -6.0; 1
-6.0, -6.0, -6.0; 8
-5.0, -6.0, -6.0; 8
-4.0, -6.0, -6.0; 6
-3.0, -6.0, -6.0; 22
-2.0, -6.0, -6.0; 22
-1.0, -6.0, -6.0; 9
0.0, -6.0, -6.0; 9
1.0, -6.0, -6.0; 4
2.0, -6.0, -6.0; 6
3.0, -6.0, -6.0; 3
4.0, -6.0, -6.0; 5
5.0, -6.0, -6.0; 2
-7.0, -5.0, -6.0; 7
-6.0, -5.0, -6.0; 9
-5.0, -5.0, -6.0; 2
-4.0, -5.0, -6.0; 6
-3.0, -5.0, -6.0; 10
-2.0, -5.0, -6.0; 7
-1.0, -5.0, -6.0; 6
0.0, -5.0, -6.0; 11
1.0, -5.0, -6.0; 19
2.0, -5.0, -6.0; 5
3.0, -5.0, -6.0; 3
4.0, -5.0, -6.0; 3
5.0, -5.0, -6.0; 4
6.0, -5.0, -6.0; 1
-7.0, -4.0, -6.0; 3
-6.0, -4.0, -6.0; 12
-5.0, -4.0, -6.0; 6
-4.0, -4.0, -6.0; 5
-3.0, -4.0, -6.0; 12
-2.0, -4.0, -6.0; 6
-1.0, -4.0, -6.0; 10
0.0, -4.0, -6.0; 25
1.0, -4.0, -6.0; 14
2.0, -4.0, -6.0; 5
3.0, -4.0, -6.0; 1
4.0, -4.0, -6.0; 4
5.0, -4.0, -6.0; 1
6.0, -4.0, -6.0; 1
-9.0, -3.0, -6.0; 1
-8.0, -3.0, -6.0; 1
-7.0, -3.0, -6.0; 7
-6.0, -3.0, -6.0; 7
-5.0, -3.0, -6.0; 4
-4.0, -3.0, -6.0; 5
-3.0, -3.0, -6.0; 10
-2.0, -3.0, -6.0; 19
-1.0, -3.0, -6.0; 29
0.0, -3.0, -6.0; 78
1.0, -3.0, -6.0; 27
2.0, -3.0, -6.0; 8
3.0, -3.0, -6.0; 2
4.0, -3.0, -6.0; 2
5.0, -3.0, -6.0; 1
7.0, -3.0, -6.0; 2
-8.0, -2.0, -6.0; 3
-7.0, -2.0, -6.0; 5
-6.0, -2.0, -6.0; 5
-4.0, -2.0, -6.0; 10
-3.0, -2.0, -6.0; 18
-2.0, -2.0, -6.0; 43
-1.0, -2.0, -6.0; 54
0.0, -2.0, -6.0; 45
1.0, -2.0, -6.0; 22
2.0, -2.0, -6.0; 5
3.0, -2.0, -6.0; 4
4.0, -2.0, -6.0; 10
5.0, -2.0, -6.0; 2
7.0, -2.0, -6.0; 1
-8.0, -1.0, -6.0; 2
-7.0, -1.0, -6.0; 4
-6.0, -1.0, -6.0; 3
-5.0, -1.0, -6.0; 2
-4.0, -1.0, -6.0; 1
-3.0, -1.0, -6.0; 8
-2.0, -1.0, -6.0; 36
-1.0, -1.0, -6.0; 39
0.0, -1.0, -6.0; 20
1.0, -1.0, -6.0; 25
2.0, -1.0, -6.0; 4
3.0, -1.0, -6.0; 18
4.0, -1.0, -6.0; 20
5.0, -1.0, -6.0; 3
6.0, -1.0, -6.0; 1
7.0, -1.0, -6.0; 1
-9.0, 0.0, -6.0; 1
-8.0, 0.0, -6.0; 1
-7.0, 0.0, -6.0; 11
-6.0, 0.0, -6.0; 6
-3.0, 0.0, -6.0; 1
-2.0, 0.0, -6.0; 11
-1.0, 0.0, -6.0; 13
0.0, 0.0, -6.0; 2
1.0, 0.0, -6.0; 3
2.0, 0.0, -6.0; 12
3.0, 0.0, -6.0; 37
4.0, 0.0, -6.0; 3
5.0, 0.0, -6.0; 4
6.0, 0.0, -6.0; 2
8.0, 0.0, -6.0; 1
-9.0, 1.0, -6.0; 1
-8.0, 1.0, -6.0; 4
-7.0, 1.0, -6.0; 4
-6.0, 1.0, -6.0; 7
-5.0, 1.0, -6.0; 2
-4.0, 1.0, -6.0; 1
-3.0, 1.0, -6.0; 4
-2.0, 1.0, -6.0; 7
-1.0, 1.0, -6.0; 10
0.0, 1.0, -6.0; 6
1.0, 1.0, -6.0; 1
2.0, 1.0, -6.0; 3
3.0, 1.0, -6.0; 4
4.0, 1.0, -6.0; 4
5.0, 1.0, -6.0; 4
6.0, 1.0, -6.0; 1
7.0, 1.0, -6.0; 2
-8.0, 2.0, -6.0; 2
-7.0, 2.0, -6.0; 2
-6.0, 2.0, -6.0; 2
-5.0, 2.0, -6.0; 22
-4.0, 2.0, -6.0; 19
-3.0, 2.0, -6.0; 9
-2.0, 2.0, -6.0; 23
-1.0, 2.0, -6.0; 25
0.0, 2.0, -6.0; 29
1.0, 2.0, -6.0; 1
2.0, 2.0, -6.0; 4
3.0, 2.0, -6.0; 10
4.0, 2.0, -6.0; 7
5.0, 2.0, -6.0; 2
6.0, 2.0, -6.0; 1
-8.0, 3.0, -6.0; 2
-7.0, 3.0, -6.0; 2
-6.0, 3.0, -6.0; 2
-5.0, 3.0, -6.0; 5
-4.0, 3.0, -6.0; 28
-3.0, 3.0, -6.0; 12
-2.0, 3.0, -6.0; 3
-1.0, 3.0, -6.0; 7
0.0, 3.0, -6.0; 8
1.0, 3.0, -6.0; 2
2.0, 3.0, -6.0; 12
3.0, 3.0, -6.0; 10
4.0, 3.0, -6.0; 4
5.0, 3.0, -6.0; 1
6.0, 3.0, -6.0; 1
-8.0, 4.0, -6.0; 1
-7.0, 4.0, -6.0; 4
-6.0, 4.0, -6.0; 4
-5.0, 4.0, -6.0; 3
-4.0, 4.0, -6.0; 1
-3.0, 4.0, -6.0; 5
-2.0, 4.0, -6.0; 6
-1.0, 4.0, -6.0; 5
0.0, 4.0, -6.0; 5
1.0, 4.0, -6.0; 2
2.0, 4.0, -6.0; 4
3.0, 4.0, -6.0; 7
4.0, 4.0, -6.0; 6
5.0, 4.0, -6.0; 4
6.0, 4.0, -6.0; 2
-7.0, 5.0, -6.0; 1
-6.0, 5.0, -6.0; 3
-5.0, 5.0, -6.0; 1
-4.0, 5.0, -6.0; 2
-3.0, 5.0, -6.0; 6
-2.0, 5.0, -6.0; 3
-1.0, 5.0, -6.0; 2
0.0, 5.0, -6.0; 3
1.0, 5.0, -6.0; 1
2.0, 5.0, -6.0; 4
3.0, 5.0, -6.0; 4
4.0, 5.0, -6.0; 1
5.0, 5.0, -6.0; 1
6.0, 5.0, -6.0; 1
-6.0, 6.0, -6.0; 2
-5.0, 6.0, -6.0; 3
-4.0, 6.0, -6.0; 5
-3.0, 6.0, -6.0; 3
-2.0, 6.0, -6.0; 7
-1.0, 6.0, -6.0; 1
0.0, 6.0, -6.0; 3
1.0, 6.0, -6.0; 2
2.0, 6.0, -6.0; 3
3.0, 6.0, -6.0; 4
4.0, 6.0, -6.0; 5
-4.0, 7.0, -6.0; 6
-3.0, 7.0, -6.0; 5
-2.0, 7.0, -6.0; 7
-1.0, 7.0, -6.0; 2
0.0, 7.0, -6.0; 4
1.0, 7.0, -6.0; 3
2.0, 7.0, -6.0; 1
3.0, 7.0, -6.0; 2
-3.0, 8.0, -6.0; 1
-2.0, 8.0, -6.0; 6
-1.0, 8.0, -6.0; 4
0.0, 8.0, -6.0; 1
-1.0, -10.0, -5.0; 2
-4.0, -9.0, -5.0; 3
-3.0, -9.0, -5.0; 2
-2.0, -9.0, -5.0; 5
-1.0, -9.0, -5.0; 15
0.0, -9.0, -5.0; 10
1.0, -9.0, -5.0; 9
2.0, -9.0, -5.0; 1
3.0, -9.0, -5.0; 1
-6.0, -8.0, -5.0; 1
-5.0, -8.0, -5.0; 4
-4.0, -8.0, -5.0; 4
-3.0, -8.0, -5.0; 27
-2.0, -8.0, -5.0; 501
-1.0, -8.0, -5.0; 534
0.0, -8.0, -5.0; 15
1.0, -8.0, -5.0; 6
2.0, -8.0, -5.0; 3
3.0, -8.0, -5.0; 7
4.0, -8.0, -5.0; 9
-7.0, -7.0, -5.0; 1
-6.0, -7.0, -5.0; 4
-5.0, -7.0, -5.0; 2
-4.0, -7.0, -5.0; 6
-3.0, -7.0, -5.0; 15
-2.0, -7.0, -5.0; 65
-1.0, -7.0, -5.0; 52
0.0, -7.0, -5.0; 16
1.0, -7.0, -5.0; 5
2.0, -7.0, -5.0; 8
4.0, -7.0, -5.0; 4
5.0, -7.0, -5.0; 3
-7.0, -6.0, -5.0; 2
-6.0, -6.0, -5.0; 7
-5.0, -6.0, -5.0; 6
-4.0, -6.0, -5.0; 6
-3.0, -6.0, -5.0; 3
-2.0, -6.0, -5.0; 4
-1.0, -6.0, -5.0; 6
0.0, -6.0, -5.0; 27
1.0, -6.0, -5.0; 33
2.0, -6.0, -5.0; 20
3.0, -6.0, -5.0; 9
4.0, -6.0, -5.0; 9
5.0, -6.0, -5.0; 3
6.0, -6.0, -5.0; 2
7.0, -6.0, -5.0; 1
-8.0, -5.0, -5.0; 4
-7.0, -5.0, -5.0; 9
-6.0, -5.0, -5.0; 2
-5.0, -5.0, -5.0; 3
-4.0, -5.0, -5.0; 2
-3.0, -5.0, -5.0; 7
-2.0, -5.0, -5.0; 8
-1.0, -5.0, -5.0; 11
0.0, -5.0, -5.0; 33
1.0, -5.0, -5.0; 39
2.0, -5.0, -5.0; 11
3.0, -5.0, -5.0; 8
4.0, -5.0, -5.0; 3
5.0, -5.0, -5.0; 3
6.0, -5.0, -5.0; 1
7.0, -5.0, -5.0; 1
-8.0, -4.0, -5.0; 2
-7.0, -4.0, -5.0; 8
-6.0, -4.0, -5.0; 4
-5.0, -4.0, -5.0; 3
-4.0, -4.0, -5.0; 15
-3.0, -4.0, -5.0; 73
-2.0, -4.0, -5.0; 66
-1.0, -4.0, -5.0; 23
0.0, -4.0, -5.0; 34
1.0, -4.0, -5.0; 85
2.0, -4.0, -5.0; 11
3.0, -4.0, -5.0; 4
4.0, -4.0, -5.0; 3
5.0, -4.0, -5.0; 7
6.0, -4.0, -5.0; 1
7.0, -4.0, -5.0; 1
-8.0, -3.0, -5.0; 5
-7.0, -3.0, -5.0; 1
-6.0, -3.0, -5.0; 1
-5.0, -3.0, -5.0; 6
-4.0, -3.0, -5.0; 65
-3.0, -3.0, -5.0; 1231
-2.0, -3.0, -5.0; 452
-1.0, -3.0, -5.0; 9
0.0, -3.0, -5.0; 203
1.0, -3.0, -5.0; 2455
2.0, -3.0, -5.0; 48
3.0, -3.0, -5.0; 3
4.0, -3.0, -5.0; 1
5.0, -3.0, -5.0; 1
6.0, -3.0, -5.0; 1
7.0, -3.0, -5.0; 2
8.0, -3.0, -5.0; 1
-9.0, -2.0, -5.0; 1
-8.0, -2.0, -5.0; 7
-7.0, -2.0, -5.0; 2
-6.0, -2.0, -5.0; 1
-5.0, -2.0, -5.0; 3
-4.0, -2.0, -5.0; 19
-3.0, -2.0, -5.0; 142
-2.0, -2.0, -5.0; 33
-1.0, -2.0, -5.0; 5
0.0, -2.0, -5.0; 53
1.0, -2.0, -5.0; 133
2.0, -2.0, -5.0; 23
3.0, -2.0, -5.0; 1
4.0, -2.0, -5.0; 2
5.0, -2.0, -5.0; 1
6.0, -2.0, -5.0; 2
-9.0, -1.0, -5.0; 1
-8.0, -1.0, -5.0; 6
-7.0, -1.0, -5.0; 8
-6.0, -1.0, -5.0; 1
-5.0, -1.0, -5.0; 1
-4.0, -1.0, -5.0; 21
-3.0, -1.0, -5.0; 48
-2.0, -1.0, -5.0; 31
-1.0, -1.0, -5.0; 22
0.0, -1.0, -5.0; 19
1.0, -1.0, -5.0; 7
2.0, -1.0, -5.0; 6
3.0, -1.0, -5.0; 3
4.0, -1.0, -5.0; 18
6.0, -1.0, -5.0; 1
7.0, -1.0, -5.0; 3
8.0, -1.0, -5.0; 1
-9.0, 0.0, -5.0; 1
-8.0, 0.0, -5.0; 6
-7.0, 0.0, -5.0; 21
-6.0, 0.0, -5.0; 2
-4.0, 0.0, -5.0; 9
-3.0, 0.0, -5.0; 24
-2.0, 0.0, -5.0; 22
-1.0, 0.0, -5.0; 4
0.0, 0.0, -5.0; 15
1.0, 0.0, -5.0; 1
2.0, 0.0, -5.0; 1
3.0, 0.0, -5.0; 8
4.0, 0.0, -5.0; 2
5.0, 0.0, -5.0; 1
6.0, 0.0, -5.0; 3
7.0, 0.0, -5.0; 2
8.0, 0.0, -5.0; 1
-9.0, 1.0, -5.0; 1
-8.0, 1.0, -5.0; 6
-7.0, 1.0, -5.0; 4
-6.0, 1.0, -5.0; 6
-5.0, 1.0, -5.0; 5
-4.0, 1.0, -5.0; 7
-3.0, 1.0, -5.0; 2
-1.0, 1.0, -5.0; 1
0.0, 1.0, -5.0; 1
3.0, 1.0, -5.0; 2
4.0, 1.0, -5.0; 1
5.0, 1.0, -5.0; 2
6.0, 1.0, -5.0; 2
7.0, 1.0, -5.0; 1
-9.0, 2.0, -5.0; 1
-8.0, 2.0, -5.0; 2
-7.0, 2.0, -5.0; 1
-6.0, 2.0, -5.0; 21
-5.0, 2.0, -5.0; 29
-4.0, 2.0, -5.0; 9
-3.0, 2.0, -5.0; 12
-2.0, 2.0, -5.0; 15
-1.0, 2.0, -5.0; 10
0.0, 2.0, -5.0; 39
1.0, 2.0, -5.0; 18
2.0, 2.0, -5.0; 4
3.0, 2.0, -5.0; 2
4.0, 2.0, -5.0; 2
5.0, 2.0, -5.0; 4
6.0, 2.0, -5.0; 3
7.0, 2.0, -5.0; 2
-9.0, 3.0, -5.0; 1
-8.0, 3.0, -5.0; 8
-7.0, 3.0, -5.0; 4
-6.0, 3.0, -5.0; 6
-5.0, 3.0, -5.0; 10
-4.0, 3.0, -5.0; 3
-3.0, 3.0, -5.0; 11
-2.0, 3.0, -5.0; 7
-1.0, 3.0, -5.0; 27
0.0, 3.0, -5.0; 33
1.0, 3.0, -5.0; 21
2.0, 3.0, -5.0; 4
3.0, 3.0, -5.0; 16
4.0, 3.0, -5.0; 12
5.0, 3.0, -5.0; 3
6.0, 3.0, -5.0; 6
7.0, 3.0, -5.0; 1
-8.0, 4.0, -5.0; 3
-7.0, 4.0, -5.0; 4
-6.0, 4.0, -5.0; 6
-5.0, 4.0, -5.0; 2
-4.0, 4.0, -5.0; 1
-3.0, 4.0, -5.0; 4
-2.0, 4.0, -5.0; 8
-1.0, 4.0, -5.0; 19
0.0, 4.0, -5.0; 7
1.0, 4.0, -5.0; 3
2.0, 4.0, -5.0; 8
3.0, 4.0, -5.0; 15
4.0, 4.0, -5.0; 11
5.0, 4.0, -5.0; 4
6.0, 4.0, -5.0; 1
-8.0, 5.0, -5.0; 1
-7.0, 5.0, -5.0; 4
-6.0, 5.0, -5.0; 4
-5.0, 5.0, -5.0; 15
-4.0, 5.0, -5.0; 11
-3.0, 5.0, -5.0; 4
-2.0, 5.0, -5.0; 4
-1.0, 5.0, -5.0; 3
0.0, 5.0, -5.0; 5
1.0, 5.0, -5.0; 6
2.0, 5.0, -5.0; 9
3.0, 5.0, -5.0; 4
4.0, 5.0, -5.0; 2
5.0, 5.0, -5.0; 1
6.0, 5.0, -5.0; 3
7.0, 5.0, -5.0; 1
-7.0, 6.0, -5.0; 2
-6.0, 6.0, -5.0; 5
-5.0, 6.0, -5.0; 5
-4.0, 6.0, -5.0; 12
-3.0, 6.0, -5.0; 11
-2.0, 6.0, -5.0; 8
-1.0, 6.0, -5.0; 1
0.0, 6.0, -5.0; 4
1.0, 6.0, -5.0; 5
2.0, 6.0, -5.0; 6
3.0, 6.0, -5.0; 4
4.0, 6.0, -5.0; 3
5.0, 6.0, -5.0; 5
-4.0, 7.0, -5.0; 4
-3.0, 7.0, -5.0; 5
-2.0, 7.0, -5.0; 1
-1.0, 7.0, -5.0; 2
0.0, 7.0, -5.0; 1
1.0, 7.0, -5.0; 4
2.0, 7.0, -5.0; 5
3.0, 7.0, -5.0; 2
-3.0, 8.0, -5.0; 2
-2.0, 8.0, -5.0; 9
-1.0, 8.0, -5.0; 21
0.0, 8.0, -5.0; 12
1.0, 8.0, -5.0; 3
2.0, 8.0, -5.0; 2
-3.0, -10.0, -4.0; 1
-2.0, -10.0, -4.0; 3
-1.0, -10.0, -4.0; 5
0.0, -10.0, -4.0; 8
1.0, -10.0, -4.0; 3
-5.0, -9.0, -4.0; 2
-4.0, -9.0, -4.0; 3
-3.0, -9.0, -4.0; 6
-2.0, -9.0, -4.0; 14
-1.0, -9.0, -4.0; 19
0.0, -9.0, -4.0; 18
1.0, -9.0, -4.0; 12
2.0, -9.0, -4.0; 6
3.0, -9.0, -4.0; 3
-6.0, -8.0, -4.0; 3
-5.0, -8.0, -4.0; 4
-4.0, -8.0, -4.0; 4
-3.0, -8.0, -4.0; 3
-2.0, -8.0, -4.0; 40
-1.0, -8.0, -4.0; 45
0.0, -8.0, -4.0; 9
1.0, -8.0, -4.0; 4
2.0, -8.0, -4.0; 4
3.0, -8.0, -4.0; 2
4.0, -8.0, -4.0; 5
-7.0, -7.0, -4.0; 1
-6.0, -7.0, -4.0; 4
-5.0, -7.0, -4.0; 2
-4.0, -7.0, -4.0; 2
-3.0, -7.0, -4.0; 1
-2.0, -7.0, -4.0; 3
-1.0, -7.0, -4.0; 10
0.0, -7.0, -4.0; 13
1.0, -7.0, -4.0; 27
2.0, -7.0, -4.0; 14
3.0, -7.0, -4.0; 7
4.0, -7.0, -4.0; 8
5.0, -7.0, -4.0; 6
6.0, -7.0, -4.0; 4
-7.0, -6.0, -4.0; 9
-6.0, -6.0, -4.0; 7
-5.0, -6.0, -4.0; 1
-4.0, -6.0, -4.0; 1
-3.0, -6.0, -4.0; 1
-2.0, -6.0, -4.0; 2
-1.0, -6.0, -4.0; 5
0.0, -6.0, -4.0; 44
1.0, -6.0, -4.0; 139
2.0, -6.0, -4.0; 31
3.0, -6.0, -4.0; 26
4.0, -6.0, -4.0; 12
5.0, -6.0, -4.0; 9
6.0, -6.0, -4.0; 3
7.0, -6.0, -4.0; 1
-8.0, -5.0, -4.0; 5
-7.0, -5.0, -4.0; 3
-6.0, -5.0, -4.0; 3
-4.0, -5.0, -4.0; 3
-3.0, -5.0, -4.0; 1
-2.0, -5.0, -4.0; 8
-1.0, -5.0, -4.0; 53
0.0, -5.0, -4.0; 40
1.0, -5.0, -4.0; 79
2.0, -5.0, -4.0; 40
3.0, -5.0, -4.0; 14
4.0, -5.0, -4.0; 6
5.0, -5.0, -4.0; 5
6.0, -5.0, -4.0; 3
-9.0, -4.0, -4.0; 3
-8.0, -4.0, -4.0; 4
-7.0, -4.0, -4.0; 1
-6.0, -4.0, -4.0; 3
-5.0, -4.0, -4.0; 6
-4.0, -4.0, -4.0; 21
-3.0, -4.0, -4.0; 12
-2.0, -4.0, -4.0; 10
-1.0, -4.0, -4.0; 7
0.0, -4.0, -4.0; 4
1.0, -4.0, -4.0; 89
2.0, -4.0, -4.0; 49
3.0, -4.0, -4.0; 6
4.0, -4.0, -4.0; 1
5.0, -4.0, -4.0; 4
6.0, -4.0, -4.0; 1
-9.0, -3.0, -4.0; 3
-8.0, -3.0, -4.0; 1
-7.0, -3.0, -4.0; 3
-6.0, -3.0, -4.0; 1
-5.0, -3.0, -4.0; 26
-4.0, -3.0, -4.0; 83
-3.0, -3.0, -4.0; 13
-1.0, -3.0, -4.0; 1
0.0, -3.0, -4.0; 1
1.0, -3.0, -4.0; 450
2.0, -3.0, -4.0; 91
3.0, -3.0, -4.0; 3
4.0, -3.0, -4.0; 3
5.0, -3.0, -4.0; 6
6.0, -3.0, -4.0; 2
8.0, -3.0, -4.0; 1
-9.0, -2.0, -4.0; 1
-8.0, -2.0, -4.0; 8
-7.0, -2.0, -4.0; 3
-6.0, -2.0, -4.0; 3
-5.0, -2.0, -4.0; 6
-4.0, -2.0, -4.0; 10
-3.0, -2.0, -4.0; 1
1.0, -2.0, -4.0; 8
2.0, -2.0, -4.0; 14
3.0, -2.0, -4.0; 1
4.0, -2.0, -4.0; 1
5.0, -2.0, -4.0; 1
8.0, -2.0, -4.0; 1
-9.0, -1.0, -4.0; 2
-8.0, -1.0, -4.0; 4
-7.0, -1.0, -4.0; 10
-6.0, -1.0, -4.0; 1
-5.0, -1.0, -4.0; 4
-4.0, -1.0, -4.0; 4
-3.0, -1.0, -4.0; 2
3.0, -1.0, -4.0; 1
4.0, -1.0, -4.0; 5
5.0, -1.0, -4.0; 1
-9.0, 0.0, -4.0; 3
-8.0, 0.0, -4.0; 7
-7.0, 0.0, -4.0; 7
-6.0, 0.0, -4.0; 2
-5.0, 0.0, -4.0; 13
-4.0, 0.0, -4.0; 5
-3.0, 0.0, -4.0; 2
2.0, 0.0, -4.0; 1
4.0, 0.0, -4.0; 1
5.0, 0.0, -4.0; 1
6.0, 0.0, -4.0; 3
7.0, 0.0, -4.0; 1
-10.0, 1.0, -4.0; 1
-9.0, 1.0, -4.0; 4
-8.0, 1.0, -4.0; 1
-7.0, 1.0, -4.0; 3
-6.0, 1.0, -4.0; 17
-5.0, 1.0, -4.0; 21
-4.0, 1.0, -4.0; 23
-1.0, 1.0, -4.0; 1
4.0, 1.0, -4.0; 5
5.0, 1.0, -4.0; 1
6.0, 1.0, -4.0; 1
7.0, 1.0, -4.0; 3
8.0, 1.0, -4.0; 1
-10.0, 2.0, -4.0; 1
-9.0, 2.0, -4.0; 3
-8.0, 2.0, -4.0; 3
-7.0, 2.0, -4.0; 1
-6.0, 2.0, -4.0; 45
-5.0, 2.0, -4.0; 8
-4.0, 2.0, -4.0; 11
-1.0, 2.0, -4.0; 1
0.0, 2.0, -4.0; 1
1.0, 2.0, -4.0; 4
2.0, 2.0, -4.0; 1
3.0, 2.0, -4.0; 3
4.0, 2.0, -4.0; 1
5.0, 2.0, -4.0; 1
7.0, 2.0, -4.0; 2
-9.0, 3.0, -4.0; 2
-8.0, 3.0, -4.0; 3
-7.0, 3.0, -4.0; 3
-6.0, 3.0, -4.0; 4
-5.0, 3.0, -4.0; 4
-4.0, 3.0, -4.0; 1
-3.0, 3.0, -4.0; 1
0.0, 3.0, -4.0; 1
1.0, 3.0, -4.0; 8
2.0, 3.0, -4.0; 6
3.0, 3.0, -4.0; 5
4.0, 3.0, -4.0; 11
5.0, 3.0, -4.0; 4
6.0, 3.0, -4.0; 5
7.0, 3.0, -4.0; 3
-8.0, 4.0, -4.0; 10
-7.0, 4.0, -4.0; 4
-6.0, 4.0, -4.0; 3
-5.0, 4.0, -4.0; 1
-4.0, 4.0, -4.0; 4
-3.0, 4.0, -4.0; 6
-2.0, 4.0, -4.0; 21
-1.0, 4.0, -4.0; 34
0.0, 4.0, -4.0; 35
1.0, 4.0, -4.0; 21
2.0, 4.0, -4.0; 12
3.0, 4.0, -4.0; 27
4.0, 4.0, -4.0; 13
5.0, 4.0, -4.0; 8
6.0, 4.0, -4.0; 1
7.0, 4.0, -4.0; 3
-8.0, 5.0, -4.0; 2
-7.0, 5.0, -4.0; 8
-6.0, 5.0, -4.0; 5
-5.0, 5.0, -4.0; 7
-2.0, 5.0, -4.0; 92
-1.0, 5.0, -4.0; 159
0.0, 5.0, -4.0; 87
1.0, 5.0, -4.0; 31
2.0, 5.0, -4.0; 25
3.0, 5.0, -4.0; 14
4.0, 5.0, -4.0; 12
5.0, 5.0, -4.0; 8
6.0, 5.0, -4.0; 1
-7.0, 6.0, -4.0; 4
-6.0, 6.0, -4.0; 3
-5.0, 6.0, -4.0; 11
-4.0, 6.0, -4.0; 8
-1.0, 6.0, -4.0; 6
0.0, 6.0, -4.0; 4
1.0, 6.0, -4.0; 8
2.0, 6.0, -4.0; 5
3.0, 6.0, -4.0; 11
4.0, 6.0, -4.0; 4
5.0, 6.0, -4.0; 3
6.0, 6.0, -4.0; 2
7.0, 6.0, -4.0; 1
-5.0, 7.0, -4.0; 1
-4.0, 7.0, -4.0; 3
-3.0, 7.0, -4.0; 2
-2.0, 7.0, -4.0; 1
-1.0, 7.0, -4.0; 2
0.0, 7.0, -4.0; 4
1.0, 7.0, -4.0; 3
2.0, 7.0, -4.0; 6
3.0, 7.0, -4.0; 2
4.0, 7.0, -4.0; 1
5.0, 7.0, -4.0; 1
6.0, 7.0, -4.0; 1
-4.0, 8.0, -4.0; 2
-3.0, 8.0, -4.0; 6
-2.0, 8.0, -4.0; 8
-1.0, 8.0, -4.0; 3
0.0, 8.0, -4.0; 20
1.0, 8.0, -4.0; 6
2.0, 8.0, -4.0; 10
3.0, 8.0, -4.0; 5
4.0, 8.0, -4.0; 1
-2.0, 9.0, -4.0; 3
-1.0, 9.0, -4.0; 11
0.0, 9.0, -4.0; 7
1.0, 9.0, -4.0; 3
2.0, 9.0, -4.0; 1
-4.0, -10.0, -3.0; 2
-3.0, -10.0, -3.0; 20
-2.0, -10.0, -3.0; 50
-1.0, -10.0, -3.0; 61
0.0, -10.0, -3.0; 48
1.0, -10.0, -3.0; 19
2.0, -10.0, -3.0; 4
-5.0, -9.0, -3.0; 7
-4.0, -9.0, -3.0; 11
-3.0, -9.0, -3.0; 13
-2.0, -9.0, -3.0; 12
-1.0, -9.0, -3.0; 22
0.0, -9.0, -3.0; 23
1.0, -9.0, -3.0; 15
2.0, -9.0, -3.0; 10
3.0, -9.0, -3.0; 7
4.0, -9.0, -3.0; 5
-7.0, -8.0, -3.0; 2
-6.0, -8.0, -3.0; 2
-5.0, -8.0, -3.0; 4
-4.0, -8.0, -3.0; 1
-3.0, -8.0, -3.0; 2
-2.0, -8.0, -3.0; 6
-1.0, -8.0, -3.0; 7
0.0, -8.0, -3.0; 11
1.0, -8.0, -3.0; 6
2.0, -8.0, -3.0; 7
3.0, -8.0, -3.0; 1
4.0, -8.0, -3.0; 5
5.0, -8.0, -3.0; 8
-8.0, -7.0, -3.0; 3
-7.0, -7.0, -3.0; 4
-5.0, -7.0, -3.0; 1
-4.0, -7.0, -3.0; 1
-3.0, -7.0, -3.0; 1
-1.0, -7.0, -3.0; 2
0.0, -7.0, -3.0; 42
1.0, -7.0, -3.0; 77
2.0, -7.0, -3.0; 19
3.0, -7.0, -3.0; 10
4.0, -7.0, -3.0; 9
5.0, -7.0, -3.0; 16
6.0, -7.0, -3.0; 3
-8.0, -6.0, -3.0; 8
-7.0, -6.0, -3.0; 4
-6.0, -6.0, -3.0; 1
-4.0, -6.0, -3.0; 1
-3.0, -6.0, -3.0; 1
-2.0, -6.0, -3.0; 3
-1.0, -6.0, -3.0; 46
0.0, -6.0, -3.0; 197
1.0, -6.0, -3.0; 2580
2.0, -6.0, -3.0; 80
3.0, -6.0, -3.0; 15
4.0, -6.0, -3.0; 7
5.0, -6.0, -3.0; 13
6.0, -6.0, -3.0; 2
-9.0, -5.0, -3.0; 3
-8.0, -5.0, -3.0; 2
-6.0, -5.0, -3.0; 1
-5.0, -5.0, -3.0; 1
-1.0, -5.0, -3.0; 8
0.0, -5.0, -3.0; 19
1.0, -5.0, -3.0; 43
2.0, -5.0, -3.0; 92
3.0, -5.0, -3.0; 9
4.0, -5.0, -3.0; 4
5.0, -5.0, -3.0; 7
6.0, -5.0, -3.0; 3
7.0, -5.0, -3.0; 2
8.0, -5.0, -3.0; 1
-10.0, -4.0, -3.0; 1
-9.0, -4.0, -3.0; 4
-8.0, -4.0, -3.0; 10
-7.0, -4.0, -3.0; 2
-6.0, -4.0, -3.0; 2
-5.0, -4.0, -3.0; 6
0.0, -4.0, -3.0; 1
1.0, -4.0, -3.0; 5
2.0, -4.0, -3.0; 21
3.0, -4.0, -3.0; 5
5.0, -4.0, -3.0; 5
6.0, -4.0, -3.0; 2
-10.0, -3.0, -3.0; 2
-9.0, -3.0, -3.0; 5
-8.0, -3.0, -3.0; 6
-7.0, -3.0, -3.0; 1
-6.0, -3.0, -3.0; 4
-5.0, -3.0, -3.0; 58
-4.0, -3.0, -3.0; 1
-3.0, -3.0, -3.0; 4
2.0, -3.0, -3.0; 1
5.0, -3.0, -3.0; 1
6.0, -3.0, -3.0; 2
7.0, -3.0, -3.0; 2
-10.0, -2.0, -3.0; 2
-9.0, -2.0, -3.0; 7
-8.0, -2.0, -3.0; 1
-7.0, -2.0, -3.0; 4
-6.0, -2.0, -3.0; 4
-5.0, -2.0, -3.0; 6
-3.0, -2.0, -3.0; 1
2.0, -2.0, -3.0; 1
4.0, -2.0, -3.0; 1
8.0, -2.0, -3.0; 1
-10.0, -1.0, -3.0; 2
-9.0, -1.0, -3.0; 3
-8.0, -1.0, -3.0; 7
-7.0, -1.0, -3.0; 5
-6.0, -1.0, -3.0; 1
-5.0, -1.0, -3.0; 2
-4.0, -1.0, -3.0; 1
4.0, -1.0, -3.0; 3
7.0, -1.0, -3.0; 1
9.0, -1.0, -3.0; 1
-9.0, 0.0, -3.0; 1
-8.0, 0.0, -3.0; 4
-6.0, 0.0, -3.0; 3
-5.0, 0.0, -3.0; 3
-4.0, 0.0, -3.0; 1
5.0, 0.0, -3.0; 1
6.0, 0.0, -3.0; 1
8.0, 0.0, -3.0; 2
-9.0, 1.0, -3.0; 3
-8.0, 1.0, -3.0; 4
-7.0, 1.0, -3.0; 2
-6.0, 1.0, -3.0; 46
-5.0, 1.0, -3.0; 29
-4.0, 1.0, -3.0; 2
5.0, 1.0, -3.0; 2
6.0, 1.0, -3.0; 2
8.0, 1.0, -3.0; 1
-10.0, 2.0, -3.0; 1
-9.0, 2.0, -3.0; 5
-8.0, 2.0, -3.0; 2
-7.0, 2.0, -3.0; 17
-6.0, 2.0, -3.0; 20
-5.0, 2.0, -3.0; 11
4.0, 2.0, -3.0; 2
6.0, 2.0, -3.0; 4
7.0, 2.0, -3.0; 2
-10.0, 3.0, -3.0; 1
-9.0, 3.0, -3.0; 6
-8.0, 3.0, -3.0; 1
-6.0, 3.0, -3.0; 6
-2.0, 3.0, -3.0; 1
2.0, 3.0, -3.0; 6
3.0, 3.0, -3.0; 4
4.0, 3.0, -3.0; 11
5.0, 3.0, -3.0; 4
6.0, 3.0, -3.0; 4
7.0, 3.0, -3.0; 2
8.0, 3.0, -3.0; 1
-8.0, 4.0, -3.0; 5
-7.0, 4.0, -3.0; 8
-6.0, 4.0, -3.0; 1
-4.0, 4.0, -3.0; 3
-3.0, 4.0, -3.0; 2
0.0, 4.0, -3.0; 19
1.0, 4.0, -3.0; 26
2.0, 4.0, -3.0; 8
3.0, 4.0, -3.0; 16
4.0, 4.0, -3.0; 19
5.0, 4.0, -3.0; 12
6.0, 4.0, -3.0; 6
7.0, 4.0, -3.0; 1
8.0, 4.0, -3.0; 1
-9.0, 5.0, -3.0; 1
-8.0, 5.0, -3.0; 8
-7.0, 5.0, -3.0; 2
-6.0, 5.0, -3.0; 5
-5.0, 5.0, -3.0; 4
-3.0, 5.0, -3.0; 1
-2.0, 5.0, -3.0; 52
-1.0, 5.0, -3.0; 361
0.0, 5.0, -3.0; 368
1.0, 5.0, -3.0; 154
2.0, 5.0, -3.0; 29
3.0, 5.0, -3.0; 24
4.0, 5.0, -3.0; 29
5.0, 5.0, -3.0; 16
6.0, 5.0, -3.0; 3
7.0, 5.0, -3.0; 2
-7.0, 6.0, -3.0; 12
-6.0, 6.0, -3.0; 8
-5.0, 6.0, -3.0; 8
-4.0, 6.0, -3.0; 2
-3.0, 6.0, -3.0; 3
-2.0, 6.0, -3.0; 30
-1.0, 6.0, -3.0; 187
0.0, 6.0, -3.0; 135
1.0, 6.0, -3.0; 59
2.0, 6.0, -3.0; 16
3.0, 6.0, -3.0; 12
4.0, 6.0, -3.0; 9
5.0, 6.0, -3.0; 3
6.0, 6.0, -3.0; 6
7.0, 6.0, -3.0; 1
-6.0, 7.0, -3.0; 7
-5.0, 7.0, -3.0; 5
-4.0, 7.0, -3.0; 7
-3.0, 7.0, -3.0; 4
-2.0, 7.0, -3.0; 3
-1.0, 7.0, -3.0; 4
0.0, 7.0, -3.0; 2
1.0, 7.0, -3.0; 12
2.0, 7.0, -3.0; 6
3.0, 7.0, -3.0; 7
4.0, 7.0, -3.0; 2
5.0, 7.0, -3.0; 5
6.0, 7.0, -3.0; 1
-5.0, 8.0, -3.0; 1
-4.0, 8.0, -3.0; 9
-3.0, 8.0, -3.0; 18
-2.0, 8.0, -3.0; 10
-1.0, 8.0, -3.0; 10
0.0, 8.0, -3.0; 5
1.0, 8.0, -3.0; 17
2.0, 8.0, -3.0; 11
3.0, 8.0, -3.0; 4
4.0, 8.0, -3.0; 1
-4.0, 9.0, -3.0; 1
-3.0, 9.0, -3.0; 3
-2.0, 9.0, -3.0; 14
-1.0, 9.0, -3.0; 30
0.0, 9.0, -3.0; 20
1.0, 9.0, -3.0; 17
2.0, 9.0, -3.0; 2
3.0, 9.0, -3.0; 2
-5.0, -10.0, -2.0; 1
-4.0, -10.0, -2.0; 31
-3.0, -10.0, -2.0; 116
-2.0, -10.0, -2.0; 202
-1.0, -10.0, -2.0; 168
0.0, -10.0, -2.0; 104
1.0, -10.0, -2.0; 55
2.0, -10.0, -2.0; 8
3.0, -10.0, -2.0; 2
-6.0, -9.0, -2.0; 5
-5.0, -9.0, -2.0; 24
-4.0, -9.0, -2.0; 15
-3.0, -9.0, -2.0; 17
-2.0, -9.0, -2.0; 12
-1.0, -9.0, -2.0; 5
0.0, -9.0, -2.0; 13
1.0, -9.0, -2.0; 14
2.0, -9.0, -2.0; 16
3.0, -9.0, -2.0; 5
4.0, -9.0, -2.0; 4
-7.0, -8.0, -2.0; 5
-6.0, -8.0, -2.0; 1
-5.0, -8.0, -2.0; 1
-4.0, -8.0, -2.0; 1
-3.0, -8.0, -2.0; 1
-2.0, -8.0, -2.0; 5
-1.0, -8.0, -2.0; 6
0.0, -8.0, -2.0; 20
1.0, -8.0, -2.0; 2
2.0, -8.0, -2.0; 5
3.0, -8.0, -2.0; 15
4.0, -8.0, -2.0; 12
5.0, -8.0, -2.0; 5
6.0, -8.0, -2.0; 1
-8.0, -7.0, -2.0; 1
-7.0, -7.0, -2.0; 2
-6.0, -7.0, -2.0; 2
-2.0, -7.0, -2.0; 6
-1.0, -7.0, -2.0; 17
0.0, -7.0, -2.0; 87
1.0, -7.0, -2.0; 77
2.0, -7.0, -2.0; 14
3.0, -7.0, -2.0; 11
4.0, -7.0, -2.0; 14
5.0, -7.0, -2.0; 16
6.0, -7.0, -2.0; 7
7.0, -7.0, -2.0; 1
-8.0, -6.0, -2.0; 5
-7.0, -6.0, -2.0; 1
-6.0, -6.0, -2.0; 1
-5.0, -6.0, -2.0; 2
-2.0, -6.0, -2.0; 2
-1.0, -6.0, -2.0; 13
0.0, -6.0, -2.0; 81
1.0, -6.0, -2.0; 585
2.0, -6.0, -2.0; 34
3.0, -6.0, -2.0; 7
4.0, -6.0, -2.0; 14
5.0, -6.0, -2.0; 11
6.0, -6.0, -2.0; 3
8.0, -6.0, -2.0; 1
-9.0, -5.0, -2.0; 4
-8.0, -5.0, -2.0; 6
-7.0, -5.0, -2.0; 4
-4.0, -5.0, -2.0; 1
1.0, -5.0, -2.0; 2
2.0, -5.0, -2.0; 42
3.0, -5.0, -2.0; 4
4.0, -5.0, -2.0; 2
5.0, -5.0, -2.0; 2
6.0, -5.0, -2.0; 2
7.0, -5.0, -2.0; 1
8.0, -5.0, -2.0; 1
-9.0, -4.0, -2.0; 4
-8.0, -4.0, -2.0; 5
-7.0, -4.0, -2.0; 5
-6.0, -4.0, -2.0; 1
-5.0, -4.0, -2.0; 2
2.0, -4.0, -2.0; 1
3.0, -4.0, -2.0; 1
5.0, -4.0, -2.0; 1
6.0, -4.0, -2.0; 2
-10.0, -3.0, -2.0; 1
-9.0, -3.0, -2.0; 10
-8.0, -3.0, -2.0; 7
-7.0, -3.0, -2.0; 1
-6.0, -3.0, -2.0; 20
-5.0, -3.0, -2.0; 17
-4.0, -3.0, -2.0; 1
3.0, -3.0, -2.0; 1
6.0, -3.0, -2.0; 4
7.0, -3.0, -2.0; 1
8.0, -3.0, -2.0; 1
-10.0, -2.0, -2.0; 3
-9.0, -2.0, -2.0; 10
-8.0, -2.0, -2.0; 3
-7.0, -2.0, -2.0; 2
-6.0, -2.0, -2.0; 4
-5.0, -2.0, -2.0; 4
5.0, -2.0, -2.0; 1
6.0, -2.0, -2.0; 1
7.0, -2.0, -2.0; 1
-10.0, -1.0, -2.0; 3
-9.0, -1.0, -2.0; 3
-8.0, -1.0, -2.0; 2
-7.0, -1.0, -2.0; 2
-6.0, -1.0, -2.0; 3
4.0, -1.0, -2.0; 1
6.0, -1.0, -2.0; 1
7.0, -1.0, -2.0; 1
-10.0, 0.0, -2.0; 1
-9.0, 0.0, -2.0; 4
-8.0, 0.0, -2.0; 2
-7.0, 0.0, -2.0; 2
-6.0, 0.0, -2.0; 7
-10.0, 1.0, -2.0; 2
-9.0, 1.0, -2.0; 3
-8.0, 1.0, -2.0; 5
-7.0, 1.0, -2.0; 7
-6.0, 1.0, -2.0; 354
-5.0, 1.0, -2.0; 39
7.0, 1.0, -2.0; 1
8.0, 1.0, -2.0; 1
9.0, 1.0, -2.0; 2
-10.0, 2.0, -2.0; 2
-9.0, 2.0, -2.0; 2
-8.0, 2.0, -2.0; 2
-7.0, 2.0, -2.0; 9
-6.0, 2.0, -2.0; 52
-5.0, 2.0, -2.0; 28
6.0, 2.0, -2.0; 2
7.0, 2.0, -2.0; 1
9.0, 2.0, -2.0; 1
-10.0, 3.0, -2.0; 2
-9.0, 3.0, -2.0; 2
-8.0, 3.0, -2.0; 3
-6.0, 3.0, -2.0; 12
-5.0, 3.0, -2.0; 2
3.0, 3.0, -2.0; 1
4.0, 3.0, -2.0; 1
5.0, 3.0, -2.0; 2
6.0, 3.0, -2.0; 2
7.0, 3.0, -2.0; 2
-9.0, 4.0, -2.0; 6
-8.0, 4.0, -2.0; 6
-6.0, 4.0, -2.0; 2
-5.0, 4.0, -2.0; 3
-4.0, 4.0, -2.0; 1
1.0, 4.0, -2.0; 3
2.0, 4.0, -2.0; 10
3.0, 4.0, -2.0; 9
4.0, 4.0, -2.0; 17
5.0, 4.0, -2.0; 12
6.0, 4.0, -2.0; 11
8.0, 4.0, -2.0; 1
-9.0, 5.0, -2.0; 1
-8.0, 5.0, -2.0; 1
-7.0, 5.0, -2.0; 3
-6.0, 5.0, -2.0; 2
-5.0, 5.0, -2.0; 3
-4.0, 5.0, -2.0; 2
-2.0, 5.0, -2.0; 3
-1.0, 5.0, -2.0; 41
0.0, 5.0, -2.0; 227
1.0, 5.0, -2.0; 138
2.0, 5.0, -2.0; 26
3.0, 5.0, -2.0; 13
4.0, 5.0, -2.0; 31
5.0, 5.0, -2.0; 15
6.0, 5.0, -2.0; 6
-8.0, 6.0, -2.0; 4
-7.0, 6.0, -2.0; 14
-6.0, 6.0, -2.0; 11
-5.0, 6.0, -2.0; 5
-4.0, 6.0, -2.0; 1
-3.0, 6.0, -2.0; 3
-2.0, 6.0, -2.0; 54
-1.0, 6.0, -2.0; 509
0.0, 6.0, -2.0; 681
1.0, 6.0, -2.0; 150
2.0, 6.0, -2.0; 13
3.0, 6.0, -2.0; 12
4.0, 6.0, -2.0; 15
5.0, 6.0, -2.0; 2
6.0, 6.0, -2.0; 1
7.0, 6.0, -2.0; 1
-7.0, 7.0, -2.0; 3
-6.0, 7.0, -2.0; 15
-5.0, 7.0, -2.0; 24
-4.0, 7.0, -2.0; 21
-3.0, 7.0, -2.0; 7
-2.0, 7.0, -2.0; 3
-1.0, 7.0, -2.0; 13
0.0, 7.0, -2.0; 3
1.0, 7.0, -2.0; 9
2.0, 7.0, -2.0; 14
3.0, 7.0, -2.0; 11
4.0, 7.0, -2.0; 4
5.0, 7.0, -2.0; 5
6.0, 7.0, -2.0; 1
-5.0, 8.0, -2.0; 5
-4.0, 8.0, -2.0; 14
-3.0, 8.0, -2.0; 18
-2.0, 8.0, -2.0; 17
-1.0, 8.0, -2.0; 15
0.0, 8.0, -2.0; 23
1.0, 8.0, -2.0; 6
2.0, 8.0, -2.0; 9
3.0, 8.0, -2.0; 4
4.0, 8.0, -2.0; 1
-4.0, 9.0, -2.0; 3
-3.0, 9.0, -2.0; 12
-2.0, 9.0, -2.0; 29
-1.0, 9.0, -2.0; 52
0.0, 9.0, -2.0; 45
1.0, 9.0, -2.0; 27
2.0, 9.0, -2.0; 5
3.0, 9.0, -2.0; 1
-5.0, -10.0, -1.0; 2
-4.0, -10.0, -1.0; 44
-3.0, -10.0, -1.0; 128
-2.0, -10.0, -1.0; 168
-1.0, -10.0, -1.0; 189
0.0, -10.0, -1.0; 114
1.0, -10.0, -1.0; 46
2.0, -10.0, -1.0; 10
3.0, -10.0, -1.0; 5
-6.0, -9.0, -1.0; 10
-5.0, -9.0, -1.0; 27
-4.0, -9.0, -1.0; 11
-3.0, -9.0, -1.0; 10
-2.0, -9.0, -1.0; 6
-1.0, -9.0, -1.0; 13
0.0, -9.0, -1.0; 11
1.0, -9.0, -1.0; 15
2.0, -9.0, -1.0; 14
3.0, -9.0, -1.0; 6
4.0, -9.0, -1.0; 9
5.0, -9.0, -1.0; 1
-7.0, -8.0, -1.0; 8
-6.0, -8.0, -1.0; 8
-5.0, -8.0, -1.0; 2
-3.0, -8.0, -1.0; 2
-2.0, -8.0, -1.0; 11
-1.0, -8.0, -1.0; 27
0.0, -8.0, -1.0; 17
1.0, -8.0, -1.0; 12
2.0, -8.0, -1.0; 21
3.0, -8.0, -1.0; 16
4.0, -8.0, -1.0; 13
5.0, -8.0, -1.0; 3
6.0, -8.0, -1.0; 2
-8.0, -7.0, -1.0; 8
-7.0, -7.0, -1.0; 4
-5.0, -7.0, -1.0; 2
-3.0, -7.0, -1.0; 7
-2.0, -7.0, -1.0; 38
-1.0, -7.0, -1.0; 302
0.0, -7.0, -1.0; 474
1.0, -7.0, -1.0; 69
2.0, -7.0, -1.0; 17
3.0, -7.0, -1.0; 25
4.0, -7.0, -1.0; 30
5.0, -7.0, -1.0; 14
6.0, -7.0, -1.0; 5
7.0, -7.0, -1.0; 2
-9.0, -6.0, -1.0; 2
-8.0, -6.0, -1.0; 8
-3.0, -6.0, -1.0; 2
-2.0, -6.0, -1.0; 3
-1.0, -6.0, -1.0; 24
0.0, -6.0, -1.0; 21
1.0, -6.0, -1.0; 23
2.0, -6.0, -1.0; 18
3.0, -6.0, -1.0; 10
4.0, -6.0, -1.0; 10
5.0, -6.0, -1.0; 5
6.0, -6.0, -1.0; 5
7.0, -6.0, -1.0; 1
-9.0, -5.0, -1.0; 11
-8.0, -5.0, -1.0; 6
-7.0, -5.0, -1.0; 2
-6.0, -5.0, -1.0; 3
-5.0, -5.0, -1.0; 1
0.0, -5.0, -1.0; 1
1.0, -5.0, -1.0; 1
2.0, -5.0, -1.0; 11
3.0, -5.0, -1.0; 2
4.0, -5.0, -1.0; 2
5.0, -5.0, -1.0; 5
6.0, -5.0, -1.0; 1
-10.0, -4.0, -1.0; 3
-9.0, -4.0, -1.0; 6
-8.0, -4.0, -1.0; 6
-7.0, -4.0, -1.0; 4
-6.0, -4.0, -1.0; 4
-5.0, -4.0, -1.0; 1
2.0, -4.0, -1.0; 1
3.0, -4.0, -1.0; 1
5.0, -4.0, -1.0; 2
7.0, -4.0, -1.0; 1
8.0, -4.0, -1.0; 1
9.0, -4.0, -1.0; 1
-10.0, -3.0, -1.0; 3
-9.0, -3.0, -1.0; 6
-8.0, -3.0, -1.0; 2
-7.0, -3.0, -1.0; 1
-6.0, -3.0, -1.0; 2
-5.0, -3.0, -1.0; 2
6.0, -3.0, -1.0; 1
7.0, -3.0, -1.0; 2
-9.0, -2.0, -1.0; 8
-8.0, -2.0, -1.0; 9
-7.0, -2.0, -1.0; 2
-6.0, -2.0, -1.0; 1
5.0, -2.0, -1.0; 2
7.0, -2.0, -1.0; 1
8.0, -2.0, -1.0; 1
-10.0, -1.0, -1.0; 2
-9.0, -1.0, -1.0; 3
-8.0, -1.0, -1.0; 6
-7.0, -1.0, -1.0; 5
-6.0, -1.0, -1.0; 1
-10.0, 0.0, -1.0; 2
-9.0, 0.0, -1.0; 5
-8.0, 0.0, -1.0; 7
-7.0, 0.0, -1.0; 2
-6.0, 0.0, -1.0; 2
5.0, 0.0, -1.0; 1
-9.0, 1.0, -1.0; 4
-8.0, 1.0, -1.0; 2
-7.0, 1.0, -1.0; 3
-6.0, 1.0, -1.0; 1050
-5.0, 1.0, -1.0; 76
5.0, 1.0, -1.0; 1
6.0, 1.0, -1.0; 1
7.0, 1.0, -1.0; 2
-10.0, 2.0, -1.0; 2
-9.0, 2.0, -1.0; 3
-8.0, 2.0, -1.0; 3
-7.0, 2.0, -1.0; 2
-6.0, 2.0, -1.0; 152
-5.0, 2.0, -1.0; 77
4.0, 2.0, -1.0; 1
6.0, 2.0, -1.0; 1
7.0, 2.0, -1.0; 2
-10.0, 3.0, -1.0; 1
-7.0, 3.0, -1.0; 4
-6.0, 3.0, -1.0; 6
-5.0, 3.0, -1.0; 9
2.0, 3.0, -1.0; 1
4.0, 3.0, -1.0; 1
5.0, 3.0, -1.0; 6
6.0, 3.0, -1.0; 4
7.0, 3.0, -1.0; 2
-9.0, 4.0, -1.0; 5
-8.0, 4.0, -1.0; 9
-7.0, 4.0, -1.0; 1
-6.0, 4.0, -1.0; 1
-5.0, 4.0, -1.0; 12
-4.0, 4.0, -1.0; 1
1.0, 4.0, -1.0; 1
2.0, 4.0, -1.0; 2
3.0, 4.0, -1.0; 3
4.0, 4.0, -1.0; 10
5.0, 4.0, -1.0; 11
6.0, 4.0, -1.0; 3
7.0, 4.0, -1.0; 1
-9.0, 5.0, -1.0; 2
-8.0, 5.0, -1.0; 5
-7.0, 5.0, -1.0; 18
-5.0, 5.0, -1.0; 3
-4.0, 5.0, -1.0; 3
-1.0, 5.0, -1.0; 5
0.0, 5.0, -1.0; 31
1.0, 5.0, -1.0; 69
2.0, 5.0, -1.0; 6
3.0, 5.0, -1.0; 20
4.0, 5.0, -1.0; 52
5.0, 5.0, -1.0; 32
6.0, 5.0, -1.0; 8
7.0, 5.0, -1.0; 5
-8.0, 6.0, -1.0; 11
-7.0, 6.0, -1.0; 91
-6.0, 6.0, -1.0; 387
-5.0, 6.0, -1.0; 29
-4.0, 6.0, -1.0; 11
-3.0, 6.0, -1.0; 9
-2.0, 6.0, -1.0; 73
-1.0, 6.0, -1.0; 670
0.0, 6.0, -1.0; 1216
1.0, 6.0, -1.0; 248
2.0, 6.0, -1.0; 25
3.0, 6.0, -1.0; 34
4.0, 6.0, -1.0; 39
5.0, 6.0, -1.0; 8
6.0, 6.0, -1.0; 7
-7.0, 7.0, -1.0; 3
-6.0, 7.0, -1.0; 79
-5.0, 7.0, -1.0; 100
-4.0, 7.0, -1.0; 40
-3.0, 7.0, -1.0; 11
-2.0, 7.0, -1.0; 14
-1.0, 7.0, -1.0; 34
0.0, 7.0, -1.0; 23
1.0, 7.0, -1.0; 7
2.0, 7.0, -1.0; 5
3.0, 7.0, -1.0; 6
4.0, 7.0, -1.0; 4
5.0, 7.0, -1.0; 4
-6.0, 8.0, -1.0; 6
-5.0, 8.0, -1.0; 4
-4.0, 8.0, -1.0; 19
-3.0, 8.0, -1.0; 21
-2.0, 8.0, -1.0; 10
-1.0, 8.0, -1.0; 25
0.0, 8.0, -1.0; 30
1.0, 8.0, -1.0; 18
2.0, 8.0, -1.0; 10
3.0, 8.0, -1.0; 6
4.0, 8.0, -1.0; 5
5.0, 8.0, -1.0; 2
-5.0, 9.0, -1.0; 1
-4.0, 9.0, -1.0; 3
-3.0, 9.0, -1.0; 19
-2.0, 9.0, -1.0; 64
-1.0, 9.0, -1.0; 121
0.0, 9.0, -1.0; 82
1.0, 9.0, -1.0; 42
2.0, 9.0, -1.0; 10
-5.0, -10.0, 0.0; 5
-4.0, -10.0, 0.0; 21
-3.0, -10.0, 0.0; 66
-2.0, -10.0, 0.0; 65
-1.0, -10.0, 0.0; 70
0.0, -10.0, 0.0; 47
1.0, -10.0, 0.0; 26
2.0, -10.0, 0.0; 10
3.0, -10.0, 0.0; 1
-6.0, -9.0, 0.0; 9
-5.0, -9.0, 0.0; 15
-4.0, -9.0, 0.0; 14
-3.0, -9.0, 0.0; 7
-2.0, -9.0, 0.0; 11
-1.0, -9.0, 0.0; 9
0.0, -9.0, 0.0; 11
1.0, -9.0, 0.0; 10
2.0, -9.0, 0.0; 11
3.0, -9.0, 0.0; 7
4.0, -9.0, 0.0; 4
5.0, -9.0, 0.0; 1
-7.0, -8.0, 0.0; 8
-6.0, -8.0, 0.0; 12
-5.0, -8.0, 0.0; 4
-4.0, -8.0, 0.0; 1
-3.0, -8.0, 0.0; 4
-2.0, -8.0, 0.0; 31
-1.0, -8.0, 0.0; 32
0.0, -8.0, 0.0; 12
1.0, -8.0, 0.0; 47
2.0, -8.0, 0.0; 45
3.0, -8.0, 0.0; 15
4.0, -8.0, 0.0; 3
5.0, -8.0, 0.0; 4
6.0, -8.0, 0.0; 3
-8.0, -7.0, 0.0; 4
-7.0, -7.0, 0.0; 5
-6.0, -7.0, 0.0; 1
-5.0, -7.0, 0.0; 2
-4.0, -7.0, 0.0; 36
-3.0, -7.0, 0.0; 140
-2.0, -7.0, 0.0; 557
-1.0, -7.0, 0.0; 1677
0.0, -7.0, 0.0; 952
1.0, -7.0, 0.0; 51
2.0, -7.0, 0.0; 52
3.0, -7.0, 0.0; 64
4.0, -7.0, 0.0; 21
5.0, -7.0, 0.0; 7
6.0, -7.0, 0.0; 5
-9.0, -6.0, 0.0; 4
-8.0, -6.0, 0.0; 4
-7.0, -6.0, 0.0; 4
-5.0, -6.0, 0.0; 33
-4.0, -6.0, 0.0; 5
-3.0, -6.0, 0.0; 4
-2.0, -6.0, 0.0; 7
-1.0, -6.0, 0.0; 25
0.0, -6.0, 0.0; 54
1.0, -6.0, 0.0; 17
2.0, -6.0, 0.0; 10
3.0, -6.0, 0.0; 27
4.0, -6.0, 0.0; 10
5.0, -6.0, 0.0; 6
6.0, -6.0, 0.0; 1
7.0, -6.0, 0.0; 2
-9.0, -5.0, 0.0; 5
-8.0, -5.0, 0.0; 8
-6.0, -5.0, 0.0; 37
-5.0, -5.0, 0.0; 2
-4.0, -5.0, 0.0; 4
-2.0, -5.0, 0.0; 2
-1.0, -5.0, 0.0; 1
2.0, -5.0, 0.0; 10
3.0, -5.0, 0.0; 4
5.0, -5.0, 0.0; 4
6.0, -5.0, 0.0; 1
-10.0, -4.0, 0.0; 1
-9.0, -4.0, 0.0; 7
-8.0, -4.0, 0.0; 7
-7.0, -4.0, 0.0; 5
-6.0, -4.0, 0.0; 17
2.0, -4.0, 0.0; 4
3.0, -4.0, 0.0; 1
6.0, -4.0, 0.0; 2
-10.0, -3.0, 0.0; 3
-9.0, -3.0, 0.0; 5
-8.0, -3.0, 0.0; 4
-7.0, -3.0, 0.0; 4
-6.0, -3.0, 0.0; 3
-5.0, -3.0, 0.0; 1
5.0, -3.0, 0.0; 1
6.0, -3.0, 0.0; 1
7.0, -3.0, 0.0; 1
8.0, -3.0, 0.0; 1
-10.0, -2.0, 0.0; 2
-9.0, -2.0, 0.0; 6
-8.0, -2.0, 0.0; 3
-7.0, -2.0, 0.0; 2
-10.0, -1.0, 0.0; 1
-8.0, -1.0, 0.0; 3
-7.0, -1.0, 0.0; 12
-6.0, -1.0, 0.0; 4
-5.0, -1.0, 0.0; 1
9.0, -1.0, 0.0; 1
-10.0, 0.0, 0.0; 1
-9.0, 0.0, 0.0; 3
-8.0, 0.0, 0.0; 4
-7.0, 0.0, 0.0; 4
-6.0, 0.0, 0.0; 3
-5.0, 0.0, 0.0; 1
4.0
17.5558487247
