4.0, 0.0, 0.0; 1
-10.0, 1.0, 0.0; 1
-8.0, 1.0, 0.0; 2
-6.0, 1.0, 0.0; 164
-5.0, 1.0, 0.0; 72
6.0, 1.0, 0.0; 2
7.0, 1.0, 0.0; 1
-10.0, 2.0, 0.0; 1
-9.0, 2.0, 0.0; 6
-8.0, 2.0, 0.0; 4
-7.0, 2.0, 0.0; 2
-6.0, 2.0, 0.0; 58
-5.0, 2.0, 0.0; 196
4.0, 2.0, 0.0; 2
5.0, 2.0, 0.0; 2
6.0, 2.0, 0.0; 1
7.0, 2.0, 0.0; 2
9.0, 2.0, 0.0; 2
-10.0, 3.0, 0.0; 2
-9.0, 3.0, 0.0; 7
-8.0, 3.0, 0.0; 10
-7.0, 3.0, 0.0; 4
-6.0, 3.0, 0.0; 10
-5.0, 3.0, 0.0; 32
-4.0, 3.0, 0.0; 6
-3.0, 3.0, 0.0; 1
4.0, 3.0, 0.0; 5
5.0, 3.0, 0.0; 1
6.0, 3.0, 0.0; 1
-9.0, 4.0, 0.0; 7
-8.0, 4.0, 0.0; 11
-7.0, 4.0, 0.0; 19
-6.0, 4.0, 0.0; 15
-5.0, 4.0, 0.0; 26
-4.0, 4.0, 0.0; 23
1.0, 4.0, 0.0; 1
2.0, 4.0, 0.0; 3
3.0, 4.0, 0.0; 13
4.0, 4.0, 0.0; 14
5.0, 4.0, 0.0; 1
6.0, 4.0, 0.0; 6
7.0, 4.0, 0.0; 1
-9.0, 5.0, 0.0; 4
-8.0, 5.0, 0.0; 13
-7.0, 5.0, 0.0; 11
-6.0, 5.0, 0.0; 3
-5.0, 5.0, 0.0; 7
-4.0, 5.0, 0.0; 22
-3.0, 5.0, 0.0; 23
-2.0, 5.0, 0.0; 20
-1.0, 5.0, 0.0; 41
0.0, 5.0, 0.0; 142
1.0, 5.0, 0.0; 133
2.0, 5.0, 0.0; 19
3.0, 5.0, 0.0; 50
4.0, 5.0, 0.0; 12
5.0, 5.0, 0.0; 6
7.0, 5.0, 0.0; 1
8.0, 5.0, 0.0; 1
-8.0, 6.0, 0.0; 5
-7.0, 6.0, 0.0; 53
-6.0, 6.0, 0.0; 723
-5.0, 6.0, 0.0; 107
-4.0, 6.0, 0.0; 17
-3.0, 6.0, 0.0; 53
-2.0, 6.0, 0.0; 156
-1.0, 6.0, 0.0; 214
0.0, 6.0, 0.0; 187
1.0, 6.0, 0.0; 34
2.0, 6.0, 0.0; 23
3.0, 6.0, 0.0; 14
4.0, 6.0, 0.0; 5
5.0, 6.0, 0.0; 3
6.0, 6.0, 0.0; 3
7.0, 6.0, 0.0; 2
-7.0, 7.0, 0.0; 5
-6.0, 7.0, 0.0; 52
-5.0, 7.0, 0.0; 98
-4.0, 7.0, 0.0; 8
-3.0, 7.0, 0.0; 8
-2.0, 7.0, 0.0; 54
-1.0, 7.0, 0.0; 128
0.0, 7.0, 0.0; 29
1.0, 7.0, 0.0; 26
2.0, 7.0, 0.0; 12
3.0, 7.0, 0.0; 9
4.0, 7.0, 0.0; 5
5.0, 7.0, 0.0; 7
6.0, 7.0, 0.0; 5
-6.0, 8.0, 0.0; 7
-5.0, 8.0, 0.0; 9
-4.0, 8.0, 0.0; 23
-3.0, 8.0, 0.0; 24
-2.0, 8.0, 0.0; 48
-1.0, 8.0, 0.0; 54
0.0, 8.0, 0.0; 72
1.0, 8.0, 0.0; 45
2.0, 8.0, 0.0; 16
3.0, 8.0, 0.0; 6
4.0, 8.0, 0.0; 6
5.0, 8.0, 0.0; 2
-4.0, 9.0, 0.0; 12
-3.0, 9.0, 0.0; 64
-2.0, 9.0, 0.0; 108
-1.0, 9.0, 0.0; 103
0.0, 9.0, 0.0; 76
1.0, 9.0, 0.0; 36
2.0, 9.0, 0.0; 8
3.0, 9.0, 0.0; 1
-4.0, -10.0, 1.0; 4
-3.0, -10.0, 1.0; 13
-2.0, -10.0, 1.0; 17
-1.0, -10.0, 1.0; 29
0.0, -10.0, 1.0; 22
1.0, -10.0, 1.0; 13
2.0, -10.0, 1.0; 3
-6.0, -9.0, 1.0; 3
-5.0, -9.0, 1.0; 10
-4.0, -9.0, 1.0; 27
-3.0, -9.0, 1.0; 20
-2.0, -9.0, 1.0; 13
-1.0, -9.0, 1.0; 16
0.0, -9.0, 1.0; 11
1.0, -9.0, 1.0; 10
2.0, -9.0, 1.0; 9
3.0, -9.0, 1.0; 5
4.0, -9.0, 1.0; 8
5.0, -9.0, 1.0; 5
-7.0, -8.0, 1.0; 5
-6.0, -8.0, 1.0; 20
-5.0, -8.0, 1.0; 34
-4.0, -8.0, 1.0; 12
-3.0, -8.0, 1.0; 3
-2.0, -8.0, 1.0; 1
-1.0, -8.0, 1.0; 6
0.0, -8.0, 1.0; 7
1.0, -8.0, 1.0; 8
2.0, -8.0, 1.0; 6
3.0, -8.0, 1.0; 3
5.0, -8.0, 1.0; 1
6.0, -8.0, 1.0; 3
-8.0, -7.0, 1.0; 3
-7.0, -7.0, 1.0; 18
-6.0, -7.0, 1.0; 19
-5.0, -7.0, 1.0; 2
-4.0, -7.0, 1.0; 77
-3.0, -7.0, 1.0; 211
-2.0, -7.0, 1.0; 250
-1.0, -7.0, 1.0; 154
0.0, -7.0, 1.0; 42
1.0, -7.0, 1.0; 25
2.0, -7.0, 1.0; 12
3.0, -7.0, 1.0; 9
4.0, -7.0, 1.0; 1
5.0, -7.0, 1.0; 2
6.0, -7.0, 1.0; 2
7.0, -7.0, 1.0; 2
-9.0, -6.0, 1.0; 2
-8.0, -6.0, 1.0; 11
-7.0, -6.0, 1.0; 21
-6.0, -6.0, 1.0; 6
-5.0, -6.0, 1.0; 82
-4.0, -6.0, 1.0; 95
-3.0, -6.0, 1.0; 61
-2.0, -6.0, 1.0; 73
-1.0, -6.0, 1.0; 70
0.0, -6.0, 1.0; 42
1.0, -6.0, 1.0; 17
2.0, -6.0, 1.0; 17
3.0, -6.0, 1.0; 16
4.0, -6.0, 1.0; 3
5.0, -6.0, 1.0; 1
7.0, -6.0, 1.0; 1
-9.0, -5.0, 1.0; 3
-8.0, -5.0, 1.0; 22
-7.0, -5.0, 1.0; 8
-6.0, -5.0, 1.0; 31
-5.0, -5.0, 1.0; 61
-4.0, -5.0, 1.0; 6
-2.0, -5.0, 1.0; 1
-1.0, -5.0, 1.0; 1
0.0, -5.0, 1.0; 3
1.0, -5.0, 1.0; 1
2.0, -5.0, 1.0; 6
3.0, -5.0, 1.0; 4
4.0, -5.0, 1.0; 3
5.0, -5.0, 1.0; 2
7.0, -5.0, 1.0; 1
-9.0, -4.0, 1.0; 6
-8.0, -4.0, 1.0; 20
-7.0, -4.0, 1.0; 1
-6.0, -4.0, 1.0; 24
-5.0, -4.0, 1.0; 9
-2.0, -4.0, 1.0; 1
2.0, -4.0, 1.0; 5
-10.0, -3.0, 1.0; 2
-9.0, -3.0, 1.0; 1
-8.0, -3.0, 1.0; 15
-7.0, -3.0, 1.0; 1
-5.0, -3.0, 1.0; 1
-4.0, -3.0, 1.0; 1
6.0, -3.0, 1.0; 1
-10.0, -2.0, 1.0; 3
-9.0, -2.0, 1.0; 4
-8.0, -2.0, 1.0; 7
-7.0, -2.0, 1.0; 1
-6.0, -2.0, 1.0; 1
-5.0, -2.0, 1.0; 4
4.0, -2.0, 1.0; 2
-10.0, -1.0, 1.0; 4
-7.0, -1.0, 1.0; 3
-6.0, -1.0, 1.0; 9
-5.0, -1.0, 1.0; 1
4.0, -1.0, 1.0; 1
-10.0, 0.0, 1.0; 5
-9.0, 0.0, 1.0; 3
-8.0, 0.0, 1.0; 5
-7.0, 0.0, 1.0; 5
-6.0, 0.0, 1.0; 23
-5.0, 0.0, 1.0; 4
5.0, 0.0, 1.0; 1
-9.0, 1.0, 1.0; 1
-8.0, 1.0, 1.0; 7
-7.0, 1.0, 1.0; 1
-6.0, 1.0, 1.0; 19
-5.0, 1.0, 1.0; 19
5.0, 1.0, 1.0; 2
-10.0, 2.0, 1.0; 4
-9.0, 2.0, 1.0; 3
-8.0, 2.0, 1.0; 13
-6.0, 2.0, 1.0; 19
-5.0, 2.0, 1.0; 50
-4.0, 2.0, 1.0; 4
5.0, 2.0, 1.0; 4
-10.0, 3.0, 1.0; 2
-9.0, 3.0, 1.0; 4
-8.0, 3.0, 1.0; 6
-7.0, 3.0, 1.0; 12
-6.0, 3.0, 1.0; 15
-5.0, 3.0, 1.0; 27
-4.0, 3.0, 1.0; 49
-3.0, 3.0, 1.0; 2
2.0, 3.0, 1.0; 1
3.0, 3.0, 1.0; 1
4.0, 3.0, 1.0; 8
5.0, 3.0, 1.0; 3
-9.0, 4.0, 1.0; 1
-8.0, 4.0, 1.0; 10
-7.0, 4.0, 1.0; 15
-6.0, 4.0, 1.0; 20
-5.0, 4.0, 1.0; 7
-4.0, 4.0, 1.0; 59
-3.0, 4.0, 1.0; 34
-2.0, 4.0, 1.0; 4
-1.0, 4.0, 1.0; 1
0.0, 4.0, 1.0; 6
1.0, 4.0, 1.0; 2
2.0, 4.0, 1.0; 10
3.0, 4.0, 1.0; 33
4.0, 4.0, 1.0; 15
5.0, 4.0, 1.0; 7
6.0, 4.0, 1.0; 2
7.0, 4.0, 1.0; 3
8.0, 4.0, 1.0; 2
-9.0, 5.0, 1.0; 1
-8.0, 5.0, 1.0; 8
-7.0, 5.0, 1.0; 15
-6.0, 5.0, 1.0; 8
-5.0, 5.0, 1.0; 27
-4.0, 5.0, 1.0; 36
-3.0, 5.0, 1.0; 411
-2.0, 5.0, 1.0; 297
-1.0, 5.0, 1.0; 45
0.0, 5.0, 1.0; 156
1.0, 5.0, 1.0; 106
2.0, 5.0, 1.0; 50
3.0, 5.0, 1.0; 51
4.0, 5.0, 1.0; 13
5.0, 5.0, 1.0; 3
6.0, 5.0, 1.0; 2
7.0, 5.0, 1.0; 3
8.0, 5.0, 1.0; 1
-8.0, 6.0, 1.0; 6
-7.0, 6.0, 1.0; 29
-6.0, 6.0, 1.0; 55
-5.0, 6.0, 1.0; 26
-4.0, 6.0, 1.0; 28
-3.0, 6.0, 1.0; 108
-2.0, 6.0, 1.0; 123
-1.0, 6.0, 1.0; 71
0.0, 6.0, 1.0; 22
1.0, 6.0, 1.0; 5
2.0, 6.0, 1.0; 27
3.0, 6.0, 1.0; 14
4.0, 6.0, 1.0; 3
5.0, 6.0, 1.0; 4
6.0, 6.0, 1.0; 7
7.0, 6.0, 1.0; 1
-7.0, 7.0, 1.0; 6
-6.0, 7.0, 1.0; 24
-5.0, 7.0, 1.0; 28
-4.0, 7.0, 1.0; 7
-3.0, 7.0, 1.0; 2
-2.0, 7.0, 1.0; 17
-1.0, 7.0, 1.0; 28
0.0, 7.0, 1.0; 39
1.0, 7.0, 1.0; 33
2.0, 7.0, 1.0; 15
3.0, 7.0, 1.0; 10
4.0, 7.0, 1.0; 7
5.0, 7.0, 1.0; 9
6.0, 7.0, 1.0; 3
-6.0, 8.0, 1.0; 4
-5.0, 8.0, 1.0; 20
-4.0, 8.0, 1.0; 29
-3.0, 8.0, 1.0; 38
-2.0, 8.0, 1.0; 34
-1.0, 8.0, 1.0; 50
0.0, 8.0, 1.0; 47
1.0, 8.0, 1.0; 33
2.0, 8.0, 1.0; 7
3.0, 8.0, 1.0; 4
4.0, 8.0, 1.0; 3
5.0, 8.0, 1.0; 1
-4.0, 9.0, 1.0; 19
-3.0, 9.0, 1.0; 44
-2.0, 9.0, 1.0; 57
-1.0, 9.0, 1.0; 71
0.0, 9.0, 1.0; 27
1.0, 9.0, 1.0; 25
2.0, 9.0, 1.0; 3
3.0, 9.0, 1.0; 1
-4.0, -10.0, 2.0; 1
-3.0, -10.0, 2.0; 7
-2.0, -10.0, 2.0; 7
-1.0, -10.0, 2.0; 6
0.0, -10.0, 2.0; 5
1.0, -10.0, 2.0; 5
2.0, -10.0, 2.0; 4
-5.0, -9.0, 2.0; 4
-4.0, -9.0, 2.0; 25
-3.0, -9.0, 2.0; 26
-2.0, -9.0, 2.0; 30
-1.0, -9.0, 2.0; 15
0.0, -9.0, 2.0; 13
1.0, -9.0, 2.0; 11
2.0, -9.0, 2.0; 6
3.0, -9.0, 2.0; 5
4.0, -9.0, 2.0; 11
5.0, -9.0, 2.0; 3
-7.0, -8.0, 2.0; 2
-6.0, -8.0, 2.0; 17
-5.0, -8.0, 2.0; 48
-4.0, -8.0, 2.0; 23
-3.0, -8.0, 2.0; 15
-2.0, -8.0, 2.0; 6
-1.0, -8.0, 2.0; 6
0.0, -8.0, 2.0; 13
1.0, -8.0, 2.0; 12
2.0, -8.0, 2.0; 4
3.0, -8.0, 2.0; 2
4.0, -8.0, 2.0; 4
5.0, -8.0, 2.0; 1
6.0, -8.0, 2.0; 1
-8.0, -7.0, 2.0; 2
-7.0, -7.0, 2.0; 14
-6.0, -7.0, 2.0; 71
-5.0, -7.0, 2.0; 21
-4.0, -7.0, 2.0; 2
-3.0, -7.0, 2.0; 13
-2.0, -7.0, 2.0; 10
-1.0, -7.0, 2.0; 13
0.0, -7.0, 2.0; 10
1.0, -7.0, 2.0; 8
2.0, -7.0, 2.0; 4
3.0, -7.0, 2.0; 3
4.0, -7.0, 2.0; 2
5.0, -7.0, 2.0; 3
6.0, -7.0, 2.0; 3
-8.0, -6.0, 2.0; 3
-7.0, -6.0, 2.0; 31
-6.0, -6.0, 2.0; 13
-5.0, -6.0, 2.0; 4
-4.0, -6.0, 2.0; 62
-3.0, -6.0, 2.0; 100
-2.0, -6.0, 2.0; 89
-1.0, -6.0, 2.0; 16
0.0, -6.0, 2.0; 2
1.0, -6.0, 2.0; 6
2.0, -6.0, 2.0; 10
3.0, -6.0, 2.0; 2
5.0, -6.0, 2.0; 1
6.0, -6.0, 2.0; 2
7.0, -6.0, 2.0; 2
-9.0, -5.0, 2.0; 2
-8.0, -5.0, 2.0; 17
-7.0, -5.0, 2.0; 29
-6.0, -5.0, 2.0; 2
-5.0, -5.0, 2.0; 49
-4.0, -5.0, 2.0; 56
-3.0, -5.0, 2.0; 15
-2.0, -5.0, 2.0; 4
-1.0, -5.0, 2.0; 1
1.0, -5.0, 2.0; 4
2.0, -5.0, 2.0; 3
3.0, -5.0, 2.0; 5
4.0, -5.0, 2.0; 1
7.0, -5.0, 2.0; 2
-9.0, -4.0, 2.0; 5
-8.0, -4.0, 2.0; 22
-7.0, -4.0, 2.0; 12
-6.0, -4.0, 2.0; 3
-5.0, -4.0, 2.0; 18
-4.0, -4.0, 2.0; 3
-3.0, -4.0, 2.0; 1
5.0, -4.0, 2.0; 1
8.0, -4.0, 2.0; 1
-10.0, -3.0, 2.0; 3
-9.0, -3.0, 2.0; 5
-8.0, -3.0, 2.0; 7
-7.0, -3.0, 2.0; 6
-6.0, -3.0, 2.0; 4
-5.0, -3.0, 2.0; 1
-4.0, -3.0, 2.0; 2
1.0, -3.0, 2.0; 1
-10.0, -2.0, 2.0; 4
-9.0, -2.0, 2.0; 6
-8.0, -2.0, 2.0; 6
-7.0, -2.0, 2.0; 7
-6.0, -2.0, 2.0; 7
-5.0, -2.0, 2.0; 1
-4.0, -2.0, 2.0; 1
6.0, -2.0, 2.0; 1
-10.0, -1.0, 2.0; 3
-9.0, -1.0, 2.0; 3
-7.0, -1.0, 2.0; 13
-6.0, -1.0, 2.0; 11
-4.0, -1.0, 2.0; 1
4.0, -1.0, 2.0; 1
-10.0, 0.0, 2.0; 3
-9.0, 0.0, 2.0; 4
-8.0, 0.0, 2.0; 2
-7.0, 0.0, 2.0; 6
-6.0, 0.0, 2.0; 27
-5.0, 0.0, 2.0; 17
-10.0, 1.0, 2.0; 2
-9.0, 1.0, 2.0; 4
-8.0, 1.0, 2.0; 1
-7.0, 1.0, 2.0; 7
-6.0, 1.0, 2.0; 11
-5.0, 1.0, 2.0; 201
-4.0, 1.0, 2.0; 140
-3.0, 1.0, 2.0; 1
3.0, 1.0, 2.0; 1
4.0, 1.0, 2.0; 2
5.0, 1.0, 2.0; 2
-10.0, 2.0, 2.0; 2
-9.0, 2.0, 2.0; 4
-8.0, 2.0, 2.0; 10
-7.0, 2.0, 2.0; 1
-6.0, 2.0, 2.0; 4
-5.0, 2.0, 2.0; 254
-4.0, 2.0, 2.0; 824
-3.0, 2.0, 2.0; 10
4.0, 2.0, 2.0; 1
5.0, 2.0, 2.0; 4
6.0, 2.0, 2.0; 2
7.0, 2.0, 2.0; 1
-9.0, 3.0, 2.0; 3
-8.0, 3.0, 2.0; 6
-7.0, 3.0, 2.0; 9
-6.0, 3.0, 2.0; 6
-5.0, 3.0, 2.0; 22
-4.0, 3.0, 2.0; 85
-3.0, 3.0, 2.0; 18
-2.0, 3.0, 2.0; 7
-1.0, 3.0, 2.0; 2
0.0, 3.0, 2.0; 1
2.0, 3.0, 2.0; 2
3.0, 3.0, 2.0; 4
4.0, 3.0, 2.0; 2
5.0, 3.0, 2.0; 2
6.0, 3.0, 2.0; 1
-9.0, 4.0, 2.0; 2
-8.0, 4.0, 2.0; 5
-7.0, 4.0, 2.0; 16
-6.0, 4.0, 2.0; 8
-5.0, 4.0, 2.0; 6
-4.0, 4.0, 2.0; 25
-3.0, 4.0, 2.0; 36
-2.0, 4.0, 2.0; 65
-1.0, 4.0, 2.0; 34
0.0, 4.0, 2.0; 17
1.0, 4.0, 2.0; 5
2.0, 4.0, 2.0; 16
3.0, 4.0, 2.0; 24
4.0, 4.0, 2.0; 3
5.0, 4.0, 2.0; 4
6.0, 4.0, 2.0; 4
-8.0, 5.0, 2.0; 15
-7.0, 5.0, 2.0; 9
-6.0, 5.0, 2.0; 7
-5.0, 5.0, 2.0; 8
-4.0, 5.0, 2.0; 18
-3.0, 5.0, 2.0; 59
-2.0, 5.0, 2.0; 73
-1.0, 5.0, 2.0; 38
0.0, 5.0, 2.0; 38
1.0, 5.0, 2.0; 18
2.0, 5.0, 2.0; 50
3.0, 5.0, 2.0; 22
4.0, 5.0, 2.0; 3
5.0, 5.0, 2.0; 1
6.0, 5.0, 2.0; 5
7.0, 5.0, 2.0; 1
-8.0, 6.0, 2.0; 5
-7.0, 6.0, 2.0; 20
-6.0, 6.0, 2.0; 19
-5.0, 6.0, 2.0; 9
-4.0, 6.0, 2.0; 18
-3.0, 6.0, 2.0; 28
-2.0, 6.0, 2.0; 14
-1.0, 6.0, 2.0; 4
0.0, 6.0, 2.0; 3
1.0, 6.0, 2.0; 9
2.0, 6.0, 2.0; 36
3.0, 6.0, 2.0; 11
4.0, 6.0, 2.0; 3
5.0, 6.0, 2.0; 4
6.0, 6.0, 2.0; 4
-7.0, 7.0, 2.0; 3
-6.0, 7.0, 2.0; 32
-5.0, 7.0, 2.0; 26
-4.0, 7.0, 2.0; 19
-3.0, 7.0, 2.0; 18
-2.0, 7.0, 2.0; 26
-1.0, 7.0, 2.0; 33
0.0, 7.0, 2.0; 61
1.0, 7.0, 2.0; 29
2.0, 7.0, 2.0; 14
4.0, 7.0, 2.0; 9
5.0, 7.0, 2.0; 4
6.0, 7.0, 2.0; 1
-5.0, 8.0, 2.0; 17
-4.0, 8.0, 2.0; 33
-3.0, 8.0, 2.0; 35
-2.0, 8.0, 2.0; 39
-1.0, 8.0, 2.0; 40
0.0, 8.0, 2.0; 41
1.0, 8.0, 2.0; 15
2.0, 8.0, 2.0; 7
3.0, 8.0, 2.0; 1
4.0, 8.0, 2.0; 2
-4.0, 9.0, 2.0; 2
-3.0, 9.0, 2.0; 15
-2.0, 9.0, 2.0; 34
-1.0, 9.0, 2.0; 23
0.0, 9.0, 2.0; 8
1.0, 9.0, 2.0; 3
-1.0, -10.0, 3.0; 3
1.0, -10.0, 3.0; 2
2.0, -10.0, 3.0; 2
-5.0, -9.0, 3.0; 1
-4.0, -9.0, 3.0; 5
-3.0, -9.0, 3.0; 5
-2.0, -9.0, 3.0; 15
-1.0, -9.0, 3.0; 15
0.0, -9.0, 3.0; 6
1.0, -9.0, 3.0; 3
2.0, -9.0, 3.0; 5
3.0, -9.0, 3.0; 7
4.0, -9.0, 3.0; 3
-6.0, -8.0, 3.0; 3
-5.0, -8.0, 3.0; 19
-4.0, -8.0, 3.0; 46
-3.0, -8.0, 3.0; 36
-2.0, -8.0, 3.0; 27
-1.0, -8.0, 3.0; 27
0.0, -8.0, 3.0; 13
1.0, -8.0, 3.0; 5
2.0, -8.0, 3.0; 2
3.0, -8.0, 3.0; 8
4.0, -8.0, 3.0; 7
5.0, -8.0, 3.0; 2
-7.0, -7.0, 3.0; 5
-6.0, -7.0, 3.0; 16
-5.0, -7.0, 3.0; 43
-4.0, -7.0, 3.0; 24
-3.0, -7.0, 3.0; 22
-2.0, -7.0, 3.0; 13
-1.0, -7.0, 3.0; 13
0.0, -7.0, 3.0; 17
1.0, -7.0, 3.0; 7
4.0, -7.0, 3.0; 4
5.0, -7.0, 3.0; 2
6.0, -7.0, 3.0; 3
-8.0, -6.0, 3.0; 2
-7.0, -6.0, 3.0; 6
-6.0, -6.0, 3.0; 40
-5.0, -6.0, 3.0; 20
-4.0, -6.0, 3.0; 5
-3.0, -6.0, 3.0; 2
-2.0, -6.0, 3.0; 1
-1.0, -6.0, 3.0; 5
0.0, -6.0, 3.0; 6
1.0, -6.0, 3.0; 6
2.0, -6.0, 3.0; 5
3.0, -6.0, 3.0; 2
4.0, -6.0, 3.0; 1
-8.0, -5.0, 3.0; 4
-7.0, -5.0, 3.0; 15
-6.0, -5.0, 3.0; 16
-5.0, -5.0, 3.0; 9
-4.0, -5.0, 3.0; 3
-3.0, -5.0, 3.0; 2
-1.0, -5.0, 3.0; 1
1.0, -5.0, 3.0; 4
2.0, -5.0, 3.0; 2
3.0, -5.0, 3.0; 1
4.0, -5.0, 3.0; 3
5.0, -5.0, 3.0; 1
7.0, -5.0, 3.0; 1
-9.0, -4.0, 3.0; 2
-8.0, -4.0, 3.0; 1
-7.0, -4.0, 3.0; 12
-6.0, -4.0, 3.0; 7
-5.0, -4.0, 3.0; 2
-3.0, -4.0, 3.0; 1
-2.0, -4.0, 3.0; 6
-1.0, -4.0, 3.0; 2
0.0, -4.0, 3.0; 6
1.0, -4.0, 3.0; 2
-9.0, -3.0, 3.0; 2
-8.0, -3.0, 3.0; 2
-7.0, -3.0, 3.0; 3
-6.0, -3.0, 3.0; 10
-5.0, -3.0, 3.0; 5
-2.0, -3.0, 3.0; 5
-1.0, -3.0, 3.0; 1
0.0, -3.0, 3.0; 1
1.0, -3.0, 3.0; 1
5.0, -3.0, 3.0; 1
-10.0, -2.0, 3.0; 1
-9.0, -2.0, 3.0; 5
-8.0, -2.0, 3.0; 1
-7.0, -2.0, 3.0; 4
-6.0, -2.0, 3.0; 45
-5.0, -2.0, 3.0; 34
-4.0, -2.0, 3.0; 5
-2.0, -2.0, 3.0; 2
3.0, -2.0, 3.0; 1
-10.0, -1.0, 3.0; 2
-9.0, -1.0, 3.0; 4
-8.0, -1.0, 3.0; 1
-6.0, -1.0, 3.0; 35
-5.0, -1.0, 3.0; 13
-4.0, -1.0, 3.0; 3
-3.0, -1.0, 3.0; 3
-1.0, -1.0, 3.0; 1
1.0, -1.0, 3.0; 1
2.0, -1.0, 3.0; 1
8.0, -1.0, 3.0; 1
-10.0, 0.0, 3.0; 1
-9.0, 0.0, 3.0; 2
-8.0, 0.0, 3.0; 2
-7.0, 0.0, 3.0; 2
-6.0, 0.0, 3.0; 11
-5.0, 0.0, 3.0; 16
-4.0, 0.0, 3.0; 11
-3.0, 0.0, 3.0; 3
3.0, 0.0, 3.0; 1
5.0, 0.0, 3.0; 1
6.0, 0.0, 3.0; 1
7.0, 0.0, 3.0; 1
-9.0, 1.0, 3.0; 4
-8.0, 1.0, 3.0; 6
-7.0, 1.0, 3.0; 1
-6.0, 1.0, 3.0; 1
-5.0, 1.0, 3.0; 8
-4.0, 1.0, 3.0; 63
-3.0, 1.0, 3.0; 19
-2.0, 1.0, 3.0; 1
1.0, 1.0, 3.0; 1
2.0, 1.0, 3.0; 2
3.0, 1.0, 3.0; 6
4.0, 1.0, 3.0; 3
-9.0, 2.0, 3.0; 6
-8.0, 2.0, 3.0; 9
-7.0, 2.0, 3.0; 7
-6.0, 2.0, 3.0; 4
-5.0, 2.0, 3.0; 3
-4.0, 2.0, 3.0; 76
-3.0, 2.0, 3.0; 42
-2.0, 2.0, 3.0; 9
-1.0, 2.0, 3.0; 4
1.0, 2.0, 3.0; 1
2.0, 2.0, 3.0; 2
3.0, 2.0, 3.0; 4
4.0, 2.0, 3.0; 3
5.0, 2.0, 3.0; 2
-9.0, 3.0, 3.0; 7
-8.0, 3.0, 3.0; 10
-7.0, 3.0, 3.0; 5
-6.0, 3.0, 3.0; 3
-5.0, 3.0, 3.0; 3
-4.0, 3.0, 3.0; 1
-3.0, 3.0, 3.0; 20
-2.0, 3.0, 3.0; 27
-1.0, 3.0, 3.0; 12
0.0, 3.0, 3.0; 4
1.0, 3.0, 3.0; 8
2.0, 3.0, 3.0; 3
3.0, 3.0, 3.0; 8
4.0, 3.0, 3.0; 2
5.0, 3.0, 3.0; 2
6.0, 3.0, 3.0; 1
7.0, 3.0, 3.0; 1
-8.0, 4.0, 3.0; 7
-7.0, 4.0, 3.0; 13
-6.0, 4.0, 3.0; 10
-5.0, 4.0, 3.0; 7
-4.0, 4.0, 3.0; 2
-3.0, 4.0, 3.0; 6
-2.0, 4.0, 3.0; 14
-1.0, 4.0, 3.0; 8
0.0, 4.0, 3.0; 8
1.0, 4.0, 3.0; 46
2.0, 4.0, 3.0; 32
3.0, 4.0, 3.0; 7
4.0, 4.0, 3.0; 2
5.0, 4.0, 3.0; 3
6.0, 4.0, 3.0; 1
-8.0, 5.0, 3.0; 11
-7.0, 5.0, 3.0; 12
-6.0, 5.0, 3.0; 28
-5.0, 5.0, 3.0; 14
-4.0, 5.0, 3.0; 7
-3.0, 5.0, 3.0; 5
-2.0, 5.0, 3.0; 3
-1.0, 5.0, 3.0; 2
0.0, 5.0, 3.0; 5
1.0, 5.0, 3.0; 21
2.0, 5.0, 3.0; 32
3.0, 5.0, 3.0; 5
4.0, 5.0, 3.0; 3
6.0, 5.0, 3.0; 5
-7.0, 6.0, 3.0; 8
-6.0, 6.0, 3.0; 17
-5.0, 6.0, 3.0; 24
-4.0, 6.0, 3.0; 18
-3.0, 6.0, 3.0; 14
-2.0, 6.0, 3.0; 11
-1.0, 6.0, 3.0; 6
0.0, 6.0, 3.0; 8
1.0, 6.0, 3.0; 16
2.0, 6.0, 3.0; 4
3.0, 6.0, 3.0; 4
4.0, 6.0, 3.0; 1
5.0, 6.0, 3.0; 3
6.0, 6.0, 3.0; 4
-7.0, 7.0, 3.0; 1
-6.0, 7.0, 3.0; 3
-5.0, 7.0, 3.0; 13
-4.0, 7.0, 3.0; 28
-3.0, 7.0, 3.0; 29
-2.0, 7.0, 3.0; 39
-1.0, 7.0, 3.0; 44
0.0, 7.0, 3.0; 33
1.0, 7.0, 3.0; 15
2.0, 7.0, 3.0; 4
3.0, 7.0, 3.0; 6
4.0, 7.0, 3.0; 4
5.0, 7.0, 3.0; 1
-5.0, 8.0, 3.0; 3
-4.0, 8.0, 3.0; 33
-3.0, 8.0, 3.0; 36
-2.0, 8.0, 3.0; 44
-1.0, 8.0, 3.0; 33
0.0, 8.0, 3.0; 14
1.0, 8.0, 3.0; 9
2.0, 8.0, 3.0; 1
3.0, 8.0, 3.0; 2
-3.0, 9.0, 3.0; 2
-2.0, 9.0, 3.0; 9
-1.0, 9.0, 3.0; 12
0.0, 9.0, 3.0; 1
-3.0, -9.0, 4.0; 1
-2.0, -9.0, 4.0; 1
-1.0, -9.0, 4.0; 2
0.0, -9.0, 4.0; 2
1.0, -9.0, 4.0; 3
2.0, -9.0, 4.0; 5
3.0, -9.0, 4.0; 4
-5.0, -8.0, 4.0; 3
-4.0, -8.0, 4.0; 12
-3.0, -8.0, 4.0; 10
-2.0, -8.0, 4.0; 16
-1.0, -8.0, 4.0; 6
0.0, -8.0, 4.0; 6
1.0, -8.0, 4.0; 1
2.0, -8.0, 4.0; 1
3.0, -8.0, 4.0; 6
4.0, -8.0, 4.0; 6
-7.0, -7.0, 4.0; 4
-6.0, -7.0, 4.0; 6
-5.0, -7.0, 4.0; 13
-4.0, -7.0, 4.0; 27
-3.0, -7.0, 4.0; 35
-2.0, -7.0, 4.0; 24
-1.0, -7.0, 4.0; 13
0.0, -7.0, 4.0; 8
1.0, -7.0, 4.0; 1
3.0, -7.0, 4.0; 2
5.0, -7.0, 4.0; 1
-7.0, -6.0, 4.0; 2
-6.0, -6.0, 4.0; 4
-5.0, -6.0, 4.0; 34
-4.0, -6.0, 4.0; 24
-3.0, -6.0, 4.0; 17
-2.0, -6.0, 4.0; 13
-1.0, -6.0, 4.0; 11
0.0, -6.0, 4.0; 1
1.0, -6.0, 4.0; 4
4.0, -6.0, 4.0; 3
-8.0, -5.0, 4.0; 6
-7.0, -5.0, 4.0; 4
-6.0, -5.0, 4.0; 9
-5.0, -5.0, 4.0; 24
-4.0, -5.0, 4.0; 9
-3.0, -5.0, 4.0; 12
-2.0, -5.0, 4.0; 12
-1.0, -5.0, 4.0; 14
0.0, -5.0, 4.0; 5
1.0, -5.0, 4.0; 3
2.0, -5.0, 4.0; 2
5.0, -5.0, 4.0; 2
-9.0, -4.0, 4.0; 3
-8.0, -4.0, 4.0; 6
-7.0, -4.0, 4.0; 3
-6.0, -4.0, 4.0; 4
-5.0, -4.0, 4.0; 6
-4.0, -4.0, 4.0; 18
-3.0, -4.0, 4.0; 14
-2.0, -4.0, 4.0; 9
-1.0, -4.0, 4.0; 6
0.0, -4.0, 4.0; 4
4.0, -4.0, 4.0; 1
-9.0, -3.0, 4.0; 4
-8.0, -3.0, 4.0; 2
-6.0, -3.0, 4.0; 3
-5.0, -3.0, 4.0; 23
-4.0, -3.0, 4.0; 23
-3.0, -3.0, 4.0; 5
-2.0, -3.0, 4.0; 2
-1.0, -3.0, 4.0; 3
0.0, -3.0, 4.0; 2
-8.0, -2.0, 4.0; 2
-7.0, -2.0, 4.0; 3
-6.0, -2.0, 4.0; 9
-5.0, -2.0, 4.0; 28
-4.0, -2.0, 4.0; 14
-3.0, -2.0, 4.0; 12
-2.0, -2.0, 4.0; 2
-1.0, -2.0, 4.0; 7
0.0, -2.0, 4.0; 3
1.0, -2.0, 4.0; 1
-9.0, -1.0, 4.0; 4
-8.0, -1.0, 4.0; 3
-7.0, -1.0, 4.0; 1
-6.0, -1.0, 4.0; 4
-5.0, -1.0, 4.0; 9
-4.0, -1.0, 4.0; 16
-3.0, -1.0, 4.0; 4
-2.0, -1.0, 4.0; 5
-1.0, -1.0, 4.0; 6
0.0, -1.0, 4.0; 8
1.0, -1.0, 4.0; 7
-9.0, 0.0, 4.0; 5
-8.0, 0.0, 4.0; 5
-7.0, 0.0, 4.0; 5
-6.0, 0.0, 4.0; 1
-5.0, 0.0, 4.0; 1
-4.0, 0.0, 4.0; 2
-3.0, 0.0, 4.0; 4
-2.0, 0.0, 4.0; 3
-1.0, 0.0, 4.0; 4
0.0, 0.0, 4.0; 3
1.0, 0.0, 4.0; 7
2.0, 0.0, 4.0; 2
3.0, 0.0, 4.0; 2
5.0, 0.0, 4.0; 2
6.0, 0.0, 4.0; 1
-9.0, 1.0, 4.0; 8
-8.0, 1.0, 4.0; 4
-7.0, 1.0, 4.0; 3
-6.0, 1.0, 4.0; 2
-5.0, 1.0, 4.0; 4
-3.0, 1.0, 4.0; 1
-2.0, 1.0, 4.0; 2
0.0, 1.0, 4.0; 6
1.0, 1.0, 4.0; 11
2.0, 1.0, 4.0; 13
3.0, 1.0, 4.0; 3
4.0, 1.0, 4.0; 1
7.0, 1.0, 4.0; 3
-9.0, 2.0, 4.0; 2
-8.0, 2.0, 4.0; 7
-7.0, 2.0, 4.0; 3
-6.0, 2.0, 4.0; 3
-5.0, 2.0, 4.0; 2
-3.0, 2.0, 4.0; 1
-2.0, 2.0, 4.0; 2
-1.0, 2.0, 4.0; 4
0.0, 2.0, 4.0; 14
1.0, 2.0, 4.0; 6
2.0, 2.0, 4.0; 11
3.0, 2.0, 4.0; 2
4.0, 2.0, 4.0; 5
-8.0, 3.0, 4.0; 7
-7.0, 3.0, 4.0; 12
-6.0, 3.0, 4.0; 6
-5.0, 3.0, 4.0; 11
-4.0, 3.0, 4.0; 2
-3.0, 3.0, 4.0; 5
-2.0, 3.0, 4.0; 2
-1.0, 3.0, 4.0; 6
0.0, 3.0, 4.0; 24
1.0, 3.0, 4.0; 39
2.0, 3.0, 4.0; 11
3.0, 3.0, 4.0; 4
6.0, 3.0, 4.0; 2
-8.0, 4.0, 4.0; 6
-7.0, 4.0, 4.0; 13
-6.0, 4.0, 4.0; 23
-5.0, 4.0, 4.0; 17
-4.0, 4.0, 4.0; 3
-3.0, 4.0, 4.0; 2
-2.0, 4.0, 4.0; 3
-1.0, 4.0, 4.0; 8
0.0, 4.0, 4.0; 44
1.0, 4.0, 4.0; 104
2.0, 4.0, 4.0; 22
3.0, 4.0, 4.0; 1
4.0, 4.0, 4.0; 1
5.0, 4.0, 4.0; 2
6.0, 4.0, 4.0; 1
-7.0, 5.0, 4.0; 10
-6.0, 5.0, 4.0; 25
-5.0, 5.0, 4.0; 27
-4.0, 5.0, 4.0; 29
-3.0, 5.0, 4.0; 17
-2.0, 5.0, 4.0; 8
-1.0, 5.0, 4.0; 8
0.0, 5.0, 4.0; 18
1.0, 5.0, 4.0; 20
2.0, 5.0, 4.0; 17
3.0, 5.0, 4.0; 3
4.0, 5.0, 4.0; 1
5.0, 5.0, 4.0; 5
-7.0, 6.0, 4.0; 3
-6.0, 6.0, 4.0; 8
-5.0, 6.0, 4.0; 22
-4.0, 6.0, 4.0; 26
-3.0, 6.0, 4.0; 35
-2.0, 6.0, 4.0; 28
-1.0, 6.0, 4.0; 23
0.0, 6.0, 4.0; 17
1.0, 6.0, 4.0; 6
2.0, 6.0, 4.0; 5
3.0, 6.0, 4.0; 2
4.0, 6.0, 4.0; 3
5.0, 6.0, 4.0; 6
-5.0, 7.0, 4.0; 15
-4.0, 7.0, 4.0; 22
-3.0, 7.0, 4.0; 26
-2.0, 7.0, 4.0; 29
-1.0, 7.0, 4.0; 17
0.0, 7.0, 4.0; 7
1.0, 7.0, 4.0; 3
2.0, 7.0, 4.0; 1
3.0, 7.0, 4.0; 1
4.0, 7.0, 4.0; 6
-4.0, 8.0, 4.0; 4
-3.0, 8.0, 4.0; 24
-2.0, 8.0, 4.0; 21
-1.0, 8.0, 4.0; 14
0.0, 8.0, 4.0; 8
1.0, 8.0, 4.0; 1
3.0, 8.0, 4.0; 1
-3.0, -9.0, 5.0; 1
-2.0, -9.0, 5.0; 2
-1.0, -9.0, 5.0; 1
0.0, -9.0, 5.0; 1
1.0, -9.0, 5.0; 3
2.0, -9.0, 5.0; 1
-4.0, -8.0, 5.0; 3
-3.0, -8.0, 5.0; 10
-2.0, -8.0, 5.0; 5
-1.0, -8.0, 5.0; 6
0.0, -8.0, 5.0; 6
1.0, -8.0, 5.0; 7
2.0, -8.0, 5.0; 3
3.0, -8.0, 5.0; 1
-6.0, -7.0, 5.0; 2
-5.0, -7.0, 5.0; 5
-4.0, -7.0, 5.0; 4
-3.0, -7.0, 5.0; 8
-2.0, -7.0, 5.0; 6
-1.0, -7.0, 5.0; 2
0.0, -7.0, 5.0; 3
1.0, -7.0, 5.0; 3
2.0, -7.0, 5.0; 2
3.0, -7.0, 5.0; 4
4.0, -7.0, 5.0; 2
-6.0, -6.0, 5.0; 3
-5.0, -6.0, 5.0; 3
-4.0, -6.0, 5.0; 4
-3.0, -6.0, 5.0; 5
-2.0, -6.0, 5.0; 3
0.0, -6.0, 5.0; 1
1.0, -6.0, 5.0; 1
3.0, -6.0, 5.0; 3
4.0, -6.0, 5.0; 1
5.0, -6.0, 5.0; 1
-8.0, -5.0, 5.0; 3
-7.0, -5.0, 5.0; 6
-6.0, -5.0, 5.0; 4
-5.0, -5.0, 5.0; 5
-4.0, -5.0, 5.0; 9
-3.0, -5.0, 5.0; 8
-2.0, -5.0, 5.0; 3
-1.0, -5.0, 5.0; 8
0.0, -5.0, 5.0; 3
1.0, -5.0, 5.0; 1
2.0, -5.0, 5.0; 1
5.0, -5.0, 5.0; 1
-8.0, -4.0, 5.0; 4
-7.0, -4.0, 5.0; 4
-6.0, -4.0, 5.0; 2
-5.0, -4.0, 5.0; 2
-4.0, -4.0, 5.0; 5
-3.0, -4.0, 5.0; 18
-2.0, -4.0, 5.0; 13
-1.0, -4.0, 5.0; 6
0.0, -4.0, 5.0; 2
2.0, -4.0, 5.0; 1
3.0, -4.0, 5.0; 1
4.0, -4.0, 5.0; 1
5.0, -4.0, 5.0; 1
-8.0, -3.0, 5.0; 2
-7.0, -3.0, 5.0; 1
-6.0, -3.0, 5.0; 2
-5.0, -3.0, 5.0; 1
-4.0, -3.0, 5.0; 15
-3.0, -3.0, 5.0; 9
-2.0, -3.0, 5.0; 2
0.0, -3.0, 5.0; 3
3.0, -3.0, 5.0; 1
-7.0, -2.0, 5.0; 2
-6.0, -2.0, 5.0; 1
-5.0, -2.0, 5.0; 1
-4.0, -2.0, 5.0; 5
-3.0, -2.0, 5.0; 3
-2.0, -2.0, 5.0; 2
-1.0, -2.0, 5.0; 4
0.0, -2.0, 5.0; 1
1.0, -2.0, 5.0; 4
-8.0, -1.0, 5.0; 2
-6.0, -1.0, 5.0; 3
-5.0, -1.0, 5.0; 2
-4.0, -1.0, 5.0; 1
-2.0, -1.0, 5.0; 1
-1.0, -1.0, 5.0; 2
0.0, -1.0, 5.0; 1
1.0, -1.0, 5.0; 5
2.0, -1.0, 5.0; 1
-9.0, 0.0, 5.0; 2
-8.0, 0.0, 5.0; 1
-7.0, 0.0, 5.0; 3
-6.0, 0.0, 5.0; 5
-3.0, 0.0, 5.0; 1
-2.0, 0.0, 5.0; 1
0.0, 0.0, 5.0; 9
1.0, 0.0, 5.0; 15
-9.0, 1.0, 5.0; 1
-8.0, 1.0, 5.0; 2
-7.0, 1.0, 5.0; 2
-6.0, 1.0, 5.0; 2
-5.0, 1.0, 5.0; 4
-4.0, 1.0, 5.0; 2
-3.0, 1.0, 5.0; 2
-2.0, 1.0, 5.0; 2
0.0, 1.0, 5.0; 4
1.0, 1.0, 5.0; 14
2.0, 1.0, 5.0; 4
5.0, 1.0, 5.0; 2
-8.0, 2.0, 5.0; 3
-7.0, 2.0, 5.0; 10
-6.0, 2.0, 5.0; 1
-5.0, 2.0, 5.0; 4
-4.0, 2.0, 5.0; 2
-3.0, 2.0, 5.0; 3
-2.0, 2.0, 5.0; 3
-1.0, 2.0, 5.0; 6
1.0, 2.0, 5.0; 1
2.0, 2.0, 5.0; 3
3.0, 2.0, 5.0; 1
-8.0, 3.0, 5.0; 1
-7.0, 3.0, 5.0; 9
-6.0, 3.0, 5.0; 13
-5.0, 3.0, 5.0; 8
-4.0, 3.0, 5.0; 8
-3.0, 3.0, 5.0; 1
-2.0, 3.0, 5.0; 6
-1.0, 3.0, 5.0; 7
0.0, 3.0, 5.0; 7
1.0, 3.0, 5.0; 6
2.0, 3.0, 5.0; 3
4.0, 3.0, 5.0; 3
5.0, 3.0, 5.0; 1
-7.0, 4.0, 5.0; 1
-6.0, 4.0, 5.0; 10
-5.0, 4.0, 5.0; 16
-4.0, 4.0, 5.0; 14
-3.0, 4.0, 5.0; 8
-2.0, 4.0, 5.0; 4
-1.0, 4.0, 5.0; 2
0.0, 4.0, 5.0; 18
1.0, 4.0, 5.0; 4
2.0, 4.0, 5.0; 2
3.0, 4.0, 5.0; 2
4.0, 4.0, 5.0; 1
5.0, 4.0, 5.0; 1
-7.0, 5.0, 5.0; 1
-6.0, 5.0, 5.0; 6
-5.0, 5.0, 5.0; 12
-4.0, 5.0, 5.0; 12
-3.0, 5.0, 5.0; 25
-2.0, 5.0, 5.0; 14
-1.0, 5.0, 5.0; 8
0.0, 5.0, 5.0; 5
1.0, 5.0, 5.0; 4
3.0, 5.0, 5.0; 3
4.0, 5.0, 5.0; 4
5.0, 5.0, 5.0; 4
6.0, 5.0, 5.0; 1
-6.0, 6.0, 5.0; 4
-5.0, 6.0, 5.0; 7
-4.0, 6.0, 5.0; 12
-3.0, 6.0, 5.0; 17
-2.0, 6.0, 5.0; 14
-1.0, 6.0, 5.0; 12
0.0, 6.0, 5.0; 5
1.0, 6.0, 5.0; 3
2.0, 6.0, 5.0; 2
3.0, 6.0, 5.0; 5
4.0, 6.0, 5.0; 2
5.0, 6.0, 5.0; 1
-4.0, 7.0, 5.0; 8
-3.0, 7.0, 5.0; 10
-2.0, 7.0, 5.0; 9
-1.0, 7.0, 5.0; 9
0.0, 7.0, 5.0; 6
1.0, 7.0, 5.0; 2
3.0, 7.0, 5.0; 4
-1.0, 8.0, 5.0; 3
1.0, 8.0, 5.0; 1
-3.0, -8.0, 6.0; 2
-2.0, -8.0, 6.0; 1
-1.0, -8.0, 6.0; 3
0.0, -8.0, 6.0; 1
1.0, -8.0, 6.0; 3
2.0, -8.0, 6.0; 1
-5.0, -7.0, 6.0; 2
-4.0, -7.0, 6.0; 5
-3.0, -7.0, 6.0; 2
-2.0, -7.0, 6.0; 8
-1.0, -7.0, 6.0; 9
0.0, -7.0, 6.0; 4
1.0, -7.0, 6.0; 3
2.0, -7.0, 6.0; 5
3.0, -7.0, 6.0; 1
4.0, -7.0, 6.0; 1
-6.0, -6.0, 6.0; 2
-5.0, -6.0, 6.0; 8
-4.0, -6.0, 6.0; 6
-3.0, -6.0, 6.0; 7
-2.0, -6.0, 6.0; 3
-1.0, -6.0, 6.0; 5
0.0, -6.0, 6.0; 3
1.0, -6.0, 6.0; 8
-7.0, -5.0, 6.0; 1
-6.0, -5.0, 6.0; 2
-5.0, -5.0, 6.0; 4
-4.0, -5.0, 6.0; 4
-3.0, -5.0, 6.0; 4
-2.0, -5.0, 6.0; 3
-1.0, -5.0, 6.0; 3
0.0, -5.0, 6.0; 1
3.0, -5.0, 6.0; 2
-7.0, -4.0, 6.0; 2
-6.0, -4.0, 6.0; 4
-5.0, -4.0, 6.0; 3
-3.0, -4.0, 6.0; 4
-2.0, -4.0, 6.0; 1
1.0, -4.0, 6.0; 3
3.0, -4.0, 6.0; 1
-7.0, -3.0, 6.0; 2
-6.0, -3.0, 6.0; 2
-5.0, -3.0, 6.0; 3
-3.0, -3.0, 6.0; 1
-1.0, -3.0, 6.0; 2
1.0, -3.0, 6.0; 1
-8.0, -2.0, 6.0; 1
-7.0, -2.0, 6.0; 2
-5.0, -2.0, 6.0; 1
-4.0, -2.0, 6.0; 2
-2.0, -2.0, 6.0; 2
-1.0, -2.0, 6.0; 1
0.0, -2.0, 6.0; 2
1.0, -2.0, 6.0; 1
-7.0, -1.0, 6.0; 2
-6.0, -1.0, 6.0; 1
-5.0, -1.0, 6.0; 5
-4.0, -1.0, 6.0; 2
-1.0, -1.0, 6.0; 1
0.0, -1.0, 6.0; 6
1.0, -1.0, 6.0; 4
3.0, -1.0, 6.0; 1
0.0, 0.0, 6.0; 5
1.0, 0.0, 6.0; 5
-8.0, 1.0, 6.0; 1
-6.0, 1.0, 6.0; 3
-5.0, 1.0, 6.0; 2
-4.0, 1.0, 6.0; 1
-3.0, 1.0, 6.0; 1
-2.0, 1.0, 6.0; 1
0.0, 1.0, 6.0; 3
1.0, 1.0, 6.0; 4
2.0, 1.0, 6.0; 1
3.0, 1.0, 6.0; 1
-7.0, 2.0, 6.0; 1
-6.0, 2.0, 6.0; 8
-5.0, 2.0, 6.0; 4
-4.0, 2.0, 6.0; 1
-3.0, 2.0, 6.0; 1
-2.0, 2.0, 6.0; 2
-1.0, 2.0, 6.0; 1
0.0, 2.0, 6.0; 3
1.0, 2.0, 6.0; 1
2.0, 2.0, 6.0; 1
3.0, 2.0, 6.0; 2
5.0, 2.0, 6.0; 1
-7.0, 3.0, 6.0; 1
-6.0, 3.0, 6.0; 2
-5.0, 3.0, 6.0; 7
-4.0, 3.0, 6.0; 5
-3.0, 3.0, 6.0; 1
-2.0, 3.0, 6.0; 3
-1.0, 3.0, 6.0; 3
0.0, 3.0, 6.0; 6
1.0, 3.0, 6.0; 4
2.0, 3.0, 6.0; 2
3.0, 3.0, 6.0; 1
4.0, 3.0, 6.0; 1
-6.0, 4.0, 6.0; 1
-5.0, 4.0, 6.0; 2
-4.0, 4.0, 6.0; 4
-3.0, 4.0, 6.0; 6
-2.0, 4.0, 6.0; 7
-1.0, 4.0, 6.0; 3
0.0, 4.0, 6.0; 1
1.0, 4.0, 6.0; 1
2.0, 4.0, 6.0; 4
3.0, 4.0, 6.0; 3
4.0, 4.0, 6.0; 2
5.0, 4.0, 6.0; 2
-6.0, 5.0, 6.0; 1
-5.0, 5.0, 6.0; 5
-4.0, 5.0, 6.0; 5
-3.0, 5.0, 6.0; 5
-2.0, 5.0, 6.0; 9
-1.0, 5.0, 6.0; 9
0.0, 5.0, 6.0; 2
1.0, 5.0, 6.0; 2
2.0, 5.0, 6.0; 5
3.0, 5.0, 6.0; 2
4.0, 5.0, 6.0; 2
-5.0, 6.0, 6.0; 1
-4.0, 6.0, 6.0; 4
-3.0, 6.0, 6.0; 7
-2.0, 6.0, 6.0; 2
-1.0, 6.0, 6.0; 4
0.0, 6.0, 6.0; 1
1.0, 6.0, 6.0; 4
2.0, 6.0, 6.0; 3
3.0, 6.0, 6.0; 3
-3.0, 7.0, 6.0; 1
-2.0, 7.0, 6.0; 1
-1.0, 7.0, 6.0; 1
0.0, 7.0, 6.0; 2
1.0, 7.0, 6.0; 1
-2.0, -7.0, 7.0; 2
0.0, -7.0, 7.0; 3
2.0, -7.0, 7.0; 1
-4.0, -6.0, 7.0; 1
-2.0, -6.0, 7.0; 3
-1.0, -6.0, 7.0; 1
0.0, -6.0, 7.0; 4
1.0, -6.0, 7.0; 3
-5.0, -5.0, 7.0; 1
-4.0, -5.0, 7.0; 5
-3.0, -5.0, 7.0; 2
-2.0, -5.0, 7.0; 4
-1.0, -5.0, 7.0; 1
1.0, -5.0, 7.0; 1
3.0, -5.0, 7.0; 2
4.0, -5.0, 7.0; 1
-7.0, -4.0, 7.0; 1
-5.0, -4.0, 7.0; 5
-4.0, -4.0, 7.0; 4
-3.0, -4.0, 7.0; 3
-2.0, -4.0, 7.0; 1
0.0, -4.0, 7.0; 2
1.0, -4.0, 7.0; 1
-6.0, -3.0, 7.0; 1
-5.0, -3.0, 7.0; 5
-4.0, -3.0, 7.0; 2
-3.0, -3.0, 7.0; 1
-2.0, -3.0, 7.0; 3
0.0, -3.0, 7.0; 1
1.0, -3.0, 7.0; 1
2.0, -3.0, 7.0; 2
3.0, -3.0, 7.0; 2
-6.0, -2.0, 7.0; 2
-5.0, -2.0, 7.0; 2
-4.0, -2.0, 7.0; 3
-3.0, -2.0, 7.0; 4
-2.0, -2.0, 7.0; 3
0.0, -2.0, 7.0; 1
-7.0, -1.0, 7.0; 1
-6.0, -1.0, 7.0; 1
-5.0, -1.0, 7.0; 2
-4.0, -1.0, 7.0; 4
-3.0, -1.0, 7.0; 1
-2.0, -1.0, 7.0; 4
-1.0, -1.0, 7.0; 6
0.0, -1.0, 7.0; 4
2.0, -1.0, 7.0; 1
4.0, -1.0, 7.0; 1
-6.0, 0.0, 7.0; 1
-5.0, 0.0, 7.0; 2
-4.0, 0.0, 7.0; 2
-3.0, 0.0, 7.0; 1
-2.0, 0.0, 7.0; 1
-1.0, 0.0, 7.0; 2
0.0, 0.0, 7.0; 4
-6.0, 1.0, 7.0; 1
-5.0, 1.0, 7.0; 1
-4.0, 1.0, 7.0; 2
-3.0, 1.0, 7.0; 2
-2.0, 1.0, 7.0; 2
-1.0, 1.0, 7.0; 3
0.0, 1.0, 7.0; 1
2.0, 1.0, 7.0; 1
-5.0, 2.0, 7.0; 4
-4.0, 2.0, 7.0; 2
-3.0, 2.0, 7.0; 2
-2.0, 2.0, 7.0; 2
-1.0, 2.0, 7.0; 2
2.0, 2.0, 7.0; 1
3.0, 2.0, 7.0; 1
-6.0, 3.0, 7.0; 1
-4.0, 3.0, 7.0; 6
-3.0, 3.0, 7.0; 2
-2.0, 3.0, 7.0; 2
-1.0, 3.0, 7.0; 1
0.0, 3.0, 7.0; 5
1.0, 3.0, 7.0; 5
2.0, 3.0, 7.0; 1
3.0, 3.0, 7.0; 2
-5.0, 4.0, 7.0; 1
-4.0, 4.0, 7.0; 5
-3.0, 4.0, 7.0; 6
-2.0, 4.0, 7.0; 3
0.0, 4.0, 7.0; 2
1.0, 4.0, 7.0; 4
2.0, 4.0, 7.0; 1
3.0, 4.0, 7.0; 1
-5.0, 5.0, 7.0; 1
-4.0, 5.0, 7.0; 1
-3.0, 5.0, 7.0; 1
-2.0, 5.0, 7.0; 4
-1.0, 5.0, 7.0; 1
1.0, 5.0, 7.0; 2
2.0, 5.0, 7.0; 2
3.0, 5.0, 7.0; 1
1.0, 6.0, 7.0; 1
2.0, 6.0, 7.0; 1
-2.0, -6.0, 8.0; 2
-4.0, -5.0, 8.0; 1
-3.0, -5.0, 8.0; 2
-1.0, -5.0, 8.0; 1
0.0, -5.0, 8.0; 1
1.0, -5.0, 8.0; 1
-3.0, -4.0, 8.0; 2
-2.0, -4.0, 8.0; 4
-1.0, -4.0, 8.0; 1
0.0, -4.0, 8.0; 2
2.0, -4.0, 8.0; 1
-4.0, -3.0, 8.0; 1
-3.0, -3.0, 8.0; 3
-2.0, -3.0, 8.0; 3
-1.0, -3.0, 8.0; 1
1.0, -3.0, 8.0; 1
-4.0, -2.0, 8.0; 3
-3.0, -2.0, 8.0; 11
-2.0, -2.0, 8.0; 1
1.0, -2.0, 8.0; 1
-6.0, -1.0, 8.0; 2
-5.0, -1.0, 8.0; 2
-4.0, -1.0, 8.0; 3
-3.0, -1.0, 8.0; 1
-2.0, -1.0, 8.0; 2
0.0, -1.0, 8.0; 1
-3.0, 0.0, 8.0; 4
0.0, 0.0, 8.0; 1
4.0, 0.0, 8.0; 1
-4.0, 1.0, 8.0; 3
-2.0, 1.0, 8.0; 3
2.0, 1.0, 8.0; 1
-4.0, 2.0, 8.0; 1
-2.0, 2.0, 8.0; 1
-1.0, 2.0, 8.0; 3
1.0, 2.0, 8.0; 1
3.0, 2.0, 8.0; 1
-3.0, 3.0, 8.0; 2
-2.0, 3.0, 8.0; 1
0.0, 3.0, 8.0; 2
-2.0, 4.0, 8.0; 1
2.0, 4.0, 8.0; 1
-2.0, 5.0, 8.0; 1
0.0, 5.0, 8.0; 1
2.0, 5.0, 8.0; 1
2.0, -3.0, 9.0; 1
-2.0, -2.0, 9.0; 1
-1.0, -2.0, 9.0; 1
1.0, -2.0, 9.0; 1
-1.0, -1.0, 9.0; 1
-3.0, 0.0, 9.0; 3
-4.0, 1.0, 9.0; 2
0.0, 1.0, 9.0; 1
1.0, 1.0, 9.0; 1
0.0, 2.0, 9.0; 1
-1.0, 3.0, 9.0; 1
0.0, 3.0, 9.0; 1
-1.0, -4.0, -10.0; 1
0.0, -4.0, -10.0; 2
1.0, -4.0, -10.0; 2
2.0, -4.0, -10.0; 1
-3.0, -3.0, -10.0; 3
-2.0, -3.0, -10.0; 1
-1.0, -3.0, -10.0; 4
0.0, -3.0, -10.0; 1
1.0, -3.0, -10.0; 1
-4.0, -2.0, -10.0; 1
-3.0, -2.0, -10.0; 2
-2.0, -2.0, -10.0; 4
-1.0, -2.0, -10.0; 6
0.0, -2.0, -10.0; 1
1.0, -2.0, -10.0; 3
-4.0, -1.0, -10.0; 2
-3.0, -1.0, -10.0; 1
-2.0, -1.0, -10.0; 4
-1.0, -1.0, -10.0; 2
0.0, -1.0, -10.0; 2
3.0, -1.0, -10.0; 1
-3.0, 0.0, -10.0; 2
-2.0, 0.0, -10.0; 2
-1.0, 0.0, -10.0; 3
0.0, 0.0, -10.0; 2
2.0, 0.0, -10.0; 1
-2.0, 1.0, -10.0; 2
0.0, 1.0, -10.0; 2
2.0, 1.0, -10.0; 1
3.0, 1.0, -10.0; 1
-3.0, 2.0, -10.0; 1
-2.0, 2.0, -10.0; 1
-1.0, 2.0, -10.0; 1
0.0, 2.0, -10.0; 3
-2.0, 3.0, -10.0; 1
-1.0, 3.0, -10.0; 1
0.0, 3.0, -10.0; 1
1.0, 3.0, -10.0; 1
-3.0, -6.0, -9.0; 1
-2.0, -6.0, -9.0; 1
-1.0, -6.0, -9.0; 3
0.0, -6.0, -9.0; 4
1.0, -6.0, -9.0; 4
2.0, -6.0, -9.0; 1
-4.0, -5.0, -9.0; 1
-3.0, -5.0, -9.0; 1
-2.0, -5.0, -9.0; 4
-1.0, -5.0, -9.0; 4
0.0, -5.0, -9.0; 14
1.0, -5.0, -9.0; 7
2.0, -5.0, -9.0; 2
-3.0, -4.0, -9.0; 4
-2.0, -4.0, -9.0; 2
-1.0, -4.0, -9.0; 6
0.0, -4.0, -9.0; 4
1.0, -4.0, -9.0; 10
2.0, -4.0, -9.0; 7
3.0, -4.0, -9.0; 1
-5.0, -3.0, -9.0; 1
-4.0, -3.0, -9.0; 5
-3.0, -3.0, -9.0; 1
-2.0, -3.0, -9.0; 4
-1.0, -3.0, -9.0; 2
0.0, -3.0, -9.0; 5
1.0, -3.0, -9.0; 15
2.0, -3.0, -9.0; 2
4.0, -3.0, -9.0; 1
-6.0, -2.0, -9.0; 1
-5.0, -2.0, -9.0; 2
-4.0, -2.0, -9.0; 5
-3.0, -2.0, -9.0; 4
-1.0, -2.0, -9.0; 3
0.0, -2.0, -9.0; 6
1.0, -2.0, -9.0; 6
2.0, -2.0, -9.0; 4
3.0, -2.0, -9.0; 1
-6.0, -1.0, -9.0; 2
-5.0, -1.0, -9.0; 3
-4.0, -1.0, -9.0; 2
-3.0, -1.0, -9.0; 6
-2.0, -1.0, -9.0; 5
-1.0, -1.0, -9.0; 3
1.0, -1.0, -9.0; 3
2.0, -1.0, -9.0; 5
4.0, -1.0, -9.0; 1
-5.0, 0.0, -9.0; 3
-4.0, 0.0, -9.0; 3
-3.0, 0.0, -9.0; 3
-2.0, 0.0, -9.0; 9
-1.0, 0.0, -9.0; 6
0.0, 0.0, -9.0; 2
1.0, 0.0, -9.0; 2
2.0, 0.0, -9.0; 4
3.0, 0.0, -9.0; 1
4.0, 0.0, -9.0; 2
5.0, 0.0, -9.0; 1
-6.0, 1.0, -9.0; 2
-5.0, 1.0, -9.0; 1
-4.0, 1.0, -9.0; 5
-3.0, 1.0, -9.0; 9
-2.0, 1.0, -9.0; 3
-1.0, 1.0, -9.0; 4
0.0, 1.0, -9.0; 3
1.0, 1.0, -9.0; 1
3.0, 1.0, -9.0; 3
4.0, 1.0, -9.0; 3
-5.0, 2.0, -9.0; 2
-4.0, 2.0, -9.0; 5
-3.0, 2.0, -9.0; 5
-2.0, 2.0, -9.0; 7
-1.0, 2.0, -9.0; 5
0.0, 2.0, -9.0; 4
1.0, 2.0, -9.0; 1
3.0, 2.0, -9.0; 2
-4.0, 3.0, -9.0; 3
-3.0, 3.0, -9.0; 3
-2.0, 3.0, -9.0; 3
-1.0, 3.0, -9.0; 3
0.0, 3.0, -9.0; 6
1.0, 3.0, -9.0; 6
3.0, 3.0, -9.0; 2
-3.0, 4.0, -9.0; 1
-2.0, 4.0, -9.0; 4
-1.0, 4.0, -9.0; 3
0.0, 4.0, -9.0; 2
1.0, 4.0, -9.0; 1
2.0, 4.0, -9.0; 1
-3.0, -7.0, -8.0; 2
-2.0, -7.0, -8.0; 1
-1.0, -7.0, -8.0; 9
0.0, -7.0, -8.0; 8
1.0, -7.0, -8.0; 16
2.0, -7.0, -8.0; 2
-3.0, -6.0, -8.0; 2
-2.0, -6.0, -8.0; 7
-1.0, -6.0, -8.0; 9
0.0, -6.0, -8.0; 16
1.0, -6.0, -8.0; 17
2.0, -6.0, -8.0; 5
3.0, -6.0, -8.0; 3
-4.0, -5.0, -8.0; 2
-3.0, -5.0, -8.0; 6
-2.0, -5.0, -8.0; 6
-1.0, -5.0, -8.0; 5
0.0, -5.0, -8.0; 5
1.0, -5.0, -8.0; 5
2.0, -5.0, -8.0; 9
3.0, -5.0, -8.0; 4
4.0, -5.0, -8.0; 3
-5.0, -4.0, -8.0; 3
-4.0, -4.0, -8.0; 6
-3.0, -4.0, -8.0; 2
-2.0, -4.0, -8.0; 4
-1.0, -4.0, -8.0; 2
0.0, -4.0, -8.0; 3
1.0, -4.0, -8.0; 2
2.0, -4.0, -8.0; 6
3.0, -4.0, -8.0; 4
4.0, -4.0, -8.0; 1
-6.0, -3.0, -8.0; 1
-5.0, -3.0, -8.0; 3
-4.0, -3.0, -8.0; 7
-3.0, -3.0, -8.0; 6
-2.0, -3.0, -8.0; 1
-1.0, -3.0, -8.0; 5
0.0, -3.0, -8.0; 1
1.0, -3.0, -8.0; 1
2.0, -3.0, -8.0; 7
3.0, -3.0, -8.0; 7
5.0, -3.0, -8.0; 1
-7.0, -2.0, -8.0; 1
-6.0, -2.0, -8.0; 2
-5.0, -2.0, -8.0; 13
-4.0, -2.0, -8.0; 20
-3.0, -2.0, -8.0; 10
-2.0, -2.0, -8.0; 4
-1.0, -2.0, -8.0; 2
1.0, -2.0, -8.0; 1
2.0, -2.0, -8.0; 8
3.0, -2.0, -8.0; 11
6.0, -2.0, -8.0; 1
-7.0, -1.0, -8.0; 2
-6.0, -1.0, -8.0; 4
-5.0, -1.0, -8.0; 5
-4.0, -1.0, -8.0; 17
-3.0, -1.0, -8.0; 7
-2.0, -1.0, -8.0; 7
-1.0, -1.0, -8.0; 6
1.0, -1.0, -8.0; 6
2.0, -1.0, -8.0; 14
3.0, -1.0, -8.0; 8
4.0, -1.0, -8.0; 1
5.0, -1.0, -8.0; 1
-7.0, 0.0, -8.0; 2
-6.0, 0.0, -8.0; 2
-5.0, 0.0, -8.0; 4
-4.0, 0.0, -8.0; 6
-3.0, 0.0, -8.0; 9
-2.0, 0.0, -8.0; 11
-1.0, 0.0, -8.0; 10
0.0, 0.0, -8.0; 8
1.0, 0.0, -8.0; 8
2.0, 0.0, -8.0; 3
3.0, 0.0, -8.0; 4
4.0, 0.0, -8.0; 1
5.0, 0.0, -8.0; 2
6.0, 0.0, -8.0; 4
-7.0, 1.0, -8.0; 1
-6.0, 1.0, -8.0; 2
-5.0, 1.0, -8.0; 5
-4.0, 1.0, -8.0; 9
-3.0, 1.0, -8.0; 4
-2.0, 1.0, -8.0; 6
-1.0, 1.0, -8.0; 3
0.0, 1.0, -8.0; 7
1.0, 1.0, -8.0; 4
2.0, 1.0, -8.0; 4
3.0, 1.0, -8.0; 1
4.0, 1.0, -8.0; 1
-6.0, 2.0, -8.0; 6
-5.0, 2.0, -8.0; 10
-4.0, 2.0, -8.0; 9
-3.0, 2.0, -8.0; 4
-2.0, 2.0, -8.0; 6
-1.0, 2.0, -8.0; 3
0.0, 2.0, -8.0; 4
1.0, 2.0, -8.0; 3
2.0, 2.0, -8.0; 4
5.0, 2.0, -8.0; 1
-7.0, 3.0, -8.0; 1
-6.0, 3.0, -8.0; 3
-5.0, 3.0, -8.0; 3
-4.0, 3.0, -8.0; 5
-3.0, 3.0, -8.0; 8
-2.0, 3.0, -8.0; 5
-1.0, 3.0, -8.0; 6
1.0, 3.0, -8.0; 3
2.0, 3.0, -8.0; 1
3.0, 3.0, -8.0; 4
4.0, 3.0, -8.0; 1
-5.0, 4.0, -8.0; 5
-4.0, 4.0, -8.0; 5
-3.0, 4.0, -8.0; 4
-2.0, 4.0, -8.0; 3
-1.0, 4.0, -8.0; 5
1.0, 4.0, -8.0; 4
2.0, 4.0, -8.0; 4
3.0, 4.0, -8.0; 3
-4.0, 5.0, -8.0; 3
-3.0, 5.0, -8.0; 2
-2.0, 5.0, -8.0; 1
-1.0, 5.0, -8.0; 5
0.0, 5.0, -8.0; 6
4.0, 5.0, -8.0; 1
-1.0, 6.0, -8.0; 2
1.0, 6.0, -8.0; 1
3.0, 6.0, -8.0; 1
-3.0, -8.0, -7.0; 1
-2.0, -8.0, -7.0; 3
-1.0, -8.0, -7.0; 16
0.0, -8.0, -7.0; 17
1.0, -8.0, -7.0; 8
2.0, -8.0, -7.0; 4
-5.0, -7.0, -7.0; 1
-4.0, -7.0, -7.0; 5
-3.0, -7.0, -7.0; 8
-2.0, -7.0, -7.0; 15
-1.0, -7.0, -7.0; 23
0.0, -7.0, -7.0; 18
1.0, -7.0, -7.0; 16
2.0, -7.0, -7.0; 13
3.0, -7.0, -7.0; 4
4.0, -7.0, -7.0; 1
-6.0, -6.0, -7.0; 1
-5.0, -6.0, -7.0; 5
-4.0, -6.0, -7.0; 5
-3.0, -6.0, -7.0; 13
-2.0, -6.0, -7.0; 18
-1.0, -6.0, -7.0; 11
0.0, -6.0, -7.0; 14
1.0, -6.0, -7.0; 12
2.0, -6.0, -7.0; 8
3.0, -6.0, -7.0; 6
4.0, -6.0, -7.0; 5
-7.0, -5.0, -7.0; 1
-6.0, -5.0, -7.0; 2
-5.0, -5.0, -7.0; 9
-4.0, -5.0, -7.0; 6
-3.0, -5.0, -7.0; 13
-2.0, -5.0, -7.0; 16
-1.0, -5.0, -7.0; 2
0.0, -5.0, -7.0; 1
1.0, -5.0, -7.0; 2
2.0, -5.0, -7.0; 3
3.0, -5.0, -7.0; 6
4.0, -5.0, -7.0; 3
5.0, -5.0, -7.0; 1
-7.0, -4.0, -7.0; 3
-6.0, -4.0, -7.0; 4
-5.0, -4.0, -7.0; 9
-4.0, -4.0, -7.0; 6
-3.0, -4.0, -7.0; 8
-2.0, -4.0, -7.0; 6
-1.0, -4.0, -7.0; 3
0.0, -4.0, -7.0; 4
1.0, -4.0, -7.0; 1
2.0, -4.0, -7.0; 1
3.0, -4.0, -7.0; 4
4.0, -4.0, -7.0; 3
6.0, -4.0, -7.0; 1
-7.0, -3.0, -7.0; 1
-6.0, -3.0, -7.0; 8
-5.0, -3.0, -7.0; 9
-4.0, -3.0, -7.0; 4
-3.0, -3.0, -7.0; 4
-2.0, -3.0, -7.0; 4
-1.0, -3.0, -7.0; 5
0.0, -3.0, -7.0; 3
1.0, -3.0, -7.0; 1
2.0, -3.0, -7.0; 1
3.0, -3.0, -7.0; 3
4.0, -3.0, -7.0; 6
5.0, -3.0, -7.0; 1
-8.0, -2.0, -7.0; 1
-7.0, -2.0, -7.0; 2
-6.0, -2.0, -7.0; 5
-5.0, -2.0, -7.0; 14
-4.0, -2.0, -7.0; 1
-3.0, -2.0, -7.0; 2
-2.0, -2.0, -7.0; 6
-1.0, -2.0, -7.0; 10
0.0, -2.0, -7.0; 4
1.0, -2.0, -7.0; 5
2.0, -2.0, -7.0; 1
3.0, -2.0, -7.0; 5
4.0, -2.0, -7.0; 2
5.0, -2.0, -7.0; 1
-7.0, -1.0, -7.0; 6
-6.0, -1.0, -7.0; 9
-5.0, -1.0, -7.0; 22
-4.0, -1.0, -7.0; 2
-3.0, -1.0, -7.0; 1
-2.0, -1.0, -7.0; 6
-1.0, -1.0, -7.0; 5
0.0, -1.0, -7.0; 2
1.0, -1.0, -7.0; 1
2.0, -1.0, -7.0; 1
3.0, -1.0, -7.0; 4
4.0, -1.0, -7.0; 1
7.0, -1.0, -7.0; 1
-8.0, 0.0, -7.0; 1
-7.0, 0.0, -7.0; 6
-6.0, 0.0, -7.0; 9
-5.0, 0.0, -7.0; 10
-4.0, 0.0, -7.0; 4
-3.0, 0.0, -7.0; 2
-1.0, 0.0, -7.0; 1
2.0, 0.0, -7.0; 12
3.0, 0.0, -7.0; 9
4.0, 0.0, -7.0; 1
5.0, 0.0, -7.0; 2
-7.0, 1.0, -7.0; 8
-6.0, 1.0, -7.0; 6
-5.0, 1.0, -7.0; 5
-4.0, 1.0, -7.0; 8
-2.0, 1.0, -7.0; 2
-1.0, 1.0, -7.0; 1
1.0, 1.0, -7.0; 3
2.0, 1.0, -7.0; 2
4.0, 1.0, -7.0; 2
5.0, 1.0, -7.0; 1
7.0, 1.0, -7.0; 1
-7.0, 2.0, -7.0; 6
-6.0, 2.0, -7.0; 6
-5.0, 2.0, -7.0; 4
-4.0, 2.0, -7.0; 1
-3.0, 2.0, -7.0; 4
1.0, 2.0, -7.0; 1
2.0, 2.0, -7.0; 3
3.0, 2.0, -7.0; 4
4.0, 2.0, -7.0; 2
-7.0, 3.0, -7.0; 3
-6.0, 3.0, -7.0; 8
-5.0, 3.0, -7.0; 3
-4.0, 3.0, -7.0; 3
-3.0, 3.0, -7.0; 3
0.0, 3.0, -7.0; 2
1.0, 3.0, -7.0; 3
2.0, 3.0, -7.0; 2
3.0, 3.0, -7.0; 2
4.0, 3.0, -7.0; 2
-7.0, 4.0, -7.0; 2
-6.0, 4.0, -7.0; 2
-5.0, 4.0, -7.0; 10
-4.0, 4.0, -7.0; 2
-3.0, 4.0, -7.0; 2
-1.0, 4.0, -7.0; 2
0.0, 4.0, -7.0; 4
1.0, 4.0, -7.0; 2
2.0, 4.0, -7.0; 1
3.0, 4.0, -7.0; 3
4.0, 4.0, -7.0; 3
6.0, 4.0, -7.0; 1
-5.0, 5.0, -7.0; 8
-4.0, 5.0, -7.0; 13
-3.0, 5.0, -7.0; 4
-2.0, 5.0, -7.0; 8
-1.0, 5.0, -7.0; 3
0.0, 5.0, -7.0; 5
1.0, 5.0, -7.0; 2
3.0, 5.0, -7.0; 4
5.0, 5.0, -7.0; 1
-4.0, 6.0, -7.0; 3
-3.0, 6.0, -7.0; 5
-2.0, 6.0, -7.0; 6
-1.0, 6.0, -7.0; 2
0.0, 6.0, -7.0; 6
1.0, 6.0, -7.0; 4
2.0, 6.0, -7.0; 5
3.0, 6.0, -7.0; 1
-2.0, 7.0, -7.0; 2
-1.0, 7.0, -7.0; 3
0.0, 7.0, -7.0; 2
1.0, 7.0, -7.0; 1
-2.0, -9.0, -6.0; 1
-1.0, -9.0, -6.0; 3
0.0, -9.0, -6.0; 7
1.0, -9.0, -6.0; 4
-4.0, -8.0, -6.0; 1
-3.0, -8.0, -6.0; 23
-2.0, -8.0, -6.0; 198
-1.0, -8.0, -6.0; 322
0.0, -8.0, -6.0; 47
1.0, -8.0, -6.0; 32
2.0, -8.0, -6.0; 36
3.0, -8.0, -6.0; 23
4.0, -8.0, -6.0; 1
-6.0, -7.0, -6.0; 1
-5.0, -7.0, -6.0; 6
-4.0, -7.0, -6.0; 9
-3.0, -7.0, -6.0; 45
-2.0, -7.0, -6.0; 243
-1.0, -7.0, -6.0; 171
0.0, -7.0, -6.0; 24
1.0, -7.0, -6.0; 16
2.0, -7.0, -6.0; 5
3.0, -7.0, -6.0; 4
4.0, -7.0, -6.0; 12
5.0, -7.0, -6.0; 1
-7.0, -6.0, -6.0; 2
-6.0, -6.0, -6.0; 3
-5.0, -6.0, -6.0; 7
-4.0, -6.0, -6.0; 10
-3.0, -6.0, -6.0; 37
-2.0, -6.0, -6.0; 65
-1.0, -6.0, -6.0; 34
0.0, -6.0, -6.0; 8
1.0, -6.0, -6.0; 16
2.0, -6.0, -6.0; 8
3.0, -6.0, -6.0; 6
4.0, -6.0, -6.0; 5
5.0, -6.0, -6.0; 3
-7.0, -5.0, -6.0; 4
-6.0, -5.0, -6.0; 11
-5.0, -5.0, -6.0; 11
-4.0, -5.0, -6.0; 22
-3.0, -5.0, -6.0; 54
-2.0, -5.0, -6.0; 43
-1.0, -5.0, -6.0; 16
0.0, -5.0, -6.0; 15
1.0, -5.0, -6.0; 6
3.0, -5.0, -6.0; 9
4.0, -5.0, -6.0; 3
5.0, -5.0, -6.0; 1
-7.0, -4.0, -6.0; 3
-6.0, -4.0, -6.0; 5
-5.0, -4.0, -6.0; 14
-4.0, -4.0, -6.0; 23
-3.0, -4.0, -6.0; 33
-2.0, -4.0, -6.0; 26
-1.0, -4.0, -6.0; 9
0.0, -4.0, -6.0; 32
1.0, -4.0, -6.0; 3
2.0, -4.0, -6.0; 4
3.0, -4.0, -6.0; 2
4.0, -4.0, -6.0; 3
5.0, -4.0, -6.0; 1
6.0, -4.0, -6.0; 1
7.0, -4.0, -6.0; 1
-9.0, -3.0, -6.0; 1
-8.0, -3.0, -6.0; 2
-7.0, -3.0, -6.0; 7
-6.0, -3.0, -6.0; 6
-5.0, -3.0, -6.0; 8
-4.0, -3.0, -6.0; 12
-3.0, -3.0, -6.0; 29
-2.0, -3.0, -6.0; 27
-1.0, -3.0, -6.0; 42
0.0, -3.0, -6.0; 89
1.0, -3.0, -6.0; 28
2.0, -3.0, -6.0; 3
3.0, -3.0, -6.0; 2
5.0, -3.0, -6.0; 1
7.0, -3.0, -6.0; 1
-9.0, -2.0, -6.0; 1
-8.0, -2.0, -6.0; 1
-7.0, -2.0, -6.0; 5
-6.0, -2.0, -6.0; 6
-5.0, -2.0, -6.0; 7
-4.0, -2.0, -6.0; 14
-3.0, -2.0, -6.0; 22
-2.0, -2.0, -6.0; 56
-1.0, -2.0, -6.0; 73
0.0, -2.0, -6.0; 44
1.0, -2.0, -6.0; 19
2.0, -2.0, -6.0; 3
3.0, -2.0, -6.0; 2
4.0, -2.0, -6.0; 3
6.0, -2.0, -6.0; 1
7.0, -2.0, -6.0; 2
-8.0, -1.0, -6.0; 4
-7.0, -1.0, -6.0; 5
-6.0, -1.0, -6.0; 8
-5.0, -1.0, -6.0; 6
-4.0, -1.0, -6.0; 3
-3.0, -1.0, -6.0; 19
-2.0, -1.0, -6.0; 74
-1.0, -1.0, -6.0; 30
0.0, -1.0, -6.0; 6
1.0, -1.0, -6.0; 1
2.0, -1.0, -6.0; 2
3.0, -1.0, -6.0; 1
4.0, -1.0, -6.0; 3
6.0, -1.0, -6.0; 1
-8.0, 0.0, -6.0; 3
-7.0, 0.0, -6.0; 10
-6.0, 0.0, -6.0; 10
-4.0, 0.0, -6.0; 4
-3.0, 0.0, -6.0; 1
-2.0, 0.0, -6.0; 13
-1.0, 0.0, -6.0; 21
0.0, 0.0, -6.0; 5
2.0, 0.0, -6.0; 1
3.0, 0.0, -6.0; 14
4.0, 0.0, -6.0; 2
7.0, 0.0, -6.0; 3
8.0, 0.0, -6.0; 1
-8.0, 1.0, -6.0; 8
-7.0, 1.0, -6.0; 6
-6.0, 1.0, -6.0; 9
-5.0, 1.0, -6.0; 12
-4.0, 1.0, -6.0; 5
-3.0, 1.0, -6.0; 10
-2.0, 1.0, -6.0; 12
-1.0, 1.0, -6.0; 11
0.0, 1.0, -6.0; 2
1.0, 1.0, -6.0; 1
2.0, 1.0, -6.0; 6
3.0, 1.0, -6.0; 6
5.0, 1.0, -6.0; 1
6.0, 1.0, -6.0; 2
-8.0, 2.0, -6.0; 7
-7.0, 2.0, -6.0; 6
-6.0, 2.0, -6.0; 1
-5.0, 2.0, -6.0; 23
-4.0, 2.0, -6.0; 35
-3.0, 2.0, -6.0; 3
-2.0, 2.0, -6.0; 9
-1.0, 2.0, -6.0; 5
0.0, 2.0, -6.0; 7
1.0, 2.0, -6.0; 3
2.0, 2.0, -6.0; 5
3.0, 2.0, -6.0; 6
4.0, 2.0, -6.0; 2
5.0, 2.0, -6.0; 1
6.0, 2.0, -6.0; 1
7.0, 2.0, -6.0; 1
-8.0, 3.0, -6.0; 2
-7.0, 3.0, -6.0; 11
-6.0, 3.0, -6.0; 3
-5.0, 3.0, -6.0; 3
-4.0, 3.0, -6.0; 11
-3.0, 3.0, -6.0; 8
-2.0, 3.0, -6.0; 6
-1.0, 3.0, -6.0; 2
0.0, 3.0, -6.0; 4
1.0, 3.0, -6.0; 1
3.0, 3.0, -6.0; 1
4.0, 3.0, -6.0; 1
7.0, 3.0, -6.0; 1
-7.0, 4.0, -6.0; 9
-6.0, 4.0, -6.0; 13
-5.0, 4.0, -6.0; 2
-3.0, 4.0, -6.0; 2
-2.0, 4.0, -6.0; 6
-1.0, 4.0, -6.0; 1
0.0, 4.0, -6.0; 3
1.0, 4.0, -6.0; 1
2.0, 4.0, -6.0; 3
3.0, 4.0, -6.0; 3
4.0, 4.0, -6.0; 1
5.0, 4.0, -6.0; 1
7.0, 4.0, -6.0; 1
-7.0, 5.0, -6.0; 2
-6.0, 5.0, -6.0; 9
-5.0, 5.0, -6.0; 5
-4.0, 5.0, -6.0; 6
-3.0, 5.0, -6.0; 3
-2.0, 5.0, -6.0; 2
-1.0, 5.0, -6.0; 1
1.0, 5.0, -6.0; 4
2.0, 5.0, -6.0; 3
3.0, 5.0, -6.0; 4
4.0, 5.0, -6.0; 2
5.0, 5.0, -6.0; 2
-6.0, 6.0, -6.0; 2
-5.0, 6.0, -6.0; 3
-4.0, 6.0, -6.0; 7
-3.0, 6.0, -6.0; 3
-2.0, 6.0, -6.0; 1
-1.0, 6.0, -6.0; 6
0.0, 6.0, -6.0; 3
1.0, 6.0, -6.0; 5
2.0, 6.0, -6.0; 6
3.0, 6.0, -6.0; 7
4.0, 6.0, -6.0; 1
5.0, 6.0, -6.0; 1
-5.0, 7.0, -6.0; 1
-4.0, 7.0, -6.0; 1
-3.0, 7.0, -6.0; 5
-2.0, 7.0, -6.0; 5
-1.0, 7.0, -6.0; 5
0.0, 7.0, -6.0; 7
1.0, 7.0, -6.0; 8
2.0, 7.0, -6.0; 2
3.0, 7.0, -6.0; 2
4.0, 7.0, -6.0; 1
-3.0, 8.0, -6.0; 1
-2.0, 8.0, -6.0; 2
-1.0, 8.0, -6.0; 3
0.0, 8.0, -6.0; 6
1.0, 8.0, -6.0; 3
-4.0, -9.0, -5.0; 2
-3.0, -9.0, -5.0; 4
-2.0, -9.0, -5.0; 17
-1.0, -9.0, -5.0; 30
0.0, -9.0, -5.0; 19
1.0, -9.0, -5.0; 13
2.0, -9.0, -5.0; 20
3.0, -9.0, -5.0; 5
-5.0, -8.0, -5.0; 4
-4.0, -8.0, -5.0; 2
-3.0, -8.0, -5.0; 37
-2.0, -8.0, -5.0; 837
-1.0, -8.0, -5.0; 856
0.0, -8.0, -5.0; 47
1.0, -8.0, -5.0; 17
2.0, -8.0, -5.0; 17
3.0, -8.0, -5.0; 17
4.0, -8.0, -5.0; 14
5.0, -8.0, -5.0; 2
-6.0, -7.0, -5.0; 6
-5.0, -7.0, -5.0; 8
-4.0, -7.0, -5.0; 9
-3.0, -7.0, -5.0; 23
-2.0, -7.0, -5.0; 111
-1.0, -7.0, -5.0; 74
0.0, -7.0, -5.0; 29
1.0, -7.0, -5.0; 26
2.0, -7.0, -5.0; 8
3.0, -7.0, -5.0; 7
4.0, -7.0, -5.0; 7
5.0, -7.0, -5.0; 9
-8.0, -6.0, -5.0; 1
-7.0, -6.0, -5.0; 2
-6.0, -6.0, -5.0; 5
-5.0, -6.0, -5.0; 5
-4.0, -6.0, -5.0; 4
-3.0, -6.0, -5.0; 7
-2.0, -6.0, -5.0; 13
-1.0, -6.0, -5.0; 13
0.0, -6.0, -5.0; 37
1.0, -6.0, -5.0; 29
2.0, -6.0, -5.0; 9
3.0, -6.0, -5.0; 3
5.0, -6.0, -5.0; 3
6.0, -6.0, -5.0; 2
-8.0, -5.0, -5.0; 4
-7.0, -5.0, -5.0; 6
-6.0, -5.0, -5.0; 3
-5.0, -5.0, -5.0; 3
-4.0, -5.0, -5.0; 7
-3.0, -5.0, -5.0; 13
-2.0, -5.0, -5.0; 18
-1.0, -5.0, -5.0; 7
0.0, -5.0, -5.0; 12
1.0, -5.0, -5.0; 22
2.0, -5.0, -5.0; 4
3.0, -5.0, -5.0; 3
4.0, -5.0, -5.0; 4
5.0, -5.0, -5.0; 5
6.0, -5.0, -5.0; 1
-8.0, -4.0, -5.0; 4
-7.0, -4.0, -5.0; 5
-6.0, -4.0, -5.0; 9
-5.0, -4.0, -5.0; 7
-4.0, -4.0, -5.0; 40
-3.0, -4.0, -5.0; 189
-2.0, -4.0, -5.0; 371
-1.0, -4.0, -5.0; 67
0.0, -4.0, -5.0; 38
1.0, -4.0, -5.0; 172
2.0, -4.0, -5.0; 13
3.0, -4.0, -5.0; 2
4.0, -4.0, -5.0; 1
5.0, -4.0, -5.0; 2
-9.0, -3.0, -5.0; 3
-8.0, -3.0, -5.0; 4
-7.0, -3.0, -5.0; 3
-6.0, -3.0, -5.0; 4
-5.0, -3.0, -5.0; 10
-4.0, -3.0, -5.0; 116
-3.0, -3.0, -5.0; 2941
-2.0, -3.0, -5.0; 1103
-1.0, -3.0, -5.0; 16
0.0, -3.0, -5.0; 117
1.0, -3.0, -5.0; 1865
2.0, -3.0, -5.0; 31
3.0, -3.0, -5.0; 1
5.0, -3.0, -5.0; 1
6.0, -3.0, -5.0; 1
7.0, -3.0, -5.0; 3
8.0, -3.0, -5.0; 1
-9.0, -2.0, -5.0; 1
-8.0, -2.0, -5.0; 2
-7.0, -2.0, -5.0; 2
-6.0, -2.0, -5.0; 3
-5.0, -2.0, -5.0; 7
-4.0, -2.0, -5.0; 21
-3.0, -2.0, -5.0; 343
-2.0, -2.0, -5.0; 112
-1.0, -2.0, -5.0; 5
0.0, -2.0, -5.0; 43
1.0, -2.0, -5.0; 91
2.0, -2.0, -5.0; 7
4.0, -2.0, -5.0; 4
7.0, -2.0, -5.0; 4
-9.0, -1.0, -5.0; 2
-8.0, -1.0, -5.0; 5
-7.0, -1.0, -5.0; 5
-6.0, -1.0, -5.0; 2
-5.0, -1.0, -5.0; 2
-4.0, -1.0, -5.0; 22
-3.0, -1.0, -5.0; 37
-2.0, -1.0, -5.0; 22
-1.0, -1.0, -5.0; 8
0.0, -1.0, -5.0; 8
1.0, -1.0, -5.0; 13
4.0, -1.0, -5.0; 3
5.0, -1.0, -5.0; 1
7.0, -1.0, -5.0; 12
8.0, -1.0, -5.0; 1
-8.0, 0.0, -5.0; 5
-7.0, 0.0, -5.0; 19
-5.0, 0.0, -5.0; 3
-4.0, 0.0, -5.0; 21
-3.0, 0.0, -5.0; 34
-2.0, 0.0, -5.0; 7
0.0, 0.0, -5.0; 3
1.0, 0.0, -5.0; 2
2.0, 0.0, -5.0; 1
3.0, 0.0, -5.0; 3
4.0, 0.0, -5.0; 2
5.0, 0.0, -5.0; 1
-9.0, 1.0, -5.0; 1
-8.0, 1.0, -5.0; 7
-7.0, 1.0, -5.0; 3
-6.0, 1.0, -5.0; 13
-5.0, 1.0, -5.0; 16
-4.0, 1.0, -5.0; 10
-3.0, 1.0, -5.0; 10
-2.0, 1.0, -5.0; 4
-1.0, 1.0, -5.0; 1
0.0, 1.0, -5.0; 1
1.0, 1.0, -5.0; 1
2.0, 1.0, -5.0; 1
3.0, 1.0, -5.0; 1
4.0, 1.0, -5.0; 2
5.0, 1.0, -5.0; 2
6.0, 1.0, -5.0; 1
-9.0, 2.0, -5.0; 1
-8.0, 2.0, -5.0; 4
-7.0, 2.0, -5.0; 5
-6.0, 2.0, -5.0; 16
-5.0, 2.0, -5.0; 28
-4.0, 2.0, -5.0; 7
-3.0, 2.0, -5.0; 14
-2.0, 2.0, -5.0; 8
-1.0, 2.0, -5.0; 3
0.0, 2.0, -5.0; 21
1.0, 2.0, -5.0; 2
2.0, 2.0, -5.0; 1
3.0, 2.0, -5.0; 4
4.0, 2.0, -5.0; 2
5.0, 2.0, -5.0; 1
7.0, 2.0, -5.0; 1
-9.0, 3.0, -5.0; 2
-8.0, 3.0, -5.0; 11
-7.0, 3.0, -5.0; 12
-6.0, 3.0, -5.0; 1
-5.0, 3.0, -5.0; 4
-4.0, 3.0, -5.0; 5
-3.0, 3.0, -5.0; 9
-2.0, 3.0, -5.0; 2
-1.0, 3.0, -5.0; 3
0.0, 3.0, -5.0; 16
1.0, 3.0, -5.0; 8
2.0, 3.0, -5.0; 1
3.0, 3.0, -5.0; 1
4.0, 3.0, -5.0; 2
5.0, 3.0, -5.0; 1
-8.0, 4.0, -5.0; 1
-7.0, 4.0, -5.0; 21
-6.0, 4.0, -5.0; 5
-5.0, 4.0, -5.0; 7
-4.0, 4.0, -5.0; 1
-2.0, 4.0, -5.0; 8
-1.0, 4.0, -5.0; 7
0.0, 4.0, -5.0; 6
3.0, 4.0, -5.0; 4
4.0, 4.0, -5.0; 1
5.0, 4.0, -5.0; 1
6.0, 4.0, -5.0; 3
-7.0, 5.0, -5.0; 3
-6.0, 5.0, -5.0; 2
-5.0, 5.0, -5.0; 2
-4.0, 5.0, -5.0; 5
-3.0, 5.0, -5.0; 1
-2.0, 5.0, -5.0; 2
-1.0, 5.0, -5.0; 5
0.0, 5.0, -5.0; 1
1.0, 5.0, -5.0; 5
2.0, 5.0, -5.0; 3
3.0, 5.0, -5.0; 7
4.0, 5.0, -5.0; 2
5.0, 5.0, -5.0; 2
6.0, 5.0, -5.0; 3
-6.0, 6.0, -5.0; 5
-5.0, 6.0, -5.0; 3
-4.0, 6.0, -5.0; 14
-3.0, 6.0, -5.0; 3
-1.0, 6.0, -5.0; 1
0.0, 6.0, -5.0; 2
1.0, 6.0, -5.0; 5
2.0, 6.0, -5.0; 2
3.0, 6.0, -5.0; 4
4.0, 6.0, -5.0; 3
5.0, 6.0, -5.0; 3
-5.0, 7.0, -5.0; 6
-4.0, 7.0, -5.0; 10
-3.0, 7.0, -5.0; 10
-2.0, 7.0, -5.0; 7
-1.0, 7.0, -5.0; 14
0.0, 7.0, -5.0; 10
1.0, 7.0, -5.0; 19
2.0, 7.0, -5.0; 7
3.0, 7.0, -5.0; 5
4.0, 7.0, -5.0; 3
-3.0, 8.0, -5.0; 11
-2.0, 8.0, -5.0; 22
-1.0, 8.0, -5.0; 19
0.0, 8.0, -5.0; 24
1.0, 8.0, -5.0; 11
2.0, 8.0, -5.0; 3
3.0, 8.0, -5.0; 2
-2.0, 9.0, -5.0; 1
-1.0, 9.0, -5.0; 1
0.0, 9.0, -5.0; 1
-3.0, -10.0, -4.0; 1
-1.0, -10.0, -4.0; 7
0.0, -10.0, -4.0; 5
1.0, -10.0, -4.0; 2
-4.0, -9.0, -4.0; 4
-3.0, -9.0, -4.0; 10
-2.0, -9.0, -4.0; 23
-1.0, -9.0, -4.0; 38
0.0, -9.0, -4.0; 19
1.0, -9.0, -4.0; 21
2.0, -9.0, -4.0; 14
3.0, -9.0, -4.0; 5
4.0, -9.0, -4.0; 5
-6.0, -8.0, -4.0; 2
-5.0, -8.0, -4.0; 3
-4.0, -8.0, -4.0; 8
-3.0, -8.0, -4.0; 10
-2.0, -8.0, -4.0; 80
-1.0, -8.0, -4.0; 79
0.0, -8.0, -4.0; 22
1.0, -8.0, -4.0; 7
2.0, -8.0, -4.0; 13
3.0, -8.0, -4.0; 7
4.0, -8.0, -4.0; 14
5.0, -8.0, -4.0; 3
-8.0, -7.0, -4.0; 1
-7.0, -7.0, -4.0; 1
-6.0, -7.0, -4.0; 1
-5.0, -7.0, -4.0; 5
-4.0, -7.0, -4.0; 4
-3.0, -7.0, -4.0; 1
-2.0, -7.0, -4.0; 2
-1.0, -7.0, -4.0; 23
0.0, -7.0, -4.0; 53
1.0, -7.0, -4.0; 62
2.0, -7.0, -4.0; 18
3.0, -7.0, -4.0; 3
4.0, -7.0, -4.0; 4
5.0, -7.0, -4.0; 11
6.0, -7.0, -4.0; 1
7.0, -7.0, -4.0; 1
-8.0, -6.0, -4.0; 1
-7.0, -6.0, -4.0; 7
-6.0, -6.0, -4.0; 1
-5.0, -6.0, -4.0; 3
-3.0, -6.0, -4.0; 1
-2.0, -6.0, -4.0; 9
-1.0, -6.0, -4.0; 9
0.0, -6.0, -4.0; 32
1.0, -6.0, -4.0; 133
2.0, -6.0, -4.0; 32
3.0, -6.0, -4.0; 3
4.0, -6.0, -4.0; 1
5.0, -6.0, -4.0; 3
6.0, -6.0, -4.0; 2
-8.0, -5.0, -4.0; 9
-7.0, -5.0, -4.0; 8
-5.0, -5.0, -4.0; 3
-4.0, -5.0, -4.0; 2
-3.0, -5.0, -4.0; 8
-2.0, -5.0, -4.0; 74
-1.0, -5.0, -4.0; 214
0.0, -5.0, -4.0; 37
1.0, -5.0, -4.0; 111
2.0, -5.0, -4.0; 55
3.0, -5.0, -4.0; 4
4.0, -5.0, -4.0; 1
5.0, -5.0, -4.0; 4
6.0, -5.0, -4.0; 2
7.0, -5.0, -4.0; 2
-9.0, -4.0, -4.0; 1
-8.0, -4.0, -4.0; 9
-7.0, -4.0, -4.0; 8
-6.0, -4.0, -4.0; 2
-5.0, -4.0, -4.0; 15
-4.0, -4.0, -4.0; 80
-3.0, -4.0, -4.0; 43
-2.0, -4.0, -4.0; 65
-1.0, -4.0, -4.0; 77
0.0, -4.0, -4.0; 8
1.0, -4.0, -4.0; 66
2.0, -4.0, -4.0; 47
3.0, -4.0, -4.0; 6
4.0, -4.0, -4.0; 1
6.0, -4.0, -4.0; 1
-9.0, -3.0, -4.0; 2
-8.0, -3.0, -4.0; 7
-7.0, -3.0, -4.0; 2
-6.0, -3.0, -4.0; 7
-5.0, -3.0, -4.0; 29
-4.0, -3.0, -4.0; 254
-3.0, -3.0, -4.0; 68
-2.0, -3.0, -4.0; 2
-1.0, -3.0, -4.0; 2
0.0, -3.0, -4.0; 3
1.0, -3.0, -4.0; 266
2.0, -3.0, -4.0; 72
3.0, -3.0, -4.0; 3
5.0, -3.0, -4.0; 1
7.0, -3.0, -4.0; 1
-9.0, -2.0, -4.0; 5
-8.0, -2.0, -4.0; 2
-7.0, -2.0, -4.0; 1
-6.0, -2.0, -4.0; 4
-5.0, -2.0, -4.0; 10
-4.0, -2.0, -4.0; 40
-3.0, -2.0, -4.0; 17
1.0, -2.0, -4.0; 7
2.0, -2.0, -4.0; 3
3.0, -2.0, -4.0; 1
4.0, -2.0, -4.0; 1
6.0, -2.0, -4.0; 2
7.0, -2.0, -4.0; 1
-10.0, -1.0, -4.0; 1
-9.0, -1.0, -4.0; 3
-8.0, -1.0, -4.0; 5
-7.0, -1.0, -4.0; 1
-6.0, -1.0, -4.0; 2
-5.0, -1.0, -4.0; 7
-4.0, -1.0, -4.0; 7
-3.0, -1.0, -4.0; 2
2.0, -1.0, -4.0; 1
4.0, -1.0, -4.0; 2
5.0, -1.0, -4.0; 2
6.0, -1.0, -4.0; 1
7.0, -1.0, -4.0; 2
-9.0, 0.0, -4.0; 5
-8.0, 0.0, -4.0; 5
-7.0, 0.0, -4.0; 8
-6.0, 0.0, -4.0; 4
-5.0, 0.0, -4.0; 7
-4.0, 0.0, -4.0; 8
-3.0, 0.0, -4.0; 1
2.0, 0.0, -4.0; 1
3.0, 0.0, -4.0; 1
5.0, 0.0, -4.0; 3
6.0, 0.0, -4.0; 1
-10.0, 1.0, -4.0; 1
-9.0, 1.0, -4.0; 4
-8.0, 1.0, -4.0; 3
-7.0, 1.0, -4.0; 1
-6.0, 1.0, -4.0; 19
-5.0, 1.0, -4.0; 11
-4.0, 1.0, -4.0; 6
-3.0, 1.0, -4.0; 1
1.0, 1.0, -4.0; 1
2.0, 1.0, -4.0; 1
4.0, 1.0, -4.0; 1
-9.0, 2.0, -4.0; 6
-8.0, 2.0, -4.0; 4
-7.0, 2.0, -4.0; 2
-6.0, 2.0, -4.0; 27
-5.0, 2.0, -4.0; 28
-4.0, 2.0, -4.0; 5
-3.0, 2.0, -4.0; 1
-2.0, 2.0, -4.0; 1
0.0, 2.0, -4.0; 1
1.0, 2.0, -4.0; 2
3.0, 2.0, -4.0; 1
4.0, 2.0, -4.0; 2
5.0, 2.0, -4.0; 1
-9.0, 3.0, -4.0; 5
-8.0, 3.0, -4.0; 13
-7.0, 3.0, -4.0; 4
-6.0, 3.0, -4.0; 17
-5.0, 3.0, -4.0; 11
-4.0, 3.0, -4.0; 7
-3.0, 3.0, -4.0; 1
-1.0, 3.0, -4.0; 3
0.0, 3.0, -4.0; 4
1.0, 3.0, -4.0; 5
2.0, 3.0, -4.0; 3
3.0, 3.0, -4.0; 5
4.0, 3.0, -4.0; 1
5.0, 3.0, -4.0; 1
6.0, 3.0, -4.0; 2
-9.0, 4.0, -4.0; 2
-8.0, 4.0, -4.0; 6
-7.0, 4.0, -4.0; 21
-5.0, 4.0, -4.0; 1
-4.0, 4.0, -4.0; 6
-3.0, 4.0, -4.0; 12
-2.0, 4.0, -4.0; 28
-1.0, 4.0, -4.0; 24
0.0, 4.0, -4.0; 46
1.0, 4.0, -4.0; 12
2.0, 4.0, -4.0; 1
3.0, 4.0, -4.0; 8
4.0, 4.0, -4.0; 9
5.0, 4.0, -4.0; 2
7.0, 4.0, -4.0; 1
-8.0, 5.0, -4.0; 2
-7.0, 5.0, -4.0; 8
-6.0, 5.0, -4.0; 4
-5.0, 5.0, -4.0; 2
-4.0, 5.0, -4.0; 1
-3.0, 5.0, -4.0; 6
-2.0, 5.0, -4.0; 130
-1.0, 5.0, -4.0; 144
0.0, 5.0, -4.0; 34
1.0, 5.0, -4.0; 7
2.0, 5.0, -4.0; 3
3.0, 5.0, -4.0; 5
4.0, 5.0, -4.0; 3
5.0, 5.0, -4.0; 1
6.0, 5.0, -4.0; 1
7.0, 5.0, -4.0; 1
-7.0, 6.0, -4.0; 4
-6.0, 6.0, -4.0; 6
-5.0, 6.0, -4.0; 9
-4.0, 6.0, -4.0; 2
-2.0, 6.0, -4.0; 2
-1.0, 6.0, -4.0; 3
0.0, 6.0, -4.0; 3
1.0, 6.0, -4.0; 6
2.0, 6.0, -4.0; 4
3.0, 6.0, -4.0; 1
4.0, 6.0, -4.0; 3
5.0, 6.0, -4.0; 2
6.0, 6.0, -4.0; 2
-6.0, 7.0, -4.0; 3
-5.0, 7.0, -4.0; 14
-4.0, 7.0, -4.0; 10
-3.0, 7.0, -4.0; 7
-2.0, 7.0, -4.0; 10
-1.0, 7.0, -4.0; 8
0.0, 7.0, -4.0; 20
1.0, 7.0, -4.0; 30
2.0, 7.0, -4.0; 6
3.0, 7.0, -4.0; 3
4.0, 7.0, -4.0; 3
5.0, 7.0, -4.0; 4
-5.0, 8.0, -4.0; 1
-4.0, 8.0, -4.0; 5
-3.0, 8.0, -4.0; 16
-2.0, 8.0, -4.0; 14
-1.0, 8.0, -4.0; 19
0.0, 8.0, -4.0; 29
1.0, 8.0, -4.0; 15
2.0, 8.0, -4.0; 8
3.0, 8.0, -4.0; 6
4.0, 8.0, -4.0; 3
-3.0, 9.0, -4.0; 2
-2.0, 9.0, -4.0; 6
-1.0, 9.0, -4.0; 15
0.0, 9.0, -4.0; 14
1.0, 9.0, -4.0; 6
2.0, 9.0, -4.0; 1
-4.0, -10.0, -3.0; 4
-3.0, -10.0, -3.0; 8
-2.0, -10.0, -3.0; 20
-1.0, -10.0, -3.0; 37
0.0, -10.0, -3.0; 44
1.0, -10.0, -3.0; 18
2.0, -10.0, -3.0; 2
3.0, -10.0, -3.0; 1
-5.0, -9.0, -3.0; 2
-4.0, -9.0, -3.0; 3
-3.0, -9.0, -3.0; 3
-2.0, -9.0, -3.0; 11
-1.0, -9.0, -3.0; 33
0.0, -9.0, -3.0; 18
1.0, -9.0, -3.0; 26
2.0, -9.0, -3.0; 21
3.0, -9.0, -3.0; 9
4.0, -9.0, -3.0; 6
5.0, -9.0, -3.0; 1
-7.0, -8.0, -3.0; 1
-6.0, -8.0, -3.0; 9
-5.0, -8.0, -3.0; 6
-4.0, -8.0, -3.0; 4
-3.0, -8.0, -3.0; 9
-2.0, -8.0, -3.0; 13
-1.0, -8.0, -3.0; 22
0.0, -8.0, -3.0; 22
1.0, -8.0, -3.0; 17
2.0, -8.0, -3.0; 8
3.0, -8.0, -3.0; 6
4.0, -8.0, -3.0; 7
5.0, -8.0, -3.0; 9
6.0, -8.0, -3.0; 1
-8.0, -7.0, -3.0; 1
-7.0, -7.0, -3.0; 5
-6.0, -7.0, -3.0; 6
-5.0, -7.0, -3.0; 1
-4.0, -7.0, -3.0; 1
-2.0, -7.0, -3.0; 1
-1.0, -7.0, -3.0; 5
0.0, -7.0, -3.0; 72
1.0, -7.0, -3.0; 152
2.0, -7.0, -3.0; 22
3.0, -7.0, -3.0; 4
4.0, -7.0, -3.0; 5
5.0, -7.0, -3.0; 8
6.0, -7.0, -3.0; 2
-8.0, -6.0, -3.0; 12
-7.0, -6.0, -3.0; 5
-6.0, -6.0, -3.0; 1
-5.0, -6.0, -3.0; 1
-2.0, -6.0, -3.0; 3
-1.0, -6.0, -3.0; 83
0.0, -6.0, -3.0; 128
1.0, -6.0, -3.0; 1357
2.0, -6.0, -3.0; 197
3.0, -6.0, -3.0; 5
4.0, -6.0, -3.0; 5
5.0, -6.0, -3.0; 4
6.0, -6.0, -3.0; 2
8.0, -6.0, -3.0; 1
-9.0, -5.0, -3.0; 7
-8.0, -5.0, -3.0; 20
-7.0, -5.0, -3.0; 6
-6.0, -5.0, -3.0; 1
-5.0, -5.0, -3.0; 2
-1.0, -5.0, -3.0; 15
0.0, -5.0, -3.0; 46
1.0, -5.0, -3.0; 36
2.0, -5.0, -3.0; 93
3.0, -5.0, -3.0; 12
4.0, -5.0, -3.0; 7
5.0, -5.0, -3.0; 3
7.0, -5.0, -3.0; 3
8.0, -5.0, -3.0; 1
-9.0, -4.0, -3.0; 4
-8.0, -4.0, -3.0; 13
-7.0, -4.0, -3.0; 3
-6.0, -4.0, -3.0; 1
-5.0, -4.0, -3.0; 14
-4.0, -4.0, -3.0; 1
-3.0, -4.0, -3.0; 3
1.0, -4.0, -3.0; 2
2.0, -4.0, -3.0; 6
3.0, -4.0, -3.0; 1
4.0, -4.0, -3.0; 1
5.0, -4.0, -3.0; 1
7.0, -4.0, -3.0; 3
-9.0, -3.0, -3.0; 4
-8.0, -3.0, -3.0; 7
-7.0, -3.0, -3.0; 3
-6.0, -3.0, -3.0; 10
-5.0, -3.0, -3.0; 34
-4.0, -3.0, -3.0; 2
-3.0, -3.0, -3.0; 5
3.0, -3.0, -3.0; 1
5.0, -3.0, -3.0; 1
6.0, -3.0, -3.0; 1
-9.0, -2.0, -3.0; 10
-8.0, -2.0, -3.0; 4
-7.0, -2.0, -3.0; 2
-6.0, -2.0, -3.0; 5
-5.0, -2.0, -3.0; 36
-4.0, -2.0, -3.0; 2
-3.0, -2.0, -3.0; 6
3.0, -2.0, -3.0; 2
5.0, -2.0, -3.0; 1
8.0, -2.0, -3.0; 1
-10.0, -1.0, -3.0; 1
-9.0, -1.0, -3.0; 6
-8.0, -1.0, -3.0; 4
-7.0, -1.0, -3.0; 2
-5.0, -1.0, -3.0; 2
-4.0, -1.0, -3.0; 1
6.0, -1.0, -3.0; 1
-10.0, 0.0, -3.0; 2
-9.0, 0.0, -3.0; 5
-7.0, 0.0, -3.0; 1
-6.0, 0.0, -3.0; 16
-5.0, 0.0, -3.0; 8
-10.0, 1.0, -3.0; 1
-9.0, 1.0, -3.0; 4
-8.0, 1.0, -3.0; 4
-7.0, 1.0, -3.0; 6
-6.0, 1.0, -3.0; 71
-5.0, 1.0, -3.0; 23
6.0, 1.0, -3.0; 2
7.0, 1.0, -3.0; 1
-9.0, 2.0, -3.0; 3
-8.0, 2.0, -3.0; 1
-7.0, 2.0, -3.0; 14
-6.0, 2.0, -3.0; 29
-5.0, 2.0, -3.0; 40
4.0, 2.0, -3.0; 1
-9.0, 3.0, -3.0; 6
-8.0, 3.0, -3.0; 6
-7.0, 3.0, -3.0; 6
-6.0, 3.0, -3.0; 27
-5.0, 3.0, -3.0; 15
-4.0, 3.0, -3.0; 3
3.0, 3.0, -3.0; 2
4.0, 3.0, -3.0; 1
5.0, 3.0, -3.0; 4
7.0, 3.0, -3.0; 2
8.0, 3.0, -3.0; 1
-9.0, 4.0, -3.0; 3
-8.0, 4.0, -3.0; 6
-7.0, 4.0, -3.0; 3
-6.0, 4.0, -3.0; 3
-5.0, 4.0, -3.0; 12
-4.0, 4.0, -3.0; 1
-3.0, 4.0, -3.0; 1
-1.0, 4.0, -3.0; 1
0.0, 4.0, -3.0; 22
1.0, 4.0, -3.0; 33
2.0, 4.0, -3.0; 4
3.0, 4.0, -3.0; 7
4.0, 4.0, -3.0; 5
5.0, 4.0, -3.0; 1
7.0, 4.0, -3.0; 4
-8.0, 5.0, -3.0; 5
-7.0, 5.0, -3.0; 9
-4.0, 5.0, -3.0; 3
-3.0, 5.0, -3.0; 1
-2.0, 5.0, -3.0; 79
-1.0, 5.0, -3.0; 152
0.0, 5.0, -3.0; 99
1.0, 5.0, -3.0; 29
2.0, 5.0, -3.0; 2
3.0, 5.0, -3.0; 7
4.0, 5.0, -3.0; 3
5.0, 5.0, -3.0; 3
6.0, 5.0, -3.0; 1
7.0, 5.0, -3.0; 3
-8.0, 6.0, -3.0; 1
-7.0, 6.0, -3.0; 10
-6.0, 6.0, -3.0; 20
-5.0, 6.0, -3.0; 4
-4.0, 6.0, -3.0; 1
-3.0, 6.0, -3.0; 2
-2.0, 6.0, -3.0; 57
-1.0, 6.0, -3.0; 126
0.0, 6.0, -3.0; 33
1.0, 6.0, -3.0; 10
2.0, 6.0, -3.0; 5
3.0, 6.0, -3.0; 7
4.0, 6.0, -3.0; 7
6.0, 6.0, -3.0; 7
7.0, 6.0, -3.0; 1
-6.0, 7.0, -3.0; 6
-5.0, 7.0, -3.0; 13
-4.0, 7.0, -3.0; 5
-3.0, 7.0, -3.0; 5
-2.0, 7.0, -3.0; 5
-1.0, 7.0, -3.0; 5
0.0, 7.0, -3.0; 14
1.0, 7.0, -3.0; 22
2.0, 7.0, -3.0; 16
3.0, 7.0, -3.0; 7
5.0, 7.0, -3.0; 7
-6.0, 8.0, -3.0; 1
-5.0, 8.0, -3.0; 10
-4.0, 8.0, -3.0; 15
-3.0, 8.0, -3.0; 24
-2.0, 8.0, -3.0; 26
-1.0, 8.0, -3.0; 36
0.0, 8.0, -3.0; 55
1.0, 8.0, -3.0; 31
2.0, 8.0, -3.0; 11
3.0, 8.0, -3.0; 3
4.0, 8.0, -3.0; 3
-4.0, 9.0, -3.0; 2
-3.0, 9.0, -3.0; 8
-2.0, 9.0, -3.0; 19
-1.0, 9.0, -3.0; 42
0.0, 9.0, -3.0; 34
1.0, 9.0, -3.0; 19
2.0, 9.0, -3.0; 12
3.0, 9.0, -3.0; 1
-4.0, -10.0, -2.0; 6
-3.0, -10.0, -2.0; 48
-2.0, -10.0, -2.0; 83
-1.0, -10.0, -2.0; 82
0.0, -10.0, -2.0; 70
1.0, -10.0, -2.0; 44
2.0, -10.0, -2.0; 12
3.0, -10.0, -2.0; 5
-6.0, -9.0, -2.0; 2
-5.0, -9.0, -2.0; 6
-4.0, -9.0, -2.0; 15
-3.0, -9.0, -2.0; 4
-2.0, -9.0, -2.0; 17
-1.0, -9.0, -2.0; 17
0.0, -9.0, -2.0; 18
1.0, -9.0, -2.0; 26
2.0, -9.0, -2.0; 27
3.0, -9.0, -2.0; 9
4.0, -9.0, -2.0; 19
5.0, -9.0, -2.0; 5
-7.0, -8.0, -2.0; 4
-6.0, -8.0, -2.0; 8
-5.0, -8.0, -2.0; 6
-3.0, -8.0, -2.0; 2
-2.0, -8.0, -2.0; 6
-1.0, -8.0, -2.0; 10
0.0, -8.0, -2.0; 34
1.0, -8.0, -2.0; 17
2.0, -8.0, -2.0; 4
3.0, -8.0, -2.0; 3
4.0, -8.0, -2.0; 11
5.0, -8.0, -2.0; 10
6.0, -8.0, -2.0; 3
-8.0, -7.0, -2.0; 1
-7.0, -7.0, -2.0; 8
-6.0, -7.0, -2.0; 4
-5.0, -7.0, -2.0; 1
-4.0, -7.0, -2.0; 1
-3.0, -7.0, -2.0; 2
-2.0, -7.0, -2.0; 9
-1.0, -7.0, -2.0; 28
0.0, -7.0, -2.0; 65
1.0, -7.0, -2.0; 47
2.0, -7.0, -2.0; 17
3.0, -7.0, -2.0; 4
4.0, -7.0, -2.0; 3
5.0, -7.0, -2.0; 9
6.0, -7.0, -2.0; 4
-9.0, -6.0, -2.0; 2
-8.0, -6.0, -2.0; 8
-7.0, -6.0, -2.0; 5
-6.0, -6.0, -2.0; 2
-5.0, -6.0, -2.0; 1
-1.0, -6.0, -2.0; 27
0.0, -6.0, -2.0; 84
1.0, -6.0, -2.0; 282
2.0, -6.0, -2.0; 76
3.0, -6.0, -2.0; 10
4.0, -6.0, -2.0; 5
5.0, -6.0, -2.0; 6
6.0, -6.0, -2.0; 1
7.0, -6.0, -2.0; 2
-9.0, -5.0, -2.0; 6
-8.0, -5.0, -2.0; 6
-7.0, -5.0, -2.0; 1
-6.0, -5.0, -2.0; 3
-5.0, -5.0, -2.0; 1
-1.0, -5.0, -2.0; 1
0.0, -5.0, -2.0; 2
1.0, -5.0, -2.0; 7
2.0, -5.0, -2.0; 29
3.0, -5.0, -2.0; 6
4.0, -5.0, -2.0; 4
5.0, -5.0, -2.0; 1
6.0, -5.0, -2.0; 2
7.0, -5.0, -2.0; 3
8.0, -5.0, -2.0; 1
-9.0, -4.0, -2.0; 10
-8.0, -4.0, -2.0; 15
-7.0, -4.0, -2.0; 3
-6.0, -4.0, -2.0; 1
-5.0, -4.0, -2.0; 4
-4.0, -4.0, -2.0; 1
2.0, -4.0, -2.0; 2
3.0, -4.0, -2.0; 3
4.0, -4.0, -2.0; 2
5.0, -4.0, -2.0; 1
6.0, -4.0, -2.0; 1
7.0, -4.0, -2.0; 4
-10.0, -3.0, -2.0; 3
-9.0, -3.0, -2.0; 10
-8.0, -3.0, -2.0; 6
-7.0, -3.0, -2.0; 3
-6.0, -3.0, -2.0; 15
-5.0, -3.0, -2.0; 9
-4.0, -3.0, -2.0; 2
3.0, -3.0, -2.0; 1
-10.0, -2.0, -2.0; 2
-9.0, -2.0, -2.0; 10
-8.0, -2.0, -2.0; 3
-7.0, -2.0, -2.0; 2
-6.0, -2.0, -2.0; 13
-5.0, -2.0, -2.0; 9
6.0, -2.0, -2.0; 1
7.0, -2.0, -2.0; 1
-10.0, -1.0, -2.0; 3
-9.0, -1.0, -2.0; 2
-8.0, -1.0, -2.0; 1
-7.0, -1.0, -2.0; 2
-6.0, -1.0, -2.0; 4
-5.0, -1.0, -2.0; 3
8.0, -1.0, -2.0; 1
-9.0, 0.0, -2.0; 5
-7.0, 0.0, -2.0; 1
-6.0, 0.0, -2.0; 32
-5.0, 0.0, -2.0; 1
7.0, 0.0, -2.0; 1
-10.0, 1.0, -2.0; 2
-9.0, 1.0, -2.0; 4
-8.0, 1.0, -2.0; 4
-7.0, 1.0, -2.0; 3
-6.0, 1.0, -2.0; 758
-5.0, 1.0, -2.0; 69
-10.0, 2.0, -2.0; 1
-9.0, 2.0, -2.0; 5
-8.0, 2.0, -2.0; 4
-7.0, 2.0, -2.0; 13
-6.0, 2.0, -2.0; 57
-5.0, 2.0, -2.0; 35
5.0, 2.0, -2.0; 2
-9.0, 3.0, -2.0; 5
-8.0, 3.0, -2.0; 3
-7.0, 3.0, -2.0; 3
-6.0, 3.0, -2.0; 28
-5.0, 3.0, -2.0; 5
4.0, 3.0, -2.0; 1
5.0, 3.0, -2.0; 4
6.0, 3.0, -2.0; 1
7.0, 3.0, -2.0; 2
-9.0, 4.0, -2.0; 5
-8.0, 4.0, -2.0; 18
-7.0, 4.0, -2.0; 4
-6.0, 4.0, -2.0; 7
-5.0, 4.0, -2.0; 27
-4.0, 4.0, -2.0; 1
0.0, 4.0, -2.0; 1
1.0, 4.0, -2.0; 9
2.0, 4.0, -2.0; 10
3.0, 4.0, -2.0; 7
4.0, 4.0, -2.0; 12
5.0, 4.0, -2.0; 3
6.0, 4.0, -2.0; 4
7.0, 4.0, -2.0; 1
-9.0, 5.0, -2.0; 3
-8.0, 5.0, -2.0; 8
-7.0, 5.0, -2.0; 12
-6.0, 5.0, -2.0; 2
-5.0, 5.0, -2.0; 3
-4.0, 5.0, -2.0; 1
-3.0, 5.0, -2.0; 1
-2.0, 5.0, -2.0; 4
-1.0, 5.0, -2.0; 19
0.0, 5.0, -2.0; 152
1.0, 5.0, -2.0; 90
2.0, 5.0, -2.0; 20
3.0, 5.0, -2.0; 17
4.0, 5.0, -2.0; 5
5.0, 5.0, -2.0; 1
6.0, 5.0, -2.0; 2
7.0, 5.0, -2.0; 4
-8.0, 6.0, -2.0; 2
-7.0, 6.0, -2.0; 15
-6.0, 6.0, -2.0; 15
-5.0, 6.0, -2.0; 4
-4.0, 6.0, -2.0; 3
-3.0, 6.0, -2.0; 15
-2.0, 6.0, -2.0; 124
-1.0, 6.0, -2.0; 245
0.0, 6.0, -2.0; 165
1.0, 6.0, -2.0; 41
2.0, 6.0, -2.0; 1
3.0, 6.0, -2.0; 12
4.0, 6.0, -2.0; 8
5.0, 6.0, -2.0; 2
6.0, 6.0, -2.0; 7
7.0, 6.0, -2.0; 2
-7.0, 7.0, -2.0; 4
-6.0, 7.0, -2.0; 14
-5.0, 7.0, -2.0; 22
-4.0, 7.0, -2.0; 18
-3.0, 7.0, -2.0; 5
-1.0, 7.0, -2.0; 6
0.0, 7.0, -2.0; 7
1.0, 7.0, -2.0; 13
2.0, 7.0, -2.0; 19
3.0, 7.0, -2.0; 9
4.0, 7.0, -2.0; 2
5.0, 7.0, -2.0; 5
6.0, 7.0, -2.0; 1
-6.0, 8.0, -2.0; 3
-5.0, 8.0, -2.0; 16
-4.0, 8.0, -2.0; 22
-3.0, 8.0, -2.0; 33
-2.0, 8.0, -2.0; 48
-1.0, 8.0, -2.0; 84
0.0, 8.0, -2.0; 96
1.0, 8.0, -2.0; 61
2.0, 8.0, -2.0; 29
3.0, 8.0, -2.0; 5
4.0, 8.0, -2.0; 1
5.0, 8.0, -2.0; 1
-4.0, 9.0, -2.0; 3
-3.0, 9.0, -2.0; 23
-2.0, 9.0, -2.0; 29
-1.0, 9.0, -2.0; 55
0.0, 9.0, -2.0; 59
1.0, 9.0, -2.0; 31
2.0, 9.0, -2.0; 9
3.0, 9.0, -2.0; 2
-5.0, -10.0, -1.0; 2
-4.0, -10.0, -1.0; 29
-3.0, -10.0, -1.0; 70
-2.0, -10.0, -1.0; 84
-1.0, -10.0, -1.0; 79
0.0, -10.0, -1.0; 70
1.0, -10.0, -1.0; 61
2.0, -10.0, -1.0; 11
3.0, -10.0, -1.0; 3
-6.0, -9.0, -1.0; 11
-5.0, -9.0, -1.0; 18
-4.0, -9.0, -1.0; 12
-3.0, -9.0, -1.0; 7
-2.0, -9.0, -1.0; 12
-1.0, -9.0, -1.0; 12
0.0, -9.0, -1.0; 13
1.0, -9.0, -1.0; 17
2.0, -9.0, -1.0; 25
3.0, -9.0, -1.0; 9
4.0, -9.0, -1.0; 7
5.0, -9.0, -1.0; 1
-7.0, -8.0, -1.0; 7
-6.0, -8.0, -1.0; 11
-5.0, -8.0, -1.0; 4
-3.0, -8.0, -1.0; 3
-2.0, -8.0, -1.0; 14
-1.0, -8.0, -1.0; 29
0.0, -8.0, -1.0; 31
1.0, -8.0, -1.0; 15
2.0, -8.0, -1.0; 8
3.0, -8.0, -1.0; 6
4.0, -8.0, -1.0; 10
5.0, -8.0, -1.0; 14
6.0, -8.0, -1.0; 1
-8.0, -7.0, -1.0; 5
-7.0, -7.0, -1.0; 9
-6.0, -7.0, -1.0; 4
-5.0, -7.0, -1.0; 1
-4.0, -7.0, -1.0; 1
-3.0, -7.0, -1.0; 8
-2.0, -7.0, -1.0; 58
-1.0, -7.0, -1.0; 123
0.0, -7.0, -1.0; 115
1.0, -7.0, -1.0; 43
2.0, -7.0, -1.0; 9
3.0, -7.0, -1.0; 7
4.0, -7.0, -1.0; 8
5.0, -7.0, -1.0; 7
6.0, -7.0, -1.0; 6
-9.0, -6.0, -1.0; 1
-8.0, -6.0, -1.0; 11
-7.0, -6.0, -1.0; 2
-5.0, -6.0, -1.0; 1
-3.0, -6.0, -1.0; 2
-2.0, -6.0, -1.0; 3
-1.0, -6.0, -1.0; 22
0.0, -6.0, -1.0; 36
1.0, -6.0, -1.0; 36
2.0, -6.0, -1.0; 17
3.0, -6.0, -1.0; 4
4.0, -6.0, -1.0; 6
5.0, -6.0, -1.0; 3
7.0, -6.0, -1.0; 2
-9.0, -5.0, -1.0; 7
-8.0, -5.0, -1.0; 9
-7.0, -5.0, -1.0; 2
-6.0, -5.0, -1.0; 10
0.0, -5.0, -1.0; 1
1.0, -5.0, -1.0; 1
2.0, -5.0, -1.0; 12
3.0, -5.0, -1.0; 4
4.0, -5.0, -1.0; 4
5.0, -5.0, -1.0; 1
6.0, -5.0, -1.0; 1
7.0, -5.0, -1.0; 2
8.0, -5.0, -1.0; 1
-9.0, -4.0, -1.0; 15
-8.0, -4.0, -1.0; 5
-7.0, -4.0, -1.0; 5
-6.0, -4.0, -1.0; 2
5.0, -4.0, -1.0; 1
6.0, -4.0, -1.0; 1
-10.0, -3.0, -1.0; 2
-9.0, -3.0, -1.0; 11
-8.0, -3.0, -1.0; 4
-7.0, -3.0, -1.0; 4
-6.0, -3.0, -1.0; 9
-5.0, -3.0, -1.0; 1
4.0, -3.0, -1.0; 1
5.0, -3.0, -1.0; 1
6.0, -3.0, -1.0; 2
-10.0, -2.0, -1.0; 3
-9.0, -2.0, -1.0; 6
-8.0, -2.0, -1.0; 5
-7.0, -2.0, -1.0; 4
-6.0, -2.0, -1.0; 9
-5.0, -2.0, -1.0; 2
6.0, -2.0, -1.0; 1
-10.0, -1.0, -1.0; 7
-9.0, -1.0, -1.0; 3
-8.0, -1.0, -1.0; 7
-7.0, -1.0, -1.0; 2
-6.0, -1.0, -1.0; 3
-5.0, -1.0, -1.0; 1
5.0, -1.0, -1.0; 1
-10.0, 0.0, -1.0; 2
-9.0, 0.0, -1.0; 3
-8.0, 0.0, -1.0; 3
-7.0, 0.0, -1.0; 2
-6.0, 0.0, -1.0; 11
-5.0, 0.0, -1.0; 3
7.0, 0.0, -1.0; 1
-10.0, 1.0, -1.0; 1
-9.0, 1.0, -1.0; 2
-8.0, 1.0, -1.0; 4
-7.0, 1.0, -1.0; 1
-6.0, 1.0, -1.0; 2271
-5.0, 1.0, -1.0; 266
7.0, 1.0, -1.0; 1
-10.0, 2.0, -1.0; 2
-9.0, 2.0, -1.0; 3
-8.0, 2.0, -1.0; 1
-7.0, 2.0, -1.0; 5
-6.0, 2.0, -1.0; 136
-5.0, 2.0, -1.0; 168
3.0, 2.0, -1.0; 1
4.0, 2.0, -1.0; 1
9.0, 2.0, -1.0; 1
-10.0, 3.0, -1.0; 1
-9.0, 3.0, -1.0; 9
-8.0, 3.0, -1.0; 4
-7.0, 3.0, -1.0; 3
-6.0, 3.0, -1.0; 29
-5.0, 3.0, -1.0; 13
3.0, 3.0, -1.0; 2
4.0, 3.0, -1.0; 1
5.0, 3.0, -1.0; 2
6.0, 3.0, -1.0; 2
7.0, 3.0, -1.0; 2
-9.0, 4.0, -1.0; 2
-8.0, 4.0, -1.0; 14
-7.0, 4.0, -1.0; 11
-6.0, 4.0, -1.0; 25
-5.0, 4.0, -1.0; 35
-4.0, 4.0, -1.0; 5
-2.0, 4.0, -1.0; 1
1.0, 4.0, -1.0; 2
2.0, 4.0, -1.0; 5
3.0, 4.0, -1.0; 10
4.0, 4.0, -1.0; 18
5.0, 4.0, -1.0; 4
6.0, 4.0, -1.0; 2
7.0, 4.0, -1.0; 1
8.0, 4.0, -1.0; 1
-9.0, 5.0, -1.0; 2
-8.0, 5.0, -1.0; 8
-7.0, 5.0, -1.0; 22
-6.0, 5.0, -1.0; 1
-5.0, 5.0, -1.0; 18
-4.0, 5.0, -1.0; 10
-3.0, 5.0, -1.0; 3
-1.0, 5.0, -1.0; 32
0.0, 5.0, -1.0; 96
1.0, 5.0, -1.0; 99
2.0, 5.0, -1.0; 14
3.0, 5.0, -1.0; 19
4.0, 5.0, -1.0; 16
5.0, 5.0, -1.0; 1
6.0, 5.0, -1.0; 2
8.0, 5.0, -1.0; 1
-8.0, 6.0, -1.0; 9
-7.0, 6.0, -1.0; 78
-6.0, 6.0, -1.0; 575
-5.0, 6.0, -1.0; 86
-4.0, 6.0, -1.0; 10
-3.0, 6.0, -1.0; 21
-2.0, 6.0, -1.0; 115
-1.0, 6.0, -1.0; 324
0.0, 6.0, -1.0; 350
1.0, 6.0, -1.0; 66
2.0, 6.0, -1.0; 9
3.0, 6.0, -1.0; 12
4.0, 6.0, -1.0; 7
5.0, 6.0, -1.0; 3
6.0, 6.0, -1.0; 8
7.0, 6.0, -1.0; 3
-7.0, 7.0, -1.0; 13
-6.0, 7.0, -1.0; 37
-5.0, 7.0, -1.0; 117
-4.0, 7.0, -1.0; 17
-3.0, 7.0, -1.0; 5
-2.0, 7.0, -1.0; 7
-1.0, 7.0, -1.0; 53
0.0, 7.0, -1.0; 23
1.0, 7.0, -1.0; 18
2.0, 7.0, -1.0; 30
3.0, 7.0, -1.0; 10
4.0, 7.0, -1.0; 3
5.0, 7.0, -1.0; 5
6.0, 7.0, -1.0; 3
-6.0, 8.0, -1.0; 3
-5.0, 8.0, -1.0; 17
-4.0, 8.0, -1.0; 23
-3.0, 8.0, -1.0; 40
-2.0, 8.0, -1.0; 50
-1.0, 8.0, -1.0; 93
0.0, 8.0, -1.0; 93
1.0, 8.0, -1.0; 45
2.0, 8.0, -1.0; 20
3.0, 8.0, -1.0; 7
4.0, 8.0, -1.0; 1
5.0, 8.0, -1.0; 3
-4.0, 9.0, -1.0; 10
-3.0, 9.0, -1.0; 26
-2.0, 9.0, -1.0; 80
-1.0, 9.0, -1.0; 85
0.0, 9.0, -1.0; 74
1.0, 9.0, -1.0; 45
2.0, 9.0, -1.0; 18
3.0, 9.0, -1.0; 4
-5.0, -10.0, 0.0; 4
-4.0, -10.0, 0.0; 13
-3.0, -10.0, 0.0; 35
-2.0, -10.0, 0.0; 44
-1.0, -10.0, 0.0; 70
0.0, -10.0, 0.0; 63
1.0, -10.0, 0.0; 22
2.0, -10.0, 0.0; 7
3.0, -10.0, 0.0; 2
4.0, -10.0, 0.0; 1
-6.0, -9.0, 0.0; 4
-5.0, -9.0, 0.0; 19
-4.0, -9.0, 0.0; 12
-3.0, -9.0, 0.0; 12
-2.0, -9.0, 0.0; 8
-1.0, -9.0, 0.0; 19
0.0, -9.0, 0.0; 15
1.0, -9.0, 0.0; 14
2.0, -9.0, 0.0; 16
3.0, -9.0, 0.0; 11
4.0, -9.0, 0.0; 6
5.0, -9.0, 0.0; 1
-7.0, -8.0, 0.0; 14
-6.0, -8.0, 0.0; 8
-5.0, -8.0, 0.0; 5
-4.0, -8.0, 0.0; 2
-3.0, -8.0, 0.0; 2
-2.0, -8.0, 0.0; 61
-1.0, -8.0, 0.0; 46
0.0, -8.0, 0.0; 22
1.0, -8.0, 0.0; 11
2.0, -8.0, 0.0; 14
3.0, -8.0, 0.0; 4
5.0, -8.0, 0.0; 3
6.0, -8.0, 0.0; 3
-8.0, -7.0, 0.0; 7
-7.0, -7.0, 0.0; 17
-6.0, -7.0, 0.0; 6
-5.0, -7.0, 0.0; 2
-4.0, -7.0, 0.0; 64
-3.0, -7.0, 0.0; 244
-2.0, -7.0, 0.0; 492
-1.0, -7.0, 0.0; 450
0.0, -7.0, 0.0; 228
1.0, -7.0, 0.0; 36
2.0, -7.0, 0.0; 16
3.0, -7.0, 0.0; 9
4.0, -7.0, 0.0; 7
5.0, -7.0, 0.0; 5
6.0, -7.0, 0.0; 2
7.0, -7.0, 0.0; 1
-9.0, -6.0, 0.0; 1
-8.0, -6.0, 0.0; 18
-7.0, -6.0, 0.0; 8
-6.0, -6.0, 0.0; 6
-5.0, -6.0, 0.0; 31
-4.0, -6.0, 0.0; 6
-3.0, -6.0, 0.0; 3
-2.0, -6.0, 0.0; 5
-1.0, -6.0, 0.0; 27
0.0, -6.0, 0.0; 60
1.0, -6.0, 0.0; 29
2.0, -6.0, 0.0; 19
3.0, -6.0, 0.0; 16
4.0, -6.0, 0.0; 7
5.0, -6.0, 0.0; 3
6.0, -6.0, 0.0; 2
7.0, -6.0, 0.0; 2
-9.0, -5.0, 0.0; 6
-8.0, -5.0, 0.0; 16
-7.0, -5.0, 0.0; 1
-6.0, -5.0, 0.0; 48
-5.0, -5.0, 0.0; 2
-4.0, -5.0, 0.0; 2
-2.0, -5.0, 0.0; 2
-1.0, -5.0, 0.0; 2
0.0, -5.0, 0.0; 1
1.0, -5.0, 0.0; 2
2.0, -5.0, 0.0; 17
6.0, -5.0, 0.0; 1
7.0, -5.0, 0.0; 1
-10.0, -4.0, 0.0; 1
-9.0, -4.0, 0.0; 14
-8.0, -4.0, 0.0; 12
-7.0, -4.0, 0.0; 4
-6.0, -4.0, 0.0; 17
-5.0, -4.0, 0.0; 1
3.0, -4.0, 0.0; 1
6.0, -4.0, 0.0; 1
9.0, -4.0, 0.0; 1
-9.0, -3.0, 0.0; 7
-8.0, -3.0, 0.0; 3
-7.0, -3.0, 0.0; 2
-6.0, -3.0, 0.0; 2
-5.0, -3.0, 0.0; 1
6.0, -3.0, 0.0; 1
9.0, -3.0, 0.0; 1
-10.0, -2.0, 0.0; 1
-9.0, -2.0, 0.0; 6
-8.0, -2.0, 0.0; 4
-7.0, -2.0, 0.0; 2
-6.0, -2.0, 0.0; 1
-10.0, -1.0, 0.0; 5
-9.0, -1.0, 0.0; 2
-8.0, -1.0, 0.0; 3
-7.0, -1.0, 0.0; 8
-6.0, -1.0, 0.0; 4
-10.0, 0.0, 0.0; 6
-9.0, 0.0, 0.0; 2
-8.0, 0.0, 0.0; 1
-7.0, 0.0, 0.0; 4
-6.0, 0.0, 0.0; 6
-5.0, 0.0, 0.0; 2
4.0
17.2725917089
