5.0, 0.0, 0.0; 1
7.0, 0.0, 0.0; 2
-10.0, 1.0, 0.0; 2
-9.0, 1.0, 0.0; 6
-8.0, 1.0, 0.0; 10
-7.0, 1.0, 0.0; 6
-6.0, 1.0, 0.0; 217
-5.0, 1.0, 0.0; 134
4.0, 1.0, 0.0; 1
6.0, 1.0, 0.0; 3
7.0, 1.0, 0.0; 3
-10.0, 2.0, 0.0; 3
-9.0, 2.0, 0.0; 17
-8.0, 2.0, 0.0; 8
-7.0, 2.0, 0.0; 4
-6.0, 2.0, 0.0; 110
-5.0, 2.0, 0.0; 319
4.0, 2.0, 0.0; 2
5.0, 2.0, 0.0; 1
6.0, 2.0, 0.0; 8
7.0, 2.0, 0.0; 5
9.0, 2.0, 0.0; 1
-10.0, 3.0, 0.0; 1
-9.0, 3.0, 0.0; 8
-8.0, 3.0, 0.0; 23
-7.0, 3.0, 0.0; 12
-6.0, 3.0, 0.0; 24
-5.0, 3.0, 0.0; 92
-4.0, 3.0, 0.0; 6
2.0, 3.0, 0.0; 5
3.0, 3.0, 0.0; 2
4.0, 3.0, 0.0; 7
5.0, 3.0, 0.0; 3
6.0, 3.0, 0.0; 5
7.0, 3.0, 0.0; 2
-9.0, 4.0, 0.0; 3
-8.0, 4.0, 0.0; 22
-7.0, 4.0, 0.0; 15
-6.0, 4.0, 0.0; 21
-5.0, 4.0, 0.0; 52
-4.0, 4.0, 0.0; 29
-2.0, 4.0, 0.0; 1
-1.0, 4.0, 0.0; 1
1.0, 4.0, 0.0; 10
2.0, 4.0, 0.0; 13
3.0, 4.0, 0.0; 14
4.0, 4.0, 0.0; 28
5.0, 4.0, 0.0; 6
6.0, 4.0, 0.0; 2
7.0, 4.0, 0.0; 6
8.0, 4.0, 0.0; 1
-9.0, 5.0, 0.0; 3
-8.0, 5.0, 0.0; 18
-7.0, 5.0, 0.0; 40
-6.0, 5.0, 0.0; 10
-5.0, 5.0, 0.0; 21
-4.0, 5.0, 0.0; 62
-3.0, 5.0, 0.0; 52
-2.0, 5.0, 0.0; 36
-1.0, 5.0, 0.0; 45
0.0, 5.0, 0.0; 128
1.0, 5.0, 0.0; 155
2.0, 5.0, 0.0; 19
3.0, 5.0, 0.0; 29
4.0, 5.0, 0.0; 10
5.0, 5.0, 0.0; 7
6.0, 5.0, 0.0; 3
7.0, 5.0, 0.0; 4
-8.0, 6.0, 0.0; 17
-7.0, 6.0, 0.0; 90
-6.0, 6.0, 0.0; 1472
-5.0, 6.0, 0.0; 406
-4.0, 6.0, 0.0; 37
-3.0, 6.0, 0.0; 80
-2.0, 6.0, 0.0; 156
-1.0, 6.0, 0.0; 252
0.0, 6.0, 0.0; 248
1.0, 6.0, 0.0; 51
2.0, 6.0, 0.0; 16
3.0, 6.0, 0.0; 28
4.0, 6.0, 0.0; 12
5.0, 6.0, 0.0; 7
6.0, 6.0, 0.0; 4
7.0, 6.0, 0.0; 4
-7.0, 7.0, 0.0; 9
-6.0, 7.0, 0.0; 78
-5.0, 7.0, 0.0; 223
-4.0, 7.0, 0.0; 41
-3.0, 7.0, 0.0; 21
-2.0, 7.0, 0.0; 53
-1.0, 7.0, 0.0; 119
0.0, 7.0, 0.0; 45
1.0, 7.0, 0.0; 43
2.0, 7.0, 0.0; 61
3.0, 7.0, 0.0; 23
4.0, 7.0, 0.0; 6
5.0, 7.0, 0.0; 4
6.0, 7.0, 0.0; 3
-6.0, 8.0, 0.0; 1
-5.0, 8.0, 0.0; 20
-4.0, 8.0, 0.0; 27
-3.0, 8.0, 0.0; 25
-2.0, 8.0, 0.0; 30
-1.0, 8.0, 0.0; 39
0.0, 8.0, 0.0; 42
1.0, 8.0, 0.0; 37
2.0, 8.0, 0.0; 27
3.0, 8.0, 0.0; 9
4.0, 8.0, 0.0; 6
5.0, 8.0, 0.0; 1
-4.0, 9.0, 0.0; 13
-3.0, 9.0, 0.0; 39
-2.0, 9.0, 0.0; 104
-1.0, 9.0, 0.0; 103
0.0, 9.0, 0.0; 62
1.0, 9.0, 0.0; 50
2.0, 9.0, 0.0; 19
3.0, 9.0, 0.0; 4
-4.0, -10.0, 1.0; 20
-3.0, -10.0, 1.0; 27
-2.0, -10.0, 1.0; 41
-1.0, -10.0, 1.0; 60
0.0, -10.0, 1.0; 45
1.0, -10.0, 1.0; 7
2.0, -10.0, 1.0; 7
3.0, -10.0, 1.0; 3
-6.0, -9.0, 1.0; 5
-5.0, -9.0, 1.0; 31
-4.0, -9.0, 1.0; 27
-3.0, -9.0, 1.0; 24
-2.0, -9.0, 1.0; 18
-1.0, -9.0, 1.0; 23
0.0, -9.0, 1.0; 21
1.0, -9.0, 1.0; 15
2.0, -9.0, 1.0; 11
3.0, -9.0, 1.0; 9
4.0, -9.0, 1.0; 10
5.0, -9.0, 1.0; 1
-7.0, -8.0, 1.0; 11
-6.0, -8.0, 1.0; 27
-5.0, -8.0, 1.0; 20
-4.0, -8.0, 1.0; 8
-3.0, -8.0, 1.0; 4
-2.0, -8.0, 1.0; 8
-1.0, -8.0, 1.0; 8
0.0, -8.0, 1.0; 17
1.0, -8.0, 1.0; 18
2.0, -8.0, 1.0; 21
3.0, -8.0, 1.0; 14
4.0, -8.0, 1.0; 5
5.0, -8.0, 1.0; 4
6.0, -8.0, 1.0; 1
-8.0, -7.0, 1.0; 6
-7.0, -7.0, 1.0; 21
-6.0, -7.0, 1.0; 28
-5.0, -7.0, 1.0; 2
-4.0, -7.0, 1.0; 100
-3.0, -7.0, 1.0; 204
-2.0, -7.0, 1.0; 264
-1.0, -7.0, 1.0; 190
0.0, -7.0, 1.0; 68
1.0, -7.0, 1.0; 24
2.0, -7.0, 1.0; 27
3.0, -7.0, 1.0; 14
4.0, -7.0, 1.0; 9
5.0, -7.0, 1.0; 4
6.0, -7.0, 1.0; 5
-9.0, -6.0, 1.0; 1
-8.0, -6.0, 1.0; 18
-7.0, -6.0, 1.0; 31
-6.0, -6.0, 1.0; 6
-5.0, -6.0, 1.0; 118
-4.0, -6.0, 1.0; 173
-3.0, -6.0, 1.0; 103
-2.0, -6.0, 1.0; 84
-1.0, -6.0, 1.0; 100
0.0, -6.0, 1.0; 48
1.0, -6.0, 1.0; 36
2.0, -6.0, 1.0; 35
3.0, -6.0, 1.0; 12
4.0, -6.0, 1.0; 12
5.0, -6.0, 1.0; 2
6.0, -6.0, 1.0; 4
-9.0, -5.0, 1.0; 4
-8.0, -5.0, 1.0; 17
-7.0, -5.0, 1.0; 14
-6.0, -5.0, 1.0; 51
-5.0, -5.0, 1.0; 104
-4.0, -5.0, 1.0; 7
-3.0, -5.0, 1.0; 15
-2.0, -5.0, 1.0; 15
-1.0, -5.0, 1.0; 4
0.0, -5.0, 1.0; 1
1.0, -5.0, 1.0; 7
2.0, -5.0, 1.0; 6
3.0, -5.0, 1.0; 7
4.0, -5.0, 1.0; 8
5.0, -5.0, 1.0; 4
6.0, -5.0, 1.0; 1
-10.0, -4.0, 1.0; 1
-9.0, -4.0, 1.0; 1
-8.0, -4.0, 1.0; 27
-7.0, -4.0, 1.0; 8
-6.0, -4.0, 1.0; 52
-5.0, -4.0, 1.0; 9
-4.0, -4.0, 1.0; 3
-3.0, -4.0, 1.0; 3
0.0, -4.0, 1.0; 1
2.0, -4.0, 1.0; 2
3.0, -4.0, 1.0; 2
4.0, -4.0, 1.0; 4
5.0, -4.0, 1.0; 1
7.0, -4.0, 1.0; 1
8.0, -4.0, 1.0; 1
-10.0, -3.0, 1.0; 3
-9.0, -3.0, 1.0; 8
-8.0, -3.0, 1.0; 23
-7.0, -3.0, 1.0; 3
-6.0, -3.0, 1.0; 9
-5.0, -3.0, 1.0; 2
-4.0, -3.0, 1.0; 3
3.0, -3.0, 1.0; 1
6.0, -3.0, 1.0; 1
7.0, -3.0, 1.0; 1
-10.0, -2.0, 1.0; 9
-9.0, -2.0, 1.0; 5
-8.0, -2.0, 1.0; 17
-7.0, -2.0, 1.0; 8
-6.0, -2.0, 1.0; 5
-5.0, -2.0, 1.0; 5
7.0, -2.0, 1.0; 3
-10.0, -1.0, 1.0; 7
-9.0, -1.0, 1.0; 2
-8.0, -1.0, 1.0; 2
-7.0, -1.0, 1.0; 21
-6.0, -1.0, 1.0; 18
-5.0, -1.0, 1.0; 7
-10.0, 0.0, 1.0; 9
-9.0, 0.0, 1.0; 8
-8.0, 0.0, 1.0; 10
-7.0, 0.0, 1.0; 19
-6.0, 0.0, 1.0; 45
-5.0, 0.0, 1.0; 4
-4.0, 0.0, 1.0; 1
6.0, 0.0, 1.0; 3
7.0, 0.0, 1.0; 1
-10.0, 1.0, 1.0; 4
-9.0, 1.0, 1.0; 5
-8.0, 1.0, 1.0; 8
-7.0, 1.0, 1.0; 3
-6.0, 1.0, 1.0; 35
-5.0, 1.0, 1.0; 53
6.0, 1.0, 1.0; 5
9.0, 1.0, 1.0; 1
-10.0, 2.0, 1.0; 3
-9.0, 2.0, 1.0; 9
-8.0, 2.0, 1.0; 15
-7.0, 2.0, 1.0; 5
-6.0, 2.0, 1.0; 9
-5.0, 2.0, 1.0; 149
-4.0, 2.0, 1.0; 8
3.0, 2.0, 1.0; 1
4.0, 2.0, 1.0; 2
5.0, 2.0, 1.0; 2
6.0, 2.0, 1.0; 6
7.0, 2.0, 1.0; 1
8.0, 2.0, 1.0; 1
-10.0, 3.0, 1.0; 1
-9.0, 3.0, 1.0; 7
-8.0, 3.0, 1.0; 24
-7.0, 3.0, 1.0; 9
-6.0, 3.0, 1.0; 18
-5.0, 3.0, 1.0; 72
-4.0, 3.0, 1.0; 72
3.0, 3.0, 1.0; 5
4.0, 3.0, 1.0; 12
5.0, 3.0, 1.0; 8
6.0, 3.0, 1.0; 1
7.0, 3.0, 1.0; 1
-9.0, 4.0, 1.0; 7
-8.0, 4.0, 1.0; 29
-7.0, 4.0, 1.0; 37
-6.0, 4.0, 1.0; 29
-5.0, 4.0, 1.0; 31
-4.0, 4.0, 1.0; 67
-3.0, 4.0, 1.0; 41
-2.0, 4.0, 1.0; 13
-1.0, 4.0, 1.0; 1
0.0, 4.0, 1.0; 6
1.0, 4.0, 1.0; 24
2.0, 4.0, 1.0; 9
3.0, 4.0, 1.0; 29
4.0, 4.0, 1.0; 16
5.0, 4.0, 1.0; 4
6.0, 4.0, 1.0; 3
7.0, 4.0, 1.0; 4
8.0, 4.0, 1.0; 2
-9.0, 5.0, 1.0; 4
-8.0, 5.0, 1.0; 19
-7.0, 5.0, 1.0; 22
-6.0, 5.0, 1.0; 11
-5.0, 5.0, 1.0; 28
-4.0, 5.0, 1.0; 72
-3.0, 5.0, 1.0; 1455
-2.0, 5.0, 1.0; 916
-1.0, 5.0, 1.0; 82
0.0, 5.0, 1.0; 144
1.0, 5.0, 1.0; 95
2.0, 5.0, 1.0; 22
3.0, 5.0, 1.0; 20
4.0, 5.0, 1.0; 35
5.0, 5.0, 1.0; 2
6.0, 5.0, 1.0; 3
7.0, 5.0, 1.0; 3
-8.0, 6.0, 1.0; 18
-7.0, 6.0, 1.0; 64
-6.0, 6.0, 1.0; 135
-5.0, 6.0, 1.0; 81
-4.0, 6.0, 1.0; 67
-3.0, 6.0, 1.0; 107
-2.0, 6.0, 1.0; 123
-1.0, 6.0, 1.0; 72
0.0, 6.0, 1.0; 35
1.0, 6.0, 1.0; 5
2.0, 6.0, 1.0; 12
3.0, 6.0, 1.0; 15
4.0, 6.0, 1.0; 16
5.0, 6.0, 1.0; 3
6.0, 6.0, 1.0; 5
-7.0, 7.0, 1.0; 12
-6.0, 7.0, 1.0; 50
-5.0, 7.0, 1.0; 47
-4.0, 7.0, 1.0; 28
-3.0, 7.0, 1.0; 12
-2.0, 7.0, 1.0; 23
-1.0, 7.0, 1.0; 23
0.0, 7.0, 1.0; 19
1.0, 7.0, 1.0; 33
2.0, 7.0, 1.0; 41
3.0, 7.0, 1.0; 23
4.0, 7.0, 1.0; 7
5.0, 7.0, 1.0; 5
6.0, 7.0, 1.0; 1
-6.0, 8.0, 1.0; 3
-5.0, 8.0, 1.0; 13
-4.0, 8.0, 1.0; 33
-3.0, 8.0, 1.0; 52
-2.0, 8.0, 1.0; 44
-1.0, 8.0, 1.0; 40
0.0, 8.0, 1.0; 31
1.0, 8.0, 1.0; 28
2.0, 8.0, 1.0; 16
3.0, 8.0, 1.0; 6
4.0, 8.0, 1.0; 2
5.0, 8.0, 1.0; 1
-4.0, 9.0, 1.0; 12
-3.0, 9.0, 1.0; 25
-2.0, 9.0, 1.0; 48
-1.0, 9.0, 1.0; 55
0.0, 9.0, 1.0; 35
1.0, 9.0, 1.0; 25
2.0, 9.0, 1.0; 10
3.0, 9.0, 1.0; 1
-4.0, -10.0, 2.0; 2
-3.0, -10.0, 2.0; 5
-2.0, -10.0, 2.0; 24
-1.0, -10.0, 2.0; 23
0.0, -10.0, 2.0; 6
1.0, -10.0, 2.0; 7
2.0, -10.0, 2.0; 6
-6.0, -9.0, 2.0; 1
-5.0, -9.0, 2.0; 19
-4.0, -9.0, 2.0; 28
-3.0, -9.0, 2.0; 28
-2.0, -9.0, 2.0; 27
-1.0, -9.0, 2.0; 20
0.0, -9.0, 2.0; 28
1.0, -9.0, 2.0; 16
2.0, -9.0, 2.0; 7
3.0, -9.0, 2.0; 4
4.0, -9.0, 2.0; 3
-7.0, -8.0, 2.0; 5
-6.0, -8.0, 2.0; 20
-5.0, -8.0, 2.0; 31
-4.0, -8.0, 2.0; 27
-3.0, -8.0, 2.0; 12
-2.0, -8.0, 2.0; 7
-1.0, -8.0, 2.0; 5
0.0, -8.0, 2.0; 11
1.0, -8.0, 2.0; 11
2.0, -8.0, 2.0; 11
3.0, -8.0, 2.0; 4
4.0, -8.0, 2.0; 2
5.0, -8.0, 2.0; 7
6.0, -8.0, 2.0; 1
-7.0, -7.0, 2.0; 10
-6.0, -7.0, 2.0; 35
-5.0, -7.0, 2.0; 14
-4.0, -7.0, 2.0; 3
-3.0, -7.0, 2.0; 13
-2.0, -7.0, 2.0; 18
-1.0, -7.0, 2.0; 10
0.0, -7.0, 2.0; 7
1.0, -7.0, 2.0; 18
2.0, -7.0, 2.0; 10
3.0, -7.0, 2.0; 5
4.0, -7.0, 2.0; 3
5.0, -7.0, 2.0; 9
6.0, -7.0, 2.0; 2
-8.0, -6.0, 2.0; 6
-7.0, -6.0, 2.0; 22
-6.0, -6.0, 2.0; 11
-5.0, -6.0, 2.0; 6
-4.0, -6.0, 2.0; 84
-3.0, -6.0, 2.0; 138
-2.0, -6.0, 2.0; 81
-1.0, -6.0, 2.0; 42
0.0, -6.0, 2.0; 11
1.0, -6.0, 2.0; 12
2.0, -6.0, 2.0; 16
3.0, -6.0, 2.0; 10
4.0, -6.0, 2.0; 4
5.0, -6.0, 2.0; 4
6.0, -6.0, 2.0; 2
7.0, -6.0, 2.0; 2
-9.0, -5.0, 2.0; 3
-8.0, -5.0, 2.0; 9
-7.0, -5.0, 2.0; 33
-6.0, -5.0, 2.0; 4
-5.0, -5.0, 2.0; 71
-4.0, -5.0, 2.0; 103
-3.0, -5.0, 2.0; 20
-2.0, -5.0, 2.0; 13
-1.0, -5.0, 2.0; 4
0.0, -5.0, 2.0; 2
1.0, -5.0, 2.0; 10
2.0, -5.0, 2.0; 10
3.0, -5.0, 2.0; 2
5.0, -5.0, 2.0; 1
-10.0, -4.0, 2.0; 1
-9.0, -4.0, 2.0; 5
-8.0, -4.0, 2.0; 24
-7.0, -4.0, 2.0; 19
-6.0, -4.0, 2.0; 7
-5.0, -4.0, 2.0; 32
-4.0, -4.0, 2.0; 4
-3.0, -4.0, 2.0; 2
-2.0, -4.0, 2.0; 1
0.0, -4.0, 2.0; 1
1.0, -4.0, 2.0; 2
2.0, -4.0, 2.0; 3
3.0, -4.0, 2.0; 4
4.0, -4.0, 2.0; 4
5.0, -4.0, 2.0; 2
6.0, -4.0, 2.0; 1
-10.0, -3.0, 2.0; 3
-9.0, -3.0, 2.0; 9
-8.0, -3.0, 2.0; 25
-7.0, -3.0, 2.0; 23
-6.0, -3.0, 2.0; 7
-5.0, -3.0, 2.0; 7
-4.0, -3.0, 2.0; 8
-3.0, -3.0, 2.0; 1
1.0, -3.0, 2.0; 1
2.0, -3.0, 2.0; 1
6.0, -3.0, 2.0; 1
7.0, -3.0, 2.0; 2
-10.0, -2.0, 2.0; 5
-9.0, -2.0, 2.0; 9
-8.0, -2.0, 2.0; 15
-7.0, -2.0, 2.0; 24
-6.0, -2.0, 2.0; 9
-5.0, -2.0, 2.0; 12
-4.0, -2.0, 2.0; 7
3.0, -2.0, 2.0; 1
5.0, -2.0, 2.0; 2
8.0, -2.0, 2.0; 1
-10.0, -1.0, 2.0; 6
-9.0, -1.0, 2.0; 6
-8.0, -1.0, 2.0; 8
-7.0, -1.0, 2.0; 18
-6.0, -1.0, 2.0; 18
-5.0, -1.0, 2.0; 6
-4.0, -1.0, 2.0; 4
3.0, -1.0, 2.0; 1
-10.0, 0.0, 2.0; 4
-9.0, 0.0, 2.0; 6
-8.0, 0.0, 2.0; 1
-7.0, 0.0, 2.0; 13
-6.0, 0.0, 2.0; 60
-5.0, 0.0, 2.0; 24
-4.0, 0.0, 2.0; 3
3.0, 0.0, 2.0; 1
5.0, 0.0, 2.0; 3
6.0, 0.0, 2.0; 1
-10.0, 1.0, 2.0; 5
-9.0, 1.0, 2.0; 3
-8.0, 1.0, 2.0; 7
-7.0, 1.0, 2.0; 13
-6.0, 1.0, 2.0; 32
-5.0, 1.0, 2.0; 456
-4.0, 1.0, 2.0; 408
-3.0, 1.0, 2.0; 5
2.0, 1.0, 2.0; 1
3.0, 1.0, 2.0; 1
5.0, 1.0, 2.0; 1
6.0, 1.0, 2.0; 7
-10.0, 2.0, 2.0; 1
-9.0, 2.0, 2.0; 4
-8.0, 2.0, 2.0; 17
-7.0, 2.0, 2.0; 8
-6.0, 2.0, 2.0; 9
-5.0, 2.0, 2.0; 504
-4.0, 2.0, 2.0; 2092
-3.0, 2.0, 2.0; 24
-2.0, 2.0, 2.0; 1
1.0, 2.0, 2.0; 1
3.0, 2.0, 2.0; 3
4.0, 2.0, 2.0; 2
5.0, 2.0, 2.0; 5
6.0, 2.0, 2.0; 4
7.0, 2.0, 2.0; 3
-10.0, 3.0, 2.0; 3
-9.0, 3.0, 2.0; 4
-8.0, 3.0, 2.0; 14
-7.0, 3.0, 2.0; 14
-6.0, 3.0, 2.0; 11
-5.0, 3.0, 2.0; 45
-4.0, 3.0, 2.0; 181
-3.0, 3.0, 2.0; 41
-2.0, 3.0, 2.0; 8
-1.0, 3.0, 2.0; 6
0.0, 3.0, 2.0; 6
1.0, 3.0, 2.0; 9
2.0, 3.0, 2.0; 2
3.0, 3.0, 2.0; 17
4.0, 3.0, 2.0; 3
5.0, 3.0, 2.0; 4
6.0, 3.0, 2.0; 6
-9.0, 4.0, 2.0; 7
-8.0, 4.0, 2.0; 7
-7.0, 4.0, 2.0; 31
-6.0, 4.0, 2.0; 27
-5.0, 4.0, 2.0; 11
-4.0, 4.0, 2.0; 58
-3.0, 4.0, 2.0; 187
-2.0, 4.0, 2.0; 173
-1.0, 4.0, 2.0; 71
0.0, 4.0, 2.0; 36
1.0, 4.0, 2.0; 32
2.0, 4.0, 2.0; 14
3.0, 4.0, 2.0; 24
4.0, 4.0, 2.0; 6
5.0, 4.0, 2.0; 2
6.0, 4.0, 2.0; 3
8.0, 4.0, 2.0; 1
-9.0, 5.0, 2.0; 1
-8.0, 5.0, 2.0; 19
-7.0, 5.0, 2.0; 12
-6.0, 5.0, 2.0; 10
-5.0, 5.0, 2.0; 16
-4.0, 5.0, 2.0; 36
-3.0, 5.0, 2.0; 267
-2.0, 5.0, 2.0; 348
-1.0, 5.0, 2.0; 60
0.0, 5.0, 2.0; 39
1.0, 5.0, 2.0; 7
2.0, 5.0, 2.0; 33
3.0, 5.0, 2.0; 7
4.0, 5.0, 2.0; 33
5.0, 5.0, 2.0; 3
6.0, 5.0, 2.0; 3
7.0, 5.0, 2.0; 1
-8.0, 6.0, 2.0; 14
-7.0, 6.0, 2.0; 26
-6.0, 6.0, 2.0; 28
-5.0, 6.0, 2.0; 15
-4.0, 6.0, 2.0; 14
-3.0, 6.0, 2.0; 18
-2.0, 6.0, 2.0; 18
-1.0, 6.0, 2.0; 9
0.0, 6.0, 2.0; 11
1.0, 6.0, 2.0; 10
2.0, 6.0, 2.0; 7
3.0, 6.0, 2.0; 11
4.0, 6.0, 2.0; 13
5.0, 6.0, 2.0; 4
6.0, 6.0, 2.0; 7
7.0, 6.0, 2.0; 1
-7.0, 7.0, 2.0; 3
-6.0, 7.0, 2.0; 21
-5.0, 7.0, 2.0; 44
-4.0, 7.0, 2.0; 37
-3.0, 7.0, 2.0; 27
-2.0, 7.0, 2.0; 19
-1.0, 7.0, 2.0; 33
0.0, 7.0, 2.0; 27
1.0, 7.0, 2.0; 41
2.0, 7.0, 2.0; 20
3.0, 7.0, 2.0; 14
4.0, 7.0, 2.0; 8
5.0, 7.0, 2.0; 4
6.0, 7.0, 2.0; 1
-6.0, 8.0, 2.0; 2
-5.0, 8.0, 2.0; 21
-4.0, 8.0, 2.0; 43
-3.0, 8.0, 2.0; 43
-2.0, 8.0, 2.0; 27
-1.0, 8.0, 2.0; 41
0.0, 8.0, 2.0; 33
1.0, 8.0, 2.0; 31
2.0, 8.0, 2.0; 11
3.0, 8.0, 2.0; 2
4.0, 8.0, 2.0; 3
5.0, 8.0, 2.0; 1
-4.0, 9.0, 2.0; 3
-3.0, 9.0, 2.0; 16
-2.0, 9.0, 2.0; 26
-1.0, 9.0, 2.0; 34
0.0, 9.0, 2.0; 12
1.0, 9.0, 2.0; 7
2.0, 9.0, 2.0; 3
-3.0, -10.0, 3.0; 2
-1.0, -10.0, 3.0; 3
0.0, -10.0, 3.0; 3
1.0, -10.0, 3.0; 3
-5.0, -9.0, 3.0; 2
-4.0, -9.0, 3.0; 7
-3.0, -9.0, 3.0; 23
-2.0, -9.0, 3.0; 19
-1.0, -9.0, 3.0; 11
0.0, -9.0, 3.0; 7
1.0, -9.0, 3.0; 10
2.0, -9.0, 3.0; 8
3.0, -9.0, 3.0; 7
4.0, -9.0, 3.0; 1
-6.0, -8.0, 3.0; 17
-5.0, -8.0, 3.0; 32
-4.0, -8.0, 3.0; 23
-3.0, -8.0, 3.0; 23
-2.0, -8.0, 3.0; 28
-1.0, -8.0, 3.0; 12
0.0, -8.0, 3.0; 7
1.0, -8.0, 3.0; 5
2.0, -8.0, 3.0; 2
3.0, -8.0, 3.0; 1
4.0, -8.0, 3.0; 12
5.0, -8.0, 3.0; 1
-7.0, -7.0, 3.0; 10
-6.0, -7.0, 3.0; 15
-5.0, -7.0, 3.0; 26
-4.0, -7.0, 3.0; 21
-3.0, -7.0, 3.0; 12
-2.0, -7.0, 3.0; 12
-1.0, -7.0, 3.0; 17
0.0, -7.0, 3.0; 19
1.0, -7.0, 3.0; 10
2.0, -7.0, 3.0; 8
3.0, -7.0, 3.0; 5
4.0, -7.0, 3.0; 6
5.0, -7.0, 3.0; 1
-8.0, -6.0, 3.0; 1
-7.0, -6.0, 3.0; 8
-6.0, -6.0, 3.0; 30
-5.0, -6.0, 3.0; 23
-4.0, -6.0, 3.0; 10
-3.0, -6.0, 3.0; 8
-2.0, -6.0, 3.0; 4
-1.0, -6.0, 3.0; 8
0.0, -6.0, 3.0; 12
1.0, -6.0, 3.0; 14
2.0, -6.0, 3.0; 12
3.0, -6.0, 3.0; 1
4.0, -6.0, 3.0; 3
5.0, -6.0, 3.0; 1
6.0, -6.0, 3.0; 1
7.0, -6.0, 3.0; 1
-9.0, -5.0, 3.0; 1
-8.0, -5.0, 3.0; 5
-7.0, -5.0, 3.0; 21
-6.0, -5.0, 3.0; 17
-5.0, -5.0, 3.0; 4
-4.0, -5.0, 3.0; 4
-3.0, -5.0, 3.0; 9
-2.0, -5.0, 3.0; 3
-1.0, -5.0, 3.0; 3
0.0, -5.0, 3.0; 5
1.0, -5.0, 3.0; 7
2.0, -5.0, 3.0; 2
3.0, -5.0, 3.0; 2
4.0, -5.0, 3.0; 2
5.0, -5.0, 3.0; 2
6.0, -5.0, 3.0; 2
7.0, -5.0, 3.0; 1
-9.0, -4.0, 3.0; 9
-8.0, -4.0, 3.0; 8
-7.0, -4.0, 3.0; 19
-6.0, -4.0, 3.0; 22
-5.0, -4.0, 3.0; 5
-4.0, -4.0, 3.0; 4
-3.0, -4.0, 3.0; 5
-2.0, -4.0, 3.0; 6
-1.0, -4.0, 3.0; 2
0.0, -4.0, 3.0; 4
1.0, -4.0, 3.0; 5
2.0, -4.0, 3.0; 2
3.0, -4.0, 3.0; 2
4.0, -4.0, 3.0; 2
6.0, -4.0, 3.0; 2
-9.0, -3.0, 3.0; 4
-8.0, -3.0, 3.0; 1
-7.0, -3.0, 3.0; 14
-6.0, -3.0, 3.0; 33
-5.0, -3.0, 3.0; 9
-4.0, -3.0, 3.0; 6
-3.0, -3.0, 3.0; 5
-2.0, -3.0, 3.0; 5
0.0, -3.0, 3.0; 1
1.0, -3.0, 3.0; 2
2.0, -3.0, 3.0; 1
3.0, -3.0, 3.0; 1
6.0, -3.0, 3.0; 1
8.0, -3.0, 3.0; 1
-10.0, -2.0, 3.0; 2
-9.0, -2.0, 3.0; 3
-8.0, -2.0, 3.0; 3
-7.0, -2.0, 3.0; 11
-6.0, -2.0, 3.0; 41
-5.0, -2.0, 3.0; 23
-4.0, -2.0, 3.0; 8
-3.0, -2.0, 3.0; 3
-1.0, -2.0, 3.0; 5
2.0, -2.0, 3.0; 2
6.0, -2.0, 3.0; 1
-10.0, -1.0, 3.0; 1
-9.0, -1.0, 3.0; 12
-8.0, -1.0, 3.0; 5
-7.0, -1.0, 3.0; 7
-6.0, -1.0, 3.0; 18
-5.0, -1.0, 3.0; 10
-4.0, -1.0, 3.0; 7
-3.0, -1.0, 3.0; 7
-2.0, -1.0, 3.0; 4
-1.0, -1.0, 3.0; 2
0.0, -1.0, 3.0; 4
1.0, -1.0, 3.0; 1
3.0, -1.0, 3.0; 1
5.0, -1.0, 3.0; 1
6.0, -1.0, 3.0; 1
7.0, -1.0, 3.0; 2
-10.0, 0.0, 3.0; 4
-9.0, 0.0, 3.0; 9
-8.0, 0.0, 3.0; 1
-7.0, 0.0, 3.0; 4
-6.0, 0.0, 3.0; 15
-5.0, 0.0, 3.0; 21
-4.0, 0.0, 3.0; 17
-3.0, 0.0, 3.0; 13
-2.0, 0.0, 3.0; 4
4.0, 0.0, 3.0; 1
5.0, 0.0, 3.0; 3
6.0, 0.0, 3.0; 1
-10.0, 1.0, 3.0; 1
-9.0, 1.0, 3.0; 10
-8.0, 1.0, 3.0; 9
-7.0, 1.0, 3.0; 6
-6.0, 1.0, 3.0; 2
-5.0, 1.0, 3.0; 21
-4.0, 1.0, 3.0; 187
-3.0, 1.0, 3.0; 56
-2.0, 1.0, 3.0; 4
0.0, 1.0, 3.0; 1
1.0, 1.0, 3.0; 1
5.0, 1.0, 3.0; 7
6.0, 1.0, 3.0; 4
-9.0, 2.0, 3.0; 13
-8.0, 2.0, 3.0; 11
-7.0, 2.0, 3.0; 14
-6.0, 2.0, 3.0; 4
-5.0, 2.0, 3.0; 12
-4.0, 2.0, 3.0; 248
-3.0, 2.0, 3.0; 134
-2.0, 2.0, 3.0; 12
-1.0, 2.0, 3.0; 9
0.0, 2.0, 3.0; 4
1.0, 2.0, 3.0; 1
2.0, 2.0, 3.0; 14
3.0, 2.0, 3.0; 2
4.0, 2.0, 3.0; 2
5.0, 2.0, 3.0; 4
6.0, 2.0, 3.0; 3
8.0, 2.0, 3.0; 1
-9.0, 3.0, 3.0; 1
-8.0, 3.0, 3.0; 6
-7.0, 3.0, 3.0; 13
-6.0, 3.0, 3.0; 14
-5.0, 3.0, 3.0; 7
-4.0, 3.0, 3.0; 22
-3.0, 3.0, 3.0; 52
-2.0, 3.0, 3.0; 79
-1.0, 3.0, 3.0; 36
0.0, 3.0, 3.0; 19
1.0, 3.0, 3.0; 12
2.0, 3.0, 3.0; 17
3.0, 3.0, 3.0; 9
4.0, 3.0, 3.0; 3
5.0, 3.0, 3.0; 4
6.0, 3.0, 3.0; 1
7.0, 3.0, 3.0; 1
-9.0, 4.0, 3.0; 1
-8.0, 4.0, 3.0; 10
-7.0, 4.0, 3.0; 12
-6.0, 4.0, 3.0; 18
-5.0, 4.0, 3.0; 17
-4.0, 4.0, 3.0; 5
-3.0, 4.0, 3.0; 17
-2.0, 4.0, 3.0; 40
-1.0, 4.0, 3.0; 27
0.0, 4.0, 3.0; 11
1.0, 4.0, 3.0; 14
2.0, 4.0, 3.0; 16
3.0, 4.0, 3.0; 7
4.0, 4.0, 3.0; 2
5.0, 4.0, 3.0; 1
-8.0, 5.0, 3.0; 19
-7.0, 5.0, 3.0; 8
-6.0, 5.0, 3.0; 29
-5.0, 5.0, 3.0; 19
-4.0, 5.0, 3.0; 6
-3.0, 5.0, 3.0; 8
-2.0, 5.0, 3.0; 5
-1.0, 5.0, 3.0; 5
0.0, 5.0, 3.0; 8
1.0, 5.0, 3.0; 16
2.0, 5.0, 3.0; 16
3.0, 5.0, 3.0; 4
4.0, 5.0, 3.0; 15
5.0, 5.0, 3.0; 7
6.0, 5.0, 3.0; 4
7.0, 5.0, 3.0; 2
-8.0, 6.0, 3.0; 4
-7.0, 6.0, 3.0; 9
-6.0, 6.0, 3.0; 21
-5.0, 6.0, 3.0; 27
-4.0, 6.0, 3.0; 27
-3.0, 6.0, 3.0; 14
-2.0, 6.0, 3.0; 10
-1.0, 6.0, 3.0; 9
0.0, 6.0, 3.0; 12
1.0, 6.0, 3.0; 18
2.0, 6.0, 3.0; 17
3.0, 6.0, 3.0; 6
4.0, 6.0, 3.0; 9
5.0, 6.0, 3.0; 5
6.0, 6.0, 3.0; 6
7.0, 6.0, 3.0; 1
-7.0, 7.0, 3.0; 2
-6.0, 7.0, 3.0; 7
-5.0, 7.0, 3.0; 32
-4.0, 7.0, 3.0; 34
-3.0, 7.0, 3.0; 33
-2.0, 7.0, 3.0; 35
-1.0, 7.0, 3.0; 46
0.0, 7.0, 3.0; 46
1.0, 7.0, 3.0; 25
2.0, 7.0, 3.0; 12
3.0, 7.0, 3.0; 7
4.0, 7.0, 3.0; 9
5.0, 7.0, 3.0; 5
-5.0, 8.0, 3.0; 13
-4.0, 8.0, 3.0; 19
-3.0, 8.0, 3.0; 42
-2.0, 8.0, 3.0; 27
-1.0, 8.0, 3.0; 34
0.0, 8.0, 3.0; 28
1.0, 8.0, 3.0; 9
2.0, 8.0, 3.0; 2
3.0, 8.0, 3.0; 2
-3.0, 9.0, 3.0; 6
-2.0, 9.0, 3.0; 5
-1.0, 9.0, 3.0; 5
0.0, 9.0, 3.0; 2
1.0, 9.0, 3.0; 3
2.0, 9.0, 3.0; 1
-4.0, -9.0, 4.0; 2
-3.0, -9.0, 4.0; 3
-2.0, -9.0, 4.0; 7
-1.0, -9.0, 4.0; 4
0.0, -9.0, 4.0; 6
1.0, -9.0, 4.0; 3
2.0, -9.0, 4.0; 5
3.0, -9.0, 4.0; 1
-5.0, -8.0, 4.0; 4
-4.0, -8.0, 4.0; 18
-3.0, -8.0, 4.0; 20
-2.0, -8.0, 4.0; 12
-1.0, -8.0, 4.0; 16
0.0, -8.0, 4.0; 7
1.0, -8.0, 4.0; 4
2.0, -8.0, 4.0; 7
3.0, -8.0, 4.0; 3
4.0, -8.0, 4.0; 5
5.0, -8.0, 4.0; 1
-7.0, -7.0, 4.0; 2
-6.0, -7.0, 4.0; 11
-5.0, -7.0, 4.0; 20
-4.0, -7.0, 4.0; 28
-3.0, -7.0, 4.0; 27
-2.0, -7.0, 4.0; 27
-1.0, -7.0, 4.0; 17
0.0, -7.0, 4.0; 9
1.0, -7.0, 4.0; 2
2.0, -7.0, 4.0; 1
3.0, -7.0, 4.0; 4
4.0, -7.0, 4.0; 2
5.0, -7.0, 4.0; 4
-7.0, -6.0, 4.0; 2
-6.0, -6.0, 4.0; 15
-5.0, -6.0, 4.0; 19
-4.0, -6.0, 4.0; 29
-3.0, -6.0, 4.0; 30
-2.0, -6.0, 4.0; 23
-1.0, -6.0, 4.0; 14
0.0, -6.0, 4.0; 13
1.0, -6.0, 4.0; 6
4.0, -6.0, 4.0; 4
5.0, -6.0, 4.0; 3
6.0, -6.0, 4.0; 2
-8.0, -5.0, 4.0; 9
-7.0, -5.0, 4.0; 7
-6.0, -5.0, 4.0; 11
-5.0, -5.0, 4.0; 31
-4.0, -5.0, 4.0; 19
-3.0, -5.0, 4.0; 15
-2.0, -5.0, 4.0; 19
-1.0, -5.0, 4.0; 14
0.0, -5.0, 4.0; 9
1.0, -5.0, 4.0; 7
2.0, -5.0, 4.0; 1
3.0, -5.0, 4.0; 1
4.0, -5.0, 4.0; 1
5.0, -5.0, 4.0; 5
6.0, -5.0, 4.0; 1
7.0, -5.0, 4.0; 1
-9.0, -4.0, 4.0; 7
-8.0, -4.0, 4.0; 9
-7.0, -4.0, 4.0; 5
-6.0, -4.0, 4.0; 12
-5.0, -4.0, 4.0; 17
-4.0, -4.0, 4.0; 30
-3.0, -4.0, 4.0; 14
-2.0, -4.0, 4.0; 11
-1.0, -4.0, 4.0; 6
0.0, -4.0, 4.0; 7
1.0, -4.0, 4.0; 2
2.0, -4.0, 4.0; 2
3.0, -4.0, 4.0; 1
6.0, -4.0, 4.0; 2
7.0, -4.0, 4.0; 1
-9.0, -3.0, 4.0; 1
-8.0, -3.0, 4.0; 4
-7.0, -3.0, 4.0; 4
-6.0, -3.0, 4.0; 11
-5.0, -3.0, 4.0; 33
-4.0, -3.0, 4.0; 20
-3.0, -3.0, 4.0; 12
-2.0, -3.0, 4.0; 5
-1.0, -3.0, 4.0; 9
0.0, -3.0, 4.0; 2
2.0, -3.0, 4.0; 2
4.0, -3.0, 4.0; 1
7.0, -3.0, 4.0; 1
-9.0, -2.0, 4.0; 7
-8.0, -2.0, 4.0; 9
-7.0, -2.0, 4.0; 7
-6.0, -2.0, 4.0; 10
-5.0, -2.0, 4.0; 27
-4.0, -2.0, 4.0; 13
-3.0, -2.0, 4.0; 6
-2.0, -2.0, 4.0; 5
-1.0, -2.0, 4.0; 15
0.0, -2.0, 4.0; 6
1.0, -2.0, 4.0; 2
-10.0, -1.0, 4.0; 1
-9.0, -1.0, 4.0; 3
-8.0, -1.0, 4.0; 8
-7.0, -1.0, 4.0; 3
-6.0, -1.0, 4.0; 2
-5.0, -1.0, 4.0; 10
-4.0, -1.0, 4.0; 15
-3.0, -1.0, 4.0; 24
-2.0, -1.0, 4.0; 18
-1.0, -1.0, 4.0; 20
0.0, -1.0, 4.0; 22
1.0, -1.0, 4.0; 4
5.0, -1.0, 4.0; 2
6.0, -1.0, 4.0; 1
8.0, -1.0, 4.0; 1
-9.0, 0.0, 4.0; 5
-8.0, 0.0, 4.0; 10
-7.0, 0.0, 4.0; 6
-6.0, 0.0, 4.0; 4
-5.0, 0.0, 4.0; 6
-4.0, 0.0, 4.0; 8
-3.0, 0.0, 4.0; 18
-2.0, 0.0, 4.0; 9
-1.0, 0.0, 4.0; 3
0.0, 0.0, 4.0; 2
1.0, 0.0, 4.0; 2
2.0, 0.0, 4.0; 1
-9.0, 1.0, 4.0; 9
-8.0, 1.0, 4.0; 13
-7.0, 1.0, 4.0; 12
-6.0, 1.0, 4.0; 4
-5.0, 1.0, 4.0; 2
-4.0, 1.0, 4.0; 11
-3.0, 1.0, 4.0; 18
-2.0, 1.0, 4.0; 8
-1.0, 1.0, 4.0; 4
0.0, 1.0, 4.0; 4
1.0, 1.0, 4.0; 3
2.0, 1.0, 4.0; 3
3.0, 1.0, 4.0; 1
4.0, 1.0, 4.0; 3
5.0, 1.0, 4.0; 3
8.0, 1.0, 4.0; 1
-9.0, 2.0, 4.0; 5
-8.0, 2.0, 4.0; 14
-7.0, 2.0, 4.0; 8
-6.0, 2.0, 4.0; 8
-5.0, 2.0, 4.0; 3
-4.0, 2.0, 4.0; 5
-3.0, 2.0, 4.0; 7
-2.0, 2.0, 4.0; 8
-1.0, 2.0, 4.0; 8
0.0, 2.0, 4.0; 22
1.0, 2.0, 4.0; 22
2.0, 2.0, 4.0; 4
3.0, 2.0, 4.0; 4
4.0, 2.0, 4.0; 1
5.0, 2.0, 4.0; 4
6.0, 2.0, 4.0; 2
7.0, 2.0, 4.0; 2
-9.0, 3.0, 4.0; 5
-8.0, 3.0, 4.0; 4
-7.0, 3.0, 4.0; 13
-6.0, 3.0, 4.0; 17
-5.0, 3.0, 4.0; 12
-4.0, 3.0, 4.0; 7
-3.0, 3.0, 4.0; 8
-2.0, 3.0, 4.0; 4
-1.0, 3.0, 4.0; 12
0.0, 3.0, 4.0; 25
1.0, 3.0, 4.0; 25
2.0, 3.0, 4.0; 11
3.0, 3.0, 4.0; 2
6.0, 3.0, 4.0; 2
-8.0, 4.0, 4.0; 6
-7.0, 4.0, 4.0; 13
-6.0, 4.0, 4.0; 14
-5.0, 4.0, 4.0; 18
-4.0, 4.0, 4.0; 16
-3.0, 4.0, 4.0; 13
-2.0, 4.0, 4.0; 4
-1.0, 4.0, 4.0; 5
0.0, 4.0, 4.0; 4
1.0, 4.0, 4.0; 6
2.0, 4.0, 4.0; 3
3.0, 4.0, 4.0; 5
4.0, 4.0, 4.0; 1
5.0, 4.0, 4.0; 1
6.0, 4.0, 4.0; 2
7.0, 4.0, 4.0; 1
-8.0, 5.0, 4.0; 4
-7.0, 5.0, 4.0; 13
-6.0, 5.0, 4.0; 21
-5.0, 5.0, 4.0; 35
-4.0, 5.0, 4.0; 29
-3.0, 5.0, 4.0; 17
-2.0, 5.0, 4.0; 5
-1.0, 5.0, 4.0; 12
0.0, 5.0, 4.0; 8
1.0, 5.0, 4.0; 5
2.0, 5.0, 4.0; 10
3.0, 5.0, 4.0; 6
4.0, 5.0, 4.0; 3
5.0, 5.0, 4.0; 5
6.0, 5.0, 4.0; 3
-7.0, 6.0, 4.0; 5
-6.0, 6.0, 4.0; 8
-5.0, 6.0, 4.0; 44
-4.0, 6.0, 4.0; 46
-3.0, 6.0, 4.0; 31
-2.0, 6.0, 4.0; 36
-1.0, 6.0, 4.0; 22
0.0, 6.0, 4.0; 16
1.0, 6.0, 4.0; 12
2.0, 6.0, 4.0; 11
3.0, 6.0, 4.0; 4
4.0, 6.0, 4.0; 8
5.0, 6.0, 4.0; 5
6.0, 6.0, 4.0; 2
-6.0, 7.0, 4.0; 2
-5.0, 7.0, 4.0; 10
-4.0, 7.0, 4.0; 22
-3.0, 7.0, 4.0; 34
-2.0, 7.0, 4.0; 31
-1.0, 7.0, 4.0; 28
0.0, 7.0, 4.0; 27
1.0, 7.0, 4.0; 14
2.0, 7.0, 4.0; 7
3.0, 7.0, 4.0; 9
4.0, 7.0, 4.0; 1
-5.0, 8.0, 4.0; 1
-4.0, 8.0, 4.0; 8
-3.0, 8.0, 4.0; 20
-2.0, 8.0, 4.0; 19
-1.0, 8.0, 4.0; 8
0.0, 8.0, 4.0; 10
1.0, 8.0, 4.0; 6
-2.0, -9.0, 5.0; 4
0.0, -9.0, 5.0; 1
1.0, -9.0, 5.0; 1
2.0, -9.0, 5.0; 1
-5.0, -8.0, 5.0; 1
-4.0, -8.0, 5.0; 9
-3.0, -8.0, 5.0; 8
-2.0, -8.0, 5.0; 8
-1.0, -8.0, 5.0; 9
0.0, -8.0, 5.0; 7
1.0, -8.0, 5.0; 5
2.0, -8.0, 5.0; 5
3.0, -8.0, 5.0; 6
4.0, -8.0, 5.0; 1
-6.0, -7.0, 5.0; 2
-5.0, -7.0, 5.0; 5
-4.0, -7.0, 5.0; 6
-3.0, -7.0, 5.0; 19
-2.0, -7.0, 5.0; 7
-1.0, -7.0, 5.0; 2
0.0, -7.0, 5.0; 2
1.0, -7.0, 5.0; 6
2.0, -7.0, 5.0; 4
3.0, -7.0, 5.0; 4
-7.0, -6.0, 5.0; 6
-6.0, -6.0, 5.0; 9
-5.0, -6.0, 5.0; 10
-4.0, -6.0, 5.0; 6
-3.0, -6.0, 5.0; 6
-2.0, -6.0, 5.0; 5
-1.0, -6.0, 5.0; 5
0.0, -6.0, 5.0; 4
1.0, -6.0, 5.0; 1
2.0, -6.0, 5.0; 3
3.0, -6.0, 5.0; 2
4.0, -6.0, 5.0; 3
5.0, -6.0, 5.0; 1
-8.0, -5.0, 5.0; 1
-7.0, -5.0, 5.0; 8
-6.0, -5.0, 5.0; 4
-5.0, -5.0, 5.0; 5
-4.0, -5.0, 5.0; 10
-3.0, -5.0, 5.0; 5
-2.0, -5.0, 5.0; 5
-1.0, -5.0, 5.0; 3
0.0, -5.0, 5.0; 3
1.0, -5.0, 5.0; 1
2.0, -5.0, 5.0; 1
3.0, -5.0, 5.0; 3
4.0, -5.0, 5.0; 2
5.0, -5.0, 5.0; 1
6.0, -5.0, 5.0; 1
-8.0, -4.0, 5.0; 7
-7.0, -4.0, 5.0; 9
-6.0, -4.0, 5.0; 7
-5.0, -4.0, 5.0; 4
-4.0, -4.0, 5.0; 7
-3.0, -4.0, 5.0; 13
-2.0, -4.0, 5.0; 16
-1.0, -4.0, 5.0; 4
0.0, -4.0, 5.0; 3
1.0, -4.0, 5.0; 1
3.0, -4.0, 5.0; 1
4.0, -4.0, 5.0; 2
-8.0, -3.0, 5.0; 7
-7.0, -3.0, 5.0; 1
-6.0, -3.0, 5.0; 5
-4.0, -3.0, 5.0; 4
-3.0, -3.0, 5.0; 10
-2.0, -3.0, 5.0; 8
-1.0, -3.0, 5.0; 5
0.0, -3.0, 5.0; 13
1.0, -3.0, 5.0; 2
2.0, -3.0, 5.0; 1
4.0, -3.0, 5.0; 2
-9.0, -2.0, 5.0; 2
-8.0, -2.0, 5.0; 3
-7.0, -2.0, 5.0; 2
-6.0, -2.0, 5.0; 1
-4.0, -2.0, 5.0; 5
-3.0, -2.0, 5.0; 3
-2.0, -2.0, 5.0; 3
-1.0, -2.0, 5.0; 3
0.0, -2.0, 5.0; 6
1.0, -2.0, 5.0; 1
2.0, -2.0, 5.0; 5
3.0, -2.0, 5.0; 1
4.0, -2.0, 5.0; 1
5.0, -2.0, 5.0; 1
-8.0, -1.0, 5.0; 2
-7.0, -1.0, 5.0; 4
-6.0, -1.0, 5.0; 3
-5.0, -1.0, 5.0; 5
-4.0, -1.0, 5.0; 3
-3.0, -1.0, 5.0; 4
-2.0, -1.0, 5.0; 7
-1.0, -1.0, 5.0; 1
0.0, -1.0, 5.0; 5
2.0, -1.0, 5.0; 2
3.0, -1.0, 5.0; 2
5.0, -1.0, 5.0; 2
-8.0, 0.0, 5.0; 4
-7.0, 0.0, 5.0; 5
-6.0, 0.0, 5.0; 8
-5.0, 0.0, 5.0; 5
-4.0, 0.0, 5.0; 5
-3.0, 0.0, 5.0; 5
-2.0, 0.0, 5.0; 4
-1.0, 0.0, 5.0; 7
0.0, 0.0, 5.0; 5
1.0, 0.0, 5.0; 8
2.0, 0.0, 5.0; 1
4.0, 0.0, 5.0; 1
-9.0, 1.0, 5.0; 2
-8.0, 1.0, 5.0; 3
-7.0, 1.0, 5.0; 14
-6.0, 1.0, 5.0; 10
-5.0, 1.0, 5.0; 5
-4.0, 1.0, 5.0; 1
-3.0, 1.0, 5.0; 2
-2.0, 1.0, 5.0; 5
-1.0, 1.0, 5.0; 9
0.0, 1.0, 5.0; 5
1.0, 1.0, 5.0; 4
2.0, 1.0, 5.0; 2
3.0, 1.0, 5.0; 1
4.0, 1.0, 5.0; 1
-8.0, 2.0, 5.0; 8
-7.0, 2.0, 5.0; 10
-6.0, 2.0, 5.0; 6
-5.0, 2.0, 5.0; 4
-4.0, 2.0, 5.0; 8
-3.0, 2.0, 5.0; 8
-2.0, 2.0, 5.0; 7
-1.0, 2.0, 5.0; 28
0.0, 2.0, 5.0; 19
1.0, 2.0, 5.0; 3
2.0, 2.0, 5.0; 3
3.0, 2.0, 5.0; 6
5.0, 2.0, 5.0; 2
6.0, 2.0, 5.0; 1
7.0, 2.0, 5.0; 1
-7.0, 3.0, 5.0; 10
-6.0, 3.0, 5.0; 15
-5.0, 3.0, 5.0; 10
-4.0, 3.0, 5.0; 6
-3.0, 3.0, 5.0; 9
-2.0, 3.0, 5.0; 16
-1.0, 3.0, 5.0; 18
0.0, 3.0, 5.0; 10
1.0, 3.0, 5.0; 1
2.0, 3.0, 5.0; 4
4.0, 3.0, 5.0; 1
5.0, 3.0, 5.0; 2
-7.0, 4.0, 5.0; 7
-6.0, 4.0, 5.0; 19
-5.0, 4.0, 5.0; 10
-4.0, 4.0, 5.0; 11
-3.0, 4.0, 5.0; 10
-2.0, 4.0, 5.0; 4
-1.0, 4.0, 5.0; 3
0.0, 4.0, 5.0; 6
1.0, 4.0, 5.0; 1
2.0, 4.0, 5.0; 4
3.0, 4.0, 5.0; 4
4.0, 4.0, 5.0; 1
5.0, 4.0, 5.0; 2
6.0, 4.0, 5.0; 1
-7.0, 5.0, 5.0; 1
-6.0, 5.0, 5.0; 8
-5.0, 5.0, 5.0; 18
-4.0, 5.0, 5.0; 10
-3.0, 5.0, 5.0; 15
-2.0, 5.0, 5.0; 14
-1.0, 5.0, 5.0; 15
0.0, 5.0, 5.0; 8
1.0, 5.0, 5.0; 6
2.0, 5.0, 5.0; 6
3.0, 5.0, 5.0; 5
4.0, 5.0, 5.0; 3
5.0, 5.0, 5.0; 4
-6.0, 6.0, 5.0; 1
-5.0, 6.0, 5.0; 3
-4.0, 6.0, 5.0; 13
-3.0, 6.0, 5.0; 13
-2.0, 6.0, 5.0; 15
-1.0, 6.0, 5.0; 13
0.0, 6.0, 5.0; 9
1.0, 6.0, 5.0; 8
2.0, 6.0, 5.0; 2
4.0, 6.0, 5.0; 3
5.0, 6.0, 5.0; 3
-5.0, 7.0, 5.0; 1
-4.0, 7.0, 5.0; 5
-3.0, 7.0, 5.0; 8
-2.0, 7.0, 5.0; 9
-1.0, 7.0, 5.0; 9
0.0, 7.0, 5.0; 3
1.0, 7.0, 5.0; 3
2.0, 7.0, 5.0; 1
3.0, 7.0, 5.0; 2
-2.0, 8.0, 5.0; 2
0.0, 8.0, 5.0; 3
1.0, 8.0, 5.0; 1
-3.0, -8.0, 6.0; 1
-2.0, -8.0, 6.0; 1
-1.0, -8.0, 6.0; 1
0.0, -8.0, 6.0; 3
1.0, -8.0, 6.0; 2
2.0, -8.0, 6.0; 1
-5.0, -7.0, 6.0; 1
-4.0, -7.0, 6.0; 10
-3.0, -7.0, 6.0; 14
-2.0, -7.0, 6.0; 3
-1.0, -7.0, 6.0; 4
0.0, -7.0, 6.0; 7
1.0, -7.0, 6.0; 4
2.0, -7.0, 6.0; 3
3.0, -7.0, 6.0; 3
-6.0, -6.0, 6.0; 3
-5.0, -6.0, 6.0; 9
-4.0, -6.0, 6.0; 8
-3.0, -6.0, 6.0; 6
-2.0, -6.0, 6.0; 4
-1.0, -6.0, 6.0; 7
0.0, -6.0, 6.0; 5
1.0, -6.0, 6.0; 2
2.0, -6.0, 6.0; 3
3.0, -6.0, 6.0; 1
4.0, -6.0, 6.0; 1
5.0, -6.0, 6.0; 1
-7.0, -5.0, 6.0; 2
-6.0, -5.0, 6.0; 5
-5.0, -5.0, 6.0; 4
-4.0, -5.0, 6.0; 2
-3.0, -5.0, 6.0; 1
-2.0, -5.0, 6.0; 8
-1.0, -5.0, 6.0; 2
0.0, -5.0, 6.0; 1
1.0, -5.0, 6.0; 1
2.0, -5.0, 6.0; 2
3.0, -5.0, 6.0; 2
5.0, -5.0, 6.0; 1
6.0, -5.0, 6.0; 1
-6.0, -4.0, 6.0; 3
-5.0, -4.0, 6.0; 7
-4.0, -4.0, 6.0; 3
-3.0, -4.0, 6.0; 6
-2.0, -4.0, 6.0; 4
-1.0, -4.0, 6.0; 5
2.0, -4.0, 6.0; 1
4.0, -4.0, 6.0; 1
-8.0, -3.0, 6.0; 2
-6.0, -3.0, 6.0; 1
-5.0, -3.0, 6.0; 3
-4.0, -3.0, 6.0; 4
-3.0, -3.0, 6.0; 4
-2.0, -3.0, 6.0; 7
-1.0, -3.0, 6.0; 3
0.0, -3.0, 6.0; 1
1.0, -3.0, 6.0; 1
2.0, -3.0, 6.0; 2
3.0, -3.0, 6.0; 2
4.0, -3.0, 6.0; 1
-8.0, -2.0, 6.0; 2
-7.0, -2.0, 6.0; 2
-6.0, -2.0, 6.0; 5
-5.0, -2.0, 6.0; 1
-4.0, -2.0, 6.0; 3
-3.0, -2.0, 6.0; 2
-2.0, -2.0, 6.0; 4
-1.0, -2.0, 6.0; 6
0.0, -2.0, 6.0; 8
1.0, -2.0, 6.0; 2
2.0, -2.0, 6.0; 2
-8.0, -1.0, 6.0; 1
-7.0, -1.0, 6.0; 6
-5.0, -1.0, 6.0; 4
-4.0, -1.0, 6.0; 1
-2.0, -1.0, 6.0; 3
-1.0, -1.0, 6.0; 3
0.0, -1.0, 6.0; 18
1.0, -1.0, 6.0; 2
6.0, -1.0, 6.0; 2
-7.0, 0.0, 6.0; 5
-6.0, 0.0, 6.0; 2
-5.0, 0.0, 6.0; 5
-4.0, 0.0, 6.0; 1
-3.0, 0.0, 6.0; 4
-1.0, 0.0, 6.0; 7
0.0, 0.0, 6.0; 4
1.0, 0.0, 6.0; 3
-7.0, 1.0, 6.0; 5
-6.0, 1.0, 6.0; 6
-5.0, 1.0, 6.0; 5
-4.0, 1.0, 6.0; 3
-3.0, 1.0, 6.0; 4
-2.0, 1.0, 6.0; 1
-1.0, 1.0, 6.0; 4
0.0, 1.0, 6.0; 6
1.0, 1.0, 6.0; 2
2.0, 1.0, 6.0; 2
3.0, 1.0, 6.0; 2
4.0, 1.0, 6.0; 2
-7.0, 2.0, 6.0; 6
-6.0, 2.0, 6.0; 13
-5.0, 2.0, 6.0; 10
-4.0, 2.0, 6.0; 5
-3.0, 2.0, 6.0; 5
-2.0, 2.0, 6.0; 5
-1.0, 2.0, 6.0; 5
0.0, 2.0, 6.0; 3
1.0, 2.0, 6.0; 5
2.0, 2.0, 6.0; 1
3.0, 2.0, 6.0; 1
6.0, 2.0, 6.0; 1
-7.0, 3.0, 6.0; 3
-6.0, 3.0, 6.0; 8
-5.0, 3.0, 6.0; 12
-4.0, 3.0, 6.0; 6
-3.0, 3.0, 6.0; 5
-2.0, 3.0, 6.0; 3
-1.0, 3.0, 6.0; 7
0.0, 3.0, 6.0; 5
1.0, 3.0, 6.0; 3
2.0, 3.0, 6.0; 6
3.0, 3.0, 6.0; 1
4.0, 3.0, 6.0; 2
-6.0, 4.0, 6.0; 3
-5.0, 4.0, 6.0; 4
-4.0, 4.0, 6.0; 9
-3.0, 4.0, 6.0; 11
-2.0, 4.0, 6.0; 2
-1.0, 4.0, 6.0; 7
0.0, 4.0, 6.0; 6
1.0, 4.0, 6.0; 1
2.0, 4.0, 6.0; 1
3.0, 4.0, 6.0; 1
-5.0, 5.0, 6.0; 5
-4.0, 5.0, 6.0; 8
-3.0, 5.0, 6.0; 10
-2.0, 5.0, 6.0; 12
-1.0, 5.0, 6.0; 12
0.0, 5.0, 6.0; 4
1.0, 5.0, 6.0; 3
2.0, 5.0, 6.0; 1
3.0, 5.0, 6.0; 1
4.0, 5.0, 6.0; 1
-5.0, 6.0, 6.0; 1
-4.0, 6.0, 6.0; 4
-3.0, 6.0, 6.0; 5
-2.0, 6.0, 6.0; 11
-1.0, 6.0, 6.0; 2
0.0, 6.0, 6.0; 3
1.0, 6.0, 6.0; 3
2.0, 6.0, 6.0; 2
0.0, 7.0, 6.0; 3
1.0, 7.0, 6.0; 3
2.0, 7.0, 6.0; 1
-3.0, -7.0, 7.0; 2
-2.0, -7.0, 7.0; 1
-1.0, -7.0, 7.0; 3
0.0, -7.0, 7.0; 7
1.0, -7.0, 7.0; 1
-5.0, -6.0, 7.0; 2
-4.0, -6.0, 7.0; 1
-3.0, -6.0, 7.0; 6
-2.0, -6.0, 7.0; 3
-1.0, -6.0, 7.0; 3
0.0, -6.0, 7.0; 4
1.0, -6.0, 7.0; 1
2.0, -6.0, 7.0; 2
3.0, -6.0, 7.0; 1
-6.0, -5.0, 7.0; 1
-5.0, -5.0, 7.0; 8
-4.0, -5.0, 7.0; 6
-3.0, -5.0, 7.0; 6
-2.0, -5.0, 7.0; 4
-1.0, -5.0, 7.0; 4
0.0, -5.0, 7.0; 1
1.0, -5.0, 7.0; 1
2.0, -5.0, 7.0; 1
3.0, -5.0, 7.0; 2
5.0, -5.0, 7.0; 1
-6.0, -4.0, 7.0; 3
-5.0, -4.0, 7.0; 2
-4.0, -4.0, 7.0; 7
-3.0, -4.0, 7.0; 1
-2.0, -4.0, 7.0; 3
-1.0, -4.0, 7.0; 2
0.0, -4.0, 7.0; 4
1.0, -4.0, 7.0; 1
2.0, -4.0, 7.0; 1
3.0, -4.0, 7.0; 1
4.0, -4.0, 7.0; 1
-6.0, -3.0, 7.0; 4
-5.0, -3.0, 7.0; 4
-4.0, -3.0, 7.0; 3
-3.0, -3.0, 7.0; 1
-2.0, -3.0, 7.0; 1
-1.0, -3.0, 7.0; 1
1.0, -3.0, 7.0; 1
4.0, -3.0, 7.0; 1
-7.0, -2.0, 7.0; 4
-6.0, -2.0, 7.0; 3
-5.0, -2.0, 7.0; 1
-4.0, -2.0, 7.0; 2
-3.0, -2.0, 7.0; 4
-2.0, -2.0, 7.0; 3
-1.0, -2.0, 7.0; 2
0.0, -2.0, 7.0; 2
1.0, -2.0, 7.0; 3
4.0, -2.0, 7.0; 2
5.0, -2.0, 7.0; 1
-7.0, -1.0, 7.0; 2
-6.0, -1.0, 7.0; 3
-5.0, -1.0, 7.0; 1
-4.0, -1.0, 7.0; 4
-3.0, -1.0, 7.0; 2
-2.0, -1.0, 7.0; 1
-1.0, -1.0, 7.0; 3
0.0, -1.0, 7.0; 8
-7.0, 0.0, 7.0; 1
-6.0, 0.0, 7.0; 2
-5.0, 0.0, 7.0; 2
-4.0, 0.0, 7.0; 3
-3.0, 0.0, 7.0; 8
-2.0, 0.0, 7.0; 1
-1.0, 0.0, 7.0; 1
0.0, 0.0, 7.0; 1
-7.0, 1.0, 7.0; 2
-6.0, 1.0, 7.0; 3
-5.0, 1.0, 7.0; 3
-4.0, 1.0, 7.0; 7
-3.0, 1.0, 7.0; 7
-2.0, 1.0, 7.0; 4
-1.0, 1.0, 7.0; 2
0.0, 1.0, 7.0; 2
1.0, 1.0, 7.0; 1
3.0, 1.0, 7.0; 1
-7.0, 2.0, 7.0; 2
-6.0, 2.0, 7.0; 3
-5.0, 2.0, 7.0; 1
-4.0, 2.0, 7.0; 4
-3.0, 2.0, 7.0; 9
-2.0, 2.0, 7.0; 3
-1.0, 2.0, 7.0; 2
0.0, 2.0, 7.0; 6
1.0, 2.0, 7.0; 6
2.0, 2.0, 7.0; 1
3.0, 2.0, 7.0; 2
-7.0, 3.0, 7.0; 1
-6.0, 3.0, 7.0; 3
-5.0, 3.0, 7.0; 5
-4.0, 3.0, 7.0; 6
-3.0, 3.0, 7.0; 8
-2.0, 3.0, 7.0; 9
-1.0, 3.0, 7.0; 8
0.0, 3.0, 7.0; 4
1.0, 3.0, 7.0; 2
2.0, 3.0, 7.0; 1
3.0, 3.0, 7.0; 1
4.0, 3.0, 7.0; 1
-5.0, 4.0, 7.0; 4
-4.0, 4.0, 7.0; 3
-3.0, 4.0, 7.0; 5
-2.0, 4.0, 7.0; 3
-1.0, 4.0, 7.0; 2
0.0, 4.0, 7.0; 5
1.0, 4.0, 7.0; 1
2.0, 4.0, 7.0; 4
3.0, 4.0, 7.0; 1
4.0, 4.0, 7.0; 1
-4.0, 5.0, 7.0; 10
-3.0, 5.0, 7.0; 3
-2.0, 5.0, 7.0; 4
-1.0, 5.0, 7.0; 2
0.0, 5.0, 7.0; 2
1.0, 5.0, 7.0; 1
2.0, 5.0, 7.0; 3
3.0, 5.0, 7.0; 1
-3.0, 6.0, 7.0; 2
-2.0, 6.0, 7.0; 1
-1.0, 6.0, 7.0; 1
1.0, 6.0, 7.0; 1
-1.0, -6.0, 8.0; 1
-4.0, -5.0, 8.0; 3
-3.0, -5.0, 8.0; 1
-2.0, -5.0, 8.0; 4
-1.0, -5.0, 8.0; 3
0.0, -5.0, 8.0; 1
1.0, -5.0, 8.0; 1
-5.0, -4.0, 8.0; 2
-4.0, -4.0, 8.0; 2
-3.0, -4.0, 8.0; 2
-2.0, -4.0, 8.0; 2
-1.0, -4.0, 8.0; 2
4.0, -4.0, 8.0; 1
-5.0, -3.0, 8.0; 3
-4.0, -3.0, 8.0; 1
-3.0, -3.0, 8.0; 1
0.0, -3.0, 8.0; 1
3.0, -3.0, 8.0; 1
-5.0, -2.0, 8.0; 1
-3.0, -2.0, 8.0; 1
-2.0, -2.0, 8.0; 2
0.0, -2.0, 8.0; 1
4.0, -2.0, 8.0; 1
-5.0, -1.0, 8.0; 2
-4.0, -1.0, 8.0; 4
-3.0, -1.0, 8.0; 4
-2.0, -1.0, 8.0; 2
-1.0, -1.0, 8.0; 1
-5.0, 0.0, 8.0; 3
-4.0, 0.0, 8.0; 1
-3.0, 0.0, 8.0; 2
-2.0, 0.0, 8.0; 1
-1.0, 0.0, 8.0; 1
1.0, 0.0, 8.0; 1
2.0, 0.0, 8.0; 1
4.0, 0.0, 8.0; 1
-6.0, 1.0, 8.0; 1
-4.0, 1.0, 8.0; 3
-3.0, 1.0, 8.0; 5
-2.0, 1.0, 8.0; 3
1.0, 1.0, 8.0; 1
-5.0, 2.0, 8.0; 2
-4.0, 2.0, 8.0; 1
-3.0, 2.0, 8.0; 2
-2.0, 2.0, 8.0; 1
-1.0, 2.0, 8.0; 1
1.0, 2.0, 8.0; 1
-4.0, 3.0, 8.0; 6
-3.0, 3.0, 8.0; 1
-2.0, 3.0, 8.0; 2
-1.0, 3.0, 8.0; 2
0.0, 3.0, 8.0; 1
1.0, 3.0, 8.0; 3
-4.0, 4.0, 8.0; 1
-3.0, 4.0, 8.0; 6
1.0, 4.0, 8.0; 2
2.0, 4.0, 8.0; 1
-2.0, 5.0, 8.0; 1
1.0, 5.0, 8.0; 1
-2.0, -4.0, 9.0; 1
-1.0, -4.0, 9.0; 1
0.0, -4.0, 9.0; 1
1.0, -4.0, 9.0; 1
-3.0, -3.0, 9.0; 1
-2.0, -3.0, 9.0; 1
-1.0, -3.0, 9.0; 1
-4.0, -2.0, 9.0; 1
1.0, -2.0, 9.0; 1
-3.0, -1.0, 9.0; 2
-2.0, -1.0, 9.0; 1
-3.0, 1.0, 9.0; 1
-1.0, 1.0, 9.0; 2
-2.0, 2.0, 9.0; 3
0.0, 2.0, 9.0; 1
-3.0, 3.0, 9.0; 1
-1.0, -5.0, -10.0; 1
-2.0, -4.0, -10.0; 2
-1.0, -4.0, -10.0; 6
0.0, -4.0, -10.0; 4
-3.0, -3.0, -10.0; 2
-2.0, -3.0, -10.0; 3
-1.0, -3.0, -10.0; 7
0.0, -3.0, -10.0; 8
1.0, -3.0, -10.0; 10
2.0, -3.0, -10.0; 2
-4.0, -2.0, -10.0; 2
-3.0, -2.0, -10.0; 1
-2.0, -2.0, -10.0; 7
-1.0, -2.0, -10.0; 6
0.0, -2.0, -10.0; 9
1.0, -2.0, -10.0; 3
2.0, -2.0, -10.0; 4
3.0, -2.0, -10.0; 3
-4.0, -1.0, -10.0; 1
-3.0, -1.0, -10.0; 2
-2.0, -1.0, -10.0; 4
-1.0, -1.0, -10.0; 5
0.0, -1.0, -10.0; 6
1.0, -1.0, -10.0; 3
2.0, -1.0, -10.0; 2
3.0, -1.0, -10.0; 1
-4.0, 0.0, -10.0; 3
-3.0, 0.0, -10.0; 3
-2.0, 0.0, -10.0; 5
-1.0, 0.0, -10.0; 3
0.0, 0.0, -10.0; 6
1.0, 0.0, -10.0; 3
2.0, 0.0, -10.0; 1
3.0, 0.0, -10.0; 1
-4.0, 1.0, -10.0; 1
-3.0, 1.0, -10.0; 3
-2.0, 1.0, -10.0; 3
-1.0, 1.0, -10.0; 2
0.0, 1.0, -10.0; 1
1.0, 1.0, -10.0; 1
2.0, 1.0, -10.0; 3
3.0, 1.0, -10.0; 1
-2.0, 2.0, -10.0; 2
0.0, 2.0, -10.0; 2
1.0, 2.0, -10.0; 1
3.0, 2.0, -10.0; 2
-2.0, 3.0, -10.0; 1
0.0, 3.0, -10.0; 1
1.0, 3.0, -10.0; 2
2.0, 3.0, -10.0; 1
-2.0, -6.0, -9.0; 5
-1.0, -6.0, -9.0; 7
0.0, -6.0, -9.0; 7
1.0, -6.0, -9.0; 7
2.0, -6.0, -9.0; 1
-4.0, -5.0, -9.0; 1
-3.0, -5.0, -9.0; 4
-2.0, -5.0, -9.0; 6
-1.0, -5.0, -9.0; 10
0.0, -5.0, -9.0; 9
1.0, -5.0, -9.0; 8
2.0, -5.0, -9.0; 5
-5.0, -4.0, -9.0; 1
-3.0, -4.0, -9.0; 6
-2.0, -4.0, -9.0; 3
-1.0, -4.0, -9.0; 6
0.0, -4.0, -9.0; 9
1.0, -4.0, -9.0; 18
2.0, -4.0, -9.0; 13
3.0, -4.0, -9.0; 3
-5.0, -3.0, -9.0; 1
-4.0, -3.0, -9.0; 3
-3.0, -3.0, -9.0; 7
-2.0, -3.0, -9.0; 5
-1.0, -3.0, -9.0; 4
0.0, -3.0, -9.0; 12
1.0, -3.0, -9.0; 12
2.0, -3.0, -9.0; 13
3.0, -3.0, -9.0; 4
-6.0, -2.0, -9.0; 3
-5.0, -2.0, -9.0; 1
-4.0, -2.0, -9.0; 1
-3.0, -2.0, -9.0; 5
-2.0, -2.0, -9.0; 2
-1.0, -2.0, -9.0; 5
0.0, -2.0, -9.0; 7
1.0, -2.0, -9.0; 10
2.0, -2.0, -9.0; 12
3.0, -2.0, -9.0; 1
-6.0, -1.0, -9.0; 2
-5.0, -1.0, -9.0; 3
-4.0, -1.0, -9.0; 8
-3.0, -1.0, -9.0; 4
-2.0, -1.0, -9.0; 7
-1.0, -1.0, -9.0; 8
0.0, -1.0, -9.0; 7
1.0, -1.0, -9.0; 11
2.0, -1.0, -9.0; 9
3.0, -1.0, -9.0; 4
4.0, -1.0, -9.0; 2
5.0, -1.0, -9.0; 2
-6.0, 0.0, -9.0; 1
-5.0, 0.0, -9.0; 5
-4.0, 0.0, -9.0; 17
-3.0, 0.0, -9.0; 14
-2.0, 0.0, -9.0; 8
-1.0, 0.0, -9.0; 10
0.0, 0.0, -9.0; 7
1.0, 0.0, -9.0; 7
2.0, 0.0, -9.0; 5
3.0, 0.0, -9.0; 6
4.0, 0.0, -9.0; 3
5.0, 0.0, -9.0; 1
-5.0, 1.0, -9.0; 6
-4.0, 1.0, -9.0; 13
-3.0, 1.0, -9.0; 18
-2.0, 1.0, -9.0; 12
-1.0, 1.0, -9.0; 15
0.0, 1.0, -9.0; 9
1.0, 1.0, -9.0; 4
2.0, 1.0, -9.0; 11
3.0, 1.0, -9.0; 3
4.0, 1.0, -9.0; 2
5.0, 1.0, -9.0; 2
-5.0, 2.0, -9.0; 4
-4.0, 2.0, -9.0; 17
-3.0, 2.0, -9.0; 17
-2.0, 2.0, -9.0; 18
-1.0, 2.0, -9.0; 8
0.0, 2.0, -9.0; 31
1.0, 2.0, -9.0; 20
2.0, 2.0, -9.0; 8
3.0, 2.0, -9.0; 7
4.0, 2.0, -9.0; 2
-5.0, 3.0, -9.0; 1
-4.0, 3.0, -9.0; 6
-3.0, 3.0, -9.0; 9
-2.0, 3.0, -9.0; 14
-1.0, 3.0, -9.0; 21
0.0, 3.0, -9.0; 21
1.0, 3.0, -9.0; 16
2.0, 3.0, -9.0; 7
3.0, 3.0, -9.0; 5
-4.0, 4.0, -9.0; 4
-3.0, 4.0, -9.0; 1
-2.0, 4.0, -9.0; 4
-1.0, 4.0, -9.0; 14
0.0, 4.0, -9.0; 5
1.0, 4.0, -9.0; 3
2.0, 4.0, -9.0; 2
-1.0, 5.0, -9.0; 1
-1.0, -8.0, -8.0; 1
-3.0, -7.0, -8.0; 1
-2.0, -7.0, -8.0; 2
-1.0, -7.0, -8.0; 13
0.0, -7.0, -8.0; 12
1.0, -7.0, -8.0; 29
2.0, -7.0, -8.0; 5
3.0, -7.0, -8.0; 1
-4.0, -6.0, -8.0; 1
-3.0, -6.0, -8.0; 2
-2.0, -6.0, -8.0; 11
-1.0, -6.0, -8.0; 9
0.0, -6.0, -8.0; 14
1.0, -6.0, -8.0; 34
2.0, -6.0, -8.0; 7
3.0, -6.0, -8.0; 2
4.0, -6.0, -8.0; 1
-5.0, -5.0, -8.0; 1
-4.0, -5.0, -8.0; 2
-3.0, -5.0, -8.0; 7
-2.0, -5.0, -8.0; 7
-1.0, -5.0, -8.0; 7
0.0, -5.0, -8.0; 4
1.0, -5.0, -8.0; 11
2.0, -5.0, -8.0; 11
3.0, -5.0, -8.0; 10
5.0, -5.0, -8.0; 2
-5.0, -4.0, -8.0; 7
-4.0, -4.0, -8.0; 11
-3.0, -4.0, -8.0; 13
-2.0, -4.0, -8.0; 9
-1.0, -4.0, -8.0; 11
0.0, -4.0, -8.0; 5
1.0, -4.0, -8.0; 5
2.0, -4.0, -8.0; 14
3.0, -4.0, -8.0; 7
4.0, -4.0, -8.0; 2
5.0, -4.0, -8.0; 3
-7.0, -3.0, -8.0; 2
-6.0, -3.0, -8.0; 2
-5.0, -3.0, -8.0; 8
-4.0, -3.0, -8.0; 17
-3.0, -3.0, -8.0; 16
-2.0, -3.0, -8.0; 3
-1.0, -3.0, -8.0; 5
0.0, -3.0, -8.0; 6
2.0, -3.0, -8.0; 9
3.0, -3.0, -8.0; 20
4.0, -3.0, -8.0; 1
-7.0, -2.0, -8.0; 3
-6.0, -2.0, -8.0; 3
-5.0, -2.0, -8.0; 7
-4.0, -2.0, -8.0; 18
-3.0, -2.0, -8.0; 16
-2.0, -2.0, -8.0; 14
-1.0, -2.0, -8.0; 5
0.0, -2.0, -8.0; 3
1.0, -2.0, -8.0; 3
2.0, -2.0, -8.0; 20
3.0, -2.0, -8.0; 17
4.0, -2.0, -8.0; 2
5.0, -2.0, -8.0; 1
6.0, -2.0, -8.0; 2
-7.0, -1.0, -8.0; 5
-6.0, -1.0, -8.0; 5
-5.0, -1.0, -8.0; 8
-4.0, -1.0, -8.0; 19
-3.0, -1.0, -8.0; 12
-2.0, -1.0, -8.0; 5
-1.0, -1.0, -8.0; 4
0.0, -1.0, -8.0; 6
1.0, -1.0, -8.0; 6
2.0, -1.0, -8.0; 21
3.0, -1.0, -8.0; 15
4.0, -1.0, -8.0; 2
5.0, -1.0, -8.0; 1
6.0, -1.0, -8.0; 4
-7.0, 0.0, -8.0; 5
-6.0, 0.0, -8.0; 10
-5.0, 0.0, -8.0; 13
-4.0, 0.0, -8.0; 13
-3.0, 0.0, -8.0; 4
-2.0, 0.0, -8.0; 11
-1.0, 0.0, -8.0; 11
0.0, 0.0, -8.0; 7
1.0, 0.0, -8.0; 19
2.0, 0.0, -8.0; 15
3.0, 0.0, -8.0; 8
4.0, 0.0, -8.0; 2
5.0, 0.0, -8.0; 4
6.0, 0.0, -8.0; 1
-7.0, 1.0, -8.0; 3
-6.0, 1.0, -8.0; 7
-5.0, 1.0, -8.0; 24
-4.0, 1.0, -8.0; 16
-3.0, 1.0, -8.0; 15
-2.0, 1.0, -8.0; 15
-1.0, 1.0, -8.0; 11
0.0, 1.0, -8.0; 6
1.0, 1.0, -8.0; 11
2.0, 1.0, -8.0; 13
3.0, 1.0, -8.0; 5
4.0, 1.0, -8.0; 5
5.0, 1.0, -8.0; 5
6.0, 1.0, -8.0; 2
-7.0, 2.0, -8.0; 2
-6.0, 2.0, -8.0; 11
-5.0, 2.0, -8.0; 11
-4.0, 2.0, -8.0; 20
-3.0, 2.0, -8.0; 7
-2.0, 2.0, -8.0; 7
-1.0, 2.0, -8.0; 12
0.0, 2.0, -8.0; 3
1.0, 2.0, -8.0; 8
2.0, 2.0, -8.0; 15
3.0, 2.0, -8.0; 6
4.0, 2.0, -8.0; 4
5.0, 2.0, -8.0; 4
-7.0, 3.0, -8.0; 2
-6.0, 3.0, -8.0; 5
-5.0, 3.0, -8.0; 13
-4.0, 3.0, -8.0; 10
-3.0, 3.0, -8.0; 11
-2.0, 3.0, -8.0; 7
-1.0, 3.0, -8.0; 10
0.0, 3.0, -8.0; 12
1.0, 3.0, -8.0; 22
2.0, 3.0, -8.0; 7
3.0, 3.0, -8.0; 2
4.0, 3.0, -8.0; 3
5.0, 3.0, -8.0; 1
-6.0, 4.0, -8.0; 1
-5.0, 4.0, -8.0; 7
-4.0, 4.0, -8.0; 16
-3.0, 4.0, -8.0; 12
-2.0, 4.0, -8.0; 18
-1.0, 4.0, -8.0; 15
0.0, 4.0, -8.0; 17
1.0, 4.0, -8.0; 14
2.0, 4.0, -8.0; 6
3.0, 4.0, -8.0; 4
-5.0, 5.0, -8.0; 1
-4.0, 5.0, -8.0; 2
-3.0, 5.0, -8.0; 2
-2.0, 5.0, -8.0; 15
-1.0, 5.0, -8.0; 9
0.0, 5.0, -8.0; 5
1.0, 5.0, -8.0; 2
2.0, 5.0, -8.0; 3
3.0, 5.0, -8.0; 1
-3.0, 6.0, -8.0; 3
-1.0, 6.0, -8.0; 5
0.0, 6.0, -8.0; 2
1.0, 6.0, -8.0; 4
-2.0, -8.0, -7.0; 11
-1.0, -8.0, -7.0; 23
0.0, -8.0, -7.0; 17
1.0, -8.0, -7.0; 11
2.0, -8.0, -7.0; 6
3.0, -8.0, -7.0; 1
-4.0, -7.0, -7.0; 1
-3.0, -7.0, -7.0; 13
-2.0, -7.0, -7.0; 30
-1.0, -7.0, -7.0; 25
0.0, -7.0, -7.0; 27
1.0, -7.0, -7.0; 31
2.0, -7.0, -7.0; 20
3.0, -7.0, -7.0; 7
-6.0, -6.0, -7.0; 2
-5.0, -6.0, -7.0; 11
-4.0, -6.0, -7.0; 14
-3.0, -6.0, -7.0; 8
-2.0, -6.0, -7.0; 11
-1.0, -6.0, -7.0; 10
0.0, -6.0, -7.0; 12
1.0, -6.0, -7.0; 34
2.0, -6.0, -7.0; 18
3.0, -6.0, -7.0; 27
4.0, -6.0, -7.0; 10
5.0, -6.0, -7.0; 3
-6.0, -5.0, -7.0; 2
-5.0, -5.0, -7.0; 19
-4.0, -5.0, -7.0; 24
-3.0, -5.0, -7.0; 3
-2.0, -5.0, -7.0; 7
-1.0, -5.0, -7.0; 6
0.0, -5.0, -7.0; 4
1.0, -5.0, -7.0; 3
2.0, -5.0, -7.0; 9
3.0, -5.0, -7.0; 16
4.0, -5.0, -7.0; 16
5.0, -5.0, -7.0; 2
6.0, -5.0, -7.0; 2
-7.0, -4.0, -7.0; 2
-6.0, -4.0, -7.0; 6
-5.0, -4.0, -7.0; 12
-4.0, -4.0, -7.0; 5
-3.0, -4.0, -7.0; 12
-2.0, -4.0, -7.0; 20
-1.0, -4.0, -7.0; 5
0.0, -4.0, -7.0; 2
1.0, -4.0, -7.0; 1
2.0, -4.0, -7.0; 3
3.0, -4.0, -7.0; 5
4.0, -4.0, -7.0; 11
5.0, -4.0, -7.0; 3
-7.0, -3.0, -7.0; 6
-6.0, -3.0, -7.0; 7
-5.0, -3.0, -7.0; 23
-4.0, -3.0, -7.0; 9
-3.0, -3.0, -7.0; 8
-2.0, -3.0, -7.0; 3
-1.0, -3.0, -7.0; 3
0.0, -3.0, -7.0; 4
1.0, -3.0, -7.0; 3
2.0, -3.0, -7.0; 2
3.0, -3.0, -7.0; 1
4.0, -3.0, -7.0; 4
5.0, -3.0, -7.0; 1
6.0, -3.0, -7.0; 4
-8.0, -2.0, -7.0; 2
-7.0, -2.0, -7.0; 6
-6.0, -2.0, -7.0; 12
-5.0, -2.0, -7.0; 17
-4.0, -2.0, -7.0; 9
-3.0, -2.0, -7.0; 4
-2.0, -2.0, -7.0; 16
-1.0, -2.0, -7.0; 12
0.0, -2.0, -7.0; 7
1.0, -2.0, -7.0; 4
2.0, -2.0, -7.0; 2
3.0, -2.0, -7.0; 3
4.0, -2.0, -7.0; 4
6.0, -2.0, -7.0; 1
7.0, -2.0, -7.0; 1
-8.0, -1.0, -7.0; 3
-7.0, -1.0, -7.0; 8
-6.0, -1.0, -7.0; 13
-5.0, -1.0, -7.0; 19
-4.0, -1.0, -7.0; 9
-3.0, -1.0, -7.0; 8
-2.0, -1.0, -7.0; 4
-1.0, -1.0, -7.0; 11
0.0, -1.0, -7.0; 1
1.0, -1.0, -7.0; 3
2.0, -1.0, -7.0; 4
3.0, -1.0, -7.0; 11
4.0, -1.0, -7.0; 3
5.0, -1.0, -7.0; 5
6.0, -1.0, -7.0; 2
7.0, -1.0, -7.0; 2
-8.0, 0.0, -7.0; 2
-7.0, 0.0, -7.0; 15
-6.0, 0.0, -7.0; 15
-5.0, 0.0, -7.0; 14
-4.0, 0.0, -7.0; 4
-3.0, 0.0, -7.0; 2
-2.0, 0.0, -7.0; 3
-1.0, 0.0, -7.0; 4
0.0, 0.0, -7.0; 3
1.0, 0.0, -7.0; 5
2.0, 0.0, -7.0; 11
3.0, 0.0, -7.0; 7
4.0, 0.0, -7.0; 2
5.0, 0.0, -7.0; 4
6.0, 0.0, -7.0; 1
7.0, 0.0, -7.0; 1
-8.0, 1.0, -7.0; 3
-7.0, 1.0, -7.0; 20
-6.0, 1.0, -7.0; 12
-5.0, 1.0, -7.0; 12
-3.0, 1.0, -7.0; 2
-2.0, 1.0, -7.0; 4
-1.0, 1.0, -7.0; 1
0.0, 1.0, -7.0; 6
1.0, 1.0, -7.0; 8
2.0, 1.0, -7.0; 5
3.0, 1.0, -7.0; 7
4.0, 1.0, -7.0; 4
5.0, 1.0, -7.0; 3
6.0, 1.0, -7.0; 1
-8.0, 2.0, -7.0; 4
-7.0, 2.0, -7.0; 11
-6.0, 2.0, -7.0; 10
-5.0, 2.0, -7.0; 10
-4.0, 2.0, -7.0; 4
-3.0, 2.0, -7.0; 3
-2.0, 2.0, -7.0; 4
-1.0, 2.0, -7.0; 1
0.0, 2.0, -7.0; 3
1.0, 2.0, -7.0; 3
2.0, 2.0, -7.0; 8
3.0, 2.0, -7.0; 13
4.0, 2.0, -7.0; 5
5.0, 2.0, -7.0; 3
6.0, 2.0, -7.0; 2
-7.0, 3.0, -7.0; 5
-6.0, 3.0, -7.0; 17
-5.0, 3.0, -7.0; 20
-4.0, 3.0, -7.0; 2
-3.0, 3.0, -7.0; 1
-2.0, 3.0, -7.0; 1
-1.0, 3.0, -7.0; 2
0.0, 3.0, -7.0; 1
1.0, 3.0, -7.0; 4
2.0, 3.0, -7.0; 7
3.0, 3.0, -7.0; 4
4.0, 3.0, -7.0; 5
5.0, 3.0, -7.0; 6
6.0, 3.0, -7.0; 1
-7.0, 4.0, -7.0; 4
-6.0, 4.0, -7.0; 15
-5.0, 4.0, -7.0; 18
-4.0, 4.0, -7.0; 10
-3.0, 4.0, -7.0; 6
-2.0, 4.0, -7.0; 6
-1.0, 4.0, -7.0; 7
0.0, 4.0, -7.0; 5
1.0, 4.0, -7.0; 6
2.0, 4.0, -7.0; 2
3.0, 4.0, -7.0; 6
4.0, 4.0, -7.0; 2
6.0, 4.0, -7.0; 1
-6.0, 5.0, -7.0; 3
-5.0, 5.0, -7.0; 5
-4.0, 5.0, -7.0; 16
-3.0, 5.0, -7.0; 7
-2.0, 5.0, -7.0; 14
-1.0, 5.0, -7.0; 16
0.0, 5.0, -7.0; 10
1.0, 5.0, -7.0; 19
2.0, 5.0, -7.0; 3
3.0, 5.0, -7.0; 4
4.0, 5.0, -7.0; 5
-5.0, 6.0, -7.0; 2
-4.0, 6.0, -7.0; 4
-3.0, 6.0, -7.0; 5
-2.0, 6.0, -7.0; 6
-1.0, 6.0, -7.0; 8
0.0, 6.0, -7.0; 11
1.0, 6.0, -7.0; 6
2.0, 6.0, -7.0; 5
4.0, 6.0, -7.0; 2
-4.0, 7.0, -7.0; 1
-3.0, 7.0, -7.0; 2
-2.0, 7.0, -7.0; 2
-1.0, 7.0, -7.0; 4
0.0, 7.0, -7.0; 1
1.0, 7.0, -7.0; 2
-3.0, -9.0, -6.0; 1
-2.0, -9.0, -6.0; 1
-1.0, -9.0, -6.0; 8
0.0, -9.0, -6.0; 8
1.0, -9.0, -6.0; 11
2.0, -9.0, -6.0; 2
-4.0, -8.0, -6.0; 6
-3.0, -8.0, -6.0; 11
-2.0, -8.0, -6.0; 238
-1.0, -8.0, -6.0; 490
0.0, -8.0, -6.0; 106
1.0, -8.0, -6.0; 38
2.0, -8.0, -6.0; 60
3.0, -8.0, -6.0; 23
4.0, -8.0, -6.0; 5
-5.0, -7.0, -6.0; 11
-4.0, -7.0, -6.0; 16
-3.0, -7.0, -6.0; 32
-2.0, -7.0, -6.0; 388
-1.0, -7.0, -6.0; 475
0.0, -7.0, -6.0; 74
1.0, -7.0, -6.0; 41
2.0, -7.0, -6.0; 29
3.0, -7.0, -6.0; 14
4.0, -7.0, -6.0; 18
5.0, -7.0, -6.0; 2
-6.0, -6.0, -6.0; 4
-5.0, -6.0, -6.0; 18
-4.0, -6.0, -6.0; 10
-3.0, -6.0, -6.0; 36
-2.0, -6.0, -6.0; 71
-1.0, -6.0, -6.0; 70
0.0, -6.0, -6.0; 20
1.0, -6.0, -6.0; 11
2.0, -6.0, -6.0; 23
3.0, -6.0, -6.0; 19
4.0, -6.0, -6.0; 28
5.0, -6.0, -6.0; 7
6.0, -6.0, -6.0; 2
-8.0, -5.0, -6.0; 2
-7.0, -5.0, -6.0; 8
-6.0, -5.0, -6.0; 9
-5.0, -5.0, -6.0; 13
-4.0, -5.0, -6.0; 13
-3.0, -5.0, -6.0; 55
-2.0, -5.0, -6.0; 72
-1.0, -5.0, -6.0; 19
0.0, -5.0, -6.0; 11
1.0, -5.0, -6.0; 7
2.0, -5.0, -6.0; 2
3.0, -5.0, -6.0; 4
4.0, -5.0, -6.0; 14
5.0, -5.0, -6.0; 7
6.0, -5.0, -6.0; 4
7.0, -5.0, -6.0; 1
-8.0, -4.0, -6.0; 3
-7.0, -4.0, -6.0; 12
-6.0, -4.0, -6.0; 10
-5.0, -4.0, -6.0; 5
-4.0, -4.0, -6.0; 34
-3.0, -4.0, -6.0; 37
-2.0, -4.0, -6.0; 27
-1.0, -4.0, -6.0; 15
0.0, -4.0, -6.0; 20
1.0, -4.0, -6.0; 12
2.0, -4.0, -6.0; 3
3.0, -4.0, -6.0; 5
4.0, -4.0, -6.0; 4
5.0, -4.0, -6.0; 4
6.0, -4.0, -6.0; 3
-8.0, -3.0, -6.0; 3
-7.0, -3.0, -6.0; 8
-6.0, -3.0, -6.0; 10
-5.0, -3.0, -6.0; 7
-4.0, -3.0, -6.0; 7
-3.0, -3.0, -6.0; 19
-2.0, -3.0, -6.0; 30
-1.0, -3.0, -6.0; 32
0.0, -3.0, -6.0; 80
1.0, -3.0, -6.0; 32
2.0, -3.0, -6.0; 6
3.0, -3.0, -6.0; 2
4.0, -3.0, -6.0; 8
5.0, -3.0, -6.0; 2
6.0, -3.0, -6.0; 3
7.0, -3.0, -6.0; 2
-8.0, -2.0, -6.0; 5
-7.0, -2.0, -6.0; 11
-6.0, -2.0, -6.0; 7
-5.0, -2.0, -6.0; 10
-4.0, -2.0, -6.0; 11
-3.0, -2.0, -6.0; 27
-2.0, -2.0, -6.0; 59
-1.0, -2.0, -6.0; 94
0.0, -2.0, -6.0; 150
1.0, -2.0, -6.0; 32
2.0, -2.0, -6.0; 3
3.0, -2.0, -6.0; 3
4.0, -2.0, -6.0; 3
5.0, -2.0, -6.0; 3
6.0, -2.0, -6.0; 3
-9.0, -1.0, -6.0; 1
-8.0, -1.0, -6.0; 8
-7.0, -1.0, -6.0; 7
-6.0, -1.0, -6.0; 9
-5.0, -1.0, -6.0; 3
-4.0, -1.0, -6.0; 6
-3.0, -1.0, -6.0; 21
-2.0, -1.0, -6.0; 47
-1.0, -1.0, -6.0; 40
0.0, -1.0, -6.0; 27
1.0, -1.0, -6.0; 18
2.0, -1.0, -6.0; 1
3.0, -1.0, -6.0; 11
4.0, -1.0, -6.0; 7
5.0, -1.0, -6.0; 3
6.0, -1.0, -6.0; 3
7.0, -1.0, -6.0; 1
-8.0, 0.0, -6.0; 8
-7.0, 0.0, -6.0; 18
-6.0, 0.0, -6.0; 17
-5.0, 0.0, -6.0; 4
-4.0, 0.0, -6.0; 5
-3.0, 0.0, -6.0; 7
-2.0, 0.0, -6.0; 16
-1.0, 0.0, -6.0; 25
0.0, 0.0, -6.0; 15
1.0, 0.0, -6.0; 7
2.0, 0.0, -6.0; 6
3.0, 0.0, -6.0; 17
4.0, 0.0, -6.0; 8
5.0, 0.0, -6.0; 5
6.0, 0.0, -6.0; 3
7.0, 0.0, -6.0; 1
-8.0, 1.0, -6.0; 10
-7.0, 1.0, -6.0; 10
-6.0, 1.0, -6.0; 8
-5.0, 1.0, -6.0; 8
-4.0, 1.0, -6.0; 3
-3.0, 1.0, -6.0; 21
-2.0, 1.0, -6.0; 29
-1.0, 1.0, -6.0; 37
0.0, 1.0, -6.0; 16
1.0, 1.0, -6.0; 3
2.0, 1.0, -6.0; 6
3.0, 1.0, -6.0; 12
4.0, 1.0, -6.0; 10
5.0, 1.0, -6.0; 5
6.0, 1.0, -6.0; 2
7.0, 1.0, -6.0; 2
-8.0, 2.0, -6.0; 9
-7.0, 2.0, -6.0; 5
-6.0, 2.0, -6.0; 1
-5.0, 2.0, -6.0; 39
-4.0, 2.0, -6.0; 49
-3.0, 2.0, -6.0; 10
-2.0, 2.0, -6.0; 16
-1.0, 2.0, -6.0; 27
0.0, 2.0, -6.0; 20
1.0, 2.0, -6.0; 8
2.0, 2.0, -6.0; 12
3.0, 2.0, -6.0; 17
4.0, 2.0, -6.0; 6
5.0, 2.0, -6.0; 2
6.0, 2.0, -6.0; 1
7.0, 2.0, -6.0; 1
-8.0, 3.0, -6.0; 9
-7.0, 3.0, -6.0; 21
-6.0, 3.0, -6.0; 7
-5.0, 3.0, -6.0; 4
-4.0, 3.0, -6.0; 22
-3.0, 3.0, -6.0; 22
-2.0, 3.0, -6.0; 12
-1.0, 3.0, -6.0; 9
0.0, 3.0, -6.0; 7
1.0, 3.0, -6.0; 4
2.0, 3.0, -6.0; 4
3.0, 3.0, -6.0; 7
4.0, 3.0, -6.0; 3
5.0, 3.0, -6.0; 3
6.0, 3.0, -6.0; 2
7.0, 3.0, -6.0; 2
-8.0, 4.0, -6.0; 2
-7.0, 4.0, -6.0; 14
-6.0, 4.0, -6.0; 26
-5.0, 4.0, -6.0; 6
-4.0, 4.0, -6.0; 5
-3.0, 4.0, -6.0; 8
-2.0, 4.0, -6.0; 10
-1.0, 4.0, -6.0; 8
1.0, 4.0, -6.0; 1
2.0, 4.0, -6.0; 8
3.0, 4.0, -6.0; 11
4.0, 4.0, -6.0; 4
5.0, 4.0, -6.0; 7
6.0, 4.0, -6.0; 4
7.0, 4.0, -6.0; 1
-7.0, 5.0, -6.0; 2
-6.0, 5.0, -6.0; 7
-5.0, 5.0, -6.0; 15
-4.0, 5.0, -6.0; 7
-3.0, 5.0, -6.0; 8
-2.0, 5.0, -6.0; 6
-1.0, 5.0, -6.0; 5
0.0, 5.0, -6.0; 1
1.0, 5.0, -6.0; 6
2.0, 5.0, -6.0; 8
3.0, 5.0, -6.0; 6
4.0, 5.0, -6.0; 8
5.0, 5.0, -6.0; 2
-6.0, 6.0, -6.0; 2
-5.0, 6.0, -6.0; 9
-4.0, 6.0, -6.0; 7
-3.0, 6.0, -6.0; 12
-2.0, 6.0, -6.0; 13
-1.0, 6.0, -6.0; 6
0.0, 6.0, -6.0; 4
1.0, 6.0, -6.0; 9
2.0, 6.0, -6.0; 2
3.0, 6.0, -6.0; 3
4.0, 6.0, -6.0; 2
-4.0, 7.0, -6.0; 6
-3.0, 7.0, -6.0; 1
-2.0, 7.0, -6.0; 8
-1.0, 7.0, -6.0; 10
0.0, 7.0, -6.0; 8
1.0, 7.0, -6.0; 4
2.0, 7.0, -6.0; 4
3.0, 7.0, -6.0; 6
-3.0, 8.0, -6.0; 1
-2.0, 8.0, -6.0; 4
-1.0, 8.0, -6.0; 4
0.0, 8.0, -6.0; 6
1.0, 8.0, -6.0; 2
0.0, -10.0, -5.0; 1
-4.0, -9.0, -5.0; 1
-3.0, -9.0, -5.0; 6
-2.0, -9.0, -5.0; 13
-1.0, -9.0, -5.0; 34
0.0, -9.0, -5.0; 26
1.0, -9.0, -5.0; 25
2.0, -9.0, -5.0; 25
3.0, -9.0, -5.0; 7
-5.0, -8.0, -5.0; 12
-4.0, -8.0, -5.0; 9
-3.0, -8.0, -5.0; 27
-2.0, -8.0, -5.0; 964
-1.0, -8.0, -5.0; 1926
0.0, -8.0, -5.0; 153
1.0, -8.0, -5.0; 37
2.0, -8.0, -5.0; 37
3.0, -8.0, -5.0; 32
4.0, -8.0, -5.0; 27
-7.0, -7.0, -5.0; 1
-6.0, -7.0, -5.0; 4
-5.0, -7.0, -5.0; 6
-4.0, -7.0, -5.0; 10
-3.0, -7.0, -5.0; 29
-2.0, -7.0, -5.0; 184
-1.0, -7.0, -5.0; 220
0.0, -7.0, -5.0; 54
1.0, -7.0, -5.0; 22
2.0, -7.0, -5.0; 26
3.0, -7.0, -5.0; 11
4.0, -7.0, -5.0; 20
5.0, -7.0, -5.0; 12
6.0, -7.0, -5.0; 1
-8.0, -6.0, -5.0; 1
-7.0, -6.0, -5.0; 9
-6.0, -6.0, -5.0; 13
-5.0, -6.0, -5.0; 5
-4.0, -6.0, -5.0; 4
-3.0, -6.0, -5.0; 11
-2.0, -6.0, -5.0; 11
-1.0, -6.0, -5.0; 36
0.0, -6.0, -5.0; 32
1.0, -6.0, -5.0; 17
2.0, -6.0, -5.0; 15
3.0, -6.0, -5.0; 11
4.0, -6.0, -5.0; 14
5.0, -6.0, -5.0; 12
6.0, -6.0, -5.0; 6
-8.0, -5.0, -5.0; 8
-7.0, -5.0, -5.0; 14
-6.0, -5.0, -5.0; 4
-5.0, -5.0, -5.0; 7
-4.0, -5.0, -5.0; 1
-3.0, -5.0, -5.0; 6
-2.0, -5.0, -5.0; 28
-1.0, -5.0, -5.0; 12
0.0, -5.0, -5.0; 16
1.0, -5.0, -5.0; 23
2.0, -5.0, -5.0; 10
3.0, -5.0, -5.0; 3
4.0, -5.0, -5.0; 3
5.0, -5.0, -5.0; 7
6.0, -5.0, -5.0; 1
7.0, -5.0, -5.0; 1
-9.0, -4.0, -5.0; 1
-8.0, -4.0, -5.0; 7
-7.0, -4.0, -5.0; 9
-6.0, -4.0, -5.0; 7
-5.0, -4.0, -5.0; 12
-4.0, -4.0, -5.0; 29
-3.0, -4.0, -5.0; 216
-2.0, -4.0, -5.0; 648
-1.0, -4.0, -5.0; 196
0.0, -4.0, -5.0; 41
1.0, -4.0, -5.0; 208
2.0, -4.0, -5.0; 24
3.0, -4.0, -5.0; 6
4.0, -4.0, -5.0; 2
5.0, -4.0, -5.0; 7
6.0, -4.0, -5.0; 1
7.0, -4.0, -5.0; 1
8.0, -4.0, -5.0; 2
-9.0, -3.0, -5.0; 1
-8.0, -3.0, -5.0; 7
-7.0, -3.0, -5.0; 13
-6.0, -3.0, -5.0; 7
-5.0, -3.0, -5.0; 8
-4.0, -3.0, -5.0; 98
-3.0, -3.0, -5.0; 4114
-2.0, -3.0, -5.0; 2462
-1.0, -3.0, -5.0; 88
0.0, -3.0, -5.0; 238
1.0, -3.0, -5.0; 3248
2.0, -3.0, -5.0; 82
3.0, -3.0, -5.0; 3
4.0, -3.0, -5.0; 3
5.0, -3.0, -5.0; 6
6.0, -3.0, -5.0; 2
7.0, -3.0, -5.0; 1
8.0, -3.0, -5.0; 1
-9.0, -2.0, -5.0; 4
-8.0, -2.0, -5.0; 3
-7.0, -2.0, -5.0; 6
-6.0, -2.0, -5.0; 6
-5.0, -2.0, -5.0; 8
-4.0, -2.0, -5.0; 41
-3.0, -2.0, -5.0; 454
-2.0, -2.0, -5.0; 138
-1.0, -2.0, -5.0; 36
0.0, -2.0, -5.0; 210
1.0, -2.0, -5.0; 331
2.0, -2.0, -5.0; 33
3.0, -2.0, -5.0; 4
4.0, -2.0, -5.0; 8
6.0, -2.0, -5.0; 4
7.0, -2.0, -5.0; 2
-9.0, -1.0, -5.0; 1
-8.0, -1.0, -5.0; 15
-7.0, -1.0, -5.0; 12
-6.0, -1.0, -5.0; 12
-5.0, -1.0, -5.0; 6
-4.0, -1.0, -5.0; 21
-3.0, -1.0, -5.0; 49
-2.0, -1.0, -5.0; 30
-1.0, -1.0, -5.0; 32
0.0, -1.0, -5.0; 23
1.0, -1.0, -5.0; 20
2.0, -1.0, -5.0; 2
3.0, -1.0, -5.0; 5
4.0, -1.0, -5.0; 13
5.0, -1.0, -5.0; 3
6.0, -1.0, -5.0; 5
7.0, -1.0, -5.0; 1
-9.0, 0.0, -5.0; 1
-8.0, 0.0, -5.0; 10
-7.0, 0.0, -5.0; 25
-6.0, 0.0, -5.0; 3
-5.0, 0.0, -5.0; 7
-4.0, 0.0, -5.0; 10
-3.0, 0.0, -5.0; 32
-2.0, 0.0, -5.0; 28
-1.0, 0.0, -5.0; 12
0.0, 0.0, -5.0; 11
1.0, 0.0, -5.0; 5
2.0, 0.0, -5.0; 4
3.0, 0.0, -5.0; 6
4.0, 0.0, -5.0; 8
5.0, 0.0, -5.0; 3
6.0, 0.0, -5.0; 4
8.0, 0.0, -5.0; 1
-9.0, 1.0, -5.0; 4
-8.0, 1.0, -5.0; 4
-7.0, 1.0, -5.0; 8
-6.0, 1.0, -5.0; 23
-5.0, 1.0, -5.0; 21
-4.0, 1.0, -5.0; 17
-3.0, 1.0, -5.0; 19
-2.0, 1.0, -5.0; 6
-1.0, 1.0, -5.0; 7
0.0, 1.0, -5.0; 15
1.0, 1.0, -5.0; 2
2.0, 1.0, -5.0; 5
3.0, 1.0, -5.0; 14
4.0, 1.0, -5.0; 5
5.0, 1.0, -5.0; 13
6.0, 1.0, -5.0; 2
7.0, 1.0, -5.0; 1
-9.0, 2.0, -5.0; 6
-8.0, 2.0, -5.0; 12
-7.0, 2.0, -5.0; 6
-6.0, 2.0, -5.0; 31
-5.0, 2.0, -5.0; 60
-4.0, 2.0, -5.0; 16
-3.0, 2.0, -5.0; 21
-2.0, 2.0, -5.0; 19
-1.0, 2.0, -5.0; 14
0.0, 2.0, -5.0; 48
1.0, 2.0, -5.0; 21
2.0, 2.0, -5.0; 15
3.0, 2.0, -5.0; 23
4.0, 2.0, -5.0; 12
5.0, 2.0, -5.0; 1
7.0, 2.0, -5.0; 3
8.0, 2.0, -5.0; 1
-9.0, 3.0, -5.0; 7
-8.0, 3.0, -5.0; 10
-7.0, 3.0, -5.0; 15
-6.0, 3.0, -5.0; 6
-5.0, 3.0, -5.0; 18
-4.0, 3.0, -5.0; 11
-3.0, 3.0, -5.0; 17
-2.0, 3.0, -5.0; 15
-1.0, 3.0, -5.0; 23
0.0, 3.0, -5.0; 48
1.0, 3.0, -5.0; 25
2.0, 3.0, -5.0; 11
3.0, 3.0, -5.0; 10
4.0, 3.0, -5.0; 7
5.0, 3.0, -5.0; 2
6.0, 3.0, -5.0; 5
7.0, 3.0, -5.0; 1
-8.0, 4.0, -5.0; 8
-7.0, 4.0, -5.0; 17
-6.0, 4.0, -5.0; 5
-5.0, 4.0, -5.0; 2
-4.0, 4.0, -5.0; 5
-3.0, 4.0, -5.0; 7
-2.0, 4.0, -5.0; 24
-1.0, 4.0, -5.0; 29
0.0, 4.0, -5.0; 8
1.0, 4.0, -5.0; 5
2.0, 4.0, -5.0; 2
3.0, 4.0, -5.0; 15
4.0, 4.0, -5.0; 4
5.0, 4.0, -5.0; 3
6.0, 4.0, -5.0; 3
7.0, 4.0, -5.0; 3
-7.0, 5.0, -5.0; 8
-6.0, 5.0, -5.0; 10
-5.0, 5.0, -5.0; 8
-4.0, 5.0, -5.0; 7
-3.0, 5.0, -5.0; 3
-2.0, 5.0, -5.0; 11
-1.0, 5.0, -5.0; 6
0.0, 5.0, -5.0; 2
1.0, 5.0, -5.0; 2
2.0, 5.0, -5.0; 5
3.0, 5.0, -5.0; 12
4.0, 5.0, -5.0; 5
5.0, 5.0, -5.0; 1
6.0, 5.0, -5.0; 4
-7.0, 6.0, -5.0; 2
-6.0, 6.0, -5.0; 2
-5.0, 6.0, -5.0; 6
-4.0, 6.0, -5.0; 9
-3.0, 6.0, -5.0; 13
-2.0, 6.0, -5.0; 5
-1.0, 6.0, -5.0; 1
0.0, 6.0, -5.0; 2
1.0, 6.0, -5.0; 6
2.0, 6.0, -5.0; 11
3.0, 6.0, -5.0; 9
4.0, 6.0, -5.0; 14
5.0, 6.0, -5.0; 7
6.0, 6.0, -5.0; 1
-5.0, 7.0, -5.0; 2
-4.0, 7.0, -5.0; 6
-3.0, 7.0, -5.0; 8
-2.0, 7.0, -5.0; 12
-1.0, 7.0, -5.0; 16
0.0, 7.0, -5.0; 8
1.0, 7.0, -5.0; 18
2.0, 7.0, -5.0; 11
3.0, 7.0, -5.0; 4
4.0, 7.0, -5.0; 3
-4.0, 8.0, -5.0; 1
-3.0, 8.0, -5.0; 4
-2.0, 8.0, -5.0; 3
-1.0, 8.0, -5.0; 15
0.0, 8.0, -5.0; 11
1.0, 8.0, -5.0; 8
2.0, 8.0, -5.0; 4
3.0, 8.0, -5.0; 1
-1.0, 9.0, -5.0; 1
0.0, 9.0, -5.0; 1
-3.0, -10.0, -4.0; 2
-2.0, -10.0, -4.0; 7
-1.0, -10.0, -4.0; 12
0.0, -10.0, -4.0; 7
1.0, -10.0, -4.0; 3
2.0, -10.0, -4.0; 3
-5.0, -9.0, -4.0; 3
-4.0, -9.0, -4.0; 7
-3.0, -9.0, -4.0; 10
-2.0, -9.0, -4.0; 50
-1.0, -9.0, -4.0; 64
0.0, -9.0, -4.0; 26
1.0, -9.0, -4.0; 30
2.0, -9.0, -4.0; 15
3.0, -9.0, -4.0; 8
4.0, -9.0, -4.0; 2
-6.0, -8.0, -4.0; 8
-5.0, -8.0, -4.0; 5
-4.0, -8.0, -4.0; 3
-3.0, -8.0, -4.0; 11
-2.0, -8.0, -4.0; 97
-1.0, -8.0, -4.0; 189
0.0, -8.0, -4.0; 54
1.0, -8.0, -4.0; 22
2.0, -8.0, -4.0; 19
3.0, -8.0, -4.0; 15
4.0, -8.0, -4.0; 39
5.0, -8.0, -4.0; 2
-7.0, -7.0, -4.0; 11
-6.0, -7.0, -4.0; 9
-5.0, -7.0, -4.0; 6
-4.0, -7.0, -4.0; 2
-3.0, -7.0, -4.0; 3
-2.0, -7.0, -4.0; 9
-1.0, -7.0, -4.0; 72
0.0, -7.0, -4.0; 82
1.0, -7.0, -4.0; 54
2.0, -7.0, -4.0; 13
3.0, -7.0, -4.0; 9
4.0, -7.0, -4.0; 8
5.0, -7.0, -4.0; 11
-8.0, -6.0, -4.0; 4
-7.0, -6.0, -4.0; 13
-6.0, -6.0, -4.0; 7
-5.0, -6.0, -4.0; 2
-4.0, -6.0, -4.0; 1
-2.0, -6.0, -4.0; 6
-1.0, -6.0, -4.0; 23
0.0, -6.0, -4.0; 33
1.0, -6.0, -4.0; 142
2.0, -6.0, -4.0; 37
3.0, -6.0, -4.0; 5
4.0, -6.0, -4.0; 5
5.0, -6.0, -4.0; 6
-9.0, -5.0, -4.0; 1
-8.0, -5.0, -4.0; 17
-7.0, -5.0, -4.0; 7
-6.0, -5.0, -4.0; 2
-5.0, -5.0, -4.0; 4
-4.0, -5.0, -4.0; 1
-3.0, -5.0, -4.0; 14
-2.0, -5.0, -4.0; 86
-1.0, -5.0, -4.0; 458
0.0, -5.0, -4.0; 81
1.0, -5.0, -4.0; 152
2.0, -5.0, -4.0; 72
3.0, -5.0, -4.0; 12
4.0, -5.0, -4.0; 7
5.0, -5.0, -4.0; 2
6.0, -5.0, -4.0; 1
7.0, -5.0, -4.0; 1
8.0, -5.0, -4.0; 1
-9.0, -4.0, -4.0; 4
-8.0, -4.0, -4.0; 17
-7.0, -4.0, -4.0; 5
-6.0, -4.0, -4.0; 4
-5.0, -4.0, -4.0; 8
-4.0, -4.0, -4.0; 76
-3.0, -4.0, -4.0; 42
-2.0, -4.0, -4.0; 95
-1.0, -4.0, -4.0; 198
0.0, -4.0, -4.0; 31
1.0, -4.0, -4.0; 159
2.0, -4.0, -4.0; 171
3.0, -4.0, -4.0; 8
4.0, -4.0, -4.0; 2
5.0, -4.0, -4.0; 2
6.0, -4.0, -4.0; 1
8.0, -4.0, -4.0; 2
-9.0, -3.0, -4.0; 3
-8.0, -3.0, -4.0; 10
-7.0, -3.0, -4.0; 3
-6.0, -3.0, -4.0; 8
-5.0, -3.0, -4.0; 39
-4.0, -3.0, -4.0; 248
-3.0, -3.0, -4.0; 212
-2.0, -3.0, -4.0; 10
-1.0, -3.0, -4.0; 6
0.0, -3.0, -4.0; 10
1.0, -3.0, -4.0; 502
2.0, -3.0, -4.0; 211
3.0, -3.0, -4.0; 11
4.0, -3.0, -4.0; 5
5.0, -3.0, -4.0; 2
6.0, -3.0, -4.0; 1
7.0, -3.0, -4.0; 1
-9.0, -2.0, -4.0; 8
-8.0, -2.0, -4.0; 8
-7.0, -2.0, -4.0; 8
-6.0, -2.0, -4.0; 10
-5.0, -2.0, -4.0; 15
-4.0, -2.0, -4.0; 63
-3.0, -2.0, -4.0; 44
-1.0, -2.0, -4.0; 1
0.0, -2.0, -4.0; 3
1.0, -2.0, -4.0; 15
2.0, -2.0, -4.0; 18
4.0, -2.0, -4.0; 2
5.0, -2.0, -4.0; 4
6.0, -2.0, -4.0; 1
7.0, -2.0, -4.0; 4
8.0, -2.0, -4.0; 1
-10.0, -1.0, -4.0; 1
-9.0, -1.0, -4.0; 5
-8.0, -1.0, -4.0; 9
-7.0, -1.0, -4.0; 20
-6.0, -1.0, -4.0; 5
-5.0, -1.0, -4.0; 4
-4.0, -1.0, -4.0; 6
-2.0, -1.0, -4.0; 1
3.0, -1.0, -4.0; 1
4.0, -1.0, -4.0; 3
5.0, -1.0, -4.0; 2
6.0, -1.0, -4.0; 2
-10.0, 0.0, -4.0; 1
-9.0, 0.0, -4.0; 2
-8.0, 0.0, -4.0; 13
-7.0, 0.0, -4.0; 12
-6.0, 0.0, -4.0; 12
-5.0, 0.0, -4.0; 21
-4.0, 0.0, -4.0; 5
-3.0, 0.0, -4.0; 4
2.0, 0.0, -4.0; 2
3.0, 0.0, -4.0; 3
4.0, 0.0, -4.0; 3
5.0, 0.0, -4.0; 3
6.0, 0.0, -4.0; 2
7.0, 0.0, -4.0; 1
-10.0, 1.0, -4.0; 1
-9.0, 1.0, -4.0; 9
-8.0, 1.0, -4.0; 5
-7.0, 1.0, -4.0; 5
-6.0, 1.0, -4.0; 63
-5.0, 1.0, -4.0; 23
-4.0, 1.0, -4.0; 9
2.0, 1.0, -4.0; 9
3.0, 1.0, -4.0; 4
4.0, 1.0, -4.0; 2
6.0, 1.0, -4.0; 3
8.0, 1.0, -4.0; 1
-9.0, 2.0, -4.0; 8
-8.0, 2.0, -4.0; 10
-7.0, 2.0, -4.0; 8
-6.0, 2.0, -4.0; 73
-5.0, 2.0, -4.0; 14
-4.0, 2.0, -4.0; 8
-3.0, 2.0, -4.0; 5
0.0, 2.0, -4.0; 3
1.0, 2.0, -4.0; 1
2.0, 2.0, -4.0; 3
3.0, 2.0, -4.0; 18
4.0, 2.0, -4.0; 12
5.0, 2.0, -4.0; 4
6.0, 2.0, -4.0; 2
-9.0, 3.0, -4.0; 8
-8.0, 3.0, -4.0; 21
-7.0, 3.0, -4.0; 4
-6.0, 3.0, -4.0; 16
-5.0, 3.0, -4.0; 5
-4.0, 3.0, -4.0; 4
-3.0, 3.0, -4.0; 5
-1.0, 3.0, -4.0; 2
0.0, 3.0, -4.0; 67
1.0, 3.0, -4.0; 52
2.0, 3.0, -4.0; 10
3.0, 3.0, -4.0; 11
4.0, 3.0, -4.0; 10
5.0, 3.0, -4.0; 4
-8.0, 4.0, -4.0; 8
-7.0, 4.0, -4.0; 11
-6.0, 4.0, -4.0; 3
-5.0, 4.0, -4.0; 3
-4.0, 4.0, -4.0; 5
-3.0, 4.0, -4.0; 14
-2.0, 4.0, -4.0; 63
-1.0, 4.0, -4.0; 52
0.0, 4.0, -4.0; 89
1.0, 4.0, -4.0; 39
2.0, 4.0, -4.0; 10
3.0, 4.0, -4.0; 6
4.0, 4.0, -4.0; 5
5.0, 4.0, -4.0; 2
6.0, 4.0, -4.0; 1
7.0, 4.0, -4.0; 1
-8.0, 5.0, -4.0; 3
-7.0, 5.0, -4.0; 18
-6.0, 5.0, -4.0; 10
-5.0, 5.0, -4.0; 3
-4.0, 5.0, -4.0; 1
-3.0, 5.0, -4.0; 10
-2.0, 5.0, -4.0; 111
-1.0, 5.0, -4.0; 283
0.0, 5.0, -4.0; 120
1.0, 5.0, -4.0; 12
2.0, 5.0, -4.0; 3
3.0, 5.0, -4.0; 9
4.0, 5.0, -4.0; 3
5.0, 5.0, -4.0; 3
6.0, 5.0, -4.0; 7
-7.0, 6.0, -4.0; 8
-6.0, 6.0, -4.0; 17
-5.0, 6.0, -4.0; 14
-4.0, 6.0, -4.0; 2
-3.0, 6.0, -4.0; 3
-2.0, 6.0, -4.0; 1
-1.0, 6.0, -4.0; 13
0.0, 6.0, -4.0; 11
1.0, 6.0, -4.0; 7
2.0, 6.0, -4.0; 13
3.0, 6.0, -4.0; 12
4.0, 6.0, -4.0; 3
5.0, 6.0, -4.0; 2
6.0, 6.0, -4.0; 2
7.0, 6.0, -4.0; 1
-6.0, 7.0, -4.0; 5
-5.0, 7.0, -4.0; 11
-4.0, 7.0, -4.0; 8
-3.0, 7.0, -4.0; 10
-2.0, 7.0, -4.0; 8
-1.0, 7.0, -4.0; 10
0.0, 7.0, -4.0; 18
1.0, 7.0, -4.0; 25
2.0, 7.0, -4.0; 23
3.0, 7.0, -4.0; 8
4.0, 7.0, -4.0; 5
5.0, 7.0, -4.0; 6
-5.0, 8.0, -4.0; 1
-4.0, 8.0, -4.0; 8
-3.0, 8.0, -4.0; 13
-2.0, 8.0, -4.0; 25
-1.0, 8.0, -4.0; 21
0.0, 8.0, -4.0; 23
1.0, 8.0, -4.0; 23
2.0, 8.0, -4.0; 11
3.0, 8.0, -4.0; 4
4.0, 8.0, -4.0; 1
-2.0, 9.0, -4.0; 4
-1.0, 9.0, -4.0; 11
0.0, 9.0, -4.0; 17
1.0, 9.0, -4.0; 6
2.0, 9.0, -4.0; 2
-4.0, -10.0, -3.0; 4
-3.0, -10.0, -3.0; 11
-2.0, -10.0, -3.0; 22
-1.0, -10.0, -3.0; 34
0.0, -10.0, -3.0; 43
1.0, -10.0, -3.0; 24
2.0, -10.0, -3.0; 7
3.0, -10.0, -3.0; 1
-5.0, -9.0, -3.0; 8
-4.0, -9.0, -3.0; 7
-3.0, -9.0, -3.0; 8
-2.0, -9.0, -3.0; 28
-1.0, -9.0, -3.0; 48
0.0, -9.0, -3.0; 37
1.0, -9.0, -3.0; 34
2.0, -9.0, -3.0; 23
3.0, -9.0, -3.0; 16
4.0, -9.0, -3.0; 5
-6.0, -8.0, -3.0; 9
-5.0, -8.0, -3.0; 8
-4.0, -8.0, -3.0; 8
-3.0, -8.0, -3.0; 11
-2.0, -8.0, -3.0; 23
-1.0, -8.0, -3.0; 33
0.0, -8.0, -3.0; 65
1.0, -8.0, -3.0; 25
2.0, -8.0, -3.0; 14
3.0, -8.0, -3.0; 11
4.0, -8.0, -3.0; 12
5.0, -8.0, -3.0; 7
6.0, -8.0, -3.0; 2
-8.0, -7.0, -3.0; 3
-7.0, -7.0, -3.0; 5
-6.0, -7.0, -3.0; 9
-5.0, -7.0, -3.0; 1
-4.0, -7.0, -3.0; 2
-3.0, -7.0, -3.0; 2
-2.0, -7.0, -3.0; 2
-1.0, -7.0, -3.0; 8
0.0, -7.0, -3.0; 124
1.0, -7.0, -3.0; 148
2.0, -7.0, -3.0; 19
3.0, -7.0, -3.0; 11
4.0, -7.0, -3.0; 9
5.0, -7.0, -3.0; 16
6.0, -7.0, -3.0; 4
7.0, -7.0, -3.0; 1
-9.0, -6.0, -3.0; 1
-8.0, -6.0, -3.0; 9
-7.0, -6.0, -3.0; 7
-6.0, -6.0, -3.0; 1
-4.0, -6.0, -3.0; 1
-3.0, -6.0, -3.0; 1
-2.0, -6.0, -3.0; 3
-1.0, -6.0, -3.0; 122
0.0, -6.0, -3.0; 278
1.0, -6.0, -3.0; 3090
2.0, -6.0, -3.0; 219
3.0, -6.0, -3.0; 6
4.0, -6.0, -3.0; 8
5.0, -6.0, -3.0; 6
6.0, -6.0, -3.0; 4
7.0, -6.0, -3.0; 1
8.0, -6.0, -3.0; 1
-9.0, -5.0, -3.0; 4
-8.0, -5.0, -3.0; 11
-7.0, -5.0, -3.0; 6
-6.0, -5.0, -3.0; 1
-4.0, -5.0, -3.0; 2
-1.0, -5.0, -3.0; 78
0.0, -5.0, -3.0; 153
1.0, -5.0, -3.0; 109
2.0, -5.0, -3.0; 155
3.0, -5.0, -3.0; 11
4.0, -5.0, -3.0; 2
5.0, -5.0, -3.0; 5
6.0, -5.0, -3.0; 5
7.0, -5.0, -3.0; 2
-9.0, -4.0, -3.0; 9
-8.0, -4.0, -3.0; 15
-7.0, -4.0, -3.0; 2
-6.0, -4.0, -3.0; 3
-5.0, -4.0, -3.0; 11
-4.0, -4.0, -3.0; 2
-3.0, -4.0, -3.0; 5
-2.0, -4.0, -3.0; 7
-1.0, -4.0, -3.0; 4
0.0, -4.0, -3.0; 1
1.0, -4.0, -3.0; 10
2.0, -4.0, -3.0; 44
3.0, -4.0, -3.0; 10
4.0, -4.0, -3.0; 3
5.0, -4.0, -3.0; 3
6.0, -4.0, -3.0; 1
7.0, -4.0, -3.0; 4
-10.0, -3.0, -3.0; 2
-9.0, -3.0, -3.0; 5
-8.0, -3.0, -3.0; 7
-7.0, -3.0, -3.0; 8
-6.0, -3.0, -3.0; 18
-5.0, -3.0, -3.0; 47
-4.0, -3.0, -3.0; 11
-3.0, -3.0, -3.0; 36
-2.0, -3.0, -3.0; 3
2.0, -3.0, -3.0; 4
3.0, -3.0, -3.0; 7
4.0, -3.0, -3.0; 4
5.0, -3.0, -3.0; 1
6.0, -3.0, -3.0; 3
7.0, -3.0, -3.0; 3
-10.0, -2.0, -3.0; 4
-9.0, -2.0, -3.0; 9
-8.0, -2.0, -3.0; 5
-7.0, -2.0, -3.0; 12
-6.0, -2.0, -3.0; 15
-5.0, -2.0, -3.0; 34
-4.0, -2.0, -3.0; 4
-3.0, -2.0, -3.0; 11
6.0, -2.0, -3.0; 1
7.0, -2.0, -3.0; 3
-10.0, -1.0, -3.0; 3
-9.0, -1.0, -3.0; 13
-8.0, -1.0, -3.0; 5
-7.0, -1.0, -3.0; 16
-6.0, -1.0, -3.0; 7
-5.0, -1.0, -3.0; 5
-4.0, -1.0, -3.0; 1
6.0, -1.0, -3.0; 3
8.0, -1.0, -3.0; 1
-10.0, 0.0, -3.0; 3
-9.0, 0.0, -3.0; 10
-8.0, 0.0, -3.0; 13
-7.0, 0.0, -3.0; 1
-6.0, 0.0, -3.0; 32
-5.0, 0.0, -3.0; 13
-4.0, 0.0, -3.0; 1
6.0, 0.0, -3.0; 1
7.0, 0.0, -3.0; 1
-10.0, 1.0, -3.0; 5
-9.0, 1.0, -3.0; 17
-8.0, 1.0, -3.0; 5
-7.0, 1.0, -3.0; 9
-6.0, 1.0, -3.0; 161
-5.0, 1.0, -3.0; 34
-4.0, 1.0, -3.0; 1
4.0, 1.0, -3.0; 1
5.0, 1.0, -3.0; 2
6.0, 1.0, -3.0; 4
7.0, 1.0, -3.0; 1
9.0, 1.0, -3.0; 1
-10.0, 2.0, -3.0; 2
-9.0, 2.0, -3.0; 13
-8.0, 2.0, -3.0; 12
-7.0, 2.0, -3.0; 16
-6.0, 2.0, -3.0; 45
-5.0, 2.0, -3.0; 10
-4.0, 2.0, -3.0; 1
2.0, 2.0, -3.0; 1
3.0, 2.0, -3.0; 9
4.0, 2.0, -3.0; 20
5.0, 2.0, -3.0; 5
6.0, 2.0, -3.0; 6
7.0, 2.0, -3.0; 4
-9.0, 3.0, -3.0; 9
-8.0, 3.0, -3.0; 19
-7.0, 3.0, -3.0; 2
-6.0, 3.0, -3.0; 41
-5.0, 3.0, -3.0; 7
-4.0, 3.0, -3.0; 2
1.0, 3.0, -3.0; 12
2.0, 3.0, -3.0; 6
3.0, 3.0, -3.0; 5
4.0, 3.0, -3.0; 17
5.0, 3.0, -3.0; 6
6.0, 3.0, -3.0; 4
7.0, 3.0, -3.0; 4
8.0, 3.0, -3.0; 2
-9.0, 4.0, -3.0; 4
-8.0, 4.0, -3.0; 17
-7.0, 4.0, -3.0; 1
-6.0, 4.0, -3.0; 7
-5.0, 4.0, -3.0; 7
-4.0, 4.0, -3.0; 1
-3.0, 4.0, -3.0; 3
-1.0, 4.0, -3.0; 4
0.0, 4.0, -3.0; 37
1.0, 4.0, -3.0; 189
2.0, 4.0, -3.0; 19
3.0, 4.0, -3.0; 6
4.0, 4.0, -3.0; 13
5.0, 4.0, -3.0; 6
6.0, 4.0, -3.0; 2
8.0, 4.0, -3.0; 1
-8.0, 5.0, -3.0; 8
-7.0, 5.0, -3.0; 14
-6.0, 5.0, -3.0; 5
-5.0, 5.0, -3.0; 2
-3.0, 5.0, -3.0; 5
-2.0, 5.0, -3.0; 35
-1.0, 5.0, -3.0; 128
0.0, 5.0, -3.0; 161
1.0, 5.0, -3.0; 55
2.0, 5.0, -3.0; 5
3.0, 5.0, -3.0; 7
4.0, 5.0, -3.0; 14
5.0, 5.0, -3.0; 1
6.0, 5.0, -3.0; 6
7.0, 5.0, -3.0; 4
8.0, 5.0, -3.0; 2
-8.0, 6.0, -3.0; 2
-7.0, 6.0, -3.0; 12
-6.0, 6.0, -3.0; 17
-5.0, 6.0, -3.0; 12
-4.0, 6.0, -3.0; 4
-3.0, 6.0, -3.0; 5
-2.0, 6.0, -3.0; 34
-1.0, 6.0, -3.0; 135
0.0, 6.0, -3.0; 120
1.0, 6.0, -3.0; 15
2.0, 6.0, -3.0; 11
3.0, 6.0, -3.0; 11
4.0, 6.0, -3.0; 9
5.0, 6.0, -3.0; 2
6.0, 6.0, -3.0; 8
7.0, 6.0, -3.0; 1
-7.0, 7.0, -3.0; 1
-6.0, 7.0, -3.0; 9
-5.0, 7.0, -3.0; 17
-4.0, 7.0, -3.0; 11
-3.0, 7.0, -3.0; 13
-2.0, 7.0, -3.0; 9
-1.0, 7.0, -3.0; 4
0.0, 7.0, -3.0; 25
1.0, 7.0, -3.0; 42
2.0, 7.0, -3.0; 37
3.0, 7.0, -3.0; 16
4.0, 7.0, -3.0; 6
5.0, 7.0, -3.0; 5
6.0, 7.0, -3.0; 1
-6.0, 8.0, -3.0; 1
-5.0, 8.0, -3.0; 2
-4.0, 8.0, -3.0; 22
-3.0, 8.0, -3.0; 46
-2.0, 8.0, -3.0; 44
-1.0, 8.0, -3.0; 44
0.0, 8.0, -3.0; 32
1.0, 8.0, -3.0; 29
2.0, 8.0, -3.0; 15
3.0, 8.0, -3.0; 6
4.0, 8.0, -3.0; 5
5.0, 8.0, -3.0; 1
-3.0, 9.0, -3.0; 6
-2.0, 9.0, -3.0; 8
-1.0, 9.0, -3.0; 19
0.0, 9.0, -3.0; 33
1.0, 9.0, -3.0; 41
2.0, 9.0, -3.0; 12
-4.0, -10.0, -2.0; 19
-3.0, -10.0, -2.0; 39
-2.0, -10.0, -2.0; 80
-1.0, -10.0, -2.0; 83
0.0, -10.0, -2.0; 84
1.0, -10.0, -2.0; 49
2.0, -10.0, -2.0; 10
3.0, -10.0, -2.0; 1
-6.0, -9.0, -2.0; 7
-5.0, -9.0, -2.0; 21
-4.0, -9.0, -2.0; 13
-3.0, -9.0, -2.0; 7
-2.0, -9.0, -2.0; 19
-1.0, -9.0, -2.0; 28
0.0, -9.0, -2.0; 23
1.0, -9.0, -2.0; 33
2.0, -9.0, -2.0; 11
3.0, -9.0, -2.0; 18
4.0, -9.0, -2.0; 6
5.0, -9.0, -2.0; 6
-7.0, -8.0, -2.0; 5
-6.0, -8.0, -2.0; 10
-5.0, -8.0, -2.0; 6
-4.0, -8.0, -2.0; 1
-3.0, -8.0, -2.0; 4
-2.0, -8.0, -2.0; 9
-1.0, -8.0, -2.0; 22
0.0, -8.0, -2.0; 56
1.0, -8.0, -2.0; 27
2.0, -8.0, -2.0; 10
3.0, -8.0, -2.0; 11
4.0, -8.0, -2.0; 18
5.0, -8.0, -2.0; 9
6.0, -8.0, -2.0; 4
-8.0, -7.0, -2.0; 3
-7.0, -7.0, -2.0; 12
-6.0, -7.0, -2.0; 9
-5.0, -7.0, -2.0; 2
-2.0, -7.0, -2.0; 2
-1.0, -7.0, -2.0; 12
0.0, -7.0, -2.0; 84
1.0, -7.0, -2.0; 100
2.0, -7.0, -2.0; 18
3.0, -7.0, -2.0; 12
4.0, -7.0, -2.0; 13
5.0, -7.0, -2.0; 11
6.0, -7.0, -2.0; 1
7.0, -7.0, -2.0; 1
-9.0, -6.0, -2.0; 1
-8.0, -6.0, -2.0; 8
-7.0, -6.0, -2.0; 5
-3.0, -6.0, -2.0; 1
-1.0, -6.0, -2.0; 37
0.0, -6.0, -2.0; 157
1.0, -6.0, -2.0; 844
2.0, -6.0, -2.0; 92
3.0, -6.0, -2.0; 14
4.0, -6.0, -2.0; 10
5.0, -6.0, -2.0; 14
7.0, -6.0, -2.0; 2
-9.0, -5.0, -2.0; 9
-8.0, -5.0, -2.0; 21
-7.0, -5.0, -2.0; 4
-6.0, -5.0, -2.0; 2
-5.0, -5.0, -2.0; 2
-3.0, -5.0, -2.0; 1
-2.0, -5.0, -2.0; 2
-1.0, -5.0, -2.0; 6
0.0, -5.0, -2.0; 22
1.0, -5.0, -2.0; 17
2.0, -5.0, -2.0; 93
3.0, -5.0, -2.0; 12
4.0, -5.0, -2.0; 7
5.0, -5.0, -2.0; 9
6.0, -5.0, -2.0; 3
7.0, -5.0, -2.0; 2
-10.0, -4.0, -2.0; 2
-9.0, -4.0, -2.0; 11
-8.0, -4.0, -2.0; 12
-7.0, -4.0, -2.0; 7
-6.0, -4.0, -2.0; 12
-5.0, -4.0, -2.0; 22
-4.0, -4.0, -2.0; 1
2.0, -4.0, -2.0; 6
3.0, -4.0, -2.0; 16
6.0, -4.0, -2.0; 1
7.0, -4.0, -2.0; 1
8.0, -4.0, -2.0; 1
-10.0, -3.0, -2.0; 4
-9.0, -3.0, -2.0; 7
-8.0, -3.0, -2.0; 7
-7.0, -3.0, -2.0; 8
-6.0, -3.0, -2.0; 23
-5.0, -3.0, -2.0; 17
3.0, -3.0, -2.0; 8
4.0, -3.0, -2.0; 3
5.0, -3.0, -2.0; 1
6.0, -3.0, -2.0; 1
7.0, -3.0, -2.0; 1
8.0, -3.0, -2.0; 1
-10.0, -2.0, -2.0; 3
-9.0, -2.0, -2.0; 7
-8.0, -2.0, -2.0; 5
-7.0, -2.0, -2.0; 8
-6.0, -2.0, -2.0; 8
-5.0, -2.0, -2.0; 11
4.0, -2.0, -2.0; 2
7.0, -2.0, -2.0; 2
9.0, -2.0, -2.0; 1
-10.0, -1.0, -2.0; 4
-9.0, -1.0, -2.0; 9
-8.0, -1.0, -2.0; 6
-7.0, -1.0, -2.0; 7
-6.0, -1.0, -2.0; 2
-5.0, -1.0, -2.0; 2
7.0, -1.0, -2.0; 1
-10.0, 0.0, -2.0; 4
-9.0, 0.0, -2.0; 6
-8.0, 0.0, -2.0; 7
-7.0, 0.0, -2.0; 5
-6.0, 0.0, -2.0; 52
-5.0, 0.0, -2.0; 5
4.0, 0.0, -2.0; 1
6.0, 0.0, -2.0; 3
7.0, 0.0, -2.0; 2
-10.0, 1.0, -2.0; 3
-9.0, 1.0, -2.0; 9
-8.0, 1.0, -2.0; 3
-7.0, 1.0, -2.0; 6
-6.0, 1.0, -2.0; 1405
-5.0, 1.0, -2.0; 178
5.0, 1.0, -2.0; 1
6.0, 1.0, -2.0; 4
7.0, 1.0, -2.0; 2
8.0, 1.0, -2.0; 1
9.0, 1.0, -2.0; 1
-10.0, 2.0, -2.0; 4
-9.0, 2.0, -2.0; 14
-8.0, 2.0, -2.0; 7
-7.0, 2.0, -2.0; 10
-6.0, 2.0, -2.0; 120
-5.0, 2.0, -2.0; 104
4.0, 2.0, -2.0; 4
5.0, 2.0, -2.0; 3
6.0, 2.0, -2.0; 3
7.0, 2.0, -2.0; 2
8.0, 2.0, -2.0; 1
-9.0, 3.0, -2.0; 15
-8.0, 3.0, -2.0; 7
-7.0, 3.0, -2.0; 13
-6.0, 3.0, -2.0; 39
-5.0, 3.0, -2.0; 11
-4.0, 3.0, -2.0; 1
-3.0, 3.0, -2.0; 2
-2.0, 3.0, -2.0; 1
2.0, 3.0, -2.0; 1
3.0, 3.0, -2.0; 1
4.0, 3.0, -2.0; 21
5.0, 3.0, -2.0; 5
6.0, 3.0, -2.0; 9
7.0, 3.0, -2.0; 3
8.0, 3.0, -2.0; 1
-9.0, 4.0, -2.0; 3
-8.0, 4.0, -2.0; 20
-7.0, 4.0, -2.0; 3
-6.0, 4.0, -2.0; 27
-5.0, 4.0, -2.0; 28
-4.0, 4.0, -2.0; 2
-2.0, 4.0, -2.0; 1
-1.0, 4.0, -2.0; 1
0.0, 4.0, -2.0; 2
1.0, 4.0, -2.0; 61
2.0, 4.0, -2.0; 34
3.0, 4.0, -2.0; 6
4.0, 4.0, -2.0; 24
5.0, 4.0, -2.0; 8
6.0, 4.0, -2.0; 3
7.0, 4.0, -2.0; 2
8.0, 4.0, -2.0; 6
-9.0, 5.0, -2.0; 1
-8.0, 5.0, -2.0; 20
-7.0, 5.0, -2.0; 18
-6.0, 5.0, -2.0; 1
-5.0, 5.0, -2.0; 6
-4.0, 5.0, -2.0; 1
-3.0, 5.0, -2.0; 4
-2.0, 5.0, -2.0; 5
-1.0, 5.0, -2.0; 15
0.0, 5.0, -2.0; 112
1.0, 5.0, -2.0; 101
2.0, 5.0, -2.0; 9
3.0, 5.0, -2.0; 8
4.0, 5.0, -2.0; 11
5.0, 5.0, -2.0; 1
6.0, 5.0, -2.0; 7
7.0, 5.0, -2.0; 6
-8.0, 6.0, -2.0; 3
-7.0, 6.0, -2.0; 30
-6.0, 6.0, -2.0; 24
-5.0, 6.0, -2.0; 20
-4.0, 6.0, -2.0; 9
-3.0, 6.0, -2.0; 17
-2.0, 6.0, -2.0; 53
-1.0, 6.0, -2.0; 188
0.0, 6.0, -2.0; 262
1.0, 6.0, -2.0; 75
2.0, 6.0, -2.0; 4
3.0, 6.0, -2.0; 13
4.0, 6.0, -2.0; 8
5.0, 6.0, -2.0; 3
6.0, 6.0, -2.0; 2
7.0, 6.0, -2.0; 1
-7.0, 7.0, -2.0; 1
-6.0, 7.0, -2.0; 24
-5.0, 7.0, -2.0; 40
-4.0, 7.0, -2.0; 41
-3.0, 7.0, -2.0; 23
-2.0, 7.0, -2.0; 9
-1.0, 7.0, -2.0; 14
0.0, 7.0, -2.0; 13
1.0, 7.0, -2.0; 21
2.0, 7.0, -2.0; 45
3.0, 7.0, -2.0; 25
4.0, 7.0, -2.0; 6
5.0, 7.0, -2.0; 4
6.0, 7.0, -2.0; 5
-6.0, 8.0, -2.0; 2
-5.0, 8.0, -2.0; 10
-4.0, 8.0, -2.0; 36
-3.0, 8.0, -2.0; 160
-2.0, 8.0, -2.0; 66
-1.0, 8.0, -2.0; 45
0.0, 8.0, -2.0; 63
1.0, 8.0, -2.0; 49
2.0, 8.0, -2.0; 17
3.0, 8.0, -2.0; 16
4.0, 8.0, -2.0; 1
5.0, 8.0, -2.0; 2
-4.0, 9.0, -2.0; 3
-3.0, 9.0, -2.0; 22
-2.0, 9.0, -2.0; 32
-1.0, 9.0, -2.0; 42
0.0, 9.0, -2.0; 60
1.0, 9.0, -2.0; 55
2.0, 9.0, -2.0; 23
3.0, 9.0, -2.0; 1
-5.0, -10.0, -1.0; 3
-4.0, -10.0, -1.0; 41
-3.0, -10.0, -1.0; 53
-2.0, -10.0, -1.0; 83
-1.0, -10.0, -1.0; 126
0.0, -10.0, -1.0; 95
1.0, -10.0, -1.0; 45
2.0, -10.0, -1.0; 11
3.0, -10.0, -1.0; 5
4.0, -10.0, -1.0; 1
-6.0, -9.0, -1.0; 15
-5.0, -9.0, -1.0; 19
-4.0, -9.0, -1.0; 17
-3.0, -9.0, -1.0; 6
-2.0, -9.0, -1.0; 14
-1.0, -9.0, -1.0; 18
0.0, -9.0, -1.0; 27
1.0, -9.0, -1.0; 29
2.0, -9.0, -1.0; 27
3.0, -9.0, -1.0; 11
4.0, -9.0, -1.0; 6
5.0, -9.0, -1.0; 2
-7.0, -8.0, -1.0; 6
-6.0, -8.0, -1.0; 14
-5.0, -8.0, -1.0; 4
-4.0, -8.0, -1.0; 4
-3.0, -8.0, -1.0; 5
-2.0, -8.0, -1.0; 19
-1.0, -8.0, -1.0; 58
0.0, -8.0, -1.0; 46
1.0, -8.0, -1.0; 21
2.0, -8.0, -1.0; 12
3.0, -8.0, -1.0; 10
4.0, -8.0, -1.0; 9
5.0, -8.0, -1.0; 12
6.0, -8.0, -1.0; 2
-8.0, -7.0, -1.0; 10
-7.0, -7.0, -1.0; 8
-6.0, -7.0, -1.0; 4
-5.0, -7.0, -1.0; 4
-4.0, -7.0, -1.0; 2
-3.0, -7.0, -1.0; 9
-2.0, -7.0, -1.0; 33
-1.0, -7.0, -1.0; 119
0.0, -7.0, -1.0; 162
1.0, -7.0, -1.0; 62
2.0, -7.0, -1.0; 11
3.0, -7.0, -1.0; 13
4.0, -7.0, -1.0; 18
5.0, -7.0, -1.0; 9
6.0, -7.0, -1.0; 2
-9.0, -6.0, -1.0; 4
-8.0, -6.0, -1.0; 17
-7.0, -6.0, -1.0; 7
-6.0, -6.0, -1.0; 2
-5.0, -6.0, -1.0; 1
-4.0, -6.0, -1.0; 2
-3.0, -6.0, -1.0; 2
-2.0, -6.0, -1.0; 7
-1.0, -6.0, -1.0; 23
0.0, -6.0, -1.0; 67
1.0, -6.0, -1.0; 53
2.0, -6.0, -1.0; 37
3.0, -6.0, -1.0; 8
4.0, -6.0, -1.0; 13
5.0, -6.0, -1.0; 18
6.0, -6.0, -1.0; 5
7.0, -6.0, -1.0; 4
-9.0, -5.0, -1.0; 8
-8.0, -5.0, -1.0; 13
-7.0, -5.0, -1.0; 5
-6.0, -5.0, -1.0; 10
-5.0, -5.0, -1.0; 2
-2.0, -5.0, -1.0; 1
-1.0, -5.0, -1.0; 1
0.0, -5.0, -1.0; 2
1.0, -5.0, -1.0; 6
2.0, -5.0, -1.0; 43
3.0, -5.0, -1.0; 6
4.0, -5.0, -1.0; 3
5.0, -5.0, -1.0; 6
6.0, -5.0, -1.0; 3
8.0, -5.0, -1.0; 1
-10.0, -4.0, -1.0; 4
-9.0, -4.0, -1.0; 19
-8.0, -4.0, -1.0; 14
-7.0, -4.0, -1.0; 17
-6.0, -4.0, -1.0; 12
-5.0, -4.0, -1.0; 6
2.0, -4.0, -1.0; 1
3.0, -4.0, -1.0; 10
4.0, -4.0, -1.0; 1
5.0, -4.0, -1.0; 1
6.0, -4.0, -1.0; 1
-10.0, -3.0, -1.0; 4
-9.0, -3.0, -1.0; 12
-8.0, -3.0, -1.0; 9
-7.0, -3.0, -1.0; 6
-6.0, -3.0, -1.0; 17
-5.0, -3.0, -1.0; 9
-4.0, -3.0, -1.0; 1
4.0, -3.0, -1.0; 1
7.0, -3.0, -1.0; 3
-10.0, -2.0, -1.0; 6
-9.0, -2.0, -1.0; 4
-8.0, -2.0, -1.0; 8
-7.0, -2.0, -1.0; 8
-6.0, -2.0, -1.0; 8
-5.0, -2.0, -1.0; 3
7.0, -2.0, -1.0; 1
-10.0, -1.0, -1.0; 5
-9.0, -1.0, -1.0; 3
-8.0, -1.0, -1.0; 7
-7.0, -1.0, -1.0; 9
-5.0, -1.0, -1.0; 1
-10.0, 0.0, -1.0; 1
-9.0, 0.0, -1.0; 6
-8.0, 0.0, -1.0; 10
-7.0, 0.0, -1.0; 5
-6.0, 0.0, -1.0; 51
-5.0, 0.0, -1.0; 3
5.0, 0.0, -1.0; 1
6.0, 0.0, -1.0; 1
7.0, 0.0, -1.0; 2
-10.0, 1.0, -1.0; 1
-9.0, 1.0, -1.0; 6
-8.0, 1.0, -1.0; 5
-7.0, 1.0, -1.0; 3
-6.0, 1.0, -1.0; 3641
-5.0, 1.0, -1.0; 580
4.0, 1.0, -1.0; 1
6.0, 1.0, -1.0; 1
7.0, 1.0, -1.0; 3
8.0, 1.0, -1.0; 1
-10.0, 2.0, -1.0; 4
-9.0, 2.0, -1.0; 17
-8.0, 2.0, -1.0; 7
-7.0, 2.0, -1.0; 11
-6.0, 2.0, -1.0; 305
-5.0, 2.0, -1.0; 323
4.0, 2.0, -1.0; 2
5.0, 2.0, -1.0; 2
6.0, 2.0, -1.0; 6
7.0, 2.0, -1.0; 2
9.0, 2.0, -1.0; 3
-10.0, 3.0, -1.0; 1
-9.0, 3.0, -1.0; 13
-8.0, 3.0, -1.0; 14
-7.0, 3.0, -1.0; 6
-6.0, 3.0, -1.0; 38
-5.0, 3.0, -1.0; 14
3.0, 3.0, -1.0; 6
4.0, 3.0, -1.0; 14
5.0, 3.0, -1.0; 6
6.0, 3.0, -1.0; 5
7.0, 3.0, -1.0; 4
9.0, 3.0, -1.0; 1
-9.0, 4.0, -1.0; 8
-8.0, 4.0, -1.0; 27
-7.0, 4.0, -1.0; 8
-6.0, 4.0, -1.0; 43
-5.0, 4.0, -1.0; 60
-4.0, 4.0, -1.0; 3
-2.0, 4.0, -1.0; 1
-1.0, 4.0, -1.0; 1
1.0, 4.0, -1.0; 7
2.0, 4.0, -1.0; 24
3.0, 4.0, -1.0; 11
4.0, 4.0, -1.0; 37
5.0, 4.0, -1.0; 8
6.0, 4.0, -1.0; 1
7.0, 4.0, -1.0; 5
8.0, 4.0, -1.0; 1
-9.0, 5.0, -1.0; 2
-8.0, 5.0, -1.0; 17
-7.0, 5.0, -1.0; 20
-6.0, 5.0, -1.0; 5
-5.0, 5.0, -1.0; 24
-4.0, 5.0, -1.0; 48
-3.0, 5.0, -1.0; 9
-2.0, 5.0, -1.0; 4
-1.0, 5.0, -1.0; 6
0.0, 5.0, -1.0; 72
1.0, 5.0, -1.0; 101
2.0, 5.0, -1.0; 29
3.0, 5.0, -1.0; 17
4.0, 5.0, -1.0; 11
5.0, 5.0, -1.0; 5
7.0, 5.0, -1.0; 4
8.0, 5.0, -1.0; 3
-8.0, 6.0, -1.0; 8
-7.0, 6.0, -1.0; 120
-6.0, 6.0, -1.0; 755
-5.0, 6.0, -1.0; 187
-4.0, 6.0, -1.0; 17
-3.0, 6.0, -1.0; 33
-2.0, 6.0, -1.0; 102
-1.0, 6.0, -1.0; 339
0.0, 6.0, -1.0; 466
1.0, 6.0, -1.0; 111
2.0, 6.0, -1.0; 7
3.0, 6.0, -1.0; 11
4.0, 6.0, -1.0; 6
5.0, 6.0, -1.0; 4
6.0, 6.0, -1.0; 6
7.0, 6.0, -1.0; 5
-7.0, 7.0, -1.0; 9
-6.0, 7.0, -1.0; 72
-5.0, 7.0, -1.0; 205
-4.0, 7.0, -1.0; 58
-3.0, 7.0, -1.0; 26
-2.0, 7.0, -1.0; 19
-1.0, 7.0, -1.0; 60
0.0, 7.0, -1.0; 47
1.0, 7.0, -1.0; 33
2.0, 7.0, -1.0; 66
3.0, 7.0, -1.0; 21
4.0, 7.0, -1.0; 4
5.0, 7.0, -1.0; 6
6.0, 7.0, -1.0; 1
-6.0, 8.0, -1.0; 5
-5.0, 8.0, -1.0; 11
-4.0, 8.0, -1.0; 20
-3.0, 8.0, -1.0; 53
-2.0, 8.0, -1.0; 42
-1.0, 8.0, -1.0; 33
0.0, 8.0, -1.0; 74
1.0, 8.0, -1.0; 50
2.0, 8.0, -1.0; 23
3.0, 8.0, -1.0; 8
4.0, 8.0, -1.0; 4
5.0, 8.0, -1.0; 1
-4.0, 9.0, -1.0; 7
-3.0, 9.0, -1.0; 38
-2.0, 9.0, -1.0; 68
-1.0, 9.0, -1.0; 107
0.0, 9.0, -1.0; 77
1.0, 9.0, -1.0; 60
2.0, 9.0, -1.0; 25
3.0, 9.0, -1.0; 6
-5.0, -10.0, 0.0; 2
-4.0, -10.0, 0.0; 23
-3.0, -10.0, 0.0; 41
-2.0, -10.0, 0.0; 63
-1.0, -10.0, 0.0; 92
0.0, -10.0, 0.0; 79
1.0, -10.0, 0.0; 39
2.0, -10.0, 0.0; 13
3.0, -10.0, 0.0; 5
4.0, -10.0, 0.0; 1
-6.0, -9.0, 0.0; 14
-5.0, -9.0, 0.0; 29
-4.0, -9.0, 0.0; 28
-3.0, -9.0, 0.0; 20
-2.0, -9.0, 0.0; 9
-1.0, -9.0, 0.0; 21
0.0, -9.0, 0.0; 19
1.0, -9.0, 0.0; 24
2.0, -9.0, 0.0; 10
3.0, -9.0, 0.0; 8
4.0, -9.0, 0.0; 10
5.0, -9.0, 0.0; 2
-8.0, -8.0, 0.0; 1
-7.0, -8.0, 0.0; 16
-6.0, -8.0, 0.0; 11
-5.0, -8.0, 0.0; 7
-4.0, -8.0, 0.0; 6
-3.0, -8.0, 0.0; 2
-2.0, -8.0, 0.0; 52
-1.0, -8.0, 0.0; 48
0.0, -8.0, 0.0; 31
1.0, -8.0, 0.0; 32
2.0, -8.0, 0.0; 27
3.0, -8.0, 0.0; 16
4.0, -8.0, 0.0; 8
5.0, -8.0, 0.0; 7
6.0, -8.0, 0.0; 3
-8.0, -7.0, 0.0; 9
-7.0, -7.0, 0.0; 26
-6.0, -7.0, 0.0; 9
-5.0, -7.0, 0.0; 3
-4.0, -7.0, 0.0; 43
-3.0, -7.0, 0.0; 145
-2.0, -7.0, 0.0; 407
-1.0, -7.0, 0.0; 402
0.0, -7.0, 0.0; 198
1.0, -7.0, 0.0; 34
2.0, -7.0, 0.0; 18
3.0, -7.0, 0.0; 19
4.0, -7.0, 0.0; 17
5.0, -7.0, 0.0; 6
6.0, -7.0, 0.0; 5
7.0, -7.0, 0.0; 1
-9.0, -6.0, 0.0; 2
-8.0, -6.0, 0.0; 29
-7.0, -6.0, 0.0; 26
-6.0, -6.0, 0.0; 15
-5.0, -6.0, 0.0; 35
-4.0, -6.0, 0.0; 4
-3.0, -6.0, 0.0; 9
-2.0, -6.0, 0.0; 21
-1.0, -6.0, 0.0; 49
0.0, -6.0, 0.0; 56
1.0, -6.0, 0.0; 32
2.0, -6.0, 0.0; 24
3.0, -6.0, 0.0; 22
4.0, -6.0, 0.0; 12
5.0, -6.0, 0.0; 7
6.0, -6.0, 0.0; 6
7.0, -6.0, 0.0; 1
-9.0, -5.0, 0.0; 11
-8.0, -5.0, 0.0; 16
-7.0, -5.0, 0.0; 5
-6.0, -5.0, 0.0; 75
-5.0, -5.0, 0.0; 5
-4.0, -5.0, 0.0; 7
-3.0, -5.0, 0.0; 5
-2.0, -5.0, 0.0; 4
-1.0, -5.0, 0.0; 5
0.0, -5.0, 0.0; 3
1.0, -5.0, 0.0; 5
2.0, -5.0, 0.0; 22
3.0, -5.0, 0.0; 8
4.0, -5.0, 0.0; 4
5.0, -5.0, 0.0; 6
7.0, -5.0, 0.0; 2
8.0, -5.0, 0.0; 1
-10.0, -4.0, 0.0; 5
-9.0, -4.0, 0.0; 10
-8.0, -4.0, 0.0; 20
-7.0, -4.0, 0.0; 14
-6.0, -4.0, 0.0; 19
-5.0, -4.0, 0.0; 3
-4.0, -4.0, 0.0; 1
3.0, -4.0, 0.0; 3
4.0, -4.0, 0.0; 2
5.0, -4.0, 0.0; 2
6.0, -4.0, 0.0; 1
7.0, -4.0, 0.0; 3
-10.0, -3.0, 0.0; 5
-9.0, -3.0, 0.0; 11
-8.0, -3.0, 0.0; 16
-7.0, -3.0, 0.0; 5
-6.0, -3.0, 0.0; 2
-5.0, -3.0, 0.0; 1
-4.0, -3.0, 0.0; 1
5.0, -3.0, 0.0; 1
6.0, -3.0, 0.0; 2
8.0, -3.0, 0.0; 1
-10.0, -2.0, 0.0; 12
-9.0, -2.0, 0.0; 6
-8.0, -2.0, 0.0; 8
-7.0, -2.0, 0.0; 10
-6.0, -2.0, 0.0; 6
-5.0, -2.0, 0.0; 1
6.0, -2.0, 0.0; 1
-10.0, -1.0, 0.0; 1
-9.0, -1.0, 0.0; 7
-8.0, -1.0, 0.0; 7
-7.0, -1.0, 0.0; 10
-6.0, -1.0, 0.0; 7
4.0, -1.0, 0.0; 1
7.0, -1.0, 0.0; 1
-10.0, 0.0, 0.0; 3
-9.0, 0.0, 0.0; 3
-8.0, 0.0, 0.0; 10
-7.0, 0.0, 0.0; 13
-6.0, 0.0, 0.0; 17
-5.0, 0.0, 0.0; 5
6.0
24.5566631689
