-10.0, 1.0, 0.0; 3
-9.0, 1.0, 0.0; 2
-8.0, 1.0, 0.0; 6
-7.0, 1.0, 0.0; 1
-6.0, 1.0, 0.0; 104
-5.0, 1.0, 0.0; 105
5.0, 1.0, 0.0; 1
-10.0, 2.0, 0.0; 1
-9.0, 2.0, 0.0; 4
-8.0, 2.0, 0.0; 3
-7.0, 2.0, 0.0; 3
-6.0, 2.0, 0.0; 25
-5.0, 2.0, 0.0; 220
6.0, 2.0, 0.0; 1
-10.0, 3.0, 0.0; 1
-9.0, 3.0, 0.0; 6
-8.0, 3.0, 0.0; 9
-7.0, 3.0, 0.0; 8
-6.0, 3.0, 0.0; 7
-5.0, 3.0, 0.0; 36
-4.0, 3.0, 0.0; 1
3.0, 3.0, 0.0; 9
4.0, 3.0, 0.0; 5
5.0, 3.0, 0.0; 2
7.0, 3.0, 0.0; 1
8.0, 3.0, 0.0; 1
-9.0, 4.0, 0.0; 1
-8.0, 4.0, 0.0; 11
-7.0, 4.0, 0.0; 8
-6.0, 4.0, 0.0; 9
-5.0, 4.0, 0.0; 14
-4.0, 4.0, 0.0; 15
-3.0, 4.0, 0.0; 1
1.0, 4.0, 0.0; 8
2.0, 4.0, 0.0; 5
3.0, 4.0, 0.0; 8
4.0, 4.0, 0.0; 16
5.0, 4.0, 0.0; 5
6.0, 4.0, 0.0; 1
7.0, 4.0, 0.0; 1
-9.0, 5.0, 0.0; 1
-8.0, 5.0, 0.0; 9
-7.0, 5.0, 0.0; 9
-6.0, 5.0, 0.0; 6
-5.0, 5.0, 0.0; 8
-4.0, 5.0, 0.0; 27
-3.0, 5.0, 0.0; 43
-2.0, 5.0, 0.0; 16
-1.0, 5.0, 0.0; 28
0.0, 5.0, 0.0; 50
1.0, 5.0, 0.0; 71
2.0, 5.0, 0.0; 13
3.0, 5.0, 0.0; 9
4.0, 5.0, 0.0; 4
5.0, 5.0, 0.0; 4
6.0, 5.0, 0.0; 1
7.0, 5.0, 0.0; 4
-8.0, 6.0, 0.0; 5
-7.0, 6.0, 0.0; 63
-6.0, 6.0, 0.0; 606
-5.0, 6.0, 0.0; 106
-4.0, 6.0, 0.0; 23
-3.0, 6.0, 0.0; 40
-2.0, 6.0, 0.0; 71
-1.0, 6.0, 0.0; 113
0.0, 6.0, 0.0; 84
1.0, 6.0, 0.0; 21
2.0, 6.0, 0.0; 4
3.0, 6.0, 0.0; 3
4.0, 6.0, 0.0; 3
5.0, 6.0, 0.0; 3
6.0, 6.0, 0.0; 2
7.0, 6.0, 0.0; 4
-7.0, 7.0, 0.0; 5
-6.0, 7.0, 0.0; 32
-5.0, 7.0, 0.0; 105
-4.0, 7.0, 0.0; 12
-3.0, 7.0, 0.0; 9
-2.0, 7.0, 0.0; 20
-1.0, 7.0, 0.0; 48
0.0, 7.0, 0.0; 17
1.0, 7.0, 0.0; 3
2.0, 7.0, 0.0; 15
3.0, 7.0, 0.0; 6
4.0, 7.0, 0.0; 2
-6.0, 8.0, 0.0; 3
-5.0, 8.0, 0.0; 5
-4.0, 8.0, 0.0; 11
-3.0, 8.0, 0.0; 13
-2.0, 8.0, 0.0; 10
-1.0, 8.0, 0.0; 6
0.0, 8.0, 0.0; 12
1.0, 8.0, 0.0; 8
2.0, 8.0, 0.0; 6
3.0, 8.0, 0.0; 7
-4.0, 9.0, 0.0; 8
-3.0, 9.0, 0.0; 30
-2.0, 9.0, 0.0; 47
-1.0, 9.0, 0.0; 46
0.0, 9.0, 0.0; 31
1.0, 9.0, 0.0; 14
2.0, 9.0, 0.0; 6
3.0, 9.0, 0.0; 1
-4.0, -10.0, 1.0; 6
-3.0, -10.0, 1.0; 8
-2.0, -10.0, 1.0; 18
-1.0, -10.0, 1.0; 20
0.0, -10.0, 1.0; 16
1.0, -10.0, 1.0; 8
2.0, -10.0, 1.0; 3
-6.0, -9.0, 1.0; 4
-5.0, -9.0, 1.0; 13
-4.0, -9.0, 1.0; 10
-3.0, -9.0, 1.0; 11
-2.0, -9.0, 1.0; 10
-1.0, -9.0, 1.0; 11
0.0, -9.0, 1.0; 7
1.0, -9.0, 1.0; 3
2.0, -9.0, 1.0; 6
3.0, -9.0, 1.0; 2
5.0, -9.0, 1.0; 1
-7.0, -8.0, 1.0; 3
-6.0, -8.0, 1.0; 10
-5.0, -8.0, 1.0; 9
-4.0, -8.0, 1.0; 1
-3.0, -8.0, 1.0; 2
-2.0, -8.0, 1.0; 1
-1.0, -8.0, 1.0; 6
0.0, -8.0, 1.0; 15
1.0, -8.0, 1.0; 13
2.0, -8.0, 1.0; 4
3.0, -8.0, 1.0; 1
4.0, -8.0, 1.0; 1
5.0, -8.0, 1.0; 5
-8.0, -7.0, 1.0; 2
-7.0, -7.0, 1.0; 14
-6.0, -7.0, 1.0; 4
-5.0, -7.0, 1.0; 2
-4.0, -7.0, 1.0; 39
-3.0, -7.0, 1.0; 101
-2.0, -7.0, 1.0; 138
-1.0, -7.0, 1.0; 90
0.0, -7.0, 1.0; 23
1.0, -7.0, 1.0; 23
2.0, -7.0, 1.0; 14
3.0, -7.0, 1.0; 7
4.0, -7.0, 1.0; 1
5.0, -7.0, 1.0; 1
6.0, -7.0, 1.0; 1
-8.0, -6.0, 1.0; 6
-7.0, -6.0, 1.0; 7
-5.0, -6.0, 1.0; 58
-4.0, -6.0, 1.0; 53
-3.0, -6.0, 1.0; 62
-2.0, -6.0, 1.0; 66
-1.0, -6.0, 1.0; 65
0.0, -6.0, 1.0; 14
1.0, -6.0, 1.0; 18
2.0, -6.0, 1.0; 35
3.0, -6.0, 1.0; 8
4.0, -6.0, 1.0; 1
-9.0, -5.0, 1.0; 2
-8.0, -5.0, 1.0; 8
-7.0, -5.0, 1.0; 1
-6.0, -5.0, 1.0; 22
-5.0, -5.0, 1.0; 51
-4.0, -5.0, 1.0; 5
-3.0, -5.0, 1.0; 3
-2.0, -5.0, 1.0; 3
-1.0, -5.0, 1.0; 3
0.0, -5.0, 1.0; 2
1.0, -5.0, 1.0; 1
2.0, -5.0, 1.0; 5
3.0, -5.0, 1.0; 5
4.0, -5.0, 1.0; 1
5.0, -5.0, 1.0; 1
6.0, -5.0, 1.0; 2
-9.0, -4.0, 1.0; 2
-8.0, -4.0, 1.0; 11
-7.0, -4.0, 1.0; 3
-6.0, -4.0, 1.0; 31
-5.0, -4.0, 1.0; 8
-4.0, -4.0, 1.0; 1
-2.0, -4.0, 1.0; 1
2.0, -4.0, 1.0; 1
3.0, -4.0, 1.0; 2
5.0, -4.0, 1.0; 1
6.0, -4.0, 1.0; 2
8.0, -4.0, 1.0; 1
-9.0, -3.0, 1.0; 2
-8.0, -3.0, 1.0; 5
-7.0, -3.0, 1.0; 1
-6.0, -3.0, 1.0; 1
4.0, -3.0, 1.0; 1
5.0, -3.0, 1.0; 1
9.0, -3.0, 1.0; 1
-10.0, -2.0, 1.0; 1
-9.0, -2.0, 1.0; 1
-8.0, -2.0, 1.0; 8
-7.0, -2.0, 1.0; 5
-6.0, -2.0, 1.0; 4
4.0, -2.0, 1.0; 1
-10.0, -1.0, 1.0; 3
-9.0, -1.0, 1.0; 2
-8.0, -1.0, 1.0; 2
-7.0, -1.0, 1.0; 4
-6.0, -1.0, 1.0; 8
-5.0, -1.0, 1.0; 1
-10.0, 0.0, 1.0; 2
-9.0, 0.0, 1.0; 3
-8.0, 0.0, 1.0; 2
-7.0, 0.0, 1.0; 6
-6.0, 0.0, 1.0; 35
-10.0, 1.0, 1.0; 1
-9.0, 1.0, 1.0; 2
-8.0, 1.0, 1.0; 3
-7.0, 1.0, 1.0; 2
-6.0, 1.0, 1.0; 22
-5.0, 1.0, 1.0; 15
6.0, 1.0, 1.0; 2
-9.0, 2.0, 1.0; 2
-8.0, 2.0, 1.0; 2
-6.0, 2.0, 1.0; 4
-5.0, 2.0, 1.0; 70
-4.0, 2.0, 1.0; 7
4.0, 2.0, 1.0; 2
5.0, 2.0, 1.0; 1
7.0, 2.0, 1.0; 2
-9.0, 3.0, 1.0; 2
-8.0, 3.0, 1.0; 7
-7.0, 3.0, 1.0; 4
-6.0, 3.0, 1.0; 7
-5.0, 3.0, 1.0; 33
-4.0, 3.0, 1.0; 36
-3.0, 3.0, 1.0; 1
-2.0, 3.0, 1.0; 1
3.0, 3.0, 1.0; 2
4.0, 3.0, 1.0; 2
7.0, 3.0, 1.0; 5
-9.0, 4.0, 1.0; 2
-8.0, 4.0, 1.0; 9
-7.0, 4.0, 1.0; 9
-6.0, 4.0, 1.0; 11
-5.0, 4.0, 1.0; 9
-4.0, 4.0, 1.0; 55
-3.0, 4.0, 1.0; 30
-2.0, 4.0, 1.0; 5
-1.0, 4.0, 1.0; 2
0.0, 4.0, 1.0; 6
1.0, 4.0, 1.0; 28
2.0, 4.0, 1.0; 6
3.0, 4.0, 1.0; 18
4.0, 4.0, 1.0; 13
5.0, 4.0, 1.0; 2
6.0, 4.0, 1.0; 4
7.0, 4.0, 1.0; 4
-9.0, 5.0, 1.0; 1
-8.0, 5.0, 1.0; 7
-7.0, 5.0, 1.0; 7
-6.0, 5.0, 1.0; 7
-5.0, 5.0, 1.0; 11
-4.0, 5.0, 1.0; 67
-3.0, 5.0, 1.0; 759
-2.0, 5.0, 1.0; 464
-1.0, 5.0, 1.0; 34
0.0, 5.0, 1.0; 77
1.0, 5.0, 1.0; 38
2.0, 5.0, 1.0; 9
3.0, 5.0, 1.0; 11
4.0, 5.0, 1.0; 11
5.0, 5.0, 1.0; 2
6.0, 5.0, 1.0; 2
7.0, 5.0, 1.0; 6
-8.0, 6.0, 1.0; 2
-7.0, 6.0, 1.0; 26
-6.0, 6.0, 1.0; 82
-5.0, 6.0, 1.0; 42
-4.0, 6.0, 1.0; 29
-3.0, 6.0, 1.0; 45
-2.0, 6.0, 1.0; 40
-1.0, 6.0, 1.0; 32
0.0, 6.0, 1.0; 28
1.0, 6.0, 1.0; 2
2.0, 6.0, 1.0; 11
3.0, 6.0, 1.0; 6
4.0, 6.0, 1.0; 3
5.0, 6.0, 1.0; 4
6.0, 6.0, 1.0; 2
7.0, 6.0, 1.0; 2
-7.0, 7.0, 1.0; 6
-6.0, 7.0, 1.0; 12
-5.0, 7.0, 1.0; 23
-4.0, 7.0, 1.0; 7
-3.0, 7.0, 1.0; 4
-2.0, 7.0, 1.0; 3
-1.0, 7.0, 1.0; 16
0.0, 7.0, 1.0; 4
1.0, 7.0, 1.0; 7
2.0, 7.0, 1.0; 14
3.0, 7.0, 1.0; 1
4.0, 7.0, 1.0; 2
5.0, 7.0, 1.0; 1
6.0, 7.0, 1.0; 2
-6.0, 8.0, 1.0; 1
-5.0, 8.0, 1.0; 6
-4.0, 8.0, 1.0; 8
-3.0, 8.0, 1.0; 17
-2.0, 8.0, 1.0; 11
-1.0, 8.0, 1.0; 12
0.0, 8.0, 1.0; 9
1.0, 8.0, 1.0; 13
2.0, 8.0, 1.0; 12
3.0, 8.0, 1.0; 2
5.0, 8.0, 1.0; 1
-4.0, 9.0, 1.0; 3
-3.0, 9.0, 1.0; 17
-2.0, 9.0, 1.0; 23
-1.0, 9.0, 1.0; 31
0.0, 9.0, 1.0; 24
1.0, 9.0, 1.0; 5
2.0, 9.0, 1.0; 2
3.0, 9.0, 1.0; 1
-4.0, -10.0, 2.0; 1
-3.0, -10.0, 2.0; 5
-2.0, -10.0, 2.0; 4
-1.0, -10.0, 2.0; 2
0.0, -10.0, 2.0; 3
1.0, -10.0, 2.0; 3
2.0, -10.0, 2.0; 1
-5.0, -9.0, 2.0; 4
-4.0, -9.0, 2.0; 9
-3.0, -9.0, 2.0; 8
-2.0, -9.0, 2.0; 17
-1.0, -9.0, 2.0; 17
0.0, -9.0, 2.0; 4
1.0, -9.0, 2.0; 4
2.0, -9.0, 2.0; 2
3.0, -9.0, 2.0; 5
4.0, -9.0, 2.0; 4
5.0, -9.0, 2.0; 2
-7.0, -8.0, 2.0; 2
-6.0, -8.0, 2.0; 4
-5.0, -8.0, 2.0; 16
-4.0, -8.0, 2.0; 7
-3.0, -8.0, 2.0; 8
-2.0, -8.0, 2.0; 4
-1.0, -8.0, 2.0; 3
0.0, -8.0, 2.0; 8
1.0, -8.0, 2.0; 5
2.0, -8.0, 2.0; 3
4.0, -8.0, 2.0; 3
5.0, -8.0, 2.0; 1
6.0, -8.0, 2.0; 1
-7.0, -7.0, 2.0; 7
-6.0, -7.0, 2.0; 5
-5.0, -7.0, 2.0; 2
-4.0, -7.0, 2.0; 1
-3.0, -7.0, 2.0; 4
-2.0, -7.0, 2.0; 7
-1.0, -7.0, 2.0; 11
0.0, -7.0, 2.0; 4
1.0, -7.0, 2.0; 2
2.0, -7.0, 2.0; 6
3.0, -7.0, 2.0; 2
5.0, -7.0, 2.0; 4
6.0, -7.0, 2.0; 1
-8.0, -6.0, 2.0; 3
-7.0, -6.0, 2.0; 9
-6.0, -6.0, 2.0; 4
-5.0, -6.0, 2.0; 4
-4.0, -6.0, 2.0; 33
-3.0, -6.0, 2.0; 79
-2.0, -6.0, 2.0; 65
-1.0, -6.0, 2.0; 19
0.0, -6.0, 2.0; 5
1.0, -6.0, 2.0; 10
2.0, -6.0, 2.0; 4
3.0, -6.0, 2.0; 1
4.0, -6.0, 2.0; 2
5.0, -6.0, 2.0; 2
6.0, -6.0, 2.0; 2
-9.0, -5.0, 2.0; 1
-8.0, -5.0, 2.0; 2
-7.0, -5.0, 2.0; 5
-6.0, -5.0, 2.0; 2
-5.0, -5.0, 2.0; 32
-4.0, -5.0, 2.0; 54
-3.0, -5.0, 2.0; 18
-2.0, -5.0, 2.0; 3
-1.0, -5.0, 2.0; 2
1.0, -5.0, 2.0; 4
2.0, -5.0, 2.0; 1
6.0, -5.0, 2.0; 1
7.0, -5.0, 2.0; 1
-10.0, -4.0, 2.0; 1
-9.0, -4.0, 2.0; 1
-8.0, -4.0, 2.0; 4
-7.0, -4.0, 2.0; 2
-6.0, -4.0, 2.0; 2
-5.0, -4.0, 2.0; 28
-2.0, -4.0, 2.0; 1
1.0, -4.0, 2.0; 4
2.0, -4.0, 2.0; 2
4.0, -4.0, 2.0; 1
6.0, -4.0, 2.0; 4
-9.0, -3.0, 2.0; 3
-8.0, -3.0, 2.0; 6
-7.0, -3.0, 2.0; 6
-6.0, -3.0, 2.0; 1
-5.0, -3.0, 2.0; 1
-4.0, -3.0, 2.0; 1
5.0, -3.0, 2.0; 1
6.0, -3.0, 2.0; 3
-9.0, -2.0, 2.0; 3
-8.0, -2.0, 2.0; 2
-7.0, -2.0, 2.0; 5
-6.0, -2.0, 2.0; 2
-5.0, -2.0, 2.0; 4
-4.0, -2.0, 2.0; 1
-10.0, -1.0, 2.0; 3
-9.0, -1.0, 2.0; 2
-7.0, -1.0, 2.0; 5
-6.0, -1.0, 2.0; 11
-5.0, -1.0, 2.0; 4
-4.0, -1.0, 2.0; 1
-10.0, 0.0, 2.0; 1
-9.0, 0.0, 2.0; 4
-8.0, 0.0, 2.0; 6
-6.0, 0.0, 2.0; 22
-5.0, 0.0, 2.0; 12
6.0, 0.0, 2.0; 1
-10.0, 1.0, 2.0; 2
-9.0, 1.0, 2.0; 2
-8.0, 1.0, 2.0; 6
-7.0, 1.0, 2.0; 4
-6.0, 1.0, 2.0; 6
-5.0, 1.0, 2.0; 186
-4.0, 1.0, 2.0; 138
6.0, 1.0, 2.0; 3
7.0, 1.0, 2.0; 1
-10.0, 2.0, 2.0; 1
-9.0, 2.0, 2.0; 2
-8.0, 2.0, 2.0; 4
-7.0, 2.0, 2.0; 2
-6.0, 2.0, 2.0; 6
-5.0, 2.0, 2.0; 253
-4.0, 2.0, 2.0; 1116
-3.0, 2.0, 2.0; 18
3.0, 2.0, 2.0; 1
4.0, 2.0, 2.0; 1
5.0, 2.0, 2.0; 3
6.0, 2.0, 2.0; 1
7.0, 2.0, 2.0; 1
-9.0, 3.0, 2.0; 1
-8.0, 3.0, 2.0; 9
-7.0, 3.0, 2.0; 1
-6.0, 3.0, 2.0; 5
-5.0, 3.0, 2.0; 16
-4.0, 3.0, 2.0; 167
-3.0, 3.0, 2.0; 65
-2.0, 3.0, 2.0; 7
-1.0, 3.0, 2.0; 2
0.0, 3.0, 2.0; 1
1.0, 3.0, 2.0; 4
2.0, 3.0, 2.0; 4
3.0, 3.0, 2.0; 4
4.0, 3.0, 2.0; 2
5.0, 3.0, 2.0; 2
6.0, 3.0, 2.0; 1
-9.0, 4.0, 2.0; 2
-8.0, 4.0, 2.0; 5
-7.0, 4.0, 2.0; 6
-6.0, 4.0, 2.0; 4
-5.0, 4.0, 2.0; 8
-4.0, 4.0, 2.0; 44
-3.0, 4.0, 2.0; 118
-2.0, 4.0, 2.0; 113
-1.0, 4.0, 2.0; 42
0.0, 4.0, 2.0; 36
1.0, 4.0, 2.0; 12
2.0, 4.0, 2.0; 13
3.0, 4.0, 2.0; 12
4.0, 4.0, 2.0; 4
5.0, 4.0, 2.0; 4
6.0, 4.0, 2.0; 3
7.0, 4.0, 2.0; 1
-9.0, 5.0, 2.0; 2
-8.0, 5.0, 2.0; 14
-7.0, 5.0, 2.0; 4
-6.0, 5.0, 2.0; 7
-5.0, 5.0, 2.0; 10
-4.0, 5.0, 2.0; 12
-3.0, 5.0, 2.0; 124
-2.0, 5.0, 2.0; 214
-1.0, 5.0, 2.0; 10
0.0, 5.0, 2.0; 18
1.0, 5.0, 2.0; 5
2.0, 5.0, 2.0; 8
3.0, 5.0, 2.0; 6
4.0, 5.0, 2.0; 7
6.0, 5.0, 2.0; 1
-8.0, 6.0, 2.0; 6
-7.0, 6.0, 2.0; 9
-6.0, 6.0, 2.0; 18
-5.0, 6.0, 2.0; 8
-4.0, 6.0, 2.0; 7
-3.0, 6.0, 2.0; 11
-2.0, 6.0, 2.0; 14
-1.0, 6.0, 2.0; 5
0.0, 6.0, 2.0; 2
1.0, 6.0, 2.0; 5
2.0, 6.0, 2.0; 4
3.0, 6.0, 2.0; 7
4.0, 6.0, 2.0; 5
5.0, 6.0, 2.0; 1
6.0, 6.0, 2.0; 3
-7.0, 7.0, 2.0; 2
-6.0, 7.0, 2.0; 7
-5.0, 7.0, 2.0; 13
-4.0, 7.0, 2.0; 7
-3.0, 7.0, 2.0; 3
-2.0, 7.0, 2.0; 5
-1.0, 7.0, 2.0; 3
0.0, 7.0, 2.0; 6
1.0, 7.0, 2.0; 11
2.0, 7.0, 2.0; 4
3.0, 7.0, 2.0; 5
4.0, 7.0, 2.0; 2
5.0, 7.0, 2.0; 2
-5.0, 8.0, 2.0; 8
-4.0, 8.0, 2.0; 10
-3.0, 8.0, 2.0; 13
-2.0, 8.0, 2.0; 12
-1.0, 8.0, 2.0; 12
0.0, 8.0, 2.0; 13
1.0, 8.0, 2.0; 13
2.0, 8.0, 2.0; 6
3.0, 8.0, 2.0; 2
-4.0, 9.0, 2.0; 1
-3.0, 9.0, 2.0; 10
-2.0, 9.0, 2.0; 9
-1.0, 9.0, 2.0; 12
0.0, 9.0, 2.0; 11
1.0, 9.0, 2.0; 3
2.0, 9.0, 2.0; 1
-2.0, -10.0, 3.0; 2
-1.0, -10.0, 3.0; 1
-4.0, -9.0, 3.0; 9
-3.0, -9.0, 3.0; 5
-2.0, -9.0, 3.0; 9
-1.0, -9.0, 3.0; 5
0.0, -9.0, 3.0; 3
1.0, -9.0, 3.0; 4
2.0, -9.0, 3.0; 4
3.0, -9.0, 3.0; 2
4.0, -9.0, 3.0; 2
-7.0, -8.0, 3.0; 1
-6.0, -8.0, 3.0; 3
-5.0, -8.0, 3.0; 11
-4.0, -8.0, 3.0; 13
-3.0, -8.0, 3.0; 12
-2.0, -8.0, 3.0; 7
-1.0, -8.0, 3.0; 2
0.0, -8.0, 3.0; 7
1.0, -8.0, 3.0; 3
2.0, -8.0, 3.0; 3
3.0, -8.0, 3.0; 3
4.0, -8.0, 3.0; 4
-7.0, -7.0, 3.0; 4
-6.0, -7.0, 3.0; 6
-5.0, -7.0, 3.0; 13
-4.0, -7.0, 3.0; 9
-3.0, -7.0, 3.0; 4
-2.0, -7.0, 3.0; 8
-1.0, -7.0, 3.0; 3
0.0, -7.0, 3.0; 5
1.0, -7.0, 3.0; 4
2.0, -7.0, 3.0; 2
4.0, -7.0, 3.0; 1
5.0, -7.0, 3.0; 2
6.0, -7.0, 3.0; 1
-8.0, -6.0, 3.0; 1
-7.0, -6.0, 3.0; 2
-6.0, -6.0, 3.0; 5
-5.0, -6.0, 3.0; 4
-4.0, -6.0, 3.0; 3
-3.0, -6.0, 3.0; 2
-2.0, -6.0, 3.0; 4
-1.0, -6.0, 3.0; 2
0.0, -6.0, 3.0; 6
1.0, -6.0, 3.0; 6
2.0, -6.0, 3.0; 2
3.0, -6.0, 3.0; 1
4.0, -6.0, 3.0; 2
-8.0, -5.0, 3.0; 2
-7.0, -5.0, 3.0; 7
-6.0, -5.0, 3.0; 2
-5.0, -5.0, 3.0; 2
-3.0, -5.0, 3.0; 1
-2.0, -5.0, 3.0; 4
-1.0, -5.0, 3.0; 2
1.0, -5.0, 3.0; 1
2.0, -5.0, 3.0; 3
6.0, -5.0, 3.0; 1
7.0, -5.0, 3.0; 2
-9.0, -4.0, 3.0; 2
-8.0, -4.0, 3.0; 3
-7.0, -4.0, 3.0; 5
-5.0, -4.0, 3.0; 4
-4.0, -4.0, 3.0; 1
-2.0, -4.0, 3.0; 3
-1.0, -4.0, 3.0; 1
1.0, -4.0, 3.0; 2
2.0, -4.0, 3.0; 2
3.0, -4.0, 3.0; 1
6.0, -4.0, 3.0; 1
8.0, -4.0, 3.0; 1
-8.0, -3.0, 3.0; 3
-7.0, -3.0, 3.0; 9
-6.0, -3.0, 3.0; 15
-5.0, -3.0, 3.0; 4
-4.0, -3.0, 3.0; 2
1.0, -3.0, 3.0; 1
4.0, -3.0, 3.0; 1
-9.0, -2.0, 3.0; 3
-8.0, -2.0, 3.0; 1
-7.0, -2.0, 3.0; 2
-6.0, -2.0, 3.0; 11
-5.0, -2.0, 3.0; 14
-4.0, -2.0, 3.0; 3
-3.0, -2.0, 3.0; 3
-2.0, -2.0, 3.0; 1
-1.0, -2.0, 3.0; 1
4.0, -2.0, 3.0; 1
6.0, -2.0, 3.0; 1
-10.0, -1.0, 3.0; 2
-9.0, -1.0, 3.0; 2
-8.0, -1.0, 3.0; 2
-7.0, -1.0, 3.0; 2
-6.0, -1.0, 3.0; 6
-5.0, -1.0, 3.0; 5
-4.0, -1.0, 3.0; 2
-3.0, -1.0, 3.0; 2
-2.0, -1.0, 3.0; 1
5.0, -1.0, 3.0; 1
6.0, -1.0, 3.0; 2
-10.0, 0.0, 3.0; 1
-9.0, 0.0, 3.0; 2
-7.0, 0.0, 3.0; 1
-6.0, 0.0, 3.0; 4
-5.0, 0.0, 3.0; 6
-4.0, 0.0, 3.0; 12
-3.0, 0.0, 3.0; 3
-2.0, 0.0, 3.0; 5
-1.0, 0.0, 3.0; 1
-9.0, 1.0, 3.0; 5
-8.0, 1.0, 3.0; 2
-7.0, 1.0, 3.0; 1
-6.0, 1.0, 3.0; 2
-5.0, 1.0, 3.0; 29
-4.0, 1.0, 3.0; 133
-3.0, 1.0, 3.0; 35
-2.0, 1.0, 3.0; 2
-1.0, 1.0, 3.0; 2
3.0, 1.0, 3.0; 3
6.0, 1.0, 3.0; 1
-9.0, 2.0, 3.0; 4
-8.0, 2.0, 3.0; 5
-7.0, 2.0, 3.0; 10
-6.0, 2.0, 3.0; 4
-5.0, 2.0, 3.0; 4
-4.0, 2.0, 3.0; 100
-3.0, 2.0, 3.0; 92
-2.0, 2.0, 3.0; 15
-1.0, 2.0, 3.0; 6
0.0, 2.0, 3.0; 2
1.0, 2.0, 3.0; 2
2.0, 2.0, 3.0; 9
3.0, 2.0, 3.0; 2
5.0, 2.0, 3.0; 1
6.0, 2.0, 3.0; 1
-8.0, 3.0, 3.0; 4
-7.0, 3.0, 3.0; 4
-6.0, 3.0, 3.0; 5
-5.0, 3.0, 3.0; 2
-4.0, 3.0, 3.0; 9
-3.0, 3.0, 3.0; 39
-2.0, 3.0, 3.0; 50
-1.0, 3.0, 3.0; 19
0.0, 3.0, 3.0; 6
1.0, 3.0, 3.0; 5
2.0, 3.0, 3.0; 15
3.0, 3.0, 3.0; 3
4.0, 3.0, 3.0; 1
-9.0, 4.0, 3.0; 2
-8.0, 4.0, 3.0; 6
-7.0, 4.0, 3.0; 4
-6.0, 4.0, 3.0; 9
-5.0, 4.0, 3.0; 4
-4.0, 4.0, 3.0; 7
-3.0, 4.0, 3.0; 13
-2.0, 4.0, 3.0; 23
-1.0, 4.0, 3.0; 8
0.0, 4.0, 3.0; 3
1.0, 4.0, 3.0; 3
2.0, 4.0, 3.0; 15
3.0, 4.0, 3.0; 4
4.0, 4.0, 3.0; 2
5.0, 4.0, 3.0; 1
6.0, 4.0, 3.0; 1
-8.0, 5.0, 3.0; 12
-7.0, 5.0, 3.0; 7
-6.0, 5.0, 3.0; 6
-5.0, 5.0, 3.0; 5
-4.0, 5.0, 3.0; 1
-3.0, 5.0, 3.0; 4
-2.0, 5.0, 3.0; 4
-1.0, 5.0, 3.0; 1
0.0, 5.0, 3.0; 2
1.0, 5.0, 3.0; 5
2.0, 5.0, 3.0; 6
3.0, 5.0, 3.0; 2
4.0, 5.0, 3.0; 4
6.0, 5.0, 3.0; 3
-8.0, 6.0, 3.0; 1
-7.0, 6.0, 3.0; 2
-6.0, 6.0, 3.0; 4
-5.0, 6.0, 3.0; 9
-4.0, 6.0, 3.0; 5
-3.0, 6.0, 3.0; 6
-2.0, 6.0, 3.0; 2
-1.0, 6.0, 3.0; 2
0.0, 6.0, 3.0; 6
1.0, 6.0, 3.0; 8
2.0, 6.0, 3.0; 3
3.0, 6.0, 3.0; 3
4.0, 6.0, 3.0; 3
5.0, 6.0, 3.0; 3
6.0, 6.0, 3.0; 3
7.0, 6.0, 3.0; 1
-6.0, 7.0, 3.0; 4
-5.0, 7.0, 3.0; 10
-4.0, 7.0, 3.0; 17
-3.0, 7.0, 3.0; 5
-2.0, 7.0, 3.0; 8
-1.0, 7.0, 3.0; 10
0.0, 7.0, 3.0; 15
1.0, 7.0, 3.0; 3
4.0, 7.0, 3.0; 2
5.0, 7.0, 3.0; 2
-5.0, 8.0, 3.0; 2
-4.0, 8.0, 3.0; 10
-3.0, 8.0, 3.0; 15
-2.0, 8.0, 3.0; 16
-1.0, 8.0, 3.0; 12
0.0, 8.0, 3.0; 9
1.0, 8.0, 3.0; 7
-3.0, 9.0, 3.0; 5
-2.0, 9.0, 3.0; 3
-1.0, 9.0, 3.0; 3
0.0, 9.0, 3.0; 2
-2.0, -9.0, 4.0; 2
-1.0, -9.0, 4.0; 1
0.0, -9.0, 4.0; 1
1.0, -9.0, 4.0; 1
2.0, -9.0, 4.0; 1
3.0, -9.0, 4.0; 2
-6.0, -8.0, 4.0; 1
-5.0, -8.0, 4.0; 2
-4.0, -8.0, 4.0; 5
-3.0, -8.0, 4.0; 2
-2.0, -8.0, 4.0; 4
-1.0, -8.0, 4.0; 3
0.0, -8.0, 4.0; 2
1.0, -8.0, 4.0; 1
2.0, -8.0, 4.0; 2
3.0, -8.0, 4.0; 1
4.0, -8.0, 4.0; 1
5.0, -8.0, 4.0; 1
-6.0, -7.0, 4.0; 1
-5.0, -7.0, 4.0; 8
-4.0, -7.0, 4.0; 12
-3.0, -7.0, 4.0; 8
-2.0, -7.0, 4.0; 6
-1.0, -7.0, 4.0; 6
0.0, -7.0, 4.0; 5
1.0, -7.0, 4.0; 1
3.0, -7.0, 4.0; 3
4.0, -7.0, 4.0; 2
5.0, -7.0, 4.0; 2
-7.0, -6.0, 4.0; 3
-6.0, -6.0, 4.0; 6
-5.0, -6.0, 4.0; 4
-4.0, -6.0, 4.0; 5
-3.0, -6.0, 4.0; 6
-2.0, -6.0, 4.0; 8
-1.0, -6.0, 4.0; 4
0.0, -6.0, 4.0; 1
1.0, -6.0, 4.0; 1
2.0, -6.0, 4.0; 1
3.0, -6.0, 4.0; 1
4.0, -6.0, 4.0; 1
-8.0, -5.0, 4.0; 1
-7.0, -5.0, 4.0; 2
-6.0, -5.0, 4.0; 1
-4.0, -5.0, 4.0; 2
-3.0, -5.0, 4.0; 2
-2.0, -5.0, 4.0; 3
-1.0, -5.0, 4.0; 5
0.0, -5.0, 4.0; 1
1.0, -5.0, 4.0; 1
4.0, -5.0, 4.0; 2
7.0, -5.0, 4.0; 1
-9.0, -4.0, 4.0; 1
-8.0, -4.0, 4.0; 2
-7.0, -4.0, 4.0; 1
-6.0, -4.0, 4.0; 4
-5.0, -4.0, 4.0; 4
-4.0, -4.0, 4.0; 10
-3.0, -4.0, 4.0; 11
-2.0, -4.0, 4.0; 12
-1.0, -4.0, 4.0; 5
0.0, -4.0, 4.0; 5
1.0, -4.0, 4.0; 2
2.0, -4.0, 4.0; 1
3.0, -4.0, 4.0; 1
4.0, -4.0, 4.0; 1
-9.0, -3.0, 4.0; 1
-8.0, -3.0, 4.0; 1
-7.0, -3.0, 4.0; 1
-6.0, -3.0, 4.0; 5
-5.0, -3.0, 4.0; 11
-4.0, -3.0, 4.0; 14
-3.0, -3.0, 4.0; 3
-2.0, -3.0, 4.0; 5
-1.0, -3.0, 4.0; 1
0.0, -3.0, 4.0; 4
1.0, -3.0, 4.0; 1
2.0, -3.0, 4.0; 1
3.0, -3.0, 4.0; 1
4.0, -3.0, 4.0; 1
5.0, -3.0, 4.0; 2
6.0, -3.0, 4.0; 1
-9.0, -2.0, 4.0; 2
-8.0, -2.0, 4.0; 2
-7.0, -2.0, 4.0; 3
-5.0, -2.0, 4.0; 9
-4.0, -2.0, 4.0; 7
-3.0, -2.0, 4.0; 1
-2.0, -2.0, 4.0; 3
-1.0, -2.0, 4.0; 4
0.0, -2.0, 4.0; 5
2.0, -2.0, 4.0; 1
3.0, -2.0, 4.0; 1
5.0, -2.0, 4.0; 1
-9.0, -1.0, 4.0; 1
-8.0, -1.0, 4.0; 2
-7.0, -1.0, 4.0; 3
-6.0, -1.0, 4.0; 1
-5.0, -1.0, 4.0; 2
-4.0, -1.0, 4.0; 10
-3.0, -1.0, 4.0; 17
-2.0, -1.0, 4.0; 4
-1.0, -1.0, 4.0; 14
0.0, -1.0, 4.0; 8
1.0, -1.0, 4.0; 4
2.0, -1.0, 4.0; 1
-9.0, 0.0, 4.0; 2
-8.0, 0.0, 4.0; 3
-7.0, 0.0, 4.0; 5
-6.0, 0.0, 4.0; 1
-4.0, 0.0, 4.0; 5
-3.0, 0.0, 4.0; 8
-2.0, 0.0, 4.0; 4
-1.0, 0.0, 4.0; 2
1.0, 0.0, 4.0; 1
-9.0, 1.0, 4.0; 1
-8.0, 1.0, 4.0; 5
-7.0, 1.0, 4.0; 2
-5.0, 1.0, 4.0; 1
-4.0, 1.0, 4.0; 3
-3.0, 1.0, 4.0; 4
-2.0, 1.0, 4.0; 4
-1.0, 1.0, 4.0; 2
1.0, 1.0, 4.0; 1
2.0, 1.0, 4.0; 2
5.0, 1.0, 4.0; 1
-9.0, 2.0, 4.0; 4
-8.0, 2.0, 4.0; 3
-7.0, 2.0, 4.0; 2
-6.0, 2.0, 4.0; 3
-4.0, 2.0, 4.0; 3
-3.0, 2.0, 4.0; 5
-2.0, 2.0, 4.0; 5
-1.0, 2.0, 4.0; 3
0.0, 2.0, 4.0; 9
1.0, 2.0, 4.0; 18
2.0, 2.0, 4.0; 4
4.0, 2.0, 4.0; 1
-8.0, 3.0, 4.0; 4
-7.0, 3.0, 4.0; 7
-6.0, 3.0, 4.0; 4
-5.0, 3.0, 4.0; 3
-4.0, 3.0, 4.0; 1
-3.0, 3.0, 4.0; 1
-2.0, 3.0, 4.0; 2
-1.0, 3.0, 4.0; 3
0.0, 3.0, 4.0; 8
1.0, 3.0, 4.0; 8
2.0, 3.0, 4.0; 5
3.0, 3.0, 4.0; 2
4.0, 3.0, 4.0; 1
5.0, 3.0, 4.0; 2
-8.0, 4.0, 4.0; 2
-7.0, 4.0, 4.0; 3
-6.0, 4.0, 4.0; 5
-5.0, 4.0, 4.0; 5
-4.0, 4.0, 4.0; 8
-1.0, 4.0, 4.0; 2
0.0, 4.0, 4.0; 6
1.0, 4.0, 4.0; 9
2.0, 4.0, 4.0; 4
3.0, 4.0, 4.0; 1
4.0, 4.0, 4.0; 4
5.0, 4.0, 4.0; 1
6.0, 4.0, 4.0; 2
7.0, 4.0, 4.0; 1
-7.0, 5.0, 4.0; 2
-6.0, 5.0, 4.0; 4
-5.0, 5.0, 4.0; 7
-4.0, 5.0, 4.0; 6
-3.0, 5.0, 4.0; 9
-2.0, 5.0, 4.0; 4
-1.0, 5.0, 4.0; 2
0.0, 5.0, 4.0; 3
1.0, 5.0, 4.0; 6
2.0, 5.0, 4.0; 4
5.0, 5.0, 4.0; 5
6.0, 5.0, 4.0; 1
-7.0, 6.0, 4.0; 3
-6.0, 6.0, 4.0; 5
-5.0, 6.0, 4.0; 9
-4.0, 6.0, 4.0; 10
-3.0, 6.0, 4.0; 16
-2.0, 6.0, 4.0; 11
-1.0, 6.0, 4.0; 9
0.0, 6.0, 4.0; 7
1.0, 6.0, 4.0; 3
2.0, 6.0, 4.0; 3
3.0, 6.0, 4.0; 1
4.0, 6.0, 4.0; 2
5.0, 6.0, 4.0; 2
-5.0, 7.0, 4.0; 2
-4.0, 7.0, 4.0; 6
-3.0, 7.0, 4.0; 15
-2.0, 7.0, 4.0; 6
-1.0, 7.0, 4.0; 8
0.0, 7.0, 4.0; 5
1.0, 7.0, 4.0; 6
2.0, 7.0, 4.0; 3
3.0, 7.0, 4.0; 3
4.0, 7.0, 4.0; 2
-4.0, 8.0, 4.0; 1
-3.0, 8.0, 4.0; 10
-2.0, 8.0, 4.0; 4
-1.0, 8.0, 4.0; 6
0.0, 8.0, 4.0; 3
2.0, 8.0, 4.0; 1
3.0, 8.0, 4.0; 1
0.0, -9.0, 5.0; 1
-4.0, -8.0, 5.0; 2
-2.0, -8.0, 5.0; 1
-1.0, -8.0, 5.0; 1
0.0, -8.0, 5.0; 2
1.0, -8.0, 5.0; 1
-6.0, -7.0, 5.0; 1
-5.0, -7.0, 5.0; 4
-4.0, -7.0, 5.0; 1
-3.0, -7.0, 5.0; 5
-2.0, -7.0, 5.0; 6
-1.0, -7.0, 5.0; 2
0.0, -7.0, 5.0; 1
1.0, -7.0, 5.0; 1
2.0, -7.0, 5.0; 2
3.0, -7.0, 5.0; 2
-6.0, -6.0, 5.0; 2
-5.0, -6.0, 5.0; 4
-4.0, -6.0, 5.0; 5
-3.0, -6.0, 5.0; 2
-2.0, -6.0, 5.0; 4
-1.0, -6.0, 5.0; 2
1.0, -6.0, 5.0; 1
2.0, -6.0, 5.0; 1
3.0, -6.0, 5.0; 7
6.0, -6.0, 5.0; 1
-7.0, -5.0, 5.0; 3
-6.0, -5.0, 5.0; 4
-5.0, -5.0, 5.0; 3
-4.0, -5.0, 5.0; 6
-3.0, -5.0, 5.0; 3
-2.0, -5.0, 5.0; 5
-1.0, -5.0, 5.0; 2
0.0, -5.0, 5.0; 1
1.0, -5.0, 5.0; 1
3.0, -5.0, 5.0; 1
-8.0, -4.0, 5.0; 1
-7.0, -4.0, 5.0; 2
-6.0, -4.0, 5.0; 5
-5.0, -4.0, 5.0; 2
-4.0, -4.0, 5.0; 1
-3.0, -4.0, 5.0; 5
-2.0, -4.0, 5.0; 3
-1.0, -4.0, 5.0; 6
7.0, -4.0, 5.0; 1
-8.0, -3.0, 5.0; 1
-7.0, -3.0, 5.0; 1
-5.0, -3.0, 5.0; 1
-4.0, -3.0, 5.0; 3
-3.0, -3.0, 5.0; 4
-2.0, -3.0, 5.0; 2
-1.0, -3.0, 5.0; 1
0.0, -3.0, 5.0; 5
1.0, -3.0, 5.0; 1
-5.0, -2.0, 5.0; 6
-3.0, -2.0, 5.0; 1
-2.0, -2.0, 5.0; 5
-1.0, -2.0, 5.0; 4
0.0, -2.0, 5.0; 3
1.0, -2.0, 5.0; 1
2.0, -2.0, 5.0; 2
4.0, -2.0, 5.0; 1
-8.0, -1.0, 5.0; 1
-7.0, -1.0, 5.0; 3
-6.0, -1.0, 5.0; 1
-5.0, -1.0, 5.0; 1
-4.0, -1.0, 5.0; 6
-3.0, -1.0, 5.0; 1
-2.0, -1.0, 5.0; 3
0.0, -1.0, 5.0; 1
2.0, -1.0, 5.0; 1
4.0, -1.0, 5.0; 1
-8.0, 0.0, 5.0; 7
-7.0, 0.0, 5.0; 1
-6.0, 0.0, 5.0; 2
-4.0, 0.0, 5.0; 1
-3.0, 0.0, 5.0; 1
-2.0, 0.0, 5.0; 1
-1.0, 0.0, 5.0; 1
1.0, 0.0, 5.0; 2
2.0, 0.0, 5.0; 1
4.0, 0.0, 5.0; 1
-7.0, 1.0, 5.0; 1
-6.0, 1.0, 5.0; 3
-5.0, 1.0, 5.0; 4
-3.0, 1.0, 5.0; 2
-2.0, 1.0, 5.0; 1
0.0, 1.0, 5.0; 2
1.0, 1.0, 5.0; 2
2.0, 1.0, 5.0; 3
4.0, 1.0, 5.0; 1
-8.0, 2.0, 5.0; 2
-7.0, 2.0, 5.0; 6
-6.0, 2.0, 5.0; 3
-5.0, 2.0, 5.0; 3
-4.0, 2.0, 5.0; 3
-3.0, 2.0, 5.0; 1
-2.0, 2.0, 5.0; 4
-1.0, 2.0, 5.0; 9
0.0, 2.0, 5.0; 4
3.0, 2.0, 5.0; 1
4.0, 2.0, 5.0; 1
-7.0, 3.0, 5.0; 2
-6.0, 3.0, 5.0; 4
-5.0, 3.0, 5.0; 3
-4.0, 3.0, 5.0; 5
-3.0, 3.0, 5.0; 4
-2.0, 3.0, 5.0; 6
-1.0, 3.0, 5.0; 11
0.0, 3.0, 5.0; 5
2.0, 3.0, 5.0; 3
3.0, 3.0, 5.0; 1
4.0, 3.0, 5.0; 1
5.0, 3.0, 5.0; 1
-7.0, 4.0, 5.0; 3
-6.0, 4.0, 5.0; 4
-4.0, 4.0, 5.0; 7
-3.0, 4.0, 5.0; 3
-2.0, 4.0, 5.0; 2
-1.0, 4.0, 5.0; 3
0.0, 4.0, 5.0; 4
1.0, 4.0, 5.0; 3
2.0, 4.0, 5.0; 2
4.0, 4.0, 5.0; 1
5.0, 4.0, 5.0; 3
-7.0, 5.0, 5.0; 1
-6.0, 5.0, 5.0; 1
-5.0, 5.0, 5.0; 5
-4.0, 5.0, 5.0; 6
-3.0, 5.0, 5.0; 12
-2.0, 5.0, 5.0; 6
-1.0, 5.0, 5.0; 4
0.0, 5.0, 5.0; 4
1.0, 5.0, 5.0; 4
2.0, 5.0, 5.0; 1
5.0, 5.0, 5.0; 1
-5.0, 6.0, 5.0; 4
-4.0, 6.0, 5.0; 5
-3.0, 6.0, 5.0; 3
-2.0, 6.0, 5.0; 4
-1.0, 6.0, 5.0; 4
0.0, 6.0, 5.0; 5
2.0, 6.0, 5.0; 1
3.0, 6.0, 5.0; 1
-4.0, 7.0, 5.0; 1
-3.0, 7.0, 5.0; 2
-2.0, 7.0, 5.0; 2
-1.0, 7.0, 5.0; 4
0.0, 7.0, 5.0; 4
3.0, 7.0, 5.0; 1
0.0, 8.0, 5.0; 1
-1.0, -8.0, 6.0; 1
-4.0, -7.0, 6.0; 2
-3.0, -7.0, 6.0; 2
-2.0, -7.0, 6.0; 1
-1.0, -7.0, 6.0; 3
0.0, -7.0, 6.0; 7
1.0, -7.0, 6.0; 1
2.0, -7.0, 6.0; 3
-5.0, -6.0, 6.0; 1
-3.0, -6.0, 6.0; 1
-2.0, -6.0, 6.0; 1
-1.0, -6.0, 6.0; 1
2.0, -6.0, 6.0; 3
3.0, -6.0, 6.0; 1
-6.0, -5.0, 6.0; 3
-5.0, -5.0, 6.0; 2
-4.0, -5.0, 6.0; 3
-3.0, -5.0, 6.0; 1
-2.0, -5.0, 6.0; 2
6.0, -5.0, 6.0; 1
-7.0, -4.0, 6.0; 1
-6.0, -4.0, 6.0; 2
-4.0, -4.0, 6.0; 1
-3.0, -4.0, 6.0; 1
-2.0, -4.0, 6.0; 1
-1.0, -4.0, 6.0; 1
2.0, -4.0, 6.0; 1
4.0, -4.0, 6.0; 1
-7.0, -3.0, 6.0; 1
-6.0, -3.0, 6.0; 2
-5.0, -3.0, 6.0; 2
-3.0, -3.0, 6.0; 2
-2.0, -3.0, 6.0; 1
-1.0, -3.0, 6.0; 1
0.0, -3.0, 6.0; 5
-7.0, -2.0, 6.0; 2
-6.0, -2.0, 6.0; 6
-4.0, -2.0, 6.0; 1
-3.0, -2.0, 6.0; 1
-2.0, -2.0, 6.0; 2
-1.0, -2.0, 6.0; 1
0.0, -2.0, 6.0; 1
1.0, -2.0, 6.0; 1
3.0, -2.0, 6.0; 1
-5.0, -1.0, 6.0; 1
-4.0, -1.0, 6.0; 4
-3.0, -1.0, 6.0; 2
-2.0, -1.0, 6.0; 1
-1.0, -1.0, 6.0; 2
0.0, -1.0, 6.0; 3
1.0, -1.0, 6.0; 1
-6.0, 0.0, 6.0; 3
-5.0, 0.0, 6.0; 1
-4.0, 0.0, 6.0; 2
-1.0, 0.0, 6.0; 1
0.0, 0.0, 6.0; 2
-7.0, 1.0, 6.0; 2
-6.0, 1.0, 6.0; 6
-5.0, 1.0, 6.0; 1
-3.0, 1.0, 6.0; 3
-1.0, 1.0, 6.0; 1
0.0, 1.0, 6.0; 2
1.0, 1.0, 6.0; 1
6.0, 1.0, 6.0; 1
-8.0, 2.0, 6.0; 1
-6.0, 2.0, 6.0; 2
-5.0, 2.0, 6.0; 5
-4.0, 2.0, 6.0; 1
-3.0, 2.0, 6.0; 1
0.0, 2.0, 6.0; 2
1.0, 2.0, 6.0; 1
-7.0, 3.0, 6.0; 1
-6.0, 3.0, 6.0; 4
-5.0, 3.0, 6.0; 2
-4.0, 3.0, 6.0; 4
-3.0, 3.0, 6.0; 1
0.0, 3.0, 6.0; 1
1.0, 3.0, 6.0; 4
2.0, 3.0, 6.0; 1
4.0, 3.0, 6.0; 1
-7.0, 4.0, 6.0; 1
-6.0, 4.0, 6.0; 3
-5.0, 4.0, 6.0; 1
-4.0, 4.0, 6.0; 3
-2.0, 4.0, 6.0; 4
-1.0, 4.0, 6.0; 3
0.0, 4.0, 6.0; 2
1.0, 4.0, 6.0; 2
5.0, 4.0, 6.0; 1
-5.0, 5.0, 6.0; 3
-4.0, 5.0, 6.0; 2
-3.0, 5.0, 6.0; 4
-2.0, 5.0, 6.0; 7
-1.0, 5.0, 6.0; 4
0.0, 5.0, 6.0; 2
2.0, 5.0, 6.0; 1
3.0, 5.0, 6.0; 2
4.0, 5.0, 6.0; 1
-4.0, 6.0, 6.0; 3
-1.0, 6.0, 6.0; 3
1.0, 6.0, 6.0; 3
2.0, 6.0, 6.0; 1
3.0, 6.0, 6.0; 2
-3.0, 7.0, 6.0; 1
-2.0, -7.0, 7.0; 2
-1.0, -7.0, 7.0; 3
-5.0, -6.0, 7.0; 1
-4.0, -6.0, 7.0; 2
-3.0, -6.0, 7.0; 2
-2.0, -6.0, 7.0; 1
-1.0, -6.0, 7.0; 1
0.0, -6.0, 7.0; 1
1.0, -6.0, 7.0; 2
2.0, -6.0, 7.0; 1
4.0, -6.0, 7.0; 2
-5.0, -5.0, 7.0; 1
-4.0, -5.0, 7.0; 3
-3.0, -5.0, 7.0; 1
-2.0, -5.0, 7.0; 1
-1.0, -5.0, 7.0; 1
0.0, -5.0, 7.0; 1
2.0, -5.0, 7.0; 1
-6.0, -4.0, 7.0; 4
-5.0, -4.0, 7.0; 3
-4.0, -4.0, 7.0; 1
-3.0, -4.0, 7.0; 1
-2.0, -4.0, 7.0; 1
0.0, -4.0, 7.0; 1
-6.0, -3.0, 7.0; 2
-5.0, -3.0, 7.0; 1
-4.0, -3.0, 7.0; 1
-3.0, -3.0, 7.0; 1
-2.0, -3.0, 7.0; 1
-6.0, -2.0, 7.0; 1
-5.0, -2.0, 7.0; 3
-4.0, -2.0, 7.0; 2
-1.0, -2.0, 7.0; 1
2.0, -2.0, 7.0; 1
-7.0, -1.0, 7.0; 1
-6.0, -1.0, 7.0; 1
-4.0, -1.0, 7.0; 3
-3.0, -1.0, 7.0; 1
-2.0, -1.0, 7.0; 1
-1.0, -1.0, 7.0; 1
0.0, -1.0, 7.0; 2
1.0, -1.0, 7.0; 2
-6.0, 0.0, 7.0; 2
-5.0, 0.0, 7.0; 1
-4.0, 0.0, 7.0; 3
-3.0, 0.0, 7.0; 1
0.0, 0.0, 7.0; 2
1.0, 0.0, 7.0; 2
-5.0, 1.0, 7.0; 2
-4.0, 1.0, 7.0; 1
-3.0, 1.0, 7.0; 1
-2.0, 1.0, 7.0; 1
-1.0, 1.0, 7.0; 2
-6.0, 2.0, 7.0; 2
-5.0, 2.0, 7.0; 1
-4.0, 2.0, 7.0; 2
-3.0, 2.0, 7.0; 3
-2.0, 2.0, 7.0; 5
1.0, 2.0, 7.0; 1
-6.0, 3.0, 7.0; 1
-4.0, 3.0, 7.0; 1
-3.0, 3.0, 7.0; 1
-2.0, 3.0, 7.0; 4
-1.0, 3.0, 7.0; 1
1.0, 3.0, 7.0; 1
4.0, 3.0, 7.0; 1
-5.0, 4.0, 7.0; 1
-4.0, 4.0, 7.0; 1
-3.0, 4.0, 7.0; 2
-1.0, 4.0, 7.0; 1
0.0, 4.0, 7.0; 2
3.0, 4.0, 7.0; 1
-5.0, 5.0, 7.0; 1
-3.0, 5.0, 7.0; 2
-1.0, 5.0, 7.0; 1
0.0, 5.0, 7.0; 1
-4.0, 6.0, 7.0; 1
-3.0, 6.0, 7.0; 1
-1.0, 6.0, 7.0; 2
-2.0, -6.0, 8.0; 1
0.0, -5.0, 8.0; 1
1.0, -5.0, 8.0; 1
-5.0, -4.0, 8.0; 1
-2.0, -4.0, 8.0; 1
0.0, -4.0, 8.0; 1
-4.0, -3.0, 8.0; 1
-3.0, -3.0, 8.0; 1
3.0, -3.0, 8.0; 1
-5.0, -2.0, 8.0; 2
-4.0, -2.0, 8.0; 2
1.0, -2.0, 8.0; 1
-5.0, -1.0, 8.0; 1
-3.0, -1.0, 8.0; 1
-5.0, 0.0, 8.0; 1
1.0, 0.0, 8.0; 1
-4.0, 1.0, 8.0; 1
-3.0, 1.0, 8.0; 4
-2.0, 1.0, 8.0; 1
0.0, 1.0, 8.0; 1
-5.0, 2.0, 8.0; 2
-4.0, 2.0, 8.0; 2
-2.0, 2.0, 8.0; 1
-4.0, 3.0, 8.0; 2
-3.0, 3.0, 8.0; 1
-1.0, 3.0, 8.0; 1
-3.0, 4.0, 8.0; 1
-2.0, 4.0, 8.0; 3
0.0, 4.0, 8.0; 2
1.0, 4.0, 8.0; 1
-1.0, 5.0, 8.0; 1
-3.0, -4.0, 9.0; 1
-3.0, -1.0, 9.0; 1
-2.0, 0.0, 9.0; 1
0.0, 0.0, 9.0; 2
-3.0, 1.0, 9.0; 1
-2.0, -4.0, -10.0; 1
-1.0, -4.0, -10.0; 2
-2.0, -3.0, -10.0; 3
-1.0, -3.0, -10.0; 1
0.0, -3.0, -10.0; 3
1.0, -3.0, -10.0; 1
-1.0, -2.0, -10.0; 2
2.0, -2.0, -10.0; 1
-2.0, -1.0, -10.0; 4
-1.0, -1.0, -10.0; 3
0.0, -1.0, -10.0; 4
1.0, -1.0, -10.0; 2
-4.0, 0.0, -10.0; 1
-3.0, 0.0, -10.0; 2
-1.0, 0.0, -10.0; 2
0.0, 0.0, -10.0; 1
2.0, 0.0, -10.0; 3
3.0, 0.0, -10.0; 2
-3.0, 1.0, -10.0; 1
-1.0, 1.0, -10.0; 2
1.0, 1.0, -10.0; 2
2.0, 1.0, -10.0; 2
2.0, 2.0, -10.0; 1
-2.0, 3.0, -10.0; 1
2.0, 3.0, -10.0; 1
-1.0, -6.0, -9.0; 2
0.0, -6.0, -9.0; 2
1.0, -6.0, -9.0; 3
-3.0, -5.0, -9.0; 1
-2.0, -5.0, -9.0; 2
-1.0, -5.0, -9.0; 2
0.0, -5.0, -9.0; 4
1.0, -5.0, -9.0; 5
2.0, -5.0, -9.0; 5
-3.0, -4.0, -9.0; 1
-2.0, -4.0, -9.0; 3
-1.0, -4.0, -9.0; 2
0.0, -4.0, -9.0; 6
1.0, -4.0, -9.0; 7
2.0, -4.0, -9.0; 5
3.0, -4.0, -9.0; 3
-4.0, -3.0, -9.0; 2
-2.0, -3.0, -9.0; 1
-1.0, -3.0, -9.0; 2
0.0, -3.0, -9.0; 3
1.0, -3.0, -9.0; 10
2.0, -3.0, -9.0; 8
3.0, -3.0, -9.0; 2
-4.0, -2.0, -9.0; 1
-2.0, -2.0, -9.0; 1
-1.0, -2.0, -9.0; 3
0.0, -2.0, -9.0; 2
1.0, -2.0, -9.0; 7
2.0, -2.0, -9.0; 7
3.0, -2.0, -9.0; 1
4.0, -2.0, -9.0; 1
5.0, -2.0, -9.0; 1
-5.0, -1.0, -9.0; 3
-4.0, -1.0, -9.0; 2
-3.0, -1.0, -9.0; 3
-2.0, -1.0, -9.0; 3
-1.0, -1.0, -9.0; 4
0.0, -1.0, -9.0; 6
1.0, -1.0, -9.0; 4
2.0, -1.0, -9.0; 2
3.0, -1.0, -9.0; 2
4.0, -1.0, -9.0; 1
5.0, -1.0, -9.0; 1
-6.0, 0.0, -9.0; 1
-5.0, 0.0, -9.0; 2
-4.0, 0.0, -9.0; 3
-3.0, 0.0, -9.0; 5
-2.0, 0.0, -9.0; 5
-1.0, 0.0, -9.0; 4
0.0, 0.0, -9.0; 5
1.0, 0.0, -9.0; 1
3.0, 0.0, -9.0; 1
4.0, 0.0, -9.0; 4
5.0, 0.0, -9.0; 1
-5.0, 1.0, -9.0; 3
-4.0, 1.0, -9.0; 6
-3.0, 1.0, -9.0; 5
-2.0, 1.0, -9.0; 4
-1.0, 1.0, -9.0; 7
0.0, 1.0, -9.0; 4
1.0, 1.0, -9.0; 1
2.0, 1.0, -9.0; 2
3.0, 1.0, -9.0; 1
4.0, 1.0, -9.0; 1
5.0, 1.0, -9.0; 2
-4.0, 2.0, -9.0; 6
-3.0, 2.0, -9.0; 5
-2.0, 2.0, -9.0; 1
-1.0, 2.0, -9.0; 2
0.0, 2.0, -9.0; 6
1.0, 2.0, -9.0; 2
3.0, 2.0, -9.0; 1
4.0, 2.0, -9.0; 1
5.0, 2.0, -9.0; 1
-5.0, 3.0, -9.0; 1
-4.0, 3.0, -9.0; 1
-3.0, 3.0, -9.0; 3
-2.0, 3.0, -9.0; 6
-1.0, 3.0, -9.0; 7
0.0, 3.0, -9.0; 3
1.0, 3.0, -9.0; 3
-4.0, 4.0, -9.0; 1
-3.0, 4.0, -9.0; 2
-2.0, 4.0, -9.0; 1
-1.0, 4.0, -9.0; 4
0.0, 4.0, -9.0; 6
2.0, 4.0, -9.0; 1
-3.0, 5.0, -9.0; 1
-1.0, 5.0, -9.0; 1
0.0, 5.0, -9.0; 1
1.0, 5.0, -9.0; 1
-2.0, -7.0, -8.0; 1
-1.0, -7.0, -8.0; 7
0.0, -7.0, -8.0; 3
1.0, -7.0, -8.0; 11
2.0, -7.0, -8.0; 1
-4.0, -6.0, -8.0; 1
-3.0, -6.0, -8.0; 1
-2.0, -6.0, -8.0; 4
-1.0, -6.0, -8.0; 5
0.0, -6.0, -8.0; 6
1.0, -6.0, -8.0; 9
2.0, -6.0, -8.0; 5
3.0, -6.0, -8.0; 1
-4.0, -5.0, -8.0; 1
-3.0, -5.0, -8.0; 8
-2.0, -5.0, -8.0; 2
-1.0, -5.0, -8.0; 4
0.0, -5.0, -8.0; 2
1.0, -5.0, -8.0; 3
2.0, -5.0, -8.0; 3
3.0, -5.0, -8.0; 5
4.0, -5.0, -8.0; 1
5.0, -5.0, -8.0; 2
-5.0, -4.0, -8.0; 2
-4.0, -4.0, -8.0; 3
-3.0, -4.0, -8.0; 4
-2.0, -4.0, -8.0; 2
-1.0, -4.0, -8.0; 4
1.0, -4.0, -8.0; 2
2.0, -4.0, -8.0; 5
3.0, -4.0, -8.0; 8
4.0, -4.0, -8.0; 1
-6.0, -3.0, -8.0; 3
-5.0, -3.0, -8.0; 1
-4.0, -3.0, -8.0; 5
-3.0, -3.0, -8.0; 3
-2.0, -3.0, -8.0; 3
-1.0, -3.0, -8.0; 2
0.0, -3.0, -8.0; 1
2.0, -3.0, -8.0; 3
3.0, -3.0, -8.0; 11
-5.0, -2.0, -8.0; 4
-4.0, -2.0, -8.0; 6
-3.0, -2.0, -8.0; 9
-2.0, -2.0, -8.0; 10
-1.0, -2.0, -8.0; 4
1.0, -2.0, -8.0; 1
2.0, -2.0, -8.0; 9
3.0, -2.0, -8.0; 4
4.0, -2.0, -8.0; 1
6.0, -2.0, -8.0; 1
-7.0, -1.0, -8.0; 2
-6.0, -1.0, -8.0; 2
-5.0, -1.0, -8.0; 4
-4.0, -1.0, -8.0; 8
-3.0, -1.0, -8.0; 10
-2.0, -1.0, -8.0; 6
-1.0, -1.0, -8.0; 4
1.0, -1.0, -8.0; 5
2.0, -1.0, -8.0; 9
3.0, -1.0, -8.0; 2
4.0, -1.0, -8.0; 1
5.0, -1.0, -8.0; 1
6.0, -1.0, -8.0; 2
-6.0, 0.0, -8.0; 6
-5.0, 0.0, -8.0; 1
-4.0, 0.0, -8.0; 3
-3.0, 0.0, -8.0; 6
-2.0, 0.0, -8.0; 4
0.0, 0.0, -8.0; 2
1.0, 0.0, -8.0; 11
2.0, 0.0, -8.0; 4
3.0, 0.0, -8.0; 1
4.0, 0.0, -8.0; 1
5.0, 0.0, -8.0; 3
6.0, 0.0, -8.0; 1
-6.0, 1.0, -8.0; 3
-5.0, 1.0, -8.0; 9
-4.0, 1.0, -8.0; 7
-3.0, 1.0, -8.0; 6
-2.0, 1.0, -8.0; 6
-1.0, 1.0, -8.0; 6
0.0, 1.0, -8.0; 4
1.0, 1.0, -8.0; 1
2.0, 1.0, -8.0; 2
3.0, 1.0, -8.0; 3
4.0, 1.0, -8.0; 4
5.0, 1.0, -8.0; 2
6.0, 1.0, -8.0; 2
-6.0, 2.0, -8.0; 3
-5.0, 2.0, -8.0; 6
-4.0, 2.0, -8.0; 4
-3.0, 2.0, -8.0; 6
-2.0, 2.0, -8.0; 4
-1.0, 2.0, -8.0; 5
0.0, 2.0, -8.0; 1
1.0, 2.0, -8.0; 3
3.0, 2.0, -8.0; 2
4.0, 2.0, -8.0; 3
-6.0, 3.0, -8.0; 2
-5.0, 3.0, -8.0; 4
-4.0, 3.0, -8.0; 3
-3.0, 3.0, -8.0; 6
-2.0, 3.0, -8.0; 9
-1.0, 3.0, -8.0; 7
0.0, 3.0, -8.0; 7
1.0, 3.0, -8.0; 5
2.0, 3.0, -8.0; 3
4.0, 3.0, -8.0; 1
5.0, 3.0, -8.0; 2
-5.0, 4.0, -8.0; 3
-4.0, 4.0, -8.0; 6
-3.0, 4.0, -8.0; 2
-2.0, 4.0, -8.0; 7
-1.0, 4.0, -8.0; 11
0.0, 4.0, -8.0; 3
1.0, 4.0, -8.0; 4
2.0, 4.0, -8.0; 4
3.0, 4.0, -8.0; 1
4.0, 4.0, -8.0; 2
5.0, 4.0, -8.0; 1
-3.0, 5.0, -8.0; 3
-2.0, 5.0, -8.0; 4
-1.0, 5.0, -8.0; 2
4.0, 5.0, -8.0; 1
-4.0, 6.0, -8.0; 1
-3.0, 6.0, -8.0; 1
-2.0, 6.0, -8.0; 1
1.0, 6.0, -8.0; 1
-3.0, -8.0, -7.0; 2
-2.0, -8.0, -7.0; 5
-1.0, -8.0, -7.0; 8
0.0, -8.0, -7.0; 2
1.0, -8.0, -7.0; 2
2.0, -8.0, -7.0; 2
-4.0, -7.0, -7.0; 1
-3.0, -7.0, -7.0; 5
-2.0, -7.0, -7.0; 1
-1.0, -7.0, -7.0; 8
0.0, -7.0, -7.0; 7
1.0, -7.0, -7.0; 11
2.0, -7.0, -7.0; 6
3.0, -7.0, -7.0; 2
-5.0, -6.0, -7.0; 1
-4.0, -6.0, -7.0; 7
-3.0, -6.0, -7.0; 5
-2.0, -6.0, -7.0; 3
-1.0, -6.0, -7.0; 2
0.0, -6.0, -7.0; 2
1.0, -6.0, -7.0; 7
2.0, -6.0, -7.0; 7
3.0, -6.0, -7.0; 4
4.0, -6.0, -7.0; 2
5.0, -6.0, -7.0; 1
-6.0, -5.0, -7.0; 1
-5.0, -5.0, -7.0; 7
-4.0, -5.0, -7.0; 4
-3.0, -5.0, -7.0; 8
-2.0, -5.0, -7.0; 2
-1.0, -5.0, -7.0; 4
0.0, -5.0, -7.0; 3
1.0, -5.0, -7.0; 2
2.0, -5.0, -7.0; 1
3.0, -5.0, -7.0; 3
4.0, -5.0, -7.0; 3
5.0, -5.0, -7.0; 2
-7.0, -4.0, -7.0; 2
-6.0, -4.0, -7.0; 6
-5.0, -4.0, -7.0; 7
-4.0, -4.0, -7.0; 4
-3.0, -4.0, -7.0; 2
-2.0, -4.0, -7.0; 2
-1.0, -4.0, -7.0; 1
0.0, -4.0, -7.0; 3
1.0, -4.0, -7.0; 2
2.0, -4.0, -7.0; 1
3.0, -4.0, -7.0; 1
4.0, -4.0, -7.0; 1
5.0, -4.0, -7.0; 1
-7.0, -3.0, -7.0; 1
-6.0, -3.0, -7.0; 8
-5.0, -3.0, -7.0; 2
-4.0, -3.0, -7.0; 1
-3.0, -3.0, -7.0; 1
-2.0, -3.0, -7.0; 2
-1.0, -3.0, -7.0; 3
0.0, -3.0, -7.0; 1
1.0, -3.0, -7.0; 1
2.0, -3.0, -7.0; 1
4.0, -3.0, -7.0; 2
-8.0, -2.0, -7.0; 1
-7.0, -2.0, -7.0; 1
-6.0, -2.0, -7.0; 9
-5.0, -2.0, -7.0; 7
-4.0, -2.0, -7.0; 6
-3.0, -2.0, -7.0; 1
-2.0, -2.0, -7.0; 5
-1.0, -2.0, -7.0; 3
0.0, -2.0, -7.0; 1
1.0, -2.0, -7.0; 1
2.0, -2.0, -7.0; 1
4.0, -2.0, -7.0; 2
6.0, -2.0, -7.0; 3
7.0, -2.0, -7.0; 1
-7.0, -1.0, -7.0; 3
-6.0, -1.0, -7.0; 5
-5.0, -1.0, -7.0; 11
-4.0, -1.0, -7.0; 4
-3.0, -1.0, -7.0; 2
-2.0, -1.0, -7.0; 2
2.0, -1.0, -7.0; 2
3.0, -1.0, -7.0; 6
6.0, -1.0, -7.0; 2
-7.0, 0.0, -7.0; 2
-6.0, 0.0, -7.0; 3
-5.0, 0.0, -7.0; 4
-4.0, 0.0, -7.0; 4
-2.0, 0.0, -7.0; 1
0.0, 0.0, -7.0; 4
1.0, 0.0, -7.0; 1
2.0, 0.0, -7.0; 9
3.0, 0.0, -7.0; 3
5.0, 0.0, -7.0; 2
6.0, 0.0, -7.0; 1
7.0, 0.0, -7.0; 1
-7.0, 1.0, -7.0; 4
-6.0, 1.0, -7.0; 4
-5.0, 1.0, -7.0; 4
-4.0, 1.0, -7.0; 1
-3.0, 1.0, -7.0; 1
-1.0, 1.0, -7.0; 1
0.0, 1.0, -7.0; 1
1.0, 1.0, -7.0; 2
2.0, 1.0, -7.0; 1
3.0, 1.0, -7.0; 1
4.0, 1.0, -7.0; 1
-8.0, 2.0, -7.0; 1
-7.0, 2.0, -7.0; 5
-6.0, 2.0, -7.0; 5
-5.0, 2.0, -7.0; 4
-4.0, 2.0, -7.0; 1
-3.0, 2.0, -7.0; 2
-2.0, 2.0, -7.0; 3
-1.0, 2.0, -7.0; 1
1.0, 2.0, -7.0; 1
2.0, 2.0, -7.0; 2
3.0, 2.0, -7.0; 2
4.0, 2.0, -7.0; 2
5.0, 2.0, -7.0; 1
-7.0, 3.0, -7.0; 3
-6.0, 3.0, -7.0; 3
-5.0, 3.0, -7.0; 5
-3.0, 3.0, -7.0; 2
1.0, 3.0, -7.0; 1
2.0, 3.0, -7.0; 5
3.0, 3.0, -7.0; 1
5.0, 3.0, -7.0; 1
6.0, 3.0, -7.0; 2
-7.0, 4.0, -7.0; 1
-6.0, 4.0, -7.0; 2
-5.0, 4.0, -7.0; 5
-4.0, 4.0, -7.0; 3
-3.0, 4.0, -7.0; 3
-2.0, 4.0, -7.0; 1
0.0, 4.0, -7.0; 3
1.0, 4.0, -7.0; 2
2.0, 4.0, -7.0; 1
3.0, 4.0, -7.0; 4
4.0, 4.0, -7.0; 2
5.0, 4.0, -7.0; 2
-6.0, 5.0, -7.0; 3
-5.0, 5.0, -7.0; 4
-4.0, 5.0, -7.0; 3
-3.0, 5.0, -7.0; 3
-2.0, 5.0, -7.0; 8
-1.0, 5.0, -7.0; 1
0.0, 5.0, -7.0; 2
2.0, 5.0, -7.0; 1
3.0, 5.0, -7.0; 2
4.0, 5.0, -7.0; 1
-4.0, 6.0, -7.0; 1
-3.0, 6.0, -7.0; 1
-1.0, 6.0, -7.0; 3
0.0, 6.0, -7.0; 3
1.0, 6.0, -7.0; 1
2.0, 6.0, -7.0; 2
-4.0, 7.0, -7.0; 1
-2.0, 7.0, -7.0; 2
-1.0, 7.0, -7.0; 1
0.0, 7.0, -7.0; 1
1.0, 7.0, -7.0; 1
2.0, 7.0, -7.0; 1
-1.0, -9.0, -6.0; 2
0.0, -9.0, -6.0; 4
1.0, -9.0, -6.0; 5
2.0, -9.0, -6.0; 1
-4.0, -8.0, -6.0; 2
-3.0, -8.0, -6.0; 10
-2.0, -8.0, -6.0; 75
-1.0, -8.0, -6.0; 169
0.0, -8.0, -6.0; 31
1.0, -8.0, -6.0; 20
2.0, -8.0, -6.0; 14
3.0, -8.0, -6.0; 8
4.0, -8.0, -6.0; 1
-5.0, -7.0, -6.0; 3
-4.0, -7.0, -6.0; 8
-3.0, -7.0, -6.0; 9
-2.0, -7.0, -6.0; 136
-1.0, -7.0, -6.0; 147
0.0, -7.0, -6.0; 20
1.0, -7.0, -6.0; 5
2.0, -7.0, -6.0; 7
3.0, -7.0, -6.0; 5
4.0, -7.0, -6.0; 3
-6.0, -6.0, -6.0; 1
-5.0, -6.0, -6.0; 7
-4.0, -6.0, -6.0; 5
-3.0, -6.0, -6.0; 15
-2.0, -6.0, -6.0; 24
-1.0, -6.0, -6.0; 22
0.0, -6.0, -6.0; 7
1.0, -6.0, -6.0; 4
2.0, -6.0, -6.0; 3
3.0, -6.0, -6.0; 3
4.0, -6.0, -6.0; 3
5.0, -6.0, -6.0; 1
-7.0, -5.0, -6.0; 4
-6.0, -5.0, -6.0; 9
-5.0, -5.0, -6.0; 5
-4.0, -5.0, -6.0; 6
-3.0, -5.0, -6.0; 9
-2.0, -5.0, -6.0; 19
-1.0, -5.0, -6.0; 4
0.0, -5.0, -6.0; 4
1.0, -5.0, -6.0; 2
2.0, -5.0, -6.0; 1
3.0, -5.0, -6.0; 2
4.0, -5.0, -6.0; 2
5.0, -5.0, -6.0; 3
-8.0, -4.0, -6.0; 1
-7.0, -4.0, -6.0; 4
-6.0, -4.0, -6.0; 5
-5.0, -4.0, -6.0; 3
-4.0, -4.0, -6.0; 8
-3.0, -4.0, -6.0; 8
-2.0, -4.0, -6.0; 4
-1.0, -4.0, -6.0; 3
0.0, -4.0, -6.0; 4
1.0, -4.0, -6.0; 9
2.0, -4.0, -6.0; 1
4.0, -4.0, -6.0; 4
5.0, -4.0, -6.0; 1
7.0, -4.0, -6.0; 1
-8.0, -3.0, -6.0; 2
-7.0, -3.0, -6.0; 5
-6.0, -3.0, -6.0; 2
-5.0, -3.0, -6.0; 5
-4.0, -3.0, -6.0; 8
-3.0, -3.0, -6.0; 6
-2.0, -3.0, -6.0; 11
-1.0, -3.0, -6.0; 6
0.0, -3.0, -6.0; 40
1.0, -3.0, -6.0; 12
2.0, -3.0, -6.0; 1
3.0, -3.0, -6.0; 1
4.0, -3.0, -6.0; 3
5.0, -3.0, -6.0; 1
-8.0, -2.0, -6.0; 2
-7.0, -2.0, -6.0; 4
-6.0, -2.0, -6.0; 1
-5.0, -2.0, -6.0; 4
-4.0, -2.0, -6.0; 6
-3.0, -2.0, -6.0; 12
-2.0, -2.0, -6.0; 28
-1.0, -2.0, -6.0; 51
0.0, -2.0, -6.0; 58
1.0, -2.0, -6.0; 12
3.0, -2.0, -6.0; 3
4.0, -2.0, -6.0; 3
6.0, -2.0, -6.0; 1
7.0, -2.0, -6.0; 1
-8.0, -1.0, -6.0; 2
-7.0, -1.0, -6.0; 3
-6.0, -1.0, -6.0; 1
-5.0, -1.0, -6.0; 5
-3.0, -1.0, -6.0; 6
-2.0, -1.0, -6.0; 39
-1.0, -1.0, -6.0; 17
0.0, -1.0, -6.0; 11
1.0, -1.0, -6.0; 7
3.0, -1.0, -6.0; 8
4.0, -1.0, -6.0; 2
5.0, -1.0, -6.0; 1
6.0, -1.0, -6.0; 1
7.0, -1.0, -6.0; 2
-8.0, 0.0, -6.0; 5
-7.0, 0.0, -6.0; 4
-6.0, 0.0, -6.0; 8
-3.0, 0.0, -6.0; 2
-2.0, 0.0, -6.0; 12
-1.0, 0.0, -6.0; 11
0.0, 0.0, -6.0; 12
1.0, 0.0, -6.0; 2
2.0, 0.0, -6.0; 4
3.0, 0.0, -6.0; 2
4.0, 0.0, -6.0; 1
5.0, 0.0, -6.0; 1
6.0, 0.0, -6.0; 1
7.0, 0.0, -6.0; 2
-8.0, 1.0, -6.0; 6
-7.0, 1.0, -6.0; 9
-4.0, 1.0, -6.0; 2
-3.0, 1.0, -6.0; 2
-2.0, 1.0, -6.0; 21
-1.0, 1.0, -6.0; 14
0.0, 1.0, -6.0; 6
1.0, 1.0, -6.0; 3
2.0, 1.0, -6.0; 5
3.0, 1.0, -6.0; 2
4.0, 1.0, -6.0; 1
6.0, 1.0, -6.0; 1
-8.0, 2.0, -6.0; 3
-7.0, 2.0, -6.0; 1
-6.0, 2.0, -6.0; 2
-5.0, 2.0, -6.0; 14
-4.0, 2.0, -6.0; 11
-3.0, 2.0, -6.0; 1
-2.0, 2.0, -6.0; 11
-1.0, 2.0, -6.0; 33
0.0, 2.0, -6.0; 6
1.0, 2.0, -6.0; 2
2.0, 2.0, -6.0; 9
3.0, 2.0, -6.0; 1
4.0, 2.0, -6.0; 2
5.0, 2.0, -6.0; 1
-8.0, 3.0, -6.0; 5
-7.0, 3.0, -6.0; 1
-6.0, 3.0, -6.0; 8
-4.0, 3.0, -6.0; 4
-3.0, 3.0, -6.0; 8
-2.0, 3.0, -6.0; 3
-1.0, 3.0, -6.0; 4
0.0, 3.0, -6.0; 4
1.0, 3.0, -6.0; 2
2.0, 3.0, -6.0; 4
3.0, 3.0, -6.0; 2
4.0, 3.0, -6.0; 1
6.0, 3.0, -6.0; 1
-7.0, 4.0, -6.0; 8
-6.0, 4.0, -6.0; 6
-5.0, 4.0, -6.0; 1
-4.0, 4.0, -6.0; 1
-3.0, 4.0, -6.0; 4
-2.0, 4.0, -6.0; 5
0.0, 4.0, -6.0; 2
1.0, 4.0, -6.0; 1
2.0, 4.0, -6.0; 4
3.0, 4.0, -6.0; 2
4.0, 4.0, -6.0; 1
-7.0, 5.0, -6.0; 1
-6.0, 5.0, -6.0; 4
-5.0, 5.0, -6.0; 3
-4.0, 5.0, -6.0; 8
-3.0, 5.0, -6.0; 3
-2.0, 5.0, -6.0; 1
-1.0, 5.0, -6.0; 2
1.0, 5.0, -6.0; 2
2.0, 5.0, -6.0; 5
3.0, 5.0, -6.0; 1
4.0, 5.0, -6.0; 3
-6.0, 6.0, -6.0; 1
-5.0, 6.0, -6.0; 3
-4.0, 6.0, -6.0; 4
-3.0, 6.0, -6.0; 4
-2.0, 6.0, -6.0; 4
-1.0, 6.0, -6.0; 3
0.0, 6.0, -6.0; 5
1.0, 6.0, -6.0; 11
3.0, 6.0, -6.0; 2
4.0, 6.0, -6.0; 3
5.0, 6.0, -6.0; 1
-3.0, 7.0, -6.0; 1
-2.0, 7.0, -6.0; 10
-1.0, 7.0, -6.0; 5
0.0, 7.0, -6.0; 5
1.0, 7.0, -6.0; 2
2.0, 7.0, -6.0; 1
3.0, 7.0, -6.0; 1
-3.0, 8.0, -6.0; 1
-2.0, 8.0, -6.0; 1
-1.0, 8.0, -6.0; 1
0.0, 8.0, -6.0; 3
1.0, 8.0, -6.0; 1
2.0, 8.0, -6.0; 1
-3.0, -9.0, -5.0; 4
-2.0, -9.0, -5.0; 8
-1.0, -9.0, -5.0; 8
0.0, -9.0, -5.0; 11
1.0, -9.0, -5.0; 5
2.0, -9.0, -5.0; 9
3.0, -9.0, -5.0; 1
-5.0, -8.0, -5.0; 4
-4.0, -8.0, -5.0; 1
-3.0, -8.0, -5.0; 15
-2.0, -8.0, -5.0; 369
-1.0, -8.0, -5.0; 601
0.0, -8.0, -5.0; 59
1.0, -8.0, -5.0; 9
2.0, -8.0, -5.0; 12
3.0, -8.0, -5.0; 7
4.0, -8.0, -5.0; 5
5.0, -8.0, -5.0; 1
-6.0, -7.0, -5.0; 1
-5.0, -7.0, -5.0; 2
-4.0, -7.0, -5.0; 11
-3.0, -7.0, -5.0; 9
-2.0, -7.0, -5.0; 53
-1.0, -7.0, -5.0; 67
0.0, -7.0, -5.0; 23
1.0, -7.0, -5.0; 10
2.0, -7.0, -5.0; 5
3.0, -7.0, -5.0; 3
4.0, -7.0, -5.0; 4
5.0, -7.0, -5.0; 2
6.0, -7.0, -5.0; 1
-7.0, -6.0, -5.0; 4
-6.0, -6.0, -5.0; 6
-5.0, -6.0, -5.0; 4
-4.0, -6.0, -5.0; 1
-3.0, -6.0, -5.0; 1
-1.0, -6.0, -5.0; 6
0.0, -6.0, -5.0; 9
1.0, -6.0, -5.0; 7
2.0, -6.0, -5.0; 9
3.0, -6.0, -5.0; 1
4.0, -6.0, -5.0; 1
5.0, -6.0, -5.0; 6
6.0, -6.0, -5.0; 1
-8.0, -5.0, -5.0; 1
-7.0, -5.0, -5.0; 3
-5.0, -5.0, -5.0; 4
-3.0, -5.0, -5.0; 4
-2.0, -5.0, -5.0; 10
-1.0, -5.0, -5.0; 2
0.0, -5.0, -5.0; 4
1.0, -5.0, -5.0; 14
2.0, -5.0, -5.0; 4
3.0, -5.0, -5.0; 2
4.0, -5.0, -5.0; 2
5.0, -5.0, -5.0; 3
-9.0, -4.0, -5.0; 1
-8.0, -4.0, -5.0; 4
-7.0, -4.0, -5.0; 6
-6.0, -4.0, -5.0; 1
-5.0, -4.0, -5.0; 1
-4.0, -4.0, -5.0; 9
-3.0, -4.0, -5.0; 59
-2.0, -4.0, -5.0; 148
-1.0, -4.0, -5.0; 33
0.0, -4.0, -5.0; 9
1.0, -4.0, -5.0; 108
2.0, -4.0, -5.0; 16
3.0, -4.0, -5.0; 1
4.0, -4.0, -5.0; 2
5.0, -4.0, -5.0; 1
7.0, -4.0, -5.0; 1
-8.0, -3.0, -5.0; 3
-7.0, -3.0, -5.0; 6
-6.0, -3.0, -5.0; 1
-5.0, -3.0, -5.0; 6
-4.0, -3.0, -5.0; 46
-3.0, -3.0, -5.0; 1644
-2.0, -3.0, -5.0; 797
-1.0, -3.0, -5.0; 18
0.0, -3.0, -5.0; 86
1.0, -3.0, -5.0; 1181
2.0, -3.0, -5.0; 33
3.0, -3.0, -5.0; 4
4.0, -3.0, -5.0; 1
5.0, -3.0, -5.0; 3
7.0, -3.0, -5.0; 1
-8.0, -2.0, -5.0; 2
-7.0, -2.0, -5.0; 3
-5.0, -2.0, -5.0; 7
-4.0, -2.0, -5.0; 12
-3.0, -2.0, -5.0; 182
-2.0, -2.0, -5.0; 50
-1.0, -2.0, -5.0; 6
0.0, -2.0, -5.0; 50
1.0, -2.0, -5.0; 142
2.0, -2.0, -5.0; 19
3.0, -2.0, -5.0; 1
4.0, -2.0, -5.0; 1
5.0, -2.0, -5.0; 2
7.0, -2.0, -5.0; 3
-9.0, -1.0, -5.0; 1
-8.0, -1.0, -5.0; 2
-7.0, -1.0, -5.0; 7
-5.0, -1.0, -5.0; 1
-4.0, -1.0, -5.0; 7
-3.0, -1.0, -5.0; 34
-2.0, -1.0, -5.0; 23
-1.0, -1.0, -5.0; 29
0.0, -1.0, -5.0; 11
1.0, -1.0, -5.0; 8
2.0, -1.0, -5.0; 1
4.0, -1.0, -5.0; 5
5.0, -1.0, -5.0; 2
6.0, -1.0, -5.0; 2
-8.0, 0.0, -5.0; 3
-7.0, 0.0, -5.0; 11
-5.0, 0.0, -5.0; 1
-4.0, 0.0, -5.0; 8
-3.0, 0.0, -5.0; 19
-2.0, 0.0, -5.0; 8
-1.0, 0.0, -5.0; 2
0.0, 0.0, -5.0; 3
1.0, 0.0, -5.0; 3
3.0, 0.0, -5.0; 3
4.0, 0.0, -5.0; 2
7.0, 0.0, -5.0; 1
-9.0, 1.0, -5.0; 3
-8.0, 1.0, -5.0; 4
-7.0, 1.0, -5.0; 2
-6.0, 1.0, -5.0; 6
-5.0, 1.0, -5.0; 5
-4.0, 1.0, -5.0; 6
-3.0, 1.0, -5.0; 9
-2.0, 1.0, -5.0; 6
-1.0, 1.0, -5.0; 9
0.0, 1.0, -5.0; 3
1.0, 1.0, -5.0; 1
2.0, 1.0, -5.0; 6
3.0, 1.0, -5.0; 3
4.0, 1.0, -5.0; 1
5.0, 1.0, -5.0; 2
6.0, 1.0, -5.0; 1
7.0, 1.0, -5.0; 1
-9.0, 2.0, -5.0; 1
-8.0, 2.0, -5.0; 6
-7.0, 2.0, -5.0; 3
-6.0, 2.0, -5.0; 13
-5.0, 2.0, -5.0; 22
-4.0, 2.0, -5.0; 5
-3.0, 2.0, -5.0; 10
-2.0, 2.0, -5.0; 7
-1.0, 2.0, -5.0; 13
0.0, 2.0, -5.0; 12
1.0, 2.0, -5.0; 3
2.0, 2.0, -5.0; 1
3.0, 2.0, -5.0; 3
4.0, 2.0, -5.0; 3
5.0, 2.0, -5.0; 1
6.0, 2.0, -5.0; 3
-9.0, 3.0, -5.0; 1
-8.0, 3.0, -5.0; 4
-7.0, 3.0, -5.0; 5
-6.0, 3.0, -5.0; 2
-5.0, 3.0, -5.0; 9
-4.0, 3.0, -5.0; 2
-3.0, 3.0, -5.0; 3
-2.0, 3.0, -5.0; 11
-1.0, 3.0, -5.0; 13
0.0, 3.0, -5.0; 23
1.0, 3.0, -5.0; 6
2.0, 3.0, -5.0; 1
3.0, 3.0, -5.0; 3
4.0, 3.0, -5.0; 5
5.0, 3.0, -5.0; 2
6.0, 3.0, -5.0; 3
-8.0, 4.0, -5.0; 3
-7.0, 4.0, -5.0; 6
-6.0, 4.0, -5.0; 4
-5.0, 4.0, -5.0; 1
-3.0, 4.0, -5.0; 5
-2.0, 4.0, -5.0; 14
-1.0, 4.0, -5.0; 5
0.0, 4.0, -5.0; 5
1.0, 4.0, -5.0; 3
3.0, 4.0, -5.0; 5
4.0, 4.0, -5.0; 4
5.0, 4.0, -5.0; 3
6.0, 4.0, -5.0; 1
7.0, 4.0, -5.0; 1
-7.0, 5.0, -5.0; 3
-6.0, 5.0, -5.0; 3
-5.0, 5.0, -5.0; 2
-4.0, 5.0, -5.0; 7
-3.0, 5.0, -5.0; 4
-2.0, 5.0, -5.0; 3
-1.0, 5.0, -5.0; 4
0.0, 5.0, -5.0; 2
1.0, 5.0, -5.0; 1
2.0, 5.0, -5.0; 2
3.0, 5.0, -5.0; 1
4.0, 5.0, -5.0; 1
5.0, 5.0, -5.0; 1
6.0, 5.0, -5.0; 1
-7.0, 6.0, -5.0; 1
-6.0, 6.0, -5.0; 2
-5.0, 6.0, -5.0; 3
-4.0, 6.0, -5.0; 5
-3.0, 6.0, -5.0; 8
-2.0, 6.0, -5.0; 5
-1.0, 6.0, -5.0; 2
0.0, 6.0, -5.0; 1
1.0, 6.0, -5.0; 7
2.0, 6.0, -5.0; 2
3.0, 6.0, -5.0; 2
4.0, 6.0, -5.0; 3
5.0, 6.0, -5.0; 3
6.0, 6.0, -5.0; 1
-5.0, 7.0, -5.0; 2
-4.0, 7.0, -5.0; 1
-3.0, 7.0, -5.0; 4
-2.0, 7.0, -5.0; 9
-1.0, 7.0, -5.0; 8
0.0, 7.0, -5.0; 5
1.0, 7.0, -5.0; 1
2.0, 7.0, -5.0; 2
3.0, 7.0, -5.0; 1
4.0, 7.0, -5.0; 1
-3.0, 8.0, -5.0; 3
-2.0, 8.0, -5.0; 2
-1.0, 8.0, -5.0; 8
0.0, 8.0, -5.0; 2
1.0, 8.0, -5.0; 7
2.0, 8.0, -5.0; 3
-1.0, -10.0, -4.0; 3
0.0, -10.0, -4.0; 1
1.0, -10.0, -4.0; 4
-4.0, -9.0, -4.0; 3
-3.0, -9.0, -4.0; 6
-2.0, -9.0, -4.0; 21
-1.0, -9.0, -4.0; 24
0.0, -9.0, -4.0; 16
1.0, -9.0, -4.0; 13
2.0, -9.0, -4.0; 5
3.0, -9.0, -4.0; 5
4.0, -9.0, -4.0; 2
-4.0, -8.0, -4.0; 5
-3.0, -8.0, -4.0; 8
-2.0, -8.0, -4.0; 47
-1.0, -8.0, -4.0; 81
0.0, -8.0, -4.0; 23
1.0, -8.0, -4.0; 12
2.0, -8.0, -4.0; 3
3.0, -8.0, -4.0; 6
4.0, -8.0, -4.0; 7
5.0, -8.0, -4.0; 3
6.0, -8.0, -4.0; 1
-8.0, -7.0, -4.0; 1
-7.0, -7.0, -4.0; 2
-6.0, -7.0, -4.0; 3
-5.0, -7.0, -4.0; 2
-4.0, -7.0, -4.0; 3
-2.0, -7.0, -4.0; 1
-1.0, -7.0, -4.0; 12
0.0, -7.0, -4.0; 36
1.0, -7.0, -4.0; 20
2.0, -7.0, -4.0; 5
3.0, -7.0, -4.0; 5
4.0, -7.0, -4.0; 7
5.0, -7.0, -4.0; 7
-8.0, -6.0, -4.0; 1
-7.0, -6.0, -4.0; 7
-6.0, -6.0, -4.0; 2
-5.0, -6.0, -4.0; 1
-2.0, -6.0, -4.0; 3
-1.0, -6.0, -4.0; 8
0.0, -6.0, -4.0; 13
1.0, -6.0, -4.0; 54
2.0, -6.0, -4.0; 21
3.0, -6.0, -4.0; 8
5.0, -6.0, -4.0; 1
-9.0, -5.0, -4.0; 2
-8.0, -5.0, -4.0; 11
-7.0, -5.0, -4.0; 1
-6.0, -5.0, -4.0; 1
-5.0, -5.0, -4.0; 1
-4.0, -5.0, -4.0; 3
-3.0, -5.0, -4.0; 2
-2.0, -5.0, -4.0; 33
-1.0, -5.0, -4.0; 104
0.0, -5.0, -4.0; 35
1.0, -5.0, -4.0; 55
2.0, -5.0, -4.0; 42
3.0, -5.0, -4.0; 3
4.0, -5.0, -4.0; 2
5.0, -5.0, -4.0; 4
6.0, -5.0, -4.0; 1
-9.0, -4.0, -4.0; 3
-8.0, -4.0, -4.0; 4
-7.0, -4.0, -4.0; 3
-6.0, -4.0, -4.0; 2
-5.0, -4.0, -4.0; 3
-4.0, -4.0, -4.0; 36
-3.0, -4.0, -4.0; 16
-2.0, -4.0, -4.0; 18
-1.0, -4.0, -4.0; 29
0.0, -4.0, -4.0; 11
1.0, -4.0, -4.0; 54
2.0, -4.0, -4.0; 75
3.0, -4.0, -4.0; 2
4.0, -4.0, -4.0; 2
5.0, -4.0, -4.0; 2
6.0, -4.0, -4.0; 2
7.0, -4.0, -4.0; 1
-10.0, -3.0, -4.0; 2
-9.0, -3.0, -4.0; 2
-8.0, -3.0, -4.0; 5
-7.0, -3.0, -4.0; 4
-6.0, -3.0, -4.0; 1
-5.0, -3.0, -4.0; 11
-4.0, -3.0, -4.0; 114
-3.0, -3.0, -4.0; 48
-2.0, -3.0, -4.0; 1
0.0, -3.0, -4.0; 1
1.0, -3.0, -4.0; 235
2.0, -3.0, -4.0; 71
3.0, -3.0, -4.0; 4
4.0, -3.0, -4.0; 1
5.0, -3.0, -4.0; 5
6.0, -3.0, -4.0; 1
7.0, -3.0, -4.0; 2
8.0, -3.0, -4.0; 1
-8.0, -2.0, -4.0; 4
-7.0, -2.0, -4.0; 2
-6.0, -2.0, -4.0; 7
-5.0, -2.0, -4.0; 11
-4.0, -2.0, -4.0; 24
-3.0, -2.0, -4.0; 9
0.0, -2.0, -4.0; 1
1.0, -2.0, -4.0; 7
2.0, -2.0, -4.0; 8
4.0, -2.0, -4.0; 1
5.0, -2.0, -4.0; 3
-8.0, -1.0, -4.0; 2
-7.0, -1.0, -4.0; 14
-6.0, -1.0, -4.0; 1
-5.0, -1.0, -4.0; 1
-4.0, -1.0, -4.0; 2
-3.0, -1.0, -4.0; 1
2.0, -1.0, -4.0; 1
4.0, -1.0, -4.0; 1
5.0, -1.0, -4.0; 1
6.0, -1.0, -4.0; 2
7.0, -1.0, -4.0; 1
-10.0, 0.0, -4.0; 1
-8.0, 0.0, -4.0; 4
-7.0, 0.0, -4.0; 5
-6.0, 0.0, -4.0; 6
-5.0, 0.0, -4.0; 6
-4.0, 0.0, -4.0; 3
-3.0, 0.0, -4.0; 2
1.0, 0.0, -4.0; 1
3.0, 0.0, -4.0; 1
5.0, 0.0, -4.0; 2
6.0, 0.0, -4.0; 4
7.0, 0.0, -4.0; 1
-9.0, 1.0, -4.0; 4
-8.0, 1.0, -4.0; 2
-7.0, 1.0, -4.0; 1
-6.0, 1.0, -4.0; 14
-5.0, 1.0, -4.0; 9
-4.0, 1.0, -4.0; 4
1.0, 1.0, -4.0; 1
2.0, 1.0, -4.0; 1
3.0, 1.0, -4.0; 3
5.0, 1.0, -4.0; 2
6.0, 1.0, -4.0; 1
7.0, 1.0, -4.0; 1
-9.0, 2.0, -4.0; 2
-8.0, 2.0, -4.0; 4
-7.0, 2.0, -4.0; 3
-6.0, 2.0, -4.0; 28
-5.0, 2.0, -4.0; 6
-4.0, 2.0, -4.0; 4
0.0, 2.0, -4.0; 1
1.0, 2.0, -4.0; 2
2.0, 2.0, -4.0; 2
3.0, 2.0, -4.0; 3
4.0, 2.0, -4.0; 8
5.0, 2.0, -4.0; 1
6.0, 2.0, -4.0; 2
-9.0, 3.0, -4.0; 3
-8.0, 3.0, -4.0; 10
-7.0, 3.0, -4.0; 2
-6.0, 3.0, -4.0; 4
-5.0, 3.0, -4.0; 3
-4.0, 3.0, -4.0; 2
-3.0, 3.0, -4.0; 1
-1.0, 3.0, -4.0; 1
0.0, 3.0, -4.0; 10
1.0, 3.0, -4.0; 15
2.0, 3.0, -4.0; 4
3.0, 3.0, -4.0; 2
4.0, 3.0, -4.0; 2
5.0, 3.0, -4.0; 2
7.0, 3.0, -4.0; 1
-9.0, 4.0, -4.0; 1
-8.0, 4.0, -4.0; 4
-7.0, 4.0, -4.0; 6
-5.0, 4.0, -4.0; 2
-4.0, 4.0, -4.0; 1
-3.0, 4.0, -4.0; 5
-2.0, 4.0, -4.0; 11
-1.0, 4.0, -4.0; 27
0.0, 4.0, -4.0; 53
1.0, 4.0, -4.0; 17
2.0, 4.0, -4.0; 6
3.0, 4.0, -4.0; 5
4.0, 4.0, -4.0; 1
5.0, 4.0, -4.0; 1
8.0, 4.0, -4.0; 1
-8.0, 5.0, -4.0; 3
-7.0, 5.0, -4.0; 6
-6.0, 5.0, -4.0; 3
-5.0, 5.0, -4.0; 1
-3.0, 5.0, -4.0; 2
-2.0, 5.0, -4.0; 31
-1.0, 5.0, -4.0; 80
0.0, 5.0, -4.0; 39
1.0, 5.0, -4.0; 1
2.0, 5.0, -4.0; 1
3.0, 5.0, -4.0; 5
4.0, 5.0, -4.0; 2
5.0, 5.0, -4.0; 2
6.0, 5.0, -4.0; 1
7.0, 5.0, -4.0; 1
-7.0, 6.0, -4.0; 4
-6.0, 6.0, -4.0; 3
-5.0, 6.0, -4.0; 7
-4.0, 6.0, -4.0; 2
-2.0, 6.0, -4.0; 2
-1.0, 6.0, -4.0; 5
0.0, 6.0, -4.0; 2
1.0, 6.0, -4.0; 1
2.0, 6.0, -4.0; 5
3.0, 6.0, -4.0; 4
4.0, 6.0, -4.0; 2
6.0, 6.0, -4.0; 2
-5.0, 7.0, -4.0; 4
-4.0, 7.0, -4.0; 4
-3.0, 7.0, -4.0; 2
-2.0, 7.0, -4.0; 3
-1.0, 7.0, -4.0; 15
0.0, 7.0, -4.0; 9
1.0, 7.0, -4.0; 12
2.0, 7.0, -4.0; 4
3.0, 7.0, -4.0; 4
4.0, 7.0, -4.0; 4
-5.0, 8.0, -4.0; 3
-4.0, 8.0, -4.0; 2
-3.0, 8.0, -4.0; 5
-2.0, 8.0, -4.0; 7
-1.0, 8.0, -4.0; 14
0.0, 8.0, -4.0; 11
1.0, 8.0, -4.0; 10
2.0, 8.0, -4.0; 6
3.0, 8.0, -4.0; 3
-2.0, 9.0, -4.0; 1
-1.0, 9.0, -4.0; 11
0.0, 9.0, -4.0; 5
1.0, 9.0, -4.0; 1
-4.0, -10.0, -3.0; 1
-3.0, -10.0, -3.0; 6
-2.0, -10.0, -3.0; 13
-1.0, -10.0, -3.0; 14
0.0, -10.0, -3.0; 19
1.0, -10.0, -3.0; 9
2.0, -10.0, -3.0; 4
-5.0, -9.0, -3.0; 2
-4.0, -9.0, -3.0; 5
-3.0, -9.0, -3.0; 6
-2.0, -9.0, -3.0; 8
-1.0, -9.0, -3.0; 16
0.0, -9.0, -3.0; 12
1.0, -9.0, -3.0; 17
2.0, -9.0, -3.0; 4
3.0, -9.0, -3.0; 2
4.0, -9.0, -3.0; 4
-5.0, -8.0, -3.0; 5
-4.0, -8.0, -3.0; 2
-3.0, -8.0, -3.0; 5
-2.0, -8.0, -3.0; 4
-1.0, -8.0, -3.0; 22
0.0, -8.0, -3.0; 24
1.0, -8.0, -3.0; 15
2.0, -8.0, -3.0; 4
3.0, -8.0, -3.0; 6
4.0, -8.0, -3.0; 8
5.0, -8.0, -3.0; 6
-8.0, -7.0, -3.0; 2
-7.0, -7.0, -3.0; 9
-6.0, -7.0, -3.0; 1
-1.0, -7.0, -3.0; 5
0.0, -7.0, -3.0; 40
1.0, -7.0, -3.0; 70
2.0, -7.0, -3.0; 5
3.0, -7.0, -3.0; 2
4.0, -7.0, -3.0; 5
5.0, -7.0, -3.0; 8
6.0, -7.0, -3.0; 2
-9.0, -6.0, -3.0; 2
-8.0, -6.0, -3.0; 8
-7.0, -6.0, -3.0; 3
-6.0, -6.0, -3.0; 2
-2.0, -6.0, -3.0; 1
-1.0, -6.0, -3.0; 42
0.0, -6.0, -3.0; 122
1.0, -6.0, -3.0; 1053
2.0, -6.0, -3.0; 129
3.0, -6.0, -3.0; 7
4.0, -6.0, -3.0; 3
5.0, -6.0, -3.0; 5
6.0, -6.0, -3.0; 2
7.0, -6.0, -3.0; 1
-9.0, -5.0, -3.0; 5
-8.0, -5.0, -3.0; 6
-7.0, -5.0, -3.0; 1
-6.0, -5.0, -3.0; 1
-1.0, -5.0, -3.0; 8
0.0, -5.0, -3.0; 42
1.0, -5.0, -3.0; 40
2.0, -5.0, -3.0; 91
3.0, -5.0, -3.0; 13
4.0, -5.0, -3.0; 2
5.0, -5.0, -3.0; 6
6.0, -5.0, -3.0; 1
-9.0, -4.0, -3.0; 6
-8.0, -4.0, -3.0; 8
-7.0, -4.0, -3.0; 2
-5.0, -4.0, -3.0; 8
-3.0, -4.0, -3.0; 1
1.0, -4.0, -3.0; 3
2.0, -4.0, -3.0; 21
3.0, -4.0, -3.0; 6
5.0, -4.0, -3.0; 1
6.0, -4.0, -3.0; 2
7.0, -4.0, -3.0; 1
-10.0, -3.0, -3.0; 1
-8.0, -3.0, -3.0; 5
-7.0, -3.0, -3.0; 2
-6.0, -3.0, -3.0; 7
-5.0, -3.0, -3.0; 15
-4.0, -3.0, -3.0; 2
-3.0, -3.0, -3.0; 6
2.0, -3.0, -3.0; 1
3.0, -3.0, -3.0; 4
7.0, -3.0, -3.0; 1
8.0, -3.0, -3.0; 2
-10.0, -2.0, -3.0; 1
-9.0, -2.0, -3.0; 3
-8.0, -2.0, -3.0; 1
-7.0, -2.0, -3.0; 5
-6.0, -2.0, -3.0; 5
-5.0, -2.0, -3.0; 10
-3.0, -2.0, -3.0; 2
4.0, -2.0, -3.0; 1
6.0, -2.0, -3.0; 1
-10.0, -1.0, -3.0; 2
-9.0, -1.0, -3.0; 1
-8.0, -1.0, -3.0; 4
-7.0, -1.0, -3.0; 7
-6.0, -1.0, -3.0; 1
-5.0, -1.0, -3.0; 3
6.0, -1.0, -3.0; 1
7.0, -1.0, -3.0; 1
-9.0, 0.0, -3.0; 1
-8.0, 0.0, -3.0; 2
-7.0, 0.0, -3.0; 1
-6.0, 0.0, -3.0; 16
-5.0, 0.0, -3.0; 2
6.0, 0.0, -3.0; 3
-10.0, 1.0, -3.0; 1
-9.0, 1.0, -3.0; 1
-8.0, 1.0, -3.0; 2
-7.0, 1.0, -3.0; 3
-6.0, 1.0, -3.0; 54
-5.0, 1.0, -3.0; 15
3.0, 1.0, -3.0; 1
5.0, 1.0, -3.0; 2
6.0, 1.0, -3.0; 1
7.0, 1.0, -3.0; 1
9.0, 1.0, -3.0; 1
-9.0, 2.0, -3.0; 4
-8.0, 2.0, -3.0; 5
-7.0, 2.0, -3.0; 6
-6.0, 2.0, -3.0; 17
-5.0, 2.0, -3.0; 8
2.0, 2.0, -3.0; 1
3.0, 2.0, -3.0; 5
4.0, 2.0, -3.0; 5
5.0, 2.0, -3.0; 2
6.0, 2.0, -3.0; 1
-9.0, 3.0, -3.0; 4
-8.0, 3.0, -3.0; 5
-6.0, 3.0, -3.0; 12
-5.0, 3.0, -3.0; 3
2.0, 3.0, -3.0; 1
3.0, 3.0, -3.0; 3
4.0, 3.0, -3.0; 5
5.0, 3.0, -3.0; 4
6.0, 3.0, -3.0; 2
7.0, 3.0, -3.0; 1
8.0, 3.0, -3.0; 1
-9.0, 4.0, -3.0; 2
-8.0, 4.0, -3.0; 2
-7.0, 4.0, -3.0; 1
-5.0, 4.0, -3.0; 4
0.0, 4.0, -3.0; 14
1.0, 4.0, -3.0; 56
2.0, 4.0, -3.0; 10
3.0, 4.0, -3.0; 12
4.0, 4.0, -3.0; 3
5.0, 4.0, -3.0; 2
-8.0, 5.0, -3.0; 3
-7.0, 5.0, -3.0; 7
-6.0, 5.0, -3.0; 2
-4.0, 5.0, -3.0; 1
-3.0, 5.0, -3.0; 1
-2.0, 5.0, -3.0; 10
-1.0, 5.0, -3.0; 39
0.0, 5.0, -3.0; 78
1.0, 5.0, -3.0; 38
2.0, 5.0, -3.0; 2
3.0, 5.0, -3.0; 1
4.0, 5.0, -3.0; 3
5.0, 5.0, -3.0; 2
6.0, 5.0, -3.0; 4
-7.0, 6.0, -3.0; 2
-6.0, 6.0, -3.0; 10
-5.0, 6.0, -3.0; 7
-2.0, 6.0, -3.0; 7
-1.0, 6.0, -3.0; 32
0.0, 6.0, -3.0; 46
1.0, 6.0, -3.0; 9
2.0, 6.0, -3.0; 3
3.0, 6.0, -3.0; 4
4.0, 6.0, -3.0; 5
5.0, 6.0, -3.0; 5
6.0, 6.0, -3.0; 1
-7.0, 7.0, -3.0; 1
-6.0, 7.0, -3.0; 9
-5.0, 7.0, -3.0; 6
-4.0, 7.0, -3.0; 4
-3.0, 7.0, -3.0; 2
-2.0, 7.0, -3.0; 5
-1.0, 7.0, -3.0; 5
0.0, 7.0, -3.0; 6
1.0, 7.0, -3.0; 9
2.0, 7.0, -3.0; 16
3.0, 7.0, -3.0; 3
4.0, 7.0, -3.0; 4
-5.0, 8.0, -3.0; 1
-4.0, 8.0, -3.0; 1
-3.0, 8.0, -3.0; 11
-2.0, 8.0, -3.0; 7
-1.0, 8.0, -3.0; 12
0.0, 8.0, -3.0; 15
1.0, 8.0, -3.0; 7
2.0, 8.0, -3.0; 9
3.0, 8.0, -3.0; 3
4.0, 8.0, -3.0; 1
-2.0, 9.0, -3.0; 6
-1.0, 9.0, -3.0; 9
0.0, 9.0, -3.0; 19
1.0, 9.0, -3.0; 15
2.0, 9.0, -3.0; 3
-4.0, -10.0, -2.0; 15
-3.0, -10.0, -2.0; 20
-2.0, -10.0, -2.0; 33
-1.0, -10.0, -2.0; 32
0.0, -10.0, -2.0; 31
1.0, -10.0, -2.0; 12
2.0, -10.0, -2.0; 3
-5.0, -9.0, -2.0; 13
-4.0, -9.0, -2.0; 13
-3.0, -9.0, -2.0; 7
-2.0, -9.0, -2.0; 4
-1.0, -9.0, -2.0; 11
0.0, -9.0, -2.0; 12
1.0, -9.0, -2.0; 14
2.0, -9.0, -2.0; 6
3.0, -9.0, -2.0; 8
4.0, -9.0, -2.0; 3
5.0, -9.0, -2.0; 1
-7.0, -8.0, -2.0; 2
-6.0, -8.0, -2.0; 7
-5.0, -8.0, -2.0; 4
-4.0, -8.0, -2.0; 1
-1.0, -8.0, -2.0; 8
0.0, -8.0, -2.0; 27
1.0, -8.0, -2.0; 7
2.0, -8.0, -2.0; 4
3.0, -8.0, -2.0; 1
4.0, -8.0, -2.0; 4
5.0, -8.0, -2.0; 1
6.0, -8.0, -2.0; 1
-8.0, -7.0, -2.0; 1
-7.0, -7.0, -2.0; 3
-6.0, -7.0, -2.0; 4
-5.0, -7.0, -2.0; 2
-2.0, -7.0, -2.0; 2
-1.0, -7.0, -2.0; 7
0.0, -7.0, -2.0; 26
1.0, -7.0, -2.0; 55
2.0, -7.0, -2.0; 8
3.0, -7.0, -2.0; 4
4.0, -7.0, -2.0; 1
5.0, -7.0, -2.0; 8
6.0, -7.0, -2.0; 3
7.0, -7.0, -2.0; 1
-9.0, -6.0, -2.0; 1
-8.0, -6.0, -2.0; 8
-6.0, -6.0, -2.0; 2
-1.0, -6.0, -2.0; 32
0.0, -6.0, -2.0; 94
1.0, -6.0, -2.0; 321
2.0, -6.0, -2.0; 60
3.0, -6.0, -2.0; 4
4.0, -6.0, -2.0; 1
5.0, -6.0, -2.0; 8
-9.0, -5.0, -2.0; 2
-8.0, -5.0, -2.0; 5
-7.0, -5.0, -2.0; 1
-1.0, -5.0, -2.0; 2
0.0, -5.0, -2.0; 5
1.0, -5.0, -2.0; 3
2.0, -5.0, -2.0; 34
3.0, -5.0, -2.0; 8
5.0, -5.0, -2.0; 2
6.0, -5.0, -2.0; 2
-10.0, -4.0, -2.0; 1
-9.0, -4.0, -2.0; 5
-8.0, -4.0, -2.0; 2
-7.0, -4.0, -2.0; 8
-6.0, -4.0, -2.0; 2
-5.0, -4.0, -2.0; 1
-2.0, -4.0, -2.0; 1
2.0, -4.0, -2.0; 4
3.0, -4.0, -2.0; 4
5.0, -4.0, -2.0; 2
-9.0, -3.0, -2.0; 7
-7.0, -3.0, -2.0; 2
-6.0, -3.0, -2.0; 4
-5.0, -3.0, -2.0; 2
4.0, -3.0, -2.0; 1
6.0, -3.0, -2.0; 1
-10.0, -2.0, -2.0; 1
-9.0, -2.0, -2.0; 2
-8.0, -2.0, -2.0; 3
-7.0, -2.0, -2.0; 2
-6.0, -2.0, -2.0; 3
-5.0, -2.0, -2.0; 4
4.0, -2.0, -2.0; 1
7.0, -2.0, -2.0; 1
-10.0, -1.0, -2.0; 1
-8.0, -1.0, -2.0; 7
-7.0, -1.0, -2.0; 1
-6.0, -1.0, -2.0; 1
7.0, -1.0, -2.0; 1
-9.0, 0.0, -2.0; 1
-8.0, 0.0, -2.0; 2
-7.0, 0.0, -2.0; 2
-6.0, 0.0, -2.0; 27
-5.0, 0.0, -2.0; 4
-10.0, 1.0, -2.0; 1
-9.0, 1.0, -2.0; 4
-8.0, 1.0, -2.0; 4
-7.0, 1.0, -2.0; 3
-6.0, 1.0, -2.0; 453
-5.0, 1.0, -2.0; 39
6.0, 1.0, -2.0; 1
-9.0, 2.0, -2.0; 2
-8.0, 2.0, -2.0; 1
-7.0, 2.0, -2.0; 2
-6.0, 2.0, -2.0; 37
-5.0, 2.0, -2.0; 24
4.0, 2.0, -2.0; 2
7.0, 2.0, -2.0; 1
8.0, 2.0, -2.0; 1
-9.0, 3.0, -2.0; 3
-8.0, 3.0, -2.0; 3
-7.0, 3.0, -2.0; 3
-6.0, 3.0, -2.0; 14
-5.0, 3.0, -2.0; 3
-3.0, 3.0, -2.0; 1
2.0, 3.0, -2.0; 2
3.0, 3.0, -2.0; 2
4.0, 3.0, -2.0; 5
5.0, 3.0, -2.0; 5
8.0, 3.0, -2.0; 1
9.0, 3.0, -2.0; 1
-9.0, 4.0, -2.0; 4
-8.0, 4.0, -2.0; 7
-7.0, 4.0, -2.0; 3
-6.0, 4.0, -2.0; 7
-5.0, 4.0, -2.0; 5
-1.0, 4.0, -2.0; 1
0.0, 4.0, -2.0; 1
1.0, 4.0, -2.0; 17
2.0, 4.0, -2.0; 22
3.0, 4.0, -2.0; 6
4.0, 4.0, -2.0; 13
5.0, 4.0, -2.0; 4
6.0, 4.0, -2.0; 2
8.0, 4.0, -2.0; 2
-8.0, 5.0, -2.0; 7
-7.0, 5.0, -2.0; 3
-6.0, 5.0, -2.0; 1
-5.0, 5.0, -2.0; 4
-4.0, 5.0, -2.0; 5
-2.0, 5.0, -2.0; 2
-1.0, 5.0, -2.0; 7
0.0, 5.0, -2.0; 33
1.0, 5.0, -2.0; 56
2.0, 5.0, -2.0; 12
3.0, 5.0, -2.0; 6
4.0, 5.0, -2.0; 7
5.0, 5.0, -2.0; 2
6.0, 5.0, -2.0; 1
7.0, 5.0, -2.0; 2
-7.0, 6.0, -2.0; 10
-6.0, 6.0, -2.0; 12
-5.0, 6.0, -2.0; 6
-4.0, 6.0, -2.0; 4
-3.0, 6.0, -2.0; 6
-2.0, 6.0, -2.0; 30
-1.0, 6.0, -2.0; 68
0.0, 6.0, -2.0; 110
1.0, 6.0, -2.0; 32
2.0, 6.0, -2.0; 2
3.0, 6.0, -2.0; 4
4.0, 6.0, -2.0; 3
5.0, 6.0, -2.0; 1
6.0, 6.0, -2.0; 1
-7.0, 7.0, -2.0; 2
-6.0, 7.0, -2.0; 9
-5.0, 7.0, -2.0; 5
-4.0, 7.0, -2.0; 16
-3.0, 7.0, -2.0; 6
-2.0, 7.0, -2.0; 4
-1.0, 7.0, -2.0; 5
0.0, 7.0, -2.0; 6
1.0, 7.0, -2.0; 12
2.0, 7.0, -2.0; 15
3.0, 7.0, -2.0; 5
4.0, 7.0, -2.0; 3
5.0, 7.0, -2.0; 5
-5.0, 8.0, -2.0; 1
-4.0, 8.0, -2.0; 8
-3.0, 8.0, -2.0; 15
-2.0, 8.0, -2.0; 12
-1.0, 8.0, -2.0; 16
0.0, 8.0, -2.0; 13
1.0, 8.0, -2.0; 21
2.0, 8.0, -2.0; 12
3.0, 8.0, -2.0; 9
4.0, 8.0, -2.0; 3
-4.0, 9.0, -2.0; 2
-3.0, 9.0, -2.0; 5
-2.0, 9.0, -2.0; 13
-1.0, 9.0, -2.0; 8
0.0, 9.0, -2.0; 23
1.0, 9.0, -2.0; 23
2.0, 9.0, -2.0; 9
-4.0, -10.0, -1.0; 20
-3.0, -10.0, -1.0; 23
-2.0, -10.0, -1.0; 62
-1.0, -10.0, -1.0; 69
0.0, -10.0, -1.0; 44
1.0, -10.0, -1.0; 17
2.0, -10.0, -1.0; 6
3.0, -10.0, -1.0; 1
-6.0, -9.0, -1.0; 7
-5.0, -9.0, -1.0; 8
-4.0, -9.0, -1.0; 8
-3.0, -9.0, -1.0; 3
-2.0, -9.0, -1.0; 11
-1.0, -9.0, -1.0; 5
0.0, -9.0, -1.0; 12
1.0, -9.0, -1.0; 6
2.0, -9.0, -1.0; 8
4.0, -9.0, -1.0; 6
5.0, -9.0, -1.0; 3
-8.0, -8.0, -1.0; 1
-7.0, -8.0, -1.0; 7
-6.0, -8.0, -1.0; 8
-5.0, -8.0, -1.0; 3
-4.0, -8.0, -1.0; 1
-3.0, -8.0, -1.0; 1
-2.0, -8.0, -1.0; 10
-1.0, -8.0, -1.0; 13
0.0, -8.0, -1.0; 23
1.0, -8.0, -1.0; 11
2.0, -8.0, -1.0; 4
3.0, -8.0, -1.0; 9
4.0, -8.0, -1.0; 3
5.0, -8.0, -1.0; 2
6.0, -8.0, -1.0; 1
-8.0, -7.0, -1.0; 4
-7.0, -7.0, -1.0; 6
-3.0, -7.0, -1.0; 6
-2.0, -7.0, -1.0; 26
-1.0, -7.0, -1.0; 85
0.0, -7.0, -1.0; 82
1.0, -7.0, -1.0; 38
2.0, -7.0, -1.0; 7
3.0, -7.0, -1.0; 7
4.0, -7.0, -1.0; 11
5.0, -7.0, -1.0; 3
6.0, -7.0, -1.0; 1
-9.0, -6.0, -1.0; 2
-8.0, -6.0, -1.0; 12
-7.0, -6.0, -1.0; 3
-6.0, -6.0, -1.0; 3
-2.0, -6.0, -1.0; 1
-1.0, -6.0, -1.0; 18
0.0, -6.0, -1.0; 47
1.0, -6.0, -1.0; 25
2.0, -6.0, -1.0; 11
3.0, -6.0, -1.0; 3
4.0, -6.0, -1.0; 2
5.0, -6.0, -1.0; 6
6.0, -6.0, -1.0; 1
-9.0, -5.0, -1.0; 4
-8.0, -5.0, -1.0; 6
-7.0, -5.0, -1.0; 1
-6.0, -5.0, -1.0; 6
-5.0, -5.0, -1.0; 3
1.0, -5.0, -1.0; 2
2.0, -5.0, -1.0; 12
3.0, -5.0, -1.0; 4
4.0, -5.0, -1.0; 4
-10.0, -4.0, -1.0; 1
-9.0, -4.0, -1.0; 5
-8.0, -4.0, -1.0; 4
-7.0, -4.0, -1.0; 5
-6.0, -4.0, -1.0; 2
-5.0, -4.0, -1.0; 3
3.0, -4.0, -1.0; 1
4.0, -4.0, -1.0; 1
6.0, -4.0, -1.0; 6
-10.0, -3.0, -1.0; 1
-9.0, -3.0, -1.0; 2
-8.0, -3.0, -1.0; 7
-7.0, -3.0, -1.0; 2
-6.0, -3.0, -1.0; 5
-5.0, -3.0, -1.0; 3
-9.0, -2.0, -1.0; 2
-8.0, -2.0, -1.0; 4
-7.0, -2.0, -1.0; 5
-6.0, -2.0, -1.0; 1
-5.0, -2.0, -1.0; 1
5.0, -2.0, -1.0; 1
-10.0, -1.0, -1.0; 2
-9.0, -1.0, -1.0; 5
-8.0, -1.0, -1.0; 6
-7.0, -1.0, -1.0; 3
4.0, -1.0, -1.0; 2
-10.0, 0.0, -1.0; 1
-9.0, 0.0, -1.0; 1
-8.0, 0.0, -1.0; 4
-7.0, 0.0, -1.0; 3
-6.0, 0.0, -1.0; 9
-5.0, 0.0, -1.0; 1
-9.0, 1.0, -1.0; 5
-8.0, 1.0, -1.0; 3
-7.0, 1.0, -1.0; 6
-6.0, 1.0, -1.0; 1506
-5.0, 1.0, -1.0; 276
6.0, 1.0, -1.0; 1
7.0, 1.0, -1.0; 1
-10.0, 2.0, -1.0; 2
-9.0, 2.0, -1.0; 1
-8.0, 2.0, -1.0; 2
-7.0, 2.0, -1.0; 3
-6.0, 2.0, -1.0; 102
-5.0, 2.0, -1.0; 144
4.0, 2.0, -1.0; 1
6.0, 2.0, -1.0; 2
7.0, 2.0, -1.0; 1
-9.0, 3.0, -1.0; 7
-8.0, 3.0, -1.0; 7
-7.0, 3.0, -1.0; 3
-6.0, 3.0, -1.0; 12
-5.0, 3.0, -1.0; 9
3.0, 3.0, -1.0; 2
4.0, 3.0, -1.0; 5
5.0, 3.0, -1.0; 4
-9.0, 4.0, -1.0; 2
-8.0, 4.0, -1.0; 6
-7.0, 4.0, -1.0; 12
-6.0, 4.0, -1.0; 8
-5.0, 4.0, -1.0; 19
-4.0, 4.0, -1.0; 1
-3.0, 4.0, -1.0; 1
0.0, 4.0, -1.0; 1
1.0, 4.0, -1.0; 1
2.0, 4.0, -1.0; 9
3.0, 4.0, -1.0; 7
4.0, 4.0, -1.0; 16
5.0, 4.0, -1.0; 4
6.0, 4.0, -1.0; 1
7.0, 4.0, -1.0; 2
-9.0, 5.0, -1.0; 1
-8.0, 5.0, -1.0; 4
-7.0, 5.0, -1.0; 10
-6.0, 5.0, -1.0; 4
-5.0, 5.0, -1.0; 7
-4.0, 5.0, -1.0; 32
-3.0, 5.0, -1.0; 12
-2.0, 5.0, -1.0; 3
-1.0, 5.0, -1.0; 9
0.0, 5.0, -1.0; 27
1.0, 5.0, -1.0; 48
2.0, 5.0, -1.0; 6
3.0, 5.0, -1.0; 8
4.0, 5.0, -1.0; 4
5.0, 5.0, -1.0; 1
7.0, 5.0, -1.0; 1
8.0, 5.0, -1.0; 1
-8.0, 6.0, -1.0; 4
-7.0, 6.0, -1.0; 44
-6.0, 6.0, -1.0; 304
-5.0, 6.0, -1.0; 75
-4.0, 6.0, -1.0; 10
-3.0, 6.0, -1.0; 17
-2.0, 6.0, -1.0; 44
-1.0, 6.0, -1.0; 149
0.0, 6.0, -1.0; 200
1.0, 6.0, -1.0; 69
2.0, 6.0, -1.0; 4
3.0, 6.0, -1.0; 6
5.0, 6.0, -1.0; 4
6.0, 6.0, -1.0; 3
-7.0, 7.0, -1.0; 4
-6.0, 7.0, -1.0; 27
-5.0, 7.0, -1.0; 73
-4.0, 7.0, -1.0; 28
-3.0, 7.0, -1.0; 8
-2.0, 7.0, -1.0; 12
-1.0, 7.0, -1.0; 20
0.0, 7.0, -1.0; 14
1.0, 7.0, -1.0; 7
2.0, 7.0, -1.0; 19
3.0, 7.0, -1.0; 10
4.0, 7.0, -1.0; 3
5.0, 7.0, -1.0; 1
6.0, 7.0, -1.0; 2
-5.0, 8.0, -1.0; 2
-4.0, 8.0, -1.0; 7
-3.0, 8.0, -1.0; 12
-2.0, 8.0, -1.0; 10
-1.0, 8.0, -1.0; 14
0.0, 8.0, -1.0; 22
1.0, 8.0, -1.0; 19
2.0, 8.0, -1.0; 14
3.0, 8.0, -1.0; 5
5.0, 8.0, -1.0; 1
-4.0, 9.0, -1.0; 3
-3.0, 9.0, -1.0; 10
-2.0, 9.0, -1.0; 16
-1.0, 9.0, -1.0; 34
0.0, 9.0, -1.0; 23
1.0, 9.0, -1.0; 35
2.0, 9.0, -1.0; 12
3.0, 9.0, -1.0; 1
-5.0, -10.0, 0.0; 1
-4.0, -10.0, 0.0; 9
-3.0, -10.0, 0.0; 23
-2.0, -10.0, 0.0; 31
-1.0, -10.0, 0.0; 34
0.0, -10.0, 0.0; 33
1.0, -10.0, 0.0; 13
2.0, -10.0, 0.0; 5
-6.0, -9.0, 0.0; 2
-5.0, -9.0, 0.0; 13
-4.0, -9.0, 0.0; 7
-3.0, -9.0, 0.0; 5
-2.0, -9.0, 0.0; 8
-1.0, -9.0, 0.0; 11
0.0, -9.0, 0.0; 10
1.0, -9.0, 0.0; 7
2.0, -9.0, 0.0; 7
3.0, -9.0, 0.0; 5
4.0, -9.0, 0.0; 5
5.0, -9.0, 0.0; 2
-7.0, -8.0, 0.0; 5
-6.0, -8.0, 0.0; 6
-5.0, -8.0, 0.0; 6
-4.0, -8.0, 0.0; 1
-3.0, -8.0, 0.0; 2
-2.0, -8.0, 0.0; 17
-1.0, -8.0, 0.0; 9
0.0, -8.0, 0.0; 13
1.0, -8.0, 0.0; 4
2.0, -8.0, 0.0; 5
3.0, -8.0, 0.0; 4
4.0, -8.0, 0.0; 1
5.0, -8.0, 0.0; 2
-7.0, -7.0, 0.0; 10
-5.0, -7.0, 0.0; 1
-4.0, -7.0, 0.0; 33
-3.0, -7.0, 0.0; 81
-2.0, -7.0, 0.0; 176
-1.0, -7.0, 0.0; 241
0.0, -7.0, 0.0; 112
1.0, -7.0, 0.0; 49
2.0, -7.0, 0.0; 12
3.0, -7.0, 0.0; 7
4.0, -7.0, 0.0; 8
6.0, -7.0, 0.0; 2
-8.0, -6.0, 0.0; 4
-7.0, -6.0, 0.0; 1
-6.0, -6.0, 0.0; 1
-5.0, -6.0, 0.0; 17
-4.0, -6.0, 0.0; 5
-3.0, -6.0, 0.0; 4
-2.0, -6.0, 0.0; 20
-1.0, -6.0, 0.0; 36
0.0, -6.0, 0.0; 34
1.0, -6.0, 0.0; 20
2.0, -6.0, 0.0; 18
3.0, -6.0, 0.0; 14
4.0, -6.0, 0.0; 5
5.0, -6.0, 0.0; 6
6.0, -6.0, 0.0; 3
7.0, -6.0, 0.0; 1
-9.0, -5.0, 0.0; 1
-8.0, -5.0, 0.0; 11
-7.0, -5.0, 0.0; 2
-6.0, -5.0, 0.0; 31
-5.0, -5.0, 0.0; 2
-4.0, -5.0, 0.0; 4
-3.0, -5.0, 0.0; 4
-2.0, -5.0, 0.0; 3
-1.0, -5.0, 0.0; 1
0.0, -5.0, 0.0; 1
1.0, -5.0, 0.0; 1
2.0, -5.0, 0.0; 6
3.0, -5.0, 0.0; 6
4.0, -5.0, 0.0; 4
5.0, -5.0, 0.0; 4
6.0, -5.0, 0.0; 1
-10.0, -4.0, 0.0; 1
-9.0, -4.0, 0.0; 5
-8.0, -4.0, 0.0; 4
-7.0, -4.0, 0.0; 13
-6.0, -4.0, 0.0; 11
-5.0, -4.0, 0.0; 1
-4.0, -4.0, 0.0; 2
2.0, -4.0, 0.0; 1
3.0, -4.0, 0.0; 1
6.0, -4.0, 0.0; 10
7.0, -4.0, 0.0; 1
-9.0, -3.0, 0.0; 4
-8.0, -3.0, 0.0; 5
-7.0, -3.0, 0.0; 4
-6.0, -3.0, 0.0; 1
9.0, -3.0, 0.0; 1
-10.0, -2.0, 0.0; 2
-8.0, -2.0, 0.0; 6
8.0, -2.0, 0.0; 1
-10.0, -1.0, 0.0; 2
-9.0, -1.0, 0.0; 2
-8.0, -1.0, 0.0; 1
-7.0, -1.0, 0.0; 6
-6.0, -1.0, 0.0; 3
-5.0, -1.0, 0.0; 1
-10.0, 0.0, 0.0; 3
-9.0, 0.0, 0.0; 6
-8.0, 0.0, 0.0; 3
-7.0, 0.0, 0.0; 5
-6.0, 0.0, 0.0; 9
3.0
11.9862751357
