4.0, 0.0, 0.0; 1
8.0, 0.0, 0.0; 1
-10.0, 1.0, 0.0; 5
-9.0, 1.0, 0.0; 4
-8.0, 1.0, 0.0; 4
-7.0, 1.0, 0.0; 7
-6.0, 1.0, 0.0; 305
-5.0, 1.0, 0.0; 206
-4.0, 1.0, 0.0; 3
4.0, 1.0, 0.0; 3
5.0, 1.0, 0.0; 3
6.0, 1.0, 0.0; 2
7.0, 1.0, 0.0; 2
-10.0, 2.0, 0.0; 1
-9.0, 2.0, 0.0; 11
-8.0, 2.0, 0.0; 6
-7.0, 2.0, 0.0; 5
-6.0, 2.0, 0.0; 68
-5.0, 2.0, 0.0; 267
3.0, 2.0, 0.0; 5
4.0, 2.0, 0.0; 13
5.0, 2.0, 0.0; 4
6.0, 2.0, 0.0; 4
7.0, 2.0, 0.0; 2
9.0, 2.0, 0.0; 1
-10.0, 3.0, 0.0; 1
-9.0, 3.0, 0.0; 15
-8.0, 3.0, 0.0; 24
-7.0, 3.0, 0.0; 20
-6.0, 3.0, 0.0; 17
-5.0, 3.0, 0.0; 140
-4.0, 3.0, 0.0; 12
-3.0, 3.0, 0.0; 1
1.0, 3.0, 0.0; 1
2.0, 3.0, 0.0; 10
3.0, 3.0, 0.0; 130
4.0, 3.0, 0.0; 85
5.0, 3.0, 0.0; 4
6.0, 3.0, 0.0; 4
7.0, 3.0, 0.0; 1
8.0, 3.0, 0.0; 1
-9.0, 4.0, 0.0; 11
-8.0, 4.0, 0.0; 59
-7.0, 4.0, 0.0; 47
-6.0, 4.0, 0.0; 30
-5.0, 4.0, 0.0; 63
-4.0, 4.0, 0.0; 91
-3.0, 4.0, 0.0; 6
-2.0, 4.0, 0.0; 2
0.0, 4.0, 0.0; 5
1.0, 4.0, 0.0; 34
2.0, 4.0, 0.0; 22
3.0, 4.0, 0.0; 43
4.0, 4.0, 0.0; 10
5.0, 4.0, 0.0; 2
6.0, 4.0, 0.0; 3
7.0, 4.0, 0.0; 3
8.0, 4.0, 0.0; 1
-9.0, 5.0, 0.0; 3
-8.0, 5.0, 0.0; 31
-7.0, 5.0, 0.0; 63
-6.0, 5.0, 0.0; 36
-5.0, 5.0, 0.0; 30
-4.0, 5.0, 0.0; 297
-3.0, 5.0, 0.0; 423
-2.0, 5.0, 0.0; 93
-1.0, 5.0, 0.0; 45
0.0, 5.0, 0.0; 150
1.0, 5.0, 0.0; 159
2.0, 5.0, 0.0; 27
3.0, 5.0, 0.0; 13
4.0, 5.0, 0.0; 7
5.0, 5.0, 0.0; 3
6.0, 5.0, 0.0; 3
7.0, 5.0, 0.0; 3
-8.0, 6.0, 0.0; 14
-7.0, 6.0, 0.0; 265
-6.0, 6.0, 0.0; 1446
-5.0, 6.0, 0.0; 372
-4.0, 6.0, 0.0; 129
-3.0, 6.0, 0.0; 387
-2.0, 6.0, 0.0; 462
-1.0, 6.0, 0.0; 445
0.0, 6.0, 0.0; 353
1.0, 6.0, 0.0; 56
2.0, 6.0, 0.0; 8
3.0, 6.0, 0.0; 18
4.0, 6.0, 0.0; 18
5.0, 6.0, 0.0; 3
6.0, 6.0, 0.0; 5
7.0, 6.0, 0.0; 1
-7.0, 7.0, 0.0; 23
-6.0, 7.0, 0.0; 145
-5.0, 7.0, 0.0; 181
-4.0, 7.0, 0.0; 57
-3.0, 7.0, 0.0; 20
-2.0, 7.0, 0.0; 64
-1.0, 7.0, 0.0; 191
0.0, 7.0, 0.0; 77
1.0, 7.0, 0.0; 33
2.0, 7.0, 0.0; 73
3.0, 7.0, 0.0; 66
4.0, 7.0, 0.0; 7
5.0, 7.0, 0.0; 8
6.0, 7.0, 0.0; 2
-6.0, 8.0, 0.0; 14
-5.0, 8.0, 0.0; 55
-4.0, 8.0, 0.0; 40
-3.0, 8.0, 0.0; 36
-2.0, 8.0, 0.0; 34
-1.0, 8.0, 0.0; 49
0.0, 8.0, 0.0; 52
1.0, 8.0, 0.0; 74
2.0, 8.0, 0.0; 48
3.0, 8.0, 0.0; 8
4.0, 8.0, 0.0; 4
-4.0, 9.0, 0.0; 12
-3.0, 9.0, 0.0; 54
-2.0, 9.0, 0.0; 129
-1.0, 9.0, 0.0; 122
0.0, 9.0, 0.0; 96
1.0, 9.0, 0.0; 49
2.0, 9.0, 0.0; 14
3.0, 9.0, 0.0; 4
-4.0, -10.0, 1.0; 23
-3.0, -10.0, 1.0; 45
-2.0, -10.0, 1.0; 82
-1.0, -10.0, 1.0; 83
0.0, -10.0, 1.0; 85
1.0, -10.0, 1.0; 34
2.0, -10.0, 1.0; 11
3.0, -10.0, 1.0; 2
-6.0, -9.0, 1.0; 14
-5.0, -9.0, 1.0; 38
-4.0, -9.0, 1.0; 60
-3.0, -9.0, 1.0; 37
-2.0, -9.0, 1.0; 37
-1.0, -9.0, 1.0; 56
0.0, -9.0, 1.0; 35
1.0, -9.0, 1.0; 58
2.0, -9.0, 1.0; 21
3.0, -9.0, 1.0; 11
4.0, -9.0, 1.0; 6
5.0, -9.0, 1.0; 2
-7.0, -8.0, 1.0; 11
-6.0, -8.0, 1.0; 44
-5.0, -8.0, 1.0; 16
-4.0, -8.0, 1.0; 10
-3.0, -8.0, 1.0; 4
-2.0, -8.0, 1.0; 4
-1.0, -8.0, 1.0; 8
0.0, -8.0, 1.0; 25
1.0, -8.0, 1.0; 21
2.0, -8.0, 1.0; 19
3.0, -8.0, 1.0; 9
4.0, -8.0, 1.0; 6
5.0, -8.0, 1.0; 5
6.0, -8.0, 1.0; 1
-8.0, -7.0, 1.0; 9
-7.0, -7.0, 1.0; 15
-6.0, -7.0, 1.0; 16
-4.0, -7.0, 1.0; 148
-3.0, -7.0, 1.0; 524
-2.0, -7.0, 1.0; 595
-1.0, -7.0, 1.0; 305
0.0, -7.0, 1.0; 78
1.0, -7.0, 1.0; 40
2.0, -7.0, 1.0; 30
3.0, -7.0, 1.0; 21
4.0, -7.0, 1.0; 7
5.0, -7.0, 1.0; 2
6.0, -7.0, 1.0; 1
7.0, -7.0, 1.0; 1
-9.0, -6.0, 1.0; 2
-8.0, -6.0, 1.0; 17
-7.0, -6.0, 1.0; 18
-6.0, -6.0, 1.0; 7
-5.0, -6.0, 1.0; 301
-4.0, -6.0, 1.0; 587
-3.0, -6.0, 1.0; 325
-2.0, -6.0, 1.0; 182
-1.0, -6.0, 1.0; 146
0.0, -6.0, 1.0; 56
1.0, -6.0, 1.0; 38
2.0, -6.0, 1.0; 51
3.0, -6.0, 1.0; 31
4.0, -6.0, 1.0; 11
5.0, -6.0, 1.0; 3
7.0, -6.0, 1.0; 1
-9.0, -5.0, 1.0; 7
-8.0, -5.0, 1.0; 24
-7.0, -5.0, 1.0; 11
-6.0, -5.0, 1.0; 132
-5.0, -5.0, 1.0; 293
-4.0, -5.0, 1.0; 25
-3.0, -5.0, 1.0; 14
-2.0, -5.0, 1.0; 14
-1.0, -5.0, 1.0; 7
0.0, -5.0, 1.0; 8
1.0, -5.0, 1.0; 14
2.0, -5.0, 1.0; 11
3.0, -5.0, 1.0; 17
4.0, -5.0, 1.0; 11
5.0, -5.0, 1.0; 2
6.0, -5.0, 1.0; 1
7.0, -5.0, 1.0; 1
-10.0, -4.0, 1.0; 1
-9.0, -4.0, 1.0; 12
-8.0, -4.0, 1.0; 26
-7.0, -4.0, 1.0; 4
-6.0, -4.0, 1.0; 106
-5.0, -4.0, 1.0; 16
-4.0, -4.0, 1.0; 2
-3.0, -4.0, 1.0; 3
-2.0, -4.0, 1.0; 2
1.0, -4.0, 1.0; 2
2.0, -4.0, 1.0; 4
3.0, -4.0, 1.0; 1
4.0, -4.0, 1.0; 2
5.0, -4.0, 1.0; 1
6.0, -4.0, 1.0; 5
8.0, -4.0, 1.0; 1
-10.0, -3.0, 1.0; 3
-9.0, -3.0, 1.0; 6
-8.0, -3.0, 1.0; 18
-7.0, -3.0, 1.0; 3
-6.0, -3.0, 1.0; 10
4.0, -3.0, 1.0; 1
6.0, -3.0, 1.0; 1
-10.0, -2.0, 1.0; 9
-9.0, -2.0, 1.0; 4
-8.0, -2.0, 1.0; 12
-7.0, -2.0, 1.0; 4
-6.0, -2.0, 1.0; 41
-5.0, -2.0, 1.0; 4
3.0, -2.0, 1.0; 1
7.0, -2.0, 1.0; 1
-10.0, -1.0, 1.0; 6
-9.0, -1.0, 1.0; 4
-8.0, -1.0, 1.0; 7
-7.0, -1.0, 1.0; 13
-6.0, -1.0, 1.0; 167
-5.0, -1.0, 1.0; 17
-4.0, -1.0, 1.0; 2
4.0, -1.0, 1.0; 1
6.0, -1.0, 1.0; 1
-10.0, 0.0, 1.0; 4
-9.0, 0.0, 1.0; 5
-8.0, 0.0, 1.0; 7
-7.0, 0.0, 1.0; 7
-6.0, 0.0, 1.0; 123
-5.0, 0.0, 1.0; 23
-4.0, 0.0, 1.0; 1
5.0, 0.0, 1.0; 1
6.0, 0.0, 1.0; 1
-10.0, 1.0, 1.0; 4
-9.0, 1.0, 1.0; 4
-8.0, 1.0, 1.0; 9
-7.0, 1.0, 1.0; 4
-6.0, 1.0, 1.0; 21
-5.0, 1.0, 1.0; 77
-4.0, 1.0, 1.0; 5
5.0, 1.0, 1.0; 2
6.0, 1.0, 1.0; 4
7.0, 1.0, 1.0; 1
-10.0, 2.0, 1.0; 4
-9.0, 2.0, 1.0; 6
-8.0, 2.0, 1.0; 9
-7.0, 2.0, 1.0; 9
-6.0, 2.0, 1.0; 20
-5.0, 2.0, 1.0; 111
-4.0, 2.0, 1.0; 8
3.0, 2.0, 1.0; 9
4.0, 2.0, 1.0; 7
5.0, 2.0, 1.0; 1
6.0, 2.0, 1.0; 6
7.0, 2.0, 1.0; 3
9.0, 2.0, 1.0; 1
-10.0, 3.0, 1.0; 1
-9.0, 3.0, 1.0; 3
-8.0, 3.0, 1.0; 36
-7.0, 3.0, 1.0; 17
-6.0, 3.0, 1.0; 26
-5.0, 3.0, 1.0; 63
-4.0, 3.0, 1.0; 93
-3.0, 3.0, 1.0; 3
-2.0, 3.0, 1.0; 2
1.0, 3.0, 1.0; 10
2.0, 3.0, 1.0; 15
3.0, 3.0, 1.0; 180
4.0, 3.0, 1.0; 32
5.0, 3.0, 1.0; 7
6.0, 3.0, 1.0; 4
7.0, 3.0, 1.0; 1
-9.0, 4.0, 1.0; 3
-8.0, 4.0, 1.0; 22
-7.0, 4.0, 1.0; 33
-6.0, 4.0, 1.0; 36
-5.0, 4.0, 1.0; 37
-4.0, 4.0, 1.0; 88
-3.0, 4.0, 1.0; 118
-2.0, 4.0, 1.0; 37
-1.0, 4.0, 1.0; 4
0.0, 4.0, 1.0; 8
1.0, 4.0, 1.0; 37
2.0, 4.0, 1.0; 39
3.0, 4.0, 1.0; 70
4.0, 4.0, 1.0; 5
5.0, 4.0, 1.0; 4
6.0, 4.0, 1.0; 2
7.0, 4.0, 1.0; 2
8.0, 4.0, 1.0; 2
-9.0, 5.0, 1.0; 2
-8.0, 5.0, 1.0; 20
-7.0, 5.0, 1.0; 40
-6.0, 5.0, 1.0; 40
-5.0, 5.0, 1.0; 42
-4.0, 5.0, 1.0; 243
-3.0, 5.0, 1.0; 3130
-2.0, 5.0, 1.0; 923
-1.0, 5.0, 1.0; 76
0.0, 5.0, 1.0; 187
1.0, 5.0, 1.0; 79
2.0, 5.0, 1.0; 23
3.0, 5.0, 1.0; 11
4.0, 5.0, 1.0; 13
5.0, 5.0, 1.0; 2
6.0, 5.0, 1.0; 7
7.0, 5.0, 1.0; 1
-8.0, 6.0, 1.0; 23
-7.0, 6.0, 1.0; 73
-6.0, 6.0, 1.0; 206
-5.0, 6.0, 1.0; 89
-4.0, 6.0, 1.0; 114
-3.0, 6.0, 1.0; 472
-2.0, 6.0, 1.0; 314
-1.0, 6.0, 1.0; 155
0.0, 6.0, 1.0; 66
1.0, 6.0, 1.0; 15
2.0, 6.0, 1.0; 13
3.0, 6.0, 1.0; 17
4.0, 6.0, 1.0; 18
5.0, 6.0, 1.0; 5
6.0, 6.0, 1.0; 6
7.0, 6.0, 1.0; 1
-7.0, 7.0, 1.0; 12
-6.0, 7.0, 1.0; 47
-5.0, 7.0, 1.0; 49
-4.0, 7.0, 1.0; 21
-3.0, 7.0, 1.0; 12
-2.0, 7.0, 1.0; 28
-1.0, 7.0, 1.0; 36
0.0, 7.0, 1.0; 24
1.0, 7.0, 1.0; 34
2.0, 7.0, 1.0; 55
3.0, 7.0, 1.0; 34
4.0, 7.0, 1.0; 4
5.0, 7.0, 1.0; 2
6.0, 7.0, 1.0; 1
-6.0, 8.0, 1.0; 3
-5.0, 8.0, 1.0; 21
-4.0, 8.0, 1.0; 48
-3.0, 8.0, 1.0; 47
-2.0, 8.0, 1.0; 39
-1.0, 8.0, 1.0; 42
0.0, 8.0, 1.0; 38
1.0, 8.0, 1.0; 58
2.0, 8.0, 1.0; 47
3.0, 8.0, 1.0; 11
4.0, 8.0, 1.0; 5
5.0, 8.0, 1.0; 3
-4.0, 9.0, 1.0; 13
-3.0, 9.0, 1.0; 33
-2.0, 9.0, 1.0; 95
-1.0, 9.0, 1.0; 65
0.0, 9.0, 1.0; 45
1.0, 9.0, 1.0; 22
2.0, 9.0, 1.0; 1
3.0, 9.0, 1.0; 3
-4.0, -10.0, 2.0; 3
-3.0, -10.0, 2.0; 15
-2.0, -10.0, 2.0; 28
-1.0, -10.0, 2.0; 30
0.0, -10.0, 2.0; 20
1.0, -10.0, 2.0; 4
2.0, -10.0, 2.0; 5
3.0, -10.0, 2.0; 1
-6.0, -9.0, 2.0; 2
-5.0, -9.0, 2.0; 31
-4.0, -9.0, 2.0; 57
-3.0, -9.0, 2.0; 74
-2.0, -9.0, 2.0; 64
-1.0, -9.0, 2.0; 64
0.0, -9.0, 2.0; 48
1.0, -9.0, 2.0; 35
2.0, -9.0, 2.0; 10
3.0, -9.0, 2.0; 14
4.0, -9.0, 2.0; 5
5.0, -9.0, 2.0; 1
-7.0, -8.0, 2.0; 9
-6.0, -8.0, 2.0; 28
-5.0, -8.0, 2.0; 36
-4.0, -8.0, 2.0; 28
-3.0, -8.0, 2.0; 16
-2.0, -8.0, 2.0; 7
-1.0, -8.0, 2.0; 11
0.0, -8.0, 2.0; 18
1.0, -8.0, 2.0; 13
2.0, -8.0, 2.0; 9
3.0, -8.0, 2.0; 7
4.0, -8.0, 2.0; 6
5.0, -8.0, 2.0; 3
6.0, -8.0, 2.0; 4
-7.0, -7.0, 2.0; 16
-6.0, -7.0, 2.0; 23
-5.0, -7.0, 2.0; 10
-3.0, -7.0, 2.0; 18
-2.0, -7.0, 2.0; 46
-1.0, -7.0, 2.0; 23
0.0, -7.0, 2.0; 14
1.0, -7.0, 2.0; 15
2.0, -7.0, 2.0; 14
3.0, -7.0, 2.0; 10
4.0, -7.0, 2.0; 2
5.0, -7.0, 2.0; 2
6.0, -7.0, 2.0; 3
-8.0, -6.0, 2.0; 10
-7.0, -6.0, 2.0; 21
-6.0, -6.0, 2.0; 15
-5.0, -6.0, 2.0; 14
-4.0, -6.0, 2.0; 266
-3.0, -6.0, 2.0; 421
-2.0, -6.0, 2.0; 222
-1.0, -6.0, 2.0; 49
0.0, -6.0, 2.0; 10
1.0, -6.0, 2.0; 18
2.0, -6.0, 2.0; 19
3.0, -6.0, 2.0; 10
4.0, -6.0, 2.0; 4
5.0, -6.0, 2.0; 3
6.0, -6.0, 2.0; 1
7.0, -6.0, 2.0; 2
-9.0, -5.0, 2.0; 2
-8.0, -5.0, 2.0; 15
-7.0, -5.0, 2.0; 35
-6.0, -5.0, 2.0; 1
-5.0, -5.0, 2.0; 156
-4.0, -5.0, 2.0; 208
-3.0, -5.0, 2.0; 38
-2.0, -5.0, 2.0; 15
-1.0, -5.0, 2.0; 4
0.0, -5.0, 2.0; 1
1.0, -5.0, 2.0; 6
2.0, -5.0, 2.0; 7
3.0, -5.0, 2.0; 9
4.0, -5.0, 2.0; 3
5.0, -5.0, 2.0; 3
7.0, -5.0, 2.0; 1
8.0, -5.0, 2.0; 1
-9.0, -4.0, 2.0; 3
-8.0, -4.0, 2.0; 22
-7.0, -4.0, 2.0; 11
-6.0, -4.0, 2.0; 7
-5.0, -4.0, 2.0; 34
-4.0, -4.0, 2.0; 9
-3.0, -4.0, 2.0; 1
-1.0, -4.0, 2.0; 1
1.0, -4.0, 2.0; 3
2.0, -4.0, 2.0; 4
5.0, -4.0, 2.0; 3
7.0, -4.0, 2.0; 1
-10.0, -3.0, 2.0; 2
-9.0, -3.0, 2.0; 7
-8.0, -3.0, 2.0; 11
-7.0, -3.0, 2.0; 12
-6.0, -3.0, 2.0; 4
-5.0, -3.0, 2.0; 12
-4.0, -3.0, 2.0; 1
-3.0, -3.0, 2.0; 2
-1.0, -3.0, 2.0; 2
0.0, -3.0, 2.0; 1
5.0, -3.0, 2.0; 2
7.0, -3.0, 2.0; 1
-10.0, -2.0, 2.0; 8
-9.0, -2.0, 2.0; 3
-8.0, -2.0, 2.0; 10
-7.0, -2.0, 2.0; 13
-6.0, -2.0, 2.0; 18
-5.0, -2.0, 2.0; 12
-4.0, -2.0, 2.0; 6
2.0, -2.0, 2.0; 1
3.0, -2.0, 2.0; 2
6.0, -2.0, 2.0; 1
-10.0, -1.0, 2.0; 3
-9.0, -1.0, 2.0; 7
-8.0, -1.0, 2.0; 7
-7.0, -1.0, 2.0; 10
-6.0, -1.0, 2.0; 43
-5.0, -1.0, 2.0; 23
-4.0, -1.0, 2.0; 3
3.0, -1.0, 2.0; 2
5.0, -1.0, 2.0; 2
6.0, -1.0, 2.0; 1
-10.0, 0.0, 2.0; 1
-9.0, 0.0, 2.0; 5
-8.0, 0.0, 2.0; 5
-7.0, 0.0, 2.0; 12
-6.0, 0.0, 2.0; 74
-5.0, 0.0, 2.0; 120
-4.0, 0.0, 2.0; 17
-3.0, 0.0, 2.0; 1
4.0, 0.0, 2.0; 1
5.0, 0.0, 2.0; 5
6.0, 0.0, 2.0; 3
9.0, 0.0, 2.0; 1
-10.0, 1.0, 2.0; 7
-9.0, 1.0, 2.0; 7
-8.0, 1.0, 2.0; 10
-7.0, 1.0, 2.0; 5
-6.0, 1.0, 2.0; 24
-5.0, 1.0, 2.0; 456
-4.0, 1.0, 2.0; 449
-3.0, 1.0, 2.0; 13
-1.0, 1.0, 2.0; 1
1.0, 1.0, 2.0; 1
3.0, 1.0, 2.0; 1
4.0, 1.0, 2.0; 1
5.0, 1.0, 2.0; 2
6.0, 1.0, 2.0; 4
7.0, 1.0, 2.0; 2
8.0, 1.0, 2.0; 1
-10.0, 2.0, 2.0; 2
-9.0, 2.0, 2.0; 6
-8.0, 2.0, 2.0; 6
-7.0, 2.0, 2.0; 8
-6.0, 2.0, 2.0; 22
-5.0, 2.0, 2.0; 382
-4.0, 2.0, 2.0; 2038
-3.0, 2.0, 2.0; 82
-2.0, 2.0, 2.0; 2
-1.0, 2.0, 2.0; 3
0.0, 2.0, 2.0; 2
1.0, 2.0, 2.0; 8
2.0, 2.0, 2.0; 8
3.0, 2.0, 2.0; 7
4.0, 2.0, 2.0; 8
5.0, 2.0, 2.0; 4
6.0, 2.0, 2.0; 2
7.0, 2.0, 2.0; 1
-9.0, 3.0, 2.0; 2
-8.0, 3.0, 2.0; 14
-7.0, 3.0, 2.0; 17
-6.0, 3.0, 2.0; 19
-5.0, 3.0, 2.0; 61
-4.0, 3.0, 2.0; 228
-3.0, 3.0, 2.0; 80
-2.0, 3.0, 2.0; 38
-1.0, 3.0, 2.0; 20
0.0, 3.0, 2.0; 23
1.0, 3.0, 2.0; 36
2.0, 3.0, 2.0; 35
3.0, 3.0, 2.0; 61
4.0, 3.0, 2.0; 5
5.0, 3.0, 2.0; 6
7.0, 3.0, 2.0; 3
8.0, 3.0, 2.0; 2
-9.0, 4.0, 2.0; 7
-8.0, 4.0, 2.0; 5
-7.0, 4.0, 2.0; 23
-6.0, 4.0, 2.0; 19
-5.0, 4.0, 2.0; 34
-4.0, 4.0, 2.0; 78
-3.0, 4.0, 2.0; 204
-2.0, 4.0, 2.0; 237
-1.0, 4.0, 2.0; 66
0.0, 4.0, 2.0; 33
1.0, 4.0, 2.0; 26
2.0, 4.0, 2.0; 87
3.0, 4.0, 2.0; 48
4.0, 4.0, 2.0; 10
5.0, 4.0, 2.0; 2
6.0, 4.0, 2.0; 4
7.0, 4.0, 2.0; 3
8.0, 4.0, 2.0; 2
-9.0, 5.0, 2.0; 1
-8.0, 5.0, 2.0; 25
-7.0, 5.0, 2.0; 26
-6.0, 5.0, 2.0; 30
-5.0, 5.0, 2.0; 19
-4.0, 5.0, 2.0; 69
-3.0, 5.0, 2.0; 282
-2.0, 5.0, 2.0; 198
-1.0, 5.0, 2.0; 53
0.0, 5.0, 2.0; 37
1.0, 5.0, 2.0; 18
2.0, 5.0, 2.0; 31
3.0, 5.0, 2.0; 15
4.0, 5.0, 2.0; 21
5.0, 5.0, 2.0; 3
6.0, 5.0, 2.0; 4
7.0, 5.0, 2.0; 5
-8.0, 6.0, 2.0; 11
-7.0, 6.0, 2.0; 25
-6.0, 6.0, 2.0; 30
-5.0, 6.0, 2.0; 28
-4.0, 6.0, 2.0; 31
-3.0, 6.0, 2.0; 38
-2.0, 6.0, 2.0; 32
-1.0, 6.0, 2.0; 14
0.0, 6.0, 2.0; 7
1.0, 6.0, 2.0; 12
2.0, 6.0, 2.0; 10
3.0, 6.0, 2.0; 12
4.0, 6.0, 2.0; 8
5.0, 6.0, 2.0; 2
6.0, 6.0, 2.0; 3
7.0, 6.0, 2.0; 1
-7.0, 7.0, 2.0; 3
-6.0, 7.0, 2.0; 21
-5.0, 7.0, 2.0; 32
-4.0, 7.0, 2.0; 35
-3.0, 7.0, 2.0; 24
-2.0, 7.0, 2.0; 11
-1.0, 7.0, 2.0; 22
0.0, 7.0, 2.0; 28
1.0, 7.0, 2.0; 41
2.0, 7.0, 2.0; 52
3.0, 7.0, 2.0; 16
4.0, 7.0, 2.0; 3
5.0, 7.0, 2.0; 5
6.0, 7.0, 2.0; 1
-6.0, 8.0, 2.0; 1
-5.0, 8.0, 2.0; 12
-4.0, 8.0, 2.0; 40
-3.0, 8.0, 2.0; 43
-2.0, 8.0, 2.0; 37
-1.0, 8.0, 2.0; 54
0.0, 8.0, 2.0; 54
1.0, 8.0, 2.0; 54
2.0, 8.0, 2.0; 28
3.0, 8.0, 2.0; 5
4.0, 8.0, 2.0; 1
-4.0, 9.0, 2.0; 2
-3.0, 9.0, 2.0; 12
-2.0, 9.0, 2.0; 30
-1.0, 9.0, 2.0; 39
0.0, 9.0, 2.0; 28
1.0, 9.0, 2.0; 5
2.0, 9.0, 2.0; 3
-3.0, -10.0, 3.0; 1
-2.0, -10.0, 3.0; 5
-1.0, -10.0, 3.0; 6
0.0, -10.0, 3.0; 5
1.0, -10.0, 3.0; 2
-5.0, -9.0, 3.0; 3
-4.0, -9.0, 3.0; 18
-3.0, -9.0, 3.0; 38
-2.0, -9.0, 3.0; 45
-1.0, -9.0, 3.0; 33
0.0, -9.0, 3.0; 13
1.0, -9.0, 3.0; 9
2.0, -9.0, 3.0; 9
3.0, -9.0, 3.0; 7
4.0, -9.0, 3.0; 6
-7.0, -8.0, 3.0; 2
-6.0, -8.0, 3.0; 38
-5.0, -8.0, 3.0; 69
-4.0, -8.0, 3.0; 52
-3.0, -8.0, 3.0; 50
-2.0, -8.0, 3.0; 45
-1.0, -8.0, 3.0; 44
0.0, -8.0, 3.0; 18
1.0, -8.0, 3.0; 14
2.0, -8.0, 3.0; 6
3.0, -8.0, 3.0; 2
4.0, -8.0, 3.0; 11
5.0, -8.0, 3.0; 4
-7.0, -7.0, 3.0; 9
-6.0, -7.0, 3.0; 31
-5.0, -7.0, 3.0; 36
-4.0, -7.0, 3.0; 30
-3.0, -7.0, 3.0; 28
-2.0, -7.0, 3.0; 26
-1.0, -7.0, 3.0; 22
0.0, -7.0, 3.0; 37
1.0, -7.0, 3.0; 22
2.0, -7.0, 3.0; 2
3.0, -7.0, 3.0; 5
4.0, -7.0, 3.0; 2
5.0, -7.0, 3.0; 2
6.0, -7.0, 3.0; 1
-8.0, -6.0, 3.0; 3
-7.0, -6.0, 3.0; 9
-6.0, -6.0, 3.0; 41
-5.0, -6.0, 3.0; 45
-4.0, -6.0, 3.0; 4
-3.0, -6.0, 3.0; 6
-2.0, -6.0, 3.0; 6
-1.0, -6.0, 3.0; 6
0.0, -6.0, 3.0; 7
1.0, -6.0, 3.0; 9
2.0, -6.0, 3.0; 7
3.0, -6.0, 3.0; 3
4.0, -6.0, 3.0; 3
5.0, -6.0, 3.0; 1
6.0, -6.0, 3.0; 1
-8.0, -5.0, 3.0; 1
-7.0, -5.0, 3.0; 23
-6.0, -5.0, 3.0; 29
-5.0, -5.0, 3.0; 6
-4.0, -5.0, 3.0; 8
-3.0, -5.0, 3.0; 6
-2.0, -5.0, 3.0; 7
-1.0, -5.0, 3.0; 1
0.0, -5.0, 3.0; 12
1.0, -5.0, 3.0; 9
2.0, -5.0, 3.0; 11
4.0, -5.0, 3.0; 3
5.0, -5.0, 3.0; 1
-9.0, -4.0, 3.0; 4
-8.0, -4.0, 3.0; 6
-7.0, -4.0, 3.0; 21
-6.0, -4.0, 3.0; 17
-5.0, -4.0, 3.0; 3
-4.0, -4.0, 3.0; 6
-3.0, -4.0, 3.0; 8
-2.0, -4.0, 3.0; 4
-1.0, -4.0, 3.0; 3
0.0, -4.0, 3.0; 3
1.0, -4.0, 3.0; 7
2.0, -4.0, 3.0; 2
3.0, -4.0, 3.0; 2
4.0, -4.0, 3.0; 1
5.0, -4.0, 3.0; 2
-9.0, -3.0, 3.0; 3
-8.0, -3.0, 3.0; 8
-7.0, -3.0, 3.0; 10
-6.0, -3.0, 3.0; 14
-5.0, -3.0, 3.0; 10
-4.0, -3.0, 3.0; 8
-3.0, -3.0, 3.0; 4
-2.0, -3.0, 3.0; 2
-1.0, -3.0, 3.0; 5
0.0, -3.0, 3.0; 4
1.0, -3.0, 3.0; 3
2.0, -3.0, 3.0; 1
4.0, -3.0, 3.0; 1
5.0, -3.0, 3.0; 2
7.0, -3.0, 3.0; 1
8.0, -3.0, 3.0; 2
-10.0, -2.0, 3.0; 1
-9.0, -2.0, 3.0; 11
-8.0, -2.0, 3.0; 8
-7.0, -2.0, 3.0; 16
-6.0, -2.0, 3.0; 28
-5.0, -2.0, 3.0; 40
-4.0, -2.0, 3.0; 17
-3.0, -2.0, 3.0; 18
-2.0, -2.0, 3.0; 6
3.0, -2.0, 3.0; 1
4.0, -2.0, 3.0; 2
-10.0, -1.0, 3.0; 3
-9.0, -1.0, 3.0; 13
-8.0, -1.0, 3.0; 7
-7.0, -1.0, 3.0; 9
-6.0, -1.0, 3.0; 14
-5.0, -1.0, 3.0; 34
-4.0, -1.0, 3.0; 23
-3.0, -1.0, 3.0; 24
-2.0, -1.0, 3.0; 19
-1.0, -1.0, 3.0; 3
5.0, -1.0, 3.0; 2
6.0, -1.0, 3.0; 1
8.0, -1.0, 3.0; 1
-10.0, 0.0, 3.0; 1
-9.0, 0.0, 3.0; 10
-8.0, 0.0, 3.0; 3
-7.0, 0.0, 3.0; 2
-6.0, 0.0, 3.0; 2
-5.0, 0.0, 3.0; 25
-4.0, 0.0, 3.0; 30
-3.0, 0.0, 3.0; 28
-2.0, 0.0, 3.0; 26
-1.0, 0.0, 3.0; 2
2.0, 0.0, 3.0; 1
3.0, 0.0, 3.0; 2
6.0, 0.0, 3.0; 2
-10.0, 1.0, 3.0; 1
-9.0, 1.0, 3.0; 11
-8.0, 1.0, 3.0; 8
-7.0, 1.0, 3.0; 6
-6.0, 1.0, 3.0; 11
-5.0, 1.0, 3.0; 34
-4.0, 1.0, 3.0; 102
-3.0, 1.0, 3.0; 74
-2.0, 1.0, 3.0; 50
-1.0, 1.0, 3.0; 13
2.0, 1.0, 3.0; 1
3.0, 1.0, 3.0; 3
5.0, 1.0, 3.0; 2
6.0, 1.0, 3.0; 1
-9.0, 2.0, 3.0; 10
-8.0, 2.0, 3.0; 8
-7.0, 2.0, 3.0; 7
-6.0, 2.0, 3.0; 8
-5.0, 2.0, 3.0; 16
-4.0, 2.0, 3.0; 225
-3.0, 2.0, 3.0; 163
-2.0, 2.0, 3.0; 104
-1.0, 2.0, 3.0; 73
0.0, 2.0, 3.0; 26
1.0, 2.0, 3.0; 12
2.0, 2.0, 3.0; 4
3.0, 2.0, 3.0; 5
4.0, 2.0, 3.0; 4
5.0, 2.0, 3.0; 6
6.0, 2.0, 3.0; 2
-9.0, 3.0, 3.0; 4
-8.0, 3.0, 3.0; 9
-7.0, 3.0, 3.0; 16
-6.0, 3.0, 3.0; 18
-5.0, 3.0, 3.0; 10
-4.0, 3.0, 3.0; 17
-3.0, 3.0, 3.0; 48
-2.0, 3.0, 3.0; 96
-1.0, 3.0, 3.0; 73
0.0, 3.0, 3.0; 19
1.0, 3.0, 3.0; 14
2.0, 3.0, 3.0; 10
3.0, 3.0, 3.0; 5
4.0, 3.0, 3.0; 2
5.0, 3.0, 3.0; 4
6.0, 3.0, 3.0; 2
7.0, 3.0, 3.0; 1
-9.0, 4.0, 3.0; 2
-8.0, 4.0, 3.0; 10
-7.0, 4.0, 3.0; 8
-6.0, 4.0, 3.0; 22
-5.0, 4.0, 3.0; 16
-4.0, 4.0, 3.0; 5
-3.0, 4.0, 3.0; 17
-2.0, 4.0, 3.0; 20
-1.0, 4.0, 3.0; 9
0.0, 4.0, 3.0; 6
1.0, 4.0, 3.0; 37
2.0, 4.0, 3.0; 79
3.0, 4.0, 3.0; 7
4.0, 4.0, 3.0; 3
5.0, 4.0, 3.0; 3
6.0, 4.0, 3.0; 3
7.0, 4.0, 3.0; 1
-8.0, 5.0, 3.0; 21
-7.0, 5.0, 3.0; 21
-6.0, 5.0, 3.0; 19
-5.0, 5.0, 3.0; 21
-4.0, 5.0, 3.0; 25
-3.0, 5.0, 3.0; 15
-2.0, 5.0, 3.0; 11
-1.0, 5.0, 3.0; 7
0.0, 5.0, 3.0; 15
1.0, 5.0, 3.0; 41
2.0, 5.0, 3.0; 37
3.0, 5.0, 3.0; 2
4.0, 5.0, 3.0; 9
5.0, 5.0, 3.0; 4
6.0, 5.0, 3.0; 2
-8.0, 6.0, 3.0; 1
-7.0, 6.0, 3.0; 8
-6.0, 6.0, 3.0; 19
-5.0, 6.0, 3.0; 36
-4.0, 6.0, 3.0; 23
-3.0, 6.0, 3.0; 25
-2.0, 6.0, 3.0; 13
-1.0, 6.0, 3.0; 11
0.0, 6.0, 3.0; 16
1.0, 6.0, 3.0; 20
2.0, 6.0, 3.0; 14
3.0, 6.0, 3.0; 14
4.0, 6.0, 3.0; 5
5.0, 6.0, 3.0; 1
6.0, 6.0, 3.0; 2
-6.0, 7.0, 3.0; 12
-5.0, 7.0, 3.0; 35
-4.0, 7.0, 3.0; 44
-3.0, 7.0, 3.0; 30
-2.0, 7.0, 3.0; 32
-1.0, 7.0, 3.0; 46
0.0, 7.0, 3.0; 35
1.0, 7.0, 3.0; 64
2.0, 7.0, 3.0; 24
3.0, 7.0, 3.0; 5
4.0, 7.0, 3.0; 7
5.0, 7.0, 3.0; 3
-5.0, 8.0, 3.0; 4
-4.0, 8.0, 3.0; 34
-3.0, 8.0, 3.0; 40
-2.0, 8.0, 3.0; 52
-1.0, 8.0, 3.0; 69
0.0, 8.0, 3.0; 57
1.0, 8.0, 3.0; 22
2.0, 8.0, 3.0; 9
3.0, 8.0, 3.0; 3
4.0, 8.0, 3.0; 2
-3.0, 9.0, 3.0; 4
-2.0, 9.0, 3.0; 7
-1.0, 9.0, 3.0; 8
0.0, 9.0, 3.0; 5
-1.0, -10.0, 4.0; 1
-4.0, -9.0, 4.0; 3
-3.0, -9.0, 4.0; 10
-2.0, -9.0, 4.0; 8
-1.0, -9.0, 4.0; 4
0.0, -9.0, 4.0; 8
1.0, -9.0, 4.0; 4
2.0, -9.0, 4.0; 2
3.0, -9.0, 4.0; 1
-6.0, -8.0, 4.0; 2
-5.0, -8.0, 4.0; 18
-4.0, -8.0, 4.0; 32
-3.0, -8.0, 4.0; 31
-2.0, -8.0, 4.0; 26
-1.0, -8.0, 4.0; 8
0.0, -8.0, 4.0; 9
1.0, -8.0, 4.0; 5
2.0, -8.0, 4.0; 4
3.0, -8.0, 4.0; 4
4.0, -8.0, 4.0; 7
5.0, -8.0, 4.0; 2
-7.0, -7.0, 4.0; 3
-6.0, -7.0, 4.0; 24
-5.0, -7.0, 4.0; 36
-4.0, -7.0, 4.0; 48
-3.0, -7.0, 4.0; 38
-2.0, -7.0, 4.0; 49
-1.0, -7.0, 4.0; 34
0.0, -7.0, 4.0; 13
1.0, -7.0, 4.0; 9
2.0, -7.0, 4.0; 6
3.0, -7.0, 4.0; 4
4.0, -7.0, 4.0; 5
-8.0, -6.0, 4.0; 1
-7.0, -6.0, 4.0; 9
-6.0, -6.0, 4.0; 13
-5.0, -6.0, 4.0; 42
-4.0, -6.0, 4.0; 38
-3.0, -6.0, 4.0; 23
-2.0, -6.0, 4.0; 17
-1.0, -6.0, 4.0; 22
0.0, -6.0, 4.0; 18
1.0, -6.0, 4.0; 4
2.0, -6.0, 4.0; 3
3.0, -6.0, 4.0; 4
4.0, -6.0, 4.0; 4
5.0, -6.0, 4.0; 3
6.0, -6.0, 4.0; 3
-8.0, -5.0, 4.0; 2
-7.0, -5.0, 4.0; 4
-6.0, -5.0, 4.0; 17
-5.0, -5.0, 4.0; 48
-4.0, -5.0, 4.0; 16
-3.0, -5.0, 4.0; 12
-2.0, -5.0, 4.0; 13
-1.0, -5.0, 4.0; 13
0.0, -5.0, 4.0; 7
1.0, -5.0, 4.0; 6
2.0, -5.0, 4.0; 1
3.0, -5.0, 4.0; 1
5.0, -5.0, 4.0; 1
-8.0, -4.0, 4.0; 1
-7.0, -4.0, 4.0; 5
-6.0, -4.0, 4.0; 20
-5.0, -4.0, 4.0; 23
-4.0, -4.0, 4.0; 18
-3.0, -4.0, 4.0; 16
-2.0, -4.0, 4.0; 18
-1.0, -4.0, 4.0; 6
0.0, -4.0, 4.0; 6
1.0, -4.0, 4.0; 7
2.0, -4.0, 4.0; 3
4.0, -4.0, 4.0; 2
5.0, -4.0, 4.0; 3
6.0, -4.0, 4.0; 1
-8.0, -3.0, 4.0; 5
-7.0, -3.0, 4.0; 5
-6.0, -3.0, 4.0; 12
-5.0, -3.0, 4.0; 22
-4.0, -3.0, 4.0; 20
-3.0, -3.0, 4.0; 10
-2.0, -3.0, 4.0; 13
-1.0, -3.0, 4.0; 7
0.0, -3.0, 4.0; 5
1.0, -3.0, 4.0; 6
2.0, -3.0, 4.0; 1
3.0, -3.0, 4.0; 1
4.0, -3.0, 4.0; 3
5.0, -3.0, 4.0; 1
6.0, -3.0, 4.0; 1
-9.0, -2.0, 4.0; 2
-8.0, -2.0, 4.0; 7
-7.0, -2.0, 4.0; 1
-6.0, -2.0, 4.0; 2
-5.0, -2.0, 4.0; 15
-4.0, -2.0, 4.0; 14
-3.0, -2.0, 4.0; 13
-2.0, -2.0, 4.0; 6
-1.0, -2.0, 4.0; 14
0.0, -2.0, 4.0; 11
1.0, -2.0, 4.0; 1
-9.0, -1.0, 4.0; 6
-8.0, -1.0, 4.0; 6
-7.0, -1.0, 4.0; 6
-6.0, -1.0, 4.0; 3
-5.0, -1.0, 4.0; 8
-4.0, -1.0, 4.0; 11
-3.0, -1.0, 4.0; 31
-2.0, -1.0, 4.0; 23
-1.0, -1.0, 4.0; 25
0.0, -1.0, 4.0; 14
1.0, -1.0, 4.0; 2
2.0, -1.0, 4.0; 1
6.0, -1.0, 4.0; 1
-9.0, 0.0, 4.0; 11
-8.0, 0.0, 4.0; 8
-7.0, 0.0, 4.0; 10
-6.0, 0.0, 4.0; 2
-5.0, 0.0, 4.0; 4
-4.0, 0.0, 4.0; 2
-3.0, 0.0, 4.0; 14
-2.0, 0.0, 4.0; 21
-1.0, 0.0, 4.0; 5
0.0, 0.0, 4.0; 2
1.0, 0.0, 4.0; 1
2.0, 0.0, 4.0; 2
4.0, 0.0, 4.0; 2
-9.0, 1.0, 4.0; 13
-8.0, 1.0, 4.0; 6
-7.0, 1.0, 4.0; 8
-6.0, 1.0, 4.0; 5
-5.0, 1.0, 4.0; 1
-4.0, 1.0, 4.0; 7
-3.0, 1.0, 4.0; 10
-2.0, 1.0, 4.0; 7
-1.0, 1.0, 4.0; 4
0.0, 1.0, 4.0; 2
1.0, 1.0, 4.0; 3
2.0, 1.0, 4.0; 3
4.0, 1.0, 4.0; 1
5.0, 1.0, 4.0; 2
-9.0, 2.0, 4.0; 4
-8.0, 2.0, 4.0; 20
-7.0, 2.0, 4.0; 5
-6.0, 2.0, 4.0; 12
-5.0, 2.0, 4.0; 10
-4.0, 2.0, 4.0; 7
-3.0, 2.0, 4.0; 5
-2.0, 2.0, 4.0; 6
-1.0, 2.0, 4.0; 8
0.0, 2.0, 4.0; 30
1.0, 2.0, 4.0; 10
2.0, 2.0, 4.0; 5
4.0, 2.0, 4.0; 1
5.0, 2.0, 4.0; 2
6.0, 2.0, 4.0; 1
-9.0, 3.0, 4.0; 1
-8.0, 3.0, 4.0; 12
-7.0, 3.0, 4.0; 14
-6.0, 3.0, 4.0; 17
-5.0, 3.0, 4.0; 20
-4.0, 3.0, 4.0; 6
-3.0, 3.0, 4.0; 3
-2.0, 3.0, 4.0; 7
-1.0, 3.0, 4.0; 15
0.0, 3.0, 4.0; 28
1.0, 3.0, 4.0; 17
2.0, 3.0, 4.0; 3
3.0, 3.0, 4.0; 4
4.0, 3.0, 4.0; 2
5.0, 3.0, 4.0; 2
-8.0, 4.0, 4.0; 4
-7.0, 4.0, 4.0; 22
-6.0, 4.0, 4.0; 30
-5.0, 4.0, 4.0; 14
-4.0, 4.0, 4.0; 13
-3.0, 4.0, 4.0; 4
-2.0, 4.0, 4.0; 8
-1.0, 4.0, 4.0; 7
0.0, 4.0, 4.0; 5
1.0, 4.0, 4.0; 10
2.0, 4.0, 4.0; 4
3.0, 4.0, 4.0; 4
4.0, 4.0, 4.0; 2
6.0, 4.0, 4.0; 2
-8.0, 5.0, 4.0; 3
-7.0, 5.0, 4.0; 11
-6.0, 5.0, 4.0; 33
-5.0, 5.0, 4.0; 28
-4.0, 5.0, 4.0; 24
-3.0, 5.0, 4.0; 14
-2.0, 5.0, 4.0; 10
-1.0, 5.0, 4.0; 11
0.0, 5.0, 4.0; 15
1.0, 5.0, 4.0; 23
2.0, 5.0, 4.0; 5
3.0, 5.0, 4.0; 6
4.0, 5.0, 4.0; 6
5.0, 5.0, 4.0; 3
6.0, 5.0, 4.0; 2
-7.0, 6.0, 4.0; 4
-6.0, 6.0, 4.0; 12
-5.0, 6.0, 4.0; 18
-4.0, 6.0, 4.0; 25
-3.0, 6.0, 4.0; 31
-2.0, 6.0, 4.0; 27
-1.0, 6.0, 4.0; 16
0.0, 6.0, 4.0; 13
1.0, 6.0, 4.0; 15
2.0, 6.0, 4.0; 5
3.0, 6.0, 4.0; 9
4.0, 6.0, 4.0; 4
5.0, 6.0, 4.0; 5
-6.0, 7.0, 4.0; 2
-5.0, 7.0, 4.0; 13
-4.0, 7.0, 4.0; 26
-3.0, 7.0, 4.0; 36
-2.0, 7.0, 4.0; 36
-1.0, 7.0, 4.0; 57
0.0, 7.0, 4.0; 36
1.0, 7.0, 4.0; 22
2.0, 7.0, 4.0; 8
3.0, 7.0, 4.0; 2
4.0, 7.0, 4.0; 5
5.0, 7.0, 4.0; 2
-4.0, 8.0, 4.0; 13
-3.0, 8.0, 4.0; 32
-2.0, 8.0, 4.0; 18
-1.0, 8.0, 4.0; 19
0.0, 8.0, 4.0; 9
1.0, 8.0, 4.0; 9
2.0, 8.0, 4.0; 1
-2.0, -9.0, 5.0; 1
-1.0, -9.0, 5.0; 2
0.0, -9.0, 5.0; 4
1.0, -9.0, 5.0; 1
2.0, -9.0, 5.0; 1
-4.0, -8.0, 5.0; 5
-3.0, -8.0, 5.0; 11
-2.0, -8.0, 5.0; 5
-1.0, -8.0, 5.0; 4
0.0, -8.0, 5.0; 4
1.0, -8.0, 5.0; 2
2.0, -8.0, 5.0; 3
3.0, -8.0, 5.0; 5
-6.0, -7.0, 5.0; 1
-5.0, -7.0, 5.0; 7
-4.0, -7.0, 5.0; 16
-3.0, -7.0, 5.0; 20
-2.0, -7.0, 5.0; 7
-1.0, -7.0, 5.0; 6
0.0, -7.0, 5.0; 5
1.0, -7.0, 5.0; 7
2.0, -7.0, 5.0; 3
3.0, -7.0, 5.0; 5
4.0, -7.0, 5.0; 4
5.0, -7.0, 5.0; 1
-7.0, -6.0, 5.0; 2
-6.0, -6.0, 5.0; 3
-5.0, -6.0, 5.0; 9
-4.0, -6.0, 5.0; 18
-3.0, -6.0, 5.0; 10
-2.0, -6.0, 5.0; 7
-1.0, -6.0, 5.0; 3
0.0, -6.0, 5.0; 7
1.0, -6.0, 5.0; 1
2.0, -6.0, 5.0; 1
3.0, -6.0, 5.0; 1
-7.0, -5.0, 5.0; 5
-6.0, -5.0, 5.0; 4
-5.0, -5.0, 5.0; 9
-4.0, -5.0, 5.0; 13
-3.0, -5.0, 5.0; 11
-2.0, -5.0, 5.0; 7
-1.0, -5.0, 5.0; 3
0.0, -5.0, 5.0; 3
1.0, -5.0, 5.0; 2
2.0, -5.0, 5.0; 2
3.0, -5.0, 5.0; 2
4.0, -5.0, 5.0; 1
-7.0, -4.0, 5.0; 4
-6.0, -4.0, 5.0; 3
-5.0, -4.0, 5.0; 8
-4.0, -4.0, 5.0; 3
-3.0, -4.0, 5.0; 6
-2.0, -4.0, 5.0; 7
-1.0, -4.0, 5.0; 5
0.0, -4.0, 5.0; 2
1.0, -4.0, 5.0; 1
6.0, -4.0, 5.0; 1
-8.0, -3.0, 5.0; 3
-7.0, -3.0, 5.0; 3
-6.0, -3.0, 5.0; 3
-5.0, -3.0, 5.0; 4
-4.0, -3.0, 5.0; 6
-3.0, -3.0, 5.0; 3
-2.0, -3.0, 5.0; 4
-1.0, -3.0, 5.0; 5
0.0, -3.0, 5.0; 6
1.0, -3.0, 5.0; 5
3.0, -3.0, 5.0; 1
4.0, -3.0, 5.0; 1
7.0, -3.0, 5.0; 1
-9.0, -2.0, 5.0; 2
-8.0, -2.0, 5.0; 4
-7.0, -2.0, 5.0; 7
-6.0, -2.0, 5.0; 1
-5.0, -2.0, 5.0; 1
-4.0, -2.0, 5.0; 3
-3.0, -2.0, 5.0; 3
-2.0, -2.0, 5.0; 3
-1.0, -2.0, 5.0; 3
0.0, -2.0, 5.0; 2
1.0, -2.0, 5.0; 3
2.0, -2.0, 5.0; 2
4.0, -2.0, 5.0; 1
-9.0, -1.0, 5.0; 4
-8.0, -1.0, 5.0; 4
-7.0, -1.0, 5.0; 1
-6.0, -1.0, 5.0; 3
-5.0, -1.0, 5.0; 4
-2.0, -1.0, 5.0; 3
-1.0, -1.0, 5.0; 3
0.0, -1.0, 5.0; 7
1.0, -1.0, 5.0; 2
2.0, -1.0, 5.0; 1
4.0, -1.0, 5.0; 1
-9.0, 0.0, 5.0; 2
-8.0, 0.0, 5.0; 2
-7.0, 0.0, 5.0; 4
-6.0, 0.0, 5.0; 6
-5.0, 0.0, 5.0; 2
-4.0, 0.0, 5.0; 5
-3.0, 0.0, 5.0; 3
-2.0, 0.0, 5.0; 1
-1.0, 0.0, 5.0; 1
0.0, 0.0, 5.0; 4
1.0, 0.0, 5.0; 2
2.0, 0.0, 5.0; 2
3.0, 0.0, 5.0; 2
6.0, 0.0, 5.0; 1
-9.0, 1.0, 5.0; 2
-8.0, 1.0, 5.0; 5
-7.0, 1.0, 5.0; 10
-6.0, 1.0, 5.0; 8
-5.0, 1.0, 5.0; 3
-4.0, 1.0, 5.0; 4
-3.0, 1.0, 5.0; 2
-2.0, 1.0, 5.0; 5
-1.0, 1.0, 5.0; 2
0.0, 1.0, 5.0; 3
2.0, 1.0, 5.0; 3
3.0, 1.0, 5.0; 1
6.0, 1.0, 5.0; 1
8.0, 1.0, 5.0; 1
-9.0, 2.0, 5.0; 2
-8.0, 2.0, 5.0; 3
-7.0, 2.0, 5.0; 14
-6.0, 2.0, 5.0; 9
-5.0, 2.0, 5.0; 8
-4.0, 2.0, 5.0; 10
-3.0, 2.0, 5.0; 8
-2.0, 2.0, 5.0; 10
-1.0, 2.0, 5.0; 20
0.0, 2.0, 5.0; 7
1.0, 2.0, 5.0; 2
2.0, 2.0, 5.0; 2
3.0, 2.0, 5.0; 2
4.0, 2.0, 5.0; 1
6.0, 2.0, 5.0; 1
-8.0, 3.0, 5.0; 4
-7.0, 3.0, 5.0; 10
-6.0, 3.0, 5.0; 16
-5.0, 3.0, 5.0; 3
-4.0, 3.0, 5.0; 9
-3.0, 3.0, 5.0; 14
-2.0, 3.0, 5.0; 16
-1.0, 3.0, 5.0; 15
0.0, 3.0, 5.0; 7
1.0, 3.0, 5.0; 2
2.0, 3.0, 5.0; 3
3.0, 3.0, 5.0; 3
4.0, 3.0, 5.0; 1
7.0, 3.0, 5.0; 1
-8.0, 4.0, 5.0; 2
-7.0, 4.0, 5.0; 7
-6.0, 4.0, 5.0; 16
-5.0, 4.0, 5.0; 19
-4.0, 4.0, 5.0; 14
-3.0, 4.0, 5.0; 8
-2.0, 4.0, 5.0; 5
-1.0, 4.0, 5.0; 7
0.0, 4.0, 5.0; 5
1.0, 4.0, 5.0; 2
2.0, 4.0, 5.0; 6
3.0, 4.0, 5.0; 2
5.0, 4.0, 5.0; 1
-7.0, 5.0, 5.0; 4
-6.0, 5.0, 5.0; 5
-5.0, 5.0, 5.0; 18
-4.0, 5.0, 5.0; 17
-3.0, 5.0, 5.0; 18
-2.0, 5.0, 5.0; 14
-1.0, 5.0, 5.0; 9
0.0, 5.0, 5.0; 6
1.0, 5.0, 5.0; 5
2.0, 5.0, 5.0; 2
3.0, 5.0, 5.0; 4
4.0, 5.0, 5.0; 2
5.0, 5.0, 5.0; 1
-6.0, 6.0, 5.0; 3
-5.0, 6.0, 5.0; 13
-4.0, 6.0, 5.0; 21
-3.0, 6.0, 5.0; 13
-2.0, 6.0, 5.0; 13
-1.0, 6.0, 5.0; 18
0.0, 6.0, 5.0; 13
1.0, 6.0, 5.0; 5
2.0, 6.0, 5.0; 4
3.0, 6.0, 5.0; 3
4.0, 6.0, 5.0; 2
5.0, 6.0, 5.0; 1
-5.0, 7.0, 5.0; 1
-4.0, 7.0, 5.0; 5
-3.0, 7.0, 5.0; 17
-2.0, 7.0, 5.0; 26
-1.0, 7.0, 5.0; 15
0.0, 7.0, 5.0; 8
1.0, 7.0, 5.0; 5
2.0, 7.0, 5.0; 3
3.0, 7.0, 5.0; 2
-2.0, 8.0, 5.0; 1
-1.0, 8.0, 5.0; 2
0.0, 8.0, 5.0; 2
1.0, 8.0, 5.0; 2
-3.0, -8.0, 6.0; 1
-2.0, -8.0, 6.0; 1
-1.0, -8.0, 6.0; 1
0.0, -8.0, 6.0; 2
1.0, -8.0, 6.0; 4
2.0, -8.0, 6.0; 2
-4.0, -7.0, 6.0; 5
-3.0, -7.0, 6.0; 4
-2.0, -7.0, 6.0; 3
-1.0, -7.0, 6.0; 6
0.0, -7.0, 6.0; 7
1.0, -7.0, 6.0; 2
2.0, -7.0, 6.0; 3
3.0, -7.0, 6.0; 1
-5.0, -6.0, 6.0; 3
-4.0, -6.0, 6.0; 5
-3.0, -6.0, 6.0; 3
-2.0, -6.0, 6.0; 7
-1.0, -6.0, 6.0; 7
0.0, -6.0, 6.0; 3
1.0, -6.0, 6.0; 2
2.0, -6.0, 6.0; 3
4.0, -6.0, 6.0; 1
5.0, -6.0, 6.0; 1
-6.0, -5.0, 6.0; 3
-5.0, -5.0, 6.0; 5
-4.0, -5.0, 6.0; 9
-3.0, -5.0, 6.0; 5
-2.0, -5.0, 6.0; 4
-1.0, -5.0, 6.0; 1
0.0, -5.0, 6.0; 4
1.0, -5.0, 6.0; 1
2.0, -5.0, 6.0; 2
6.0, -5.0, 6.0; 1
-7.0, -4.0, 6.0; 4
-6.0, -4.0, 6.0; 3
-5.0, -4.0, 6.0; 2
-4.0, -4.0, 6.0; 3
-3.0, -4.0, 6.0; 6
-2.0, -4.0, 6.0; 2
2.0, -4.0, 6.0; 2
3.0, -4.0, 6.0; 3
4.0, -4.0, 6.0; 2
-8.0, -3.0, 6.0; 1
-7.0, -3.0, 6.0; 2
-6.0, -3.0, 6.0; 3
-5.0, -3.0, 6.0; 6
-4.0, -3.0, 6.0; 6
-3.0, -3.0, 6.0; 3
-2.0, -3.0, 6.0; 5
-1.0, -3.0, 6.0; 2
0.0, -3.0, 6.0; 1
1.0, -3.0, 6.0; 1
2.0, -3.0, 6.0; 1
3.0, -3.0, 6.0; 1
-7.0, -2.0, 6.0; 2
-5.0, -2.0, 6.0; 3
-3.0, -2.0, 6.0; 1
0.0, -2.0, 6.0; 3
1.0, -2.0, 6.0; 2
-8.0, -1.0, 6.0; 2
-7.0, -1.0, 6.0; 5
-6.0, -1.0, 6.0; 4
-5.0, -1.0, 6.0; 2
-4.0, -1.0, 6.0; 4
-3.0, -1.0, 6.0; 1
-2.0, -1.0, 6.0; 2
0.0, -1.0, 6.0; 3
2.0, -1.0, 6.0; 1
-8.0, 0.0, 6.0; 1
-7.0, 0.0, 6.0; 4
-6.0, 0.0, 6.0; 6
-5.0, 0.0, 6.0; 2
-4.0, 0.0, 6.0; 1
-3.0, 0.0, 6.0; 1
-2.0, 0.0, 6.0; 1
0.0, 0.0, 6.0; 3
1.0, 0.0, 6.0; 1
4.0, 0.0, 6.0; 1
7.0, 0.0, 6.0; 1
-8.0, 1.0, 6.0; 3
-7.0, 1.0, 6.0; 1
-6.0, 1.0, 6.0; 6
-5.0, 1.0, 6.0; 6
-4.0, 1.0, 6.0; 5
-3.0, 1.0, 6.0; 4
-2.0, 1.0, 6.0; 1
1.0, 1.0, 6.0; 3
2.0, 1.0, 6.0; 1
3.0, 1.0, 6.0; 1
4.0, 1.0, 6.0; 1
-8.0, 2.0, 6.0; 2
-7.0, 2.0, 6.0; 1
-6.0, 2.0, 6.0; 7
-5.0, 2.0, 6.0; 3
-4.0, 2.0, 6.0; 7
-3.0, 2.0, 6.0; 4
-1.0, 2.0, 6.0; 1
0.0, 2.0, 6.0; 4
1.0, 2.0, 6.0; 4
2.0, 2.0, 6.0; 2
3.0, 2.0, 6.0; 3
-7.0, 3.0, 6.0; 3
-6.0, 3.0, 6.0; 9
-5.0, 3.0, 6.0; 16
-4.0, 3.0, 6.0; 15
-3.0, 3.0, 6.0; 7
-2.0, 3.0, 6.0; 4
-1.0, 3.0, 6.0; 3
0.0, 3.0, 6.0; 1
1.0, 3.0, 6.0; 2
2.0, 3.0, 6.0; 2
3.0, 3.0, 6.0; 1
-6.0, 4.0, 6.0; 2
-5.0, 4.0, 6.0; 3
-4.0, 4.0, 6.0; 13
-3.0, 4.0, 6.0; 3
-2.0, 4.0, 6.0; 4
-1.0, 4.0, 6.0; 4
0.0, 4.0, 6.0; 5
1.0, 4.0, 6.0; 1
2.0, 4.0, 6.0; 1
3.0, 4.0, 6.0; 1
4.0, 4.0, 6.0; 1
-5.0, 5.0, 6.0; 6
-4.0, 5.0, 6.0; 5
-3.0, 5.0, 6.0; 3
-2.0, 5.0, 6.0; 4
-1.0, 5.0, 6.0; 9
0.0, 5.0, 6.0; 5
1.0, 5.0, 6.0; 2
2.0, 5.0, 6.0; 4
3.0, 5.0, 6.0; 2
4.0, 5.0, 6.0; 3
-4.0, 6.0, 6.0; 2
-3.0, 6.0, 6.0; 3
-2.0, 6.0, 6.0; 6
-1.0, 6.0, 6.0; 8
0.0, 6.0, 6.0; 3
1.0, 6.0, 6.0; 4
2.0, 6.0, 6.0; 4
3.0, 6.0, 6.0; 3
-3.0, 7.0, 6.0; 1
-2.0, 7.0, 6.0; 2
-1.0, 7.0, 6.0; 5
0.0, 7.0, 6.0; 5
2.0, 7.0, 6.0; 1
-2.0, -7.0, 7.0; 2
-1.0, -7.0, 7.0; 3
0.0, -7.0, 7.0; 5
1.0, -7.0, 7.0; 3
2.0, -7.0, 7.0; 1
3.0, -7.0, 7.0; 1
-5.0, -6.0, 7.0; 1
-4.0, -6.0, 7.0; 6
-3.0, -6.0, 7.0; 6
-2.0, -6.0, 7.0; 5
-1.0, -6.0, 7.0; 5
0.0, -6.0, 7.0; 3
1.0, -6.0, 7.0; 2
2.0, -6.0, 7.0; 2
-5.0, -5.0, 7.0; 2
-4.0, -5.0, 7.0; 2
-3.0, -5.0, 7.0; 3
-2.0, -5.0, 7.0; 5
-1.0, -5.0, 7.0; 1
0.0, -5.0, 7.0; 2
1.0, -5.0, 7.0; 3
2.0, -5.0, 7.0; 3
-6.0, -4.0, 7.0; 2
-5.0, -4.0, 7.0; 2
-4.0, -4.0, 7.0; 2
-3.0, -4.0, 7.0; 6
-2.0, -4.0, 7.0; 2
-1.0, -4.0, 7.0; 4
1.0, -4.0, 7.0; 1
3.0, -4.0, 7.0; 1
5.0, -4.0, 7.0; 4
-7.0, -3.0, 7.0; 2
-6.0, -3.0, 7.0; 6
-5.0, -3.0, 7.0; 4
-4.0, -3.0, 7.0; 4
-3.0, -3.0, 7.0; 2
-7.0, -2.0, 7.0; 4
-6.0, -2.0, 7.0; 4
-5.0, -2.0, 7.0; 4
-4.0, -2.0, 7.0; 2
-3.0, -2.0, 7.0; 3
-2.0, -2.0, 7.0; 1
2.0, -2.0, 7.0; 1
4.0, -2.0, 7.0; 1
5.0, -2.0, 7.0; 1
-6.0, -1.0, 7.0; 2
-4.0, -1.0, 7.0; 6
-3.0, -1.0, 7.0; 1
-1.0, -1.0, 7.0; 5
0.0, -1.0, 7.0; 1
1.0, -1.0, 7.0; 1
3.0, -1.0, 7.0; 1
6.0, -1.0, 7.0; 1
-6.0, 0.0, 7.0; 2
-5.0, 0.0, 7.0; 3
-4.0, 0.0, 7.0; 6
-3.0, 0.0, 7.0; 1
-2.0, 0.0, 7.0; 2
-1.0, 0.0, 7.0; 1
0.0, 0.0, 7.0; 1
2.0, 0.0, 7.0; 1
4.0, 0.0, 7.0; 1
6.0, 0.0, 7.0; 1
-7.0, 1.0, 7.0; 1
-6.0, 1.0, 7.0; 2
-5.0, 1.0, 7.0; 1
-4.0, 1.0, 7.0; 3
-3.0, 1.0, 7.0; 4
-2.0, 1.0, 7.0; 3
-1.0, 1.0, 7.0; 2
0.0, 1.0, 7.0; 4
-6.0, 2.0, 7.0; 1
-5.0, 2.0, 7.0; 4
-4.0, 2.0, 7.0; 4
-3.0, 2.0, 7.0; 3
-2.0, 2.0, 7.0; 4
-1.0, 2.0, 7.0; 4
4.0, 2.0, 7.0; 1
-6.0, 3.0, 7.0; 1
-5.0, 3.0, 7.0; 2
-4.0, 3.0, 7.0; 6
-3.0, 3.0, 7.0; 16
-2.0, 3.0, 7.0; 5
-1.0, 3.0, 7.0; 3
0.0, 3.0, 7.0; 3
1.0, 3.0, 7.0; 2
4.0, 3.0, 7.0; 1
-6.0, 4.0, 7.0; 1
-5.0, 4.0, 7.0; 1
-4.0, 4.0, 7.0; 3
-3.0, 4.0, 7.0; 4
-2.0, 4.0, 7.0; 4
-1.0, 4.0, 7.0; 4
0.0, 4.0, 7.0; 5
1.0, 4.0, 7.0; 2
2.0, 4.0, 7.0; 2
-4.0, 5.0, 7.0; 3
-3.0, 5.0, 7.0; 3
-2.0, 5.0, 7.0; 8
-1.0, 5.0, 7.0; 2
0.0, 5.0, 7.0; 1
1.0, 5.0, 7.0; 1
2.0, 5.0, 7.0; 2
3.0, 5.0, 7.0; 1
-2.0, 6.0, 7.0; 1
0.0, 6.0, 7.0; 4
1.0, 6.0, 7.0; 1
0.0, -6.0, 8.0; 1
-4.0, -5.0, 8.0; 1
-2.0, -5.0, 8.0; 1
-1.0, -5.0, 8.0; 3
0.0, -5.0, 8.0; 1
-4.0, -4.0, 8.0; 1
-3.0, -4.0, 8.0; 3
-2.0, -4.0, 8.0; 1
-1.0, -4.0, 8.0; 2
1.0, -4.0, 8.0; 1
2.0, -4.0, 8.0; 1
4.0, -4.0, 8.0; 1
-4.0, -3.0, 8.0; 2
-3.0, -3.0, 8.0; 2
-2.0, -3.0, 8.0; 1
-1.0, -3.0, 8.0; 2
2.0, -3.0, 8.0; 1
3.0, -3.0, 8.0; 1
-5.0, -2.0, 8.0; 1
-4.0, -2.0, 8.0; 2
-3.0, -2.0, 8.0; 1
-2.0, -2.0, 8.0; 1
-1.0, -2.0, 8.0; 1
0.0, -2.0, 8.0; 1
3.0, -2.0, 8.0; 2
-5.0, -1.0, 8.0; 1
-4.0, -1.0, 8.0; 2
-3.0, -1.0, 8.0; 2
-2.0, -1.0, 8.0; 1
-1.0, -1.0, 8.0; 3
3.0, -1.0, 8.0; 1
-6.0, 0.0, 8.0; 3
-5.0, 0.0, 8.0; 2
-4.0, 0.0, 8.0; 4
-3.0, 0.0, 8.0; 1
-2.0, 0.0, 8.0; 1
-1.0, 0.0, 8.0; 3
0.0, 0.0, 8.0; 1
-5.0, 1.0, 8.0; 2
-4.0, 1.0, 8.0; 1
-3.0, 1.0, 8.0; 1
-2.0, 1.0, 8.0; 4
1.0, 1.0, 8.0; 1
-4.0, 2.0, 8.0; 2
-3.0, 2.0, 8.0; 4
-2.0, 2.0, 8.0; 3
-1.0, 2.0, 8.0; 2
0.0, 2.0, 8.0; 2
3.0, 2.0, 8.0; 1
4.0, 2.0, 8.0; 1
-5.0, 3.0, 8.0; 1
-4.0, 3.0, 8.0; 1
-3.0, 3.0, 8.0; 1
-2.0, 3.0, 8.0; 1
-1.0, 3.0, 8.0; 1
-3.0, 4.0, 8.0; 1
-2.0, 4.0, 8.0; 5
-1.0, 4.0, 8.0; 4
0.0, 5.0, 8.0; 1
1.0, 5.0, 8.0; 1
-2.0, -4.0, 9.0; 1
-3.0, -3.0, 9.0; 2
-2.0, -3.0, 9.0; 2
-1.0, -3.0, 9.0; 1
-4.0, -2.0, 9.0; 1
-1.0, -2.0, 9.0; 1
1.0, -2.0, 9.0; 1
2.0, -2.0, 9.0; 1
-4.0, -1.0, 9.0; 1
-3.0, -1.0, 9.0; 1
1.0, -1.0, 9.0; 1
-4.0, 0.0, 9.0; 1
-2.0, 0.0, 9.0; 1
-1.0, 0.0, 9.0; 4
-3.0, 1.0, 9.0; 1
-2.0, 1.0, 9.0; 1
-1.0, 1.0, 9.0; 1
0.0, 1.0, 9.0; 1
1.0, 1.0, 9.0; 1
-3.0, 2.0, 9.0; 2
-3.0, 3.0, 9.0; 1
-1.0, -5.0, -10.0; 1
0.0, -5.0, -10.0; 1
1.0, -5.0, -10.0; 1
-3.0, -4.0, -10.0; 1
-2.0, -4.0, -10.0; 1
-1.0, -4.0, -10.0; 2
0.0, -4.0, -10.0; 4
-3.0, -3.0, -10.0; 2
-2.0, -3.0, -10.0; 3
-1.0, -3.0, -10.0; 4
0.0, -3.0, -10.0; 3
1.0, -3.0, -10.0; 2
2.0, -3.0, -10.0; 1
-4.0, -2.0, -10.0; 1
-3.0, -2.0, -10.0; 1
-2.0, -2.0, -10.0; 2
-1.0, -2.0, -10.0; 3
0.0, -2.0, -10.0; 2
1.0, -2.0, -10.0; 2
2.0, -2.0, -10.0; 1
3.0, -2.0, -10.0; 1
-4.0, -1.0, -10.0; 2
-2.0, -1.0, -10.0; 8
-1.0, -1.0, -10.0; 6
0.0, -1.0, -10.0; 6
1.0, -1.0, -10.0; 2
2.0, -1.0, -10.0; 2
3.0, -1.0, -10.0; 1
-4.0, 0.0, -10.0; 3
-3.0, 0.0, -10.0; 5
-2.0, 0.0, -10.0; 3
-1.0, 0.0, -10.0; 5
0.0, 0.0, -10.0; 8
1.0, 0.0, -10.0; 5
3.0, 0.0, -10.0; 1
-4.0, 1.0, -10.0; 1
-3.0, 1.0, -10.0; 1
-2.0, 1.0, -10.0; 1
-1.0, 1.0, -10.0; 5
0.0, 1.0, -10.0; 4
1.0, 1.0, -10.0; 1
2.0, 1.0, -10.0; 5
3.0, 1.0, -10.0; 3
-3.0, 2.0, -10.0; 2
-1.0, 2.0, -10.0; 4
0.0, 2.0, -10.0; 4
1.0, 2.0, -10.0; 5
2.0, 2.0, -10.0; 1
3.0, 2.0, -10.0; 1
-2.0, 3.0, -10.0; 2
-1.0, 3.0, -10.0; 5
2.0, 3.0, -10.0; 1
-3.0, -6.0, -9.0; 1
-2.0, -6.0, -9.0; 2
-1.0, -6.0, -9.0; 4
0.0, -6.0, -9.0; 13
1.0, -6.0, -9.0; 2
-3.0, -5.0, -9.0; 2
-2.0, -5.0, -9.0; 4
-1.0, -5.0, -9.0; 11
0.0, -5.0, -9.0; 10
1.0, -5.0, -9.0; 9
2.0, -5.0, -9.0; 1
-4.0, -4.0, -9.0; 2
-3.0, -4.0, -9.0; 2
-2.0, -4.0, -9.0; 6
-1.0, -4.0, -9.0; 3
0.0, -4.0, -9.0; 8
1.0, -4.0, -9.0; 25
2.0, -4.0, -9.0; 16
3.0, -4.0, -9.0; 2
4.0, -4.0, -9.0; 2
-5.0, -3.0, -9.0; 2
-4.0, -3.0, -9.0; 2
-3.0, -3.0, -9.0; 3
-2.0, -3.0, -9.0; 6
-1.0, -3.0, -9.0; 3
0.0, -3.0, -9.0; 15
1.0, -3.0, -9.0; 26
2.0, -3.0, -9.0; 21
3.0, -3.0, -9.0; 3
4.0, -3.0, -9.0; 2
5.0, -3.0, -9.0; 1
-6.0, -2.0, -9.0; 1
-5.0, -2.0, -9.0; 3
-4.0, -2.0, -9.0; 2
-3.0, -2.0, -9.0; 6
-2.0, -2.0, -9.0; 7
-1.0, -2.0, -9.0; 6
0.0, -2.0, -9.0; 9
1.0, -2.0, -9.0; 17
2.0, -2.0, -9.0; 18
3.0, -2.0, -9.0; 3
-6.0, -1.0, -9.0; 2
-5.0, -1.0, -9.0; 5
-4.0, -1.0, -9.0; 5
-3.0, -1.0, -9.0; 4
-2.0, -1.0, -9.0; 12
-1.0, -1.0, -9.0; 11
0.0, -1.0, -9.0; 18
1.0, -1.0, -9.0; 17
2.0, -1.0, -9.0; 7
3.0, -1.0, -9.0; 2
4.0, -1.0, -9.0; 3
5.0, -1.0, -9.0; 1
-5.0, 0.0, -9.0; 4
-4.0, 0.0, -9.0; 8
-3.0, 0.0, -9.0; 15
-2.0, 0.0, -9.0; 6
-1.0, 0.0, -9.0; 10
0.0, 0.0, -9.0; 15
1.0, 0.0, -9.0; 9
2.0, 0.0, -9.0; 1
3.0, 0.0, -9.0; 4
4.0, 0.0, -9.0; 5
5.0, 0.0, -9.0; 1
-5.0, 1.0, -9.0; 7
-4.0, 1.0, -9.0; 7
-3.0, 1.0, -9.0; 11
-2.0, 1.0, -9.0; 17
-1.0, 1.0, -9.0; 11
0.0, 1.0, -9.0; 9
1.0, 1.0, -9.0; 6
2.0, 1.0, -9.0; 5
3.0, 1.0, -9.0; 4
4.0, 1.0, -9.0; 7
5.0, 1.0, -9.0; 4
-5.0, 2.0, -9.0; 5
-4.0, 2.0, -9.0; 5
-3.0, 2.0, -9.0; 8
-2.0, 2.0, -9.0; 11
-1.0, 2.0, -9.0; 15
0.0, 2.0, -9.0; 12
1.0, 2.0, -9.0; 9
2.0, 2.0, -9.0; 2
3.0, 2.0, -9.0; 7
4.0, 2.0, -9.0; 6
-5.0, 3.0, -9.0; 4
-4.0, 3.0, -9.0; 3
-3.0, 3.0, -9.0; 4
-2.0, 3.0, -9.0; 3
-1.0, 3.0, -9.0; 14
0.0, 3.0, -9.0; 16
1.0, 3.0, -9.0; 5
2.0, 3.0, -9.0; 3
3.0, 3.0, -9.0; 1
4.0, 3.0, -9.0; 2
-4.0, 4.0, -9.0; 4
-3.0, 4.0, -9.0; 1
-2.0, 4.0, -9.0; 7
-1.0, 4.0, -9.0; 12
0.0, 4.0, -9.0; 7
1.0, 4.0, -9.0; 2
2.0, 4.0, -9.0; 2
-3.0, 5.0, -9.0; 1
-1.0, 5.0, -9.0; 2
-3.0, -7.0, -8.0; 2
-2.0, -7.0, -8.0; 5
-1.0, -7.0, -8.0; 4
0.0, -7.0, -8.0; 18
1.0, -7.0, -8.0; 23
2.0, -7.0, -8.0; 4
3.0, -7.0, -8.0; 1
-3.0, -6.0, -8.0; 3
-2.0, -6.0, -8.0; 9
-1.0, -6.0, -8.0; 6
0.0, -6.0, -8.0; 7
1.0, -6.0, -8.0; 29
2.0, -6.0, -8.0; 21
3.0, -6.0, -8.0; 3
4.0, -6.0, -8.0; 2
-5.0, -5.0, -8.0; 2
-4.0, -5.0, -8.0; 7
-3.0, -5.0, -8.0; 6
-2.0, -5.0, -8.0; 5
-1.0, -5.0, -8.0; 9
0.0, -5.0, -8.0; 13
1.0, -5.0, -8.0; 19
2.0, -5.0, -8.0; 15
3.0, -5.0, -8.0; 7
4.0, -5.0, -8.0; 3
5.0, -5.0, -8.0; 1
-6.0, -4.0, -8.0; 3
-5.0, -4.0, -8.0; 3
-4.0, -4.0, -8.0; 8
-3.0, -4.0, -8.0; 6
-2.0, -4.0, -8.0; 3
-1.0, -4.0, -8.0; 10
0.0, -4.0, -8.0; 3
1.0, -4.0, -8.0; 4
2.0, -4.0, -8.0; 8
3.0, -4.0, -8.0; 16
4.0, -4.0, -8.0; 5
5.0, -4.0, -8.0; 1
-7.0, -3.0, -8.0; 2
-6.0, -3.0, -8.0; 1
-5.0, -3.0, -8.0; 4
-4.0, -3.0, -8.0; 16
-3.0, -3.0, -8.0; 12
-2.0, -3.0, -8.0; 6
-1.0, -3.0, -8.0; 8
0.0, -3.0, -8.0; 4
1.0, -3.0, -8.0; 3
2.0, -3.0, -8.0; 7
3.0, -3.0, -8.0; 17
4.0, -3.0, -8.0; 2
5.0, -3.0, -8.0; 3
-6.0, -2.0, -8.0; 8
-5.0, -2.0, -8.0; 8
-4.0, -2.0, -8.0; 24
-3.0, -2.0, -8.0; 10
-2.0, -2.0, -8.0; 16
-1.0, -2.0, -8.0; 7
0.0, -2.0, -8.0; 6
1.0, -2.0, -8.0; 3
2.0, -2.0, -8.0; 19
3.0, -2.0, -8.0; 19
4.0, -2.0, -8.0; 1
5.0, -2.0, -8.0; 1
6.0, -2.0, -8.0; 3
-7.0, -1.0, -8.0; 1
-6.0, -1.0, -8.0; 5
-5.0, -1.0, -8.0; 11
-4.0, -1.0, -8.0; 28
-3.0, -1.0, -8.0; 23
-2.0, -1.0, -8.0; 11
-1.0, -1.0, -8.0; 5
0.0, -1.0, -8.0; 7
1.0, -1.0, -8.0; 9
2.0, -1.0, -8.0; 35
3.0, -1.0, -8.0; 24
4.0, -1.0, -8.0; 3
5.0, -1.0, -8.0; 1
6.0, -1.0, -8.0; 2
-7.0, 0.0, -8.0; 3
-6.0, 0.0, -8.0; 9
-5.0, 0.0, -8.0; 7
-4.0, 0.0, -8.0; 17
-3.0, 0.0, -8.0; 21
-2.0, 0.0, -8.0; 21
-1.0, 0.0, -8.0; 6
0.0, 0.0, -8.0; 4
1.0, 0.0, -8.0; 19
2.0, 0.0, -8.0; 20
3.0, 0.0, -8.0; 5
4.0, 0.0, -8.0; 2
5.0, 0.0, -8.0; 5
6.0, 0.0, -8.0; 3
7.0, 0.0, -8.0; 1
-7.0, 1.0, -8.0; 5
-6.0, 1.0, -8.0; 15
-5.0, 1.0, -8.0; 14
-4.0, 1.0, -8.0; 15
-3.0, 1.0, -8.0; 38
-2.0, 1.0, -8.0; 28
-1.0, 1.0, -8.0; 28
0.0, 1.0, -8.0; 10
1.0, 1.0, -8.0; 8
2.0, 1.0, -8.0; 8
3.0, 1.0, -8.0; 7
4.0, 1.0, -8.0; 2
5.0, 1.0, -8.0; 8
6.0, 1.0, -8.0; 4
-7.0, 2.0, -8.0; 3
-6.0, 2.0, -8.0; 11
-5.0, 2.0, -8.0; 14
-4.0, 2.0, -8.0; 17
-3.0, 2.0, -8.0; 18
-2.0, 2.0, -8.0; 26
-1.0, 2.0, -8.0; 18
0.0, 2.0, -8.0; 7
1.0, 2.0, -8.0; 14
2.0, 2.0, -8.0; 9
3.0, 2.0, -8.0; 1
4.0, 2.0, -8.0; 7
5.0, 2.0, -8.0; 6
6.0, 2.0, -8.0; 1
-6.0, 3.0, -8.0; 6
-5.0, 3.0, -8.0; 7
-4.0, 3.0, -8.0; 17
-3.0, 3.0, -8.0; 17
-2.0, 3.0, -8.0; 16
-1.0, 3.0, -8.0; 12
0.0, 3.0, -8.0; 13
1.0, 3.0, -8.0; 9
2.0, 3.0, -8.0; 6
3.0, 3.0, -8.0; 2
4.0, 3.0, -8.0; 4
5.0, 3.0, -8.0; 3
-5.0, 4.0, -8.0; 5
-4.0, 4.0, -8.0; 3
-3.0, 4.0, -8.0; 11
-2.0, 4.0, -8.0; 20
-1.0, 4.0, -8.0; 11
0.0, 4.0, -8.0; 6
1.0, 4.0, -8.0; 8
2.0, 4.0, -8.0; 5
3.0, 4.0, -8.0; 4
-4.0, 5.0, -8.0; 6
-3.0, 5.0, -8.0; 2
-2.0, 5.0, -8.0; 13
-1.0, 5.0, -8.0; 7
0.0, 5.0, -8.0; 5
1.0, 5.0, -8.0; 7
3.0, 5.0, -8.0; 2
-3.0, 6.0, -8.0; 2
-2.0, 6.0, -8.0; 1
0.0, 6.0, -8.0; 1
1.0, 6.0, -8.0; 3
2.0, 6.0, -8.0; 1
-1.0, 7.0, -8.0; 1
-4.0, -8.0, -7.0; 1
-3.0, -8.0, -7.0; 1
-2.0, -8.0, -7.0; 6
-1.0, -8.0, -7.0; 17
0.0, -8.0, -7.0; 17
1.0, -8.0, -7.0; 7
2.0, -8.0, -7.0; 4
3.0, -8.0, -7.0; 1
-5.0, -7.0, -7.0; 2
-4.0, -7.0, -7.0; 5
-3.0, -7.0, -7.0; 8
-2.0, -7.0, -7.0; 22
-1.0, -7.0, -7.0; 23
0.0, -7.0, -7.0; 28
1.0, -7.0, -7.0; 29
2.0, -7.0, -7.0; 7
3.0, -7.0, -7.0; 7
4.0, -7.0, -7.0; 2
-6.0, -6.0, -7.0; 2
-5.0, -6.0, -7.0; 8
-4.0, -6.0, -7.0; 13
-3.0, -6.0, -7.0; 2
-2.0, -6.0, -7.0; 11
-1.0, -6.0, -7.0; 16
0.0, -6.0, -7.0; 16
1.0, -6.0, -7.0; 29
2.0, -6.0, -7.0; 25
3.0, -6.0, -7.0; 13
4.0, -6.0, -7.0; 8
-6.0, -5.0, -7.0; 8
-5.0, -5.0, -7.0; 34
-4.0, -5.0, -7.0; 10
-3.0, -5.0, -7.0; 9
-2.0, -5.0, -7.0; 11
-1.0, -5.0, -7.0; 7
1.0, -5.0, -7.0; 10
2.0, -5.0, -7.0; 12
3.0, -5.0, -7.0; 10
4.0, -5.0, -7.0; 11
5.0, -5.0, -7.0; 2
6.0, -5.0, -7.0; 1
-7.0, -4.0, -7.0; 3
-6.0, -4.0, -7.0; 20
-5.0, -4.0, -7.0; 36
-4.0, -4.0, -7.0; 6
-3.0, -4.0, -7.0; 10
-2.0, -4.0, -7.0; 9
-1.0, -4.0, -7.0; 8
0.0, -4.0, -7.0; 4
1.0, -4.0, -7.0; 4
3.0, -4.0, -7.0; 7
4.0, -4.0, -7.0; 9
5.0, -4.0, -7.0; 3
6.0, -4.0, -7.0; 1
-8.0, -3.0, -7.0; 2
-7.0, -3.0, -7.0; 2
-6.0, -3.0, -7.0; 21
-5.0, -3.0, -7.0; 18
-4.0, -3.0, -7.0; 4
-3.0, -3.0, -7.0; 6
-2.0, -3.0, -7.0; 6
-1.0, -3.0, -7.0; 4
0.0, -3.0, -7.0; 6
1.0, -3.0, -7.0; 3
3.0, -3.0, -7.0; 6
4.0, -3.0, -7.0; 12
5.0, -3.0, -7.0; 3
6.0, -3.0, -7.0; 2
-8.0, -2.0, -7.0; 3
-7.0, -2.0, -7.0; 5
-6.0, -2.0, -7.0; 6
-5.0, -2.0, -7.0; 23
-4.0, -2.0, -7.0; 7
-3.0, -2.0, -7.0; 6
-2.0, -2.0, -7.0; 5
-1.0, -2.0, -7.0; 15
0.0, -2.0, -7.0; 4
1.0, -2.0, -7.0; 4
2.0, -2.0, -7.0; 5
3.0, -2.0, -7.0; 16
4.0, -2.0, -7.0; 2
5.0, -2.0, -7.0; 3
6.0, -2.0, -7.0; 2
-8.0, -1.0, -7.0; 3
-7.0, -1.0, -7.0; 6
-6.0, -1.0, -7.0; 19
-5.0, -1.0, -7.0; 30
-4.0, -1.0, -7.0; 15
-3.0, -1.0, -7.0; 9
-2.0, -1.0, -7.0; 9
-1.0, -1.0, -7.0; 13
0.0, -1.0, -7.0; 6
1.0, -1.0, -7.0; 2
2.0, -1.0, -7.0; 3
3.0, -1.0, -7.0; 14
4.0, -1.0, -7.0; 3
5.0, -1.0, -7.0; 2
6.0, -1.0, -7.0; 4
7.0, -1.0, -7.0; 4
-8.0, 0.0, -7.0; 2
-7.0, 0.0, -7.0; 5
-6.0, 0.0, -7.0; 11
-5.0, 0.0, -7.0; 31
-4.0, 0.0, -7.0; 16
-3.0, 0.0, -7.0; 11
-2.0, 0.0, -7.0; 5
-1.0, 0.0, -7.0; 6
0.0, 0.0, -7.0; 3
1.0, 0.0, -7.0; 6
2.0, 0.0, -7.0; 20
3.0, 0.0, -7.0; 8
4.0, 0.0, -7.0; 3
5.0, 0.0, -7.0; 1
6.0, 0.0, -7.0; 3
7.0, 0.0, -7.0; 2
-8.0, 1.0, -7.0; 5
-7.0, 1.0, -7.0; 10
-6.0, 1.0, -7.0; 24
-5.0, 1.0, -7.0; 21
-4.0, 1.0, -7.0; 6
-3.0, 1.0, -7.0; 4
-2.0, 1.0, -7.0; 6
-1.0, 1.0, -7.0; 8
0.0, 1.0, -7.0; 7
1.0, 1.0, -7.0; 4
2.0, 1.0, -7.0; 4
3.0, 1.0, -7.0; 6
4.0, 1.0, -7.0; 3
5.0, 1.0, -7.0; 5
6.0, 1.0, -7.0; 2
-8.0, 2.0, -7.0; 2
-7.0, 2.0, -7.0; 16
-6.0, 2.0, -7.0; 8
-5.0, 2.0, -7.0; 11
-4.0, 2.0, -7.0; 3
-3.0, 2.0, -7.0; 8
-2.0, 2.0, -7.0; 5
-1.0, 2.0, -7.0; 6
0.0, 2.0, -7.0; 2
1.0, 2.0, -7.0; 5
2.0, 2.0, -7.0; 11
3.0, 2.0, -7.0; 11
4.0, 2.0, -7.0; 5
5.0, 2.0, -7.0; 3
6.0, 2.0, -7.0; 3
7.0, 2.0, -7.0; 2
-7.0, 3.0, -7.0; 4
-6.0, 3.0, -7.0; 16
-5.0, 3.0, -7.0; 8
-4.0, 3.0, -7.0; 3
-3.0, 3.0, -7.0; 8
-2.0, 3.0, -7.0; 7
-1.0, 3.0, -7.0; 2
0.0, 3.0, -7.0; 8
1.0, 3.0, -7.0; 7
2.0, 3.0, -7.0; 12
3.0, 3.0, -7.0; 5
4.0, 3.0, -7.0; 3
5.0, 3.0, -7.0; 5
6.0, 3.0, -7.0; 1
-7.0, 4.0, -7.0; 5
-6.0, 4.0, -7.0; 10
-5.0, 4.0, -7.0; 13
-4.0, 4.0, -7.0; 15
-3.0, 4.0, -7.0; 6
-2.0, 4.0, -7.0; 5
-1.0, 4.0, -7.0; 8
0.0, 4.0, -7.0; 10
1.0, 4.0, -7.0; 8
2.0, 4.0, -7.0; 1
3.0, 4.0, -7.0; 8
4.0, 4.0, -7.0; 4
5.0, 4.0, -7.0; 5
-6.0, 5.0, -7.0; 4
-5.0, 5.0, -7.0; 7
-4.0, 5.0, -7.0; 17
-3.0, 5.0, -7.0; 9
-2.0, 5.0, -7.0; 9
-1.0, 5.0, -7.0; 17
0.0, 5.0, -7.0; 15
1.0, 5.0, -7.0; 16
2.0, 5.0, -7.0; 1
3.0, 5.0, -7.0; 4
4.0, 5.0, -7.0; 3
5.0, 5.0, -7.0; 2
-4.0, 6.0, -7.0; 8
-3.0, 6.0, -7.0; 9
-2.0, 6.0, -7.0; 14
-1.0, 6.0, -7.0; 11
0.0, 6.0, -7.0; 10
1.0, 6.0, -7.0; 5
2.0, 6.0, -7.0; 2
3.0, 6.0, -7.0; 2
4.0, 6.0, -7.0; 1
-3.0, 7.0, -7.0; 2
-2.0, 7.0, -7.0; 1
-1.0, 7.0, -7.0; 4
0.0, 7.0, -7.0; 2
1.0, 7.0, -7.0; 2
2.0, 7.0, -7.0; 1
-3.0, -9.0, -6.0; 1
-2.0, -9.0, -6.0; 5
-1.0, -9.0, -6.0; 10
0.0, -9.0, -6.0; 11
1.0, -9.0, -6.0; 10
2.0, -9.0, -6.0; 5
-5.0, -8.0, -6.0; 1
-4.0, -8.0, -6.0; 4
-3.0, -8.0, -6.0; 24
-2.0, -8.0, -6.0; 165
-1.0, -8.0, -6.0; 370
0.0, -8.0, -6.0; 93
1.0, -8.0, -6.0; 45
2.0, -8.0, -6.0; 46
3.0, -8.0, -6.0; 19
4.0, -8.0, -6.0; 4
-6.0, -7.0, -6.0; 1
-5.0, -7.0, -6.0; 10
-4.0, -7.0, -6.0; 19
-3.0, -7.0, -6.0; 58
-2.0, -7.0, -6.0; 278
-1.0, -7.0, -6.0; 303
0.0, -7.0, -6.0; 48
1.0, -7.0, -6.0; 24
2.0, -7.0, -6.0; 22
3.0, -7.0, -6.0; 24
4.0, -7.0, -6.0; 11
5.0, -7.0, -6.0; 2
-6.0, -6.0, -6.0; 13
-5.0, -6.0, -6.0; 14
-4.0, -6.0, -6.0; 16
-3.0, -6.0, -6.0; 25
-2.0, -6.0, -6.0; 63
-1.0, -6.0, -6.0; 47
0.0, -6.0, -6.0; 22
1.0, -6.0, -6.0; 12
2.0, -6.0, -6.0; 21
3.0, -6.0, -6.0; 6
4.0, -6.0, -6.0; 7
5.0, -6.0, -6.0; 2
6.0, -6.0, -6.0; 1
-8.0, -5.0, -6.0; 1
-7.0, -5.0, -6.0; 9
-6.0, -5.0, -6.0; 20
-5.0, -5.0, -6.0; 7
-4.0, -5.0, -6.0; 7
-3.0, -5.0, -6.0; 28
-2.0, -5.0, -6.0; 38
-1.0, -5.0, -6.0; 27
0.0, -5.0, -6.0; 25
1.0, -5.0, -6.0; 3
2.0, -5.0, -6.0; 2
3.0, -5.0, -6.0; 4
4.0, -5.0, -6.0; 5
5.0, -5.0, -6.0; 8
6.0, -5.0, -6.0; 5
-8.0, -4.0, -6.0; 2
-7.0, -4.0, -6.0; 13
-6.0, -4.0, -6.0; 13
-5.0, -4.0, -6.0; 7
-4.0, -4.0, -6.0; 15
-3.0, -4.0, -6.0; 29
-2.0, -4.0, -6.0; 21
-1.0, -4.0, -6.0; 18
0.0, -4.0, -6.0; 23
1.0, -4.0, -6.0; 6
2.0, -4.0, -6.0; 1
3.0, -4.0, -6.0; 1
4.0, -4.0, -6.0; 5
5.0, -4.0, -6.0; 5
6.0, -4.0, -6.0; 5
7.0, -4.0, -6.0; 1
-8.0, -3.0, -6.0; 5
-7.0, -3.0, -6.0; 16
-6.0, -3.0, -6.0; 13
-5.0, -3.0, -6.0; 8
-4.0, -3.0, -6.0; 21
-3.0, -3.0, -6.0; 26
-2.0, -3.0, -6.0; 16
-1.0, -3.0, -6.0; 25
0.0, -3.0, -6.0; 107
1.0, -3.0, -6.0; 32
2.0, -3.0, -6.0; 1
4.0, -3.0, -6.0; 5
5.0, -3.0, -6.0; 8
6.0, -3.0, -6.0; 7
7.0, -3.0, -6.0; 2
8.0, -3.0, -6.0; 1
-8.0, -2.0, -6.0; 4
-7.0, -2.0, -6.0; 20
-6.0, -2.0, -6.0; 11
-5.0, -2.0, -6.0; 11
-4.0, -2.0, -6.0; 8
-3.0, -2.0, -6.0; 27
-2.0, -2.0, -6.0; 34
-1.0, -2.0, -6.0; 81
0.0, -2.0, -6.0; 91
1.0, -2.0, -6.0; 38
2.0, -2.0, -6.0; 3
4.0, -2.0, -6.0; 7
5.0, -2.0, -6.0; 1
6.0, -2.0, -6.0; 1
7.0, -2.0, -6.0; 3
-9.0, -1.0, -6.0; 3
-8.0, -1.0, -6.0; 3
-7.0, -1.0, -6.0; 8
-6.0, -1.0, -6.0; 18
-5.0, -1.0, -6.0; 7
-4.0, -1.0, -6.0; 11
-3.0, -1.0, -6.0; 16
-2.0, -1.0, -6.0; 44
-1.0, -1.0, -6.0; 28
0.0, -1.0, -6.0; 30
1.0, -1.0, -6.0; 11
2.0, -1.0, -6.0; 4
3.0, -1.0, -6.0; 8
4.0, -1.0, -6.0; 10
5.0, -1.0, -6.0; 4
6.0, -1.0, -6.0; 4
7.0, -1.0, -6.0; 4
-8.0, 0.0, -6.0; 11
-7.0, 0.0, -6.0; 17
-6.0, 0.0, -6.0; 32
-5.0, 0.0, -6.0; 5
-4.0, 0.0, -6.0; 5
-3.0, 0.0, -6.0; 6
-2.0, 0.0, -6.0; 58
-1.0, 0.0, -6.0; 33
0.0, 0.0, -6.0; 14
1.0, 0.0, -6.0; 1
2.0, 0.0, -6.0; 7
3.0, 0.0, -6.0; 9
4.0, 0.0, -6.0; 4
5.0, 0.0, -6.0; 2
6.0, 0.0, -6.0; 2
7.0, 0.0, -6.0; 3
-9.0, 1.0, -6.0; 1
-8.0, 1.0, -6.0; 15
-7.0, 1.0, -6.0; 14
-6.0, 1.0, -6.0; 9
-5.0, 1.0, -6.0; 10
-4.0, 1.0, -6.0; 7
-3.0, 1.0, -6.0; 37
-2.0, 1.0, -6.0; 147
-1.0, 1.0, -6.0; 44
0.0, 1.0, -6.0; 8
1.0, 1.0, -6.0; 4
2.0, 1.0, -6.0; 5
3.0, 1.0, -6.0; 3
4.0, 1.0, -6.0; 1
5.0, 1.0, -6.0; 2
6.0, 1.0, -6.0; 2
7.0, 1.0, -6.0; 3
-9.0, 2.0, -6.0; 1
-8.0, 2.0, -6.0; 21
-7.0, 2.0, -6.0; 10
-6.0, 2.0, -6.0; 6
-5.0, 2.0, -6.0; 26
-4.0, 2.0, -6.0; 30
-3.0, 2.0, -6.0; 20
-2.0, 2.0, -6.0; 47
-1.0, 2.0, -6.0; 73
0.0, 2.0, -6.0; 10
1.0, 2.0, -6.0; 5
2.0, 2.0, -6.0; 3
3.0, 2.0, -6.0; 7
4.0, 2.0, -6.0; 5
5.0, 2.0, -6.0; 1
6.0, 2.0, -6.0; 1
-8.0, 3.0, -6.0; 9
-7.0, 3.0, -6.0; 25
-6.0, 3.0, -6.0; 7
-5.0, 3.0, -6.0; 9
-4.0, 3.0, -6.0; 23
-3.0, 3.0, -6.0; 27
-2.0, 3.0, -6.0; 16
-1.0, 3.0, -6.0; 9
0.0, 3.0, -6.0; 7
1.0, 3.0, -6.0; 4
2.0, 3.0, -6.0; 5
3.0, 3.0, -6.0; 8
4.0, 3.0, -6.0; 2
5.0, 3.0, -6.0; 3
6.0, 3.0, -6.0; 3
-8.0, 4.0, -6.0; 1
-7.0, 4.0, -6.0; 10
-6.0, 4.0, -6.0; 20
-5.0, 4.0, -6.0; 7
-4.0, 4.0, -6.0; 5
-3.0, 4.0, -6.0; 6
-2.0, 4.0, -6.0; 13
-1.0, 4.0, -6.0; 6
0.0, 4.0, -6.0; 4
1.0, 4.0, -6.0; 4
2.0, 4.0, -6.0; 4
3.0, 4.0, -6.0; 7
4.0, 4.0, -6.0; 5
5.0, 4.0, -6.0; 4
7.0, 4.0, -6.0; 1
-7.0, 5.0, -6.0; 3
-6.0, 5.0, -6.0; 14
-5.0, 5.0, -6.0; 28
-4.0, 5.0, -6.0; 31
-3.0, 5.0, -6.0; 24
-2.0, 5.0, -6.0; 12
-1.0, 5.0, -6.0; 7
0.0, 5.0, -6.0; 5
1.0, 5.0, -6.0; 12
2.0, 5.0, -6.0; 27
3.0, 5.0, -6.0; 8
4.0, 5.0, -6.0; 1
5.0, 5.0, -6.0; 1
6.0, 5.0, -6.0; 2
-6.0, 6.0, -6.0; 3
-5.0, 6.0, -6.0; 14
-4.0, 6.0, -6.0; 14
-3.0, 6.0, -6.0; 22
-2.0, 6.0, -6.0; 20
-1.0, 6.0, -6.0; 20
0.0, 6.0, -6.0; 14
1.0, 6.0, -6.0; 21
2.0, 6.0, -6.0; 11
3.0, 6.0, -6.0; 6
4.0, 6.0, -6.0; 2
-5.0, 7.0, -6.0; 1
-4.0, 7.0, -6.0; 7
-3.0, 7.0, -6.0; 11
-2.0, 7.0, -6.0; 17
-1.0, 7.0, -6.0; 10
0.0, 7.0, -6.0; 13
1.0, 7.0, -6.0; 6
2.0, 7.0, -6.0; 3
3.0, 7.0, -6.0; 1
4.0, 7.0, -6.0; 1
-2.0, 8.0, -6.0; 4
-1.0, 8.0, -6.0; 7
0.0, 8.0, -6.0; 7
1.0, 8.0, -6.0; 3
2.0, 8.0, -6.0; 1
0.0, -10.0, -5.0; 1
-4.0, -9.0, -5.0; 2
-3.0, -9.0, -5.0; 7
-2.0, -9.0, -5.0; 24
-1.0, -9.0, -5.0; 42
0.0, -9.0, -5.0; 39
1.0, -9.0, -5.0; 28
2.0, -9.0, -5.0; 41
3.0, -9.0, -5.0; 4
-6.0, -8.0, -5.0; 1
-5.0, -8.0, -5.0; 6
-4.0, -8.0, -5.0; 16
-3.0, -8.0, -5.0; 39
-2.0, -8.0, -5.0; 890
-1.0, -8.0, -5.0; 1479
0.0, -8.0, -5.0; 153
1.0, -8.0, -5.0; 35
2.0, -8.0, -5.0; 33
3.0, -8.0, -5.0; 38
4.0, -8.0, -5.0; 19
5.0, -8.0, -5.0; 3
-7.0, -7.0, -5.0; 4
-6.0, -7.0, -5.0; 12
-5.0, -7.0, -5.0; 13
-4.0, -7.0, -5.0; 13
-3.0, -7.0, -5.0; 28
-2.0, -7.0, -5.0; 121
-1.0, -7.0, -5.0; 139
0.0, -7.0, -5.0; 56
1.0, -7.0, -5.0; 22
2.0, -7.0, -5.0; 16
3.0, -7.0, -5.0; 12
4.0, -7.0, -5.0; 23
5.0, -7.0, -5.0; 13
6.0, -7.0, -5.0; 2
-8.0, -6.0, -5.0; 2
-7.0, -6.0, -5.0; 12
-6.0, -6.0, -5.0; 19
-5.0, -6.0, -5.0; 4
-4.0, -6.0, -5.0; 8
-3.0, -6.0, -5.0; 3
-2.0, -6.0, -5.0; 10
-1.0, -6.0, -5.0; 21
0.0, -6.0, -5.0; 25
1.0, -6.0, -5.0; 19
2.0, -6.0, -5.0; 12
3.0, -6.0, -5.0; 3
4.0, -6.0, -5.0; 3
5.0, -6.0, -5.0; 6
6.0, -6.0, -5.0; 9
7.0, -6.0, -5.0; 2
-8.0, -5.0, -5.0; 6
-7.0, -5.0, -5.0; 18
-6.0, -5.0, -5.0; 4
-5.0, -5.0, -5.0; 6
-4.0, -5.0, -5.0; 10
-3.0, -5.0, -5.0; 7
-2.0, -5.0, -5.0; 23
-1.0, -5.0, -5.0; 16
0.0, -5.0, -5.0; 12
1.0, -5.0, -5.0; 24
2.0, -5.0, -5.0; 7
3.0, -5.0, -5.0; 5
5.0, -5.0, -5.0; 6
6.0, -5.0, -5.0; 2
7.0, -5.0, -5.0; 5
-9.0, -4.0, -5.0; 1
-8.0, -4.0, -5.0; 5
-7.0, -4.0, -5.0; 14
-6.0, -4.0, -5.0; 1
-5.0, -4.0, -5.0; 12
-4.0, -4.0, -5.0; 30
-3.0, -4.0, -5.0; 203
-2.0, -4.0, -5.0; 536
-1.0, -4.0, -5.0; 101
0.0, -4.0, -5.0; 27
1.0, -4.0, -5.0; 160
2.0, -4.0, -5.0; 24
3.0, -4.0, -5.0; 2
4.0, -4.0, -5.0; 4
5.0, -4.0, -5.0; 3
6.0, -4.0, -5.0; 1
7.0, -4.0, -5.0; 2
-9.0, -3.0, -5.0; 4
-8.0, -3.0, -5.0; 13
-7.0, -3.0, -5.0; 6
-5.0, -3.0, -5.0; 21
-4.0, -3.0, -5.0; 124
-3.0, -3.0, -5.0; 3282
-2.0, -3.0, -5.0; 1528
-1.0, -3.0, -5.0; 40
0.0, -3.0, -5.0; 138
1.0, -3.0, -5.0; 2977
2.0, -3.0, -5.0; 86
3.0, -3.0, -5.0; 5
4.0, -3.0, -5.0; 1
5.0, -3.0, -5.0; 4
8.0, -3.0, -5.0; 1
-9.0, -2.0, -5.0; 2
-8.0, -2.0, -5.0; 8
-7.0, -2.0, -5.0; 7
-6.0, -2.0, -5.0; 9
-5.0, -2.0, -5.0; 20
-4.0, -2.0, -5.0; 35
-3.0, -2.0, -5.0; 227
-2.0, -2.0, -5.0; 72
-1.0, -2.0, -5.0; 13
0.0, -2.0, -5.0; 129
1.0, -2.0, -5.0; 257
2.0, -2.0, -5.0; 66
3.0, -2.0, -5.0; 7
4.0, -2.0, -5.0; 9
5.0, -2.0, -5.0; 4
7.0, -2.0, -5.0; 5
-8.0, -1.0, -5.0; 9
-7.0, -1.0, -5.0; 27
-6.0, -1.0, -5.0; 9
-5.0, -1.0, -5.0; 5
-4.0, -1.0, -5.0; 11
-3.0, -1.0, -5.0; 38
-2.0, -1.0, -5.0; 33
-1.0, -1.0, -5.0; 22
0.0, -1.0, -5.0; 24
1.0, -1.0, -5.0; 38
2.0, -1.0, -5.0; 21
3.0, -1.0, -5.0; 8
4.0, -1.0, -5.0; 22
5.0, -1.0, -5.0; 3
6.0, -1.0, -5.0; 1
7.0, -1.0, -5.0; 7
8.0, -1.0, -5.0; 2
-9.0, 0.0, -5.0; 3
-8.0, 0.0, -5.0; 8
-7.0, 0.0, -5.0; 27
-6.0, 0.0, -5.0; 8
-5.0, 0.0, -5.0; 24
-4.0, 0.0, -5.0; 38
-3.0, 0.0, -5.0; 79
-2.0, 0.0, -5.0; 133
-1.0, 0.0, -5.0; 26
0.0, 0.0, -5.0; 31
1.0, 0.0, -5.0; 20
2.0, 0.0, -5.0; 8
3.0, 0.0, -5.0; 12
4.0, 0.0, -5.0; 8
5.0, 0.0, -5.0; 2
6.0, 0.0, -5.0; 1
8.0, 0.0, -5.0; 1
-9.0, 1.0, -5.0; 9
-8.0, 1.0, -5.0; 12
-7.0, 1.0, -5.0; 10
-6.0, 1.0, -5.0; 19
-5.0, 1.0, -5.0; 39
-4.0, 1.0, -5.0; 34
-3.0, 1.0, -5.0; 49
-2.0, 1.0, -5.0; 61
-1.0, 1.0, -5.0; 13
0.0, 1.0, -5.0; 30
1.0, 1.0, -5.0; 30
2.0, 1.0, -5.0; 13
3.0, 1.0, -5.0; 10
4.0, 1.0, -5.0; 5
5.0, 1.0, -5.0; 1
6.0, 1.0, -5.0; 1
8.0, 1.0, -5.0; 1
-9.0, 2.0, -5.0; 6
-8.0, 2.0, -5.0; 9
-7.0, 2.0, -5.0; 3
-6.0, 2.0, -5.0; 46
-5.0, 2.0, -5.0; 69
-4.0, 2.0, -5.0; 10
-3.0, 2.0, -5.0; 34
-2.0, 2.0, -5.0; 45
-1.0, 2.0, -5.0; 47
0.0, 2.0, -5.0; 43
1.0, 2.0, -5.0; 22
2.0, 2.0, -5.0; 6
3.0, 2.0, -5.0; 10
4.0, 2.0, -5.0; 4
5.0, 2.0, -5.0; 1
6.0, 2.0, -5.0; 1
7.0, 2.0, -5.0; 5
8.0, 2.0, -5.0; 1
-9.0, 3.0, -5.0; 3
-8.0, 3.0, -5.0; 24
-7.0, 3.0, -5.0; 14
-6.0, 3.0, -5.0; 6
-5.0, 3.0, -5.0; 20
-4.0, 3.0, -5.0; 12
-3.0, 3.0, -5.0; 15
-2.0, 3.0, -5.0; 33
-1.0, 3.0, -5.0; 56
0.0, 3.0, -5.0; 50
1.0, 3.0, -5.0; 11
2.0, 3.0, -5.0; 5
3.0, 3.0, -5.0; 7
4.0, 3.0, -5.0; 9
5.0, 3.0, -5.0; 2
6.0, 3.0, -5.0; 2
7.0, 3.0, -5.0; 1
-8.0, 4.0, -5.0; 4
-7.0, 4.0, -5.0; 24
-6.0, 4.0, -5.0; 12
-5.0, 4.0, -5.0; 1
-4.0, 4.0, -5.0; 3
-3.0, 4.0, -5.0; 12
-2.0, 4.0, -5.0; 74
-1.0, 4.0, -5.0; 33
0.0, 4.0, -5.0; 9
1.0, 4.0, -5.0; 3
2.0, 4.0, -5.0; 3
3.0, 4.0, -5.0; 7
4.0, 4.0, -5.0; 5
6.0, 4.0, -5.0; 4
7.0, 4.0, -5.0; 1
-7.0, 5.0, -5.0; 9
-6.0, 5.0, -5.0; 12
-5.0, 5.0, -5.0; 26
-4.0, 5.0, -5.0; 19
-3.0, 5.0, -5.0; 4
-2.0, 5.0, -5.0; 12
-1.0, 5.0, -5.0; 7
0.0, 5.0, -5.0; 9
1.0, 5.0, -5.0; 5
2.0, 5.0, -5.0; 11
3.0, 5.0, -5.0; 16
4.0, 5.0, -5.0; 1
5.0, 5.0, -5.0; 3
6.0, 5.0, -5.0; 4
-7.0, 6.0, -5.0; 2
-6.0, 6.0, -5.0; 14
-5.0, 6.0, -5.0; 16
-4.0, 6.0, -5.0; 17
-3.0, 6.0, -5.0; 20
-2.0, 6.0, -5.0; 4
-1.0, 6.0, -5.0; 9
0.0, 6.0, -5.0; 10
1.0, 6.0, -5.0; 24
2.0, 6.0, -5.0; 46
3.0, 6.0, -5.0; 12
4.0, 6.0, -5.0; 2
5.0, 6.0, -5.0; 4
6.0, 6.0, -5.0; 2
-6.0, 7.0, -5.0; 3
-5.0, 7.0, -5.0; 16
-4.0, 7.0, -5.0; 13
-3.0, 7.0, -5.0; 11
-2.0, 7.0, -5.0; 7
-1.0, 7.0, -5.0; 9
0.0, 7.0, -5.0; 11
1.0, 7.0, -5.0; 21
2.0, 7.0, -5.0; 19
3.0, 7.0, -5.0; 2
4.0, 7.0, -5.0; 3
-4.0, 8.0, -5.0; 1
-3.0, 8.0, -5.0; 3
-2.0, 8.0, -5.0; 9
-1.0, 8.0, -5.0; 23
0.0, 8.0, -5.0; 29
1.0, 8.0, -5.0; 12
2.0, 8.0, -5.0; 11
-1.0, 9.0, -5.0; 3
0.0, 9.0, -5.0; 2
-3.0, -10.0, -4.0; 1
-2.0, -10.0, -4.0; 8
-1.0, -10.0, -4.0; 18
0.0, -10.0, -4.0; 12
1.0, -10.0, -4.0; 9
2.0, -10.0, -4.0; 2
-4.0, -9.0, -4.0; 8
-3.0, -9.0, -4.0; 14
-2.0, -9.0, -4.0; 45
-1.0, -9.0, -4.0; 58
0.0, -9.0, -4.0; 52
1.0, -9.0, -4.0; 61
2.0, -9.0, -4.0; 29
3.0, -9.0, -4.0; 11
4.0, -9.0, -4.0; 4
-6.0, -8.0, -4.0; 2
-5.0, -8.0, -4.0; 14
-4.0, -8.0, -4.0; 12
-3.0, -8.0, -4.0; 14
-2.0, -8.0, -4.0; 129
-1.0, -8.0, -4.0; 203
0.0, -8.0, -4.0; 66
1.0, -8.0, -4.0; 36
2.0, -8.0, -4.0; 12
3.0, -8.0, -4.0; 26
4.0, -8.0, -4.0; 31
5.0, -8.0, -4.0; 8
-7.0, -7.0, -4.0; 7
-6.0, -7.0, -4.0; 9
-5.0, -7.0, -4.0; 7
-4.0, -7.0, -4.0; 8
-3.0, -7.0, -4.0; 2
-2.0, -7.0, -4.0; 6
-1.0, -7.0, -4.0; 11
0.0, -7.0, -4.0; 80
1.0, -7.0, -4.0; 73
2.0, -7.0, -4.0; 17
3.0, -7.0, -4.0; 11
4.0, -7.0, -4.0; 9
5.0, -7.0, -4.0; 33
6.0, -7.0, -4.0; 2
-8.0, -6.0, -4.0; 3
-7.0, -6.0, -4.0; 23
-6.0, -6.0, -4.0; 5
-5.0, -6.0, -4.0; 2
-4.0, -6.0, -4.0; 5
-2.0, -6.0, -4.0; 11
-1.0, -6.0, -4.0; 23
0.0, -6.0, -4.0; 30
1.0, -6.0, -4.0; 131
2.0, -6.0, -4.0; 49
3.0, -6.0, -4.0; 7
4.0, -6.0, -4.0; 5
5.0, -6.0, -4.0; 11
6.0, -6.0, -4.0; 4
7.0, -6.0, -4.0; 3
-9.0, -5.0, -4.0; 3
-8.0, -5.0, -4.0; 27
-7.0, -5.0, -4.0; 9
-6.0, -5.0, -4.0; 1
-5.0, -5.0, -4.0; 5
-4.0, -5.0, -4.0; 10
-3.0, -5.0, -4.0; 14
-2.0, -5.0, -4.0; 127
-1.0, -5.0, -4.0; 292
0.0, -5.0, -4.0; 28
1.0, -5.0, -4.0; 104
2.0, -5.0, -4.0; 68
3.0, -5.0, -4.0; 8
4.0, -5.0, -4.0; 1
5.0, -5.0, -4.0; 4
6.0, -5.0, -4.0; 2
7.0, -5.0, -4.0; 1
-9.0, -4.0, -4.0; 6
-8.0, -4.0, -4.0; 16
-7.0, -4.0, -4.0; 6
-6.0, -4.0, -4.0; 2
-5.0, -4.0, -4.0; 31
-4.0, -4.0, -4.0; 82
-3.0, -4.0, -4.0; 64
-2.0, -4.0, -4.0; 94
-1.0, -4.0, -4.0; 86
0.0, -4.0, -4.0; 9
1.0, -4.0, -4.0; 118
2.0, -4.0, -4.0; 146
3.0, -4.0, -4.0; 23
4.0, -4.0, -4.0; 6
5.0, -4.0, -4.0; 5
6.0, -4.0, -4.0; 3
7.0, -4.0, -4.0; 1
-9.0, -3.0, -4.0; 14
-8.0, -3.0, -4.0; 19
-7.0, -3.0, -4.0; 7
-6.0, -3.0, -4.0; 11
-5.0, -3.0, -4.0; 130
-4.0, -3.0, -4.0; 336
-3.0, -3.0, -4.0; 126
-2.0, -3.0, -4.0; 1
-1.0, -3.0, -4.0; 2
0.0, -3.0, -4.0; 3
1.0, -3.0, -4.0; 445
2.0, -3.0, -4.0; 238
3.0, -3.0, -4.0; 14
4.0, -3.0, -4.0; 2
5.0, -3.0, -4.0; 8
6.0, -3.0, -4.0; 1
7.0, -3.0, -4.0; 1
8.0, -3.0, -4.0; 1
-9.0, -2.0, -4.0; 3
-8.0, -2.0, -4.0; 8
-7.0, -2.0, -4.0; 19
-6.0, -2.0, -4.0; 16
-5.0, -2.0, -4.0; 92
-4.0, -2.0, -4.0; 99
-3.0, -2.0, -4.0; 16
-2.0, -2.0, -4.0; 2
-1.0, -2.0, -4.0; 1
0.0, -2.0, -4.0; 1
1.0, -2.0, -4.0; 11
2.0, -2.0, -4.0; 20
3.0, -2.0, -4.0; 6
4.0, -2.0, -4.0; 5
5.0, -2.0, -4.0; 7
6.0, -2.0, -4.0; 2
7.0, -2.0, -4.0; 1
8.0, -2.0, -4.0; 2
-10.0, -1.0, -4.0; 1
-9.0, -1.0, -4.0; 1
-8.0, -1.0, -4.0; 15
-7.0, -1.0, -4.0; 35
-6.0, -1.0, -4.0; 5
-5.0, -1.0, -4.0; 13
-4.0, -1.0, -4.0; 23
-3.0, -1.0, -4.0; 1
3.0, -1.0, -4.0; 2
4.0, -1.0, -4.0; 7
5.0, -1.0, -4.0; 3
6.0, -1.0, -4.0; 1
8.0, -1.0, -4.0; 1
9.0, -1.0, -4.0; 2
-10.0, 0.0, -4.0; 2
-9.0, 0.0, -4.0; 2
-8.0, 0.0, -4.0; 3
-7.0, 0.0, -4.0; 12
-6.0, 0.0, -4.0; 30
-5.0, 0.0, -4.0; 82
-4.0, 0.0, -4.0; 20
-3.0, 0.0, -4.0; 2
3.0, 0.0, -4.0; 2
4.0, 0.0, -4.0; 1
5.0, 0.0, -4.0; 3
6.0, 0.0, -4.0; 1
8.0, 0.0, -4.0; 2
9.0, 0.0, -4.0; 1
-10.0, 1.0, -4.0; 1
-9.0, 1.0, -4.0; 10
-8.0, 1.0, -4.0; 8
-7.0, 1.0, -4.0; 3
-6.0, 1.0, -4.0; 128
-5.0, 1.0, -4.0; 182
-4.0, 1.0, -4.0; 12
0.0, 1.0, -4.0; 1
1.0, 1.0, -4.0; 10
2.0, 1.0, -4.0; 7
3.0, 1.0, -4.0; 12
4.0, 1.0, -4.0; 7
5.0, 1.0, -4.0; 3
7.0, 1.0, -4.0; 1
-9.0, 2.0, -4.0; 14
-8.0, 2.0, -4.0; 15
-7.0, 2.0, -4.0; 12
-6.0, 2.0, -4.0; 74
-5.0, 2.0, -4.0; 17
-4.0, 2.0, -4.0; 12
-3.0, 2.0, -4.0; 2
-2.0, 2.0, -4.0; 1
-1.0, 2.0, -4.0; 1
1.0, 2.0, -4.0; 20
2.0, 2.0, -4.0; 12
3.0, 2.0, -4.0; 15
4.0, 2.0, -4.0; 11
5.0, 2.0, -4.0; 3
6.0, 2.0, -4.0; 4
7.0, 2.0, -4.0; 1
8.0, 2.0, -4.0; 3
-9.0, 3.0, -4.0; 8
-8.0, 3.0, -4.0; 23
-7.0, 3.0, -4.0; 5
-6.0, 3.0, -4.0; 21
-5.0, 3.0, -4.0; 12
-4.0, 3.0, -4.0; 7
-3.0, 3.0, -4.0; 6
-2.0, 3.0, -4.0; 5
-1.0, 3.0, -4.0; 4
0.0, 3.0, -4.0; 31
1.0, 3.0, -4.0; 30
2.0, 3.0, -4.0; 9
3.0, 3.0, -4.0; 3
4.0, 3.0, -4.0; 7
5.0, 3.0, -4.0; 3
6.0, 3.0, -4.0; 1
7.0, 3.0, -4.0; 3
-9.0, 4.0, -4.0; 1
-8.0, 4.0, -4.0; 11
-7.0, 4.0, -4.0; 17
-6.0, 4.0, -4.0; 5
-5.0, 4.0, -4.0; 4
-4.0, 4.0, -4.0; 3
-3.0, 4.0, -4.0; 56
-2.0, 4.0, -4.0; 166
-1.0, 4.0, -4.0; 109
0.0, 4.0, -4.0; 100
1.0, 4.0, -4.0; 38
2.0, 4.0, -4.0; 3
3.0, 4.0, -4.0; 5
4.0, 4.0, -4.0; 6
5.0, 4.0, -4.0; 5
6.0, 4.0, -4.0; 3
7.0, 4.0, -4.0; 1
-8.0, 5.0, -4.0; 3
-7.0, 5.0, -4.0; 20
-6.0, 5.0, -4.0; 13
-5.0, 5.0, -4.0; 7
-4.0, 5.0, -4.0; 1
-3.0, 5.0, -4.0; 16
-2.0, 5.0, -4.0; 171
-1.0, 5.0, -4.0; 304
0.0, 5.0, -4.0; 91
1.0, 5.0, -4.0; 17
2.0, 5.0, -4.0; 7
3.0, 5.0, -4.0; 2
4.0, 5.0, -4.0; 4
5.0, 5.0, -4.0; 4
6.0, 5.0, -4.0; 3
7.0, 5.0, -4.0; 1
-7.0, 6.0, -4.0; 5
-6.0, 6.0, -4.0; 20
-5.0, 6.0, -4.0; 16
-4.0, 6.0, -4.0; 5
-3.0, 6.0, -4.0; 7
-2.0, 6.0, -4.0; 9
-1.0, 6.0, -4.0; 8
0.0, 6.0, -4.0; 7
1.0, 6.0, -4.0; 6
2.0, 6.0, -4.0; 29
3.0, 6.0, -4.0; 37
4.0, 6.0, -4.0; 5
5.0, 6.0, -4.0; 7
6.0, 6.0, -4.0; 4
-7.0, 7.0, -4.0; 1
-6.0, 7.0, -4.0; 5
-5.0, 7.0, -4.0; 14
-4.0, 7.0, -4.0; 11
-3.0, 7.0, -4.0; 12
-2.0, 7.0, -4.0; 6
-1.0, 7.0, -4.0; 4
0.0, 7.0, -4.0; 10
1.0, 7.0, -4.0; 32
2.0, 7.0, -4.0; 46
3.0, 7.0, -4.0; 19
4.0, 7.0, -4.0; 5
5.0, 7.0, -4.0; 5
-5.0, 8.0, -4.0; 6
-4.0, 8.0, -4.0; 24
-3.0, 8.0, -4.0; 26
-2.0, 8.0, -4.0; 20
-1.0, 8.0, -4.0; 18
0.0, 8.0, -4.0; 33
1.0, 8.0, -4.0; 24
2.0, 8.0, -4.0; 18
3.0, 8.0, -4.0; 5
4.0, 8.0, -4.0; 3
-3.0, 9.0, -4.0; 6
-2.0, 9.0, -4.0; 13
-1.0, 9.0, -4.0; 13
0.0, 9.0, -4.0; 18
1.0, 9.0, -4.0; 7
2.0, 9.0, -4.0; 2
-4.0, -10.0, -3.0; 3
-3.0, -10.0, -3.0; 29
-2.0, -10.0, -3.0; 77
-1.0, -10.0, -3.0; 126
0.0, -10.0, -3.0; 88
1.0, -10.0, -3.0; 33
2.0, -10.0, -3.0; 10
3.0, -10.0, -3.0; 3
-6.0, -9.0, -3.0; 1
-5.0, -9.0, -3.0; 8
-4.0, -9.0, -3.0; 21
-3.0, -9.0, -3.0; 22
-2.0, -9.0, -3.0; 24
-1.0, -9.0, -3.0; 66
0.0, -9.0, -3.0; 62
1.0, -9.0, -3.0; 94
2.0, -9.0, -3.0; 28
3.0, -9.0, -3.0; 18
4.0, -9.0, -3.0; 7
5.0, -9.0, -3.0; 2
-7.0, -8.0, -3.0; 3
-6.0, -8.0, -3.0; 6
-5.0, -8.0, -3.0; 4
-4.0, -8.0, -3.0; 13
-3.0, -8.0, -3.0; 11
-2.0, -8.0, -3.0; 23
-1.0, -8.0, -3.0; 34
0.0, -8.0, -3.0; 66
1.0, -8.0, -3.0; 29
2.0, -8.0, -3.0; 12
3.0, -8.0, -3.0; 21
4.0, -8.0, -3.0; 22
5.0, -8.0, -3.0; 4
6.0, -8.0, -3.0; 1
-8.0, -7.0, -3.0; 5
-7.0, -7.0, -3.0; 15
-6.0, -7.0, -3.0; 7
-4.0, -7.0, -3.0; 3
-3.0, -7.0, -3.0; 2
-2.0, -7.0, -3.0; 1
-1.0, -7.0, -3.0; 2
0.0, -7.0, -3.0; 71
1.0, -7.0, -3.0; 113
2.0, -7.0, -3.0; 22
3.0, -7.0, -3.0; 2
4.0, -7.0, -3.0; 2
5.0, -7.0, -3.0; 19
6.0, -7.0, -3.0; 4
-8.0, -6.0, -3.0; 11
-7.0, -6.0, -3.0; 23
-6.0, -6.0, -3.0; 5
-5.0, -6.0, -3.0; 2
-3.0, -6.0, -3.0; 2
-2.0, -6.0, -3.0; 8
-1.0, -6.0, -3.0; 127
0.0, -6.0, -3.0; 182
1.0, -6.0, -3.0; 2167
2.0, -6.0, -3.0; 294
3.0, -6.0, -3.0; 9
4.0, -6.0, -3.0; 2
5.0, -6.0, -3.0; 6
6.0, -6.0, -3.0; 8
7.0, -6.0, -3.0; 2
-9.0, -5.0, -3.0; 6
-8.0, -5.0, -3.0; 23
-7.0, -5.0, -3.0; 3
-5.0, -5.0, -3.0; 3
-4.0, -5.0, -3.0; 1
-2.0, -5.0, -3.0; 1
-1.0, -5.0, -3.0; 26
0.0, -5.0, -3.0; 42
1.0, -5.0, -3.0; 62
2.0, -5.0, -3.0; 178
3.0, -5.0, -3.0; 25
4.0, -5.0, -3.0; 9
5.0, -5.0, -3.0; 7
6.0, -5.0, -3.0; 6
7.0, -5.0, -3.0; 1
-9.0, -4.0, -3.0; 11
-8.0, -4.0, -3.0; 19
-7.0, -4.0, -3.0; 12
-6.0, -4.0, -3.0; 6
-5.0, -4.0, -3.0; 15
-2.0, -4.0, -3.0; 1
1.0, -4.0, -3.0; 7
2.0, -4.0, -3.0; 30
3.0, -4.0, -3.0; 28
4.0, -4.0, -3.0; 7
5.0, -4.0, -3.0; 4
6.0, -4.0, -3.0; 1
7.0, -4.0, -3.0; 1
-10.0, -3.0, -3.0; 1
-9.0, -3.0, -3.0; 6
-8.0, -3.0, -3.0; 5
-7.0, -3.0, -3.0; 2
-6.0, -3.0, -3.0; 21
-5.0, -3.0, -3.0; 116
-4.0, -3.0, -3.0; 4
-3.0, -3.0, -3.0; 4
2.0, -3.0, -3.0; 5
3.0, -3.0, -3.0; 20
4.0, -3.0, -3.0; 6
5.0, -3.0, -3.0; 1
6.0, -3.0, -3.0; 1
7.0, -3.0, -3.0; 1
-10.0, -2.0, -3.0; 1
-9.0, -2.0, -3.0; 6
-8.0, -2.0, -3.0; 4
-7.0, -2.0, -3.0; 24
-6.0, -2.0, -3.0; 21
-5.0, -2.0, -3.0; 127
-4.0, -2.0, -3.0; 4
3.0, -2.0, -3.0; 2
4.0, -2.0, -3.0; 2
6.0, -2.0, -3.0; 2
7.0, -2.0, -3.0; 3
8.0, -2.0, -3.0; 1
-10.0, -1.0, -3.0; 1
-9.0, -1.0, -3.0; 3
-8.0, -1.0, -3.0; 14
-7.0, -1.0, -3.0; 24
-6.0, -1.0, -3.0; 6
-5.0, -1.0, -3.0; 28
-4.0, -1.0, -3.0; 8
4.0, -1.0, -3.0; 1
5.0, -1.0, -3.0; 1
6.0, -1.0, -3.0; 2
7.0, -1.0, -3.0; 2
-10.0, 0.0, -3.0; 3
-9.0, 0.0, -3.0; 5
-8.0, 0.0, -3.0; 5
-7.0, 0.0, -3.0; 1
-6.0, 0.0, -3.0; 98
-5.0, 0.0, -3.0; 43
-4.0, 0.0, -3.0; 2
5.0, 0.0, -3.0; 1
6.0, 0.0, -3.0; 4
-10.0, 1.0, -3.0; 2
-9.0, 1.0, -3.0; 8
-8.0, 1.0, -3.0; 15
-7.0, 1.0, -3.0; 16
-6.0, 1.0, -3.0; 401
-5.0, 1.0, -3.0; 143
3.0, 1.0, -3.0; 4
4.0, 1.0, -3.0; 3
5.0, 1.0, -3.0; 3
6.0, 1.0, -3.0; 3
7.0, 1.0, -3.0; 1
-10.0, 2.0, -3.0; 2
-9.0, 2.0, -3.0; 9
-8.0, 2.0, -3.0; 14
-7.0, 2.0, -3.0; 36
-6.0, 2.0, -3.0; 33
-5.0, 2.0, -3.0; 16
-4.0, 2.0, -3.0; 1
2.0, 2.0, -3.0; 7
3.0, 2.0, -3.0; 28
4.0, 2.0, -3.0; 14
5.0, 2.0, -3.0; 2
6.0, 2.0, -3.0; 4
7.0, 2.0, -3.0; 1
8.0, 2.0, -3.0; 2
-9.0, 3.0, -3.0; 15
-8.0, 3.0, -3.0; 15
-7.0, 3.0, -3.0; 3
-6.0, 3.0, -3.0; 34
-5.0, 3.0, -3.0; 17
-4.0, 3.0, -3.0; 1
-3.0, 3.0, -3.0; 1
-1.0, 3.0, -3.0; 2
1.0, 3.0, -3.0; 7
2.0, 3.0, -3.0; 16
3.0, 3.0, -3.0; 11
4.0, 3.0, -3.0; 4
5.0, 3.0, -3.0; 2
6.0, 3.0, -3.0; 4
7.0, 3.0, -3.0; 3
-9.0, 4.0, -3.0; 11
-8.0, 4.0, -3.0; 26
-7.0, 4.0, -3.0; 4
-6.0, 4.0, -3.0; 8
-5.0, 4.0, -3.0; 12
-4.0, 4.0, -3.0; 3
-3.0, 4.0, -3.0; 1
-2.0, 4.0, -3.0; 2
-1.0, 4.0, -3.0; 1
0.0, 4.0, -3.0; 42
1.0, 4.0, -3.0; 110
2.0, 4.0, -3.0; 19
3.0, 4.0, -3.0; 9
4.0, 4.0, -3.0; 3
5.0, 4.0, -3.0; 7
6.0, 4.0, -3.0; 3
7.0, 4.0, -3.0; 6
-9.0, 5.0, -3.0; 1
-8.0, 5.0, -3.0; 12
-7.0, 5.0, -3.0; 18
-6.0, 5.0, -3.0; 8
-5.0, 5.0, -3.0; 2
-4.0, 5.0, -3.0; 2
-3.0, 5.0, -3.0; 7
-2.0, 5.0, -3.0; 114
-1.0, 5.0, -3.0; 188
0.0, 5.0, -3.0; 159
1.0, 5.0, -3.0; 63
2.0, 5.0, -3.0; 5
3.0, 5.0, -3.0; 7
4.0, 5.0, -3.0; 6
5.0, 5.0, -3.0; 4
6.0, 5.0, -3.0; 2
7.0, 5.0, -3.0; 4
-8.0, 6.0, -3.0; 6
-7.0, 6.0, -3.0; 17
-6.0, 6.0, -3.0; 21
-5.0, 6.0, -3.0; 12
-4.0, 6.0, -3.0; 10
-3.0, 6.0, -3.0; 30
-2.0, 6.0, -3.0; 43
-1.0, 6.0, -3.0; 115
0.0, 6.0, -3.0; 137
1.0, 6.0, -3.0; 17
2.0, 6.0, -3.0; 5
3.0, 6.0, -3.0; 32
4.0, 6.0, -3.0; 8
5.0, 6.0, -3.0; 4
6.0, 6.0, -3.0; 2
-7.0, 7.0, -3.0; 3
-6.0, 7.0, -3.0; 23
-5.0, 7.0, -3.0; 27
-4.0, 7.0, -3.0; 14
-3.0, 7.0, -3.0; 16
-2.0, 7.0, -3.0; 13
-1.0, 7.0, -3.0; 12
0.0, 7.0, -3.0; 5
1.0, 7.0, -3.0; 25
2.0, 7.0, -3.0; 72
3.0, 7.0, -3.0; 49
4.0, 7.0, -3.0; 7
5.0, 7.0, -3.0; 5
-6.0, 8.0, -3.0; 2
-5.0, 8.0, -3.0; 33
-4.0, 8.0, -3.0; 79
-3.0, 8.0, -3.0; 73
-2.0, 8.0, -3.0; 44
-1.0, 8.0, -3.0; 31
0.0, 8.0, -3.0; 34
1.0, 8.0, -3.0; 53
2.0, 8.0, -3.0; 33
3.0, 8.0, -3.0; 13
4.0, 8.0, -3.0; 2
-4.0, 9.0, -3.0; 3
-3.0, 9.0, -3.0; 20
-2.0, 9.0, -3.0; 20
-1.0, 9.0, -3.0; 33
0.0, 9.0, -3.0; 50
1.0, 9.0, -3.0; 41
2.0, 9.0, -3.0; 12
3.0, 9.0, -3.0; 1
-4.0, -10.0, -2.0; 16
-3.0, -10.0, -2.0; 91
-2.0, -10.0, -2.0; 140
-1.0, -10.0, -2.0; 221
0.0, -10.0, -2.0; 183
1.0, -10.0, -2.0; 82
2.0, -10.0, -2.0; 25
3.0, -10.0, -2.0; 7
-6.0, -9.0, -2.0; 9
-5.0, -9.0, -2.0; 11
-4.0, -9.0, -2.0; 21
-3.0, -9.0, -2.0; 19
-2.0, -9.0, -2.0; 14
-1.0, -9.0, -2.0; 52
0.0, -9.0, -2.0; 82
1.0, -9.0, -2.0; 80
2.0, -9.0, -2.0; 46
3.0, -9.0, -2.0; 24
4.0, -9.0, -2.0; 12
5.0, -9.0, -2.0; 1
-7.0, -8.0, -2.0; 13
-6.0, -8.0, -2.0; 15
-5.0, -8.0, -2.0; 4
-4.0, -8.0, -2.0; 3
-3.0, -8.0, -2.0; 6
-2.0, -8.0, -2.0; 7
-1.0, -8.0, -2.0; 9
0.0, -8.0, -2.0; 43
1.0, -8.0, -2.0; 17
2.0, -8.0, -2.0; 11
3.0, -8.0, -2.0; 14
4.0, -8.0, -2.0; 19
5.0, -8.0, -2.0; 11
6.0, -8.0, -2.0; 3
-8.0, -7.0, -2.0; 11
-7.0, -7.0, -2.0; 10
-6.0, -7.0, -2.0; 8
-5.0, -7.0, -2.0; 4
-3.0, -7.0, -2.0; 3
-2.0, -7.0, -2.0; 4
-1.0, -7.0, -2.0; 24
0.0, -7.0, -2.0; 100
1.0, -7.0, -2.0; 67
2.0, -7.0, -2.0; 11
3.0, -7.0, -2.0; 6
4.0, -7.0, -2.0; 12
5.0, -7.0, -2.0; 27
6.0, -7.0, -2.0; 4
-9.0, -6.0, -2.0; 1
-8.0, -6.0, -2.0; 17
-7.0, -6.0, -2.0; 4
-5.0, -6.0, -2.0; 2
-4.0, -6.0, -2.0; 1
-3.0, -6.0, -2.0; 1
-2.0, -6.0, -2.0; 3
-1.0, -6.0, -2.0; 29
0.0, -6.0, -2.0; 103
1.0, -6.0, -2.0; 735
2.0, -6.0, -2.0; 146
3.0, -6.0, -2.0; 6
4.0, -6.0, -2.0; 8
5.0, -6.0, -2.0; 16
6.0, -6.0, -2.0; 12
7.0, -6.0, -2.0; 2
-9.0, -5.0, -2.0; 8
-8.0, -5.0, -2.0; 19
-7.0, -5.0, -2.0; 2
-6.0, -5.0, -2.0; 5
-5.0, -5.0, -2.0; 2
-3.0, -5.0, -2.0; 1
0.0, -5.0, -2.0; 12
1.0, -5.0, -2.0; 20
2.0, -5.0, -2.0; 92
3.0, -5.0, -2.0; 13
4.0, -5.0, -2.0; 8
5.0, -5.0, -2.0; 11
6.0, -5.0, -2.0; 2
7.0, -5.0, -2.0; 1
8.0, -5.0, -2.0; 2
-9.0, -4.0, -2.0; 13
-8.0, -4.0, -2.0; 13
-7.0, -4.0, -2.0; 14
-6.0, -4.0, -2.0; 11
-5.0, -4.0, -2.0; 7
0.0, -4.0, -2.0; 1
2.0, -4.0, -2.0; 7
3.0, -4.0, -2.0; 13
4.0, -4.0, -2.0; 4
5.0, -4.0, -2.0; 4
6.0, -4.0, -2.0; 1
7.0, -4.0, -2.0; 3
9.0, -4.0, -2.0; 1
-10.0, -3.0, -2.0; 2
-9.0, -3.0, -2.0; 8
-8.0, -3.0, -2.0; 9
-7.0, -3.0, -2.0; 18
-6.0, -3.0, -2.0; 25
-5.0, -3.0, -2.0; 16
-4.0, -3.0, -2.0; 1
3.0, -3.0, -2.0; 5
4.0, -3.0, -2.0; 2
5.0, -3.0, -2.0; 3
6.0, -3.0, -2.0; 3
7.0, -3.0, -2.0; 1
8.0, -3.0, -2.0; 1
-10.0, -2.0, -2.0; 4
-9.0, -2.0, -2.0; 10
-8.0, -2.0, -2.0; 5
-7.0, -2.0, -2.0; 37
-6.0, -2.0, -2.0; 13
-5.0, -2.0, -2.0; 10
3.0, -2.0, -2.0; 1
5.0, -2.0, -2.0; 1
8.0, -2.0, -2.0; 1
-10.0, -1.0, -2.0; 1
-9.0, -1.0, -2.0; 7
-8.0, -1.0, -2.0; 7
-7.0, -1.0, -2.0; 10
-6.0, -1.0, -2.0; 6
-5.0, -1.0, -2.0; 7
-4.0, -1.0, -2.0; 2
5.0, -1.0, -2.0; 1
7.0, -1.0, -2.0; 3
8.0, -1.0, -2.0; 1
-10.0, 0.0, -2.0; 5
-9.0, 0.0, -2.0; 4
-8.0, 0.0, -2.0; 1
-7.0, 0.0, -2.0; 11
-6.0, 0.0, -2.0; 112
-5.0, 0.0, -2.0; 30
6.0, 0.0, -2.0; 2
7.0, 0.0, -2.0; 1
-10.0, 1.0, -2.0; 2
-9.0, 1.0, -2.0; 7
-8.0, 1.0, -2.0; 9
-7.0, 1.0, -2.0; 7
-6.0, 1.0, -2.0; 1146
-5.0, 1.0, -2.0; 293
7.0, 1.0, -2.0; 1
-10.0, 2.0, -2.0; 3
-9.0, 2.0, -2.0; 15
-8.0, 2.0, -2.0; 5
-7.0, 2.0, -2.0; 25
-6.0, 2.0, -2.0; 71
-5.0, 2.0, -2.0; 59
3.0, 2.0, -2.0; 6
4.0, 2.0, -2.0; 16
5.0, 2.0, -2.0; 5
6.0, 2.0, -2.0; 4
8.0, 2.0, -2.0; 1
-9.0, 3.0, -2.0; 13
-8.0, 3.0, -2.0; 9
-7.0, 3.0, -2.0; 7
-6.0, 3.0, -2.0; 38
-5.0, 3.0, -2.0; 23
1.0, 3.0, -2.0; 2
2.0, 3.0, -2.0; 7
3.0, 3.0, -2.0; 19
4.0, 3.0, -2.0; 17
5.0, 3.0, -2.0; 7
6.0, 3.0, -2.0; 4
7.0, 3.0, -2.0; 1
-9.0, 4.0, -2.0; 8
-8.0, 4.0, -2.0; 41
-7.0, 4.0, -2.0; 4
-6.0, 4.0, -2.0; 9
-5.0, 4.0, -2.0; 31
-3.0, 4.0, -2.0; 2
0.0, 4.0, -2.0; 5
1.0, 4.0, -2.0; 28
2.0, 4.0, -2.0; 50
3.0, 4.0, -2.0; 9
4.0, 4.0, -2.0; 6
5.0, 4.0, -2.0; 7
6.0, 4.0, -2.0; 3
7.0, 4.0, -2.0; 5
-9.0, 5.0, -2.0; 3
-8.0, 5.0, -2.0; 32
-7.0, 5.0, -2.0; 24
-6.0, 5.0, -2.0; 7
-5.0, 5.0, -2.0; 4
-4.0, 5.0, -2.0; 5
-3.0, 5.0, -2.0; 8
-2.0, 5.0, -2.0; 27
-1.0, 5.0, -2.0; 29
0.0, 5.0, -2.0; 82
1.0, 5.0, -2.0; 109
2.0, 5.0, -2.0; 18
3.0, 5.0, -2.0; 4
4.0, 5.0, -2.0; 7
5.0, 5.0, -2.0; 7
6.0, 5.0, -2.0; 1
7.0, 5.0, -2.0; 3
-8.0, 6.0, -2.0; 10
-7.0, 6.0, -2.0; 47
-6.0, 6.0, -2.0; 41
-5.0, 6.0, -2.0; 29
-4.0, 6.0, -2.0; 49
-3.0, 6.0, -2.0; 129
-2.0, 6.0, -2.0; 158
-1.0, 6.0, -2.0; 217
0.0, 6.0, -2.0; 270
1.0, 6.0, -2.0; 94
2.0, 6.0, -2.0; 7
3.0, 6.0, -2.0; 25
4.0, 6.0, -2.0; 18
5.0, 6.0, -2.0; 4
6.0, 6.0, -2.0; 5
7.0, 6.0, -2.0; 1
-7.0, 7.0, -2.0; 6
-6.0, 7.0, -2.0; 45
-5.0, 7.0, -2.0; 45
-4.0, 7.0, -2.0; 43
-3.0, 7.0, -2.0; 29
-2.0, 7.0, -2.0; 11
-1.0, 7.0, -2.0; 11
0.0, 7.0, -2.0; 17
1.0, 7.0, -2.0; 33
2.0, 7.0, -2.0; 83
3.0, 7.0, -2.0; 60
4.0, 7.0, -2.0; 12
5.0, 7.0, -2.0; 6
6.0, 7.0, -2.0; 1
-6.0, 8.0, -2.0; 10
-5.0, 8.0, -2.0; 62
-4.0, 8.0, -2.0; 78
-3.0, 8.0, -2.0; 88
-2.0, 8.0, -2.0; 60
-1.0, 8.0, -2.0; 32
0.0, 8.0, -2.0; 52
1.0, 8.0, -2.0; 67
2.0, 8.0, -2.0; 53
3.0, 8.0, -2.0; 16
4.0, 8.0, -2.0; 4
5.0, 8.0, -2.0; 1
-4.0, 9.0, -2.0; 6
-3.0, 9.0, -2.0; 31
-2.0, 9.0, -2.0; 42
-1.0, 9.0, -2.0; 68
0.0, 9.0, -2.0; 69
1.0, 9.0, -2.0; 68
2.0, 9.0, -2.0; 15
3.0, 9.0, -2.0; 2
-5.0, -10.0, -1.0; 1
-4.0, -10.0, -1.0; 40
-3.0, -10.0, -1.0; 106
-2.0, -10.0, -1.0; 177
-1.0, -10.0, -1.0; 270
0.0, -10.0, -1.0; 248
1.0, -10.0, -1.0; 99
2.0, -10.0, -1.0; 34
3.0, -10.0, -1.0; 9
4.0, -10.0, -1.0; 2
-6.0, -9.0, -1.0; 25
-5.0, -9.0, -1.0; 31
-4.0, -9.0, -1.0; 15
-3.0, -9.0, -1.0; 8
-2.0, -9.0, -1.0; 23
-1.0, -9.0, -1.0; 33
0.0, -9.0, -1.0; 83
1.0, -9.0, -1.0; 70
2.0, -9.0, -1.0; 51
3.0, -9.0, -1.0; 30
4.0, -9.0, -1.0; 11
5.0, -9.0, -1.0; 3
-7.0, -8.0, -1.0; 14
-6.0, -8.0, -1.0; 16
-5.0, -8.0, -1.0; 6
-4.0, -8.0, -1.0; 2
-3.0, -8.0, -1.0; 3
-2.0, -8.0, -1.0; 16
-1.0, -8.0, -1.0; 63
0.0, -8.0, -1.0; 33
1.0, -8.0, -1.0; 28
2.0, -8.0, -1.0; 8
3.0, -8.0, -1.0; 14
4.0, -8.0, -1.0; 24
5.0, -8.0, -1.0; 8
6.0, -8.0, -1.0; 5
-8.0, -7.0, -1.0; 17
-7.0, -7.0, -1.0; 22
-6.0, -7.0, -1.0; 7
-5.0, -7.0, -1.0; 2
-4.0, -7.0, -1.0; 6
-3.0, -7.0, -1.0; 11
-2.0, -7.0, -1.0; 68
-1.0, -7.0, -1.0; 196
0.0, -7.0, -1.0; 194
1.0, -7.0, -1.0; 52
2.0, -7.0, -1.0; 6
3.0, -7.0, -1.0; 11
4.0, -7.0, -1.0; 22
5.0, -7.0, -1.0; 16
6.0, -7.0, -1.0; 4
7.0, -7.0, -1.0; 2
-8.0, -6.0, -1.0; 24
-7.0, -6.0, -1.0; 5
-6.0, -6.0, -1.0; 2
-5.0, -6.0, -1.0; 3
-3.0, -6.0, -1.0; 3
-2.0, -6.0, -1.0; 2
-1.0, -6.0, -1.0; 25
0.0, -6.0, -1.0; 59
1.0, -6.0, -1.0; 47
2.0, -6.0, -1.0; 31
3.0, -6.0, -1.0; 11
4.0, -6.0, -1.0; 17
5.0, -6.0, -1.0; 14
6.0, -6.0, -1.0; 7
7.0, -6.0, -1.0; 2
-9.0, -5.0, -1.0; 10
-8.0, -5.0, -1.0; 13
-7.0, -5.0, -1.0; 7
-6.0, -5.0, -1.0; 21
-5.0, -5.0, -1.0; 3
-4.0, -5.0, -1.0; 1
-2.0, -5.0, -1.0; 1
-1.0, -5.0, -1.0; 4
0.0, -5.0, -1.0; 9
1.0, -5.0, -1.0; 8
2.0, -5.0, -1.0; 28
3.0, -5.0, -1.0; 12
4.0, -5.0, -1.0; 15
5.0, -5.0, -1.0; 11
6.0, -5.0, -1.0; 5
7.0, -5.0, -1.0; 3
8.0, -5.0, -1.0; 1
-9.0, -4.0, -1.0; 9
-8.0, -4.0, -1.0; 17
-7.0, -4.0, -1.0; 53
-6.0, -4.0, -1.0; 9
-5.0, -4.0, -1.0; 2
3.0, -4.0, -1.0; 5
4.0, -4.0, -1.0; 3
5.0, -4.0, -1.0; 3
6.0, -4.0, -1.0; 5
7.0, -4.0, -1.0; 1
8.0, -4.0, -1.0; 1
-10.0, -3.0, -1.0; 1
-9.0, -3.0, -1.0; 24
-8.0, -3.0, -1.0; 6
-7.0, -3.0, -1.0; 21
-6.0, -3.0, -1.0; 17
-5.0, -3.0, -1.0; 6
4.0, -3.0, -1.0; 1
5.0, -3.0, -1.0; 1
7.0, -3.0, -1.0; 1
-10.0, -2.0, -1.0; 3
-9.0, -2.0, -1.0; 13
-8.0, -2.0, -1.0; 11
-7.0, -2.0, -1.0; 17
-6.0, -2.0, -1.0; 9
-5.0, -2.0, -1.0; 3
5.0, -2.0, -1.0; 1
6.0, -2.0, -1.0; 2
7.0, -2.0, -1.0; 1
-10.0, -1.0, -1.0; 4
-9.0, -1.0, -1.0; 10
-8.0, -1.0, -1.0; 5
-7.0, -1.0, -1.0; 9
-6.0, -1.0, -1.0; 7
-5.0, -1.0, -1.0; 6
7.0, -1.0, -1.0; 1
9.0, -1.0, -1.0; 1
-10.0, 0.0, -1.0; 1
-9.0, 0.0, -1.0; 9
-8.0, 0.0, -1.0; 4
-7.0, 0.0, -1.0; 11
-6.0, 0.0, -1.0; 48
-5.0, 0.0, -1.0; 18
6.0, 0.0, -1.0; 1
7.0, 0.0, -1.0; 1
9.0, 0.0, -1.0; 1
-10.0, 1.0, -1.0; 2
-9.0, 1.0, -1.0; 4
-8.0, 1.0, -1.0; 7
-7.0, 1.0, -1.0; 3
-6.0, 1.0, -1.0; 2691
-5.0, 1.0, -1.0; 636
-4.0, 1.0, -1.0; 2
4.0, 1.0, -1.0; 1
5.0, 1.0, -1.0; 1
7.0, 1.0, -1.0; 2
8.0, 1.0, -1.0; 1
-10.0, 2.0, -1.0; 2
-9.0, 2.0, -1.0; 12
-8.0, 2.0, -1.0; 14
-7.0, 2.0, -1.0; 11
-6.0, 2.0, -1.0; 190
-5.0, 2.0, -1.0; 248
3.0, 2.0, -1.0; 2
4.0, 2.0, -1.0; 15
5.0, 2.0, -1.0; 3
6.0, 2.0, -1.0; 2
7.0, 2.0, -1.0; 1
8.0, 2.0, -1.0; 1
-10.0, 3.0, -1.0; 1
-9.0, 3.0, -1.0; 12
-8.0, 3.0, -1.0; 15
-7.0, 3.0, -1.0; 14
-6.0, 3.0, -1.0; 41
-5.0, 3.0, -1.0; 31
-4.0, 3.0, -1.0; 1
-3.0, 3.0, -1.0; 1
2.0, 3.0, -1.0; 6
3.0, 3.0, -1.0; 37
4.0, 3.0, -1.0; 35
5.0, 3.0, -1.0; 3
6.0, 3.0, -1.0; 2
7.0, 3.0, -1.0; 1
8.0, 3.0, -1.0; 1
9.0, 3.0, -1.0; 1
-9.0, 4.0, -1.0; 10
-8.0, 4.0, -1.0; 56
-7.0, 4.0, -1.0; 16
-6.0, 4.0, -1.0; 30
-5.0, 4.0, -1.0; 115
-4.0, 4.0, -1.0; 39
0.0, 4.0, -1.0; 1
1.0, 4.0, -1.0; 13
2.0, 4.0, -1.0; 34
3.0, 4.0, -1.0; 15
4.0, 4.0, -1.0; 9
5.0, 4.0, -1.0; 7
6.0, 4.0, -1.0; 5
7.0, 4.0, -1.0; 3
-9.0, 5.0, -1.0; 3
-8.0, 5.0, -1.0; 37
-7.0, 5.0, -1.0; 57
-6.0, 5.0, -1.0; 15
-5.0, 5.0, -1.0; 31
-4.0, 5.0, -1.0; 215
-3.0, 5.0, -1.0; 167
-2.0, 5.0, -1.0; 30
-1.0, 5.0, -1.0; 19
0.0, 5.0, -1.0; 68
1.0, 5.0, -1.0; 116
2.0, 5.0, -1.0; 40
3.0, 5.0, -1.0; 10
4.0, 5.0, -1.0; 10
5.0, 5.0, -1.0; 6
6.0, 5.0, -1.0; 4
7.0, 5.0, -1.0; 9
-8.0, 6.0, -1.0; 11
-7.0, 6.0, -1.0; 188
-6.0, 6.0, -1.0; 662
-5.0, 6.0, -1.0; 341
-4.0, 6.0, -1.0; 137
-3.0, 6.0, -1.0; 180
-2.0, 6.0, -1.0; 244
-1.0, 6.0, -1.0; 439
0.0, 6.0, -1.0; 535
1.0, 6.0, -1.0; 136
2.0, 6.0, -1.0; 9
3.0, 6.0, -1.0; 31
4.0, 6.0, -1.0; 16
5.0, 6.0, -1.0; 3
6.0, 6.0, -1.0; 4
7.0, 6.0, -1.0; 1
-7.0, 7.0, -1.0; 25
-6.0, 7.0, -1.0; 109
-5.0, 7.0, -1.0; 181
-4.0, 7.0, -1.0; 123
-3.0, 7.0, -1.0; 38
-2.0, 7.0, -1.0; 19
-1.0, 7.0, -1.0; 68
0.0, 7.0, -1.0; 75
1.0, 7.0, -1.0; 23
2.0, 7.0, -1.0; 82
3.0, 7.0, -1.0; 80
4.0, 7.0, -1.0; 10
5.0, 7.0, -1.0; 9
6.0, 7.0, -1.0; 2
-6.0, 8.0, -1.0; 15
-5.0, 8.0, -1.0; 43
-4.0, 8.0, -1.0; 41
-3.0, 8.0, -1.0; 49
-2.0, 8.0, -1.0; 37
-1.0, 8.0, -1.0; 35
0.0, 8.0, -1.0; 56
1.0, 8.0, -1.0; 59
2.0, 8.0, -1.0; 47
3.0, 8.0, -1.0; 23
4.0, 8.0, -1.0; 3
-5.0, 9.0, -1.0; 2
-4.0, 9.0, -1.0; 17
-3.0, 9.0, -1.0; 51
-2.0, 9.0, -1.0; 88
-1.0, 9.0, -1.0; 82
0.0, 9.0, -1.0; 84
1.0, 9.0, -1.0; 66
2.0, 9.0, -1.0; 27
3.0, 9.0, -1.0; 8
-5.0, -10.0, 0.0; 3
-4.0, -10.0, 0.0; 44
-3.0, -10.0, 0.0; 90
-2.0, -10.0, 0.0; 148
-1.0, -10.0, 0.0; 184
0.0, -10.0, 0.0; 181
1.0, -10.0, 0.0; 75
2.0, -10.0, 0.0; 18
3.0, -10.0, 0.0; 8
4.0, -10.0, 0.0; 2
-6.0, -9.0, 0.0; 16
-5.0, -9.0, 0.0; 32
-4.0, -9.0, 0.0; 25
-3.0, -9.0, 0.0; 19
-2.0, -9.0, 0.0; 21
-1.0, -9.0, 0.0; 47
0.0, -9.0, 0.0; 54
1.0, -9.0, 0.0; 54
2.0, -9.0, 0.0; 50
3.0, -9.0, 0.0; 6
4.0, -9.0, 0.0; 9
5.0, -9.0, 0.0; 6
-7.0, -8.0, 0.0; 14
-6.0, -8.0, 0.0; 23
-5.0, -8.0, 0.0; 7
-4.0, -8.0, 0.0; 1
-3.0, -8.0, 0.0; 4
-2.0, -8.0, 0.0; 55
-1.0, -8.0, 0.0; 40
0.0, -8.0, 0.0; 43
1.0, -8.0, 0.0; 21
2.0, -8.0, 0.0; 32
3.0, -8.0, 0.0; 9
4.0, -8.0, 0.0; 10
5.0, -8.0, 0.0; 5
6.0, -8.0, 0.0; 2
-8.0, -7.0, 0.0; 6
-7.0, -7.0, 0.0; 10
-6.0, -7.0, 0.0; 8
-5.0, -7.0, 0.0; 5
-4.0, -7.0, 0.0; 88
-3.0, -7.0, 0.0; 310
-2.0, -7.0, 0.0; 667
-1.0, -7.0, 0.0; 570
0.0, -7.0, 0.0; 204
1.0, -7.0, 0.0; 27
2.0, -7.0, 0.0; 15
3.0, -7.0, 0.0; 23
4.0, -7.0, 0.0; 15
5.0, -7.0, 0.0; 4
6.0, -7.0, 0.0; 6
7.0, -7.0, 0.0; 1
-9.0, -6.0, 0.0; 3
-8.0, -6.0, 0.0; 15
-7.0, -6.0, 0.0; 8
-6.0, -6.0, 0.0; 22
-5.0, -6.0, 0.0; 88
-4.0, -6.0, 0.0; 19
-3.0, -6.0, 0.0; 9
-2.0, -6.0, 0.0; 26
-1.0, -6.0, 0.0; 57
0.0, -6.0, 0.0; 78
1.0, -6.0, 0.0; 40
2.0, -6.0, 0.0; 34
3.0, -6.0, 0.0; 33
4.0, -6.0, 0.0; 24
5.0, -6.0, 0.0; 6
7.0, -6.0, 0.0; 1
-9.0, -5.0, 0.0; 5
-8.0, -5.0, 0.0; 17
-7.0, -5.0, 0.0; 2
-6.0, -5.0, 0.0; 126
-5.0, -5.0, 0.0; 12
-4.0, -5.0, 0.0; 3
-3.0, -5.0, 0.0; 7
-2.0, -5.0, 0.0; 9
-1.0, -5.0, 0.0; 7
0.0, -5.0, 0.0; 5
1.0, -5.0, 0.0; 3
2.0, -5.0, 0.0; 19
3.0, -5.0, 0.0; 17
4.0, -5.0, 0.0; 14
5.0, -5.0, 0.0; 8
6.0, -5.0, 0.0; 6
7.0, -5.0, 0.0; 1
-10.0, -4.0, 0.0; 1
-9.0, -4.0, 0.0; 16
-8.0, -4.0, 0.0; 11
-7.0, -4.0, 0.0; 32
-6.0, -4.0, 0.0; 63
-5.0, -4.0, 0.0; 6
-4.0, -4.0, 0.0; 2
-3.0, -4.0, 0.0; 1
2.0, -4.0, 0.0; 1
3.0, -4.0, 0.0; 2
4.0, -4.0, 0.0; 1
5.0, -4.0, 0.0; 1
6.0, -4.0, 0.0; 2
-10.0, -3.0, 0.0; 4
-9.0, -3.0, 0.0; 15
-8.0, -3.0, 0.0; 15
-7.0, -3.0, 0.0; 18
-6.0, -3.0, 0.0; 5
-5.0, -3.0, 0.0; 4
3.0, -3.0, 0.0; 1
4.0, -3.0, 0.0; 2
5.0, -3.0, 0.0; 4
6.0, -3.0, 0.0; 1
7.0, -3.0, 0.0; 1
-10.0, -2.0, 0.0; 4
-9.0, -2.0, 0.0; 9
-8.0, -2.0, 0.0; 6
-7.0, -2.0, 0.0; 10
-6.0, -2.0, 0.0; 23
6.0, -2.0, 0.0; 1
7.0, -2.0, 0.0; 1
-10.0, -1.0, 0.0; 10
-9.0, -1.0, 0.0; 4
-8.0, -1.0, 0.0; 2
-7.0, -1.0, 0.0; 36
-6.0, -1.0, 0.0; 82
-5.0, -1.0, 0.0; 12
-10.0, 0.0, 0.0; 2
-9.0, 0.0, 0.0; 2
-8.0, 0.0, 0.0; 7
-7.0, 0.0, 0.0; 5
-6.0, 0.0, 0.0; 33
-5.0, 0.0, 0.0; 10
-4.0, 0.0, 0.0; 2
7.0
28.1889293139
