-10.0, 1.0, 0.0; 11
-9.0, 1.0, 0.0; 15
-8.0, 1.0, 0.0; 10
-7.0, 1.0, 0.0; 9
-6.0, 1.0, 0.0; 330
-5.0, 1.0, 0.0; 142
7.0, 1.0, 0.0; 1
-10.0, 2.0, 0.0; 7
-9.0, 2.0, 0.0; 11
-8.0, 2.0, 0.0; 16
-7.0, 2.0, 0.0; 2
-6.0, 2.0, 0.0; 122
-5.0, 2.0, 0.0; 336
4.0, 2.0, 0.0; 1
5.0, 2.0, 0.0; 1
6.0, 2.0, 0.0; 2
-10.0, 3.0, 0.0; 6
-9.0, 3.0, 0.0; 26
-8.0, 3.0, 0.0; 20
-7.0, 3.0, 0.0; 13
-6.0, 3.0, 0.0; 26
-5.0, 3.0, 0.0; 68
-4.0, 3.0, 0.0; 5
-3.0, 3.0, 0.0; 4
3.0, 3.0, 0.0; 3
4.0, 3.0, 0.0; 2
7.0, 3.0, 0.0; 2
-9.0, 4.0, 0.0; 20
-8.0, 4.0, 0.0; 34
-7.0, 4.0, 0.0; 12
-6.0, 4.0, 0.0; 37
-5.0, 4.0, 0.0; 64
-4.0, 4.0, 0.0; 15
-2.0, 4.0, 0.0; 3
0.0, 4.0, 0.0; 1
1.0, 4.0, 0.0; 1
2.0, 4.0, 0.0; 6
3.0, 4.0, 0.0; 4
4.0, 4.0, 0.0; 4
5.0, 4.0, 0.0; 2
6.0, 4.0, 0.0; 3
7.0, 4.0, 0.0; 1
8.0, 4.0, 0.0; 1
-9.0, 5.0, 0.0; 11
-8.0, 5.0, 0.0; 49
-7.0, 5.0, 0.0; 47
-6.0, 5.0, 0.0; 5
-5.0, 5.0, 0.0; 25
-4.0, 5.0, 0.0; 56
-3.0, 5.0, 0.0; 62
-2.0, 5.0, 0.0; 19
-1.0, 5.0, 0.0; 9
0.0, 5.0, 0.0; 27
1.0, 5.0, 0.0; 39
2.0, 5.0, 0.0; 2
3.0, 5.0, 0.0; 5
4.0, 5.0, 0.0; 2
5.0, 5.0, 0.0; 4
6.0, 5.0, 0.0; 1
7.0, 5.0, 0.0; 4
-8.0, 6.0, 0.0; 25
-7.0, 6.0, 0.0; 355
-6.0, 6.0, 0.0; 1957
-5.0, 6.0, 0.0; 177
-4.0, 6.0, 0.0; 49
-3.0, 6.0, 0.0; 74
-2.0, 6.0, 0.0; 112
-1.0, 6.0, 0.0; 123
0.0, 6.0, 0.0; 83
1.0, 6.0, 0.0; 11
2.0, 6.0, 0.0; 2
3.0, 6.0, 0.0; 11
4.0, 6.0, 0.0; 5
5.0, 6.0, 0.0; 1
6.0, 6.0, 0.0; 2
-7.0, 7.0, 0.0; 15
-6.0, 7.0, 0.0; 130
-5.0, 7.0, 0.0; 142
-4.0, 7.0, 0.0; 26
-3.0, 7.0, 0.0; 13
-2.0, 7.0, 0.0; 24
-1.0, 7.0, 0.0; 58
0.0, 7.0, 0.0; 20
1.0, 7.0, 0.0; 5
2.0, 7.0, 0.0; 10
3.0, 7.0, 0.0; 5
6.0, 7.0, 0.0; 1
-6.0, 8.0, 0.0; 9
-5.0, 8.0, 0.0; 11
-4.0, 8.0, 0.0; 17
-3.0, 8.0, 0.0; 12
-2.0, 8.0, 0.0; 9
-1.0, 8.0, 0.0; 7
0.0, 8.0, 0.0; 7
1.0, 8.0, 0.0; 11
2.0, 8.0, 0.0; 8
3.0, 8.0, 0.0; 4
4.0, 8.0, 0.0; 1
-5.0, 9.0, 0.0; 2
-4.0, 9.0, 0.0; 9
-3.0, 9.0, 0.0; 40
-2.0, 9.0, 0.0; 69
-1.0, 9.0, 0.0; 60
0.0, 9.0, 0.0; 44
1.0, 9.0, 0.0; 26
2.0, 9.0, 0.0; 8
-5.0, -10.0, 1.0; 1
-4.0, -10.0, 1.0; 13
-3.0, -10.0, 1.0; 28
-2.0, -10.0, 1.0; 27
-1.0, -10.0, 1.0; 17
0.0, -10.0, 1.0; 12
1.0, -10.0, 1.0; 5
-6.0, -9.0, 1.0; 5
-5.0, -9.0, 1.0; 31
-4.0, -9.0, 1.0; 49
-3.0, -9.0, 1.0; 35
-2.0, -9.0, 1.0; 30
-1.0, -9.0, 1.0; 32
0.0, -9.0, 1.0; 14
1.0, -9.0, 1.0; 8
2.0, -9.0, 1.0; 4
3.0, -9.0, 1.0; 2
4.0, -9.0, 1.0; 2
5.0, -9.0, 1.0; 1
-7.0, -8.0, 1.0; 15
-6.0, -8.0, 1.0; 53
-5.0, -8.0, 1.0; 42
-4.0, -8.0, 1.0; 10
-3.0, -8.0, 1.0; 11
-2.0, -8.0, 1.0; 7
-1.0, -8.0, 1.0; 14
0.0, -8.0, 1.0; 14
1.0, -8.0, 1.0; 10
2.0, -8.0, 1.0; 12
3.0, -8.0, 1.0; 3
-8.0, -7.0, 1.0; 16
-7.0, -7.0, 1.0; 44
-6.0, -7.0, 1.0; 41
-5.0, -7.0, 1.0; 10
-4.0, -7.0, 1.0; 54
-3.0, -7.0, 1.0; 173
-2.0, -7.0, 1.0; 220
-1.0, -7.0, 1.0; 136
0.0, -7.0, 1.0; 33
1.0, -7.0, 1.0; 36
2.0, -7.0, 1.0; 32
3.0, -7.0, 1.0; 10
5.0, -7.0, 1.0; 1
6.0, -7.0, 1.0; 4
-8.0, -6.0, 1.0; 30
-7.0, -6.0, 1.0; 62
-6.0, -6.0, 1.0; 18
-5.0, -6.0, 1.0; 148
-4.0, -6.0, 1.0; 207
-3.0, -6.0, 1.0; 130
-2.0, -6.0, 1.0; 104
-1.0, -6.0, 1.0; 84
0.0, -6.0, 1.0; 39
1.0, -6.0, 1.0; 115
2.0, -6.0, 1.0; 104
3.0, -6.0, 1.0; 22
4.0, -6.0, 1.0; 2
5.0, -6.0, 1.0; 1
8.0, -6.0, 1.0; 1
-9.0, -5.0, 1.0; 7
-8.0, -5.0, 1.0; 54
-7.0, -5.0, 1.0; 36
-6.0, -5.0, 1.0; 127
-5.0, -5.0, 1.0; 227
-4.0, -5.0, 1.0; 18
-3.0, -5.0, 1.0; 20
-2.0, -5.0, 1.0; 18
-1.0, -5.0, 1.0; 5
0.0, -5.0, 1.0; 1
1.0, -5.0, 1.0; 10
2.0, -5.0, 1.0; 23
3.0, -5.0, 1.0; 9
4.0, -5.0, 1.0; 2
5.0, -5.0, 1.0; 1
7.0, -5.0, 1.0; 2
-10.0, -4.0, 1.0; 2
-9.0, -4.0, 1.0; 17
-8.0, -4.0, 1.0; 45
-7.0, -4.0, 1.0; 12
-6.0, -4.0, 1.0; 259
-5.0, -4.0, 1.0; 49
-4.0, -4.0, 1.0; 2
-3.0, -4.0, 1.0; 2
0.0, -4.0, 1.0; 1
1.0, -4.0, 1.0; 1
2.0, -4.0, 1.0; 4
8.0, -4.0, 1.0; 1
-10.0, -3.0, 1.0; 4
-9.0, -3.0, 1.0; 21
-8.0, -3.0, 1.0; 53
-7.0, -3.0, 1.0; 29
-6.0, -3.0, 1.0; 22
-5.0, -3.0, 1.0; 6
-4.0, -3.0, 1.0; 2
4.0, -3.0, 1.0; 2
-10.0, -2.0, 1.0; 7
-9.0, -2.0, 1.0; 15
-8.0, -2.0, 1.0; 19
-7.0, -2.0, 1.0; 17
-6.0, -2.0, 1.0; 31
-5.0, -2.0, 1.0; 16
-4.0, -2.0, 1.0; 1
9.0, -2.0, 1.0; 1
-10.0, -1.0, 1.0; 6
-9.0, -1.0, 1.0; 3
-8.0, -1.0, 1.0; 13
-7.0, -1.0, 1.0; 25
-6.0, -1.0, 1.0; 25
-5.0, -1.0, 1.0; 6
4.0, -1.0, 1.0; 1
-10.0, 0.0, 1.0; 7
-9.0, 0.0, 1.0; 8
-8.0, 0.0, 1.0; 12
-7.0, 0.0, 1.0; 19
-6.0, 0.0, 1.0; 49
-5.0, 0.0, 1.0; 18
4.0, 0.0, 1.0; 1
5.0, 0.0, 1.0; 2
9.0, 0.0, 1.0; 1
-10.0, 1.0, 1.0; 8
-9.0, 1.0, 1.0; 5
-8.0, 1.0, 1.0; 5
-7.0, 1.0, 1.0; 5
-6.0, 1.0, 1.0; 27
-5.0, 1.0, 1.0; 43
-4.0, 1.0, 1.0; 1
6.0, 1.0, 1.0; 1
8.0, 1.0, 1.0; 1
-10.0, 2.0, 1.0; 4
-9.0, 2.0, 1.0; 6
-8.0, 2.0, 1.0; 12
-7.0, 2.0, 1.0; 7
-6.0, 2.0, 1.0; 12
-5.0, 2.0, 1.0; 144
-4.0, 2.0, 1.0; 10
4.0, 2.0, 1.0; 2
7.0, 2.0, 1.0; 1
8.0, 2.0, 1.0; 2
-10.0, 3.0, 1.0; 1
-9.0, 3.0, 1.0; 11
-8.0, 3.0, 1.0; 21
-7.0, 3.0, 1.0; 15
-6.0, 3.0, 1.0; 14
-5.0, 3.0, 1.0; 50
-4.0, 3.0, 1.0; 29
1.0, 3.0, 1.0; 1
2.0, 3.0, 1.0; 3
3.0, 3.0, 1.0; 2
4.0, 3.0, 1.0; 3
-9.0, 4.0, 1.0; 12
-8.0, 4.0, 1.0; 24
-7.0, 4.0, 1.0; 19
-6.0, 4.0, 1.0; 36
-5.0, 4.0, 1.0; 40
-4.0, 4.0, 1.0; 21
-3.0, 4.0, 1.0; 24
-2.0, 4.0, 1.0; 4
-1.0, 4.0, 1.0; 3
0.0, 4.0, 1.0; 5
1.0, 4.0, 1.0; 11
2.0, 4.0, 1.0; 1
3.0, 4.0, 1.0; 3
4.0, 4.0, 1.0; 3
6.0, 4.0, 1.0; 2
-9.0, 5.0, 1.0; 15
-8.0, 5.0, 1.0; 45
-7.0, 5.0, 1.0; 25
-6.0, 5.0, 1.0; 10
-5.0, 5.0, 1.0; 41
-4.0, 5.0, 1.0; 174
-3.0, 5.0, 1.0; 2173
-2.0, 5.0, 1.0; 946
-1.0, 5.0, 1.0; 28
0.0, 5.0, 1.0; 31
1.0, 5.0, 1.0; 19
2.0, 5.0, 1.0; 1
3.0, 5.0, 1.0; 5
4.0, 5.0, 1.0; 1
7.0, 5.0, 1.0; 1
-8.0, 6.0, 1.0; 35
-7.0, 6.0, 1.0; 94
-6.0, 6.0, 1.0; 173
-5.0, 6.0, 1.0; 58
-4.0, 6.0, 1.0; 65
-3.0, 6.0, 1.0; 124
-2.0, 6.0, 1.0; 69
-1.0, 6.0, 1.0; 27
0.0, 6.0, 1.0; 24
1.0, 6.0, 1.0; 4
2.0, 6.0, 1.0; 6
3.0, 6.0, 1.0; 6
4.0, 6.0, 1.0; 2
6.0, 6.0, 1.0; 2
-7.0, 7.0, 1.0; 6
-6.0, 7.0, 1.0; 32
-5.0, 7.0, 1.0; 23
-4.0, 7.0, 1.0; 8
-3.0, 7.0, 1.0; 7
-2.0, 7.0, 1.0; 3
-1.0, 7.0, 1.0; 4
0.0, 7.0, 1.0; 6
1.0, 7.0, 1.0; 4
2.0, 7.0, 1.0; 13
3.0, 7.0, 1.0; 5
4.0, 7.0, 1.0; 1
-6.0, 8.0, 1.0; 5
-5.0, 8.0, 1.0; 20
-4.0, 8.0, 1.0; 18
-3.0, 8.0, 1.0; 19
-2.0, 8.0, 1.0; 8
-1.0, 8.0, 1.0; 5
0.0, 8.0, 1.0; 9
1.0, 8.0, 1.0; 12
2.0, 8.0, 1.0; 6
-4.0, 9.0, 1.0; 16
-3.0, 9.0, 1.0; 47
-2.0, 9.0, 1.0; 58
-1.0, 9.0, 1.0; 75
0.0, 9.0, 1.0; 44
1.0, 9.0, 1.0; 15
2.0, 9.0, 1.0; 1
-4.0, -10.0, 2.0; 1
-3.0, -10.0, 2.0; 13
-2.0, -10.0, 2.0; 13
-1.0, -10.0, 2.0; 6
0.0, -10.0, 2.0; 1
2.0, -10.0, 2.0; 1
-6.0, -9.0, 2.0; 2
-5.0, -9.0, 2.0; 15
-4.0, -9.0, 2.0; 39
-3.0, -9.0, 2.0; 32
-2.0, -9.0, 2.0; 15
-1.0, -9.0, 2.0; 33
0.0, -9.0, 2.0; 18
1.0, -9.0, 2.0; 7
2.0, -9.0, 2.0; 2
3.0, -9.0, 2.0; 4
4.0, -9.0, 2.0; 2
-7.0, -8.0, 2.0; 10
-6.0, -8.0, 2.0; 32
-5.0, -8.0, 2.0; 58
-4.0, -8.0, 2.0; 28
-3.0, -8.0, 2.0; 15
-2.0, -8.0, 2.0; 17
-1.0, -8.0, 2.0; 10
0.0, -8.0, 2.0; 8
1.0, -8.0, 2.0; 8
2.0, -8.0, 2.0; 15
3.0, -8.0, 2.0; 1
4.0, -8.0, 2.0; 1
5.0, -8.0, 2.0; 1
-8.0, -7.0, 2.0; 2
-7.0, -7.0, 2.0; 21
-6.0, -7.0, 2.0; 49
-5.0, -7.0, 2.0; 21
-4.0, -7.0, 2.0; 8
-3.0, -7.0, 2.0; 8
-2.0, -7.0, 2.0; 12
-1.0, -7.0, 2.0; 15
0.0, -7.0, 2.0; 10
1.0, -7.0, 2.0; 4
2.0, -7.0, 2.0; 5
3.0, -7.0, 2.0; 2
4.0, -7.0, 2.0; 1
5.0, -7.0, 2.0; 1
-8.0, -6.0, 2.0; 14
-7.0, -6.0, 2.0; 47
-6.0, -6.0, 2.0; 30
-5.0, -6.0, 2.0; 9
-4.0, -6.0, 2.0; 95
-3.0, -6.0, 2.0; 191
-2.0, -6.0, 2.0; 101
-1.0, -6.0, 2.0; 26
0.0, -6.0, 2.0; 23
1.0, -6.0, 2.0; 31
2.0, -6.0, 2.0; 12
3.0, -6.0, 2.0; 3
4.0, -6.0, 2.0; 2
5.0, -6.0, 2.0; 4
-9.0, -5.0, 2.0; 3
-8.0, -5.0, 2.0; 21
-7.0, -5.0, 2.0; 44
-6.0, -5.0, 2.0; 9
-5.0, -5.0, 2.0; 149
-4.0, -5.0, 2.0; 196
-3.0, -5.0, 2.0; 53
-2.0, -5.0, 2.0; 7
-1.0, -5.0, 2.0; 5
0.0, -5.0, 2.0; 12
1.0, -5.0, 2.0; 22
2.0, -5.0, 2.0; 16
3.0, -5.0, 2.0; 2
5.0, -5.0, 2.0; 3
-9.0, -4.0, 2.0; 10
-8.0, -4.0, 2.0; 40
-7.0, -4.0, 2.0; 33
-6.0, -4.0, 2.0; 18
-5.0, -4.0, 2.0; 108
-4.0, -4.0, 2.0; 26
-3.0, -4.0, 2.0; 3
0.0, -4.0, 2.0; 3
1.0, -4.0, 2.0; 2
2.0, -4.0, 2.0; 15
3.0, -4.0, 2.0; 3
4.0, -4.0, 2.0; 1
6.0, -4.0, 2.0; 1
-10.0, -3.0, 2.0; 1
-9.0, -3.0, 2.0; 11
-8.0, -3.0, 2.0; 37
-7.0, -3.0, 2.0; 47
-6.0, -3.0, 2.0; 37
-5.0, -3.0, 2.0; 14
-4.0, -3.0, 2.0; 35
-3.0, -3.0, 2.0; 2
1.0, -3.0, 2.0; 1
2.0, -3.0, 2.0; 2
3.0, -3.0, 2.0; 1
4.0, -3.0, 2.0; 2
5.0, -3.0, 2.0; 1
6.0, -3.0, 2.0; 1
7.0, -3.0, 2.0; 1
8.0, -3.0, 2.0; 1
-10.0, -2.0, 2.0; 7
-9.0, -2.0, 2.0; 7
-8.0, -2.0, 2.0; 16
-7.0, -2.0, 2.0; 30
-6.0, -2.0, 2.0; 30
-5.0, -2.0, 2.0; 23
-4.0, -2.0, 2.0; 30
2.0, -2.0, 2.0; 1
3.0, -2.0, 2.0; 2
4.0, -2.0, 2.0; 1
6.0, -2.0, 2.0; 1
-10.0, -1.0, 2.0; 9
-9.0, -1.0, 2.0; 9
-8.0, -1.0, 2.0; 6
-7.0, -1.0, 2.0; 21
-6.0, -1.0, 2.0; 24
-5.0, -1.0, 2.0; 6
-4.0, -1.0, 2.0; 12
-3.0, -1.0, 2.0; 1
3.0, -1.0, 2.0; 1
4.0, -1.0, 2.0; 1
-10.0, 0.0, 2.0; 12
-9.0, 0.0, 2.0; 9
-8.0, 0.0, 2.0; 7
-7.0, 0.0, 2.0; 11
-6.0, 0.0, 2.0; 72
-5.0, 0.0, 2.0; 28
-4.0, 0.0, 2.0; 1
-10.0, 1.0, 2.0; 5
-9.0, 1.0, 2.0; 7
-8.0, 1.0, 2.0; 11
-7.0, 1.0, 2.0; 13
-6.0, 1.0, 2.0; 26
-5.0, 1.0, 2.0; 552
-4.0, 1.0, 2.0; 385
-3.0, 1.0, 2.0; 1
3.0, 1.0, 2.0; 3
-10.0, 2.0, 2.0; 6
-9.0, 2.0, 2.0; 19
-8.0, 2.0, 2.0; 10
-7.0, 2.0, 2.0; 5
-6.0, 2.0, 2.0; 5
-5.0, 2.0, 2.0; 1061
-4.0, 2.0, 2.0; 2894
-3.0, 2.0, 2.0; 32
3.0, 2.0, 2.0; 1
7.0, 2.0, 2.0; 1
9.0, 2.0, 2.0; 1
-9.0, 3.0, 2.0; 12
-8.0, 3.0, 2.0; 34
-7.0, 3.0, 2.0; 19
-6.0, 3.0, 2.0; 13
-5.0, 3.0, 2.0; 29
-4.0, 3.0, 2.0; 162
-3.0, 3.0, 2.0; 56
-2.0, 3.0, 2.0; 4
-1.0, 3.0, 2.0; 3
0.0, 3.0, 2.0; 4
1.0, 3.0, 2.0; 6
2.0, 3.0, 2.0; 3
5.0, 3.0, 2.0; 1
8.0, 3.0, 2.0; 1
-9.0, 4.0, 2.0; 9
-8.0, 4.0, 2.0; 22
-7.0, 4.0, 2.0; 11
-6.0, 4.0, 2.0; 11
-5.0, 4.0, 2.0; 12
-4.0, 4.0, 2.0; 36
-3.0, 4.0, 2.0; 70
-2.0, 4.0, 2.0; 72
-1.0, 4.0, 2.0; 34
0.0, 4.0, 2.0; 16
1.0, 4.0, 2.0; 17
2.0, 4.0, 2.0; 4
3.0, 4.0, 2.0; 3
6.0, 4.0, 2.0; 1
7.0, 4.0, 2.0; 1
-9.0, 5.0, 2.0; 6
-8.0, 5.0, 2.0; 26
-7.0, 5.0, 2.0; 23
-6.0, 5.0, 2.0; 15
-5.0, 5.0, 2.0; 7
-4.0, 5.0, 2.0; 34
-3.0, 5.0, 2.0; 183
-2.0, 5.0, 2.0; 192
-1.0, 5.0, 2.0; 30
0.0, 5.0, 2.0; 9
1.0, 5.0, 2.0; 1
2.0, 5.0, 2.0; 4
3.0, 5.0, 2.0; 2
4.0, 5.0, 2.0; 5
6.0, 5.0, 2.0; 3
7.0, 5.0, 2.0; 3
-8.0, 6.0, 2.0; 9
-7.0, 6.0, 2.0; 27
-6.0, 6.0, 2.0; 20
-5.0, 6.0, 2.0; 17
-4.0, 6.0, 2.0; 5
-3.0, 6.0, 2.0; 7
-2.0, 6.0, 2.0; 1
-1.0, 6.0, 2.0; 3
0.0, 6.0, 2.0; 4
1.0, 6.0, 2.0; 2
2.0, 6.0, 2.0; 3
3.0, 6.0, 2.0; 2
4.0, 6.0, 2.0; 3
5.0, 6.0, 2.0; 1
6.0, 6.0, 2.0; 1
-7.0, 7.0, 2.0; 3
-6.0, 7.0, 2.0; 17
-5.0, 7.0, 2.0; 20
-4.0, 7.0, 2.0; 4
-3.0, 7.0, 2.0; 8
-2.0, 7.0, 2.0; 5
-1.0, 7.0, 2.0; 3
0.0, 7.0, 2.0; 5
1.0, 7.0, 2.0; 8
2.0, 7.0, 2.0; 1
3.0, 7.0, 2.0; 1
4.0, 7.0, 2.0; 2
-6.0, 8.0, 2.0; 1
-5.0, 8.0, 2.0; 14
-4.0, 8.0, 2.0; 24
-3.0, 8.0, 2.0; 21
-2.0, 8.0, 2.0; 31
-1.0, 8.0, 2.0; 17
0.0, 8.0, 2.0; 20
1.0, 8.0, 2.0; 7
2.0, 8.0, 2.0; 5
-4.0, 9.0, 2.0; 3
-3.0, 9.0, 2.0; 31
-2.0, 9.0, 2.0; 54
-1.0, 9.0, 2.0; 36
0.0, 9.0, 2.0; 13
1.0, 9.0, 2.0; 4
-2.0, -10.0, 3.0; 1
-5.0, -9.0, 3.0; 3
-4.0, -9.0, 3.0; 13
-3.0, -9.0, 3.0; 19
-2.0, -9.0, 3.0; 10
-1.0, -9.0, 3.0; 9
0.0, -9.0, 3.0; 1
1.0, -9.0, 3.0; 5
2.0, -9.0, 3.0; 1
3.0, -9.0, 3.0; 1
-6.0, -8.0, 3.0; 8
-5.0, -8.0, 3.0; 26
-4.0, -8.0, 3.0; 42
-3.0, -8.0, 3.0; 37
-2.0, -8.0, 3.0; 19
-1.0, -8.0, 3.0; 18
0.0, -8.0, 3.0; 11
1.0, -8.0, 3.0; 4
2.0, -8.0, 3.0; 4
3.0, -8.0, 3.0; 1
4.0, -8.0, 3.0; 2
-7.0, -7.0, 3.0; 11
-6.0, -7.0, 3.0; 22
-5.0, -7.0, 3.0; 44
-4.0, -7.0, 3.0; 26
-3.0, -7.0, 3.0; 14
-2.0, -7.0, 3.0; 19
-1.0, -7.0, 3.0; 12
0.0, -7.0, 3.0; 7
1.0, -7.0, 3.0; 7
2.0, -7.0, 3.0; 4
3.0, -7.0, 3.0; 4
4.0, -7.0, 3.0; 2
5.0, -7.0, 3.0; 3
-8.0, -6.0, 3.0; 7
-7.0, -6.0, 3.0; 13
-6.0, -6.0, 3.0; 35
-5.0, -6.0, 3.0; 24
-4.0, -6.0, 3.0; 8
-3.0, -6.0, 3.0; 2
-2.0, -6.0, 3.0; 7
-1.0, -6.0, 3.0; 14
0.0, -6.0, 3.0; 11
1.0, -6.0, 3.0; 5
2.0, -6.0, 3.0; 2
4.0, -6.0, 3.0; 1
5.0, -6.0, 3.0; 2
6.0, -6.0, 3.0; 1
-8.0, -5.0, 3.0; 6
-7.0, -5.0, 3.0; 23
-6.0, -5.0, 3.0; 27
-5.0, -5.0, 3.0; 7
-4.0, -5.0, 3.0; 5
-3.0, -5.0, 3.0; 10
-2.0, -5.0, 3.0; 17
-1.0, -5.0, 3.0; 18
0.0, -5.0, 3.0; 31
1.0, -5.0, 3.0; 13
2.0, -5.0, 3.0; 1
3.0, -5.0, 3.0; 4
4.0, -5.0, 3.0; 1
5.0, -5.0, 3.0; 2
-8.0, -4.0, 3.0; 12
-7.0, -4.0, 3.0; 32
-6.0, -4.0, 3.0; 22
-5.0, -4.0, 3.0; 5
-4.0, -4.0, 3.0; 7
-3.0, -4.0, 3.0; 21
-2.0, -4.0, 3.0; 29
-1.0, -4.0, 3.0; 9
0.0, -4.0, 3.0; 9
1.0, -4.0, 3.0; 5
2.0, -4.0, 3.0; 1
5.0, -4.0, 3.0; 1
-10.0, -3.0, 3.0; 1
-9.0, -3.0, 3.0; 5
-8.0, -3.0, 3.0; 15
-7.0, -3.0, 3.0; 28
-6.0, -3.0, 3.0; 61
-5.0, -3.0, 3.0; 31
-4.0, -3.0, 3.0; 18
-3.0, -3.0, 3.0; 50
-2.0, -3.0, 3.0; 20
-1.0, -3.0, 3.0; 3
0.0, -3.0, 3.0; 5
1.0, -3.0, 3.0; 1
2.0, -3.0, 3.0; 1
6.0, -3.0, 3.0; 1
-10.0, -2.0, 3.0; 5
-9.0, -2.0, 3.0; 9
-8.0, -2.0, 3.0; 12
-7.0, -2.0, 3.0; 24
-6.0, -2.0, 3.0; 111
-5.0, -2.0, 3.0; 128
-4.0, -2.0, 3.0; 45
-3.0, -2.0, 3.0; 17
-2.0, -2.0, 3.0; 5
-1.0, -2.0, 3.0; 1
0.0, -2.0, 3.0; 2
1.0, -2.0, 3.0; 1
2.0, -2.0, 3.0; 1
-10.0, -1.0, 3.0; 2
-9.0, -1.0, 3.0; 11
-8.0, -1.0, 3.0; 7
-7.0, -1.0, 3.0; 9
-6.0, -1.0, 3.0; 17
-5.0, -1.0, 3.0; 21
-4.0, -1.0, 3.0; 13
-3.0, -1.0, 3.0; 6
-2.0, -1.0, 3.0; 1
2.0, -1.0, 3.0; 3
3.0, -1.0, 3.0; 1
7.0, -1.0, 3.0; 1
-10.0, 0.0, 3.0; 2
-9.0, 0.0, 3.0; 12
-8.0, 0.0, 3.0; 8
-7.0, 0.0, 3.0; 6
-6.0, 0.0, 3.0; 13
-5.0, 0.0, 3.0; 21
-4.0, 0.0, 3.0; 15
-3.0, 0.0, 3.0; 7
-2.0, 0.0, 3.0; 1
4.0, 0.0, 3.0; 1
6.0, 0.0, 3.0; 1
7.0, 0.0, 3.0; 1
-10.0, 1.0, 3.0; 7
-9.0, 1.0, 3.0; 8
-8.0, 1.0, 3.0; 10
-7.0, 1.0, 3.0; 11
-6.0, 1.0, 3.0; 8
-5.0, 1.0, 3.0; 46
-4.0, 1.0, 3.0; 189
-3.0, 1.0, 3.0; 50
-2.0, 1.0, 3.0; 4
-1.0, 1.0, 3.0; 1
0.0, 1.0, 3.0; 2
2.0, 1.0, 3.0; 1
3.0, 1.0, 3.0; 2
6.0, 1.0, 3.0; 1
-9.0, 2.0, 3.0; 8
-8.0, 2.0, 3.0; 13
-7.0, 2.0, 3.0; 14
-6.0, 2.0, 3.0; 9
-5.0, 2.0, 3.0; 15
-4.0, 2.0, 3.0; 368
-3.0, 2.0, 3.0; 179
-2.0, 2.0, 3.0; 22
-1.0, 2.0, 3.0; 2
0.0, 2.0, 3.0; 7
1.0, 2.0, 3.0; 7
2.0, 2.0, 3.0; 9
5.0, 2.0, 3.0; 1
-9.0, 3.0, 3.0; 7
-8.0, 3.0, 3.0; 15
-7.0, 3.0, 3.0; 16
-6.0, 3.0, 3.0; 9
-5.0, 3.0, 3.0; 5
-4.0, 3.0, 3.0; 25
-3.0, 3.0, 3.0; 69
-2.0, 3.0, 3.0; 27
-1.0, 3.0, 3.0; 6
0.0, 3.0, 3.0; 13
1.0, 3.0, 3.0; 9
2.0, 3.0, 3.0; 4
6.0, 3.0, 3.0; 2
7.0, 3.0, 3.0; 1
-9.0, 4.0, 3.0; 1
-8.0, 4.0, 3.0; 13
-7.0, 4.0, 3.0; 22
-6.0, 4.0, 3.0; 18
-5.0, 4.0, 3.0; 9
-4.0, 4.0, 3.0; 5
-3.0, 4.0, 3.0; 10
-2.0, 4.0, 3.0; 12
-1.0, 4.0, 3.0; 8
0.0, 4.0, 3.0; 3
1.0, 4.0, 3.0; 4
2.0, 4.0, 3.0; 1
3.0, 4.0, 3.0; 1
7.0, 4.0, 3.0; 1
-8.0, 5.0, 3.0; 47
-7.0, 5.0, 3.0; 16
-6.0, 5.0, 3.0; 13
-5.0, 5.0, 3.0; 6
-4.0, 5.0, 3.0; 6
-3.0, 5.0, 3.0; 1
-2.0, 5.0, 3.0; 4
-1.0, 5.0, 3.0; 3
0.0, 5.0, 3.0; 4
2.0, 5.0, 3.0; 2
3.0, 5.0, 3.0; 2
5.0, 5.0, 3.0; 1
-8.0, 6.0, 3.0; 7
-7.0, 6.0, 3.0; 15
-6.0, 6.0, 3.0; 11
-5.0, 6.0, 3.0; 10
-4.0, 6.0, 3.0; 10
-3.0, 6.0, 3.0; 4
-2.0, 6.0, 3.0; 4
-1.0, 6.0, 3.0; 4
0.0, 6.0, 3.0; 4
1.0, 6.0, 3.0; 7
3.0, 6.0, 3.0; 3
6.0, 6.0, 3.0; 1
-6.0, 7.0, 3.0; 14
-5.0, 7.0, 3.0; 17
-4.0, 7.0, 3.0; 14
-3.0, 7.0, 3.0; 7
-2.0, 7.0, 3.0; 12
-1.0, 7.0, 3.0; 7
0.0, 7.0, 3.0; 2
1.0, 7.0, 3.0; 4
2.0, 7.0, 3.0; 4
3.0, 7.0, 3.0; 2
4.0, 7.0, 3.0; 1
5.0, 7.0, 3.0; 1
-5.0, 8.0, 3.0; 2
-4.0, 8.0, 3.0; 22
-3.0, 8.0, 3.0; 29
-2.0, 8.0, 3.0; 27
-1.0, 8.0, 3.0; 11
0.0, 8.0, 3.0; 21
1.0, 8.0, 3.0; 7
2.0, 8.0, 3.0; 1
-3.0, 9.0, 3.0; 4
-2.0, 9.0, 3.0; 7
-1.0, 9.0, 3.0; 9
0.0, 9.0, 3.0; 4
-4.0, -9.0, 4.0; 3
-3.0, -9.0, 4.0; 7
-2.0, -9.0, 4.0; 5
0.0, -9.0, 4.0; 1
2.0, -9.0, 4.0; 1
-6.0, -8.0, 4.0; 2
-5.0, -8.0, 4.0; 11
-4.0, -8.0, 4.0; 17
-3.0, -8.0, 4.0; 15
-2.0, -8.0, 4.0; 15
-1.0, -8.0, 4.0; 4
0.0, -8.0, 4.0; 1
1.0, -8.0, 4.0; 2
2.0, -8.0, 4.0; 1
3.0, -8.0, 4.0; 2
4.0, -8.0, 4.0; 3
-7.0, -7.0, 4.0; 5
-6.0, -7.0, 4.0; 15
-5.0, -7.0, 4.0; 31
-4.0, -7.0, 4.0; 29
-3.0, -7.0, 4.0; 30
-2.0, -7.0, 4.0; 20
-1.0, -7.0, 4.0; 9
0.0, -7.0, 4.0; 4
1.0, -7.0, 4.0; 2
2.0, -7.0, 4.0; 3
3.0, -7.0, 4.0; 3
4.0, -7.0, 4.0; 1
5.0, -7.0, 4.0; 1
-7.0, -6.0, 4.0; 10
-6.0, -6.0, 4.0; 13
-5.0, -6.0, 4.0; 40
-4.0, -6.0, 4.0; 22
-3.0, -6.0, 4.0; 18
-2.0, -6.0, 4.0; 13
-1.0, -6.0, 4.0; 12
0.0, -6.0, 4.0; 7
1.0, -6.0, 4.0; 2
2.0, -6.0, 4.0; 2
3.0, -6.0, 4.0; 1
4.0, -6.0, 4.0; 2
5.0, -6.0, 4.0; 1
-8.0, -5.0, 4.0; 10
-7.0, -5.0, 4.0; 8
-6.0, -5.0, 4.0; 21
-5.0, -5.0, 4.0; 32
-4.0, -5.0, 4.0; 25
-3.0, -5.0, 4.0; 16
-2.0, -5.0, 4.0; 17
-1.0, -5.0, 4.0; 9
0.0, -5.0, 4.0; 7
1.0, -5.0, 4.0; 3
2.0, -5.0, 4.0; 1
5.0, -5.0, 4.0; 2
6.0, -5.0, 4.0; 1
-9.0, -4.0, 4.0; 1
-8.0, -4.0, 4.0; 6
-7.0, -4.0, 4.0; 12
-6.0, -4.0, 4.0; 16
-5.0, -4.0, 4.0; 24
-4.0, -4.0, 4.0; 21
-3.0, -4.0, 4.0; 20
-2.0, -4.0, 4.0; 14
-1.0, -4.0, 4.0; 20
0.0, -4.0, 4.0; 14
1.0, -4.0, 4.0; 4
2.0, -4.0, 4.0; 1
3.0, -4.0, 4.0; 2
4.0, -4.0, 4.0; 1
5.0, -4.0, 4.0; 2
-9.0, -3.0, 4.0; 3
-8.0, -3.0, 4.0; 5
-7.0, -3.0, 4.0; 10
-6.0, -3.0, 4.0; 21
-5.0, -3.0, 4.0; 33
-4.0, -3.0, 4.0; 35
-3.0, -3.0, 4.0; 16
-2.0, -3.0, 4.0; 20
-1.0, -3.0, 4.0; 17
0.0, -3.0, 4.0; 9
1.0, -3.0, 4.0; 4
3.0, -3.0, 4.0; 1
6.0, -3.0, 4.0; 2
-9.0, -2.0, 4.0; 7
-8.0, -2.0, 4.0; 11
-7.0, -2.0, 4.0; 4
-6.0, -2.0, 4.0; 13
-5.0, -2.0, 4.0; 44
-4.0, -2.0, 4.0; 41
-3.0, -2.0, 4.0; 33
-2.0, -2.0, 4.0; 19
-1.0, -2.0, 4.0; 34
0.0, -2.0, 4.0; 15
1.0, -2.0, 4.0; 2
4.0, -2.0, 4.0; 2
5.0, -2.0, 4.0; 1
-9.0, -1.0, 4.0; 12
-8.0, -1.0, 4.0; 12
-7.0, -1.0, 4.0; 6
-6.0, -1.0, 4.0; 14
-5.0, -1.0, 4.0; 17
-4.0, -1.0, 4.0; 33
-3.0, -1.0, 4.0; 51
-2.0, -1.0, 4.0; 24
-1.0, -1.0, 4.0; 19
0.0, -1.0, 4.0; 23
1.0, -1.0, 4.0; 14
3.0, -1.0, 4.0; 1
-9.0, 0.0, 4.0; 13
-8.0, 0.0, 4.0; 11
-7.0, 0.0, 4.0; 6
-6.0, 0.0, 4.0; 7
-5.0, 0.0, 4.0; 6
-4.0, 0.0, 4.0; 7
-3.0, 0.0, 4.0; 11
-2.0, 0.0, 4.0; 14
-1.0, 0.0, 4.0; 6
0.0, 0.0, 4.0; 2
1.0, 0.0, 4.0; 3
2.0, 0.0, 4.0; 1
3.0, 0.0, 4.0; 1
4.0, 0.0, 4.0; 1
-9.0, 1.0, 4.0; 9
-8.0, 1.0, 4.0; 9
-7.0, 1.0, 4.0; 9
-6.0, 1.0, 4.0; 12
-5.0, 1.0, 4.0; 9
-4.0, 1.0, 4.0; 7
-3.0, 1.0, 4.0; 14
-2.0, 1.0, 4.0; 12
-1.0, 1.0, 4.0; 2
0.0, 1.0, 4.0; 11
2.0, 1.0, 4.0; 2
5.0, 1.0, 4.0; 1
-9.0, 2.0, 4.0; 6
-8.0, 2.0, 4.0; 9
-7.0, 2.0, 4.0; 11
-6.0, 2.0, 4.0; 15
-5.0, 2.0, 4.0; 13
-4.0, 2.0, 4.0; 5
-2.0, 2.0, 4.0; 6
-1.0, 2.0, 4.0; 7
0.0, 2.0, 4.0; 13
1.0, 2.0, 4.0; 10
2.0, 2.0, 4.0; 3
5.0, 2.0, 4.0; 1
-9.0, 3.0, 4.0; 3
-8.0, 3.0, 4.0; 10
-7.0, 3.0, 4.0; 11
-6.0, 3.0, 4.0; 9
-5.0, 3.0, 4.0; 2
-4.0, 3.0, 4.0; 3
-3.0, 3.0, 4.0; 2
-2.0, 3.0, 4.0; 7
-1.0, 3.0, 4.0; 5
0.0, 3.0, 4.0; 6
1.0, 3.0, 4.0; 6
3.0, 3.0, 4.0; 1
7.0, 3.0, 4.0; 1
-8.0, 4.0, 4.0; 10
-7.0, 4.0, 4.0; 3
-6.0, 4.0, 4.0; 10
-5.0, 4.0, 4.0; 12
-4.0, 4.0, 4.0; 1
-3.0, 4.0, 4.0; 2
-2.0, 4.0, 4.0; 4
-1.0, 4.0, 4.0; 1
0.0, 4.0, 4.0; 6
1.0, 4.0, 4.0; 3
2.0, 4.0, 4.0; 1
6.0, 4.0, 4.0; 1
-8.0, 5.0, 4.0; 3
-7.0, 5.0, 4.0; 13
-6.0, 5.0, 4.0; 7
-5.0, 5.0, 4.0; 5
-4.0, 5.0, 4.0; 11
-3.0, 5.0, 4.0; 6
-2.0, 5.0, 4.0; 2
-1.0, 5.0, 4.0; 2
0.0, 5.0, 4.0; 5
1.0, 5.0, 4.0; 7
2.0, 5.0, 4.0; 2
3.0, 5.0, 4.0; 1
-7.0, 6.0, 4.0; 2
-6.0, 6.0, 4.0; 10
-5.0, 6.0, 4.0; 7
-4.0, 6.0, 4.0; 14
-3.0, 6.0, 4.0; 11
-2.0, 6.0, 4.0; 10
-1.0, 6.0, 4.0; 11
0.0, 6.0, 4.0; 3
2.0, 6.0, 4.0; 1
3.0, 6.0, 4.0; 1
4.0, 6.0, 4.0; 1
-6.0, 7.0, 4.0; 2
-5.0, 7.0, 4.0; 10
-4.0, 7.0, 4.0; 14
-3.0, 7.0, 4.0; 10
-2.0, 7.0, 4.0; 9
-1.0, 7.0, 4.0; 10
0.0, 7.0, 4.0; 4
1.0, 7.0, 4.0; 1
2.0, 7.0, 4.0; 2
3.0, 7.0, 4.0; 1
5.0, 7.0, 4.0; 1
-4.0, 8.0, 4.0; 2
-3.0, 8.0, 4.0; 12
-2.0, 8.0, 4.0; 8
-1.0, 8.0, 4.0; 7
0.0, 8.0, 4.0; 3
2.0, 8.0, 4.0; 3
0.0, 9.0, 4.0; 1
-2.0, -9.0, 5.0; 1
-1.0, -9.0, 5.0; 2
0.0, -9.0, 5.0; 1
-4.0, -8.0, 5.0; 2
-3.0, -8.0, 5.0; 1
-2.0, -8.0, 5.0; 5
-1.0, -8.0, 5.0; 4
0.0, -8.0, 5.0; 1
1.0, -8.0, 5.0; 3
3.0, -8.0, 5.0; 2
-6.0, -7.0, 5.0; 3
-5.0, -7.0, 5.0; 7
-4.0, -7.0, 5.0; 11
-3.0, -7.0, 5.0; 13
-2.0, -7.0, 5.0; 4
-1.0, -7.0, 5.0; 7
0.0, -7.0, 5.0; 3
1.0, -7.0, 5.0; 4
2.0, -7.0, 5.0; 2
3.0, -7.0, 5.0; 1
-7.0, -6.0, 5.0; 4
-6.0, -6.0, 5.0; 10
-5.0, -6.0, 5.0; 15
-4.0, -6.0, 5.0; 11
-3.0, -6.0, 5.0; 11
-2.0, -6.0, 5.0; 11
-1.0, -6.0, 5.0; 2
0.0, -6.0, 5.0; 1
2.0, -6.0, 5.0; 4
3.0, -6.0, 5.0; 2
4.0, -6.0, 5.0; 2
5.0, -6.0, 5.0; 1
-8.0, -5.0, 5.0; 4
-7.0, -5.0, 5.0; 5
-6.0, -5.0, 5.0; 11
-5.0, -5.0, 5.0; 7
-4.0, -5.0, 5.0; 19
-3.0, -5.0, 5.0; 12
-2.0, -5.0, 5.0; 7
-1.0, -5.0, 5.0; 7
0.0, -5.0, 5.0; 3
1.0, -5.0, 5.0; 3
2.0, -5.0, 5.0; 1
4.0, -5.0, 5.0; 1
5.0, -5.0, 5.0; 1
6.0, -5.0, 5.0; 1
-8.0, -4.0, 5.0; 6
-7.0, -4.0, 5.0; 15
-6.0, -4.0, 5.0; 4
-5.0, -4.0, 5.0; 3
-4.0, -4.0, 5.0; 7
-3.0, -4.0, 5.0; 8
-2.0, -4.0, 5.0; 5
-1.0, -4.0, 5.0; 6
0.0, -4.0, 5.0; 1
1.0, -4.0, 5.0; 1
2.0, -4.0, 5.0; 3
3.0, -4.0, 5.0; 1
-8.0, -3.0, 5.0; 7
-7.0, -3.0, 5.0; 3
-6.0, -3.0, 5.0; 3
-5.0, -3.0, 5.0; 5
-4.0, -3.0, 5.0; 9
-3.0, -3.0, 5.0; 7
-2.0, -3.0, 5.0; 9
-1.0, -3.0, 5.0; 2
0.0, -3.0, 5.0; 4
-9.0, -2.0, 5.0; 3
-8.0, -2.0, 5.0; 4
-7.0, -2.0, 5.0; 3
-6.0, -2.0, 5.0; 8
-5.0, -2.0, 5.0; 5
-4.0, -2.0, 5.0; 3
-3.0, -2.0, 5.0; 4
-2.0, -2.0, 5.0; 2
-1.0, -2.0, 5.0; 7
0.0, -2.0, 5.0; 2
1.0, -2.0, 5.0; 1
2.0, -2.0, 5.0; 1
-9.0, -1.0, 5.0; 6
-8.0, -1.0, 5.0; 6
-7.0, -1.0, 5.0; 4
-6.0, -1.0, 5.0; 4
-5.0, -1.0, 5.0; 4
-4.0, -1.0, 5.0; 3
-3.0, -1.0, 5.0; 4
-2.0, -1.0, 5.0; 5
-1.0, -1.0, 5.0; 5
0.0, -1.0, 5.0; 1
1.0, -1.0, 5.0; 4
6.0, -1.0, 5.0; 1
-9.0, 0.0, 5.0; 3
-8.0, 0.0, 5.0; 8
-7.0, 0.0, 5.0; 8
-6.0, 0.0, 5.0; 12
-5.0, 0.0, 5.0; 6
-4.0, 0.0, 5.0; 6
-3.0, 0.0, 5.0; 1
-2.0, 0.0, 5.0; 2
-1.0, 0.0, 5.0; 1
0.0, 0.0, 5.0; 5
1.0, 0.0, 5.0; 3
2.0, 0.0, 5.0; 2
4.0, 0.0, 5.0; 1
6.0, 0.0, 5.0; 1
-9.0, 1.0, 5.0; 6
-8.0, 1.0, 5.0; 7
-7.0, 1.0, 5.0; 5
-6.0, 1.0, 5.0; 6
-5.0, 1.0, 5.0; 5
-4.0, 1.0, 5.0; 3
-3.0, 1.0, 5.0; 2
-2.0, 1.0, 5.0; 2
-1.0, 1.0, 5.0; 1
0.0, 1.0, 5.0; 4
2.0, 1.0, 5.0; 2
-8.0, 2.0, 5.0; 6
-7.0, 2.0, 5.0; 9
-6.0, 2.0, 5.0; 8
-5.0, 2.0, 5.0; 10
-4.0, 2.0, 5.0; 9
-2.0, 2.0, 5.0; 6
-1.0, 2.0, 5.0; 7
0.0, 2.0, 5.0; 7
1.0, 2.0, 5.0; 2
2.0, 2.0, 5.0; 2
-8.0, 3.0, 5.0; 7
-7.0, 3.0, 5.0; 10
-6.0, 3.0, 5.0; 7
-5.0, 3.0, 5.0; 7
-4.0, 3.0, 5.0; 8
-3.0, 3.0, 5.0; 6
-2.0, 3.0, 5.0; 6
-1.0, 3.0, 5.0; 6
0.0, 3.0, 5.0; 3
1.0, 3.0, 5.0; 1
3.0, 3.0, 5.0; 1
5.0, 3.0, 5.0; 1
-8.0, 4.0, 5.0; 2
-7.0, 4.0, 5.0; 5
-6.0, 4.0, 5.0; 5
-5.0, 4.0, 5.0; 7
-4.0, 4.0, 5.0; 7
-3.0, 4.0, 5.0; 3
-2.0, 4.0, 5.0; 4
-1.0, 4.0, 5.0; 2
0.0, 4.0, 5.0; 3
1.0, 4.0, 5.0; 2
2.0, 4.0, 5.0; 1
3.0, 4.0, 5.0; 1
5.0, 4.0, 5.0; 1
-7.0, 5.0, 5.0; 3
-6.0, 5.0, 5.0; 3
-5.0, 5.0, 5.0; 8
-4.0, 5.0, 5.0; 5
-3.0, 5.0, 5.0; 4
-2.0, 5.0, 5.0; 5
-1.0, 5.0, 5.0; 2
0.0, 5.0, 5.0; 2
1.0, 5.0, 5.0; 1
4.0, 5.0, 5.0; 2
-6.0, 6.0, 5.0; 2
-5.0, 6.0, 5.0; 5
-4.0, 6.0, 5.0; 4
-3.0, 6.0, 5.0; 5
-2.0, 6.0, 5.0; 3
1.0, 6.0, 5.0; 3
2.0, 6.0, 5.0; 2
-5.0, 7.0, 5.0; 1
-4.0, 7.0, 5.0; 6
-3.0, 7.0, 5.0; 2
-2.0, 7.0, 5.0; 6
-1.0, 7.0, 5.0; 8
0.0, 7.0, 5.0; 1
-2.0, 8.0, 5.0; 2
-3.0, -8.0, 6.0; 3
-2.0, -8.0, 6.0; 4
-1.0, -8.0, 6.0; 2
0.0, -8.0, 6.0; 3
1.0, -8.0, 6.0; 1
-5.0, -7.0, 6.0; 2
-4.0, -7.0, 6.0; 3
-3.0, -7.0, 6.0; 5
-2.0, -7.0, 6.0; 5
-1.0, -7.0, 6.0; 7
0.0, -7.0, 6.0; 1
1.0, -7.0, 6.0; 5
2.0, -7.0, 6.0; 2
3.0, -7.0, 6.0; 1
-5.0, -6.0, 6.0; 8
-4.0, -6.0, 6.0; 8
-3.0, -6.0, 6.0; 3
-2.0, -6.0, 6.0; 2
-1.0, -6.0, 6.0; 3
0.0, -6.0, 6.0; 2
2.0, -6.0, 6.0; 1
-7.0, -5.0, 6.0; 2
-6.0, -5.0, 6.0; 5
-5.0, -5.0, 6.0; 7
-4.0, -5.0, 6.0; 5
-3.0, -5.0, 6.0; 6
-2.0, -5.0, 6.0; 4
-1.0, -5.0, 6.0; 5
0.0, -5.0, 6.0; 4
1.0, -5.0, 6.0; 1
4.0, -5.0, 6.0; 2
5.0, -5.0, 6.0; 1
-7.0, -4.0, 6.0; 5
-6.0, -4.0, 6.0; 6
-5.0, -4.0, 6.0; 3
-4.0, -4.0, 6.0; 6
-3.0, -4.0, 6.0; 4
-2.0, -4.0, 6.0; 4
-1.0, -4.0, 6.0; 4
0.0, -4.0, 6.0; 1
-7.0, -3.0, 6.0; 7
-6.0, -3.0, 6.0; 10
-5.0, -3.0, 6.0; 2
-4.0, -3.0, 6.0; 5
-3.0, -3.0, 6.0; 4
-2.0, -3.0, 6.0; 5
1.0, -3.0, 6.0; 1
2.0, -3.0, 6.0; 3
5.0, -3.0, 6.0; 1
-8.0, -2.0, 6.0; 2
-7.0, -2.0, 6.0; 2
-6.0, -2.0, 6.0; 9
-5.0, -2.0, 6.0; 3
-4.0, -2.0, 6.0; 3
-3.0, -2.0, 6.0; 1
-2.0, -2.0, 6.0; 4
-1.0, -2.0, 6.0; 1
0.0, -2.0, 6.0; 6
1.0, -2.0, 6.0; 1
4.0, -2.0, 6.0; 1
5.0, -2.0, 6.0; 1
-8.0, -1.0, 6.0; 3
-7.0, -1.0, 6.0; 10
-6.0, -1.0, 6.0; 2
-4.0, -1.0, 6.0; 1
-3.0, -1.0, 6.0; 2
-2.0, -1.0, 6.0; 2
0.0, -1.0, 6.0; 4
1.0, -1.0, 6.0; 2
-8.0, 0.0, 6.0; 1
-7.0, 0.0, 6.0; 12
-6.0, 0.0, 6.0; 4
-5.0, 0.0, 6.0; 2
-4.0, 0.0, 6.0; 5
-3.0, 0.0, 6.0; 1
-1.0, 0.0, 6.0; 1
1.0, 0.0, 6.0; 2
2.0, 0.0, 6.0; 2
3.0, 0.0, 6.0; 1
-8.0, 1.0, 6.0; 3
-7.0, 1.0, 6.0; 4
-6.0, 1.0, 6.0; 5
-5.0, 1.0, 6.0; 3
-4.0, 1.0, 6.0; 8
-3.0, 1.0, 6.0; 2
-1.0, 1.0, 6.0; 5
0.0, 1.0, 6.0; 2
1.0, 1.0, 6.0; 3
2.0, 1.0, 6.0; 2
5.0, 1.0, 6.0; 1
-8.0, 2.0, 6.0; 1
-7.0, 2.0, 6.0; 4
-6.0, 2.0, 6.0; 3
-5.0, 2.0, 6.0; 5
-4.0, 2.0, 6.0; 5
-3.0, 2.0, 6.0; 3
-2.0, 2.0, 6.0; 1
-1.0, 2.0, 6.0; 2
0.0, 2.0, 6.0; 1
1.0, 2.0, 6.0; 1
2.0, 2.0, 6.0; 3
-8.0, 3.0, 6.0; 1
-7.0, 3.0, 6.0; 1
-6.0, 3.0, 6.0; 5
-5.0, 3.0, 6.0; 4
-4.0, 3.0, 6.0; 7
-3.0, 3.0, 6.0; 3
-1.0, 3.0, 6.0; 5
1.0, 3.0, 6.0; 1
2.0, 3.0, 6.0; 2
3.0, 3.0, 6.0; 1
-7.0, 4.0, 6.0; 1
-6.0, 4.0, 6.0; 6
-5.0, 4.0, 6.0; 3
-3.0, 4.0, 6.0; 4
-2.0, 4.0, 6.0; 2
-1.0, 4.0, 6.0; 1
0.0, 4.0, 6.0; 3
1.0, 4.0, 6.0; 3
3.0, 4.0, 6.0; 1
4.0, 4.0, 6.0; 2
-6.0, 5.0, 6.0; 4
-5.0, 5.0, 6.0; 2
-4.0, 5.0, 6.0; 4
-3.0, 5.0, 6.0; 2
-2.0, 5.0, 6.0; 2
-1.0, 5.0, 6.0; 1
0.0, 5.0, 6.0; 2
1.0, 5.0, 6.0; 3
2.0, 5.0, 6.0; 2
-5.0, 6.0, 6.0; 1
-4.0, 6.0, 6.0; 2
-3.0, 6.0, 6.0; 2
-2.0, 6.0, 6.0; 3
-1.0, 6.0, 6.0; 3
0.0, 6.0, 6.0; 4
2.0, 6.0, 6.0; 1
-3.0, 7.0, 6.0; 2
-2.0, 7.0, 6.0; 3
1.0, 7.0, 6.0; 1
-4.0, -7.0, 7.0; 2
-3.0, -7.0, 7.0; 1
-2.0, -7.0, 7.0; 1
-1.0, -7.0, 7.0; 5
0.0, -7.0, 7.0; 2
1.0, -7.0, 7.0; 2
-5.0, -6.0, 7.0; 1
-4.0, -6.0, 7.0; 1
-3.0, -6.0, 7.0; 2
-2.0, -6.0, 7.0; 2
-1.0, -6.0, 7.0; 4
0.0, -6.0, 7.0; 2
1.0, -6.0, 7.0; 2
2.0, -6.0, 7.0; 1
-6.0, -5.0, 7.0; 1
-5.0, -5.0, 7.0; 7
-4.0, -5.0, 7.0; 3
-3.0, -5.0, 7.0; 6
-2.0, -5.0, 7.0; 8
-1.0, -5.0, 7.0; 2
0.0, -5.0, 7.0; 4
1.0, -5.0, 7.0; 4
-6.0, -4.0, 7.0; 4
-5.0, -4.0, 7.0; 5
-4.0, -4.0, 7.0; 5
-3.0, -4.0, 7.0; 5
-2.0, -4.0, 7.0; 1
-1.0, -4.0, 7.0; 2
0.0, -4.0, 7.0; 2
1.0, -4.0, 7.0; 3
2.0, -4.0, 7.0; 1
3.0, -4.0, 7.0; 1
-7.0, -3.0, 7.0; 4
-6.0, -3.0, 7.0; 2
-5.0, -3.0, 7.0; 8
-4.0, -3.0, 7.0; 4
-3.0, -3.0, 7.0; 5
-2.0, -3.0, 7.0; 3
0.0, -3.0, 7.0; 2
1.0, -3.0, 7.0; 1
-7.0, -2.0, 7.0; 4
-6.0, -2.0, 7.0; 2
-5.0, -2.0, 7.0; 16
-4.0, -2.0, 7.0; 3
-3.0, -2.0, 7.0; 3
-2.0, -2.0, 7.0; 4
-1.0, -2.0, 7.0; 1
0.0, -2.0, 7.0; 1
-7.0, -1.0, 7.0; 3
-6.0, -1.0, 7.0; 1
-5.0, -1.0, 7.0; 5
-4.0, -1.0, 7.0; 3
-3.0, -1.0, 7.0; 2
-2.0, -1.0, 7.0; 4
-1.0, -1.0, 7.0; 3
0.0, -1.0, 7.0; 1
-6.0, 0.0, 7.0; 6
-5.0, 0.0, 7.0; 2
-4.0, 0.0, 7.0; 2
-2.0, 0.0, 7.0; 2
0.0, 0.0, 7.0; 4
-7.0, 1.0, 7.0; 3
-6.0, 1.0, 7.0; 4
-5.0, 1.0, 7.0; 3
-4.0, 1.0, 7.0; 1
-2.0, 1.0, 7.0; 1
-1.0, 1.0, 7.0; 2
1.0, 1.0, 7.0; 1
2.0, 1.0, 7.0; 1
4.0, 1.0, 7.0; 1
-7.0, 2.0, 7.0; 2
-6.0, 2.0, 7.0; 3
-5.0, 2.0, 7.0; 2
-4.0, 2.0, 7.0; 4
-2.0, 2.0, 7.0; 1
0.0, 2.0, 7.0; 1
2.0, 2.0, 7.0; 1
4.0, 2.0, 7.0; 1
-6.0, 3.0, 7.0; 3
-5.0, 3.0, 7.0; 4
-4.0, 3.0, 7.0; 3
-3.0, 3.0, 7.0; 5
-2.0, 3.0, 7.0; 2
-1.0, 3.0, 7.0; 1
0.0, 3.0, 7.0; 1
1.0, 3.0, 7.0; 1
-5.0, 4.0, 7.0; 1
-4.0, 4.0, 7.0; 2
-3.0, 4.0, 7.0; 1
-2.0, 4.0, 7.0; 2
-1.0, 4.0, 7.0; 1
0.0, 4.0, 7.0; 2
1.0, 4.0, 7.0; 1
-3.0, 5.0, 7.0; 1
-2.0, 5.0, 7.0; 2
-1.0, 5.0, 7.0; 2
1.0, 5.0, 7.0; 1
3.0, 5.0, 7.0; 1
-3.0, 6.0, 7.0; 1
-2.0, 6.0, 7.0; 1
-1.0, 6.0, 7.0; 2
2.0, 6.0, 7.0; 1
-2.0, -6.0, 8.0; 1
-4.0, -5.0, 8.0; 1
-3.0, -5.0, 8.0; 2
-2.0, -5.0, 8.0; 4
-1.0, -5.0, 8.0; 1
2.0, -5.0, 8.0; 1
-4.0, -4.0, 8.0; 3
-3.0, -4.0, 8.0; 2
-2.0, -4.0, 8.0; 2
-1.0, -4.0, 8.0; 1
0.0, -4.0, 8.0; 3
-4.0, -3.0, 8.0; 1
-3.0, -3.0, 8.0; 3
-2.0, -3.0, 8.0; 4
-1.0, -3.0, 8.0; 1
0.0, -3.0, 8.0; 2
-5.0, -2.0, 8.0; 1
-4.0, -2.0, 8.0; 2
-3.0, -2.0, 8.0; 4
-1.0, -2.0, 8.0; 1
3.0, -2.0, 8.0; 1
-6.0, -1.0, 8.0; 1
-4.0, -1.0, 8.0; 2
-3.0, -1.0, 8.0; 1
-1.0, -1.0, 8.0; 1
0.0, -1.0, 8.0; 4
2.0, -1.0, 8.0; 1
-6.0, 0.0, 8.0; 1
-4.0, 0.0, 8.0; 1
-3.0, 0.0, 8.0; 2
-2.0, 0.0, 8.0; 2
1.0, 0.0, 8.0; 1
-5.0, 1.0, 8.0; 1
-4.0, 1.0, 8.0; 1
-3.0, 1.0, 8.0; 2
-2.0, 1.0, 8.0; 1
0.0, 1.0, 8.0; 1
1.0, 1.0, 8.0; 3
-5.0, 2.0, 8.0; 1
-4.0, 2.0, 8.0; 1
-3.0, 2.0, 8.0; 5
-2.0, 2.0, 8.0; 3
-1.0, 2.0, 8.0; 2
0.0, 2.0, 8.0; 1
3.0, 2.0, 8.0; 1
-2.0, 3.0, 8.0; 3
-1.0, 3.0, 8.0; 3
-3.0, 4.0, 8.0; 1
-2.0, 4.0, 8.0; 1
-1.0, 5.0, 8.0; 1
-1.0, -5.0, 9.0; 1
-2.0, -4.0, 9.0; 1
0.0, -4.0, 9.0; 1
-3.0, -2.0, 9.0; 1
-4.0, -1.0, 9.0; 1
-3.0, -1.0, 9.0; 1
-2.0, -1.0, 9.0; 2
2.0, -1.0, 9.0; 1
-4.0, 0.0, 9.0; 1
-3.0, 0.0, 9.0; 1
-1.0, 0.0, 9.0; 1
0.0, 0.0, 9.0; 1
-2.0, 1.0, 9.0; 1
-1.0, 1.0, 9.0; 1
-3.0, 2.0, 9.0; 1
-1.0, 3.0, 9.0; 1
-3.0, -4.0, -10.0; 1
-2.0, -4.0, -10.0; 3
-1.0, -4.0, -10.0; 6
0.0, -4.0, -10.0; 1
-2.0, -3.0, -10.0; 3
-1.0, -3.0, -10.0; 2
0.0, -3.0, -10.0; 1
1.0, -3.0, -10.0; 1
-4.0, -2.0, -10.0; 2
-3.0, -2.0, -10.0; 7
-2.0, -2.0, -10.0; 4
-1.0, -2.0, -10.0; 9
0.0, -2.0, -10.0; 5
1.0, -2.0, -10.0; 1
-4.0, -1.0, -10.0; 3
-3.0, -1.0, -10.0; 6
-2.0, -1.0, -10.0; 5
-1.0, -1.0, -10.0; 8
0.0, -1.0, -10.0; 4
1.0, -1.0, -10.0; 3
2.0, -1.0, -10.0; 1
-4.0, 0.0, -10.0; 1
-3.0, 0.0, -10.0; 9
-2.0, 0.0, -10.0; 7
-1.0, 0.0, -10.0; 6
0.0, 0.0, -10.0; 3
2.0, 0.0, -10.0; 1
3.0, 0.0, -10.0; 4
-4.0, 1.0, -10.0; 2
-3.0, 1.0, -10.0; 1
-2.0, 1.0, -10.0; 3
-1.0, 1.0, -10.0; 3
0.0, 1.0, -10.0; 2
1.0, 1.0, -10.0; 4
2.0, 1.0, -10.0; 2
4.0, 1.0, -10.0; 1
-4.0, 2.0, -10.0; 1
-3.0, 2.0, -10.0; 2
-2.0, 2.0, -10.0; 1
0.0, 2.0, -10.0; 2
1.0, 2.0, -10.0; 2
2.0, 2.0, -10.0; 3
3.0, 2.0, -10.0; 1
-1.0, 3.0, -10.0; 2
-2.0, -6.0, -9.0; 3
-1.0, -6.0, -9.0; 3
0.0, -6.0, -9.0; 6
1.0, -6.0, -9.0; 5
-4.0, -5.0, -9.0; 1
-3.0, -5.0, -9.0; 1
-2.0, -5.0, -9.0; 7
-1.0, -5.0, -9.0; 8
0.0, -5.0, -9.0; 2
1.0, -5.0, -9.0; 8
-4.0, -4.0, -9.0; 3
-3.0, -4.0, -9.0; 7
-2.0, -4.0, -9.0; 10
-1.0, -4.0, -9.0; 6
0.0, -4.0, -9.0; 7
1.0, -4.0, -9.0; 6
2.0, -4.0, -9.0; 7
3.0, -4.0, -9.0; 1
-6.0, -3.0, -9.0; 1
-5.0, -3.0, -9.0; 7
-4.0, -3.0, -9.0; 6
-3.0, -3.0, -9.0; 8
-2.0, -3.0, -9.0; 5
-1.0, -3.0, -9.0; 8
0.0, -3.0, -9.0; 10
1.0, -3.0, -9.0; 17
2.0, -3.0, -9.0; 5
3.0, -3.0, -9.0; 2
-6.0, -2.0, -9.0; 4
-5.0, -2.0, -9.0; 8
-4.0, -2.0, -9.0; 9
-3.0, -2.0, -9.0; 5
-2.0, -2.0, -9.0; 5
-1.0, -2.0, -9.0; 10
0.0, -2.0, -9.0; 15
1.0, -2.0, -9.0; 32
2.0, -2.0, -9.0; 6
3.0, -2.0, -9.0; 3
4.0, -2.0, -9.0; 2
5.0, -2.0, -9.0; 1
-6.0, -1.0, -9.0; 4
-5.0, -1.0, -9.0; 8
-4.0, -1.0, -9.0; 9
-3.0, -1.0, -9.0; 9
-2.0, -1.0, -9.0; 7
-1.0, -1.0, -9.0; 9
0.0, -1.0, -9.0; 21
1.0, -1.0, -9.0; 10
2.0, -1.0, -9.0; 5
3.0, -1.0, -9.0; 2
4.0, -1.0, -9.0; 3
-6.0, 0.0, -9.0; 6
-5.0, 0.0, -9.0; 9
-4.0, 0.0, -9.0; 11
-3.0, 0.0, -9.0; 17
-2.0, 0.0, -9.0; 15
-1.0, 0.0, -9.0; 13
0.0, 0.0, -9.0; 8
1.0, 0.0, -9.0; 4
2.0, 0.0, -9.0; 2
4.0, 0.0, -9.0; 4
5.0, 0.0, -9.0; 1
-6.0, 1.0, -9.0; 1
-5.0, 1.0, -9.0; 7
-4.0, 1.0, -9.0; 21
-3.0, 1.0, -9.0; 12
-2.0, 1.0, -9.0; 16
-1.0, 1.0, -9.0; 9
0.0, 1.0, -9.0; 2
1.0, 1.0, -9.0; 7
2.0, 1.0, -9.0; 3
3.0, 1.0, -9.0; 4
4.0, 1.0, -9.0; 3
5.0, 1.0, -9.0; 2
-5.0, 2.0, -9.0; 6
-4.0, 2.0, -9.0; 8
-3.0, 2.0, -9.0; 30
-2.0, 2.0, -9.0; 12
-1.0, 2.0, -9.0; 9
0.0, 2.0, -9.0; 5
1.0, 2.0, -9.0; 1
2.0, 2.0, -9.0; 8
3.0, 2.0, -9.0; 6
4.0, 2.0, -9.0; 4
-5.0, 3.0, -9.0; 2
-4.0, 3.0, -9.0; 14
-3.0, 3.0, -9.0; 11
-2.0, 3.0, -9.0; 12
-1.0, 3.0, -9.0; 7
0.0, 3.0, -9.0; 10
1.0, 3.0, -9.0; 6
2.0, 3.0, -9.0; 7
3.0, 3.0, -9.0; 5
-4.0, 4.0, -9.0; 2
-3.0, 4.0, -9.0; 6
-2.0, 4.0, -9.0; 7
-1.0, 4.0, -9.0; 14
0.0, 4.0, -9.0; 6
1.0, 4.0, -9.0; 3
3.0, 4.0, -9.0; 1
-4.0, 5.0, -9.0; 1
-2.0, 5.0, -9.0; 1
-1.0, 5.0, -9.0; 2
1.0, 5.0, -9.0; 1
-2.0, -7.0, -8.0; 5
-1.0, -7.0, -8.0; 2
0.0, -7.0, -8.0; 8
1.0, -7.0, -8.0; 34
2.0, -7.0, -8.0; 6
-4.0, -6.0, -8.0; 3
-3.0, -6.0, -8.0; 3
-2.0, -6.0, -8.0; 7
-1.0, -6.0, -8.0; 10
0.0, -6.0, -8.0; 5
1.0, -6.0, -8.0; 15
2.0, -6.0, -8.0; 11
3.0, -6.0, -8.0; 1
-5.0, -5.0, -8.0; 5
-4.0, -5.0, -8.0; 7
-3.0, -5.0, -8.0; 9
-2.0, -5.0, -8.0; 11
-1.0, -5.0, -8.0; 5
0.0, -5.0, -8.0; 7
1.0, -5.0, -8.0; 6
2.0, -5.0, -8.0; 6
3.0, -5.0, -8.0; 7
4.0, -5.0, -8.0; 2
-7.0, -4.0, -8.0; 1
-6.0, -4.0, -8.0; 2
-5.0, -4.0, -8.0; 13
-4.0, -4.0, -8.0; 15
-3.0, -4.0, -8.0; 11
-2.0, -4.0, -8.0; 12
-1.0, -4.0, -8.0; 7
0.0, -4.0, -8.0; 4
1.0, -4.0, -8.0; 1
2.0, -4.0, -8.0; 4
3.0, -4.0, -8.0; 9
4.0, -4.0, -8.0; 2
-7.0, -3.0, -8.0; 2
-6.0, -3.0, -8.0; 9
-5.0, -3.0, -8.0; 18
-4.0, -3.0, -8.0; 24
-3.0, -3.0, -8.0; 12
-2.0, -3.0, -8.0; 6
-1.0, -3.0, -8.0; 4
0.0, -3.0, -8.0; 4
1.0, -3.0, -8.0; 3
2.0, -3.0, -8.0; 19
3.0, -3.0, -8.0; 14
4.0, -3.0, -8.0; 3
-7.0, -2.0, -8.0; 7
-6.0, -2.0, -8.0; 10
-5.0, -2.0, -8.0; 17
-4.0, -2.0, -8.0; 44
-3.0, -2.0, -8.0; 19
-2.0, -2.0, -8.0; 11
-1.0, -2.0, -8.0; 6
0.0, -2.0, -8.0; 8
1.0, -2.0, -8.0; 4
2.0, -2.0, -8.0; 15
3.0, -2.0, -8.0; 12
6.0, -2.0, -8.0; 1
-7.0, -1.0, -8.0; 5
-6.0, -1.0, -8.0; 12
-5.0, -1.0, -8.0; 21
-4.0, -1.0, -8.0; 67
-3.0, -1.0, -8.0; 15
-2.0, -1.0, -8.0; 8
-1.0, -1.0, -8.0; 8
0.0, -1.0, -8.0; 1
1.0, -1.0, -8.0; 14
2.0, -1.0, -8.0; 31
3.0, -1.0, -8.0; 7
4.0, -1.0, -8.0; 3
5.0, -1.0, -8.0; 1
6.0, -1.0, -8.0; 4
-7.0, 0.0, -8.0; 8
-6.0, 0.0, -8.0; 28
-5.0, 0.0, -8.0; 28
-4.0, 0.0, -8.0; 9
-3.0, 0.0, -8.0; 7
-2.0, 0.0, -8.0; 12
-1.0, 0.0, -8.0; 8
0.0, 0.0, -8.0; 9
1.0, 0.0, -8.0; 15
2.0, 0.0, -8.0; 9
3.0, 0.0, -8.0; 3
4.0, 0.0, -8.0; 3
6.0, 0.0, -8.0; 1
-7.0, 1.0, -8.0; 3
-6.0, 1.0, -8.0; 16
-5.0, 1.0, -8.0; 29
-4.0, 1.0, -8.0; 24
-3.0, 1.0, -8.0; 39
-2.0, 1.0, -8.0; 24
-1.0, 1.0, -8.0; 12
0.0, 1.0, -8.0; 11
1.0, 1.0, -8.0; 5
2.0, 1.0, -8.0; 3
3.0, 1.0, -8.0; 2
4.0, 1.0, -8.0; 2
5.0, 1.0, -8.0; 2
6.0, 1.0, -8.0; 3
-7.0, 2.0, -8.0; 4
-6.0, 2.0, -8.0; 11
-5.0, 2.0, -8.0; 24
-4.0, 2.0, -8.0; 10
-3.0, 2.0, -8.0; 24
-2.0, 2.0, -8.0; 9
-1.0, 2.0, -8.0; 5
0.0, 2.0, -8.0; 8
1.0, 2.0, -8.0; 8
2.0, 2.0, -8.0; 4
3.0, 2.0, -8.0; 2
4.0, 2.0, -8.0; 5
5.0, 2.0, -8.0; 5
6.0, 2.0, -8.0; 2
-7.0, 3.0, -8.0; 2
-6.0, 3.0, -8.0; 9
-5.0, 3.0, -8.0; 17
-4.0, 3.0, -8.0; 17
-3.0, 3.0, -8.0; 16
-2.0, 3.0, -8.0; 16
-1.0, 3.0, -8.0; 9
0.0, 3.0, -8.0; 3
1.0, 3.0, -8.0; 6
2.0, 3.0, -8.0; 5
3.0, 3.0, -8.0; 2
4.0, 3.0, -8.0; 3
-6.0, 4.0, -8.0; 3
-5.0, 4.0, -8.0; 11
-4.0, 4.0, -8.0; 14
-3.0, 4.0, -8.0; 10
-2.0, 4.0, -8.0; 9
-1.0, 4.0, -8.0; 11
0.0, 4.0, -8.0; 9
1.0, 4.0, -8.0; 9
2.0, 4.0, -8.0; 3
3.0, 4.0, -8.0; 2
-5.0, 5.0, -8.0; 1
-4.0, 5.0, -8.0; 2
-3.0, 5.0, -8.0; 3
-2.0, 5.0, -8.0; 8
-1.0, 5.0, -8.0; 7
0.0, 5.0, -8.0; 3
1.0, 5.0, -8.0; 4
-3.0, 6.0, -8.0; 1
-1.0, 6.0, -8.0; 3
1.0, 6.0, -8.0; 2
-3.0, -8.0, -7.0; 1
-2.0, -8.0, -7.0; 5
-1.0, -8.0, -7.0; 8
0.0, -8.0, -7.0; 3
1.0, -8.0, -7.0; 8
2.0, -8.0, -7.0; 4
-5.0, -7.0, -7.0; 1
-4.0, -7.0, -7.0; 6
-3.0, -7.0, -7.0; 12
-2.0, -7.0, -7.0; 11
-1.0, -7.0, -7.0; 21
0.0, -7.0, -7.0; 11
1.0, -7.0, -7.0; 13
2.0, -7.0, -7.0; 11
3.0, -7.0, -7.0; 4
4.0, -7.0, -7.0; 1
-6.0, -6.0, -7.0; 7
-5.0, -6.0, -7.0; 6
-4.0, -6.0, -7.0; 26
-3.0, -6.0, -7.0; 15
-2.0, -6.0, -7.0; 11
-1.0, -6.0, -7.0; 10
0.0, -6.0, -7.0; 6
1.0, -6.0, -7.0; 6
2.0, -6.0, -7.0; 9
3.0, -6.0, -7.0; 5
4.0, -6.0, -7.0; 1
-7.0, -5.0, -7.0; 2
-6.0, -5.0, -7.0; 9
-5.0, -5.0, -7.0; 35
-4.0, -5.0, -7.0; 28
-3.0, -5.0, -7.0; 17
-2.0, -5.0, -7.0; 13
-1.0, -5.0, -7.0; 5
0.0, -5.0, -7.0; 4
1.0, -5.0, -7.0; 1
2.0, -5.0, -7.0; 5
3.0, -5.0, -7.0; 6
4.0, -5.0, -7.0; 5
-7.0, -4.0, -7.0; 10
-6.0, -4.0, -7.0; 19
-5.0, -4.0, -7.0; 38
-4.0, -4.0, -7.0; 14
-3.0, -4.0, -7.0; 17
-2.0, -4.0, -7.0; 4
-1.0, -4.0, -7.0; 4
0.0, -4.0, -7.0; 3
1.0, -4.0, -7.0; 1
2.0, -4.0, -7.0; 2
3.0, -4.0, -7.0; 5
4.0, -4.0, -7.0; 5
5.0, -4.0, -7.0; 1
-8.0, -3.0, -7.0; 5
-7.0, -3.0, -7.0; 16
-6.0, -3.0, -7.0; 30
-5.0, -3.0, -7.0; 28
-4.0, -3.0, -7.0; 12
-3.0, -3.0, -7.0; 9
-2.0, -3.0, -7.0; 3
-1.0, -3.0, -7.0; 2
0.0, -3.0, -7.0; 5
1.0, -3.0, -7.0; 1
4.0, -3.0, -7.0; 8
5.0, -3.0, -7.0; 3
6.0, -3.0, -7.0; 1
-8.0, -2.0, -7.0; 3
-7.0, -2.0, -7.0; 21
-6.0, -2.0, -7.0; 31
-5.0, -2.0, -7.0; 67
-4.0, -2.0, -7.0; 18
-3.0, -2.0, -7.0; 5
-2.0, -2.0, -7.0; 7
-1.0, -2.0, -7.0; 9
0.0, -2.0, -7.0; 4
1.0, -2.0, -7.0; 4
2.0, -2.0, -7.0; 1
3.0, -2.0, -7.0; 5
4.0, -2.0, -7.0; 2
5.0, -2.0, -7.0; 2
6.0, -2.0, -7.0; 2
-8.0, -1.0, -7.0; 7
-7.0, -1.0, -7.0; 26
-6.0, -1.0, -7.0; 55
-5.0, -1.0, -7.0; 127
-4.0, -1.0, -7.0; 37
-3.0, -1.0, -7.0; 3
-2.0, -1.0, -7.0; 2
-1.0, -1.0, -7.0; 11
0.0, -1.0, -7.0; 5
2.0, -1.0, -7.0; 4
3.0, -1.0, -7.0; 15
4.0, -1.0, -7.0; 2
5.0, -1.0, -7.0; 2
6.0, -1.0, -7.0; 2
7.0, -1.0, -7.0; 1
-8.0, 0.0, -7.0; 11
-7.0, 0.0, -7.0; 20
-6.0, 0.0, -7.0; 34
-5.0, 0.0, -7.0; 53
-4.0, 0.0, -7.0; 9
-3.0, 0.0, -7.0; 6
-2.0, 0.0, -7.0; 2
-1.0, 0.0, -7.0; 4
0.0, 0.0, -7.0; 3
1.0, 0.0, -7.0; 5
2.0, 0.0, -7.0; 17
3.0, 0.0, -7.0; 12
4.0, 0.0, -7.0; 1
5.0, 0.0, -7.0; 2
6.0, 0.0, -7.0; 1
-8.0, 1.0, -7.0; 5
-7.0, 1.0, -7.0; 23
-6.0, 1.0, -7.0; 31
-5.0, 1.0, -7.0; 25
-4.0, 1.0, -7.0; 7
-3.0, 1.0, -7.0; 2
-2.0, 1.0, -7.0; 5
-1.0, 1.0, -7.0; 6
0.0, 1.0, -7.0; 6
1.0, 1.0, -7.0; 5
2.0, 1.0, -7.0; 7
3.0, 1.0, -7.0; 6
5.0, 1.0, -7.0; 3
6.0, 1.0, -7.0; 2
7.0, 1.0, -7.0; 1
-8.0, 2.0, -7.0; 4
-7.0, 2.0, -7.0; 15
-6.0, 2.0, -7.0; 23
-5.0, 2.0, -7.0; 17
-4.0, 2.0, -7.0; 1
-3.0, 2.0, -7.0; 7
-2.0, 2.0, -7.0; 3
-1.0, 2.0, -7.0; 3
0.0, 2.0, -7.0; 5
1.0, 2.0, -7.0; 5
2.0, 2.0, -7.0; 2
3.0, 2.0, -7.0; 5
4.0, 2.0, -7.0; 2
5.0, 2.0, -7.0; 2
6.0, 2.0, -7.0; 1
-8.0, 3.0, -7.0; 1
-7.0, 3.0, -7.0; 15
-6.0, 3.0, -7.0; 24
-5.0, 3.0, -7.0; 10
-4.0, 3.0, -7.0; 2
-3.0, 3.0, -7.0; 3
-2.0, 3.0, -7.0; 6
-1.0, 3.0, -7.0; 5
0.0, 3.0, -7.0; 4
1.0, 3.0, -7.0; 1
2.0, 3.0, -7.0; 2
3.0, 3.0, -7.0; 5
4.0, 3.0, -7.0; 1
-7.0, 4.0, -7.0; 8
-6.0, 4.0, -7.0; 11
-5.0, 4.0, -7.0; 18
-4.0, 4.0, -7.0; 8
-3.0, 4.0, -7.0; 5
-2.0, 4.0, -7.0; 3
-1.0, 4.0, -7.0; 5
0.0, 4.0, -7.0; 4
1.0, 4.0, -7.0; 3
2.0, 4.0, -7.0; 1
3.0, 4.0, -7.0; 3
4.0, 4.0, -7.0; 7
5.0, 4.0, -7.0; 2
-5.0, 5.0, -7.0; 11
-4.0, 5.0, -7.0; 16
-3.0, 5.0, -7.0; 8
-2.0, 5.0, -7.0; 5
-1.0, 5.0, -7.0; 4
0.0, 5.0, -7.0; 8
1.0, 5.0, -7.0; 7
2.0, 5.0, -7.0; 2
3.0, 5.0, -7.0; 3
4.0, 5.0, -7.0; 2
-5.0, 6.0, -7.0; 2
-4.0, 6.0, -7.0; 6
-3.0, 6.0, -7.0; 4
-2.0, 6.0, -7.0; 5
-1.0, 6.0, -7.0; 7
0.0, 6.0, -7.0; 5
1.0, 6.0, -7.0; 2
-3.0, 7.0, -7.0; 4
-2.0, 7.0, -7.0; 2
-1.0, 7.0, -7.0; 3
0.0, 7.0, -7.0; 4
-2.0, -9.0, -6.0; 2
-1.0, -9.0, -6.0; 2
0.0, -9.0, -6.0; 4
1.0, -9.0, -6.0; 2
2.0, -9.0, -6.0; 1
-5.0, -8.0, -6.0; 2
-4.0, -8.0, -6.0; 10
-3.0, -8.0, -6.0; 20
-2.0, -8.0, -6.0; 154
-1.0, -8.0, -6.0; 274
0.0, -8.0, -6.0; 32
1.0, -8.0, -6.0; 15
2.0, -8.0, -6.0; 6
3.0, -8.0, -6.0; 3
-6.0, -7.0, -6.0; 3
-5.0, -7.0, -6.0; 18
-4.0, -7.0, -6.0; 31
-3.0, -7.0, -6.0; 64
-2.0, -7.0, -6.0; 422
-1.0, -7.0, -6.0; 381
0.0, -7.0, -6.0; 24
1.0, -7.0, -6.0; 11
2.0, -7.0, -6.0; 5
3.0, -7.0, -6.0; 2
4.0, -7.0, -6.0; 3
5.0, -7.0, -6.0; 2
-7.0, -6.0, -6.0; 3
-6.0, -6.0, -6.0; 15
-5.0, -6.0, -6.0; 27
-4.0, -6.0, -6.0; 26
-3.0, -6.0, -6.0; 29
-2.0, -6.0, -6.0; 54
-1.0, -6.0, -6.0; 37
0.0, -6.0, -6.0; 15
1.0, -6.0, -6.0; 4
2.0, -6.0, -6.0; 7
3.0, -6.0, -6.0; 1
4.0, -6.0, -6.0; 3
5.0, -6.0, -6.0; 2
6.0, -6.0, -6.0; 1
-8.0, -5.0, -6.0; 1
-7.0, -5.0, -6.0; 20
-6.0, -5.0, -6.0; 39
-5.0, -5.0, -6.0; 29
-4.0, -5.0, -6.0; 18
-3.0, -5.0, -6.0; 27
-2.0, -5.0, -6.0; 44
-1.0, -5.0, -6.0; 10
0.0, -5.0, -6.0; 11
1.0, -5.0, -6.0; 6
2.0, -5.0, -6.0; 7
3.0, -5.0, -6.0; 2
4.0, -5.0, -6.0; 1
5.0, -5.0, -6.0; 10
-8.0, -4.0, -6.0; 3
-7.0, -4.0, -6.0; 28
-6.0, -4.0, -6.0; 33
-5.0, -4.0, -6.0; 17
-4.0, -4.0, -6.0; 31
-3.0, -4.0, -6.0; 29
-2.0, -4.0, -6.0; 20
-1.0, -4.0, -6.0; 21
0.0, -4.0, -6.0; 8
1.0, -4.0, -6.0; 8
2.0, -4.0, -6.0; 2
3.0, -4.0, -6.0; 1
4.0, -4.0, -6.0; 3
5.0, -4.0, -6.0; 2
7.0, -4.0, -6.0; 1
-9.0, -3.0, -6.0; 1
-8.0, -3.0, -6.0; 12
-7.0, -3.0, -6.0; 22
-6.0, -3.0, -6.0; 19
-5.0, -3.0, -6.0; 6
-4.0, -3.0, -6.0; 28
-3.0, -3.0, -6.0; 22
-2.0, -3.0, -6.0; 28
-1.0, -3.0, -6.0; 40
0.0, -3.0, -6.0; 81
1.0, -3.0, -6.0; 12
2.0, -3.0, -6.0; 3
3.0, -3.0, -6.0; 1
4.0, -3.0, -6.0; 3
5.0, -3.0, -6.0; 4
7.0, -3.0, -6.0; 2
-9.0, -2.0, -6.0; 3
-8.0, -2.0, -6.0; 19
-7.0, -2.0, -6.0; 20
-6.0, -2.0, -6.0; 25
-5.0, -2.0, -6.0; 9
-4.0, -2.0, -6.0; 18
-3.0, -2.0, -6.0; 38
-2.0, -2.0, -6.0; 85
-1.0, -2.0, -6.0; 109
0.0, -2.0, -6.0; 92
1.0, -2.0, -6.0; 28
2.0, -2.0, -6.0; 7
3.0, -2.0, -6.0; 1
4.0, -2.0, -6.0; 7
7.0, -2.0, -6.0; 1
-8.0, -1.0, -6.0; 15
-7.0, -1.0, -6.0; 26
-6.0, -1.0, -6.0; 56
-5.0, -1.0, -6.0; 5
-4.0, -1.0, -6.0; 5
-3.0, -1.0, -6.0; 28
-2.0, -1.0, -6.0; 86
-1.0, -1.0, -6.0; 41
0.0, -1.0, -6.0; 47
1.0, -1.0, -6.0; 25
2.0, -1.0, -6.0; 3
3.0, -1.0, -6.0; 12
4.0, -1.0, -6.0; 7
-9.0, 0.0, -6.0; 5
-8.0, 0.0, -6.0; 18
-7.0, 0.0, -6.0; 41
-6.0, 0.0, -6.0; 85
-5.0, 0.0, -6.0; 16
-4.0, 0.0, -6.0; 3
-3.0, 0.0, -6.0; 5
-2.0, 0.0, -6.0; 18
-1.0, 0.0, -6.0; 10
0.0, 0.0, -6.0; 25
1.0, 0.0, -6.0; 4
2.0, 0.0, -6.0; 24
3.0, 0.0, -6.0; 73
4.0, 0.0, -6.0; 6
5.0, 0.0, -6.0; 3
6.0, 0.0, -6.0; 2
7.0, 0.0, -6.0; 1
-9.0, 1.0, -6.0; 3
-8.0, 1.0, -6.0; 11
-7.0, 1.0, -6.0; 20
-6.0, 1.0, -6.0; 27
-5.0, 1.0, -6.0; 2
-4.0, 1.0, -6.0; 4
-3.0, 1.0, -6.0; 7
-2.0, 1.0, -6.0; 27
-1.0, 1.0, -6.0; 18
0.0, 1.0, -6.0; 10
1.0, 1.0, -6.0; 10
2.0, 1.0, -6.0; 26
3.0, 1.0, -6.0; 10
4.0, 1.0, -6.0; 2
6.0, 1.0, -6.0; 1
-9.0, 2.0, -6.0; 1
-8.0, 2.0, -6.0; 13
-7.0, 2.0, -6.0; 15
-6.0, 2.0, -6.0; 13
-5.0, 2.0, -6.0; 24
-4.0, 2.0, -6.0; 27
-3.0, 2.0, -6.0; 19
-2.0, 2.0, -6.0; 30
-1.0, 2.0, -6.0; 36
0.0, 2.0, -6.0; 17
1.0, 2.0, -6.0; 1
2.0, 2.0, -6.0; 7
3.0, 2.0, -6.0; 8
4.0, 2.0, -6.0; 3
5.0, 2.0, -6.0; 2
6.0, 2.0, -6.0; 1
7.0, 2.0, -6.0; 1
-9.0, 3.0, -6.0; 2
-8.0, 3.0, -6.0; 7
-7.0, 3.0, -6.0; 25
-6.0, 3.0, -6.0; 8
-5.0, 3.0, -6.0; 5
-4.0, 3.0, -6.0; 48
-3.0, 3.0, -6.0; 24
-2.0, 3.0, -6.0; 19
-1.0, 3.0, -6.0; 3
0.0, 3.0, -6.0; 5
1.0, 3.0, -6.0; 8
2.0, 3.0, -6.0; 6
3.0, 3.0, -6.0; 8
4.0, 3.0, -6.0; 2
5.0, 3.0, -6.0; 1
-8.0, 4.0, -6.0; 5
-7.0, 4.0, -6.0; 23
-6.0, 4.0, -6.0; 15
-5.0, 4.0, -6.0; 8
-4.0, 4.0, -6.0; 16
-3.0, 4.0, -6.0; 13
-2.0, 4.0, -6.0; 9
-1.0, 4.0, -6.0; 1
0.0, 4.0, -6.0; 4
1.0, 4.0, -6.0; 3
2.0, 4.0, -6.0; 1
3.0, 4.0, -6.0; 2
4.0, 4.0, -6.0; 7
5.0, 4.0, -6.0; 3
6.0, 4.0, -6.0; 1
-7.0, 5.0, -6.0; 8
-6.0, 5.0, -6.0; 11
-5.0, 5.0, -6.0; 16
-4.0, 5.0, -6.0; 39
-3.0, 5.0, -6.0; 18
-2.0, 5.0, -6.0; 2
-1.0, 5.0, -6.0; 4
0.0, 5.0, -6.0; 2
1.0, 5.0, -6.0; 1
2.0, 5.0, -6.0; 5
3.0, 5.0, -6.0; 2
4.0, 5.0, -6.0; 2
5.0, 5.0, -6.0; 1
-6.0, 6.0, -6.0; 5
-5.0, 6.0, -6.0; 9
-4.0, 6.0, -6.0; 22
-3.0, 6.0, -6.0; 33
-2.0, 6.0, -6.0; 8
-1.0, 6.0, -6.0; 4
0.0, 6.0, -6.0; 4
1.0, 6.0, -6.0; 8
2.0, 6.0, -6.0; 5
3.0, 6.0, -6.0; 4
4.0, 6.0, -6.0; 1
5.0, 6.0, -6.0; 1
-5.0, 7.0, -6.0; 1
-4.0, 7.0, -6.0; 1
-3.0, 7.0, -6.0; 4
-2.0, 7.0, -6.0; 9
-1.0, 7.0, -6.0; 11
0.0, 7.0, -6.0; 4
1.0, 7.0, -6.0; 1
2.0, 7.0, -6.0; 1
-3.0, 8.0, -6.0; 2
-2.0, 8.0, -6.0; 4
-1.0, 8.0, -6.0; 7
0.0, 8.0, -6.0; 5
-4.0, -9.0, -5.0; 1
-3.0, -9.0, -5.0; 5
-2.0, -9.0, -5.0; 10
-1.0, -9.0, -5.0; 15
0.0, -9.0, -5.0; 12
1.0, -9.0, -5.0; 5
2.0, -9.0, -5.0; 6
3.0, -9.0, -5.0; 1
-6.0, -8.0, -5.0; 3
-5.0, -8.0, -5.0; 18
-4.0, -8.0, -5.0; 13
-3.0, -8.0, -5.0; 43
-2.0, -8.0, -5.0; 1203
-1.0, -8.0, -5.0; 2060
0.0, -8.0, -5.0; 125
1.0, -8.0, -5.0; 8
2.0, -8.0, -5.0; 8
3.0, -8.0, -5.0; 4
4.0, -8.0, -5.0; 1
-7.0, -7.0, -5.0; 3
-6.0, -7.0, -5.0; 17
-5.0, -7.0, -5.0; 16
-4.0, -7.0, -5.0; 11
-3.0, -7.0, -5.0; 32
-2.0, -7.0, -5.0; 212
-1.0, -7.0, -5.0; 277
0.0, -7.0, -5.0; 37
1.0, -7.0, -5.0; 10
2.0, -7.0, -5.0; 5
3.0, -7.0, -5.0; 2
4.0, -7.0, -5.0; 2
5.0, -7.0, -5.0; 3
6.0, -7.0, -5.0; 1
-7.0, -6.0, -5.0; 20
-6.0, -6.0, -5.0; 11
-5.0, -6.0, -5.0; 16
-4.0, -6.0, -5.0; 5
-3.0, -6.0, -5.0; 5
-2.0, -6.0, -5.0; 12
-1.0, -6.0, -5.0; 10
0.0, -6.0, -5.0; 19
1.0, -6.0, -5.0; 17
2.0, -6.0, -5.0; 7
3.0, -6.0, -5.0; 4
4.0, -6.0, -5.0; 3
5.0, -6.0, -5.0; 4
6.0, -6.0, -5.0; 1
-8.0, -5.0, -5.0; 11
-7.0, -5.0, -5.0; 22
-6.0, -5.0, -5.0; 10
-5.0, -5.0, -5.0; 9
-4.0, -5.0, -5.0; 7
-3.0, -5.0, -5.0; 11
-2.0, -5.0, -5.0; 13
-1.0, -5.0, -5.0; 13
0.0, -5.0, -5.0; 10
1.0, -5.0, -5.0; 21
2.0, -5.0, -5.0; 5
3.0, -5.0, -5.0; 4
4.0, -5.0, -5.0; 3
5.0, -5.0, -5.0; 2
6.0, -5.0, -5.0; 1
-9.0, -4.0, -5.0; 4
-8.0, -4.0, -5.0; 20
-7.0, -4.0, -5.0; 26
-6.0, -4.0, -5.0; 12
-5.0, -4.0, -5.0; 17
-4.0, -4.0, -5.0; 59
-3.0, -4.0, -5.0; 105
-2.0, -4.0, -5.0; 317
-1.0, -4.0, -5.0; 100
0.0, -4.0, -5.0; 24
1.0, -4.0, -5.0; 127
2.0, -4.0, -5.0; 13
3.0, -4.0, -5.0; 4
4.0, -4.0, -5.0; 4
5.0, -4.0, -5.0; 3
6.0, -4.0, -5.0; 2
7.0, -4.0, -5.0; 3
-9.0, -3.0, -5.0; 7
-8.0, -3.0, -5.0; 22
-7.0, -3.0, -5.0; 20
-6.0, -3.0, -5.0; 20
-5.0, -3.0, -5.0; 22
-4.0, -3.0, -5.0; 136
-3.0, -3.0, -5.0; 5035
-2.0, -3.0, -5.0; 3181
-1.0, -3.0, -5.0; 78
0.0, -3.0, -5.0; 216
1.0, -3.0, -5.0; 3026
2.0, -3.0, -5.0; 122
3.0, -3.0, -5.0; 7
4.0, -3.0, -5.0; 3
5.0, -3.0, -5.0; 6
7.0, -3.0, -5.0; 1
-9.0, -2.0, -5.0; 6
-8.0, -2.0, -5.0; 14
-7.0, -2.0, -5.0; 17
-6.0, -2.0, -5.0; 8
-5.0, -2.0, -5.0; 16
-4.0, -2.0, -5.0; 48
-3.0, -2.0, -5.0; 647
-2.0, -2.0, -5.0; 226
-1.0, -2.0, -5.0; 11
0.0, -2.0, -5.0; 201
1.0, -2.0, -5.0; 387
2.0, -2.0, -5.0; 128
3.0, -2.0, -5.0; 5
4.0, -2.0, -5.0; 12
5.0, -2.0, -5.0; 3
6.0, -2.0, -5.0; 2
8.0, -2.0, -5.0; 1
-9.0, -1.0, -5.0; 8
-8.0, -1.0, -5.0; 17
-7.0, -1.0, -5.0; 66
-6.0, -1.0, -5.0; 11
-5.0, -1.0, -5.0; 5
-4.0, -1.0, -5.0; 23
-3.0, -1.0, -5.0; 64
-2.0, -1.0, -5.0; 55
-1.0, -1.0, -5.0; 20
0.0, -1.0, -5.0; 18
1.0, -1.0, -5.0; 92
2.0, -1.0, -5.0; 19
3.0, -1.0, -5.0; 8
4.0, -1.0, -5.0; 25
5.0, -1.0, -5.0; 2
6.0, -1.0, -5.0; 1
7.0, -1.0, -5.0; 2
-9.0, 0.0, -5.0; 6
-8.0, 0.0, -5.0; 12
-7.0, 0.0, -5.0; 88
-6.0, 0.0, -5.0; 6
-5.0, 0.0, -5.0; 11
-4.0, 0.0, -5.0; 17
-3.0, 0.0, -5.0; 22
-2.0, 0.0, -5.0; 16
-1.0, 0.0, -5.0; 11
0.0, 0.0, -5.0; 36
1.0, 0.0, -5.0; 8
2.0, 0.0, -5.0; 3
3.0, 0.0, -5.0; 45
4.0, 0.0, -5.0; 13
5.0, 0.0, -5.0; 1
6.0, 0.0, -5.0; 1
7.0, 0.0, -5.0; 1
-9.0, 1.0, -5.0; 10
-8.0, 1.0, -5.0; 24
-7.0, 1.0, -5.0; 18
-6.0, 1.0, -5.0; 20
-5.0, 1.0, -5.0; 30
-4.0, 1.0, -5.0; 27
-3.0, 1.0, -5.0; 21
-2.0, 1.0, -5.0; 4
-1.0, 1.0, -5.0; 6
0.0, 1.0, -5.0; 8
1.0, 1.0, -5.0; 1
2.0, 1.0, -5.0; 13
3.0, 1.0, -5.0; 11
4.0, 1.0, -5.0; 1
5.0, 1.0, -5.0; 3
6.0, 1.0, -5.0; 2
7.0, 1.0, -5.0; 2
-9.0, 2.0, -5.0; 13
-8.0, 2.0, -5.0; 23
-7.0, 2.0, -5.0; 6
-6.0, 2.0, -5.0; 54
-5.0, 2.0, -5.0; 113
-4.0, 2.0, -5.0; 90
-3.0, 2.0, -5.0; 28
-2.0, 2.0, -5.0; 23
-1.0, 2.0, -5.0; 76
0.0, 2.0, -5.0; 62
1.0, 2.0, -5.0; 14
2.0, 2.0, -5.0; 7
3.0, 2.0, -5.0; 8
4.0, 2.0, -5.0; 3
6.0, 2.0, -5.0; 1
7.0, 2.0, -5.0; 1
8.0, 2.0, -5.0; 1
-9.0, 3.0, -5.0; 5
-8.0, 3.0, -5.0; 16
-7.0, 3.0, -5.0; 7
-6.0, 3.0, -5.0; 13
-5.0, 3.0, -5.0; 80
-4.0, 3.0, -5.0; 52
-3.0, 3.0, -5.0; 14
-2.0, 3.0, -5.0; 10
-1.0, 3.0, -5.0; 74
0.0, 3.0, -5.0; 133
1.0, 3.0, -5.0; 18
2.0, 3.0, -5.0; 4
3.0, 3.0, -5.0; 15
4.0, 3.0, -5.0; 7
5.0, 3.0, -5.0; 1
-8.0, 4.0, -5.0; 14
-7.0, 4.0, -5.0; 23
-6.0, 4.0, -5.0; 28
-5.0, 4.0, -5.0; 23
-4.0, 4.0, -5.0; 14
-3.0, 4.0, -5.0; 16
-2.0, 4.0, -5.0; 42
-1.0, 4.0, -5.0; 30
0.0, 4.0, -5.0; 16
1.0, 4.0, -5.0; 2
2.0, 4.0, -5.0; 3
3.0, 4.0, -5.0; 4
4.0, 4.0, -5.0; 7
5.0, 4.0, -5.0; 3
-8.0, 5.0, -5.0; 2
-7.0, 5.0, -5.0; 21
-6.0, 5.0, -5.0; 28
-5.0, 5.0, -5.0; 35
-4.0, 5.0, -5.0; 20
-3.0, 5.0, -5.0; 2
-2.0, 5.0, -5.0; 13
-1.0, 5.0, -5.0; 6
0.0, 5.0, -5.0; 1
1.0, 5.0, -5.0; 4
2.0, 5.0, -5.0; 1
3.0, 5.0, -5.0; 4
4.0, 5.0, -5.0; 1
5.0, 5.0, -5.0; 1
-7.0, 6.0, -5.0; 7
-6.0, 6.0, -5.0; 12
-5.0, 6.0, -5.0; 12
-4.0, 6.0, -5.0; 25
-3.0, 6.0, -5.0; 18
-2.0, 6.0, -5.0; 6
-1.0, 6.0, -5.0; 4
0.0, 6.0, -5.0; 2
1.0, 6.0, -5.0; 9
2.0, 6.0, -5.0; 3
3.0, 6.0, -5.0; 2
4.0, 6.0, -5.0; 5
-6.0, 7.0, -5.0; 1
-5.0, 7.0, -5.0; 3
-4.0, 7.0, -5.0; 8
-3.0, 7.0, -5.0; 12
-2.0, 7.0, -5.0; 13
-1.0, 7.0, -5.0; 4
0.0, 7.0, -5.0; 5
1.0, 7.0, -5.0; 11
2.0, 7.0, -5.0; 5
3.0, 7.0, -5.0; 2
-5.0, 8.0, -5.0; 1
-4.0, 8.0, -5.0; 1
-3.0, 8.0, -5.0; 4
-2.0, 8.0, -5.0; 6
-1.0, 8.0, -5.0; 14
0.0, 8.0, -5.0; 30
1.0, 8.0, -5.0; 16
2.0, 8.0, -5.0; 7
-2.0, -10.0, -4.0; 4
-1.0, -10.0, -4.0; 7
0.0, -10.0, -4.0; 3
-4.0, -9.0, -4.0; 6
-3.0, -9.0, -4.0; 8
-2.0, -9.0, -4.0; 48
-1.0, -9.0, -4.0; 38
0.0, -9.0, -4.0; 22
1.0, -9.0, -4.0; 15
2.0, -9.0, -4.0; 6
3.0, -9.0, -4.0; 2
4.0, -9.0, -4.0; 2
-6.0, -8.0, -4.0; 6
-5.0, -8.0, -4.0; 12
-4.0, -8.0, -4.0; 16
-3.0, -8.0, -4.0; 18
-2.0, -8.0, -4.0; 154
-1.0, -8.0, -4.0; 327
0.0, -8.0, -4.0; 48
1.0, -8.0, -4.0; 2
2.0, -8.0, -4.0; 1
3.0, -8.0, -4.0; 6
4.0, -8.0, -4.0; 5
5.0, -8.0, -4.0; 2
-7.0, -7.0, -4.0; 13
-6.0, -7.0, -4.0; 15
-5.0, -7.0, -4.0; 9
-4.0, -7.0, -4.0; 1
-3.0, -7.0, -4.0; 2
-2.0, -7.0, -4.0; 1
-1.0, -7.0, -4.0; 24
0.0, -7.0, -4.0; 31
1.0, -7.0, -4.0; 10
2.0, -7.0, -4.0; 5
3.0, -7.0, -4.0; 2
4.0, -7.0, -4.0; 1
5.0, -7.0, -4.0; 4
6.0, -7.0, -4.0; 1
-8.0, -6.0, -4.0; 7
-7.0, -6.0, -4.0; 21
-6.0, -6.0, -4.0; 4
-5.0, -6.0, -4.0; 1
-2.0, -6.0, -4.0; 3
-1.0, -6.0, -4.0; 9
0.0, -6.0, -4.0; 28
1.0, -6.0, -4.0; 103
2.0, -6.0, -4.0; 20
3.0, -6.0, -4.0; 4
4.0, -6.0, -4.0; 1
5.0, -6.0, -4.0; 3
6.0, -6.0, -4.0; 1
-9.0, -5.0, -4.0; 4
-8.0, -5.0, -4.0; 29
-7.0, -5.0, -4.0; 16
-6.0, -5.0, -4.0; 6
-5.0, -5.0, -4.0; 2
-4.0, -5.0, -4.0; 3
-3.0, -5.0, -4.0; 11
-2.0, -5.0, -4.0; 44
-1.0, -5.0, -4.0; 193
0.0, -5.0, -4.0; 82
1.0, -5.0, -4.0; 83
2.0, -5.0, -4.0; 42
3.0, -5.0, -4.0; 2
4.0, -5.0, -4.0; 4
5.0, -5.0, -4.0; 3
6.0, -5.0, -4.0; 1
-9.0, -4.0, -4.0; 15
-8.0, -4.0, -4.0; 23
-7.0, -4.0, -4.0; 27
-6.0, -4.0, -4.0; 7
-5.0, -4.0, -4.0; 15
-4.0, -4.0, -4.0; 69
-3.0, -4.0, -4.0; 31
-2.0, -4.0, -4.0; 35
-1.0, -4.0, -4.0; 75
0.0, -4.0, -4.0; 19
1.0, -4.0, -4.0; 127
2.0, -4.0, -4.0; 165
3.0, -4.0, -4.0; 26
4.0, -4.0, -4.0; 2
5.0, -4.0, -4.0; 1
-9.0, -3.0, -4.0; 18
-8.0, -3.0, -4.0; 22
-7.0, -3.0, -4.0; 14
-6.0, -3.0, -4.0; 22
-5.0, -3.0, -4.0; 43
-4.0, -3.0, -4.0; 262
-3.0, -3.0, -4.0; 176
-2.0, -3.0, -4.0; 3
-1.0, -3.0, -4.0; 2
0.0, -3.0, -4.0; 2
1.0, -3.0, -4.0; 826
2.0, -3.0, -4.0; 350
3.0, -3.0, -4.0; 54
4.0, -3.0, -4.0; 6
5.0, -3.0, -4.0; 3
7.0, -3.0, -4.0; 1
-10.0, -2.0, -4.0; 2
-9.0, -2.0, -4.0; 12
-8.0, -2.0, -4.0; 27
-7.0, -2.0, -4.0; 27
-6.0, -2.0, -4.0; 22
-5.0, -2.0, -4.0; 40
-4.0, -2.0, -4.0; 62
-3.0, -2.0, -4.0; 19
-2.0, -2.0, -4.0; 1
1.0, -2.0, -4.0; 15
2.0, -2.0, -4.0; 28
3.0, -2.0, -4.0; 5
4.0, -2.0, -4.0; 3
5.0, -2.0, -4.0; 1
7.0, -2.0, -4.0; 2
-10.0, -1.0, -4.0; 3
-9.0, -1.0, -4.0; 6
-8.0, -1.0, -4.0; 21
-7.0, -1.0, -4.0; 72
-6.0, -1.0, -4.0; 5
-5.0, -1.0, -4.0; 8
-4.0, -1.0, -4.0; 6
-3.0, -1.0, -4.0; 1
1.0, -1.0, -4.0; 1
2.0, -1.0, -4.0; 2
3.0, -1.0, -4.0; 1
4.0, -1.0, -4.0; 1
5.0, -1.0, -4.0; 3
-10.0, 0.0, -4.0; 2
-9.0, 0.0, -4.0; 14
-8.0, 0.0, -4.0; 30
-7.0, 0.0, -4.0; 29
-6.0, 0.0, -4.0; 10
-5.0, 0.0, -4.0; 27
-4.0, 0.0, -4.0; 22
-3.0, 0.0, -4.0; 4
2.0, 0.0, -4.0; 2
3.0, 0.0, -4.0; 1
4.0, 0.0, -4.0; 1
-10.0, 1.0, -4.0; 1
-9.0, 1.0, -4.0; 9
-8.0, 1.0, -4.0; 22
-7.0, 1.0, -4.0; 9
-6.0, 1.0, -4.0; 76
-5.0, 1.0, -4.0; 76
-4.0, 1.0, -4.0; 25
-3.0, 1.0, -4.0; 1
1.0, 1.0, -4.0; 3
3.0, 1.0, -4.0; 4
4.0, 1.0, -4.0; 1
6.0, 1.0, -4.0; 1
-10.0, 2.0, -4.0; 1
-9.0, 2.0, -4.0; 17
-8.0, 2.0, -4.0; 16
-7.0, 2.0, -4.0; 8
-6.0, 2.0, -4.0; 155
-5.0, 2.0, -4.0; 61
-4.0, 2.0, -4.0; 11
-3.0, 2.0, -4.0; 1
-2.0, 2.0, -4.0; 3
-1.0, 2.0, -4.0; 4
0.0, 2.0, -4.0; 4
1.0, 2.0, -4.0; 2
2.0, 2.0, -4.0; 2
3.0, 2.0, -4.0; 8
4.0, 2.0, -4.0; 9
5.0, 2.0, -4.0; 3
6.0, 2.0, -4.0; 2
-9.0, 3.0, -4.0; 9
-8.0, 3.0, -4.0; 13
-7.0, 3.0, -4.0; 8
-6.0, 3.0, -4.0; 47
-5.0, 3.0, -4.0; 17
-4.0, 3.0, -4.0; 3
-3.0, 3.0, -4.0; 1
-1.0, 3.0, -4.0; 7
0.0, 3.0, -4.0; 18
1.0, 3.0, -4.0; 23
2.0, 3.0, -4.0; 6
3.0, 3.0, -4.0; 12
4.0, 3.0, -4.0; 11
5.0, 3.0, -4.0; 5
6.0, 3.0, -4.0; 3
7.0, 3.0, -4.0; 1
8.0, 3.0, -4.0; 2
-9.0, 4.0, -4.0; 6
-8.0, 4.0, -4.0; 33
-7.0, 4.0, -4.0; 18
-6.0, 4.0, -4.0; 18
-5.0, 4.0, -4.0; 7
-4.0, 4.0, -4.0; 2
-3.0, 4.0, -4.0; 21
-2.0, 4.0, -4.0; 61
-1.0, 4.0, -4.0; 50
0.0, 4.0, -4.0; 85
1.0, 4.0, -4.0; 36
2.0, 4.0, -4.0; 3
3.0, 4.0, -4.0; 8
4.0, 4.0, -4.0; 7
5.0, 4.0, -4.0; 2
6.0, 4.0, -4.0; 2
-8.0, 5.0, -4.0; 19
-7.0, 5.0, -4.0; 21
-6.0, 5.0, -4.0; 19
-5.0, 5.0, -4.0; 4
-3.0, 5.0, -4.0; 7
-2.0, 5.0, -4.0; 169
-1.0, 5.0, -4.0; 275
0.0, 5.0, -4.0; 118
1.0, 5.0, -4.0; 10
2.0, 5.0, -4.0; 2
3.0, 5.0, -4.0; 5
4.0, 5.0, -4.0; 4
6.0, 5.0, -4.0; 3
-7.0, 6.0, -4.0; 23
-6.0, 6.0, -4.0; 28
-5.0, 6.0, -4.0; 17
-4.0, 6.0, -4.0; 4
-3.0, 6.0, -4.0; 5
-2.0, 6.0, -4.0; 4
-1.0, 6.0, -4.0; 11
0.0, 6.0, -4.0; 8
1.0, 6.0, -4.0; 3
2.0, 6.0, -4.0; 4
3.0, 6.0, -4.0; 4
6.0, 6.0, -4.0; 1
-7.0, 7.0, -4.0; 1
-6.0, 7.0, -4.0; 6
-5.0, 7.0, -4.0; 8
-4.0, 7.0, -4.0; 8
-3.0, 7.0, -4.0; 12
-2.0, 7.0, -4.0; 13
-1.0, 7.0, -4.0; 3
0.0, 7.0, -4.0; 5
1.0, 7.0, -4.0; 6
2.0, 7.0, -4.0; 22
3.0, 7.0, -4.0; 4
4.0, 7.0, -4.0; 3
-5.0, 8.0, -4.0; 2
-4.0, 8.0, -4.0; 11
-3.0, 8.0, -4.0; 14
-2.0, 8.0, -4.0; 18
-1.0, 8.0, -4.0; 14
0.0, 8.0, -4.0; 21
1.0, 8.0, -4.0; 28
2.0, 8.0, -4.0; 18
3.0, 8.0, -4.0; 3
-2.0, 9.0, -4.0; 6
-1.0, 9.0, -4.0; 16
0.0, 9.0, -4.0; 12
1.0, 9.0, -4.0; 13
-4.0, -10.0, -3.0; 3
-3.0, -10.0, -3.0; 12
-2.0, -10.0, -3.0; 14
-1.0, -10.0, -3.0; 33
0.0, -10.0, -3.0; 23
1.0, -10.0, -3.0; 8
2.0, -10.0, -3.0; 1
-6.0, -9.0, -3.0; 1
-5.0, -9.0, -3.0; 3
-4.0, -9.0, -3.0; 10
-3.0, -9.0, -3.0; 16
-2.0, -9.0, -3.0; 35
-1.0, -9.0, -3.0; 44
0.0, -9.0, -3.0; 23
1.0, -9.0, -3.0; 17
2.0, -9.0, -3.0; 5
3.0, -9.0, -3.0; 4
-7.0, -8.0, -3.0; 3
-6.0, -8.0, -3.0; 13
-5.0, -8.0, -3.0; 15
-4.0, -8.0, -3.0; 14
-3.0, -8.0, -3.0; 13
-2.0, -8.0, -3.0; 23
-1.0, -8.0, -3.0; 27
0.0, -8.0, -3.0; 21
1.0, -8.0, -3.0; 1
2.0, -8.0, -3.0; 5
3.0, -8.0, -3.0; 4
4.0, -8.0, -3.0; 5
5.0, -8.0, -3.0; 2
-8.0, -7.0, -3.0; 4
-7.0, -7.0, -3.0; 27
-6.0, -7.0, -3.0; 5
-5.0, -7.0, -3.0; 8
-4.0, -7.0, -3.0; 1
-3.0, -7.0, -3.0; 1
-2.0, -7.0, -3.0; 2
-1.0, -7.0, -3.0; 5
0.0, -7.0, -3.0; 66
1.0, -7.0, -3.0; 82
2.0, -7.0, -3.0; 6
3.0, -7.0, -3.0; 5
5.0, -7.0, -3.0; 6
6.0, -7.0, -3.0; 2
-9.0, -6.0, -3.0; 2
-8.0, -6.0, -3.0; 19
-7.0, -6.0, -3.0; 14
-6.0, -6.0, -3.0; 4
-5.0, -6.0, -3.0; 1
-4.0, -6.0, -3.0; 1
-2.0, -6.0, -3.0; 2
-1.0, -6.0, -3.0; 43
0.0, -6.0, -3.0; 193
1.0, -6.0, -3.0; 2242
2.0, -6.0, -3.0; 78
3.0, -6.0, -3.0; 6
4.0, -6.0, -3.0; 2
5.0, -6.0, -3.0; 6
6.0, -6.0, -3.0; 3
-9.0, -5.0, -3.0; 20
-8.0, -5.0, -3.0; 57
-7.0, -5.0, -3.0; 12
-6.0, -5.0, -3.0; 3
-5.0, -5.0, -3.0; 1
-3.0, -5.0, -3.0; 1
-2.0, -5.0, -3.0; 2
-1.0, -5.0, -3.0; 17
0.0, -5.0, -3.0; 69
1.0, -5.0, -3.0; 62
2.0, -5.0, -3.0; 92
3.0, -5.0, -3.0; 6
4.0, -5.0, -3.0; 3
5.0, -5.0, -3.0; 2
6.0, -5.0, -3.0; 1
8.0, -5.0, -3.0; 1
-10.0, -4.0, -3.0; 2
-9.0, -4.0, -3.0; 36
-8.0, -4.0, -3.0; 49
-7.0, -4.0, -3.0; 29
-6.0, -4.0, -3.0; 12
-5.0, -4.0, -3.0; 28
-4.0, -4.0, -3.0; 3
-3.0, -4.0, -3.0; 1
-2.0, -4.0, -3.0; 1
1.0, -4.0, -3.0; 6
2.0, -4.0, -3.0; 43
3.0, -4.0, -3.0; 22
4.0, -4.0, -3.0; 2
6.0, -4.0, -3.0; 1
7.0, -4.0, -3.0; 3
-10.0, -3.0, -3.0; 6
-9.0, -3.0, -3.0; 21
-8.0, -3.0, -3.0; 16
-7.0, -3.0, -3.0; 16
-6.0, -3.0, -3.0; 26
-5.0, -3.0, -3.0; 104
-4.0, -3.0, -3.0; 2
-3.0, -3.0, -3.0; 6
0.0, -3.0, -3.0; 1
2.0, -3.0, -3.0; 5
3.0, -3.0, -3.0; 4
4.0, -3.0, -3.0; 2
5.0, -3.0, -3.0; 2
6.0, -3.0, -3.0; 1
7.0, -3.0, -3.0; 1
-10.0, -2.0, -3.0; 8
-9.0, -2.0, -3.0; 8
-8.0, -2.0, -3.0; 18
-7.0, -2.0, -3.0; 38
-6.0, -2.0, -3.0; 35
-5.0, -2.0, -3.0; 52
-4.0, -2.0, -3.0; 2
-3.0, -2.0, -3.0; 4
3.0, -2.0, -3.0; 1
5.0, -2.0, -3.0; 1
6.0, -2.0, -3.0; 1
7.0, -2.0, -3.0; 2
-10.0, -1.0, -3.0; 4
-9.0, -1.0, -3.0; 17
-8.0, -1.0, -3.0; 48
-7.0, -1.0, -3.0; 31
-6.0, -1.0, -3.0; 4
-5.0, -1.0, -3.0; 7
-4.0, -1.0, -3.0; 1
4.0, -1.0, -3.0; 4
5.0, -1.0, -3.0; 1
6.0, -1.0, -3.0; 1
-10.0, 0.0, -3.0; 6
-9.0, 0.0, -3.0; 7
-8.0, 0.0, -3.0; 26
-7.0, 0.0, -3.0; 4
-6.0, 0.0, -3.0; 46
-5.0, 0.0, -3.0; 21
-4.0, 0.0, -3.0; 2
6.0, 0.0, -3.0; 2
-10.0, 1.0, -3.0; 5
-9.0, 1.0, -3.0; 12
-8.0, 1.0, -3.0; 17
-7.0, 1.0, -3.0; 11
-6.0, 1.0, -3.0; 247
-5.0, 1.0, -3.0; 91
-4.0, 1.0, -3.0; 1
-3.0, 1.0, -3.0; 1
3.0, 1.0, -3.0; 1
4.0, 1.0, -3.0; 2
5.0, 1.0, -3.0; 1
7.0, 1.0, -3.0; 2
8.0, 1.0, -3.0; 1
-10.0, 2.0, -3.0; 1
-9.0, 2.0, -3.0; 17
-8.0, 2.0, -3.0; 20
-7.0, 2.0, -3.0; 18
-6.0, 2.0, -3.0; 128
-5.0, 2.0, -3.0; 28
-4.0, 2.0, -3.0; 1
3.0, 2.0, -3.0; 3
4.0, 2.0, -3.0; 3
5.0, 2.0, -3.0; 1
7.0, 2.0, -3.0; 2
-9.0, 3.0, -3.0; 14
-8.0, 3.0, -3.0; 18
-7.0, 3.0, -3.0; 6
-6.0, 3.0, -3.0; 44
-5.0, 3.0, -3.0; 5
-4.0, 3.0, -3.0; 1
-3.0, 3.0, -3.0; 1
-2.0, 3.0, -3.0; 2
-1.0, 3.0, -3.0; 3
0.0, 3.0, -3.0; 1
1.0, 3.0, -3.0; 1
2.0, 3.0, -3.0; 2
3.0, 3.0, -3.0; 5
4.0, 3.0, -3.0; 13
5.0, 3.0, -3.0; 7
6.0, 3.0, -3.0; 1
-9.0, 4.0, -3.0; 12
-8.0, 4.0, -3.0; 28
-7.0, 4.0, -3.0; 10
-6.0, 4.0, -3.0; 3
-5.0, 4.0, -3.0; 5
-4.0, 4.0, -3.0; 1
-1.0, 4.0, -3.0; 1
0.0, 4.0, -3.0; 15
1.0, 4.0, -3.0; 49
2.0, 4.0, -3.0; 12
3.0, 4.0, -3.0; 5
4.0, 4.0, -3.0; 22
5.0, 4.0, -3.0; 5
6.0, 4.0, -3.0; 1
-9.0, 5.0, -3.0; 5
-8.0, 5.0, -3.0; 39
-7.0, 5.0, -3.0; 19
-6.0, 5.0, -3.0; 1
-3.0, 5.0, -3.0; 2
-2.0, 5.0, -3.0; 39
-1.0, 5.0, -3.0; 208
0.0, 5.0, -3.0; 322
1.0, 5.0, -3.0; 91
2.0, 5.0, -3.0; 7
3.0, 5.0, -3.0; 7
4.0, 5.0, -3.0; 9
5.0, 5.0, -3.0; 8
6.0, 5.0, -3.0; 1
7.0, 5.0, -3.0; 2
-8.0, 6.0, -3.0; 8
-7.0, 6.0, -3.0; 23
-6.0, 6.0, -3.0; 28
-5.0, 6.0, -3.0; 13
-4.0, 6.0, -3.0; 2
-2.0, 6.0, -3.0; 18
-1.0, 6.0, -3.0; 115
0.0, 6.0, -3.0; 138
1.0, 6.0, -3.0; 22
3.0, 6.0, -3.0; 5
4.0, 6.0, -3.0; 1
5.0, 6.0, -3.0; 1
-7.0, 7.0, -3.0; 3
-6.0, 7.0, -3.0; 11
-5.0, 7.0, -3.0; 14
-4.0, 7.0, -3.0; 8
-3.0, 7.0, -3.0; 10
-2.0, 7.0, -3.0; 3
-1.0, 7.0, -3.0; 5
0.0, 7.0, -3.0; 2
1.0, 7.0, -3.0; 5
2.0, 7.0, -3.0; 7
3.0, 7.0, -3.0; 9
-5.0, 8.0, -3.0; 4
-4.0, 8.0, -3.0; 9
-3.0, 8.0, -3.0; 25
-2.0, 8.0, -3.0; 23
-1.0, 8.0, -3.0; 21
0.0, 8.0, -3.0; 20
1.0, 8.0, -3.0; 22
2.0, 8.0, -3.0; 12
3.0, 8.0, -3.0; 5
4.0, 8.0, -3.0; 1
-4.0, 9.0, -3.0; 1
-3.0, 9.0, -3.0; 1
-2.0, 9.0, -3.0; 8
-1.0, 9.0, -3.0; 21
0.0, 9.0, -3.0; 38
1.0, 9.0, -3.0; 30
2.0, 9.0, -3.0; 9
-4.0, -10.0, -2.0; 18
-3.0, -10.0, -2.0; 31
-2.0, -10.0, -2.0; 48
-1.0, -10.0, -2.0; 53
0.0, -10.0, -2.0; 33
1.0, -10.0, -2.0; 12
2.0, -10.0, -2.0; 3
3.0, -10.0, -2.0; 1
-6.0, -9.0, -2.0; 9
-5.0, -9.0, -2.0; 29
-4.0, -9.0, -2.0; 14
-3.0, -9.0, -2.0; 12
-2.0, -9.0, -2.0; 21
-1.0, -9.0, -2.0; 31
0.0, -9.0, -2.0; 29
1.0, -9.0, -2.0; 10
2.0, -9.0, -2.0; 7
3.0, -9.0, -2.0; 6
4.0, -9.0, -2.0; 4
-7.0, -8.0, -2.0; 8
-6.0, -8.0, -2.0; 23
-5.0, -8.0, -2.0; 8
-4.0, -8.0, -2.0; 10
-3.0, -8.0, -2.0; 8
-2.0, -8.0, -2.0; 9
-1.0, -8.0, -2.0; 14
0.0, -8.0, -2.0; 22
1.0, -8.0, -2.0; 7
2.0, -8.0, -2.0; 2
3.0, -8.0, -2.0; 2
4.0, -8.0, -2.0; 3
-8.0, -7.0, -2.0; 13
-7.0, -7.0, -2.0; 25
-6.0, -7.0, -2.0; 4
-5.0, -7.0, -2.0; 5
-4.0, -7.0, -2.0; 1
-3.0, -7.0, -2.0; 1
-2.0, -7.0, -2.0; 2
-1.0, -7.0, -2.0; 8
0.0, -7.0, -2.0; 88
1.0, -7.0, -2.0; 103
2.0, -7.0, -2.0; 13
3.0, -7.0, -2.0; 1
4.0, -7.0, -2.0; 5
5.0, -7.0, -2.0; 5
6.0, -7.0, -2.0; 1
-9.0, -6.0, -2.0; 4
-8.0, -6.0, -2.0; 31
-7.0, -6.0, -2.0; 20
-6.0, -6.0, -2.0; 4
-5.0, -6.0, -2.0; 1
-4.0, -6.0, -2.0; 1
-2.0, -6.0, -2.0; 1
-1.0, -6.0, -2.0; 24
0.0, -6.0, -2.0; 115
1.0, -6.0, -2.0; 1132
2.0, -6.0, -2.0; 82
3.0, -6.0, -2.0; 3
4.0, -6.0, -2.0; 3
5.0, -6.0, -2.0; 7
6.0, -6.0, -2.0; 1
8.0, -6.0, -2.0; 1
-9.0, -5.0, -2.0; 30
-8.0, -5.0, -2.0; 43
-7.0, -5.0, -2.0; 9
-6.0, -5.0, -2.0; 2
-5.0, -5.0, -2.0; 1
-2.0, -5.0, -2.0; 2
-1.0, -5.0, -2.0; 1
0.0, -5.0, -2.0; 4
1.0, -5.0, -2.0; 8
2.0, -5.0, -2.0; 34
3.0, -5.0, -2.0; 7
4.0, -5.0, -2.0; 2
5.0, -5.0, -2.0; 2
6.0, -5.0, -2.0; 1
7.0, -5.0, -2.0; 1
-10.0, -4.0, -2.0; 12
-9.0, -4.0, -2.0; 49
-8.0, -4.0, -2.0; 57
-7.0, -4.0, -2.0; 29
-6.0, -4.0, -2.0; 13
-5.0, -4.0, -2.0; 22
-4.0, -4.0, -2.0; 1
2.0, -4.0, -2.0; 12
3.0, -4.0, -2.0; 6
5.0, -4.0, -2.0; 1
7.0, -4.0, -2.0; 1
-10.0, -3.0, -2.0; 7
-9.0, -3.0, -2.0; 30
-8.0, -3.0, -2.0; 26
-7.0, -3.0, -2.0; 16
-6.0, -3.0, -2.0; 38
-5.0, -3.0, -2.0; 57
-4.0, -3.0, -2.0; 1
6.0, -3.0, -2.0; 1
7.0, -3.0, -2.0; 1
8.0, -3.0, -2.0; 1
-10.0, -2.0, -2.0; 4
-9.0, -2.0, -2.0; 10
-8.0, -2.0, -2.0; 20
-7.0, -2.0, -2.0; 40
-6.0, -2.0, -2.0; 27
-5.0, -2.0, -2.0; 22
3.0, -2.0, -2.0; 1
4.0, -2.0, -2.0; 1
6.0, -2.0, -2.0; 1
7.0, -2.0, -2.0; 1
8.0, -2.0, -2.0; 1
-10.0, -1.0, -2.0; 7
-9.0, -1.0, -2.0; 14
-8.0, -1.0, -2.0; 23
-7.0, -1.0, -2.0; 8
-6.0, -1.0, -2.0; 12
-5.0, -1.0, -2.0; 5
4.0, -1.0, -2.0; 1
6.0, -1.0, -2.0; 1
-10.0, 0.0, -2.0; 2
-9.0, 0.0, -2.0; 14
-8.0, 0.0, -2.0; 12
-7.0, 0.0, -2.0; 5
-6.0, 0.0, -2.0; 77
-5.0, 0.0, -2.0; 13
9.0, 0.0, -2.0; 1
-10.0, 1.0, -2.0; 5
-9.0, 1.0, -2.0; 9
-8.0, 1.0, -2.0; 8
-7.0, 1.0, -2.0; 4
-6.0, 1.0, -2.0; 2296
-5.0, 1.0, -2.0; 188
-10.0, 2.0, -2.0; 4
-9.0, 2.0, -2.0; 23
-8.0, 2.0, -2.0; 14
-7.0, 2.0, -2.0; 31
-6.0, 2.0, -2.0; 168
-5.0, 2.0, -2.0; 78
-4.0, 2.0, -2.0; 3
4.0, 2.0, -2.0; 1
5.0, 2.0, -2.0; 4
6.0, 2.0, -2.0; 1
-10.0, 3.0, -2.0; 2
-9.0, 3.0, -2.0; 25
-8.0, 3.0, -2.0; 19
-7.0, 3.0, -2.0; 17
-6.0, 3.0, -2.0; 34
-5.0, 3.0, -2.0; 7
-3.0, 3.0, -2.0; 1
-2.0, 3.0, -2.0; 1
-1.0, 3.0, -2.0; 1
2.0, 3.0, -2.0; 2
3.0, 3.0, -2.0; 1
4.0, 3.0, -2.0; 10
5.0, 3.0, -2.0; 4
7.0, 3.0, -2.0; 2
-9.0, 4.0, -2.0; 21
-8.0, 4.0, -2.0; 28
-7.0, 4.0, -2.0; 9
-6.0, 4.0, -2.0; 17
-5.0, 4.0, -2.0; 18
-1.0, 4.0, -2.0; 2
0.0, 4.0, -2.0; 1
1.0, 4.0, -2.0; 5
2.0, 4.0, -2.0; 11
4.0, 4.0, -2.0; 12
5.0, 4.0, -2.0; 6
6.0, 4.0, -2.0; 2
-9.0, 5.0, -2.0; 6
-8.0, 5.0, -2.0; 34
-7.0, 5.0, -2.0; 18
-6.0, 5.0, -2.0; 1
-5.0, 5.0, -2.0; 4
-4.0, 5.0, -2.0; 2
-3.0, 5.0, -2.0; 2
-2.0, 5.0, -2.0; 1
-1.0, 5.0, -2.0; 15
0.0, 5.0, -2.0; 97
1.0, 5.0, -2.0; 111
2.0, 5.0, -2.0; 9
3.0, 5.0, -2.0; 5
4.0, 5.0, -2.0; 7
5.0, 5.0, -2.0; 1
7.0, 5.0, -2.0; 1
-8.0, 6.0, -2.0; 19
-7.0, 6.0, -2.0; 69
-6.0, 6.0, -2.0; 70
-5.0, 6.0, -2.0; 23
-4.0, 6.0, -2.0; 2
-3.0, 6.0, -2.0; 3
-2.0, 6.0, -2.0; 36
-1.0, 6.0, -2.0; 140
0.0, 6.0, -2.0; 266
1.0, 6.0, -2.0; 79
2.0, 6.0, -2.0; 1
3.0, 6.0, -2.0; 10
4.0, 6.0, -2.0; 4
5.0, 6.0, -2.0; 1
-7.0, 7.0, -2.0; 5
-6.0, 7.0, -2.0; 28
-5.0, 7.0, -2.0; 54
-4.0, 7.0, -2.0; 20
-3.0, 7.0, -2.0; 5
-2.0, 7.0, -2.0; 6
-1.0, 7.0, -2.0; 12
0.0, 7.0, -2.0; 8
1.0, 7.0, -2.0; 6
2.0, 7.0, -2.0; 9
3.0, 7.0, -2.0; 8
5.0, 7.0, -2.0; 1
-6.0, 8.0, -2.0; 1
-5.0, 8.0, -2.0; 7
-4.0, 8.0, -2.0; 14
-3.0, 8.0, -2.0; 28
-2.0, 8.0, -2.0; 26
-1.0, 8.0, -2.0; 11
0.0, 8.0, -2.0; 14
1.0, 8.0, -2.0; 22
2.0, 8.0, -2.0; 13
3.0, 8.0, -2.0; 5
4.0, 8.0, -2.0; 1
-5.0, 9.0, -2.0; 1
-3.0, 9.0, -2.0; 9
-2.0, 9.0, -2.0; 18
-1.0, 9.0, -2.0; 21
0.0, 9.0, -2.0; 34
1.0, 9.0, -2.0; 24
2.0, 9.0, -2.0; 9
-5.0, -10.0, -1.0; 3
-4.0, -10.0, -1.0; 30
-3.0, -10.0, -1.0; 49
-2.0, -10.0, -1.0; 58
-1.0, -10.0, -1.0; 48
0.0, -10.0, -1.0; 29
1.0, -10.0, -1.0; 18
2.0, -10.0, -1.0; 3
3.0, -10.0, -1.0; 2
-6.0, -9.0, -1.0; 20
-5.0, -9.0, -1.0; 45
-4.0, -9.0, -1.0; 25
-3.0, -9.0, -1.0; 21
-2.0, -9.0, -1.0; 23
-1.0, -9.0, -1.0; 24
0.0, -9.0, -1.0; 29
1.0, -9.0, -1.0; 27
2.0, -9.0, -1.0; 8
3.0, -9.0, -1.0; 4
4.0, -9.0, -1.0; 1
5.0, -9.0, -1.0; 1
-7.0, -8.0, -1.0; 25
-6.0, -8.0, -1.0; 45
-5.0, -8.0, -1.0; 14
-3.0, -8.0, -1.0; 3
-2.0, -8.0, -1.0; 8
-1.0, -8.0, -1.0; 45
0.0, -8.0, -1.0; 14
1.0, -8.0, -1.0; 9
2.0, -8.0, -1.0; 4
3.0, -8.0, -1.0; 5
4.0, -8.0, -1.0; 2
6.0, -8.0, -1.0; 1
-8.0, -7.0, -1.0; 13
-7.0, -7.0, -1.0; 39
-6.0, -7.0, -1.0; 14
-4.0, -7.0, -1.0; 2
-3.0, -7.0, -1.0; 1
-2.0, -7.0, -1.0; 18
-1.0, -7.0, -1.0; 99
0.0, -7.0, -1.0; 147
1.0, -7.0, -1.0; 47
2.0, -7.0, -1.0; 5
3.0, -7.0, -1.0; 6
4.0, -7.0, -1.0; 4
5.0, -7.0, -1.0; 3
6.0, -7.0, -1.0; 3
-9.0, -6.0, -1.0; 9
-8.0, -6.0, -1.0; 47
-7.0, -6.0, -1.0; 49
-6.0, -6.0, -1.0; 3
-5.0, -6.0, -1.0; 2
-4.0, -6.0, -1.0; 2
-3.0, -6.0, -1.0; 1
-2.0, -6.0, -1.0; 5
-1.0, -6.0, -1.0; 28
0.0, -6.0, -1.0; 45
1.0, -6.0, -1.0; 53
2.0, -6.0, -1.0; 19
3.0, -6.0, -1.0; 5
4.0, -6.0, -1.0; 1
5.0, -6.0, -1.0; 1
-10.0, -5.0, -1.0; 1
-9.0, -5.0, -1.0; 24
-8.0, -5.0, -1.0; 66
-7.0, -5.0, -1.0; 20
-6.0, -5.0, -1.0; 16
-4.0, -5.0, -1.0; 2
-3.0, -5.0, -1.0; 1
0.0, -5.0, -1.0; 1
1.0, -5.0, -1.0; 3
2.0, -5.0, -1.0; 20
3.0, -5.0, -1.0; 5
4.0, -5.0, -1.0; 3
5.0, -5.0, -1.0; 2
7.0, -5.0, -1.0; 1
-10.0, -4.0, -1.0; 8
-9.0, -4.0, -1.0; 45
-8.0, -4.0, -1.0; 51
-7.0, -4.0, -1.0; 46
-6.0, -4.0, -1.0; 26
-5.0, -4.0, -1.0; 12
2.0, -4.0, -1.0; 2
3.0, -4.0, -1.0; 1
6.0, -4.0, -1.0; 1
-10.0, -3.0, -1.0; 12
-9.0, -3.0, -1.0; 37
-8.0, -3.0, -1.0; 21
-7.0, -3.0, -1.0; 23
-6.0, -3.0, -1.0; 31
-5.0, -3.0, -1.0; 23
-4.0, -3.0, -1.0; 1
3.0, -3.0, -1.0; 2
4.0, -3.0, -1.0; 1
5.0, -3.0, -1.0; 1
7.0, -3.0, -1.0; 1
8.0, -3.0, -1.0; 1
-10.0, -2.0, -1.0; 10
-9.0, -2.0, -1.0; 21
-8.0, -2.0, -1.0; 32
-7.0, -2.0, -1.0; 78
-6.0, -2.0, -1.0; 61
-5.0, -2.0, -1.0; 2
6.0, -2.0, -1.0; 1
7.0, -2.0, -1.0; 1
-10.0, -1.0, -1.0; 4
-9.0, -1.0, -1.0; 11
-8.0, -1.0, -1.0; 16
-7.0, -1.0, -1.0; 23
-6.0, -1.0, -1.0; 7
-5.0, -1.0, -1.0; 2
5.0, -1.0, -1.0; 1
-10.0, 0.0, -1.0; 5
-9.0, 0.0, -1.0; 10
-8.0, 0.0, -1.0; 9
-7.0, 0.0, -1.0; 11
-6.0, 0.0, -1.0; 40
-5.0, 0.0, -1.0; 6
7.0, 0.0, -1.0; 1
-10.0, 1.0, -1.0; 8
-9.0, 1.0, -1.0; 13
-8.0, 1.0, -1.0; 2
-7.0, 1.0, -1.0; 8
-6.0, 1.0, -1.0; 5821
-5.0, 1.0, -1.0; 416
4.0, 1.0, -1.0; 1
8.0, 1.0, -1.0; 2
-10.0, 2.0, -1.0; 2
-9.0, 2.0, -1.0; 15
-8.0, 2.0, -1.0; 10
-7.0, 2.0, -1.0; 13
-6.0, 2.0, -1.0; 322
-5.0, 2.0, -1.0; 300
-4.0, 2.0, -1.0; 1
3.0, 2.0, -1.0; 1
4.0, 2.0, -1.0; 3
5.0, 2.0, -1.0; 1
9.0, 2.0, -1.0; 1
-10.0, 3.0, -1.0; 2
-9.0, 3.0, -1.0; 20
-8.0, 3.0, -1.0; 15
-7.0, 3.0, -1.0; 15
-6.0, 3.0, -1.0; 46
-5.0, 3.0, -1.0; 24
-4.0, 3.0, -1.0; 1
-3.0, 3.0, -1.0; 1
3.0, 3.0, -1.0; 4
4.0, 3.0, -1.0; 1
5.0, 3.0, -1.0; 2
6.0, 3.0, -1.0; 1
7.0, 3.0, -1.0; 1
-9.0, 4.0, -1.0; 25
-8.0, 4.0, -1.0; 38
-7.0, 4.0, -1.0; 9
-6.0, 4.0, -1.0; 18
-5.0, 4.0, -1.0; 52
-4.0, 4.0, -1.0; 2
-3.0, 4.0, -1.0; 1
-2.0, 4.0, -1.0; 4
-1.0, 4.0, -1.0; 1
1.0, 4.0, -1.0; 3
2.0, 4.0, -1.0; 6
3.0, 4.0, -1.0; 4
4.0, 4.0, -1.0; 6
5.0, 4.0, -1.0; 5
6.0, 4.0, -1.0; 1
7.0, 4.0, -1.0; 1
-9.0, 5.0, -1.0; 11
-8.0, 5.0, -1.0; 35
-7.0, 5.0, -1.0; 37
-6.0, 5.0, -1.0; 6
-5.0, 5.0, -1.0; 14
-4.0, 5.0, -1.0; 22
-3.0, 5.0, -1.0; 6
-2.0, 5.0, -1.0; 2
-1.0, 5.0, -1.0; 5
0.0, 5.0, -1.0; 29
1.0, 5.0, -1.0; 43
2.0, 5.0, -1.0; 4
3.0, 5.0, -1.0; 3
4.0, 5.0, -1.0; 6
5.0, 5.0, -1.0; 1
6.0, 5.0, -1.0; 1
7.0, 5.0, -1.0; 1
8.0, 5.0, -1.0; 2
-8.0, 6.0, -1.0; 26
-7.0, 6.0, -1.0; 357
-6.0, 6.0, -1.0; 1438
-5.0, 6.0, -1.0; 88
-4.0, 6.0, -1.0; 15
-3.0, 6.0, -1.0; 18
-2.0, 6.0, -1.0; 74
-1.0, 6.0, -1.0; 184
0.0, 6.0, -1.0; 266
1.0, 6.0, -1.0; 84
2.0, 6.0, -1.0; 3
3.0, 6.0, -1.0; 4
4.0, 6.0, -1.0; 3
6.0, 6.0, -1.0; 1
-7.0, 7.0, -1.0; 15
-6.0, 7.0, -1.0; 111
-5.0, 7.0, -1.0; 141
-4.0, 7.0, -1.0; 40
-3.0, 7.0, -1.0; 16
-2.0, 7.0, -1.0; 20
-1.0, 7.0, -1.0; 46
0.0, 7.0, -1.0; 25
1.0, 7.0, -1.0; 4
2.0, 7.0, -1.0; 12
3.0, 7.0, -1.0; 1
4.0, 7.0, -1.0; 3
5.0, 7.0, -1.0; 2
6.0, 7.0, -1.0; 1
-6.0, 8.0, -1.0; 3
-5.0, 8.0, -1.0; 11
-4.0, 8.0, -1.0; 31
-3.0, 8.0, -1.0; 41
-2.0, 8.0, -1.0; 27
-1.0, 8.0, -1.0; 13
0.0, 8.0, -1.0; 12
1.0, 8.0, -1.0; 11
2.0, 8.0, -1.0; 7
5.0, 8.0, -1.0; 1
-5.0, 9.0, -1.0; 1
-4.0, 9.0, -1.0; 7
-3.0, 9.0, -1.0; 18
-2.0, 9.0, -1.0; 28
-1.0, 9.0, -1.0; 35
0.0, 9.0, -1.0; 42
1.0, 9.0, -1.0; 50
2.0, 9.0, -1.0; 17
-5.0, -10.0, 0.0; 2
-4.0, -10.0, 0.0; 25
-3.0, -10.0, 0.0; 31
-2.0, -10.0, 0.0; 49
-1.0, -10.0, 0.0; 31
0.0, -10.0, 0.0; 24
1.0, -10.0, 0.0; 11
2.0, -10.0, 0.0; 1
-6.0, -9.0, 0.0; 21
-5.0, -9.0, 0.0; 47
-4.0, -9.0, 0.0; 39
-3.0, -9.0, 0.0; 24
-2.0, -9.0, 0.0; 21
-1.0, -9.0, 0.0; 26
0.0, -9.0, 0.0; 25
1.0, -9.0, 0.0; 15
2.0, -9.0, 0.0; 9
3.0, -9.0, 0.0; 2
-7.0, -8.0, 0.0; 16
-6.0, -8.0, 0.0; 56
-5.0, -8.0, 0.0; 26
-4.0, -8.0, 0.0; 4
-3.0, -8.0, 0.0; 2
-2.0, -8.0, 0.0; 26
-1.0, -8.0, 0.0; 31
0.0, -8.0, 0.0; 12
1.0, -8.0, 0.0; 14
2.0, -8.0, 0.0; 11
3.0, -8.0, 0.0; 5
4.0, -8.0, 0.0; 3
5.0, -8.0, 0.0; 1
6.0, -8.0, 0.0; 1
-8.0, -7.0, 0.0; 14
-7.0, -7.0, 0.0; 41
-6.0, -7.0, 0.0; 22
-5.0, -7.0, 0.0; 8
-4.0, -7.0, 0.0; 16
-3.0, -7.0, 0.0; 83
-2.0, -7.0, 0.0; 181
-1.0, -7.0, 0.0; 257
0.0, -7.0, 0.0; 148
1.0, -7.0, 0.0; 31
2.0, -7.0, 0.0; 17
3.0, -7.0, 0.0; 15
4.0, -7.0, 0.0; 6
5.0, -7.0, 0.0; 1
6.0, -7.0, 0.0; 3
7.0, -7.0, 0.0; 1
-9.0, -6.0, 0.0; 5
-8.0, -6.0, 0.0; 50
-7.0, -6.0, 0.0; 64
-6.0, -6.0, 0.0; 16
-5.0, -6.0, 0.0; 33
-4.0, -6.0, 0.0; 8
-3.0, -6.0, 0.0; 22
-2.0, -6.0, 0.0; 78
-1.0, -6.0, 0.0; 46
0.0, -6.0, 0.0; 27
1.0, -6.0, 0.0; 30
2.0, -6.0, 0.0; 23
3.0, -6.0, 0.0; 16
4.0, -6.0, 0.0; 1
7.0, -6.0, 0.0; 2
-10.0, -5.0, 0.0; 1
-9.0, -5.0, 0.0; 18
-8.0, -5.0, 0.0; 80
-7.0, -5.0, 0.0; 58
-6.0, -5.0, 0.0; 145
-5.0, -5.0, 0.0; 8
-4.0, -5.0, 0.0; 3
-3.0, -5.0, 0.0; 6
-2.0, -5.0, 0.0; 7
0.0, -5.0, 0.0; 1
1.0, -5.0, 0.0; 1
2.0, -5.0, 0.0; 13
3.0, -5.0, 0.0; 2
4.0, -5.0, 0.0; 3
-10.0, -4.0, 0.0; 4
-9.0, -4.0, 0.0; 39
-8.0, -4.0, 0.0; 54
-7.0, -4.0, 0.0; 58
-6.0, -4.0, 0.0; 101
-5.0, -4.0, 0.0; 9
-4.0, -4.0, 0.0; 3
-3.0, -4.0, 0.0; 1
2.0, -4.0, 0.0; 1
3.0, -4.0, 0.0; 1
4.0, -4.0, 0.0; 1
5.0, -4.0, 0.0; 1
-10.0, -3.0, 0.0; 7
-9.0, -3.0, 0.0; 39
-8.0, -3.0, 0.0; 44
-7.0, -3.0, 0.0; 29
-6.0, -3.0, 0.0; 29
-5.0, -3.0, 0.0; 13
3.0, -3.0, 0.0; 1
4.0, -3.0, 0.0; 1
5.0, -3.0, 0.0; 1
-10.0, -2.0, 0.0; 15
-9.0, -2.0, 0.0; 19
-8.0, -2.0, 0.0; 19
-7.0, -2.0, 0.0; 22
-6.0, -2.0, 0.0; 86
-5.0, -2.0, 0.0; 2
4.0, -2.0, 0.0; 1
5.0, -2.0, 0.0; 2
6.0, -2.0, 0.0; 1
7.0, -2.0, 0.0; 1
-10.0, -1.0, 0.0; 12
-9.0, -1.0, 0.0; 9
-8.0, -1.0, 0.0; 25
-7.0, -1.0, 0.0; 50
-6.0, -1.0, 0.0; 16
-5.0, -1.0, 0.0; 3
5.0, -1.0, 0.0; 1
6.0, -1.0, 0.0; 1
-10.0, 0.0, 0.0; 4
-9.0, 0.0, 0.0; 11
-8.0, 0.0, 0.0; 3
-7.0, 0.0, 0.0; 17
-6.0, 0.0, 0.0; 19
-5.0, 0.0, 0.0; 4
6.0
27.8122692417
