7.0, 0.0, 0.0; 1
-10.0, 1.0, 0.0; 3
-9.0, 1.0, 0.0; 7
-8.0, 1.0, 0.0; 11
-7.0, 1.0, 0.0; 8
-6.0, 1.0, 0.0; 168
-5.0, 1.0, 0.0; 88
6.0, 1.0, 0.0; 1
8.0, 1.0, 0.0; 2
-10.0, 2.0, 0.0; 3
-9.0, 2.0, 0.0; 18
-8.0, 2.0, 0.0; 14
-7.0, 2.0, 0.0; 4
-6.0, 2.0, 0.0; 71
-5.0, 2.0, 0.0; 170
-4.0, 2.0, 0.0; 1
6.0, 2.0, 0.0; 3
7.0, 2.0, 0.0; 2
-10.0, 3.0, 0.0; 1
-9.0, 3.0, 0.0; 17
-8.0, 3.0, 0.0; 34
-7.0, 3.0, 0.0; 16
-6.0, 3.0, 0.0; 25
-5.0, 3.0, 0.0; 51
-4.0, 3.0, 0.0; 1
4.0, 3.0, 0.0; 3
5.0, 3.0, 0.0; 1
-9.0, 4.0, 0.0; 20
-8.0, 4.0, 0.0; 54
-7.0, 4.0, 0.0; 31
-6.0, 4.0, 0.0; 43
-5.0, 4.0, 0.0; 125
-4.0, 4.0, 0.0; 31
-2.0, 4.0, 0.0; 1
1.0, 4.0, 0.0; 1
2.0, 4.0, 0.0; 5
3.0, 4.0, 0.0; 2
4.0, 4.0, 0.0; 3
5.0, 4.0, 0.0; 3
8.0, 4.0, 0.0; 1
-9.0, 5.0, 0.0; 3
-8.0, 5.0, 0.0; 19
-7.0, 5.0, 0.0; 60
-6.0, 5.0, 0.0; 13
-5.0, 5.0, 0.0; 28
-4.0, 5.0, 0.0; 131
-3.0, 5.0, 0.0; 76
-2.0, 5.0, 0.0; 20
-1.0, 5.0, 0.0; 16
0.0, 5.0, 0.0; 24
1.0, 5.0, 0.0; 20
2.0, 5.0, 0.0; 3
3.0, 5.0, 0.0; 7
4.0, 5.0, 0.0; 2
5.0, 5.0, 0.0; 2
6.0, 5.0, 0.0; 1
7.0, 5.0, 0.0; 1
-8.0, 6.0, 0.0; 15
-7.0, 6.0, 0.0; 172
-6.0, 6.0, 0.0; 1098
-5.0, 6.0, 0.0; 143
-4.0, 6.0, 0.0; 39
-3.0, 6.0, 0.0; 59
-2.0, 6.0, 0.0; 79
-1.0, 6.0, 0.0; 117
0.0, 6.0, 0.0; 106
1.0, 6.0, 0.0; 20
2.0, 6.0, 0.0; 2
3.0, 6.0, 0.0; 6
4.0, 6.0, 0.0; 2
5.0, 6.0, 0.0; 1
6.0, 6.0, 0.0; 2
-7.0, 7.0, 0.0; 9
-6.0, 7.0, 0.0; 87
-5.0, 7.0, 0.0; 143
-4.0, 7.0, 0.0; 19
-3.0, 7.0, 0.0; 5
-2.0, 7.0, 0.0; 39
-1.0, 7.0, 0.0; 90
0.0, 7.0, 0.0; 26
1.0, 7.0, 0.0; 6
2.0, 7.0, 0.0; 14
3.0, 7.0, 0.0; 4
4.0, 7.0, 0.0; 1
5.0, 7.0, 0.0; 1
-6.0, 8.0, 0.0; 3
-5.0, 8.0, 0.0; 7
-4.0, 8.0, 0.0; 17
-3.0, 8.0, 0.0; 14
-2.0, 8.0, 0.0; 9
-1.0, 8.0, 0.0; 15
0.0, 8.0, 0.0; 8
1.0, 8.0, 0.0; 13
2.0, 8.0, 0.0; 8
3.0, 8.0, 0.0; 2
-4.0, 9.0, 0.0; 5
-3.0, 9.0, 0.0; 22
-2.0, 9.0, 0.0; 19
-1.0, 9.0, 0.0; 20
0.0, 9.0, 0.0; 24
1.0, 9.0, 0.0; 12
2.0, 9.0, 0.0; 7
3.0, 9.0, 0.0; 1
-4.0, -10.0, 1.0; 11
-3.0, -10.0, 1.0; 21
-2.0, -10.0, 1.0; 23
-1.0, -10.0, 1.0; 14
0.0, -10.0, 1.0; 8
1.0, -10.0, 1.0; 3
2.0, -10.0, 1.0; 4
3.0, -10.0, 1.0; 3
-6.0, -9.0, 1.0; 12
-5.0, -9.0, 1.0; 22
-4.0, -9.0, 1.0; 32
-3.0, -9.0, 1.0; 32
-2.0, -9.0, 1.0; 26
-1.0, -9.0, 1.0; 26
0.0, -9.0, 1.0; 18
1.0, -9.0, 1.0; 7
2.0, -9.0, 1.0; 11
3.0, -9.0, 1.0; 2
4.0, -9.0, 1.0; 4
-7.0, -8.0, 1.0; 12
-6.0, -8.0, 1.0; 36
-5.0, -8.0, 1.0; 21
-4.0, -8.0, 1.0; 8
-3.0, -8.0, 1.0; 3
-2.0, -8.0, 1.0; 8
-1.0, -8.0, 1.0; 4
0.0, -8.0, 1.0; 3
1.0, -8.0, 1.0; 2
2.0, -8.0, 1.0; 7
3.0, -8.0, 1.0; 1
4.0, -8.0, 1.0; 5
5.0, -8.0, 1.0; 5
6.0, -8.0, 1.0; 2
-8.0, -7.0, 1.0; 10
-7.0, -7.0, 1.0; 46
-6.0, -7.0, 1.0; 25
-5.0, -7.0, 1.0; 1
-4.0, -7.0, 1.0; 66
-3.0, -7.0, 1.0; 197
-2.0, -7.0, 1.0; 225
-1.0, -7.0, 1.0; 173
0.0, -7.0, 1.0; 60
1.0, -7.0, 1.0; 12
2.0, -7.0, 1.0; 16
3.0, -7.0, 1.0; 6
4.0, -7.0, 1.0; 2
5.0, -7.0, 1.0; 4
6.0, -7.0, 1.0; 1
7.0, -7.0, 1.0; 1
-9.0, -6.0, 1.0; 3
-8.0, -6.0, 1.0; 16
-7.0, -6.0, 1.0; 26
-6.0, -6.0, 1.0; 12
-5.0, -6.0, 1.0; 122
-4.0, -6.0, 1.0; 216
-3.0, -6.0, 1.0; 139
-2.0, -6.0, 1.0; 100
-1.0, -6.0, 1.0; 92
0.0, -6.0, 1.0; 31
1.0, -6.0, 1.0; 18
2.0, -6.0, 1.0; 20
3.0, -6.0, 1.0; 8
4.0, -6.0, 1.0; 2
5.0, -6.0, 1.0; 3
-9.0, -5.0, 1.0; 4
-8.0, -5.0, 1.0; 33
-7.0, -5.0, 1.0; 14
-6.0, -5.0, 1.0; 72
-5.0, -5.0, 1.0; 128
-4.0, -5.0, 1.0; 12
-3.0, -5.0, 1.0; 52
-2.0, -5.0, 1.0; 38
-1.0, -5.0, 1.0; 5
1.0, -5.0, 1.0; 5
2.0, -5.0, 1.0; 12
4.0, -5.0, 1.0; 1
7.0, -5.0, 1.0; 1
-10.0, -4.0, 1.0; 1
-9.0, -4.0, 1.0; 7
-8.0, -4.0, 1.0; 31
-7.0, -4.0, 1.0; 7
-6.0, -4.0, 1.0; 73
-5.0, -4.0, 1.0; 16
-4.0, -4.0, 1.0; 2
-3.0, -4.0, 1.0; 1
2.0, -4.0, 1.0; 2
3.0, -4.0, 1.0; 2
4.0, -4.0, 1.0; 1
7.0, -4.0, 1.0; 1
-10.0, -3.0, 1.0; 3
-9.0, -3.0, 1.0; 14
-8.0, -3.0, 1.0; 28
-7.0, -3.0, 1.0; 2
-6.0, -3.0, 1.0; 3
-5.0, -3.0, 1.0; 3
3.0, -3.0, 1.0; 3
4.0, -3.0, 1.0; 2
5.0, -3.0, 1.0; 2
-10.0, -2.0, 1.0; 5
-9.0, -2.0, 1.0; 18
-8.0, -2.0, 1.0; 16
-7.0, -2.0, 1.0; 5
-6.0, -2.0, 1.0; 20
-5.0, -2.0, 1.0; 12
5.0, -2.0, 1.0; 2
6.0, -2.0, 1.0; 1
8.0, -2.0, 1.0; 1
-10.0, -1.0, 1.0; 8
-9.0, -1.0, 1.0; 2
-8.0, -1.0, 1.0; 10
-7.0, -1.0, 1.0; 10
-6.0, -1.0, 1.0; 20
-5.0, -1.0, 1.0; 4
-4.0, -1.0, 1.0; 2
4.0, -1.0, 1.0; 2
6.0, -1.0, 1.0; 1
-10.0, 0.0, 1.0; 7
-9.0, 0.0, 1.0; 9
-8.0, 0.0, 1.0; 15
-7.0, 0.0, 1.0; 21
-6.0, 0.0, 1.0; 41
-5.0, 0.0, 1.0; 9
7.0, 0.0, 1.0; 1
-10.0, 1.0, 1.0; 5
-9.0, 1.0, 1.0; 8
-8.0, 1.0, 1.0; 21
-7.0, 1.0, 1.0; 17
-6.0, 1.0, 1.0; 31
-5.0, 1.0, 1.0; 32
6.0, 1.0, 1.0; 1
-10.0, 2.0, 1.0; 2
-9.0, 2.0, 1.0; 14
-8.0, 2.0, 1.0; 14
-7.0, 2.0, 1.0; 10
-6.0, 2.0, 1.0; 16
-5.0, 2.0, 1.0; 73
-4.0, 2.0, 1.0; 1
-3.0, 2.0, 1.0; 1
2.0, 2.0, 1.0; 1
-10.0, 3.0, 1.0; 1
-9.0, 3.0, 1.0; 15
-8.0, 3.0, 1.0; 45
-7.0, 3.0, 1.0; 29
-6.0, 3.0, 1.0; 17
-5.0, 3.0, 1.0; 45
-4.0, 3.0, 1.0; 37
-3.0, 3.0, 1.0; 2
2.0, 3.0, 1.0; 2
3.0, 3.0, 1.0; 1
4.0, 3.0, 1.0; 5
5.0, 3.0, 1.0; 1
6.0, 3.0, 1.0; 1
-9.0, 4.0, 1.0; 7
-8.0, 4.0, 1.0; 33
-7.0, 4.0, 1.0; 51
-6.0, 4.0, 1.0; 49
-5.0, 4.0, 1.0; 33
-4.0, 4.0, 1.0; 29
-3.0, 4.0, 1.0; 18
-2.0, 4.0, 1.0; 8
-1.0, 4.0, 1.0; 1
0.0, 4.0, 1.0; 4
1.0, 4.0, 1.0; 18
2.0, 4.0, 1.0; 4
3.0, 4.0, 1.0; 5
4.0, 4.0, 1.0; 4
-9.0, 5.0, 1.0; 5
-8.0, 5.0, 1.0; 25
-7.0, 5.0, 1.0; 49
-6.0, 5.0, 1.0; 17
-5.0, 5.0, 1.0; 50
-4.0, 5.0, 1.0; 277
-3.0, 5.0, 1.0; 2100
-2.0, 5.0, 1.0; 570
-1.0, 5.0, 1.0; 26
0.0, 5.0, 1.0; 23
1.0, 5.0, 1.0; 17
2.0, 5.0, 1.0; 2
3.0, 5.0, 1.0; 8
5.0, 5.0, 1.0; 1
6.0, 5.0, 1.0; 1
-8.0, 6.0, 1.0; 13
-7.0, 6.0, 1.0; 64
-6.0, 6.0, 1.0; 153
-5.0, 6.0, 1.0; 65
-4.0, 6.0, 1.0; 78
-3.0, 6.0, 1.0; 98
-2.0, 6.0, 1.0; 70
-1.0, 6.0, 1.0; 31
0.0, 6.0, 1.0; 18
1.0, 6.0, 1.0; 3
2.0, 6.0, 1.0; 3
3.0, 6.0, 1.0; 1
5.0, 6.0, 1.0; 1
-7.0, 7.0, 1.0; 7
-6.0, 7.0, 1.0; 36
-5.0, 7.0, 1.0; 52
-4.0, 7.0, 1.0; 17
-3.0, 7.0, 1.0; 4
-2.0, 7.0, 1.0; 10
-1.0, 7.0, 1.0; 18
0.0, 7.0, 1.0; 3
1.0, 7.0, 1.0; 12
2.0, 7.0, 1.0; 12
5.0, 7.0, 1.0; 6
-6.0, 8.0, 1.0; 1
-5.0, 8.0, 1.0; 9
-4.0, 8.0, 1.0; 18
-3.0, 8.0, 1.0; 13
-2.0, 8.0, 1.0; 14
-1.0, 8.0, 1.0; 15
0.0, 8.0, 1.0; 18
1.0, 8.0, 1.0; 12
2.0, 8.0, 1.0; 3
3.0, 8.0, 1.0; 1
4.0, 8.0, 1.0; 2
-4.0, 9.0, 1.0; 2
-3.0, 9.0, 1.0; 8
-2.0, 9.0, 1.0; 14
-1.0, 9.0, 1.0; 18
0.0, 9.0, 1.0; 20
1.0, 9.0, 1.0; 10
2.0, 9.0, 1.0; 1
-4.0, -10.0, 2.0; 1
-3.0, -10.0, 2.0; 5
-2.0, -10.0, 2.0; 2
-1.0, -10.0, 2.0; 6
0.0, -10.0, 2.0; 2
2.0, -10.0, 2.0; 1
-5.0, -9.0, 2.0; 12
-4.0, -9.0, 2.0; 29
-3.0, -9.0, 2.0; 33
-2.0, -9.0, 2.0; 29
-1.0, -9.0, 2.0; 22
0.0, -9.0, 2.0; 19
1.0, -9.0, 2.0; 7
2.0, -9.0, 2.0; 6
3.0, -9.0, 2.0; 3
4.0, -9.0, 2.0; 3
-7.0, -8.0, 2.0; 7
-6.0, -8.0, 2.0; 24
-5.0, -8.0, 2.0; 34
-4.0, -8.0, 2.0; 32
-3.0, -8.0, 2.0; 17
-2.0, -8.0, 2.0; 11
-1.0, -8.0, 2.0; 7
0.0, -8.0, 2.0; 13
1.0, -8.0, 2.0; 7
2.0, -8.0, 2.0; 2
3.0, -8.0, 2.0; 4
4.0, -8.0, 2.0; 4
5.0, -8.0, 2.0; 3
-8.0, -7.0, 2.0; 1
-7.0, -7.0, 2.0; 16
-6.0, -7.0, 2.0; 40
-5.0, -7.0, 2.0; 17
-4.0, -7.0, 2.0; 1
-3.0, -7.0, 2.0; 13
-2.0, -7.0, 2.0; 19
-1.0, -7.0, 2.0; 10
0.0, -7.0, 2.0; 6
1.0, -7.0, 2.0; 4
2.0, -7.0, 2.0; 5
4.0, -7.0, 2.0; 2
5.0, -7.0, 2.0; 1
6.0, -7.0, 2.0; 1
-8.0, -6.0, 2.0; 4
-7.0, -6.0, 2.0; 31
-6.0, -6.0, 2.0; 17
-5.0, -6.0, 2.0; 12
-4.0, -6.0, 2.0; 111
-3.0, -6.0, 2.0; 204
-2.0, -6.0, 2.0; 100
-1.0, -6.0, 2.0; 51
0.0, -6.0, 2.0; 15
1.0, -6.0, 2.0; 12
2.0, -6.0, 2.0; 3
3.0, -6.0, 2.0; 4
5.0, -6.0, 2.0; 2
6.0, -6.0, 2.0; 2
-9.0, -5.0, 2.0; 2
-8.0, -5.0, 2.0; 15
-7.0, -5.0, 2.0; 28
-6.0, -5.0, 2.0; 4
-5.0, -5.0, 2.0; 92
-4.0, -5.0, 2.0; 141
-3.0, -5.0, 2.0; 34
-2.0, -5.0, 2.0; 10
-1.0, -5.0, 2.0; 3
0.0, -5.0, 2.0; 5
1.0, -5.0, 2.0; 11
2.0, -5.0, 2.0; 7
3.0, -5.0, 2.0; 1
4.0, -5.0, 2.0; 4
5.0, -5.0, 2.0; 3
-9.0, -4.0, 2.0; 3
-8.0, -4.0, 2.0; 24
-7.0, -4.0, 2.0; 22
-6.0, -4.0, 2.0; 6
-5.0, -4.0, 2.0; 29
-4.0, -4.0, 2.0; 6
-3.0, -4.0, 2.0; 3
-2.0, -4.0, 2.0; 1
1.0, -4.0, 2.0; 8
2.0, -4.0, 2.0; 3
3.0, -4.0, 2.0; 2
4.0, -4.0, 2.0; 3
5.0, -4.0, 2.0; 1
6.0, -4.0, 2.0; 1
7.0, -4.0, 2.0; 1
-10.0, -3.0, 2.0; 2
-9.0, -3.0, 2.0; 6
-8.0, -3.0, 2.0; 14
-7.0, -3.0, 2.0; 11
-6.0, -3.0, 2.0; 8
-5.0, -3.0, 2.0; 13
-4.0, -3.0, 2.0; 28
-3.0, -3.0, 2.0; 3
0.0, -3.0, 2.0; 1
2.0, -3.0, 2.0; 1
3.0, -3.0, 2.0; 3
4.0, -3.0, 2.0; 1
6.0, -3.0, 2.0; 1
-10.0, -2.0, 2.0; 3
-9.0, -2.0, 2.0; 6
-8.0, -2.0, 2.0; 10
-7.0, -2.0, 2.0; 19
-6.0, -2.0, 2.0; 12
-5.0, -2.0, 2.0; 17
-4.0, -2.0, 2.0; 30
3.0, -2.0, 2.0; 2
-10.0, -1.0, 2.0; 13
-9.0, -1.0, 2.0; 8
-8.0, -1.0, 2.0; 3
-7.0, -1.0, 2.0; 11
-6.0, -1.0, 2.0; 23
-5.0, -1.0, 2.0; 20
-4.0, -1.0, 2.0; 10
3.0, -1.0, 2.0; 1
4.0, -1.0, 2.0; 1
5.0, -1.0, 2.0; 1
9.0, -1.0, 2.0; 1
-10.0, 0.0, 2.0; 10
-9.0, 0.0, 2.0; 7
-8.0, 0.0, 2.0; 10
-7.0, 0.0, 2.0; 9
-6.0, 0.0, 2.0; 34
-5.0, 0.0, 2.0; 36
-4.0, 0.0, 2.0; 6
7.0, 0.0, 2.0; 1
-10.0, 1.0, 2.0; 3
-9.0, 1.0, 2.0; 9
-8.0, 1.0, 2.0; 10
-7.0, 1.0, 2.0; 15
-6.0, 1.0, 2.0; 20
-5.0, 1.0, 2.0; 325
-4.0, 1.0, 2.0; 275
-3.0, 1.0, 2.0; 1
3.0, 1.0, 2.0; 2
-10.0, 2.0, 2.0; 2
-9.0, 2.0, 2.0; 10
-8.0, 2.0, 2.0; 26
-7.0, 2.0, 2.0; 22
-6.0, 2.0, 2.0; 14
-5.0, 2.0, 2.0; 639
-4.0, 2.0, 2.0; 1929
-3.0, 2.0, 2.0; 34
0.0, 2.0, 2.0; 1
2.0, 2.0, 2.0; 1
3.0, 2.0, 2.0; 7
7.0, 2.0, 2.0; 1
-9.0, 3.0, 2.0; 1
-8.0, 3.0, 2.0; 36
-7.0, 3.0, 2.0; 33
-6.0, 3.0, 2.0; 13
-5.0, 3.0, 2.0; 42
-4.0, 3.0, 2.0; 127
-3.0, 3.0, 2.0; 26
-2.0, 3.0, 2.0; 4
0.0, 3.0, 2.0; 4
1.0, 3.0, 2.0; 15
2.0, 3.0, 2.0; 1
3.0, 3.0, 2.0; 1
4.0, 3.0, 2.0; 1
5.0, 3.0, 2.0; 1
6.0, 3.0, 2.0; 1
-9.0, 4.0, 2.0; 7
-8.0, 4.0, 2.0; 19
-7.0, 4.0, 2.0; 43
-6.0, 4.0, 2.0; 29
-5.0, 4.0, 2.0; 29
-4.0, 4.0, 2.0; 42
-3.0, 4.0, 2.0; 72
-2.0, 4.0, 2.0; 42
-1.0, 4.0, 2.0; 20
0.0, 4.0, 2.0; 13
1.0, 4.0, 2.0; 7
2.0, 4.0, 2.0; 5
3.0, 4.0, 2.0; 2
6.0, 4.0, 2.0; 2
7.0, 4.0, 2.0; 1
-9.0, 5.0, 2.0; 2
-8.0, 5.0, 2.0; 17
-7.0, 5.0, 2.0; 22
-6.0, 5.0, 2.0; 23
-5.0, 5.0, 2.0; 19
-4.0, 5.0, 2.0; 64
-3.0, 5.0, 2.0; 246
-2.0, 5.0, 2.0; 143
-1.0, 5.0, 2.0; 11
0.0, 5.0, 2.0; 8
1.0, 5.0, 2.0; 2
3.0, 5.0, 2.0; 5
4.0, 5.0, 2.0; 5
5.0, 5.0, 2.0; 2
6.0, 5.0, 2.0; 1
7.0, 5.0, 2.0; 1
-8.0, 6.0, 2.0; 9
-7.0, 6.0, 2.0; 21
-6.0, 6.0, 2.0; 41
-5.0, 6.0, 2.0; 26
-4.0, 6.0, 2.0; 17
-3.0, 6.0, 2.0; 20
-2.0, 6.0, 2.0; 12
-1.0, 6.0, 2.0; 5
0.0, 6.0, 2.0; 4
1.0, 6.0, 2.0; 4
2.0, 6.0, 2.0; 3
3.0, 6.0, 2.0; 3
4.0, 6.0, 2.0; 4
6.0, 6.0, 2.0; 2
-7.0, 7.0, 2.0; 5
-6.0, 7.0, 2.0; 16
-5.0, 7.0, 2.0; 14
-4.0, 7.0, 2.0; 5
-3.0, 7.0, 2.0; 6
-2.0, 7.0, 2.0; 9
-1.0, 7.0, 2.0; 5
0.0, 7.0, 2.0; 5
1.0, 7.0, 2.0; 8
2.0, 7.0, 2.0; 5
3.0, 7.0, 2.0; 4
5.0, 7.0, 2.0; 3
6.0, 7.0, 2.0; 1
-5.0, 8.0, 2.0; 8
-4.0, 8.0, 2.0; 10
-3.0, 8.0, 2.0; 15
-2.0, 8.0, 2.0; 10
-1.0, 8.0, 2.0; 9
0.0, 8.0, 2.0; 16
1.0, 8.0, 2.0; 10
2.0, 8.0, 2.0; 4
3.0, 8.0, 2.0; 2
-4.0, 9.0, 2.0; 1
-3.0, 9.0, 2.0; 7
-2.0, 9.0, 2.0; 17
-1.0, 9.0, 2.0; 21
0.0, 9.0, 2.0; 9
1.0, 9.0, 2.0; 5
2.0, 9.0, 2.0; 1
-2.0, -10.0, 3.0; 1
1.0, -10.0, 3.0; 1
-5.0, -9.0, 3.0; 3
-4.0, -9.0, 3.0; 7
-3.0, -9.0, 3.0; 17
-2.0, -9.0, 3.0; 20
-1.0, -9.0, 3.0; 9
0.0, -9.0, 3.0; 2
1.0, -9.0, 3.0; 5
2.0, -9.0, 3.0; 3
4.0, -9.0, 3.0; 2
-7.0, -8.0, 3.0; 1
-6.0, -8.0, 3.0; 8
-5.0, -8.0, 3.0; 18
-4.0, -8.0, 3.0; 38
-3.0, -8.0, 3.0; 43
-2.0, -8.0, 3.0; 31
-1.0, -8.0, 3.0; 16
0.0, -8.0, 3.0; 13
1.0, -8.0, 3.0; 3
2.0, -8.0, 3.0; 5
3.0, -8.0, 3.0; 8
4.0, -8.0, 3.0; 3
5.0, -8.0, 3.0; 2
-7.0, -7.0, 3.0; 9
-6.0, -7.0, 3.0; 17
-5.0, -7.0, 3.0; 51
-4.0, -7.0, 3.0; 24
-3.0, -7.0, 3.0; 10
-2.0, -7.0, 3.0; 16
-1.0, -7.0, 3.0; 16
0.0, -7.0, 3.0; 12
1.0, -7.0, 3.0; 16
2.0, -7.0, 3.0; 2
3.0, -7.0, 3.0; 5
4.0, -7.0, 3.0; 3
5.0, -7.0, 3.0; 2
-8.0, -6.0, 3.0; 4
-7.0, -6.0, 3.0; 15
-6.0, -6.0, 3.0; 41
-5.0, -6.0, 3.0; 23
-4.0, -6.0, 3.0; 4
-3.0, -6.0, 3.0; 2
-2.0, -6.0, 3.0; 7
-1.0, -6.0, 3.0; 7
0.0, -6.0, 3.0; 7
1.0, -6.0, 3.0; 12
2.0, -6.0, 3.0; 6
4.0, -6.0, 3.0; 2
5.0, -6.0, 3.0; 1
-9.0, -5.0, 3.0; 3
-8.0, -5.0, 3.0; 5
-7.0, -5.0, 3.0; 29
-6.0, -5.0, 3.0; 28
-5.0, -5.0, 3.0; 5
-4.0, -5.0, 3.0; 7
-3.0, -5.0, 3.0; 13
-2.0, -5.0, 3.0; 16
-1.0, -5.0, 3.0; 14
0.0, -5.0, 3.0; 19
1.0, -5.0, 3.0; 11
2.0, -5.0, 3.0; 7
3.0, -5.0, 3.0; 1
6.0, -5.0, 3.0; 1
-9.0, -4.0, 3.0; 7
-8.0, -4.0, 3.0; 6
-7.0, -4.0, 3.0; 19
-6.0, -4.0, 3.0; 22
-5.0, -4.0, 3.0; 3
-4.0, -4.0, 3.0; 4
-3.0, -4.0, 3.0; 27
-2.0, -4.0, 3.0; 42
-1.0, -4.0, 3.0; 5
0.0, -4.0, 3.0; 9
1.0, -4.0, 3.0; 5
2.0, -4.0, 3.0; 2
4.0, -4.0, 3.0; 1
5.0, -4.0, 3.0; 1
6.0, -4.0, 3.0; 1
7.0, -4.0, 3.0; 1
-9.0, -3.0, 3.0; 7
-8.0, -3.0, 3.0; 6
-7.0, -3.0, 3.0; 24
-6.0, -3.0, 3.0; 13
-5.0, -3.0, 3.0; 9
-4.0, -3.0, 3.0; 24
-3.0, -3.0, 3.0; 73
-2.0, -3.0, 3.0; 11
-1.0, -3.0, 3.0; 2
0.0, -3.0, 3.0; 1
1.0, -3.0, 3.0; 5
2.0, -3.0, 3.0; 3
3.0, -3.0, 3.0; 2
6.0, -3.0, 3.0; 1
-10.0, -2.0, 3.0; 1
-9.0, -2.0, 3.0; 6
-8.0, -2.0, 3.0; 7
-7.0, -2.0, 3.0; 21
-6.0, -2.0, 3.0; 40
-5.0, -2.0, 3.0; 45
-4.0, -2.0, 3.0; 16
-3.0, -2.0, 3.0; 11
-2.0, -2.0, 3.0; 4
0.0, -2.0, 3.0; 1
1.0, -2.0, 3.0; 2
2.0, -2.0, 3.0; 1
3.0, -2.0, 3.0; 1
-10.0, -1.0, 3.0; 2
-9.0, -1.0, 3.0; 7
-8.0, -1.0, 3.0; 6
-7.0, -1.0, 3.0; 6
-6.0, -1.0, 3.0; 13
-5.0, -1.0, 3.0; 7
-4.0, -1.0, 3.0; 7
-3.0, -1.0, 3.0; 5
-2.0, -1.0, 3.0; 1
0.0, -1.0, 3.0; 4
1.0, -1.0, 3.0; 6
2.0, -1.0, 3.0; 2
6.0, -1.0, 3.0; 3
-10.0, 0.0, 3.0; 1
-9.0, 0.0, 3.0; 9
-8.0, 0.0, 3.0; 9
-7.0, 0.0, 3.0; 4
-6.0, 0.0, 3.0; 4
-5.0, 0.0, 3.0; 11
-4.0, 0.0, 3.0; 12
-3.0, 0.0, 3.0; 5
-2.0, 0.0, 3.0; 1
2.0, 0.0, 3.0; 1
3.0, 0.0, 3.0; 3
4.0, 0.0, 3.0; 2
5.0, 0.0, 3.0; 1
7.0, 0.0, 3.0; 1
-10.0, 1.0, 3.0; 5
-9.0, 1.0, 3.0; 13
-8.0, 1.0, 3.0; 5
-7.0, 1.0, 3.0; 8
-6.0, 1.0, 3.0; 11
-5.0, 1.0, 3.0; 18
-4.0, 1.0, 3.0; 94
-3.0, 1.0, 3.0; 22
-2.0, 1.0, 3.0; 2
-1.0, 1.0, 3.0; 1
1.0, 1.0, 3.0; 2
2.0, 1.0, 3.0; 4
3.0, 1.0, 3.0; 1
7.0, 1.0, 3.0; 1
-10.0, 2.0, 3.0; 1
-9.0, 2.0, 3.0; 11
-8.0, 2.0, 3.0; 19
-7.0, 2.0, 3.0; 15
-6.0, 2.0, 3.0; 4
-5.0, 2.0, 3.0; 4
-4.0, 2.0, 3.0; 166
-3.0, 2.0, 3.0; 69
-2.0, 2.0, 3.0; 8
-1.0, 2.0, 3.0; 4
0.0, 2.0, 3.0; 3
1.0, 2.0, 3.0; 9
2.0, 2.0, 3.0; 44
3.0, 2.0, 3.0; 8
4.0, 2.0, 3.0; 1
5.0, 2.0, 3.0; 2
6.0, 2.0, 3.0; 2
7.0, 2.0, 3.0; 1
-9.0, 3.0, 3.0; 2
-8.0, 3.0, 3.0; 21
-7.0, 3.0, 3.0; 27
-6.0, 3.0, 3.0; 20
-5.0, 3.0, 3.0; 6
-4.0, 3.0, 3.0; 9
-3.0, 3.0, 3.0; 32
-2.0, 3.0, 3.0; 17
-1.0, 3.0, 3.0; 14
0.0, 3.0, 3.0; 8
1.0, 3.0, 3.0; 11
2.0, 3.0, 3.0; 4
4.0, 3.0, 3.0; 2
6.0, 3.0, 3.0; 1
7.0, 3.0, 3.0; 1
-9.0, 4.0, 3.0; 3
-8.0, 4.0, 3.0; 15
-7.0, 4.0, 3.0; 24
-6.0, 4.0, 3.0; 24
-5.0, 4.0, 3.0; 19
-4.0, 4.0, 3.0; 21
-3.0, 4.0, 3.0; 19
-2.0, 4.0, 3.0; 12
-1.0, 4.0, 3.0; 3
0.0, 4.0, 3.0; 1
1.0, 4.0, 3.0; 3
2.0, 4.0, 3.0; 4
3.0, 4.0, 3.0; 3
4.0, 4.0, 3.0; 4
5.0, 4.0, 3.0; 2
6.0, 4.0, 3.0; 1
-8.0, 5.0, 3.0; 21
-7.0, 5.0, 3.0; 13
-6.0, 5.0, 3.0; 18
-5.0, 5.0, 3.0; 18
-4.0, 5.0, 3.0; 8
-3.0, 5.0, 3.0; 9
-2.0, 5.0, 3.0; 5
-1.0, 5.0, 3.0; 1
0.0, 5.0, 3.0; 4
1.0, 5.0, 3.0; 3
2.0, 5.0, 3.0; 5
3.0, 5.0, 3.0; 5
4.0, 5.0, 3.0; 1
5.0, 5.0, 3.0; 2
6.0, 5.0, 3.0; 2
7.0, 5.0, 3.0; 1
-8.0, 6.0, 3.0; 2
-7.0, 6.0, 3.0; 6
-6.0, 6.0, 3.0; 10
-5.0, 6.0, 3.0; 24
-4.0, 6.0, 3.0; 15
-3.0, 6.0, 3.0; 5
-2.0, 6.0, 3.0; 6
-1.0, 6.0, 3.0; 4
0.0, 6.0, 3.0; 7
1.0, 6.0, 3.0; 9
2.0, 6.0, 3.0; 5
3.0, 6.0, 3.0; 3
4.0, 6.0, 3.0; 1
6.0, 6.0, 3.0; 1
-6.0, 7.0, 3.0; 2
-5.0, 7.0, 3.0; 7
-4.0, 7.0, 3.0; 9
-3.0, 7.0, 3.0; 8
-2.0, 7.0, 3.0; 7
-1.0, 7.0, 3.0; 10
0.0, 7.0, 3.0; 13
1.0, 7.0, 3.0; 2
2.0, 7.0, 3.0; 2
5.0, 7.0, 3.0; 3
-5.0, 8.0, 3.0; 5
-4.0, 8.0, 3.0; 11
-3.0, 8.0, 3.0; 8
-2.0, 8.0, 3.0; 19
-1.0, 8.0, 3.0; 12
0.0, 8.0, 3.0; 10
1.0, 8.0, 3.0; 10
2.0, 8.0, 3.0; 1
-3.0, 9.0, 3.0; 2
-2.0, 9.0, 3.0; 1
-1.0, 9.0, 3.0; 4
0.0, 9.0, 3.0; 3
-4.0, -9.0, 4.0; 4
-3.0, -9.0, 4.0; 2
-2.0, -9.0, 4.0; 3
-1.0, -9.0, 4.0; 3
0.0, -9.0, 4.0; 2
1.0, -9.0, 4.0; 3
2.0, -9.0, 4.0; 5
-5.0, -8.0, 4.0; 5
-4.0, -8.0, 4.0; 15
-3.0, -8.0, 4.0; 12
-2.0, -8.0, 4.0; 11
-1.0, -8.0, 4.0; 7
0.0, -8.0, 4.0; 5
1.0, -8.0, 4.0; 4
2.0, -8.0, 4.0; 3
3.0, -8.0, 4.0; 1
4.0, -8.0, 4.0; 1
-7.0, -7.0, 4.0; 1
-6.0, -7.0, 4.0; 9
-5.0, -7.0, 4.0; 24
-4.0, -7.0, 4.0; 32
-3.0, -7.0, 4.0; 28
-2.0, -7.0, 4.0; 27
-1.0, -7.0, 4.0; 29
0.0, -7.0, 4.0; 6
1.0, -7.0, 4.0; 3
2.0, -7.0, 4.0; 2
3.0, -7.0, 4.0; 3
5.0, -7.0, 4.0; 1
-8.0, -6.0, 4.0; 1
-7.0, -6.0, 4.0; 7
-6.0, -6.0, 4.0; 20
-5.0, -6.0, 4.0; 47
-4.0, -6.0, 4.0; 38
-3.0, -6.0, 4.0; 22
-2.0, -6.0, 4.0; 24
-1.0, -6.0, 4.0; 11
0.0, -6.0, 4.0; 7
1.0, -6.0, 4.0; 2
2.0, -6.0, 4.0; 1
3.0, -6.0, 4.0; 2
-8.0, -5.0, 4.0; 11
-7.0, -5.0, 4.0; 17
-6.0, -5.0, 4.0; 21
-5.0, -5.0, 4.0; 32
-4.0, -5.0, 4.0; 25
-3.0, -5.0, 4.0; 16
-2.0, -5.0, 4.0; 21
-1.0, -5.0, 4.0; 17
0.0, -5.0, 4.0; 8
1.0, -5.0, 4.0; 2
3.0, -5.0, 4.0; 3
4.0, -5.0, 4.0; 1
6.0, -5.0, 4.0; 1
-9.0, -4.0, 4.0; 5
-8.0, -4.0, 4.0; 15
-7.0, -4.0, 4.0; 12
-6.0, -4.0, 4.0; 35
-5.0, -4.0, 4.0; 20
-4.0, -4.0, 4.0; 20
-3.0, -4.0, 4.0; 11
-2.0, -4.0, 4.0; 15
-1.0, -4.0, 4.0; 10
0.0, -4.0, 4.0; 9
1.0, -4.0, 4.0; 5
2.0, -4.0, 4.0; 1
3.0, -4.0, 4.0; 1
5.0, -4.0, 4.0; 1
-9.0, -3.0, 4.0; 3
-8.0, -3.0, 4.0; 4
-7.0, -3.0, 4.0; 10
-6.0, -3.0, 4.0; 8
-5.0, -3.0, 4.0; 18
-4.0, -3.0, 4.0; 22
-3.0, -3.0, 4.0; 10
-2.0, -3.0, 4.0; 7
-1.0, -3.0, 4.0; 2
0.0, -3.0, 4.0; 9
1.0, -3.0, 4.0; 1
2.0, -3.0, 4.0; 1
3.0, -3.0, 4.0; 1
5.0, -3.0, 4.0; 1
6.0, -3.0, 4.0; 1
-9.0, -2.0, 4.0; 4
-8.0, -2.0, 4.0; 6
-7.0, -2.0, 4.0; 5
-6.0, -2.0, 4.0; 6
-5.0, -2.0, 4.0; 20
-4.0, -2.0, 4.0; 19
-3.0, -2.0, 4.0; 23
-2.0, -2.0, 4.0; 10
-1.0, -2.0, 4.0; 8
0.0, -2.0, 4.0; 15
1.0, -2.0, 4.0; 5
3.0, -2.0, 4.0; 1
8.0, -2.0, 4.0; 1
-9.0, -1.0, 4.0; 7
-8.0, -1.0, 4.0; 9
-7.0, -1.0, 4.0; 7
-6.0, -1.0, 4.0; 4
-5.0, -1.0, 4.0; 7
-4.0, -1.0, 4.0; 13
-3.0, -1.0, 4.0; 7
-2.0, -1.0, 4.0; 11
-1.0, -1.0, 4.0; 13
0.0, -1.0, 4.0; 26
1.0, -1.0, 4.0; 14
3.0, -1.0, 4.0; 1
5.0, -1.0, 4.0; 1
-9.0, 0.0, 4.0; 5
-8.0, 0.0, 4.0; 3
-7.0, 0.0, 4.0; 11
-6.0, 0.0, 4.0; 5
-5.0, 0.0, 4.0; 2
-4.0, 0.0, 4.0; 3
-3.0, 0.0, 4.0; 3
-2.0, 0.0, 4.0; 8
-1.0, 0.0, 4.0; 5
0.0, 0.0, 4.0; 4
1.0, 0.0, 4.0; 7
2.0, 0.0, 4.0; 1
-9.0, 1.0, 4.0; 6
-8.0, 1.0, 4.0; 12
-7.0, 1.0, 4.0; 10
-6.0, 1.0, 4.0; 4
-5.0, 1.0, 4.0; 4
-4.0, 1.0, 4.0; 5
-3.0, 1.0, 4.0; 4
-2.0, 1.0, 4.0; 6
-1.0, 1.0, 4.0; 3
0.0, 1.0, 4.0; 7
1.0, 1.0, 4.0; 5
2.0, 1.0, 4.0; 2
3.0, 1.0, 4.0; 1
4.0, 1.0, 4.0; 1
-9.0, 2.0, 4.0; 5
-8.0, 2.0, 4.0; 10
-7.0, 2.0, 4.0; 12
-6.0, 2.0, 4.0; 9
-5.0, 2.0, 4.0; 5
-4.0, 2.0, 4.0; 5
-2.0, 2.0, 4.0; 4
-1.0, 2.0, 4.0; 5
0.0, 2.0, 4.0; 37
1.0, 2.0, 4.0; 57
2.0, 2.0, 4.0; 5
-9.0, 3.0, 4.0; 2
-8.0, 3.0, 4.0; 7
-7.0, 3.0, 4.0; 12
-6.0, 3.0, 4.0; 10
-5.0, 3.0, 4.0; 13
-4.0, 3.0, 4.0; 5
-3.0, 3.0, 4.0; 2
-2.0, 3.0, 4.0; 5
-1.0, 3.0, 4.0; 4
0.0, 3.0, 4.0; 17
1.0, 3.0, 4.0; 9
2.0, 3.0, 4.0; 3
3.0, 3.0, 4.0; 1
4.0, 3.0, 4.0; 1
5.0, 3.0, 4.0; 1
7.0, 3.0, 4.0; 1
-8.0, 4.0, 4.0; 3
-7.0, 4.0, 4.0; 8
-6.0, 4.0, 4.0; 15
-5.0, 4.0, 4.0; 10
-4.0, 4.0, 4.0; 10
-3.0, 4.0, 4.0; 2
-2.0, 4.0, 4.0; 5
-1.0, 4.0, 4.0; 4
0.0, 4.0, 4.0; 3
1.0, 4.0, 4.0; 3
2.0, 4.0, 4.0; 3
3.0, 4.0, 4.0; 3
4.0, 4.0, 4.0; 3
5.0, 4.0, 4.0; 1
6.0, 4.0, 4.0; 1
-8.0, 5.0, 4.0; 3
-7.0, 5.0, 4.0; 8
-6.0, 5.0, 4.0; 14
-5.0, 5.0, 4.0; 11
-4.0, 5.0, 4.0; 5
-3.0, 5.0, 4.0; 6
-2.0, 5.0, 4.0; 5
-1.0, 5.0, 4.0; 4
0.0, 5.0, 4.0; 5
1.0, 5.0, 4.0; 1
2.0, 5.0, 4.0; 8
6.0, 5.0, 4.0; 1
-7.0, 6.0, 4.0; 1
-6.0, 6.0, 4.0; 3
-5.0, 6.0, 4.0; 5
-4.0, 6.0, 4.0; 12
-3.0, 6.0, 4.0; 12
-2.0, 6.0, 4.0; 12
-1.0, 6.0, 4.0; 11
0.0, 6.0, 4.0; 6
1.0, 6.0, 4.0; 8
2.0, 6.0, 4.0; 1
4.0, 6.0, 4.0; 1
-5.0, 7.0, 4.0; 6
-4.0, 7.0, 4.0; 17
-3.0, 7.0, 4.0; 10
-2.0, 7.0, 4.0; 9
-1.0, 7.0, 4.0; 10
0.0, 7.0, 4.0; 6
1.0, 7.0, 4.0; 2
4.0, 7.0, 4.0; 3
-4.0, 8.0, 4.0; 1
-3.0, 8.0, 4.0; 11
-2.0, 8.0, 4.0; 11
-1.0, 8.0, 4.0; 6
0.0, 8.0, 4.0; 4
1.0, 8.0, 4.0; 1
2.0, 8.0, 4.0; 1
-2.0, -9.0, 5.0; 3
-1.0, -9.0, 5.0; 1
0.0, -9.0, 5.0; 3
-4.0, -8.0, 5.0; 5
-3.0, -8.0, 5.0; 5
-2.0, -8.0, 5.0; 8
-1.0, -8.0, 5.0; 5
0.0, -8.0, 5.0; 3
1.0, -8.0, 5.0; 4
2.0, -8.0, 5.0; 2
3.0, -8.0, 5.0; 1
-6.0, -7.0, 5.0; 1
-5.0, -7.0, 5.0; 5
-4.0, -7.0, 5.0; 9
-3.0, -7.0, 5.0; 6
-2.0, -7.0, 5.0; 5
-1.0, -7.0, 5.0; 6
0.0, -7.0, 5.0; 4
1.0, -7.0, 5.0; 4
2.0, -7.0, 5.0; 5
3.0, -7.0, 5.0; 3
-7.0, -6.0, 5.0; 9
-6.0, -6.0, 5.0; 14
-5.0, -6.0, 5.0; 10
-4.0, -6.0, 5.0; 8
-3.0, -6.0, 5.0; 19
-2.0, -6.0, 5.0; 13
-1.0, -6.0, 5.0; 7
0.0, -6.0, 5.0; 5
2.0, -6.0, 5.0; 4
3.0, -6.0, 5.0; 2
5.0, -6.0, 5.0; 1
-8.0, -5.0, 5.0; 3
-7.0, -5.0, 5.0; 13
-6.0, -5.0, 5.0; 15
-5.0, -5.0, 5.0; 20
-4.0, -5.0, 5.0; 29
-3.0, -5.0, 5.0; 25
-2.0, -5.0, 5.0; 13
-1.0, -5.0, 5.0; 3
0.0, -5.0, 5.0; 2
1.0, -5.0, 5.0; 2
4.0, -5.0, 5.0; 1
-8.0, -4.0, 5.0; 4
-7.0, -4.0, 5.0; 12
-6.0, -4.0, 5.0; 7
-5.0, -4.0, 5.0; 15
-4.0, -4.0, 5.0; 19
-3.0, -4.0, 5.0; 26
-2.0, -4.0, 5.0; 8
-1.0, -4.0, 5.0; 3
0.0, -4.0, 5.0; 5
2.0, -4.0, 5.0; 1
3.0, -4.0, 5.0; 4
4.0, -4.0, 5.0; 1
-8.0, -3.0, 5.0; 3
-7.0, -3.0, 5.0; 1
-6.0, -3.0, 5.0; 5
-5.0, -3.0, 5.0; 15
-4.0, -3.0, 5.0; 11
-3.0, -3.0, 5.0; 5
-2.0, -3.0, 5.0; 5
-1.0, -3.0, 5.0; 4
0.0, -3.0, 5.0; 5
1.0, -3.0, 5.0; 5
2.0, -3.0, 5.0; 2
3.0, -3.0, 5.0; 1
4.0, -3.0, 5.0; 1
7.0, -3.0, 5.0; 1
-9.0, -2.0, 5.0; 1
-8.0, -2.0, 5.0; 3
-7.0, -2.0, 5.0; 3
-6.0, -2.0, 5.0; 3
-5.0, -2.0, 5.0; 1
-4.0, -2.0, 5.0; 3
-3.0, -2.0, 5.0; 3
-2.0, -2.0, 5.0; 2
-1.0, -2.0, 5.0; 6
0.0, -2.0, 5.0; 7
1.0, -2.0, 5.0; 8
-9.0, -1.0, 5.0; 2
-8.0, -1.0, 5.0; 3
-7.0, -1.0, 5.0; 5
-6.0, -1.0, 5.0; 1
-5.0, -1.0, 5.0; 3
-4.0, -1.0, 5.0; 3
-3.0, -1.0, 5.0; 3
-1.0, -1.0, 5.0; 3
1.0, -1.0, 5.0; 3
2.0, -1.0, 5.0; 2
-9.0, 0.0, 5.0; 2
-8.0, 0.0, 5.0; 5
-7.0, 0.0, 5.0; 7
-6.0, 0.0, 5.0; 6
-5.0, 0.0, 5.0; 1
-3.0, 0.0, 5.0; 2
-2.0, 0.0, 5.0; 1
-1.0, 0.0, 5.0; 1
0.0, 0.0, 5.0; 4
1.0, 0.0, 5.0; 1
2.0, 0.0, 5.0; 1
3.0, 0.0, 5.0; 1
4.0, 0.0, 5.0; 1
-9.0, 1.0, 5.0; 2
-8.0, 1.0, 5.0; 7
-7.0, 1.0, 5.0; 17
-6.0, 1.0, 5.0; 9
-5.0, 1.0, 5.0; 8
-4.0, 1.0, 5.0; 5
-3.0, 1.0, 5.0; 1
-2.0, 1.0, 5.0; 4
-1.0, 1.0, 5.0; 3
0.0, 1.0, 5.0; 7
2.0, 1.0, 5.0; 1
3.0, 1.0, 5.0; 2
-9.0, 2.0, 5.0; 1
-8.0, 2.0, 5.0; 8
-7.0, 2.0, 5.0; 6
-6.0, 2.0, 5.0; 2
-5.0, 2.0, 5.0; 3
-4.0, 2.0, 5.0; 3
-3.0, 2.0, 5.0; 8
-2.0, 2.0, 5.0; 9
-1.0, 2.0, 5.0; 15
0.0, 2.0, 5.0; 19
1.0, 2.0, 5.0; 2
2.0, 2.0, 5.0; 1
3.0, 2.0, 5.0; 1
4.0, 2.0, 5.0; 1
5.0, 2.0, 5.0; 1
-8.0, 3.0, 5.0; 3
-7.0, 3.0, 5.0; 6
-6.0, 3.0, 5.0; 11
-5.0, 3.0, 5.0; 7
-4.0, 3.0, 5.0; 6
-3.0, 3.0, 5.0; 5
-2.0, 3.0, 5.0; 10
-1.0, 3.0, 5.0; 13
0.0, 3.0, 5.0; 7
1.0, 3.0, 5.0; 2
2.0, 3.0, 5.0; 1
3.0, 3.0, 5.0; 1
4.0, 3.0, 5.0; 2
5.0, 3.0, 5.0; 1
-8.0, 4.0, 5.0; 1
-7.0, 4.0, 5.0; 5
-6.0, 4.0, 5.0; 7
-5.0, 4.0, 5.0; 6
-4.0, 4.0, 5.0; 7
-3.0, 4.0, 5.0; 3
-2.0, 4.0, 5.0; 4
-1.0, 4.0, 5.0; 4
0.0, 4.0, 5.0; 1
1.0, 4.0, 5.0; 2
2.0, 4.0, 5.0; 3
3.0, 4.0, 5.0; 4
-7.0, 5.0, 5.0; 3
-6.0, 5.0, 5.0; 8
-5.0, 5.0, 5.0; 10
-4.0, 5.0, 5.0; 15
-3.0, 5.0, 5.0; 4
-2.0, 5.0, 5.0; 5
-1.0, 5.0, 5.0; 2
0.0, 5.0, 5.0; 2
1.0, 5.0, 5.0; 3
2.0, 5.0, 5.0; 4
5.0, 5.0, 5.0; 2
-6.0, 6.0, 5.0; 2
-5.0, 6.0, 5.0; 2
-4.0, 6.0, 5.0; 3
-3.0, 6.0, 5.0; 7
-2.0, 6.0, 5.0; 5
-1.0, 6.0, 5.0; 5
0.0, 6.0, 5.0; 2
1.0, 6.0, 5.0; 3
2.0, 6.0, 5.0; 1
3.0, 6.0, 5.0; 2
4.0, 6.0, 5.0; 1
-4.0, 7.0, 5.0; 3
-3.0, 7.0, 5.0; 7
-2.0, 7.0, 5.0; 4
-1.0, 7.0, 5.0; 3
0.0, 7.0, 5.0; 2
-2.0, 8.0, 5.0; 1
-1.0, 8.0, 5.0; 2
-3.0, -8.0, 6.0; 4
-2.0, -8.0, 6.0; 3
-1.0, -8.0, 6.0; 3
1.0, -8.0, 6.0; 2
2.0, -8.0, 6.0; 2
-5.0, -7.0, 6.0; 1
-4.0, -7.0, 6.0; 10
-3.0, -7.0, 6.0; 13
-2.0, -7.0, 6.0; 11
-1.0, -7.0, 6.0; 6
0.0, -7.0, 6.0; 6
1.0, -7.0, 6.0; 2
2.0, -7.0, 6.0; 3
3.0, -7.0, 6.0; 1
-6.0, -6.0, 6.0; 1
-5.0, -6.0, 6.0; 11
-4.0, -6.0, 6.0; 10
-3.0, -6.0, 6.0; 7
-2.0, -6.0, 6.0; 4
-1.0, -6.0, 6.0; 6
0.0, -6.0, 6.0; 2
1.0, -6.0, 6.0; 2
2.0, -6.0, 6.0; 2
3.0, -6.0, 6.0; 2
-6.0, -5.0, 6.0; 10
-5.0, -5.0, 6.0; 4
-4.0, -5.0, 6.0; 15
-3.0, -5.0, 6.0; 3
-2.0, -5.0, 6.0; 7
-1.0, -5.0, 6.0; 1
0.0, -5.0, 6.0; 2
2.0, -5.0, 6.0; 1
3.0, -5.0, 6.0; 2
-7.0, -4.0, 6.0; 3
-6.0, -4.0, 6.0; 6
-5.0, -4.0, 6.0; 13
-4.0, -4.0, 6.0; 10
-3.0, -4.0, 6.0; 9
-2.0, -4.0, 6.0; 7
-1.0, -4.0, 6.0; 4
0.0, -4.0, 6.0; 1
1.0, -4.0, 6.0; 2
2.0, -4.0, 6.0; 1
4.0, -4.0, 6.0; 1
5.0, -4.0, 6.0; 1
-7.0, -3.0, 6.0; 7
-6.0, -3.0, 6.0; 5
-5.0, -3.0, 6.0; 3
-4.0, -3.0, 6.0; 5
-3.0, -3.0, 6.0; 9
-2.0, -3.0, 6.0; 10
-1.0, -3.0, 6.0; 11
0.0, -3.0, 6.0; 1
1.0, -3.0, 6.0; 1
2.0, -3.0, 6.0; 2
3.0, -3.0, 6.0; 1
4.0, -3.0, 6.0; 1
-8.0, -2.0, 6.0; 2
-7.0, -2.0, 6.0; 4
-6.0, -2.0, 6.0; 7
-5.0, -2.0, 6.0; 6
-4.0, -2.0, 6.0; 7
-3.0, -2.0, 6.0; 1
-2.0, -2.0, 6.0; 8
-1.0, -2.0, 6.0; 7
0.0, -2.0, 6.0; 13
1.0, -2.0, 6.0; 1
3.0, -2.0, 6.0; 2
5.0, -2.0, 6.0; 1
-7.0, -1.0, 6.0; 5
-6.0, -1.0, 6.0; 2
-5.0, -1.0, 6.0; 1
-4.0, -1.0, 6.0; 6
-3.0, -1.0, 6.0; 2
-2.0, -1.0, 6.0; 3
-1.0, -1.0, 6.0; 2
0.0, -1.0, 6.0; 11
1.0, -1.0, 6.0; 5
7.0, -1.0, 6.0; 1
-8.0, 0.0, 6.0; 5
-7.0, 0.0, 6.0; 4
-6.0, 0.0, 6.0; 3
-5.0, 0.0, 6.0; 5
-4.0, 0.0, 6.0; 3
-3.0, 0.0, 6.0; 3
-2.0, 0.0, 6.0; 4
-1.0, 0.0, 6.0; 3
0.0, 0.0, 6.0; 6
1.0, 0.0, 6.0; 2
2.0, 0.0, 6.0; 1
3.0, 0.0, 6.0; 1
-8.0, 1.0, 6.0; 1
-7.0, 1.0, 6.0; 2
-6.0, 1.0, 6.0; 3
-5.0, 1.0, 6.0; 5
-4.0, 1.0, 6.0; 1
-3.0, 1.0, 6.0; 2
-2.0, 1.0, 6.0; 2
-1.0, 1.0, 6.0; 3
0.0, 1.0, 6.0; 2
1.0, 1.0, 6.0; 1
2.0, 1.0, 6.0; 2
6.0, 1.0, 6.0; 1
-8.0, 2.0, 6.0; 1
-7.0, 2.0, 6.0; 3
-6.0, 2.0, 6.0; 4
-5.0, 2.0, 6.0; 9
-4.0, 2.0, 6.0; 2
-3.0, 2.0, 6.0; 4
-2.0, 2.0, 6.0; 2
-1.0, 2.0, 6.0; 4
0.0, 2.0, 6.0; 3
1.0, 2.0, 6.0; 4
2.0, 2.0, 6.0; 1
6.0, 2.0, 6.0; 1
-7.0, 3.0, 6.0; 2
-6.0, 3.0, 6.0; 6
-5.0, 3.0, 6.0; 2
-4.0, 3.0, 6.0; 5
-3.0, 3.0, 6.0; 6
-2.0, 3.0, 6.0; 1
-1.0, 3.0, 6.0; 4
0.0, 3.0, 6.0; 2
1.0, 3.0, 6.0; 2
2.0, 3.0, 6.0; 1
3.0, 3.0, 6.0; 2
4.0, 3.0, 6.0; 1
-6.0, 4.0, 6.0; 3
-5.0, 4.0, 6.0; 1
-4.0, 4.0, 6.0; 2
-3.0, 4.0, 6.0; 5
-2.0, 4.0, 6.0; 4
-1.0, 4.0, 6.0; 4
0.0, 4.0, 6.0; 3
1.0, 4.0, 6.0; 3
4.0, 4.0, 6.0; 1
6.0, 4.0, 6.0; 1
-6.0, 5.0, 6.0; 1
-5.0, 5.0, 6.0; 1
-4.0, 5.0, 6.0; 1
-2.0, 5.0, 6.0; 4
-1.0, 5.0, 6.0; 1
0.0, 5.0, 6.0; 1
1.0, 5.0, 6.0; 2
-4.0, 6.0, 6.0; 5
-3.0, 6.0, 6.0; 4
-2.0, 6.0, 6.0; 2
-1.0, 6.0, 6.0; 2
0.0, 6.0, 6.0; 2
1.0, 6.0, 6.0; 1
2.0, 6.0, 6.0; 1
-4.0, 7.0, 6.0; 1
-3.0, 7.0, 6.0; 1
-2.0, 7.0, 6.0; 1
1.0, 7.0, 6.0; 1
-3.0, -7.0, 7.0; 2
-2.0, -7.0, 7.0; 1
-1.0, -7.0, 7.0; 6
0.0, -7.0, 7.0; 4
-5.0, -6.0, 7.0; 1
-4.0, -6.0, 7.0; 8
-3.0, -6.0, 7.0; 7
-2.0, -6.0, 7.0; 6
-1.0, -6.0, 7.0; 3
0.0, -6.0, 7.0; 4
1.0, -6.0, 7.0; 4
3.0, -6.0, 7.0; 1
-5.0, -5.0, 7.0; 4
-4.0, -5.0, 7.0; 8
-3.0, -5.0, 7.0; 9
-2.0, -5.0, 7.0; 10
-1.0, -5.0, 7.0; 4
0.0, -5.0, 7.0; 4
1.0, -5.0, 7.0; 1
2.0, -5.0, 7.0; 2
3.0, -5.0, 7.0; 1
-6.0, -4.0, 7.0; 3
-5.0, -4.0, 7.0; 4
-4.0, -4.0, 7.0; 12
-3.0, -4.0, 7.0; 7
-2.0, -4.0, 7.0; 6
-1.0, -4.0, 7.0; 1
0.0, -4.0, 7.0; 3
1.0, -4.0, 7.0; 1
-7.0, -3.0, 7.0; 1
-6.0, -3.0, 7.0; 4
-5.0, -3.0, 7.0; 9
-4.0, -3.0, 7.0; 3
-3.0, -3.0, 7.0; 8
-2.0, -3.0, 7.0; 4
-1.0, -3.0, 7.0; 2
0.0, -3.0, 7.0; 3
1.0, -3.0, 7.0; 1
2.0, -3.0, 7.0; 1
-7.0, -2.0, 7.0; 3
-6.0, -2.0, 7.0; 2
-5.0, -2.0, 7.0; 7
-4.0, -2.0, 7.0; 7
-3.0, -2.0, 7.0; 3
-2.0, -2.0, 7.0; 4
-1.0, -2.0, 7.0; 2
0.0, -2.0, 7.0; 4
2.0, -2.0, 7.0; 1
-7.0, -1.0, 7.0; 3
-6.0, -1.0, 7.0; 1
-5.0, -1.0, 7.0; 4
-4.0, -1.0, 7.0; 2
-3.0, -1.0, 7.0; 3
-2.0, -1.0, 7.0; 4
-1.0, -1.0, 7.0; 5
0.0, -1.0, 7.0; 1
3.0, -1.0, 7.0; 1
-7.0, 0.0, 7.0; 2
-6.0, 0.0, 7.0; 2
-5.0, 0.0, 7.0; 1
-4.0, 0.0, 7.0; 1
-3.0, 0.0, 7.0; 3
-2.0, 0.0, 7.0; 3
-1.0, 0.0, 7.0; 2
0.0, 0.0, 7.0; 3
1.0, 0.0, 7.0; 1
-7.0, 1.0, 7.0; 2
-6.0, 1.0, 7.0; 2
-5.0, 1.0, 7.0; 2
-4.0, 1.0, 7.0; 6
-3.0, 1.0, 7.0; 2
-2.0, 1.0, 7.0; 4
0.0, 1.0, 7.0; 1
-6.0, 2.0, 7.0; 2
-5.0, 2.0, 7.0; 3
-3.0, 2.0, 7.0; 2
-2.0, 2.0, 7.0; 3
-1.0, 2.0, 7.0; 1
0.0, 2.0, 7.0; 3
2.0, 2.0, 7.0; 2
3.0, 2.0, 7.0; 1
4.0, 2.0, 7.0; 1
-6.0, 3.0, 7.0; 4
-5.0, 3.0, 7.0; 2
-4.0, 3.0, 7.0; 2
-3.0, 3.0, 7.0; 3
-2.0, 3.0, 7.0; 3
-1.0, 3.0, 7.0; 1
0.0, 3.0, 7.0; 1
2.0, 3.0, 7.0; 2
-5.0, 4.0, 7.0; 1
-4.0, 4.0, 7.0; 1
-3.0, 4.0, 7.0; 4
-2.0, 4.0, 7.0; 2
-5.0, 5.0, 7.0; 1
-2.0, 5.0, 7.0; 4
-1.0, 5.0, 7.0; 1
1.0, 5.0, 7.0; 1
-3.0, 6.0, 7.0; 2
-2.0, 6.0, 7.0; 1
-1.0, 6.0, 7.0; 1
1.0, 6.0, 7.0; 1
-2.0, -6.0, 8.0; 1
-1.0, -6.0, 8.0; 2
0.0, -6.0, 8.0; 2
-4.0, -5.0, 8.0; 2
-3.0, -5.0, 8.0; 2
-2.0, -5.0, 8.0; 3
-1.0, -5.0, 8.0; 3
-5.0, -4.0, 8.0; 1
-4.0, -4.0, 8.0; 3
-3.0, -4.0, 8.0; 8
-2.0, -4.0, 8.0; 2
0.0, -4.0, 8.0; 4
1.0, -4.0, 8.0; 1
2.0, -4.0, 8.0; 2
3.0, -4.0, 8.0; 1
-5.0, -3.0, 8.0; 2
-4.0, -3.0, 8.0; 1
-3.0, -3.0, 8.0; 1
-2.0, -3.0, 8.0; 1
-1.0, -3.0, 8.0; 1
0.0, -3.0, 8.0; 1
1.0, -3.0, 8.0; 1
3.0, -3.0, 8.0; 2
-4.0, -2.0, 8.0; 1
-3.0, -2.0, 8.0; 1
-2.0, -2.0, 8.0; 2
-1.0, -2.0, 8.0; 1
-5.0, -1.0, 8.0; 1
-4.0, -1.0, 8.0; 1
-3.0, -1.0, 8.0; 2
-1.0, -1.0, 8.0; 1
0.0, -1.0, 8.0; 1
-6.0, 0.0, 8.0; 1
-4.0, 0.0, 8.0; 1
-3.0, 0.0, 8.0; 2
-2.0, 0.0, 8.0; 1
0.0, 0.0, 8.0; 1
-5.0, 1.0, 8.0; 1
-4.0, 1.0, 8.0; 1
-3.0, 1.0, 8.0; 1
-2.0, 1.0, 8.0; 5
-1.0, 1.0, 8.0; 1
1.0, 1.0, 8.0; 1
4.0, 1.0, 8.0; 1
-5.0, 2.0, 8.0; 1
-4.0, 2.0, 8.0; 3
-3.0, 2.0, 8.0; 2
-4.0, 3.0, 8.0; 1
-3.0, 3.0, 8.0; 2
0.0, 3.0, 8.0; 1
-3.0, 4.0, 8.0; 1
-1.0, 4.0, 8.0; 1
0.0, 4.0, 8.0; 1
-2.0, -4.0, 9.0; 1
-3.0, -3.0, 9.0; 1
-2.0, -3.0, 9.0; 1
-4.0, -2.0, 9.0; 1
-2.0, -2.0, 9.0; 1
1.0, -2.0, 9.0; 1
3.0, -2.0, 9.0; 1
-4.0, -1.0, 9.0; 1
2.0, -1.0, 9.0; 1
-4.0, 2.0, 9.0; 1
-3.0, 2.0, 9.0; 1
-2.0, 2.0, 9.0; 1
-1.0, 2.0, 9.0; 1
1.0, 2.0, 9.0; 1
0.0, -5.0, -10.0; 1
-2.0, -4.0, -10.0; 1
0.0, -4.0, -10.0; 2
1.0, -4.0, -10.0; 1
-3.0, -3.0, -10.0; 2
-2.0, -3.0, -10.0; 1
-1.0, -3.0, -10.0; 10
0.0, -3.0, -10.0; 4
1.0, -3.0, -10.0; 3
2.0, -3.0, -10.0; 3
-4.0, -2.0, -10.0; 2
-3.0, -2.0, -10.0; 1
-2.0, -2.0, -10.0; 5
-1.0, -2.0, -10.0; 4
0.0, -2.0, -10.0; 4
1.0, -2.0, -10.0; 1
2.0, -2.0, -10.0; 1
-3.0, -1.0, -10.0; 2
-2.0, -1.0, -10.0; 7
-1.0, -1.0, -10.0; 6
0.0, -1.0, -10.0; 5
1.0, -1.0, -10.0; 1
2.0, -1.0, -10.0; 2
3.0, -1.0, -10.0; 1
-4.0, 0.0, -10.0; 1
-3.0, 0.0, -10.0; 2
-2.0, 0.0, -10.0; 2
-1.0, 0.0, -10.0; 3
0.0, 0.0, -10.0; 3
1.0, 0.0, -10.0; 1
2.0, 0.0, -10.0; 5
3.0, 0.0, -10.0; 2
-4.0, 1.0, -10.0; 1
-3.0, 1.0, -10.0; 2
-2.0, 1.0, -10.0; 5
-1.0, 1.0, -10.0; 1
0.0, 1.0, -10.0; 3
1.0, 1.0, -10.0; 2
2.0, 1.0, -10.0; 6
-3.0, 2.0, -10.0; 1
-2.0, 2.0, -10.0; 1
-1.0, 2.0, -10.0; 2
1.0, 2.0, -10.0; 1
2.0, 2.0, -10.0; 1
3.0, 2.0, -10.0; 1
-2.0, 3.0, -10.0; 2
-1.0, 3.0, -10.0; 2
1.0, 3.0, -10.0; 2
2.0, 3.0, -10.0; 1
-2.0, -6.0, -9.0; 1
-1.0, -6.0, -9.0; 3
0.0, -6.0, -9.0; 1
1.0, -6.0, -9.0; 5
2.0, -6.0, -9.0; 1
3.0, -6.0, -9.0; 1
-3.0, -5.0, -9.0; 1
-2.0, -5.0, -9.0; 4
-1.0, -5.0, -9.0; 9
0.0, -5.0, -9.0; 6
1.0, -5.0, -9.0; 3
2.0, -5.0, -9.0; 1
-3.0, -4.0, -9.0; 3
-2.0, -4.0, -9.0; 1
-1.0, -4.0, -9.0; 3
0.0, -4.0, -9.0; 4
1.0, -4.0, -9.0; 6
2.0, -4.0, -9.0; 6
3.0, -4.0, -9.0; 2
-5.0, -3.0, -9.0; 4
-4.0, -3.0, -9.0; 11
-3.0, -3.0, -9.0; 6
-2.0, -3.0, -9.0; 5
-1.0, -3.0, -9.0; 4
0.0, -3.0, -9.0; 7
1.0, -3.0, -9.0; 7
2.0, -3.0, -9.0; 10
3.0, -3.0, -9.0; 4
-5.0, -2.0, -9.0; 3
-4.0, -2.0, -9.0; 4
-3.0, -2.0, -9.0; 5
-2.0, -2.0, -9.0; 4
-1.0, -2.0, -9.0; 3
0.0, -2.0, -9.0; 5
1.0, -2.0, -9.0; 9
2.0, -2.0, -9.0; 14
3.0, -2.0, -9.0; 3
4.0, -2.0, -9.0; 1
5.0, -2.0, -9.0; 2
-6.0, -1.0, -9.0; 2
-5.0, -1.0, -9.0; 4
-4.0, -1.0, -9.0; 3
-3.0, -1.0, -9.0; 2
-2.0, -1.0, -9.0; 3
-1.0, -1.0, -9.0; 5
0.0, -1.0, -9.0; 7
1.0, -1.0, -9.0; 7
2.0, -1.0, -9.0; 6
3.0, -1.0, -9.0; 3
4.0, -1.0, -9.0; 6
5.0, -1.0, -9.0; 1
-5.0, 0.0, -9.0; 4
-4.0, 0.0, -9.0; 14
-3.0, 0.0, -9.0; 10
-2.0, 0.0, -9.0; 5
-1.0, 0.0, -9.0; 11
0.0, 0.0, -9.0; 7
1.0, 0.0, -9.0; 2
2.0, 0.0, -9.0; 1
3.0, 0.0, -9.0; 1
4.0, 0.0, -9.0; 5
5.0, 0.0, -9.0; 3
-5.0, 1.0, -9.0; 5
-4.0, 1.0, -9.0; 17
-3.0, 1.0, -9.0; 18
-2.0, 1.0, -9.0; 11
-1.0, 1.0, -9.0; 9
0.0, 1.0, -9.0; 7
1.0, 1.0, -9.0; 1
2.0, 1.0, -9.0; 1
3.0, 1.0, -9.0; 5
4.0, 1.0, -9.0; 6
5.0, 1.0, -9.0; 2
-5.0, 2.0, -9.0; 11
-4.0, 2.0, -9.0; 10
-3.0, 2.0, -9.0; 20
-2.0, 2.0, -9.0; 13
-1.0, 2.0, -9.0; 4
0.0, 2.0, -9.0; 4
1.0, 2.0, -9.0; 3
2.0, 2.0, -9.0; 4
3.0, 2.0, -9.0; 4
4.0, 2.0, -9.0; 1
-5.0, 3.0, -9.0; 2
-4.0, 3.0, -9.0; 6
-3.0, 3.0, -9.0; 12
-2.0, 3.0, -9.0; 9
-1.0, 3.0, -9.0; 8
0.0, 3.0, -9.0; 3
1.0, 3.0, -9.0; 2
2.0, 3.0, -9.0; 4
3.0, 3.0, -9.0; 6
-4.0, 4.0, -9.0; 4
-3.0, 4.0, -9.0; 1
-2.0, 4.0, -9.0; 2
-1.0, 4.0, -9.0; 2
1.0, 4.0, -9.0; 2
3.0, 4.0, -9.0; 1
-3.0, 5.0, -9.0; 2
-2.0, 5.0, -9.0; 2
-4.0, -7.0, -8.0; 1
-3.0, -7.0, -8.0; 1
-2.0, -7.0, -8.0; 3
-1.0, -7.0, -8.0; 6
0.0, -7.0, -8.0; 4
1.0, -7.0, -8.0; 12
2.0, -7.0, -8.0; 3
3.0, -7.0, -8.0; 1
-4.0, -6.0, -8.0; 1
-3.0, -6.0, -8.0; 3
-2.0, -6.0, -8.0; 5
-1.0, -6.0, -8.0; 5
0.0, -6.0, -8.0; 7
1.0, -6.0, -8.0; 16
2.0, -6.0, -8.0; 16
3.0, -6.0, -8.0; 5
-5.0, -5.0, -8.0; 3
-4.0, -5.0, -8.0; 5
-3.0, -5.0, -8.0; 8
-2.0, -5.0, -8.0; 2
-1.0, -5.0, -8.0; 9
0.0, -5.0, -8.0; 6
1.0, -5.0, -8.0; 11
2.0, -5.0, -8.0; 9
3.0, -5.0, -8.0; 2
4.0, -5.0, -8.0; 2
-6.0, -4.0, -8.0; 1
-5.0, -4.0, -8.0; 4
-4.0, -4.0, -8.0; 15
-3.0, -4.0, -8.0; 9
-2.0, -4.0, -8.0; 8
-1.0, -4.0, -8.0; 6
0.0, -4.0, -8.0; 2
1.0, -4.0, -8.0; 6
2.0, -4.0, -8.0; 6
3.0, -4.0, -8.0; 8
4.0, -4.0, -8.0; 1
-7.0, -3.0, -8.0; 1
-5.0, -3.0, -8.0; 15
-4.0, -3.0, -8.0; 6
-3.0, -3.0, -8.0; 8
-2.0, -3.0, -8.0; 9
-1.0, -3.0, -8.0; 2
0.0, -3.0, -8.0; 2
1.0, -3.0, -8.0; 1
2.0, -3.0, -8.0; 6
3.0, -3.0, -8.0; 15
5.0, -3.0, -8.0; 1
-7.0, -2.0, -8.0; 1
-6.0, -2.0, -8.0; 5
-5.0, -2.0, -8.0; 7
-4.0, -2.0, -8.0; 14
-3.0, -2.0, -8.0; 18
-2.0, -2.0, -8.0; 8
-1.0, -2.0, -8.0; 7
0.0, -2.0, -8.0; 4
1.0, -2.0, -8.0; 3
2.0, -2.0, -8.0; 11
3.0, -2.0, -8.0; 11
4.0, -2.0, -8.0; 2
5.0, -2.0, -8.0; 2
6.0, -2.0, -8.0; 1
-7.0, -1.0, -8.0; 2
-6.0, -1.0, -8.0; 2
-5.0, -1.0, -8.0; 17
-4.0, -1.0, -8.0; 27
-3.0, -1.0, -8.0; 14
-2.0, -1.0, -8.0; 2
-1.0, -1.0, -8.0; 5
0.0, -1.0, -8.0; 1
1.0, -1.0, -8.0; 7
2.0, -1.0, -8.0; 6
3.0, -1.0, -8.0; 6
5.0, -1.0, -8.0; 9
6.0, -1.0, -8.0; 2
-7.0, 0.0, -8.0; 4
-6.0, 0.0, -8.0; 12
-5.0, 0.0, -8.0; 16
-4.0, 0.0, -8.0; 14
-3.0, 0.0, -8.0; 4
-2.0, 0.0, -8.0; 2
-1.0, 0.0, -8.0; 5
0.0, 0.0, -8.0; 3
1.0, 0.0, -8.0; 8
2.0, 0.0, -8.0; 10
3.0, 0.0, -8.0; 1
4.0, 0.0, -8.0; 1
5.0, 0.0, -8.0; 2
6.0, 0.0, -8.0; 1
-7.0, 1.0, -8.0; 3
-6.0, 1.0, -8.0; 11
-5.0, 1.0, -8.0; 14
-4.0, 1.0, -8.0; 21
-3.0, 1.0, -8.0; 20
-2.0, 1.0, -8.0; 5
-1.0, 1.0, -8.0; 7
0.0, 1.0, -8.0; 5
1.0, 1.0, -8.0; 2
2.0, 1.0, -8.0; 3
5.0, 1.0, -8.0; 1
6.0, 1.0, -8.0; 2
-7.0, 2.0, -8.0; 3
-6.0, 2.0, -8.0; 9
-5.0, 2.0, -8.0; 13
-4.0, 2.0, -8.0; 26
-3.0, 2.0, -8.0; 8
-2.0, 2.0, -8.0; 10
-1.0, 2.0, -8.0; 5
0.0, 2.0, -8.0; 3
1.0, 2.0, -8.0; 6
2.0, 2.0, -8.0; 1
3.0, 2.0, -8.0; 1
4.0, 2.0, -8.0; 3
5.0, 2.0, -8.0; 3
-6.0, 3.0, -8.0; 8
-5.0, 3.0, -8.0; 14
-4.0, 3.0, -8.0; 17
-3.0, 3.0, -8.0; 9
-2.0, 3.0, -8.0; 6
-1.0, 3.0, -8.0; 6
0.0, 3.0, -8.0; 6
1.0, 3.0, -8.0; 1
2.0, 3.0, -8.0; 6
3.0, 3.0, -8.0; 2
4.0, 3.0, -8.0; 3
-6.0, 4.0, -8.0; 1
-5.0, 4.0, -8.0; 5
-4.0, 4.0, -8.0; 11
-3.0, 4.0, -8.0; 12
-2.0, 4.0, -8.0; 15
-1.0, 4.0, -8.0; 8
0.0, 4.0, -8.0; 5
1.0, 4.0, -8.0; 3
2.0, 4.0, -8.0; 2
-5.0, 5.0, -8.0; 1
-4.0, 5.0, -8.0; 5
-3.0, 5.0, -8.0; 9
-2.0, 5.0, -8.0; 7
-1.0, 5.0, -8.0; 6
0.0, 5.0, -8.0; 2
1.0, 5.0, -8.0; 2
2.0, 5.0, -8.0; 2
3.0, 5.0, -8.0; 2
-2.0, 6.0, -8.0; 2
-1.0, 6.0, -8.0; 5
0.0, 6.0, -8.0; 2
-3.0, -8.0, -7.0; 1
-2.0, -8.0, -7.0; 4
-1.0, -8.0, -7.0; 6
0.0, -8.0, -7.0; 4
1.0, -8.0, -7.0; 5
2.0, -8.0, -7.0; 1
-5.0, -7.0, -7.0; 1
-4.0, -7.0, -7.0; 4
-3.0, -7.0, -7.0; 16
-2.0, -7.0, -7.0; 16
-1.0, -7.0, -7.0; 17
0.0, -7.0, -7.0; 7
1.0, -7.0, -7.0; 8
2.0, -7.0, -7.0; 11
3.0, -7.0, -7.0; 4
-6.0, -6.0, -7.0; 1
-5.0, -6.0, -7.0; 10
-4.0, -6.0, -7.0; 15
-3.0, -6.0, -7.0; 14
-2.0, -6.0, -7.0; 10
-1.0, -6.0, -7.0; 11
0.0, -6.0, -7.0; 9
1.0, -6.0, -7.0; 21
2.0, -6.0, -7.0; 12
3.0, -6.0, -7.0; 7
4.0, -6.0, -7.0; 3
-6.0, -5.0, -7.0; 10
-5.0, -5.0, -7.0; 32
-4.0, -5.0, -7.0; 13
-3.0, -5.0, -7.0; 8
-2.0, -5.0, -7.0; 12
-1.0, -5.0, -7.0; 4
0.0, -5.0, -7.0; 3
2.0, -5.0, -7.0; 5
3.0, -5.0, -7.0; 4
4.0, -5.0, -7.0; 2
5.0, -5.0, -7.0; 1
-7.0, -4.0, -7.0; 6
-6.0, -4.0, -7.0; 24
-5.0, -4.0, -7.0; 24
-4.0, -4.0, -7.0; 16
-3.0, -4.0, -7.0; 12
-2.0, -4.0, -7.0; 4
-1.0, -4.0, -7.0; 3
0.0, -4.0, -7.0; 4
1.0, -4.0, -7.0; 2
2.0, -4.0, -7.0; 3
4.0, -4.0, -7.0; 4
5.0, -4.0, -7.0; 3
6.0, -4.0, -7.0; 1
-8.0, -3.0, -7.0; 2
-7.0, -3.0, -7.0; 5
-6.0, -3.0, -7.0; 11
-5.0, -3.0, -7.0; 12
-4.0, -3.0, -7.0; 6
-3.0, -3.0, -7.0; 5
-2.0, -3.0, -7.0; 2
-1.0, -3.0, -7.0; 2
0.0, -3.0, -7.0; 5
1.0, -3.0, -7.0; 4
3.0, -3.0, -7.0; 3
4.0, -3.0, -7.0; 5
5.0, -3.0, -7.0; 2
6.0, -3.0, -7.0; 1
-8.0, -2.0, -7.0; 1
-7.0, -2.0, -7.0; 5
-6.0, -2.0, -7.0; 13
-5.0, -2.0, -7.0; 27
-4.0, -2.0, -7.0; 4
-3.0, -2.0, -7.0; 1
-2.0, -2.0, -7.0; 4
-1.0, -2.0, -7.0; 4
0.0, -2.0, -7.0; 6
1.0, -2.0, -7.0; 1
2.0, -2.0, -7.0; 2
3.0, -2.0, -7.0; 5
4.0, -2.0, -7.0; 2
6.0, -2.0, -7.0; 2
7.0, -2.0, -7.0; 1
-8.0, -1.0, -7.0; 6
-7.0, -1.0, -7.0; 9
-6.0, -1.0, -7.0; 19
-5.0, -1.0, -7.0; 43
-4.0, -1.0, -7.0; 11
-3.0, -1.0, -7.0; 2
-2.0, -1.0, -7.0; 5
-1.0, -1.0, -7.0; 2
0.0, -1.0, -7.0; 3
3.0, -1.0, -7.0; 6
4.0, -1.0, -7.0; 1
6.0, -1.0, -7.0; 2
7.0, -1.0, -7.0; 1
-7.0, 0.0, -7.0; 13
-6.0, 0.0, -7.0; 22
-5.0, 0.0, -7.0; 16
-4.0, 0.0, -7.0; 4
-3.0, 0.0, -7.0; 2
-2.0, 0.0, -7.0; 5
-1.0, 0.0, -7.0; 2
0.0, 0.0, -7.0; 2
1.0, 0.0, -7.0; 1
2.0, 0.0, -7.0; 9
3.0, 0.0, -7.0; 3
4.0, 0.0, -7.0; 2
5.0, 0.0, -7.0; 1
6.0, 0.0, -7.0; 1
7.0, 0.0, -7.0; 2
-8.0, 1.0, -7.0; 4
-7.0, 1.0, -7.0; 8
-6.0, 1.0, -7.0; 21
-5.0, 1.0, -7.0; 30
-4.0, 1.0, -7.0; 2
-2.0, 1.0, -7.0; 2
-1.0, 1.0, -7.0; 2
0.0, 1.0, -7.0; 1
1.0, 1.0, -7.0; 4
2.0, 1.0, -7.0; 1
3.0, 1.0, -7.0; 3
5.0, 1.0, -7.0; 2
6.0, 1.0, -7.0; 3
7.0, 1.0, -7.0; 1
-8.0, 2.0, -7.0; 1
-7.0, 2.0, -7.0; 9
-6.0, 2.0, -7.0; 14
-5.0, 2.0, -7.0; 13
-4.0, 2.0, -7.0; 1
-3.0, 2.0, -7.0; 4
-2.0, 2.0, -7.0; 2
-1.0, 2.0, -7.0; 3
2.0, 2.0, -7.0; 1
3.0, 2.0, -7.0; 1
4.0, 2.0, -7.0; 2
6.0, 2.0, -7.0; 1
-7.0, 3.0, -7.0; 14
-6.0, 3.0, -7.0; 20
-5.0, 3.0, -7.0; 8
-4.0, 3.0, -7.0; 5
-3.0, 3.0, -7.0; 1
-2.0, 3.0, -7.0; 1
-1.0, 3.0, -7.0; 1
0.0, 3.0, -7.0; 5
1.0, 3.0, -7.0; 2
2.0, 3.0, -7.0; 2
5.0, 3.0, -7.0; 1
-7.0, 4.0, -7.0; 1
-6.0, 4.0, -7.0; 15
-5.0, 4.0, -7.0; 5
-4.0, 4.0, -7.0; 8
-3.0, 4.0, -7.0; 1
-2.0, 4.0, -7.0; 2
-1.0, 4.0, -7.0; 2
0.0, 4.0, -7.0; 2
1.0, 4.0, -7.0; 2
2.0, 4.0, -7.0; 1
3.0, 4.0, -7.0; 3
4.0, 4.0, -7.0; 2
6.0, 4.0, -7.0; 1
-5.0, 5.0, -7.0; 7
-4.0, 5.0, -7.0; 7
-3.0, 5.0, -7.0; 9
-2.0, 5.0, -7.0; 7
-1.0, 5.0, -7.0; 4
0.0, 5.0, -7.0; 3
1.0, 5.0, -7.0; 4
2.0, 5.0, -7.0; 3
3.0, 5.0, -7.0; 1
4.0, 5.0, -7.0; 1
5.0, 5.0, -7.0; 1
6.0, 5.0, -7.0; 1
-5.0, 6.0, -7.0; 3
-4.0, 6.0, -7.0; 4
-3.0, 6.0, -7.0; 8
-2.0, 6.0, -7.0; 9
-1.0, 6.0, -7.0; 13
0.0, 6.0, -7.0; 5
1.0, 6.0, -7.0; 4
2.0, 6.0, -7.0; 4
3.0, 6.0, -7.0; 1
-4.0, 7.0, -7.0; 1
-3.0, 7.0, -7.0; 2
-2.0, 7.0, -7.0; 4
-1.0, 7.0, -7.0; 2
0.0, 7.0, -7.0; 2
2.0, 7.0, -7.0; 1
-2.0, -9.0, -6.0; 1
-1.0, -9.0, -6.0; 3
0.0, -9.0, -6.0; 3
1.0, -9.0, -6.0; 3
2.0, -9.0, -6.0; 1
-5.0, -8.0, -6.0; 2
-4.0, -8.0, -6.0; 4
-3.0, -8.0, -6.0; 12
-2.0, -8.0, -6.0; 147
-1.0, -8.0, -6.0; 174
0.0, -8.0, -6.0; 31
1.0, -8.0, -6.0; 17
2.0, -8.0, -6.0; 4
3.0, -8.0, -6.0; 5
4.0, -8.0, -6.0; 2
-6.0, -7.0, -6.0; 3
-5.0, -7.0, -6.0; 17
-4.0, -7.0, -6.0; 33
-3.0, -7.0, -6.0; 45
-2.0, -7.0, -6.0; 239
-1.0, -7.0, -6.0; 212
0.0, -7.0, -6.0; 26
1.0, -7.0, -6.0; 17
2.0, -7.0, -6.0; 12
3.0, -7.0, -6.0; 4
4.0, -7.0, -6.0; 2
5.0, -7.0, -6.0; 1
-7.0, -6.0, -6.0; 3
-6.0, -6.0, -6.0; 23
-5.0, -6.0, -6.0; 32
-4.0, -6.0, -6.0; 23
-3.0, -6.0, -6.0; 37
-2.0, -6.0, -6.0; 94
-1.0, -6.0, -6.0; 47
0.0, -6.0, -6.0; 18
1.0, -6.0, -6.0; 14
2.0, -6.0, -6.0; 14
3.0, -6.0, -6.0; 3
4.0, -6.0, -6.0; 5
5.0, -6.0, -6.0; 1
-8.0, -5.0, -6.0; 1
-7.0, -5.0, -6.0; 9
-6.0, -5.0, -6.0; 23
-5.0, -5.0, -6.0; 17
-4.0, -5.0, -6.0; 25
-3.0, -5.0, -6.0; 78
-2.0, -5.0, -6.0; 69
-1.0, -5.0, -6.0; 10
0.0, -5.0, -6.0; 12
2.0, -5.0, -6.0; 1
4.0, -5.0, -6.0; 5
5.0, -5.0, -6.0; 2
-8.0, -4.0, -6.0; 4
-7.0, -4.0, -6.0; 10
-6.0, -4.0, -6.0; 22
-5.0, -4.0, -6.0; 19
-4.0, -4.0, -6.0; 15
-3.0, -4.0, -6.0; 22
-2.0, -4.0, -6.0; 8
-1.0, -4.0, -6.0; 9
0.0, -4.0, -6.0; 7
1.0, -4.0, -6.0; 4
2.0, -4.0, -6.0; 2
3.0, -4.0, -6.0; 1
4.0, -4.0, -6.0; 3
5.0, -4.0, -6.0; 2
7.0, -4.0, -6.0; 1
-8.0, -3.0, -6.0; 6
-7.0, -3.0, -6.0; 11
-6.0, -3.0, -6.0; 9
-5.0, -3.0, -6.0; 9
-4.0, -3.0, -6.0; 13
-3.0, -3.0, -6.0; 15
-2.0, -3.0, -6.0; 4
-1.0, -3.0, -6.0; 13
0.0, -3.0, -6.0; 37
1.0, -3.0, -6.0; 19
2.0, -3.0, -6.0; 4
4.0, -3.0, -6.0; 3
5.0, -3.0, -6.0; 2
6.0, -3.0, -6.0; 1
7.0, -3.0, -6.0; 1
-9.0, -2.0, -6.0; 2
-8.0, -2.0, -6.0; 6
-7.0, -2.0, -6.0; 5
-6.0, -2.0, -6.0; 11
-5.0, -2.0, -6.0; 3
-4.0, -2.0, -6.0; 9
-3.0, -2.0, -6.0; 23
-2.0, -2.0, -6.0; 24
-1.0, -2.0, -6.0; 26
0.0, -2.0, -6.0; 39
1.0, -2.0, -6.0; 16
2.0, -2.0, -6.0; 1
4.0, -2.0, -6.0; 3
6.0, -2.0, -6.0; 1
7.0, -2.0, -6.0; 2
-9.0, -1.0, -6.0; 3
-8.0, -1.0, -6.0; 8
-7.0, -1.0, -6.0; 18
-6.0, -1.0, -6.0; 15
-5.0, -1.0, -6.0; 8
-4.0, -1.0, -6.0; 4
-3.0, -1.0, -6.0; 12
-2.0, -1.0, -6.0; 62
-1.0, -1.0, -6.0; 27
0.0, -1.0, -6.0; 24
1.0, -1.0, -6.0; 8
2.0, -1.0, -6.0; 3
3.0, -1.0, -6.0; 5
4.0, -1.0, -6.0; 4
7.0, -1.0, -6.0; 1
-9.0, 0.0, -6.0; 1
-8.0, 0.0, -6.0; 9
-7.0, 0.0, -6.0; 21
-6.0, 0.0, -6.0; 31
-5.0, 0.0, -6.0; 5
-4.0, 0.0, -6.0; 2
-3.0, 0.0, -6.0; 9
-2.0, 0.0, -6.0; 24
-1.0, 0.0, -6.0; 12
0.0, 0.0, -6.0; 7
1.0, 0.0, -6.0; 1
2.0, 0.0, -6.0; 5
3.0, 0.0, -6.0; 10
5.0, 0.0, -6.0; 1
6.0, 0.0, -6.0; 1
-9.0, 1.0, -6.0; 1
-8.0, 1.0, -6.0; 11
-7.0, 1.0, -6.0; 10
-6.0, 1.0, -6.0; 24
-5.0, 1.0, -6.0; 4
-4.0, 1.0, -6.0; 5
-3.0, 1.0, -6.0; 17
-2.0, 1.0, -6.0; 25
-1.0, 1.0, -6.0; 30
0.0, 1.0, -6.0; 6
1.0, 1.0, -6.0; 2
2.0, 1.0, -6.0; 2
3.0, 1.0, -6.0; 1
5.0, 1.0, -6.0; 1
7.0, 1.0, -6.0; 2
8.0, 1.0, -6.0; 1
-8.0, 2.0, -6.0; 5
-7.0, 2.0, -6.0; 12
-6.0, 2.0, -6.0; 8
-5.0, 2.0, -6.0; 15
-4.0, 2.0, -6.0; 10
-3.0, 2.0, -6.0; 6
-2.0, 2.0, -6.0; 23
-1.0, 2.0, -6.0; 33
0.0, 2.0, -6.0; 11
1.0, 2.0, -6.0; 1
2.0, 2.0, -6.0; 5
3.0, 2.0, -6.0; 1
4.0, 2.0, -6.0; 1
5.0, 2.0, -6.0; 1
6.0, 2.0, -6.0; 1
7.0, 2.0, -6.0; 1
-8.0, 3.0, -6.0; 5
-7.0, 3.0, -6.0; 13
-6.0, 3.0, -6.0; 4
-5.0, 3.0, -6.0; 3
-4.0, 3.0, -6.0; 14
-3.0, 3.0, -6.0; 5
-2.0, 3.0, -6.0; 1
-1.0, 3.0, -6.0; 2
0.0, 3.0, -6.0; 1
1.0, 3.0, -6.0; 2
2.0, 3.0, -6.0; 4
3.0, 3.0, -6.0; 1
4.0, 3.0, -6.0; 2
5.0, 3.0, -6.0; 1
6.0, 3.0, -6.0; 2
7.0, 3.0, -6.0; 1
-8.0, 4.0, -6.0; 2
-7.0, 4.0, -6.0; 17
-6.0, 4.0, -6.0; 10
-5.0, 4.0, -6.0; 3
-4.0, 4.0, -6.0; 8
-3.0, 4.0, -6.0; 4
-2.0, 4.0, -6.0; 5
-1.0, 4.0, -6.0; 1
0.0, 4.0, -6.0; 2
2.0, 4.0, -6.0; 2
3.0, 4.0, -6.0; 2
4.0, 4.0, -6.0; 2
5.0, 4.0, -6.0; 1
6.0, 4.0, -6.0; 2
-7.0, 5.0, -6.0; 3
-6.0, 5.0, -6.0; 14
-5.0, 5.0, -6.0; 13
-4.0, 5.0, -6.0; 17
-3.0, 5.0, -6.0; 10
-2.0, 5.0, -6.0; 4
-1.0, 5.0, -6.0; 2
0.0, 5.0, -6.0; 2
1.0, 5.0, -6.0; 3
2.0, 5.0, -6.0; 6
3.0, 5.0, -6.0; 2
4.0, 5.0, -6.0; 3
5.0, 5.0, -6.0; 1
-6.0, 6.0, -6.0; 1
-5.0, 6.0, -6.0; 5
-4.0, 6.0, -6.0; 18
-3.0, 6.0, -6.0; 32
-2.0, 6.0, -6.0; 11
-1.0, 6.0, -6.0; 5
0.0, 6.0, -6.0; 5
1.0, 6.0, -6.0; 8
2.0, 6.0, -6.0; 3
3.0, 6.0, -6.0; 3
4.0, 6.0, -6.0; 4
-5.0, 7.0, -6.0; 1
-4.0, 7.0, -6.0; 4
-3.0, 7.0, -6.0; 6
-2.0, 7.0, -6.0; 13
-1.0, 7.0, -6.0; 13
0.0, 7.0, -6.0; 9
1.0, 7.0, -6.0; 5
2.0, 7.0, -6.0; 2
3.0, 7.0, -6.0; 1
4.0, 7.0, -6.0; 1
-3.0, 8.0, -6.0; 1
-2.0, 8.0, -6.0; 6
-1.0, 8.0, -6.0; 8
0.0, 8.0, -6.0; 3
1.0, 8.0, -6.0; 2
-4.0, -9.0, -5.0; 1
-3.0, -9.0, -5.0; 3
-2.0, -9.0, -5.0; 6
-1.0, -9.0, -5.0; 10
0.0, -9.0, -5.0; 9
1.0, -9.0, -5.0; 7
2.0, -9.0, -5.0; 5
3.0, -9.0, -5.0; 3
-5.0, -8.0, -5.0; 7
-4.0, -8.0, -5.0; 10
-3.0, -8.0, -5.0; 28
-2.0, -8.0, -5.0; 636
-1.0, -8.0, -5.0; 1083
0.0, -8.0, -5.0; 59
1.0, -8.0, -5.0; 11
2.0, -8.0, -5.0; 8
3.0, -8.0, -5.0; 8
4.0, -8.0, -5.0; 7
5.0, -8.0, -5.0; 1
-7.0, -7.0, -5.0; 3
-6.0, -7.0, -5.0; 13
-5.0, -7.0, -5.0; 20
-4.0, -7.0, -5.0; 14
-3.0, -7.0, -5.0; 28
-2.0, -7.0, -5.0; 74
-1.0, -7.0, -5.0; 125
0.0, -7.0, -5.0; 35
1.0, -7.0, -5.0; 11
2.0, -7.0, -5.0; 12
3.0, -7.0, -5.0; 11
4.0, -7.0, -5.0; 5
5.0, -7.0, -5.0; 2
6.0, -7.0, -5.0; 1
-7.0, -6.0, -5.0; 15
-6.0, -6.0, -5.0; 17
-5.0, -6.0, -5.0; 11
-4.0, -6.0, -5.0; 12
-3.0, -6.0, -5.0; 5
-2.0, -6.0, -5.0; 6
-1.0, -6.0, -5.0; 15
0.0, -6.0, -5.0; 30
1.0, -6.0, -5.0; 17
2.0, -6.0, -5.0; 5
3.0, -6.0, -5.0; 8
5.0, -6.0, -5.0; 3
-8.0, -5.0, -5.0; 11
-7.0, -5.0, -5.0; 11
-6.0, -5.0, -5.0; 9
-5.0, -5.0, -5.0; 4
-4.0, -5.0, -5.0; 6
-3.0, -5.0, -5.0; 2
-2.0, -5.0, -5.0; 16
-1.0, -5.0, -5.0; 8
0.0, -5.0, -5.0; 15
1.0, -5.0, -5.0; 19
2.0, -5.0, -5.0; 5
3.0, -5.0, -5.0; 1
4.0, -5.0, -5.0; 3
5.0, -5.0, -5.0; 4
-9.0, -4.0, -5.0; 4
-8.0, -4.0, -5.0; 10
-7.0, -4.0, -5.0; 19
-6.0, -4.0, -5.0; 15
-5.0, -4.0, -5.0; 12
-4.0, -4.0, -5.0; 15
-3.0, -4.0, -5.0; 72
-2.0, -4.0, -5.0; 196
-1.0, -4.0, -5.0; 66
0.0, -4.0, -5.0; 13
1.0, -4.0, -5.0; 97
2.0, -4.0, -5.0; 26
3.0, -4.0, -5.0; 4
4.0, -4.0, -5.0; 3
5.0, -4.0, -5.0; 3
6.0, -4.0, -5.0; 2
-9.0, -3.0, -5.0; 5
-8.0, -3.0, -5.0; 13
-7.0, -3.0, -5.0; 5
-6.0, -3.0, -5.0; 8
-5.0, -3.0, -5.0; 14
-4.0, -3.0, -5.0; 70
-3.0, -3.0, -5.0; 1890
-2.0, -3.0, -5.0; 1098
-1.0, -3.0, -5.0; 21
0.0, -3.0, -5.0; 63
1.0, -3.0, -5.0; 2236
2.0, -3.0, -5.0; 105
3.0, -3.0, -5.0; 3
5.0, -3.0, -5.0; 1
7.0, -3.0, -5.0; 1
8.0, -3.0, -5.0; 2
-9.0, -2.0, -5.0; 6
-8.0, -2.0, -5.0; 6
-7.0, -2.0, -5.0; 8
-6.0, -2.0, -5.0; 9
-5.0, -2.0, -5.0; 14
-4.0, -2.0, -5.0; 31
-3.0, -2.0, -5.0; 191
-2.0, -2.0, -5.0; 57
-1.0, -2.0, -5.0; 4
0.0, -2.0, -5.0; 48
1.0, -2.0, -5.0; 141
2.0, -2.0, -5.0; 19
4.0, -2.0, -5.0; 3
5.0, -2.0, -5.0; 1
7.0, -2.0, -5.0; 2
-9.0, -1.0, -5.0; 3
-8.0, -1.0, -5.0; 8
-7.0, -1.0, -5.0; 32
-6.0, -1.0, -5.0; 11
-5.0, -1.0, -5.0; 2
-4.0, -1.0, -5.0; 43
-3.0, -1.0, -5.0; 56
-2.0, -1.0, -5.0; 31
-1.0, -1.0, -5.0; 6
0.0, -1.0, -5.0; 12
1.0, -1.0, -5.0; 19
2.0, -1.0, -5.0; 3
4.0, -1.0, -5.0; 2
5.0, -1.0, -5.0; 2
6.0, -1.0, -5.0; 1
7.0, -1.0, -5.0; 4
-9.0, 0.0, -5.0; 1
-8.0, 0.0, -5.0; 13
-7.0, 0.0, -5.0; 55
-6.0, 0.0, -5.0; 4
-5.0, 0.0, -5.0; 8
-4.0, 0.0, -5.0; 46
-3.0, 0.0, -5.0; 43
-2.0, 0.0, -5.0; 17
-1.0, 0.0, -5.0; 6
0.0, 0.0, -5.0; 7
1.0, 0.0, -5.0; 5
3.0, 0.0, -5.0; 4
4.0, 0.0, -5.0; 7
5.0, 0.0, -5.0; 1
7.0, 0.0, -5.0; 1
-9.0, 1.0, -5.0; 8
-8.0, 1.0, -5.0; 13
-7.0, 1.0, -5.0; 13
-6.0, 1.0, -5.0; 8
-5.0, 1.0, -5.0; 10
-4.0, 1.0, -5.0; 23
-3.0, 1.0, -5.0; 73
-2.0, 1.0, -5.0; 11
-1.0, 1.0, -5.0; 7
0.0, 1.0, -5.0; 10
1.0, 1.0, -5.0; 3
2.0, 1.0, -5.0; 5
3.0, 1.0, -5.0; 7
5.0, 1.0, -5.0; 1
8.0, 1.0, -5.0; 1
-9.0, 2.0, -5.0; 2
-8.0, 2.0, -5.0; 12
-7.0, 2.0, -5.0; 5
-6.0, 2.0, -5.0; 14
-5.0, 2.0, -5.0; 37
-4.0, 2.0, -5.0; 37
-3.0, 2.0, -5.0; 44
-2.0, 2.0, -5.0; 21
-1.0, 2.0, -5.0; 48
0.0, 2.0, -5.0; 35
1.0, 2.0, -5.0; 15
2.0, 2.0, -5.0; 1
3.0, 2.0, -5.0; 4
4.0, 2.0, -5.0; 2
7.0, 2.0, -5.0; 1
-9.0, 3.0, -5.0; 2
-8.0, 3.0, -5.0; 14
-7.0, 3.0, -5.0; 15
-6.0, 3.0, -5.0; 2
-5.0, 3.0, -5.0; 18
-4.0, 3.0, -5.0; 17
-3.0, 3.0, -5.0; 15
-2.0, 3.0, -5.0; 8
-1.0, 3.0, -5.0; 28
0.0, 3.0, -5.0; 37
1.0, 3.0, -5.0; 11
2.0, 3.0, -5.0; 1
3.0, 3.0, -5.0; 3
4.0, 3.0, -5.0; 3
5.0, 3.0, -5.0; 1
7.0, 3.0, -5.0; 3
-9.0, 4.0, -5.0; 1
-8.0, 4.0, -5.0; 6
-7.0, 4.0, -5.0; 29
-6.0, 4.0, -5.0; 10
-5.0, 4.0, -5.0; 3
-4.0, 4.0, -5.0; 5
-3.0, 4.0, -5.0; 6
-2.0, 4.0, -5.0; 20
-1.0, 4.0, -5.0; 16
0.0, 4.0, -5.0; 4
1.0, 4.0, -5.0; 2
2.0, 4.0, -5.0; 2
3.0, 4.0, -5.0; 2
4.0, 4.0, -5.0; 2
6.0, 4.0, -5.0; 2
-8.0, 5.0, -5.0; 2
-7.0, 5.0, -5.0; 9
-6.0, 5.0, -5.0; 20
-5.0, 5.0, -5.0; 37
-4.0, 5.0, -5.0; 27
-3.0, 5.0, -5.0; 4
-2.0, 5.0, -5.0; 3
-1.0, 5.0, -5.0; 3
0.0, 5.0, -5.0; 1
1.0, 5.0, -5.0; 2
2.0, 5.0, -5.0; 2
3.0, 5.0, -5.0; 2
4.0, 5.0, -5.0; 1
-7.0, 6.0, -5.0; 2
-6.0, 6.0, -5.0; 4
-5.0, 6.0, -5.0; 18
-4.0, 6.0, -5.0; 27
-3.0, 6.0, -5.0; 15
-2.0, 6.0, -5.0; 9
-1.0, 6.0, -5.0; 4
0.0, 6.0, -5.0; 4
1.0, 6.0, -5.0; 5
2.0, 6.0, -5.0; 4
3.0, 6.0, -5.0; 2
4.0, 6.0, -5.0; 2
5.0, 6.0, -5.0; 2
-6.0, 7.0, -5.0; 2
-5.0, 7.0, -5.0; 1
-4.0, 7.0, -5.0; 7
-3.0, 7.0, -5.0; 16
-2.0, 7.0, -5.0; 5
-1.0, 7.0, -5.0; 1
0.0, 7.0, -5.0; 7
1.0, 7.0, -5.0; 11
2.0, 7.0, -5.0; 10
3.0, 7.0, -5.0; 1
4.0, 7.0, -5.0; 1
5.0, 7.0, -5.0; 1
-4.0, 8.0, -5.0; 4
-3.0, 8.0, -5.0; 6
-2.0, 8.0, -5.0; 14
-1.0, 8.0, -5.0; 25
0.0, 8.0, -5.0; 25
1.0, 8.0, -5.0; 8
2.0, 8.0, -5.0; 4
0.0, 9.0, -5.0; 1
-3.0, -10.0, -4.0; 2
-2.0, -10.0, -4.0; 1
0.0, -10.0, -4.0; 1
1.0, -10.0, -4.0; 1
-4.0, -9.0, -4.0; 5
-3.0, -9.0, -4.0; 12
-2.0, -9.0, -4.0; 22
-1.0, -9.0, -4.0; 30
0.0, -9.0, -4.0; 14
1.0, -9.0, -4.0; 7
2.0, -9.0, -4.0; 5
3.0, -9.0, -4.0; 4
4.0, -9.0, -4.0; 1
-7.0, -8.0, -4.0; 1
-6.0, -8.0, -4.0; 4
-5.0, -8.0, -4.0; 11
-4.0, -8.0, -4.0; 9
-3.0, -8.0, -4.0; 19
-2.0, -8.0, -4.0; 86
-1.0, -8.0, -4.0; 149
0.0, -8.0, -4.0; 35
1.0, -8.0, -4.0; 8
2.0, -8.0, -4.0; 8
3.0, -8.0, -4.0; 2
4.0, -8.0, -4.0; 5
5.0, -8.0, -4.0; 5
-8.0, -7.0, -4.0; 1
-7.0, -7.0, -4.0; 10
-6.0, -7.0, -4.0; 28
-5.0, -7.0, -4.0; 6
-4.0, -7.0, -4.0; 5
-3.0, -7.0, -4.0; 2
-2.0, -7.0, -4.0; 4
-1.0, -7.0, -4.0; 24
0.0, -7.0, -4.0; 29
1.0, -7.0, -4.0; 24
2.0, -7.0, -4.0; 7
3.0, -7.0, -4.0; 7
4.0, -7.0, -4.0; 1
5.0, -7.0, -4.0; 4
6.0, -7.0, -4.0; 1
-8.0, -6.0, -4.0; 12
-7.0, -6.0, -4.0; 28
-6.0, -6.0, -4.0; 3
-5.0, -6.0, -4.0; 4
-4.0, -6.0, -4.0; 2
-3.0, -6.0, -4.0; 1
-2.0, -6.0, -4.0; 8
-1.0, -6.0, -4.0; 12
0.0, -6.0, -4.0; 41
1.0, -6.0, -4.0; 115
2.0, -6.0, -4.0; 21
3.0, -6.0, -4.0; 6
4.0, -6.0, -4.0; 1
5.0, -6.0, -4.0; 3
-9.0, -5.0, -4.0; 2
-8.0, -5.0, -4.0; 24
-7.0, -5.0, -4.0; 19
-6.0, -5.0, -4.0; 3
-5.0, -5.0, -4.0; 1
-4.0, -5.0, -4.0; 3
-3.0, -5.0, -4.0; 6
-2.0, -5.0, -4.0; 48
-1.0, -5.0, -4.0; 286
0.0, -5.0, -4.0; 83
1.0, -5.0, -4.0; 46
2.0, -5.0, -4.0; 48
3.0, -5.0, -4.0; 3
4.0, -5.0, -4.0; 3
5.0, -5.0, -4.0; 2
6.0, -5.0, -4.0; 1
7.0, -5.0, -4.0; 1
-9.0, -4.0, -4.0; 13
-8.0, -4.0, -4.0; 10
-7.0, -4.0, -4.0; 6
-6.0, -4.0, -4.0; 7
-5.0, -4.0, -4.0; 18
-4.0, -4.0, -4.0; 59
-3.0, -4.0, -4.0; 19
-2.0, -4.0, -4.0; 41
-1.0, -4.0, -4.0; 83
0.0, -4.0, -4.0; 14
1.0, -4.0, -4.0; 72
2.0, -4.0, -4.0; 100
3.0, -4.0, -4.0; 5
4.0, -4.0, -4.0; 2
5.0, -4.0, -4.0; 1
6.0, -4.0, -4.0; 3
7.0, -4.0, -4.0; 2
-10.0, -3.0, -4.0; 1
-9.0, -3.0, -4.0; 9
-8.0, -3.0, -4.0; 12
-7.0, -3.0, -4.0; 7
-6.0, -3.0, -4.0; 13
-5.0, -3.0, -4.0; 33
-4.0, -3.0, -4.0; 155
-3.0, -3.0, -4.0; 87
-2.0, -3.0, -4.0; 2
-1.0, -3.0, -4.0; 1
0.0, -3.0, -4.0; 3
1.0, -3.0, -4.0; 403
2.0, -3.0, -4.0; 217
3.0, -3.0, -4.0; 7
6.0, -3.0, -4.0; 2
8.0, -3.0, -4.0; 1
-10.0, -2.0, -4.0; 1
-9.0, -2.0, -4.0; 4
-8.0, -2.0, -4.0; 11
-7.0, -2.0, -4.0; 15
-6.0, -2.0, -4.0; 11
-5.0, -2.0, -4.0; 23
-4.0, -2.0, -4.0; 43
-3.0, -2.0, -4.0; 18
-2.0, -2.0, -4.0; 2
-1.0, -2.0, -4.0; 1
0.0, -2.0, -4.0; 3
1.0, -2.0, -4.0; 12
2.0, -2.0, -4.0; 20
3.0, -2.0, -4.0; 2
4.0, -2.0, -4.0; 1
5.0, -2.0, -4.0; 1
8.0, -2.0, -4.0; 1
-9.0, -1.0, -4.0; 4
-8.0, -1.0, -4.0; 15
-7.0, -1.0, -4.0; 85
-6.0, -1.0, -4.0; 1
-5.0, -1.0, -4.0; 11
-4.0, -1.0, -4.0; 35
-3.0, -1.0, -4.0; 3
4.0, -1.0, -4.0; 1
7.0, -1.0, -4.0; 3
-10.0, 0.0, -4.0; 1
-9.0, 0.0, -4.0; 4
-8.0, 0.0, -4.0; 25
-7.0, 0.0, -4.0; 25
-6.0, 0.0, -4.0; 11
-5.0, 0.0, -4.0; 25
-4.0, 0.0, -4.0; 16
-3.0, 0.0, -4.0; 2
2.0, 0.0, -4.0; 3
3.0, 0.0, -4.0; 1
7.0, 0.0, -4.0; 2
-9.0, 1.0, -4.0; 14
-8.0, 1.0, -4.0; 10
-7.0, 1.0, -4.0; 6
-6.0, 1.0, -4.0; 29
-5.0, 1.0, -4.0; 53
-4.0, 1.0, -4.0; 34
0.0, 1.0, -4.0; 1
1.0, 1.0, -4.0; 1
2.0, 1.0, -4.0; 1
4.0, 1.0, -4.0; 2
5.0, 1.0, -4.0; 1
6.0, 1.0, -4.0; 2
-9.0, 2.0, -4.0; 5
-8.0, 2.0, -4.0; 12
-7.0, 2.0, -4.0; 4
-6.0, 2.0, -4.0; 58
-5.0, 2.0, -4.0; 33
-4.0, 2.0, -4.0; 36
-3.0, 2.0, -4.0; 3
1.0, 2.0, -4.0; 2
2.0, 2.0, -4.0; 3
3.0, 2.0, -4.0; 3
4.0, 2.0, -4.0; 3
5.0, 2.0, -4.0; 1
8.0, 2.0, -4.0; 1
-9.0, 3.0, -4.0; 5
-8.0, 3.0, -4.0; 27
-7.0, 3.0, -4.0; 7
-6.0, 3.0, -4.0; 29
-5.0, 3.0, -4.0; 12
-4.0, 3.0, -4.0; 7
-3.0, 3.0, -4.0; 3
0.0, 3.0, -4.0; 33
1.0, 3.0, -4.0; 22
2.0, 3.0, -4.0; 3
3.0, 3.0, -4.0; 7
4.0, 3.0, -4.0; 3
8.0, 3.0, -4.0; 1
-9.0, 4.0, -4.0; 5
-8.0, 4.0, -4.0; 21
-7.0, 4.0, -4.0; 21
-6.0, 4.0, -4.0; 8
-5.0, 4.0, -4.0; 3
-4.0, 4.0, -4.0; 4
-3.0, 4.0, -4.0; 6
-2.0, 4.0, -4.0; 27
-1.0, 4.0, -4.0; 36
0.0, 4.0, -4.0; 65
1.0, 4.0, -4.0; 23
2.0, 4.0, -4.0; 1
3.0, 4.0, -4.0; 1
4.0, 4.0, -4.0; 3
5.0, 4.0, -4.0; 1
7.0, 4.0, -4.0; 2
-8.0, 5.0, -4.0; 6
-7.0, 5.0, -4.0; 20
-6.0, 5.0, -4.0; 27
-5.0, 5.0, -4.0; 12
-3.0, 5.0, -4.0; 5
-2.0, 5.0, -4.0; 74
-1.0, 5.0, -4.0; 169
0.0, 5.0, -4.0; 75
1.0, 5.0, -4.0; 3
2.0, 5.0, -4.0; 2
3.0, 5.0, -4.0; 7
4.0, 5.0, -4.0; 1
-7.0, 6.0, -4.0; 4
-6.0, 6.0, -4.0; 25
-5.0, 6.0, -4.0; 23
-4.0, 6.0, -4.0; 7
-3.0, 6.0, -4.0; 2
-2.0, 6.0, -4.0; 2
-1.0, 6.0, -4.0; 3
0.0, 6.0, -4.0; 2
1.0, 6.0, -4.0; 2
2.0, 6.0, -4.0; 4
3.0, 6.0, -4.0; 3
5.0, 6.0, -4.0; 2
6.0, 6.0, -4.0; 2
-6.0, 7.0, -4.0; 3
-5.0, 7.0, -4.0; 4
-4.0, 7.0, -4.0; 9
-3.0, 7.0, -4.0; 4
-2.0, 7.0, -4.0; 4
-1.0, 7.0, -4.0; 3
0.0, 7.0, -4.0; 6
1.0, 7.0, -4.0; 10
2.0, 7.0, -4.0; 12
3.0, 7.0, -4.0; 2
4.0, 7.0, -4.0; 3
5.0, 7.0, -4.0; 1
-4.0, 8.0, -4.0; 7
-3.0, 8.0, -4.0; 14
-2.0, 8.0, -4.0; 23
-1.0, 8.0, -4.0; 14
0.0, 8.0, -4.0; 24
1.0, 8.0, -4.0; 29
2.0, 8.0, -4.0; 12
3.0, 8.0, -4.0; 2
-2.0, 9.0, -4.0; 6
-1.0, 9.0, -4.0; 8
0.0, 9.0, -4.0; 14
1.0, 9.0, -4.0; 5
-4.0, -10.0, -3.0; 1
-3.0, -10.0, -3.0; 3
-2.0, -10.0, -3.0; 12
-1.0, -10.0, -3.0; 14
0.0, -10.0, -3.0; 10
1.0, -10.0, -3.0; 3
2.0, -10.0, -3.0; 4
-5.0, -9.0, -3.0; 2
-4.0, -9.0, -3.0; 15
-3.0, -9.0, -3.0; 8
-2.0, -9.0, -3.0; 16
-1.0, -9.0, -3.0; 20
0.0, -9.0, -3.0; 11
1.0, -9.0, -3.0; 11
2.0, -9.0, -3.0; 3
3.0, -9.0, -3.0; 5
4.0, -9.0, -3.0; 1
-7.0, -8.0, -3.0; 3
-6.0, -8.0, -3.0; 11
-5.0, -8.0, -3.0; 10
-4.0, -8.0, -3.0; 11
-3.0, -8.0, -3.0; 11
-2.0, -8.0, -3.0; 26
-1.0, -8.0, -3.0; 30
0.0, -8.0, -3.0; 21
1.0, -8.0, -3.0; 9
2.0, -8.0, -3.0; 4
3.0, -8.0, -3.0; 4
4.0, -8.0, -3.0; 6
5.0, -8.0, -3.0; 3
-8.0, -7.0, -3.0; 2
-7.0, -7.0, -3.0; 35
-6.0, -7.0, -3.0; 14
-5.0, -7.0, -3.0; 4
-4.0, -7.0, -3.0; 1
-3.0, -7.0, -3.0; 1
-2.0, -7.0, -3.0; 1
-1.0, -7.0, -3.0; 5
0.0, -7.0, -3.0; 75
1.0, -7.0, -3.0; 172
2.0, -7.0, -3.0; 10
3.0, -7.0, -3.0; 3
4.0, -7.0, -3.0; 6
5.0, -7.0, -3.0; 8
6.0, -7.0, -3.0; 1
-8.0, -6.0, -3.0; 18
-7.0, -6.0, -3.0; 20
-6.0, -6.0, -3.0; 2
-3.0, -6.0, -3.0; 1
-2.0, -6.0, -3.0; 2
-1.0, -6.0, -3.0; 80
0.0, -6.0, -3.0; 129
1.0, -6.0, -3.0; 1728
2.0, -6.0, -3.0; 132
3.0, -6.0, -3.0; 8
4.0, -6.0, -3.0; 1
5.0, -6.0, -3.0; 5
6.0, -6.0, -3.0; 2
7.0, -6.0, -3.0; 2
-9.0, -5.0, -3.0; 9
-8.0, -5.0, -3.0; 24
-7.0, -5.0, -3.0; 11
-6.0, -5.0, -3.0; 5
-5.0, -5.0, -3.0; 2
-1.0, -5.0, -3.0; 34
0.0, -5.0, -3.0; 86
1.0, -5.0, -3.0; 57
2.0, -5.0, -3.0; 71
3.0, -5.0, -3.0; 5
4.0, -5.0, -3.0; 3
5.0, -5.0, -3.0; 3
6.0, -5.0, -3.0; 1
7.0, -5.0, -3.0; 2
-9.0, -4.0, -3.0; 22
-8.0, -4.0, -3.0; 19
-7.0, -4.0, -3.0; 9
-6.0, -4.0, -3.0; 7
-5.0, -4.0, -3.0; 15
-4.0, -4.0, -3.0; 2
-2.0, -4.0, -3.0; 5
-1.0, -4.0, -3.0; 1
1.0, -4.0, -3.0; 4
2.0, -4.0, -3.0; 30
3.0, -4.0, -3.0; 7
4.0, -4.0, -3.0; 1
5.0, -4.0, -3.0; 2
6.0, -4.0, -3.0; 3
7.0, -4.0, -3.0; 1
-10.0, -3.0, -3.0; 1
-9.0, -3.0, -3.0; 17
-8.0, -3.0, -3.0; 6
-7.0, -3.0, -3.0; 6
-6.0, -3.0, -3.0; 23
-5.0, -3.0, -3.0; 46
-3.0, -3.0, -3.0; 5
0.0, -3.0, -3.0; 1
2.0, -3.0, -3.0; 5
3.0, -3.0, -3.0; 1
4.0, -3.0, -3.0; 1
5.0, -3.0, -3.0; 2
7.0, -3.0, -3.0; 1
-10.0, -2.0, -3.0; 2
-9.0, -2.0, -3.0; 3
-8.0, -2.0, -3.0; 11
-7.0, -2.0, -3.0; 12
-6.0, -2.0, -3.0; 18
-5.0, -2.0, -3.0; 29
-4.0, -2.0, -3.0; 1
-3.0, -2.0, -3.0; 3
1.0, -2.0, -3.0; 1
3.0, -2.0, -3.0; 2
-10.0, -1.0, -3.0; 4
-9.0, -1.0, -3.0; 6
-8.0, -1.0, -3.0; 35
-7.0, -1.0, -3.0; 40
-6.0, -1.0, -3.0; 3
-5.0, -1.0, -3.0; 4
-4.0, -1.0, -3.0; 4
8.0, -1.0, -3.0; 1
-10.0, 0.0, -3.0; 4
-9.0, 0.0, -3.0; 8
-8.0, 0.0, -3.0; 23
-7.0, 0.0, -3.0; 8
-6.0, 0.0, -3.0; 43
-5.0, 0.0, -3.0; 18
-4.0, 0.0, -3.0; 1
5.0, 0.0, -3.0; 1
-10.0, 1.0, -3.0; 6
-9.0, 1.0, -3.0; 12
-8.0, 1.0, -3.0; 13
-7.0, 1.0, -3.0; 4
-6.0, 1.0, -3.0; 181
-5.0, 1.0, -3.0; 108
-4.0, 1.0, -3.0; 8
5.0, 1.0, -3.0; 2
7.0, 1.0, -3.0; 1
-9.0, 2.0, -3.0; 14
-8.0, 2.0, -3.0; 7
-7.0, 2.0, -3.0; 15
-6.0, 2.0, -3.0; 61
-5.0, 2.0, -3.0; 23
-4.0, 2.0, -3.0; 1
3.0, 2.0, -3.0; 2
4.0, 2.0, -3.0; 2
5.0, 2.0, -3.0; 1
6.0, 2.0, -3.0; 2
-9.0, 3.0, -3.0; 12
-8.0, 3.0, -3.0; 27
-7.0, 3.0, -3.0; 6
-6.0, 3.0, -3.0; 44
-5.0, 3.0, -3.0; 9
-4.0, 3.0, -3.0; 5
-1.0, 3.0, -3.0; 3
1.0, 3.0, -3.0; 1
2.0, 3.0, -3.0; 1
3.0, 3.0, -3.0; 1
4.0, 3.0, -3.0; 3
5.0, 3.0, -3.0; 3
7.0, 3.0, -3.0; 2
-9.0, 4.0, -3.0; 5
-8.0, 4.0, -3.0; 34
-7.0, 4.0, -3.0; 7
-6.0, 4.0, -3.0; 5
-5.0, 4.0, -3.0; 13
-1.0, 4.0, -3.0; 1
0.0, 4.0, -3.0; 29
1.0, 4.0, -3.0; 58
2.0, 4.0, -3.0; 10
3.0, 4.0, -3.0; 3
4.0, 4.0, -3.0; 5
6.0, 4.0, -3.0; 2
7.0, 4.0, -3.0; 1
-8.0, 5.0, -3.0; 12
-7.0, 5.0, -3.0; 10
-6.0, 5.0, -3.0; 9
-5.0, 5.0, -3.0; 3
-3.0, 5.0, -3.0; 7
-2.0, 5.0, -3.0; 27
-1.0, 5.0, -3.0; 96
0.0, 5.0, -3.0; 122
1.0, 5.0, -3.0; 32
2.0, 5.0, -3.0; 3
3.0, 5.0, -3.0; 2
4.0, 5.0, -3.0; 4
5.0, 5.0, -3.0; 1
6.0, 5.0, -3.0; 2
7.0, 5.0, -3.0; 1
-8.0, 6.0, -3.0; 2
-7.0, 6.0, -3.0; 17
-6.0, 6.0, -3.0; 18
-5.0, 6.0, -3.0; 17
-4.0, 6.0, -3.0; 2
-2.0, 6.0, -3.0; 20
-1.0, 6.0, -3.0; 77
0.0, 6.0, -3.0; 53
1.0, 6.0, -3.0; 11
2.0, 6.0, -3.0; 1
3.0, 6.0, -3.0; 4
4.0, 6.0, -3.0; 4
7.0, 6.0, -3.0; 1
-7.0, 7.0, -3.0; 2
-6.0, 7.0, -3.0; 6
-5.0, 7.0, -3.0; 20
-4.0, 7.0, -3.0; 6
-3.0, 7.0, -3.0; 7
-2.0, 7.0, -3.0; 1
-1.0, 7.0, -3.0; 4
0.0, 7.0, -3.0; 3
1.0, 7.0, -3.0; 10
2.0, 7.0, -3.0; 8
3.0, 7.0, -3.0; 3
4.0, 7.0, -3.0; 2
6.0, 7.0, -3.0; 1
-5.0, 8.0, -3.0; 1
-4.0, 8.0, -3.0; 21
-3.0, 8.0, -3.0; 24
-2.0, 8.0, -3.0; 35
-1.0, 8.0, -3.0; 28
0.0, 8.0, -3.0; 17
1.0, 8.0, -3.0; 19
2.0, 8.0, -3.0; 17
3.0, 8.0, -3.0; 6
-3.0, 9.0, -3.0; 4
-2.0, 9.0, -3.0; 12
-1.0, 9.0, -3.0; 29
0.0, 9.0, -3.0; 35
1.0, 9.0, -3.0; 14
2.0, 9.0, -3.0; 7
-4.0, -10.0, -2.0; 5
-3.0, -10.0, -2.0; 18
-2.0, -10.0, -2.0; 25
-1.0, -10.0, -2.0; 23
0.0, -10.0, -2.0; 26
1.0, -10.0, -2.0; 11
2.0, -10.0, -2.0; 4
-6.0, -9.0, -2.0; 3
-5.0, -9.0, -2.0; 9
-4.0, -9.0, -2.0; 11
-3.0, -9.0, -2.0; 14
-2.0, -9.0, -2.0; 16
-1.0, -9.0, -2.0; 9
0.0, -9.0, -2.0; 14
1.0, -9.0, -2.0; 11
2.0, -9.0, -2.0; 7
3.0, -9.0, -2.0; 5
4.0, -9.0, -2.0; 1
5.0, -9.0, -2.0; 1
-7.0, -8.0, -2.0; 14
-6.0, -8.0, -2.0; 14
-5.0, -8.0, -2.0; 5
-4.0, -8.0, -2.0; 7
-2.0, -8.0, -2.0; 8
-1.0, -8.0, -2.0; 12
0.0, -8.0, -2.0; 12
1.0, -8.0, -2.0; 4
2.0, -8.0, -2.0; 2
3.0, -8.0, -2.0; 1
4.0, -8.0, -2.0; 2
5.0, -8.0, -2.0; 2
6.0, -8.0, -2.0; 1
-8.0, -7.0, -2.0; 10
-7.0, -7.0, -2.0; 31
-6.0, -7.0, -2.0; 7
-5.0, -7.0, -2.0; 3
-4.0, -7.0, -2.0; 1
-3.0, -7.0, -2.0; 1
-2.0, -7.0, -2.0; 2
-1.0, -7.0, -2.0; 17
0.0, -7.0, -2.0; 83
1.0, -7.0, -2.0; 155
2.0, -7.0, -2.0; 11
3.0, -7.0, -2.0; 5
4.0, -7.0, -2.0; 1
5.0, -7.0, -2.0; 15
6.0, -7.0, -2.0; 1
-9.0, -6.0, -2.0; 4
-8.0, -6.0, -2.0; 22
-7.0, -6.0, -2.0; 15
-6.0, -6.0, -2.0; 2
-2.0, -6.0, -2.0; 1
-1.0, -6.0, -2.0; 26
0.0, -6.0, -2.0; 85
1.0, -6.0, -2.0; 846
2.0, -6.0, -2.0; 79
3.0, -6.0, -2.0; 4
4.0, -6.0, -2.0; 5
5.0, -6.0, -2.0; 8
6.0, -6.0, -2.0; 1
7.0, -6.0, -2.0; 2
-9.0, -5.0, -2.0; 15
-8.0, -5.0, -2.0; 28
-7.0, -5.0, -2.0; 6
-6.0, -5.0, -2.0; 3
-5.0, -5.0, -2.0; 2
-1.0, -5.0, -2.0; 2
0.0, -5.0, -2.0; 4
1.0, -5.0, -2.0; 7
2.0, -5.0, -2.0; 31
3.0, -5.0, -2.0; 9
4.0, -5.0, -2.0; 2
6.0, -5.0, -2.0; 2
7.0, -5.0, -2.0; 1
-10.0, -4.0, -2.0; 4
-9.0, -4.0, -2.0; 29
-8.0, -4.0, -2.0; 18
-7.0, -4.0, -2.0; 4
-6.0, -4.0, -2.0; 1
-5.0, -4.0, -2.0; 9
1.0, -4.0, -2.0; 1
2.0, -4.0, -2.0; 4
3.0, -4.0, -2.0; 8
4.0, -4.0, -2.0; 1
5.0, -4.0, -2.0; 2
6.0, -4.0, -2.0; 2
9.0, -4.0, -2.0; 1
-10.0, -3.0, -2.0; 3
-9.0, -3.0, -2.0; 15
-8.0, -3.0, -2.0; 10
-7.0, -3.0, -2.0; 9
-6.0, -3.0, -2.0; 22
-5.0, -3.0, -2.0; 18
-4.0, -3.0, -2.0; 1
3.0, -3.0, -2.0; 1
6.0, -3.0, -2.0; 2
-10.0, -2.0, -2.0; 3
-9.0, -2.0, -2.0; 10
-8.0, -2.0, -2.0; 10
-7.0, -2.0, -2.0; 15
-6.0, -2.0, -2.0; 14
-5.0, -2.0, -2.0; 5
6.0, -2.0, -2.0; 1
7.0, -2.0, -2.0; 1
8.0, -2.0, -2.0; 1
-10.0, -1.0, -2.0; 1
-9.0, -1.0, -2.0; 9
-8.0, -1.0, -2.0; 29
-7.0, -1.0, -2.0; 11
-6.0, -1.0, -2.0; 2
-5.0, -1.0, -2.0; 4
8.0, -1.0, -2.0; 1
-10.0, 0.0, -2.0; 1
-9.0, 0.0, -2.0; 9
-8.0, 0.0, -2.0; 8
-7.0, 0.0, -2.0; 4
-6.0, 0.0, -2.0; 55
-5.0, 0.0, -2.0; 12
-10.0, 1.0, -2.0; 1
-9.0, 1.0, -2.0; 13
-8.0, 1.0, -2.0; 13
-7.0, 1.0, -2.0; 8
-6.0, 1.0, -2.0; 931
-5.0, 1.0, -2.0; 103
6.0, 1.0, -2.0; 1
-10.0, 2.0, -2.0; 1
-9.0, 2.0, -2.0; 11
-8.0, 2.0, -2.0; 3
-7.0, 2.0, -2.0; 23
-6.0, 2.0, -2.0; 111
-5.0, 2.0, -2.0; 34
-4.0, 2.0, -2.0; 1
4.0, 2.0, -2.0; 3
5.0, 2.0, -2.0; 1
6.0, 2.0, -2.0; 1
8.0, 2.0, -2.0; 1
-9.0, 3.0, -2.0; 18
-8.0, 3.0, -2.0; 19
-7.0, 3.0, -2.0; 10
-6.0, 3.0, -2.0; 65
-5.0, 3.0, -2.0; 7
-3.0, 3.0, -2.0; 1
2.0, 3.0, -2.0; 1
3.0, 3.0, -2.0; 3
4.0, 3.0, -2.0; 4
5.0, 3.0, -2.0; 2
7.0, 3.0, -2.0; 2
8.0, 3.0, -2.0; 1
-9.0, 4.0, -2.0; 9
-8.0, 4.0, -2.0; 51
-7.0, 4.0, -2.0; 4
-6.0, 4.0, -2.0; 31
-5.0, 4.0, -2.0; 40
-4.0, 4.0, -2.0; 2
-1.0, 4.0, -2.0; 1
1.0, 4.0, -2.0; 23
2.0, 4.0, -2.0; 11
3.0, 4.0, -2.0; 2
4.0, 4.0, -2.0; 6
7.0, 4.0, -2.0; 1
8.0, 4.0, -2.0; 1
-9.0, 5.0, -2.0; 2
-8.0, 5.0, -2.0; 21
-7.0, 5.0, -2.0; 13
-6.0, 5.0, -2.0; 3
-5.0, 5.0, -2.0; 5
-4.0, 5.0, -2.0; 7
-3.0, 5.0, -2.0; 5
-1.0, 5.0, -2.0; 8
0.0, 5.0, -2.0; 48
1.0, 5.0, -2.0; 47
2.0, 5.0, -2.0; 4
3.0, 5.0, -2.0; 3
4.0, 5.0, -2.0; 1
6.0, 5.0, -2.0; 1
7.0, 5.0, -2.0; 2
-8.0, 6.0, -2.0; 11
-7.0, 6.0, -2.0; 38
-6.0, 6.0, -2.0; 46
-5.0, 6.0, -2.0; 23
-4.0, 6.0, -2.0; 4
-3.0, 6.0, -2.0; 7
-2.0, 6.0, -2.0; 38
-1.0, 6.0, -2.0; 129
0.0, 6.0, -2.0; 159
1.0, 6.0, -2.0; 44
2.0, 6.0, -2.0; 5
3.0, 6.0, -2.0; 2
4.0, 6.0, -2.0; 1
5.0, 6.0, -2.0; 1
-7.0, 7.0, -2.0; 2
-6.0, 7.0, -2.0; 22
-5.0, 7.0, -2.0; 31
-4.0, 7.0, -2.0; 25
-3.0, 7.0, -2.0; 7
-2.0, 7.0, -2.0; 2
-1.0, 7.0, -2.0; 6
0.0, 7.0, -2.0; 4
1.0, 7.0, -2.0; 7
2.0, 7.0, -2.0; 20
3.0, 7.0, -2.0; 6
4.0, 7.0, -2.0; 3
-6.0, 8.0, -2.0; 1
-5.0, 8.0, -2.0; 5
-4.0, 8.0, -2.0; 7
-3.0, 8.0, -2.0; 22
-2.0, 8.0, -2.0; 22
-1.0, 8.0, -2.0; 18
0.0, 8.0, -2.0; 19
1.0, 8.0, -2.0; 10
2.0, 8.0, -2.0; 10
3.0, 8.0, -2.0; 4
-3.0, 9.0, -2.0; 3
-2.0, 9.0, -2.0; 21
-1.0, 9.0, -2.0; 33
0.0, 9.0, -2.0; 34
1.0, 9.0, -2.0; 16
2.0, 9.0, -2.0; 6
3.0, 9.0, -2.0; 1
-4.0, -10.0, -1.0; 21
-3.0, -10.0, -1.0; 32
-2.0, -10.0, -1.0; 26
-1.0, -10.0, -1.0; 35
0.0, -10.0, -1.0; 20
1.0, -10.0, -1.0; 18
2.0, -10.0, -1.0; 5
-6.0, -9.0, -1.0; 12
-5.0, -9.0, -1.0; 25
-4.0, -9.0, -1.0; 17
-3.0, -9.0, -1.0; 10
-2.0, -9.0, -1.0; 16
-1.0, -9.0, -1.0; 9
0.0, -9.0, -1.0; 10
1.0, -9.0, -1.0; 7
2.0, -9.0, -1.0; 8
3.0, -9.0, -1.0; 2
4.0, -9.0, -1.0; 5
5.0, -9.0, -1.0; 2
-7.0, -8.0, -1.0; 15
-6.0, -8.0, -1.0; 17
-5.0, -8.0, -1.0; 5
-4.0, -8.0, -1.0; 1
-3.0, -8.0, -1.0; 1
-2.0, -8.0, -1.0; 6
-1.0, -8.0, -1.0; 28
0.0, -8.0, -1.0; 16
1.0, -8.0, -1.0; 3
2.0, -8.0, -1.0; 3
3.0, -8.0, -1.0; 8
4.0, -8.0, -1.0; 3
5.0, -8.0, -1.0; 3
-8.0, -7.0, -1.0; 19
-7.0, -7.0, -1.0; 34
-6.0, -7.0, -1.0; 6
-5.0, -7.0, -1.0; 1
-4.0, -7.0, -1.0; 1
-3.0, -7.0, -1.0; 2
-2.0, -7.0, -1.0; 17
-1.0, -7.0, -1.0; 105
0.0, -7.0, -1.0; 179
1.0, -7.0, -1.0; 62
2.0, -7.0, -1.0; 8
3.0, -7.0, -1.0; 2
4.0, -7.0, -1.0; 7
5.0, -7.0, -1.0; 4
6.0, -7.0, -1.0; 3
7.0, -7.0, -1.0; 2
-8.0, -6.0, -1.0; 26
-7.0, -6.0, -1.0; 28
-6.0, -6.0, -1.0; 1
-5.0, -6.0, -1.0; 1
-4.0, -6.0, -1.0; 1
-3.0, -6.0, -1.0; 2
-2.0, -6.0, -1.0; 1
-1.0, -6.0, -1.0; 34
0.0, -6.0, -1.0; 36
1.0, -6.0, -1.0; 41
2.0, -6.0, -1.0; 18
3.0, -6.0, -1.0; 4
4.0, -6.0, -1.0; 6
5.0, -6.0, -1.0; 2
6.0, -6.0, -1.0; 1
7.0, -6.0, -1.0; 1
-10.0, -5.0, -1.0; 1
-9.0, -5.0, -1.0; 19
-8.0, -5.0, -1.0; 31
-7.0, -5.0, -1.0; 5
-6.0, -5.0, -1.0; 23
-1.0, -5.0, -1.0; 3
1.0, -5.0, -1.0; 1
2.0, -5.0, -1.0; 20
3.0, -5.0, -1.0; 4
4.0, -5.0, -1.0; 1
5.0, -5.0, -1.0; 2
6.0, -5.0, -1.0; 1
7.0, -5.0, -1.0; 2
-10.0, -4.0, -1.0; 8
-9.0, -4.0, -1.0; 33
-8.0, -4.0, -1.0; 18
-7.0, -4.0, -1.0; 25
-6.0, -4.0, -1.0; 9
-5.0, -4.0, -1.0; 4
2.0, -4.0, -1.0; 3
3.0, -4.0, -1.0; 1
5.0, -4.0, -1.0; 1
7.0, -4.0, -1.0; 1
9.0, -4.0, -1.0; 1
-10.0, -3.0, -1.0; 2
-9.0, -3.0, -1.0; 19
-8.0, -3.0, -1.0; 15
-7.0, -3.0, -1.0; 12
-6.0, -3.0, -1.0; 16
-5.0, -3.0, -1.0; 12
4.0, -3.0, -1.0; 1
6.0, -3.0, -1.0; 1
7.0, -3.0, -1.0; 2
8.0, -3.0, -1.0; 2
-10.0, -2.0, -1.0; 10
-9.0, -2.0, -1.0; 13
-8.0, -2.0, -1.0; 11
-7.0, -2.0, -1.0; 11
-6.0, -2.0, -1.0; 15
-5.0, -2.0, -1.0; 2
4.0, -2.0, -1.0; 1
9.0, -2.0, -1.0; 2
-10.0, -1.0, -1.0; 5
-9.0, -1.0, -1.0; 8
-8.0, -1.0, -1.0; 21
-7.0, -1.0, -1.0; 16
-6.0, -1.0, -1.0; 4
-5.0, -1.0, -1.0; 2
4.0, -1.0, -1.0; 1
-10.0, 0.0, -1.0; 7
-9.0, 0.0, -1.0; 10
-8.0, 0.0, -1.0; 18
-7.0, 0.0, -1.0; 4
-6.0, 0.0, -1.0; 40
-5.0, 0.0, -1.0; 6
4.0, 0.0, -1.0; 1
6.0, 0.0, -1.0; 1
-10.0, 1.0, -1.0; 7
-9.0, 1.0, -1.0; 15
-8.0, 1.0, -1.0; 3
-7.0, 1.0, -1.0; 7
-6.0, 1.0, -1.0; 2212
-5.0, 1.0, -1.0; 203
4.0, 1.0, -1.0; 1
-10.0, 2.0, -1.0; 3
-9.0, 2.0, -1.0; 19
-8.0, 2.0, -1.0; 3
-7.0, 2.0, -1.0; 11
-6.0, 2.0, -1.0; 202
-5.0, 2.0, -1.0; 148
-4.0, 2.0, -1.0; 1
-10.0, 3.0, -1.0; 4
-9.0, 3.0, -1.0; 22
-8.0, 3.0, -1.0; 18
-7.0, 3.0, -1.0; 10
-6.0, 3.0, -1.0; 56
-5.0, 3.0, -1.0; 16
-4.0, 3.0, -1.0; 1
3.0, 3.0, -1.0; 3
4.0, 3.0, -1.0; 1
5.0, 3.0, -1.0; 2
-10.0, 4.0, -1.0; 1
-9.0, 4.0, -1.0; 9
-8.0, 4.0, -1.0; 60
-7.0, 4.0, -1.0; 16
-6.0, 4.0, -1.0; 52
-5.0, 4.0, -1.0; 133
-4.0, 4.0, -1.0; 5
0.0, 4.0, -1.0; 1
2.0, 4.0, -1.0; 8
3.0, 4.0, -1.0; 2
4.0, 4.0, -1.0; 2
5.0, 4.0, -1.0; 1
7.0, 4.0, -1.0; 2
-9.0, 5.0, -1.0; 3
-8.0, 5.0, -1.0; 25
-7.0, 5.0, -1.0; 26
-6.0, 5.0, -1.0; 6
-5.0, 5.0, -1.0; 39
-4.0, 5.0, -1.0; 76
-3.0, 5.0, -1.0; 17
-2.0, 5.0, -1.0; 1
-1.0, 5.0, -1.0; 3
0.0, 5.0, -1.0; 21
1.0, 5.0, -1.0; 33
2.0, 5.0, -1.0; 3
3.0, 5.0, -1.0; 1
4.0, 5.0, -1.0; 1
7.0, 5.0, -1.0; 1
-8.0, 6.0, -1.0; 10
-7.0, 6.0, -1.0; 133
-6.0, 6.0, -1.0; 656
-5.0, 6.0, -1.0; 93
-4.0, 6.0, -1.0; 18
-3.0, 6.0, -1.0; 23
-2.0, 6.0, -1.0; 54
-1.0, 6.0, -1.0; 166
0.0, 6.0, -1.0; 207
1.0, 6.0, -1.0; 57
2.0, 6.0, -1.0; 3
3.0, 6.0, -1.0; 6
4.0, 6.0, -1.0; 1
6.0, 6.0, -1.0; 1
-7.0, 7.0, -1.0; 4
-6.0, 7.0, -1.0; 62
-5.0, 7.0, -1.0; 138
-4.0, 7.0, -1.0; 38
-3.0, 7.0, -1.0; 12
-2.0, 7.0, -1.0; 10
-1.0, 7.0, -1.0; 31
0.0, 7.0, -1.0; 32
1.0, 7.0, -1.0; 5
2.0, 7.0, -1.0; 11
3.0, 7.0, -1.0; 4
4.0, 7.0, -1.0; 1
-6.0, 8.0, -1.0; 3
-5.0, 8.0, -1.0; 5
-4.0, 8.0, -1.0; 10
-3.0, 8.0, -1.0; 24
-2.0, 8.0, -1.0; 10
-1.0, 8.0, -1.0; 19
0.0, 8.0, -1.0; 19
1.0, 8.0, -1.0; 19
2.0, 8.0, -1.0; 11
3.0, 8.0, -1.0; 3
-4.0, 9.0, -1.0; 4
-3.0, 9.0, -1.0; 9
-2.0, 9.0, -1.0; 23
-1.0, 9.0, -1.0; 25
0.0, 9.0, -1.0; 23
1.0, 9.0, -1.0; 16
2.0, 9.0, -1.0; 6
-5.0, -10.0, 0.0; 2
-4.0, -10.0, 0.0; 34
-3.0, -10.0, 0.0; 34
-2.0, -10.0, 0.0; 33
-1.0, -10.0, 0.0; 32
0.0, -10.0, 0.0; 29
1.0, -10.0, 0.0; 14
2.0, -10.0, 0.0; 3
3.0, -10.0, 0.0; 2
-6.0, -9.0, 0.0; 21
-5.0, -9.0, 0.0; 35
-4.0, -9.0, 0.0; 25
-3.0, -9.0, 0.0; 21
-2.0, -9.0, 0.0; 9
-1.0, -9.0, 0.0; 16
0.0, -9.0, 0.0; 11
1.0, -9.0, 0.0; 16
2.0, -9.0, 0.0; 8
3.0, -9.0, 0.0; 4
4.0, -9.0, 0.0; 2
-7.0, -8.0, 0.0; 26
-6.0, -8.0, 0.0; 34
-5.0, -8.0, 0.0; 9
-4.0, -8.0, 0.0; 1
-3.0, -8.0, 0.0; 3
-2.0, -8.0, 0.0; 26
-1.0, -8.0, 0.0; 26
0.0, -8.0, 0.0; 10
1.0, -8.0, 0.0; 5
2.0, -8.0, 0.0; 11
3.0, -8.0, 0.0; 8
4.0, -8.0, 0.0; 1
5.0, -8.0, 0.0; 2
-8.0, -7.0, 0.0; 10
-7.0, -7.0, 0.0; 37
-6.0, -7.0, 0.0; 19
-5.0, -7.0, 0.0; 5
-4.0, -7.0, 0.0; 15
-3.0, -7.0, 0.0; 65
-2.0, -7.0, 0.0; 173
-1.0, -7.0, 0.0; 289
0.0, -7.0, 0.0; 192
1.0, -7.0, 0.0; 24
2.0, -7.0, 0.0; 4
3.0, -7.0, 0.0; 12
4.0, -7.0, 0.0; 8
5.0, -7.0, 0.0; 4
6.0, -7.0, 0.0; 1
-9.0, -6.0, 0.0; 4
-8.0, -6.0, 0.0; 27
-7.0, -6.0, 0.0; 27
-6.0, -6.0, 0.0; 11
-5.0, -6.0, 0.0; 32
-4.0, -6.0, 0.0; 6
-3.0, -6.0, 0.0; 37
-2.0, -6.0, 0.0; 180
-1.0, -6.0, 0.0; 86
0.0, -6.0, 0.0; 40
1.0, -6.0, 0.0; 14
2.0, -6.0, 0.0; 15
3.0, -6.0, 0.0; 6
4.0, -6.0, 0.0; 10
5.0, -6.0, 0.0; 4
-9.0, -5.0, 0.0; 10
-8.0, -5.0, 0.0; 31
-7.0, -5.0, 0.0; 14
-6.0, -5.0, 0.0; 72
-5.0, -5.0, 0.0; 9
-4.0, -5.0, 0.0; 6
-3.0, -5.0, 0.0; 31
-2.0, -5.0, 0.0; 6
-1.0, -5.0, 0.0; 2
2.0, -5.0, 0.0; 21
3.0, -5.0, 0.0; 4
4.0, -5.0, 0.0; 3
5.0, -5.0, 0.0; 3
-10.0, -4.0, 0.0; 4
-9.0, -4.0, 0.0; 17
-8.0, -4.0, 0.0; 20
-7.0, -4.0, 0.0; 10
-6.0, -4.0, 0.0; 38
-5.0, -4.0, 0.0; 10
-4.0, -4.0, 0.0; 3
3.0, -4.0, 0.0; 1
8.0, -4.0, 0.0; 1
-10.0, -3.0, 0.0; 8
-9.0, -3.0, 0.0; 23
-8.0, -3.0, 0.0; 29
-7.0, -3.0, 0.0; 5
-6.0, -3.0, 0.0; 12
-5.0, -3.0, 0.0; 3
4.0, -3.0, 0.0; 1
8.0, -3.0, 0.0; 1
-10.0, -2.0, 0.0; 13
-9.0, -2.0, 0.0; 6
-8.0, -2.0, 0.0; 21
-7.0, -2.0, 0.0; 11
-6.0, -2.0, 0.0; 21
5.0, -2.0, 0.0; 1
-10.0, -1.0, 0.0; 9
-9.0, -1.0, 0.0; 17
-8.0, -1.0, 0.0; 11
-7.0, -1.0, 0.0; 20
-6.0, -1.0, 0.0; 17
-5.0, -1.0, 0.0; 2
4.0, -1.0, 0.0; 1
-10.0, 0.0, 0.0; 9
-9.0, 0.0, 0.0; 7
-8.0, 0.0, 0.0; 17
-7.0, 0.0, 0.0; 16
-6.0, 0.0, 0.0; 14
-5.0, 0.0, 0.0; 4
5.0
18.7225548902
