-10.0, 1.0, 0.0; 1
-9.0, 1.0, 0.0; 1
-8.0, 1.0, 0.0; 1
-6.0, 1.0, 0.0; 58
-5.0, 1.0, 0.0; 30
4.0, 1.0, 0.0; 1
-10.0, 2.0, 0.0; 1
-9.0, 2.0, 0.0; 1
-8.0, 2.0, 0.0; 3
-7.0, 2.0, 0.0; 1
-6.0, 2.0, 0.0; 17
-5.0, 2.0, 0.0; 52
-4.0, 2.0, 0.0; 1
-9.0, 3.0, 0.0; 3
-8.0, 3.0, 0.0; 3
-7.0, 3.0, 0.0; 2
-6.0, 3.0, 0.0; 8
-5.0, 3.0, 0.0; 12
4.0, 3.0, 0.0; 1
5.0, 3.0, 0.0; 1
-9.0, 4.0, 0.0; 3
-8.0, 4.0, 0.0; 6
-7.0, 4.0, 0.0; 1
-6.0, 4.0, 0.0; 4
-5.0, 4.0, 0.0; 8
-4.0, 4.0, 0.0; 4
-2.0, 4.0, 0.0; 1
1.0, 4.0, 0.0; 1
2.0, 4.0, 0.0; 1
4.0, 4.0, 0.0; 1
-9.0, 5.0, 0.0; 1
-8.0, 5.0, 0.0; 8
-7.0, 5.0, 0.0; 9
-6.0, 5.0, 0.0; 1
-5.0, 5.0, 0.0; 7
-4.0, 5.0, 0.0; 9
-3.0, 5.0, 0.0; 17
-2.0, 5.0, 0.0; 2
-1.0, 5.0, 0.0; 4
0.0, 5.0, 0.0; 6
1.0, 5.0, 0.0; 3
3.0, 5.0, 0.0; 2
-8.0, 6.0, 0.0; 4
-7.0, 6.0, 0.0; 57
-6.0, 6.0, 0.0; 324
-5.0, 6.0, 0.0; 35
-4.0, 6.0, 0.0; 2
-3.0, 6.0, 0.0; 14
-2.0, 6.0, 0.0; 18
-1.0, 6.0, 0.0; 22
0.0, 6.0, 0.0; 23
1.0, 6.0, 0.0; 3
4.0, 6.0, 0.0; 1
-7.0, 7.0, 0.0; 6
-6.0, 7.0, 0.0; 12
-5.0, 7.0, 0.0; 23
-4.0, 7.0, 0.0; 5
-3.0, 7.0, 0.0; 2
-2.0, 7.0, 0.0; 2
-1.0, 7.0, 0.0; 10
0.0, 7.0, 0.0; 7
1.0, 7.0, 0.0; 2
3.0, 7.0, 0.0; 1
5.0, 7.0, 0.0; 1
-5.0, 8.0, 0.0; 2
-4.0, 8.0, 0.0; 5
-3.0, 8.0, 0.0; 2
-2.0, 8.0, 0.0; 1
-1.0, 8.0, 0.0; 1
0.0, 8.0, 0.0; 2
1.0, 8.0, 0.0; 1
2.0, 8.0, 0.0; 3
-4.0, 9.0, 0.0; 1
-3.0, 9.0, 0.0; 5
-2.0, 9.0, 0.0; 10
-1.0, 9.0, 0.0; 10
0.0, 9.0, 0.0; 11
1.0, 9.0, 0.0; 5
-4.0, -10.0, 1.0; 1
-3.0, -10.0, 1.0; 1
-2.0, -10.0, 1.0; 8
-1.0, -10.0, 1.0; 3
0.0, -10.0, 1.0; 2
1.0, -10.0, 1.0; 1
-6.0, -9.0, 1.0; 4
-5.0, -9.0, 1.0; 8
-4.0, -9.0, 1.0; 10
-3.0, -9.0, 1.0; 5
-2.0, -9.0, 1.0; 7
-1.0, -9.0, 1.0; 2
0.0, -9.0, 1.0; 6
1.0, -9.0, 1.0; 2
2.0, -9.0, 1.0; 3
-6.0, -8.0, 1.0; 14
-5.0, -8.0, 1.0; 15
-4.0, -8.0, 1.0; 1
-2.0, -8.0, 1.0; 1
2.0, -8.0, 1.0; 6
4.0, -8.0, 1.0; 1
-8.0, -7.0, 1.0; 2
-7.0, -7.0, 1.0; 7
-6.0, -7.0, 1.0; 5
-5.0, -7.0, 1.0; 2
-4.0, -7.0, 1.0; 13
-3.0, -7.0, 1.0; 43
-2.0, -7.0, 1.0; 31
-1.0, -7.0, 1.0; 25
0.0, -7.0, 1.0; 8
1.0, -7.0, 1.0; 5
2.0, -7.0, 1.0; 4
-8.0, -6.0, 1.0; 5
-7.0, -6.0, 1.0; 13
-6.0, -6.0, 1.0; 1
-5.0, -6.0, 1.0; 27
-4.0, -6.0, 1.0; 47
-3.0, -6.0, 1.0; 25
-2.0, -6.0, 1.0; 24
-1.0, -6.0, 1.0; 16
0.0, -6.0, 1.0; 9
1.0, -6.0, 1.0; 12
2.0, -6.0, 1.0; 17
3.0, -6.0, 1.0; 5
-9.0, -5.0, 1.0; 3
-8.0, -5.0, 1.0; 11
-7.0, -5.0, 1.0; 1
-6.0, -5.0, 1.0; 30
-5.0, -5.0, 1.0; 43
-4.0, -5.0, 1.0; 2
-3.0, -5.0, 1.0; 2
-2.0, -5.0, 1.0; 3
-1.0, -5.0, 1.0; 2
0.0, -5.0, 1.0; 1
1.0, -5.0, 1.0; 1
2.0, -5.0, 1.0; 5
3.0, -5.0, 1.0; 2
-9.0, -4.0, 1.0; 5
-8.0, -4.0, 1.0; 11
-7.0, -4.0, 1.0; 5
-6.0, -4.0, 1.0; 49
-5.0, -4.0, 1.0; 11
-3.0, -4.0, 1.0; 1
2.0, -4.0, 1.0; 1
-9.0, -3.0, 1.0; 3
-8.0, -3.0, 1.0; 6
-6.0, -3.0, 1.0; 4
-5.0, -3.0, 1.0; 1
-4.0, -3.0, 1.0; 2
4.0, -3.0, 1.0; 1
-10.0, -2.0, 1.0; 2
-9.0, -2.0, 1.0; 1
-8.0, -2.0, 1.0; 2
-6.0, -2.0, 1.0; 11
-10.0, -1.0, 1.0; 3
-8.0, -1.0, 1.0; 3
-7.0, -1.0, 1.0; 3
-6.0, -1.0, 1.0; 14
-5.0, -1.0, 1.0; 3
-4.0, -1.0, 1.0; 1
-9.0, 0.0, 1.0; 2
-8.0, 0.0, 1.0; 2
-7.0, 0.0, 1.0; 5
-6.0, 0.0, 1.0; 5
-10.0, 1.0, 1.0; 2
-9.0, 1.0, 1.0; 1
-8.0, 1.0, 1.0; 2
-7.0, 1.0, 1.0; 1
-6.0, 1.0, 1.0; 10
-5.0, 1.0, 1.0; 9
-9.0, 2.0, 1.0; 4
-8.0, 2.0, 1.0; 2
-7.0, 2.0, 1.0; 2
-6.0, 2.0, 1.0; 4
-5.0, 2.0, 1.0; 23
-4.0, 2.0, 1.0; 3
8.0, 2.0, 1.0; 1
-9.0, 3.0, 1.0; 4
-8.0, 3.0, 1.0; 3
-7.0, 3.0, 1.0; 2
-6.0, 3.0, 1.0; 2
-5.0, 3.0, 1.0; 6
-4.0, 3.0, 1.0; 6
-3.0, 3.0, 1.0; 1
4.0, 3.0, 1.0; 1
-8.0, 4.0, 1.0; 5
-7.0, 4.0, 1.0; 4
-6.0, 4.0, 1.0; 7
-5.0, 4.0, 1.0; 11
-4.0, 4.0, 1.0; 9
-3.0, 4.0, 1.0; 5
-1.0, 4.0, 1.0; 1
1.0, 4.0, 1.0; 2
3.0, 4.0, 1.0; 3
4.0, 4.0, 1.0; 2
-8.0, 5.0, 1.0; 6
-7.0, 5.0, 1.0; 2
-6.0, 5.0, 1.0; 2
-5.0, 5.0, 1.0; 9
-4.0, 5.0, 1.0; 36
-3.0, 5.0, 1.0; 430
-2.0, 5.0, 1.0; 184
-1.0, 5.0, 1.0; 3
0.0, 5.0, 1.0; 9
1.0, 5.0, 1.0; 4
3.0, 5.0, 1.0; 1
7.0, 5.0, 1.0; 1
-8.0, 6.0, 1.0; 2
-7.0, 6.0, 1.0; 24
-6.0, 6.0, 1.0; 40
-5.0, 6.0, 1.0; 5
-4.0, 6.0, 1.0; 10
-3.0, 6.0, 1.0; 22
-2.0, 6.0, 1.0; 15
-1.0, 6.0, 1.0; 3
0.0, 6.0, 1.0; 1
1.0, 6.0, 1.0; 2
2.0, 6.0, 1.0; 2
6.0, 6.0, 1.0; 1
-7.0, 7.0, 1.0; 1
-6.0, 7.0, 1.0; 6
-5.0, 7.0, 1.0; 3
-4.0, 7.0, 1.0; 1
-2.0, 7.0, 1.0; 1
-1.0, 7.0, 1.0; 4
0.0, 7.0, 1.0; 2
2.0, 7.0, 1.0; 2
-6.0, 8.0, 1.0; 1
-5.0, 8.0, 1.0; 4
-4.0, 8.0, 1.0; 1
-3.0, 8.0, 1.0; 4
-2.0, 8.0, 1.0; 5
-1.0, 8.0, 1.0; 3
0.0, 8.0, 1.0; 3
1.0, 8.0, 1.0; 3
2.0, 8.0, 1.0; 4
-3.0, 9.0, 1.0; 8
-2.0, 9.0, 1.0; 5
-1.0, 9.0, 1.0; 2
0.0, 9.0, 1.0; 6
1.0, 9.0, 1.0; 2
-3.0, -10.0, 2.0; 2
-2.0, -10.0, 2.0; 1
-1.0, -10.0, 2.0; 2
0.0, -10.0, 2.0; 3
-5.0, -9.0, 2.0; 4
-4.0, -9.0, 2.0; 9
-3.0, -9.0, 2.0; 11
-2.0, -9.0, 2.0; 6
-1.0, -9.0, 2.0; 3
0.0, -9.0, 2.0; 4
2.0, -9.0, 2.0; 1
3.0, -9.0, 2.0; 2
-7.0, -8.0, 2.0; 1
-6.0, -8.0, 2.0; 10
-5.0, -8.0, 2.0; 11
-4.0, -8.0, 2.0; 7
-3.0, -8.0, 2.0; 2
-2.0, -8.0, 2.0; 4
-1.0, -8.0, 2.0; 3
0.0, -8.0, 2.0; 1
1.0, -8.0, 2.0; 1
3.0, -8.0, 2.0; 1
5.0, -8.0, 2.0; 2
-8.0, -7.0, 2.0; 1
-7.0, -7.0, 2.0; 6
-6.0, -7.0, 2.0; 7
-5.0, -7.0, 2.0; 4
-4.0, -7.0, 2.0; 1
-3.0, -7.0, 2.0; 5
-2.0, -7.0, 2.0; 3
-1.0, -7.0, 2.0; 6
0.0, -7.0, 2.0; 2
1.0, -7.0, 2.0; 1
2.0, -7.0, 2.0; 2
3.0, -7.0, 2.0; 1
4.0, -7.0, 2.0; 1
5.0, -7.0, 2.0; 1
-8.0, -6.0, 2.0; 5
-7.0, -6.0, 2.0; 9
-6.0, -6.0, 2.0; 3
-5.0, -6.0, 2.0; 3
-4.0, -6.0, 2.0; 16
-3.0, -6.0, 2.0; 42
-2.0, -6.0, 2.0; 20
-1.0, -6.0, 2.0; 11
0.0, -6.0, 2.0; 4
1.0, -6.0, 2.0; 8
2.0, -6.0, 2.0; 2
3.0, -6.0, 2.0; 1
-8.0, -5.0, 2.0; 4
-7.0, -5.0, 2.0; 5
-6.0, -5.0, 2.0; 1
-5.0, -5.0, 2.0; 43
-4.0, -5.0, 2.0; 44
-3.0, -5.0, 2.0; 12
-2.0, -5.0, 2.0; 1
-1.0, -5.0, 2.0; 1
0.0, -5.0, 2.0; 5
1.0, -5.0, 2.0; 5
2.0, -5.0, 2.0; 2
3.0, -5.0, 2.0; 1
5.0, -5.0, 2.0; 1
-9.0, -4.0, 2.0; 1
-8.0, -4.0, 2.0; 6
-7.0, -4.0, 2.0; 6
-6.0, -4.0, 2.0; 2
-5.0, -4.0, 2.0; 20
-4.0, -4.0, 2.0; 2
-3.0, -4.0, 2.0; 1
-2.0, -4.0, 2.0; 1
1.0, -4.0, 2.0; 1
2.0, -4.0, 2.0; 1
-10.0, -3.0, 2.0; 1
-9.0, -3.0, 2.0; 4
-8.0, -3.0, 2.0; 4
-7.0, -3.0, 2.0; 4
-6.0, -3.0, 2.0; 2
-4.0, -3.0, 2.0; 8
-3.0, -3.0, 2.0; 2
3.0, -3.0, 2.0; 1
-10.0, -2.0, 2.0; 1
-9.0, -2.0, 2.0; 2
-8.0, -2.0, 2.0; 2
-7.0, -2.0, 2.0; 5
-6.0, -2.0, 2.0; 4
-5.0, -2.0, 2.0; 3
-4.0, -2.0, 2.0; 4
-10.0, -1.0, 2.0; 1
-9.0, -1.0, 2.0; 2
-8.0, -1.0, 2.0; 2
-7.0, -1.0, 2.0; 6
-6.0, -1.0, 2.0; 6
-5.0, -1.0, 2.0; 6
-4.0, -1.0, 2.0; 2
-3.0, -1.0, 2.0; 1
-9.0, 0.0, 2.0; 1
-8.0, 0.0, 2.0; 2
-7.0, 0.0, 2.0; 1
-6.0, 0.0, 2.0; 11
-5.0, 0.0, 2.0; 9
-4.0, 0.0, 2.0; 1
-9.0, 1.0, 2.0; 2
-8.0, 1.0, 2.0; 1
-7.0, 1.0, 2.0; 3
-6.0, 1.0, 2.0; 4
-5.0, 1.0, 2.0; 105
-4.0, 1.0, 2.0; 70
-10.0, 2.0, 2.0; 2
-8.0, 2.0, 2.0; 4
-6.0, 2.0, 2.0; 2
-5.0, 2.0, 2.0; 135
-4.0, 2.0, 2.0; 496
-3.0, 2.0, 2.0; 5
-8.0, 3.0, 2.0; 1
-7.0, 3.0, 2.0; 2
-6.0, 3.0, 2.0; 1
-5.0, 3.0, 2.0; 3
-4.0, 3.0, 2.0; 36
-3.0, 3.0, 2.0; 15
-2.0, 3.0, 2.0; 1
-1.0, 3.0, 2.0; 1
1.0, 3.0, 2.0; 1
-9.0, 4.0, 2.0; 2
-8.0, 4.0, 2.0; 4
-7.0, 4.0, 2.0; 3
-5.0, 4.0, 2.0; 4
-4.0, 4.0, 2.0; 3
-3.0, 4.0, 2.0; 17
-2.0, 4.0, 2.0; 12
-1.0, 4.0, 2.0; 5
0.0, 4.0, 2.0; 1
1.0, 4.0, 2.0; 1
2.0, 4.0, 2.0; 1
4.0, 4.0, 2.0; 1
-9.0, 5.0, 2.0; 1
-8.0, 5.0, 2.0; 4
-7.0, 5.0, 2.0; 3
-6.0, 5.0, 2.0; 4
-5.0, 5.0, 2.0; 1
-4.0, 5.0, 2.0; 4
-3.0, 5.0, 2.0; 40
-2.0, 5.0, 2.0; 33
-1.0, 5.0, 2.0; 5
0.0, 5.0, 2.0; 2
1.0, 5.0, 2.0; 1
-8.0, 6.0, 2.0; 3
-6.0, 6.0, 2.0; 5
-5.0, 6.0, 2.0; 1
-4.0, 6.0, 2.0; 2
-3.0, 6.0, 2.0; 1
-2.0, 6.0, 2.0; 1
0.0, 6.0, 2.0; 1
1.0, 6.0, 2.0; 4
3.0, 6.0, 2.0; 1
7.0, 6.0, 2.0; 1
-5.0, 7.0, 2.0; 1
-4.0, 7.0, 2.0; 3
-1.0, 7.0, 2.0; 1
0.0, 7.0, 2.0; 1
5.0, 7.0, 2.0; 1
-5.0, 8.0, 2.0; 2
-4.0, 8.0, 2.0; 3
-3.0, 8.0, 2.0; 2
-2.0, 8.0, 2.0; 6
-1.0, 8.0, 2.0; 5
0.0, 8.0, 2.0; 2
1.0, 8.0, 2.0; 1
-3.0, 9.0, 2.0; 1
-2.0, 9.0, 2.0; 5
-1.0, 9.0, 2.0; 4
0.0, 9.0, 2.0; 2
1.0, 9.0, 2.0; 1
1.0, -10.0, 3.0; 1
-4.0, -9.0, 3.0; 4
-3.0, -9.0, 3.0; 1
-2.0, -9.0, 3.0; 7
-1.0, -9.0, 3.0; 3
0.0, -9.0, 3.0; 2
1.0, -9.0, 3.0; 1
-6.0, -8.0, 3.0; 2
-5.0, -8.0, 3.0; 5
-4.0, -8.0, 3.0; 10
-3.0, -8.0, 3.0; 5
-2.0, -8.0, 3.0; 2
-1.0, -8.0, 3.0; 1
0.0, -8.0, 3.0; 3
1.0, -8.0, 3.0; 1
4.0, -8.0, 3.0; 1
-7.0, -7.0, 3.0; 2
-6.0, -7.0, 3.0; 9
-5.0, -7.0, 3.0; 9
-4.0, -7.0, 3.0; 3
-3.0, -7.0, 3.0; 3
-2.0, -7.0, 3.0; 1
-1.0, -7.0, 3.0; 2
0.0, -7.0, 3.0; 4
5.0, -7.0, 3.0; 1
-8.0, -6.0, 3.0; 1
-7.0, -6.0, 3.0; 1
-6.0, -6.0, 3.0; 4
-5.0, -6.0, 3.0; 5
-3.0, -6.0, 3.0; 1
-2.0, -6.0, 3.0; 3
-1.0, -6.0, 3.0; 1
0.0, -6.0, 3.0; 2
1.0, -6.0, 3.0; 2
2.0, -6.0, 3.0; 1
3.0, -6.0, 3.0; 2
-9.0, -5.0, 3.0; 1
-8.0, -5.0, 3.0; 1
-7.0, -5.0, 3.0; 3
-6.0, -5.0, 3.0; 3
-5.0, -5.0, 3.0; 2
-4.0, -5.0, 3.0; 6
-3.0, -5.0, 3.0; 1
-1.0, -5.0, 3.0; 5
0.0, -5.0, 3.0; 5
1.0, -5.0, 3.0; 6
4.0, -5.0, 3.0; 1
-9.0, -4.0, 3.0; 1
-7.0, -4.0, 3.0; 6
-6.0, -4.0, 3.0; 6
-5.0, -4.0, 3.0; 1
-4.0, -4.0, 3.0; 1
-3.0, -4.0, 3.0; 5
-2.0, -4.0, 3.0; 4
-1.0, -4.0, 3.0; 3
0.0, -4.0, 3.0; 1
-9.0, -3.0, 3.0; 3
-8.0, -3.0, 3.0; 1
-7.0, -3.0, 3.0; 5
-6.0, -3.0, 3.0; 4
-5.0, -3.0, 3.0; 1
-4.0, -3.0, 3.0; 5
-3.0, -3.0, 3.0; 6
-2.0, -3.0, 3.0; 4
4.0, -3.0, 3.0; 1
-9.0, -2.0, 3.0; 1
-8.0, -2.0, 3.0; 2
-7.0, -2.0, 3.0; 4
-6.0, -2.0, 3.0; 15
-5.0, -2.0, 3.0; 24
-4.0, -2.0, 3.0; 4
-3.0, -2.0, 3.0; 1
1.0, -2.0, 3.0; 1
2.0, -2.0, 3.0; 1
5.0, -2.0, 3.0; 1
-9.0, -1.0, 3.0; 2
-6.0, -1.0, 3.0; 5
-5.0, -1.0, 3.0; 5
-4.0, -1.0, 3.0; 3
-3.0, -1.0, 3.0; 1
0.0, -1.0, 3.0; 1
2.0, -1.0, 3.0; 1
-10.0, 0.0, 3.0; 1
-9.0, 0.0, 3.0; 2
-8.0, 0.0, 3.0; 1
-7.0, 0.0, 3.0; 1
-6.0, 0.0, 3.0; 2
-5.0, 0.0, 3.0; 4
-4.0, 0.0, 3.0; 6
-2.0, 0.0, 3.0; 1
3.0, 0.0, 3.0; 1
-9.0, 1.0, 3.0; 3
-7.0, 1.0, 3.0; 2
-5.0, 1.0, 3.0; 10
-4.0, 1.0, 3.0; 39
-3.0, 1.0, 3.0; 8
-2.0, 1.0, 3.0; 1
-8.0, 2.0, 3.0; 1
-7.0, 2.0, 3.0; 2
-6.0, 2.0, 3.0; 1
-5.0, 2.0, 3.0; 4
-4.0, 2.0, 3.0; 56
-3.0, 2.0, 3.0; 33
-2.0, 2.0, 3.0; 1
-1.0, 2.0, 3.0; 1
0.0, 2.0, 3.0; 1
1.0, 2.0, 3.0; 2
2.0, 2.0, 3.0; 1
3.0, 2.0, 3.0; 3
7.0, 2.0, 3.0; 1
-9.0, 3.0, 3.0; 3
-8.0, 3.0, 3.0; 1
-7.0, 3.0, 3.0; 2
-6.0, 3.0, 3.0; 1
-4.0, 3.0, 3.0; 4
-3.0, 3.0, 3.0; 8
-2.0, 3.0, 3.0; 3
-1.0, 3.0, 3.0; 2
1.0, 3.0, 3.0; 2
3.0, 3.0, 3.0; 1
-8.0, 4.0, 3.0; 2
-7.0, 4.0, 3.0; 3
-6.0, 4.0, 3.0; 3
-5.0, 4.0, 3.0; 3
-3.0, 4.0, 3.0; 1
-2.0, 4.0, 3.0; 2
-1.0, 4.0, 3.0; 4
0.0, 4.0, 3.0; 1
1.0, 4.0, 3.0; 1
2.0, 4.0, 3.0; 1
5.0, 4.0, 3.0; 1
-8.0, 5.0, 3.0; 3
-7.0, 5.0, 3.0; 3
-6.0, 5.0, 3.0; 2
-2.0, 5.0, 3.0; 1
2.0, 5.0, 3.0; 2
3.0, 5.0, 3.0; 1
-7.0, 6.0, 3.0; 2
-6.0, 6.0, 3.0; 1
-5.0, 6.0, 3.0; 2
-4.0, 6.0, 3.0; 1
-3.0, 6.0, 3.0; 1
0.0, 6.0, 3.0; 2
3.0, 6.0, 3.0; 1
-6.0, 7.0, 3.0; 1
-5.0, 7.0, 3.0; 4
-4.0, 7.0, 3.0; 2
-3.0, 7.0, 3.0; 3
-2.0, 7.0, 3.0; 2
-1.0, 7.0, 3.0; 2
0.0, 7.0, 3.0; 3
2.0, 7.0, 3.0; 1
-5.0, 8.0, 3.0; 2
-4.0, 8.0, 3.0; 3
-3.0, 8.0, 3.0; 5
-2.0, 8.0, 3.0; 5
-1.0, 8.0, 3.0; 4
0.0, 8.0, 3.0; 3
1.0, 8.0, 3.0; 5
-2.0, 9.0, 3.0; 1
0.0, 9.0, 3.0; 2
-3.0, -9.0, 4.0; 2
-1.0, -9.0, 4.0; 1
-5.0, -8.0, 4.0; 1
-4.0, -8.0, 4.0; 3
-3.0, -8.0, 4.0; 4
-1.0, -8.0, 4.0; 1
0.0, -8.0, 4.0; 1
1.0, -8.0, 4.0; 1
3.0, -8.0, 4.0; 1
-6.0, -7.0, 4.0; 1
-5.0, -7.0, 4.0; 5
-4.0, -7.0, 4.0; 5
-3.0, -7.0, 4.0; 2
-2.0, -7.0, 4.0; 2
-1.0, -7.0, 4.0; 1
0.0, -7.0, 4.0; 1
1.0, -7.0, 4.0; 1
-6.0, -6.0, 4.0; 4
-5.0, -6.0, 4.0; 11
-4.0, -6.0, 4.0; 5
-3.0, -6.0, 4.0; 2
-1.0, -6.0, 4.0; 3
0.0, -6.0, 4.0; 2
-8.0, -5.0, 4.0; 1
-7.0, -5.0, 4.0; 1
-6.0, -5.0, 4.0; 2
-5.0, -5.0, 4.0; 1
-4.0, -5.0, 4.0; 3
-3.0, -5.0, 4.0; 1
-2.0, -5.0, 4.0; 9
0.0, -5.0, 4.0; 4
1.0, -5.0, 4.0; 1
-9.0, -4.0, 4.0; 1
-7.0, -4.0, 4.0; 2
-6.0, -4.0, 4.0; 6
-5.0, -4.0, 4.0; 3
-4.0, -4.0, 4.0; 4
-3.0, -4.0, 4.0; 2
-2.0, -4.0, 4.0; 3
-1.0, -4.0, 4.0; 2
0.0, -4.0, 4.0; 1
5.0, -4.0, 4.0; 1
-8.0, -3.0, 4.0; 1
-7.0, -3.0, 4.0; 1
-6.0, -3.0, 4.0; 3
-5.0, -3.0, 4.0; 3
-4.0, -3.0, 4.0; 2
-3.0, -3.0, 4.0; 2
-2.0, -3.0, 4.0; 1
-1.0, -3.0, 4.0; 4
0.0, -3.0, 4.0; 2
-9.0, -2.0, 4.0; 1
-8.0, -2.0, 4.0; 2
-7.0, -2.0, 4.0; 3
-6.0, -2.0, 4.0; 1
-5.0, -2.0, 4.0; 6
-4.0, -2.0, 4.0; 7
-3.0, -2.0, 4.0; 9
-1.0, -2.0, 4.0; 6
0.0, -2.0, 4.0; 1
3.0, -2.0, 4.0; 1
-8.0, -1.0, 4.0; 3
-7.0, -1.0, 4.0; 1
-5.0, -1.0, 4.0; 1
-4.0, -1.0, 4.0; 7
-3.0, -1.0, 4.0; 7
-2.0, -1.0, 4.0; 11
-1.0, -1.0, 4.0; 4
0.0, -1.0, 4.0; 2
2.0, -1.0, 4.0; 1
-9.0, 0.0, 4.0; 2
-8.0, 0.0, 4.0; 2
-7.0, 0.0, 4.0; 1
-6.0, 0.0, 4.0; 3
-5.0, 0.0, 4.0; 1
-4.0, 0.0, 4.0; 1
-3.0, 0.0, 4.0; 6
-2.0, 0.0, 4.0; 4
-1.0, 0.0, 4.0; 2
1.0, 0.0, 4.0; 1
7.0, 0.0, 4.0; 1
-9.0, 1.0, 4.0; 3
-7.0, 1.0, 4.0; 3
-5.0, 1.0, 4.0; 1
-4.0, 1.0, 4.0; 5
-3.0, 1.0, 4.0; 3
-2.0, 1.0, 4.0; 1
1.0, 1.0, 4.0; 1
5.0, 1.0, 4.0; 1
-8.0, 2.0, 4.0; 1
-6.0, 2.0, 4.0; 4
-5.0, 2.0, 4.0; 1
-4.0, 2.0, 4.0; 3
-3.0, 2.0, 4.0; 1
-1.0, 2.0, 4.0; 1
0.0, 2.0, 4.0; 2
1.0, 2.0, 4.0; 3
-9.0, 3.0, 4.0; 1
-8.0, 3.0, 4.0; 1
-6.0, 3.0, 4.0; 1
-5.0, 3.0, 4.0; 1
-4.0, 3.0, 4.0; 1
-1.0, 3.0, 4.0; 3
0.0, 3.0, 4.0; 1
2.0, 3.0, 4.0; 1
-7.0, 4.0, 4.0; 1
-6.0, 4.0, 4.0; 3
-5.0, 4.0, 4.0; 4
2.0, 4.0, 4.0; 2
6.0, 4.0, 4.0; 1
-7.0, 5.0, 4.0; 5
-4.0, 5.0, 4.0; 2
-3.0, 5.0, 4.0; 1
-2.0, 5.0, 4.0; 2
0.0, 5.0, 4.0; 2
-7.0, 6.0, 4.0; 1
-6.0, 6.0, 4.0; 3
-5.0, 6.0, 4.0; 2
-3.0, 6.0, 4.0; 1
-2.0, 6.0, 4.0; 1
-1.0, 6.0, 4.0; 5
1.0, 6.0, 4.0; 2
2.0, 6.0, 4.0; 1
4.0, 6.0, 4.0; 1
-5.0, 7.0, 4.0; 3
-3.0, 7.0, 4.0; 2
-2.0, 7.0, 4.0; 4
-1.0, 7.0, 4.0; 2
0.0, 7.0, 4.0; 2
1.0, 7.0, 4.0; 1
3.0, 7.0, 4.0; 1
-4.0, 8.0, 4.0; 1
-3.0, 8.0, 4.0; 1
-1.0, 8.0, 4.0; 2
-5.0, -8.0, 5.0; 1
-3.0, -8.0, 5.0; 1
-2.0, -8.0, 5.0; 2
-1.0, -8.0, 5.0; 1
0.0, -8.0, 5.0; 1
-3.0, -7.0, 5.0; 2
-1.0, -7.0, 5.0; 2
-6.0, -6.0, 5.0; 3
-5.0, -6.0, 5.0; 3
-4.0, -6.0, 5.0; 7
-3.0, -6.0, 5.0; 1
-2.0, -6.0, 5.0; 2
-1.0, -6.0, 5.0; 2
0.0, -6.0, 5.0; 1
3.0, -6.0, 5.0; 1
-7.0, -5.0, 5.0; 3
-6.0, -5.0, 5.0; 1
-5.0, -5.0, 5.0; 1
-4.0, -5.0, 5.0; 8
-2.0, -5.0, 5.0; 3
-1.0, -5.0, 5.0; 3
1.0, -5.0, 5.0; 1
5.0, -5.0, 5.0; 1
-7.0, -4.0, 5.0; 2
-6.0, -4.0, 5.0; 3
-5.0, -4.0, 5.0; 1
-4.0, -4.0, 5.0; 2
-3.0, -4.0, 5.0; 2
-2.0, -4.0, 5.0; 1
0.0, -4.0, 5.0; 1
-8.0, -3.0, 5.0; 2
-7.0, -3.0, 5.0; 2
-6.0, -3.0, 5.0; 1
-5.0, -3.0, 5.0; 1
-3.0, -3.0, 5.0; 1
-2.0, -3.0, 5.0; 1
0.0, -3.0, 5.0; 1
-8.0, -2.0, 5.0; 1
-5.0, -2.0, 5.0; 1
-3.0, -2.0, 5.0; 1
-2.0, -2.0, 5.0; 2
-1.0, -2.0, 5.0; 1
2.0, -2.0, 5.0; 1
-8.0, -1.0, 5.0; 1
-7.0, -1.0, 5.0; 1
-3.0, -1.0, 5.0; 1
-1.0, -1.0, 5.0; 1
2.0, -1.0, 5.0; 1
-8.0, 0.0, 5.0; 1
-5.0, 0.0, 5.0; 2
-8.0, 1.0, 5.0; 2
-7.0, 1.0, 5.0; 2
-6.0, 1.0, 5.0; 1
-5.0, 1.0, 5.0; 1
1.0, 1.0, 5.0; 2
4.0, 1.0, 5.0; 1
-8.0, 2.0, 5.0; 2
-7.0, 2.0, 5.0; 2
-6.0, 2.0, 5.0; 1
-5.0, 2.0, 5.0; 3
-4.0, 2.0, 5.0; 1
-3.0, 2.0, 5.0; 2
-2.0, 2.0, 5.0; 1
-1.0, 2.0, 5.0; 1
0.0, 2.0, 5.0; 1
-7.0, 3.0, 5.0; 3
-6.0, 3.0, 5.0; 3
-5.0, 3.0, 5.0; 1
-3.0, 3.0, 5.0; 1
-2.0, 3.0, 5.0; 1
6.0, 3.0, 5.0; 1
-6.0, 4.0, 5.0; 1
-2.0, 4.0, 5.0; 3
-6.0, 5.0, 5.0; 2
-5.0, 5.0, 5.0; 1
-4.0, 5.0, 5.0; 1
-3.0, 5.0, 5.0; 1
0.0, 5.0, 5.0; 1
1.0, 5.0, 5.0; 1
2.0, 5.0, 5.0; 1
-5.0, 6.0, 5.0; 1
-3.0, 6.0, 5.0; 1
1.0, 6.0, 5.0; 1
-5.0, 7.0, 5.0; 1
-4.0, 7.0, 5.0; 1
-2.0, 7.0, 5.0; 3
0.0, 7.0, 5.0; 1
0.0, 8.0, 5.0; 1
0.0, -8.0, 6.0; 1
-3.0, -7.0, 6.0; 1
-2.0, -7.0, 6.0; 1
0.0, -7.0, 6.0; 3
1.0, -7.0, 6.0; 1
-5.0, -6.0, 6.0; 3
-3.0, -6.0, 6.0; 2
1.0, -6.0, 6.0; 1
-5.0, -5.0, 6.0; 3
-3.0, -5.0, 6.0; 1
2.0, -5.0, 6.0; 1
-6.0, -4.0, 6.0; 1
-3.0, -4.0, 6.0; 1
-2.0, -4.0, 6.0; 1
-1.0, -4.0, 6.0; 2
3.0, -4.0, 6.0; 1
-7.0, -3.0, 6.0; 3
-6.0, -3.0, 6.0; 3
-3.0, -3.0, 6.0; 1
-2.0, -3.0, 6.0; 1
-7.0, -2.0, 6.0; 1
-5.0, -2.0, 6.0; 2
-3.0, -2.0, 6.0; 1
-1.0, -2.0, 6.0; 2
0.0, -2.0, 6.0; 2
-7.0, -1.0, 6.0; 3
-4.0, -1.0, 6.0; 1
-2.0, -1.0, 6.0; 1
-1.0, -1.0, 6.0; 1
1.0, -1.0, 6.0; 1
-4.0, 0.0, 6.0; 1
-1.0, 0.0, 6.0; 1
-5.0, 1.0, 6.0; 1
-1.0, 1.0, 6.0; 1
1.0, 1.0, 6.0; 1
-8.0, 2.0, 6.0; 1
-6.0, 2.0, 6.0; 2
-5.0, 2.0, 6.0; 1
-4.0, 2.0, 6.0; 3
0.0, 2.0, 6.0; 1
-6.0, 3.0, 6.0; 2
-5.0, 3.0, 6.0; 1
-3.0, 3.0, 6.0; 1
-1.0, 3.0, 6.0; 1
2.0, 3.0, 6.0; 1
-5.0, 4.0, 6.0; 1
-4.0, 4.0, 6.0; 2
-3.0, 4.0, 6.0; 1
-1.0, 4.0, 6.0; 2
2.0, 4.0, 6.0; 1
-2.0, 5.0, 6.0; 1
1.0, 5.0, 6.0; 1
2.0, 5.0, 6.0; 1
-1.0, -7.0, 7.0; 1
-4.0, -6.0, 7.0; 1
-2.0, -6.0, 7.0; 1
-1.0, -6.0, 7.0; 2
0.0, -6.0, 7.0; 1
-4.0, -5.0, 7.0; 1
-1.0, -5.0, 7.0; 1
1.0, -5.0, 7.0; 1
-6.0, -4.0, 7.0; 2
-5.0, -4.0, 7.0; 4
-3.0, -4.0, 7.0; 1
-6.0, -3.0, 7.0; 1
-5.0, -3.0, 7.0; 2
-4.0, -3.0, 7.0; 1
-1.0, -3.0, 7.0; 1
0.0, -3.0, 7.0; 1
-4.0, -1.0, 7.0; 2
-1.0, -1.0, 7.0; 1
3.0, -1.0, 7.0; 1
-6.0, 0.0, 7.0; 1
-4.0, 0.0, 7.0; 1
-3.0, 0.0, 7.0; 1
-2.0, 0.0, 7.0; 1
-1.0, 0.0, 7.0; 2
2.0, 0.0, 7.0; 1
-5.0, 1.0, 7.0; 1
-3.0, 1.0, 7.0; 1
6.0, 1.0, 7.0; 1
-6.0, 2.0, 7.0; 2
-2.0, 2.0, 7.0; 1
-1.0, 2.0, 7.0; 1
-6.0, 3.0, 7.0; 1
-2.0, 3.0, 7.0; 2
-1.0, 4.0, 7.0; 1
1.0, 4.0, 7.0; 1
-4.0, 5.0, 7.0; 1
0.0, -6.0, 8.0; 1
-5.0, -4.0, 8.0; 1
-4.0, -4.0, 8.0; 2
2.0, -4.0, 8.0; 1
-5.0, -3.0, 8.0; 1
-3.0, -3.0, 8.0; 1
-1.0, -3.0, 8.0; 1
-5.0, -2.0, 8.0; 1
-4.0, -2.0, 8.0; 1
0.0, -2.0, 8.0; 1
1.0, -2.0, 8.0; 1
-4.0, -1.0, 8.0; 1
4.0, -1.0, 8.0; 1
-5.0, 0.0, 8.0; 1
-3.0, 0.0, 8.0; 1
0.0, 0.0, 8.0; 1
-5.0, 1.0, 8.0; 1
-3.0, 3.0, 8.0; 1
-2.0, -1.0, 9.0; 1
-2.0, 0.0, 9.0; 1
-1.0, -4.0, -10.0; 1
-3.0, -3.0, -10.0; 2
-2.0, -3.0, -10.0; 1
-1.0, -3.0, -10.0; 2
1.0, -3.0, -10.0; 1
-2.0, -2.0, -10.0; 3
-1.0, -2.0, -10.0; 2
0.0, -2.0, -10.0; 1
-4.0, -1.0, -10.0; 1
-3.0, -1.0, -10.0; 1
-2.0, -1.0, -10.0; 1
-1.0, -1.0, -10.0; 1
0.0, -1.0, -10.0; 1
-2.0, 0.0, -10.0; 2
-1.0, 0.0, -10.0; 1
3.0, 0.0, -10.0; 1
-2.0, 1.0, -10.0; 1
0.0, 1.0, -10.0; 1
2.0, 1.0, -10.0; 1
-3.0, 2.0, -10.0; 1
0.0, 2.0, -10.0; 1
-2.0, -6.0, -9.0; 1
0.0, -6.0, -9.0; 1
1.0, -6.0, -9.0; 1
-3.0, -5.0, -9.0; 1
-2.0, -5.0, -9.0; 1
0.0, -5.0, -9.0; 1
1.0, -5.0, -9.0; 3
2.0, -5.0, -9.0; 1
-5.0, -4.0, -9.0; 3
-3.0, -4.0, -9.0; 1
0.0, -4.0, -9.0; 1
-5.0, -3.0, -9.0; 2
-4.0, -3.0, -9.0; 2
-3.0, -3.0, -9.0; 3
-2.0, -3.0, -9.0; 1
-1.0, -3.0, -9.0; 1
0.0, -3.0, -9.0; 2
1.0, -3.0, -9.0; 2
2.0, -3.0, -9.0; 1
-6.0, -2.0, -9.0; 1
-3.0, -2.0, -9.0; 1
-2.0, -2.0, -9.0; 4
-1.0, -2.0, -9.0; 1
1.0, -2.0, -9.0; 3
2.0, -2.0, -9.0; 2
-5.0, -1.0, -9.0; 3
-2.0, -1.0, -9.0; 1
-1.0, -1.0, -9.0; 5
0.0, -1.0, -9.0; 3
1.0, -1.0, -9.0; 2
2.0, -1.0, -9.0; 1
4.0, -1.0, -9.0; 1
-6.0, 0.0, -9.0; 1
-5.0, 0.0, -9.0; 3
-4.0, 0.0, -9.0; 5
-3.0, 0.0, -9.0; 1
-1.0, 0.0, -9.0; 3
0.0, 0.0, -9.0; 2
3.0, 0.0, -9.0; 2
-5.0, 1.0, -9.0; 5
-4.0, 1.0, -9.0; 5
-3.0, 1.0, -9.0; 5
-1.0, 1.0, -9.0; 3
0.0, 1.0, -9.0; 1
1.0, 1.0, -9.0; 2
2.0, 1.0, -9.0; 1
3.0, 1.0, -9.0; 1
4.0, 1.0, -9.0; 1
-5.0, 2.0, -9.0; 2
-4.0, 2.0, -9.0; 5
-3.0, 2.0, -9.0; 3
-2.0, 2.0, -9.0; 1
-1.0, 2.0, -9.0; 1
0.0, 2.0, -9.0; 2
3.0, 2.0, -9.0; 1
-5.0, 3.0, -9.0; 1
-3.0, 3.0, -9.0; 1
-2.0, 3.0, -9.0; 2
-1.0, 3.0, -9.0; 1
1.0, 3.0, -9.0; 3
2.0, 3.0, -9.0; 1
3.0, 3.0, -9.0; 1
-4.0, 4.0, -9.0; 1
-3.0, 4.0, -9.0; 3
-2.0, 4.0, -9.0; 1
-1.0, 4.0, -9.0; 1
2.0, 4.0, -9.0; 1
-2.0, 5.0, -9.0; 1
-2.0, -7.0, -8.0; 1
-1.0, -7.0, -8.0; 1
0.0, -7.0, -8.0; 1
-2.0, -6.0, -8.0; 2
-1.0, -6.0, -8.0; 4
0.0, -6.0, -8.0; 1
3.0, -6.0, -8.0; 3
-2.0, -5.0, -8.0; 1
-1.0, -5.0, -8.0; 2
0.0, -5.0, -8.0; 1
2.0, -5.0, -8.0; 1
3.0, -5.0, -8.0; 2
4.0, -5.0, -8.0; 1
-5.0, -4.0, -8.0; 3
-4.0, -4.0, -8.0; 2
-3.0, -4.0, -8.0; 1
-1.0, -4.0, -8.0; 4
3.0, -4.0, -8.0; 6
-6.0, -3.0, -8.0; 5
-5.0, -3.0, -8.0; 2
-4.0, -3.0, -8.0; 8
-3.0, -3.0, -8.0; 2
-2.0, -3.0, -8.0; 1
-1.0, -3.0, -8.0; 3
2.0, -3.0, -8.0; 1
3.0, -3.0, -8.0; 1
5.0, -3.0, -8.0; 1
-6.0, -2.0, -8.0; 1
-5.0, -2.0, -8.0; 7
-4.0, -2.0, -8.0; 13
-3.0, -2.0, -8.0; 5
-2.0, -2.0, -8.0; 2
2.0, -2.0, -8.0; 3
3.0, -2.0, -8.0; 2
4.0, -2.0, -8.0; 1
-7.0, -1.0, -8.0; 2
-6.0, -1.0, -8.0; 1
-5.0, -1.0, -8.0; 5
-4.0, -1.0, -8.0; 8
-3.0, -1.0, -8.0; 6
-2.0, -1.0, -8.0; 2
-1.0, -1.0, -8.0; 1
0.0, -1.0, -8.0; 1
1.0, -1.0, -8.0; 1
2.0, -1.0, -8.0; 5
3.0, -1.0, -8.0; 1
-7.0, 0.0, -8.0; 1
-6.0, 0.0, -8.0; 3
-5.0, 0.0, -8.0; 4
-4.0, 0.0, -8.0; 3
-3.0, 0.0, -8.0; 2
-2.0, 0.0, -8.0; 2
0.0, 0.0, -8.0; 3
1.0, 0.0, -8.0; 2
2.0, 0.0, -8.0; 4
3.0, 0.0, -8.0; 1
-7.0, 1.0, -8.0; 1
-6.0, 1.0, -8.0; 3
-5.0, 1.0, -8.0; 4
-4.0, 1.0, -8.0; 8
-3.0, 1.0, -8.0; 3
-2.0, 1.0, -8.0; 3
-1.0, 1.0, -8.0; 1
0.0, 1.0, -8.0; 2
1.0, 1.0, -8.0; 2
-6.0, 2.0, -8.0; 3
-5.0, 2.0, -8.0; 6
-4.0, 2.0, -8.0; 6
-3.0, 2.0, -8.0; 2
-2.0, 2.0, -8.0; 1
0.0, 2.0, -8.0; 1
1.0, 2.0, -8.0; 2
2.0, 2.0, -8.0; 1
4.0, 2.0, -8.0; 1
-6.0, 3.0, -8.0; 2
-5.0, 3.0, -8.0; 1
-3.0, 3.0, -8.0; 4
-2.0, 3.0, -8.0; 3
-1.0, 3.0, -8.0; 1
0.0, 3.0, -8.0; 2
1.0, 3.0, -8.0; 5
2.0, 3.0, -8.0; 1
3.0, 3.0, -8.0; 1
4.0, 3.0, -8.0; 1
-6.0, 4.0, -8.0; 1
-5.0, 4.0, -8.0; 3
-4.0, 4.0, -8.0; 2
-3.0, 4.0, -8.0; 2
-2.0, 4.0, -8.0; 2
1.0, 4.0, -8.0; 1
2.0, 4.0, -8.0; 1
3.0, 4.0, -8.0; 1
-5.0, 5.0, -8.0; 1
-4.0, 5.0, -8.0; 1
-3.0, 5.0, -8.0; 1
0.0, 5.0, -8.0; 2
-2.0, 6.0, -8.0; 1
-2.0, -8.0, -7.0; 1
-1.0, -8.0, -7.0; 2
1.0, -8.0, -7.0; 1
2.0, -8.0, -7.0; 2
-3.0, -7.0, -7.0; 3
-2.0, -7.0, -7.0; 5
-1.0, -7.0, -7.0; 6
0.0, -7.0, -7.0; 4
1.0, -7.0, -7.0; 2
2.0, -7.0, -7.0; 1
3.0, -7.0, -7.0; 1
-6.0, -6.0, -7.0; 1
-5.0, -6.0, -7.0; 2
-4.0, -6.0, -7.0; 6
-3.0, -6.0, -7.0; 4
-2.0, -6.0, -7.0; 2
-1.0, -6.0, -7.0; 2
0.0, -6.0, -7.0; 1
1.0, -6.0, -7.0; 2
2.0, -6.0, -7.0; 3
4.0, -6.0, -7.0; 1
-6.0, -5.0, -7.0; 2
-5.0, -5.0, -7.0; 7
-4.0, -5.0, -7.0; 4
-3.0, -5.0, -7.0; 3
4.0, -5.0, -7.0; 2
-7.0, -4.0, -7.0; 2
-6.0, -4.0, -7.0; 3
-5.0, -4.0, -7.0; 10
-4.0, -4.0, -7.0; 1
-3.0, -4.0, -7.0; 2
-1.0, -4.0, -7.0; 2
0.0, -4.0, -7.0; 1
-7.0, -3.0, -7.0; 1
-6.0, -3.0, -7.0; 4
-5.0, -3.0, -7.0; 10
-4.0, -3.0, -7.0; 1
-3.0, -3.0, -7.0; 1
5.0, -3.0, -7.0; 1
6.0, -3.0, -7.0; 1
-8.0, -2.0, -7.0; 2
-7.0, -2.0, -7.0; 1
-6.0, -2.0, -7.0; 8
-5.0, -2.0, -7.0; 18
-4.0, -2.0, -7.0; 8
-2.0, -2.0, -7.0; 1
0.0, -2.0, -7.0; 1
3.0, -2.0, -7.0; 2
6.0, -2.0, -7.0; 1
-8.0, -1.0, -7.0; 1
-7.0, -1.0, -7.0; 5
-6.0, -1.0, -7.0; 10
-5.0, -1.0, -7.0; 29
-4.0, -1.0, -7.0; 2
-2.0, -1.0, -7.0; 2
0.0, -1.0, -7.0; 2
1.0, -1.0, -7.0; 1
3.0, -1.0, -7.0; 3
4.0, -1.0, -7.0; 3
5.0, -1.0, -7.0; 1
-7.0, 0.0, -7.0; 2
-6.0, 0.0, -7.0; 6
-5.0, 0.0, -7.0; 7
-4.0, 0.0, -7.0; 3
-1.0, 0.0, -7.0; 1
2.0, 0.0, -7.0; 3
3.0, 0.0, -7.0; 1
-7.0, 1.0, -7.0; 3
-6.0, 1.0, -7.0; 3
-5.0, 1.0, -7.0; 4
-4.0, 1.0, -7.0; 2
-3.0, 1.0, -7.0; 2
-2.0, 1.0, -7.0; 1
0.0, 1.0, -7.0; 1
1.0, 1.0, -7.0; 4
3.0, 1.0, -7.0; 1
4.0, 1.0, -7.0; 1
5.0, 1.0, -7.0; 1
-7.0, 2.0, -7.0; 4
-6.0, 2.0, -7.0; 3
-5.0, 2.0, -7.0; 5
-4.0, 2.0, -7.0; 1
-3.0, 2.0, -7.0; 1
-2.0, 2.0, -7.0; 1
1.0, 2.0, -7.0; 1
2.0, 2.0, -7.0; 2
3.0, 2.0, -7.0; 1
4.0, 2.0, -7.0; 1
-7.0, 3.0, -7.0; 3
-6.0, 3.0, -7.0; 4
-5.0, 3.0, -7.0; 3
-3.0, 3.0, -7.0; 1
-2.0, 3.0, -7.0; 2
0.0, 3.0, -7.0; 3
1.0, 3.0, -7.0; 1
-6.0, 4.0, -7.0; 3
-5.0, 4.0, -7.0; 2
-4.0, 4.0, -7.0; 3
0.0, 4.0, -7.0; 1
5.0, 4.0, -7.0; 1
-6.0, 5.0, -7.0; 1
-5.0, 5.0, -7.0; 2
-4.0, 5.0, -7.0; 4
-2.0, 5.0, -7.0; 1
1.0, 5.0, -7.0; 1
-5.0, 6.0, -7.0; 1
-3.0, 6.0, -7.0; 2
-2.0, 6.0, -7.0; 2
-1.0, 6.0, -7.0; 2
0.0, 6.0, -7.0; 1
-3.0, 7.0, -7.0; 1
-2.0, 7.0, -7.0; 1
-1.0, 7.0, -7.0; 1
-1.0, -9.0, -6.0; 1
0.0, -9.0, -6.0; 1
1.0, -9.0, -6.0; 2
-5.0, -8.0, -6.0; 1
-4.0, -8.0, -6.0; 2
-3.0, -8.0, -6.0; 2
-2.0, -8.0, -6.0; 25
-1.0, -8.0, -6.0; 47
0.0, -8.0, -6.0; 7
1.0, -8.0, -6.0; 2
2.0, -8.0, -6.0; 2
3.0, -8.0, -6.0; 1
-5.0, -7.0, -6.0; 3
-4.0, -7.0, -6.0; 5
-3.0, -7.0, -6.0; 14
-2.0, -7.0, -6.0; 68
-1.0, -7.0, -6.0; 71
0.0, -7.0, -6.0; 7
1.0, -7.0, -6.0; 2
2.0, -7.0, -6.0; 1
3.0, -7.0, -6.0; 1
4.0, -7.0, -6.0; 1
-7.0, -6.0, -6.0; 1
-6.0, -6.0, -6.0; 2
-5.0, -6.0, -6.0; 4
-4.0, -6.0, -6.0; 3
-3.0, -6.0, -6.0; 4
-2.0, -6.0, -6.0; 7
-1.0, -6.0, -6.0; 10
0.0, -6.0, -6.0; 3
1.0, -6.0, -6.0; 3
2.0, -6.0, -6.0; 2
3.0, -6.0, -6.0; 1
4.0, -6.0, -6.0; 2
-7.0, -5.0, -6.0; 8
-6.0, -5.0, -6.0; 5
-5.0, -5.0, -6.0; 5
-4.0, -5.0, -6.0; 5
-3.0, -5.0, -6.0; 9
-2.0, -5.0, -6.0; 6
-1.0, -5.0, -6.0; 2
0.0, -5.0, -6.0; 1
1.0, -5.0, -6.0; 2
2.0, -5.0, -6.0; 1
3.0, -5.0, -6.0; 1
4.0, -5.0, -6.0; 2
-7.0, -4.0, -6.0; 1
-6.0, -4.0, -6.0; 4
-5.0, -4.0, -6.0; 1
-4.0, -4.0, -6.0; 8
-3.0, -4.0, -6.0; 4
-1.0, -4.0, -6.0; 3
0.0, -4.0, -6.0; 1
7.0, -4.0, -6.0; 1
-8.0, -3.0, -6.0; 1
-7.0, -3.0, -6.0; 4
-6.0, -3.0, -6.0; 6
-5.0, -3.0, -6.0; 2
-4.0, -3.0, -6.0; 4
-3.0, -3.0, -6.0; 7
-2.0, -3.0, -6.0; 3
-1.0, -3.0, -6.0; 6
0.0, -3.0, -6.0; 15
1.0, -3.0, -6.0; 5
4.0, -3.0, -6.0; 1
-9.0, -2.0, -6.0; 1
-8.0, -2.0, -6.0; 2
-7.0, -2.0, -6.0; 6
-6.0, -2.0, -6.0; 7
-5.0, -2.0, -6.0; 3
-4.0, -2.0, -6.0; 2
-3.0, -2.0, -6.0; 5
-2.0, -2.0, -6.0; 12
-1.0, -2.0, -6.0; 19
0.0, -2.0, -6.0; 23
1.0, -2.0, -6.0; 4
4.0, -2.0, -6.0; 3
-8.0, -1.0, -6.0; 2
-7.0, -1.0, -6.0; 3
-6.0, -1.0, -6.0; 10
-5.0, -1.0, -6.0; 1
-4.0, -1.0, -6.0; 2
-3.0, -1.0, -6.0; 1
-2.0, -1.0, -6.0; 18
-1.0, -1.0, -6.0; 12
0.0, -1.0, -6.0; 8
1.0, -1.0, -6.0; 2
2.0, -1.0, -6.0; 1
3.0, -1.0, -6.0; 5
4.0, -1.0, -6.0; 5
6.0, -1.0, -6.0; 1
-8.0, 0.0, -6.0; 3
-7.0, 0.0, -6.0; 7
-6.0, 0.0, -6.0; 4
-5.0, 0.0, -6.0; 1
-3.0, 0.0, -6.0; 5
-2.0, 0.0, -6.0; 2
-1.0, 0.0, -6.0; 1
0.0, 0.0, -6.0; 3
1.0, 0.0, -6.0; 1
2.0, 0.0, -6.0; 7
3.0, 0.0, -6.0; 19
4.0, 0.0, -6.0; 1
6.0, 0.0, -6.0; 1
-8.0, 1.0, -6.0; 2
-7.0, 1.0, -6.0; 3
-6.0, 1.0, -6.0; 2
-5.0, 1.0, -6.0; 2
-3.0, 1.0, -6.0; 10
-2.0, 1.0, -6.0; 31
-1.0, 1.0, -6.0; 8
0.0, 1.0, -6.0; 6
1.0, 1.0, -6.0; 1
2.0, 1.0, -6.0; 3
3.0, 1.0, -6.0; 2
4.0, 1.0, -6.0; 1
6.0, 1.0, -6.0; 2
-8.0, 2.0, -6.0; 2
-7.0, 2.0, -6.0; 2
-6.0, 2.0, -6.0; 2
-5.0, 2.0, -6.0; 10
-4.0, 2.0, -6.0; 2
-3.0, 2.0, -6.0; 2
-2.0, 2.0, -6.0; 8
-1.0, 2.0, -6.0; 8
0.0, 2.0, -6.0; 5
2.0, 2.0, -6.0; 5
3.0, 2.0, -6.0; 1
5.0, 2.0, -6.0; 1
6.0, 2.0, -6.0; 1
-8.0, 3.0, -6.0; 6
-7.0, 3.0, -6.0; 7
-6.0, 3.0, -6.0; 3
-4.0, 3.0, -6.0; 5
-3.0, 3.0, -6.0; 4
-2.0, 3.0, -6.0; 2
-1.0, 3.0, -6.0; 3
0.0, 3.0, -6.0; 1
2.0, 3.0, -6.0; 1
3.0, 3.0, -6.0; 2
4.0, 3.0, -6.0; 1
5.0, 3.0, -6.0; 1
-7.0, 4.0, -6.0; 1
-6.0, 4.0, -6.0; 3
-5.0, 4.0, -6.0; 2
-4.0, 4.0, -6.0; 1
-3.0, 4.0, -6.0; 1
-2.0, 4.0, -6.0; 1
-1.0, 4.0, -6.0; 1
0.0, 4.0, -6.0; 1
2.0, 4.0, -6.0; 1
5.0, 4.0, -6.0; 1
-7.0, 5.0, -6.0; 3
-6.0, 5.0, -6.0; 5
-5.0, 5.0, -6.0; 4
-4.0, 5.0, -6.0; 3
-3.0, 5.0, -6.0; 1
0.0, 5.0, -6.0; 1
1.0, 5.0, -6.0; 1
3.0, 5.0, -6.0; 1
4.0, 5.0, -6.0; 1
-6.0, 6.0, -6.0; 1
-5.0, 6.0, -6.0; 1
-4.0, 6.0, -6.0; 7
-3.0, 6.0, -6.0; 10
-2.0, 6.0, -6.0; 1
-1.0, 6.0, -6.0; 1
0.0, 6.0, -6.0; 1
-4.0, 7.0, -6.0; 1
-3.0, 7.0, -6.0; 1
-2.0, 7.0, -6.0; 2
-1.0, 7.0, -6.0; 3
0.0, 7.0, -6.0; 2
1.0, 7.0, -6.0; 1
2.0, 7.0, -6.0; 1
-2.0, 8.0, -6.0; 1
-4.0, -9.0, -5.0; 1
-2.0, -9.0, -5.0; 3
-1.0, -9.0, -5.0; 2
0.0, -9.0, -5.0; 2
1.0, -9.0, -5.0; 2
-6.0, -8.0, -5.0; 1
-5.0, -8.0, -5.0; 3
-4.0, -8.0, -5.0; 4
-3.0, -8.0, -5.0; 13
-2.0, -8.0, -5.0; 192
-1.0, -8.0, -5.0; 349
0.0, -8.0, -5.0; 16
1.0, -8.0, -5.0; 2
2.0, -8.0, -5.0; 1
3.0, -8.0, -5.0; 2
-6.0, -7.0, -5.0; 1
-5.0, -7.0, -5.0; 1
-4.0, -7.0, -5.0; 3
-3.0, -7.0, -5.0; 8
-2.0, -7.0, -5.0; 62
-1.0, -7.0, -5.0; 77
0.0, -7.0, -5.0; 3
1.0, -7.0, -5.0; 3
3.0, -7.0, -5.0; 1
-8.0, -6.0, -5.0; 1
-7.0, -6.0, -5.0; 3
-6.0, -6.0, -5.0; 3
-5.0, -6.0, -5.0; 1
-4.0, -6.0, -5.0; 4
-3.0, -6.0, -5.0; 2
-2.0, -6.0, -5.0; 1
-1.0, -6.0, -5.0; 3
0.0, -6.0, -5.0; 4
1.0, -6.0, -5.0; 9
2.0, -6.0, -5.0; 2
3.0, -6.0, -5.0; 2
4.0, -6.0, -5.0; 1
5.0, -6.0, -5.0; 1
-3.0, -5.0, -5.0; 1
-2.0, -5.0, -5.0; 3
-1.0, -5.0, -5.0; 2
0.0, -5.0, -5.0; 4
1.0, -5.0, -5.0; 8
2.0, -5.0, -5.0; 2
3.0, -5.0, -5.0; 1
4.0, -5.0, -5.0; 1
6.0, -5.0, -5.0; 1
-8.0, -4.0, -5.0; 4
-7.0, -4.0, -5.0; 4
-6.0, -4.0, -5.0; 2
-5.0, -4.0, -5.0; 4
-4.0, -4.0, -5.0; 5
-3.0, -4.0, -5.0; 28
-2.0, -4.0, -5.0; 49
-1.0, -4.0, -5.0; 17
0.0, -4.0, -5.0; 5
1.0, -4.0, -5.0; 27
2.0, -4.0, -5.0; 2
3.0, -4.0, -5.0; 2
5.0, -4.0, -5.0; 1
-8.0, -3.0, -5.0; 2
-7.0, -3.0, -5.0; 3
-6.0, -3.0, -5.0; 3
-5.0, -3.0, -5.0; 6
-4.0, -3.0, -5.0; 20
-3.0, -3.0, -5.0; 844
-2.0, -3.0, -5.0; 508
-1.0, -3.0, -5.0; 8
0.0, -3.0, -5.0; 26
1.0, -3.0, -5.0; 485
2.0, -3.0, -5.0; 18
4.0, -3.0, -5.0; 3
5.0, -3.0, -5.0; 1
-9.0, -2.0, -5.0; 2
-8.0, -2.0, -5.0; 3
-7.0, -2.0, -5.0; 3
-6.0, -2.0, -5.0; 2
-5.0, -2.0, -5.0; 4
-4.0, -2.0, -5.0; 11
-3.0, -2.0, -5.0; 115
-2.0, -2.0, -5.0; 38
-1.0, -2.0, -5.0; 3
0.0, -2.0, -5.0; 38
1.0, -2.0, -5.0; 49
2.0, -2.0, -5.0; 11
3.0, -2.0, -5.0; 3
4.0, -2.0, -5.0; 3
-9.0, -1.0, -5.0; 1
-8.0, -1.0, -5.0; 3
-7.0, -1.0, -5.0; 13
-6.0, -1.0, -5.0; 3
-5.0, -1.0, -5.0; 2
-4.0, -1.0, -5.0; 4
-3.0, -1.0, -5.0; 10
-2.0, -1.0, -5.0; 6
-1.0, -1.0, -5.0; 11
0.0, -1.0, -5.0; 1
1.0, -1.0, -5.0; 6
3.0, -1.0, -5.0; 3
4.0, -1.0, -5.0; 5
-9.0, 0.0, -5.0; 2
-8.0, 0.0, -5.0; 1
-7.0, 0.0, -5.0; 13
-6.0, 0.0, -5.0; 1
-5.0, 0.0, -5.0; 1
-4.0, 0.0, -5.0; 8
-3.0, 0.0, -5.0; 12
-2.0, 0.0, -5.0; 8
-1.0, 0.0, -5.0; 2
0.0, 0.0, -5.0; 3
1.0, 0.0, -5.0; 2
2.0, 0.0, -5.0; 1
3.0, 0.0, -5.0; 4
4.0, 0.0, -5.0; 7
6.0, 0.0, -5.0; 1
-9.0, 1.0, -5.0; 2
-8.0, 1.0, -5.0; 3
-6.0, 1.0, -5.0; 2
-5.0, 1.0, -5.0; 4
-4.0, 1.0, -5.0; 5
-3.0, 1.0, -5.0; 11
-2.0, 1.0, -5.0; 2
-1.0, 1.0, -5.0; 2
0.0, 1.0, -5.0; 1
3.0, 1.0, -5.0; 4
6.0, 1.0, -5.0; 1
7.0, 1.0, -5.0; 1
-8.0, 2.0, -5.0; 2
-7.0, 2.0, -5.0; 1
-6.0, 2.0, -5.0; 9
-5.0, 2.0, -5.0; 8
-4.0, 2.0, -5.0; 17
-3.0, 2.0, -5.0; 3
-2.0, 2.0, -5.0; 3
-1.0, 2.0, -5.0; 17
0.0, 2.0, -5.0; 7
1.0, 2.0, -5.0; 5
2.0, 2.0, -5.0; 1
3.0, 2.0, -5.0; 2
6.0, 2.0, -5.0; 1
-9.0, 3.0, -5.0; 3
-8.0, 3.0, -5.0; 1
-7.0, 3.0, -5.0; 3
-6.0, 3.0, -5.0; 1
-5.0, 3.0, -5.0; 10
-4.0, 3.0, -5.0; 2
-3.0, 3.0, -5.0; 6
-2.0, 3.0, -5.0; 6
-1.0, 3.0, -5.0; 12
0.0, 3.0, -5.0; 18
1.0, 3.0, -5.0; 2
2.0, 3.0, -5.0; 1
4.0, 3.0, -5.0; 2
-8.0, 4.0, -5.0; 3
-7.0, 4.0, -5.0; 4
-6.0, 4.0, -5.0; 3
-4.0, 4.0, -5.0; 1
-3.0, 4.0, -5.0; 1
-2.0, 4.0, -5.0; 10
-1.0, 4.0, -5.0; 6
0.0, 4.0, -5.0; 4
2.0, 4.0, -5.0; 1
3.0, 4.0, -5.0; 1
-7.0, 5.0, -5.0; 5
-6.0, 5.0, -5.0; 2
-5.0, 5.0, -5.0; 9
-4.0, 5.0, -5.0; 4
-1.0, 5.0, -5.0; 2
0.0, 5.0, -5.0; 1
2.0, 5.0, -5.0; 3
4.0, 5.0, -5.0; 2
-7.0, 6.0, -5.0; 1
-6.0, 6.0, -5.0; 3
-5.0, 6.0, -5.0; 1
-4.0, 6.0, -5.0; 5
-3.0, 6.0, -5.0; 3
-2.0, 6.0, -5.0; 1
1.0, 6.0, -5.0; 1
-4.0, 7.0, -5.0; 4
-3.0, 7.0, -5.0; 3
-2.0, 7.0, -5.0; 1
-1.0, 7.0, -5.0; 1
0.0, 7.0, -5.0; 2
2.0, 7.0, -5.0; 1
-3.0, 8.0, -5.0; 4
-1.0, 8.0, -5.0; 3
0.0, 8.0, -5.0; 7
1.0, 8.0, -5.0; 1
2.0, 8.0, -5.0; 2
-2.0, -10.0, -4.0; 2
-1.0, -10.0, -4.0; 1
0.0, -10.0, -4.0; 2
-3.0, -9.0, -4.0; 1
-2.0, -9.0, -4.0; 11
-1.0, -9.0, -4.0; 10
0.0, -9.0, -4.0; 1
1.0, -9.0, -4.0; 4
-5.0, -8.0, -4.0; 1
-4.0, -8.0, -4.0; 2
-3.0, -8.0, -4.0; 3
-2.0, -8.0, -4.0; 29
-1.0, -8.0, -4.0; 45
0.0, -8.0, -4.0; 4
1.0, -8.0, -4.0; 3
3.0, -8.0, -4.0; 2
4.0, -8.0, -4.0; 1
-7.0, -7.0, -4.0; 4
-6.0, -7.0, -4.0; 2
-3.0, -7.0, -4.0; 2
-2.0, -7.0, -4.0; 1
-1.0, -7.0, -4.0; 7
0.0, -7.0, -4.0; 2
1.0, -7.0, -4.0; 3
2.0, -7.0, -4.0; 2
3.0, -7.0, -4.0; 1
4.0, -7.0, -4.0; 1
-8.0, -6.0, -4.0; 1
-7.0, -6.0, -4.0; 5
-6.0, -6.0, -4.0; 3
-2.0, -6.0, -4.0; 3
-1.0, -6.0, -4.0; 1
0.0, -6.0, -4.0; 14
1.0, -6.0, -4.0; 16
2.0, -6.0, -4.0; 4
4.0, -6.0, -4.0; 1
5.0, -6.0, -4.0; 2
-8.0, -5.0, -4.0; 3
-7.0, -5.0, -4.0; 3
-3.0, -5.0, -4.0; 1
-2.0, -5.0, -4.0; 11
-1.0, -5.0, -4.0; 22
0.0, -5.0, -4.0; 8
1.0, -5.0, -4.0; 23
2.0, -5.0, -4.0; 17
3.0, -5.0, -4.0; 1
4.0, -5.0, -4.0; 1
-9.0, -4.0, -4.0; 2
-8.0, -4.0, -4.0; 5
-6.0, -4.0, -4.0; 1
-5.0, -4.0, -4.0; 1
-4.0, -4.0, -4.0; 13
-3.0, -4.0, -4.0; 2
-2.0, -4.0, -4.0; 4
-1.0, -4.0, -4.0; 14
0.0, -4.0, -4.0; 2
1.0, -4.0, -4.0; 19
2.0, -4.0, -4.0; 30
3.0, -4.0, -4.0; 5
-10.0, -3.0, -4.0; 1
-9.0, -3.0, -4.0; 2
-8.0, -3.0, -4.0; 2
-6.0, -3.0, -4.0; 5
-5.0, -3.0, -4.0; 13
-4.0, -3.0, -4.0; 49
-3.0, -3.0, -4.0; 26
0.0, -3.0, -4.0; 3
1.0, -3.0, -4.0; 127
2.0, -3.0, -4.0; 55
3.0, -3.0, -4.0; 3
5.0, -3.0, -4.0; 1
8.0, -3.0, -4.0; 1
-10.0, -2.0, -4.0; 1
-9.0, -2.0, -4.0; 2
-8.0, -2.0, -4.0; 3
-7.0, -2.0, -4.0; 8
-6.0, -2.0, -4.0; 3
-5.0, -2.0, -4.0; 8
-4.0, -2.0, -4.0; 12
-3.0, -2.0, -4.0; 14
0.0, -2.0, -4.0; 2
1.0, -2.0, -4.0; 1
2.0, -2.0, -4.0; 5
4.0, -2.0, -4.0; 2
5.0, -2.0, -4.0; 1
6.0, -2.0, -4.0; 1
-9.0, -1.0, -4.0; 1
-8.0, -1.0, -4.0; 5
-7.0, -1.0, -4.0; 18
-6.0, -1.0, -4.0; 2
-5.0, -1.0, -4.0; 1
-4.0, -1.0, -4.0; 2
4.0, -1.0, -4.0; 1
6.0, -1.0, -4.0; 1
-8.0, 0.0, -4.0; 2
-7.0, 0.0, -4.0; 5
-6.0, 0.0, -4.0; 1
-5.0, 0.0, -4.0; 2
-4.0, 0.0, -4.0; 5
-3.0, 0.0, -4.0; 1
2.0, 0.0, -4.0; 2
3.0, 0.0, -4.0; 2
5.0, 0.0, -4.0; 1
-9.0, 1.0, -4.0; 2
-7.0, 1.0, -4.0; 1
-6.0, 1.0, -4.0; 8
-5.0, 1.0, -4.0; 11
-4.0, 1.0, -4.0; 9
2.0, 1.0, -4.0; 1
3.0, 1.0, -4.0; 1
6.0, 1.0, -4.0; 1
7.0, 1.0, -4.0; 1
-9.0, 2.0, -4.0; 4
-8.0, 2.0, -4.0; 2
-6.0, 2.0, -4.0; 14
-5.0, 2.0, -4.0; 8
-4.0, 2.0, -4.0; 9
-3.0, 2.0, -4.0; 1
0.0, 2.0, -4.0; 1
4.0, 2.0, -4.0; 4
5.0, 2.0, -4.0; 1
-8.0, 3.0, -4.0; 4
-7.0, 3.0, -4.0; 1
-6.0, 3.0, -4.0; 9
-5.0, 3.0, -4.0; 2
-4.0, 3.0, -4.0; 3
-3.0, 3.0, -4.0; 2
-2.0, 3.0, -4.0; 1
0.0, 3.0, -4.0; 3
1.0, 3.0, -4.0; 3
3.0, 3.0, -4.0; 1
4.0, 3.0, -4.0; 3
5.0, 3.0, -4.0; 2
-9.0, 4.0, -4.0; 2
-8.0, 4.0, -4.0; 1
-7.0, 4.0, -4.0; 6
-6.0, 4.0, -4.0; 4
-5.0, 4.0, -4.0; 1
-4.0, 4.0, -4.0; 1
-3.0, 4.0, -4.0; 6
-2.0, 4.0, -4.0; 9
-1.0, 4.0, -4.0; 14
0.0, 4.0, -4.0; 17
1.0, 4.0, -4.0; 2
4.0, 4.0, -4.0; 1
-8.0, 5.0, -4.0; 2
-7.0, 5.0, -4.0; 4
-6.0, 5.0, -4.0; 1
-5.0, 5.0, -4.0; 2
-3.0, 5.0, -4.0; 2
-2.0, 5.0, -4.0; 12
-1.0, 5.0, -4.0; 47
0.0, 5.0, -4.0; 19
3.0, 5.0, -4.0; 3
5.0, 5.0, -4.0; 1
-8.0, 6.0, -4.0; 1
-7.0, 6.0, -4.0; 5
-6.0, 6.0, -4.0; 5
-5.0, 6.0, -4.0; 2
-4.0, 6.0, -4.0; 1
-3.0, 6.0, -4.0; 2
-1.0, 6.0, -4.0; 1
-5.0, 7.0, -4.0; 2
-4.0, 7.0, -4.0; 6
-3.0, 7.0, -4.0; 2
-1.0, 7.0, -4.0; 2
0.0, 7.0, -4.0; 1
1.0, 7.0, -4.0; 2
2.0, 7.0, -4.0; 2
-3.0, 8.0, -4.0; 2
-2.0, 8.0, -4.0; 4
-1.0, 8.0, -4.0; 3
0.0, 8.0, -4.0; 5
1.0, 8.0, -4.0; 4
2.0, 8.0, -4.0; 3
-2.0, 9.0, -4.0; 1
-1.0, 9.0, -4.0; 1
1.0, 9.0, -4.0; 2
-4.0, -10.0, -3.0; 1
-3.0, -10.0, -3.0; 3
-2.0, -10.0, -3.0; 6
-1.0, -10.0, -3.0; 1
0.0, -10.0, -3.0; 3
1.0, -10.0, -3.0; 3
-5.0, -9.0, -3.0; 2
-3.0, -9.0, -3.0; 6
-2.0, -9.0, -3.0; 3
-1.0, -9.0, -3.0; 10
0.0, -9.0, -3.0; 3
1.0, -9.0, -3.0; 6
2.0, -9.0, -3.0; 1
-7.0, -8.0, -3.0; 2
-6.0, -8.0, -3.0; 3
-4.0, -8.0, -3.0; 3
-3.0, -8.0, -3.0; 5
-2.0, -8.0, -3.0; 3
-1.0, -8.0, -3.0; 8
0.0, -8.0, -3.0; 3
3.0, -8.0, -3.0; 3
4.0, -8.0, -3.0; 2
-8.0, -7.0, -3.0; 1
-7.0, -7.0, -3.0; 2
-6.0, -7.0, -3.0; 2
-5.0, -7.0, -3.0; 1
-2.0, -7.0, -3.0; 1
-1.0, -7.0, -3.0; 1
0.0, -7.0, -3.0; 18
1.0, -7.0, -3.0; 10
2.0, -7.0, -3.0; 1
3.0, -7.0, -3.0; 1
5.0, -7.0, -3.0; 1
-8.0, -6.0, -3.0; 4
-7.0, -6.0, -3.0; 3
-1.0, -6.0, -3.0; 10
0.0, -6.0, -3.0; 37
1.0, -6.0, -3.0; 378
2.0, -6.0, -3.0; 23
3.0, -6.0, -3.0; 1
5.0, -6.0, -3.0; 2
-9.0, -5.0, -3.0; 3
-8.0, -5.0, -3.0; 6
-7.0, -5.0, -3.0; 4
-3.0, -5.0, -3.0; 1
-2.0, -5.0, -3.0; 1
-1.0, -5.0, -3.0; 5
0.0, -5.0, -3.0; 17
1.0, -5.0, -3.0; 23
2.0, -5.0, -3.0; 19
3.0, -5.0, -3.0; 1
5.0, -5.0, -3.0; 1
-10.0, -4.0, -3.0; 1
-9.0, -4.0, -3.0; 8
-8.0, -4.0, -3.0; 8
-7.0, -4.0, -3.0; 6
-6.0, -4.0, -3.0; 1
-5.0, -4.0, -3.0; 4
-4.0, -4.0, -3.0; 1
-1.0, -4.0, -3.0; 1
2.0, -4.0, -3.0; 6
3.0, -4.0, -3.0; 3
4.0, -4.0, -3.0; 2
-10.0, -3.0, -3.0; 3
-9.0, -3.0, -3.0; 3
-8.0, -3.0, -3.0; 3
-7.0, -3.0, -3.0; 2
-6.0, -3.0, -3.0; 5
-5.0, -3.0, -3.0; 11
-4.0, -3.0, -3.0; 2
-3.0, -3.0, -3.0; 7
2.0, -3.0, -3.0; 1
3.0, -3.0, -3.0; 2
5.0, -3.0, -3.0; 1
-9.0, -2.0, -3.0; 5
-8.0, -2.0, -3.0; 1
-7.0, -2.0, -3.0; 8
-6.0, -2.0, -3.0; 5
-5.0, -2.0, -3.0; 12
-4.0, -2.0, -3.0; 1
-3.0, -2.0, -3.0; 4
-9.0, -1.0, -3.0; 1
-8.0, -1.0, -3.0; 7
-7.0, -1.0, -3.0; 8
-6.0, -1.0, -3.0; 2
-5.0, -1.0, -3.0; 1
3.0, -1.0, -3.0; 1
5.0, -1.0, -3.0; 1
7.0, -1.0, -3.0; 1
-9.0, 0.0, -3.0; 3
-8.0, 0.0, -3.0; 5
-6.0, 0.0, -3.0; 12
-5.0, 0.0, -3.0; 10
-4.0, 0.0, -3.0; 1
-9.0, 1.0, -3.0; 3
-6.0, 1.0, -3.0; 53
-5.0, 1.0, -3.0; 21
-4.0, 1.0, -3.0; 1
4.0, 1.0, -3.0; 1
6.0, 1.0, -3.0; 1
-9.0, 2.0, -3.0; 3
-8.0, 2.0, -3.0; 3
-7.0, 2.0, -3.0; 6
-6.0, 2.0, -3.0; 10
-5.0, 2.0, -3.0; 4
4.0, 2.0, -3.0; 3
-9.0, 3.0, -3.0; 1
-8.0, 3.0, -3.0; 3
-6.0, 3.0, -3.0; 4
4.0, 3.0, -3.0; 8
5.0, 3.0, -3.0; 5
7.0, 3.0, -3.0; 1
-9.0, 4.0, -3.0; 2
-8.0, 4.0, -3.0; 5
-7.0, 4.0, -3.0; 2
-6.0, 4.0, -3.0; 1
-5.0, 4.0, -3.0; 1
0.0, 4.0, -3.0; 3
1.0, 4.0, -3.0; 16
3.0, 4.0, -3.0; 2
4.0, 4.0, -3.0; 1
6.0, 4.0, -3.0; 1
-8.0, 5.0, -3.0; 2
-7.0, 5.0, -3.0; 5
-6.0, 5.0, -3.0; 1
-3.0, 5.0, -3.0; 1
-2.0, 5.0, -3.0; 4
-1.0, 5.0, -3.0; 28
0.0, 5.0, -3.0; 46
1.0, 5.0, -3.0; 22
2.0, 5.0, -3.0; 3
3.0, 5.0, -3.0; 1
4.0, 5.0, -3.0; 1
-8.0, 6.0, -3.0; 1
-7.0, 6.0, -3.0; 1
-6.0, 6.0, -3.0; 3
-5.0, 6.0, -3.0; 2
-3.0, 6.0, -3.0; 1
-2.0, 6.0, -3.0; 5
-1.0, 6.0, -3.0; 15
0.0, 6.0, -3.0; 17
1.0, 6.0, -3.0; 4
3.0, 6.0, -3.0; 1
-6.0, 7.0, -3.0; 3
-5.0, 7.0, -3.0; 2
-4.0, 7.0, -3.0; 4
-3.0, 7.0, -3.0; 2
-2.0, 7.0, -3.0; 1
-1.0, 7.0, -3.0; 1
1.0, 7.0, -3.0; 2
2.0, 7.0, -3.0; 1
4.0, 7.0, -3.0; 1
-4.0, 8.0, -3.0; 9
-3.0, 8.0, -3.0; 4
-2.0, 8.0, -3.0; 4
0.0, 8.0, -3.0; 4
1.0, 8.0, -3.0; 5
2.0, 8.0, -3.0; 4
-3.0, 9.0, -3.0; 1
-2.0, 9.0, -3.0; 3
-1.0, 9.0, -3.0; 3
0.0, 9.0, -3.0; 7
1.0, 9.0, -3.0; 1
2.0, 9.0, -3.0; 1
-4.0, -10.0, -2.0; 5
-3.0, -10.0, -2.0; 7
-2.0, -10.0, -2.0; 9
-1.0, -10.0, -2.0; 6
0.0, -10.0, -2.0; 4
1.0, -10.0, -2.0; 2
-5.0, -9.0, -2.0; 5
-4.0, -9.0, -2.0; 6
-3.0, -9.0, -2.0; 3
-2.0, -9.0, -2.0; 2
-1.0, -9.0, -2.0; 3
0.0, -9.0, -2.0; 3
1.0, -9.0, -2.0; 5
2.0, -9.0, -2.0; 2
-7.0, -8.0, -2.0; 1
-6.0, -8.0, -2.0; 3
-5.0, -8.0, -2.0; 3
-4.0, -8.0, -2.0; 5
-3.0, -8.0, -2.0; 2
-1.0, -8.0, -2.0; 3
0.0, -8.0, -2.0; 7
1.0, -8.0, -2.0; 1
2.0, -8.0, -2.0; 2
3.0, -8.0, -2.0; 1
5.0, -8.0, -2.0; 2
-8.0, -7.0, -2.0; 2
-7.0, -7.0, -2.0; 4
-1.0, -7.0, -2.0; 4
0.0, -7.0, -2.0; 13
1.0, -7.0, -2.0; 15
2.0, -7.0, -2.0; 1
4.0, -7.0, -2.0; 3
5.0, -7.0, -2.0; 4
-9.0, -6.0, -2.0; 1
-8.0, -6.0, -2.0; 9
-7.0, -6.0, -2.0; 7
-5.0, -6.0, -2.0; 1
-1.0, -6.0, -2.0; 6
0.0, -6.0, -2.0; 19
1.0, -6.0, -2.0; 204
2.0, -6.0, -2.0; 10
3.0, -6.0, -2.0; 1
4.0, -6.0, -2.0; 2
5.0, -6.0, -2.0; 3
7.0, -6.0, -2.0; 1
-9.0, -5.0, -2.0; 5
-8.0, -5.0, -2.0; 3
-5.0, -5.0, -2.0; 2
1.0, -5.0, -2.0; 1
2.0, -5.0, -2.0; 4
3.0, -5.0, -2.0; 1
-10.0, -4.0, -2.0; 2
-9.0, -4.0, -2.0; 8
-8.0, -4.0, -2.0; 23
-7.0, -4.0, -2.0; 4
-6.0, -4.0, -2.0; 2
-5.0, -4.0, -2.0; 3
-4.0, -4.0, -2.0; 1
3.0, -4.0, -2.0; 1
4.0, -4.0, -2.0; 1
7.0, -4.0, -2.0; 1
-10.0, -3.0, -2.0; 4
-9.0, -3.0, -2.0; 10
-8.0, -3.0, -2.0; 4
-7.0, -3.0, -2.0; 7
-6.0, -3.0, -2.0; 11
-5.0, -3.0, -2.0; 10
-4.0, -3.0, -2.0; 1
4.0, -3.0, -2.0; 1
-9.0, -2.0, -2.0; 1
-8.0, -2.0, -2.0; 6
-7.0, -2.0, -2.0; 7
-6.0, -2.0, -2.0; 5
-5.0, -2.0, -2.0; 3
-10.0, -1.0, -2.0; 1
-9.0, -1.0, -2.0; 4
-8.0, -1.0, -2.0; 5
-5.0, -1.0, -2.0; 1
6.0, -1.0, -2.0; 1
-9.0, 0.0, -2.0; 4
-8.0, 0.0, -2.0; 1
-7.0, 0.0, -2.0; 3
-6.0, 0.0, -2.0; 13
-5.0, 0.0, -2.0; 2
4.0, 0.0, -2.0; 1
-10.0, 1.0, -2.0; 1
-9.0, 1.0, -2.0; 2
-8.0, 1.0, -2.0; 1
-6.0, 1.0, -2.0; 373
-5.0, 1.0, -2.0; 33
-10.0, 2.0, -2.0; 2
-9.0, 2.0, -2.0; 7
-8.0, 2.0, -2.0; 4
-7.0, 2.0, -2.0; 8
-6.0, 2.0, -2.0; 28
-5.0, 2.0, -2.0; 13
8.0, 2.0, -2.0; 1
-10.0, 3.0, -2.0; 1
-9.0, 3.0, -2.0; 2
-8.0, 3.0, -2.0; 3
-6.0, 3.0, -2.0; 10
-5.0, 3.0, -2.0; 1
4.0, 3.0, -2.0; 2
-9.0, 4.0, -2.0; 3
-8.0, 4.0, -2.0; 4
-7.0, 4.0, -2.0; 2
-6.0, 4.0, -2.0; 6
-5.0, 4.0, -2.0; 4
-2.0, 4.0, -2.0; 1
-1.0, 4.0, -2.0; 1
1.0, 4.0, -2.0; 3
2.0, 4.0, -2.0; 1
3.0, 4.0, -2.0; 1
4.0, 4.0, -2.0; 3
5.0, 4.0, -2.0; 2
7.0, 4.0, -2.0; 1
-8.0, 5.0, -2.0; 3
-7.0, 5.0, -2.0; 4
-4.0, 5.0, -2.0; 1
-2.0, 5.0, -2.0; 2
-1.0, 5.0, -2.0; 3
0.0, 5.0, -2.0; 17
1.0, 5.0, -2.0; 13
2.0, 5.0, -2.0; 4
3.0, 5.0, -2.0; 4
4.0, 5.0, -2.0; 1
-8.0, 6.0, -2.0; 3
-7.0, 6.0, -2.0; 9
-6.0, 6.0, -2.0; 12
-5.0, 6.0, -2.0; 2
-3.0, 6.0, -2.0; 1
-2.0, 6.0, -2.0; 13
-1.0, 6.0, -2.0; 29
0.0, 6.0, -2.0; 44
1.0, 6.0, -2.0; 14
4.0, 6.0, -2.0; 1
5.0, 6.0, -2.0; 1
-7.0, 7.0, -2.0; 4
-6.0, 7.0, -2.0; 5
-5.0, 7.0, -2.0; 7
-4.0, 7.0, -2.0; 1
-3.0, 7.0, -2.0; 2
-2.0, 7.0, -2.0; 1
-1.0, 7.0, -2.0; 1
0.0, 7.0, -2.0; 3
1.0, 7.0, -2.0; 1
2.0, 7.0, -2.0; 1
3.0, 7.0, -2.0; 3
-4.0, 8.0, -2.0; 3
-3.0, 8.0, -2.0; 4
-2.0, 8.0, -2.0; 2
-1.0, 8.0, -2.0; 1
0.0, 8.0, -2.0; 4
1.0, 8.0, -2.0; 3
2.0, 8.0, -2.0; 6
-2.0, 9.0, -2.0; 2
-1.0, 9.0, -2.0; 7
0.0, 9.0, -2.0; 4
1.0, 9.0, -2.0; 3
2.0, 9.0, -2.0; 2
3.0, 9.0, -2.0; 1
-4.0, -10.0, -1.0; 8
-3.0, -10.0, -1.0; 11
-2.0, -10.0, -1.0; 13
-1.0, -10.0, -1.0; 12
0.0, -10.0, -1.0; 6
1.0, -10.0, -1.0; 5
-6.0, -9.0, -1.0; 5
-5.0, -9.0, -1.0; 10
-4.0, -9.0, -1.0; 8
-3.0, -9.0, -1.0; 5
-2.0, -9.0, -1.0; 4
-1.0, -9.0, -1.0; 5
0.0, -9.0, -1.0; 9
1.0, -9.0, -1.0; 2
2.0, -9.0, -1.0; 1
3.0, -9.0, -1.0; 2
4.0, -9.0, -1.0; 1
-7.0, -8.0, -1.0; 5
-6.0, -8.0, -1.0; 3
-5.0, -8.0, -1.0; 3
-2.0, -8.0, -1.0; 1
-1.0, -8.0, -1.0; 10
0.0, -8.0, -1.0; 2
1.0, -8.0, -1.0; 1
3.0, -8.0, -1.0; 1
-8.0, -7.0, -1.0; 3
-7.0, -7.0, -1.0; 3
-6.0, -7.0, -1.0; 4
-2.0, -7.0, -1.0; 6
-1.0, -7.0, -1.0; 20
0.0, -7.0, -1.0; 28
1.0, -7.0, -1.0; 12
2.0, -7.0, -1.0; 1
4.0, -7.0, -1.0; 2
5.0, -7.0, -1.0; 2
6.0, -7.0, -1.0; 1
-9.0, -6.0, -1.0; 2
-8.0, -6.0, -1.0; 6
-7.0, -6.0, -1.0; 8
-5.0, -6.0, -1.0; 1
-3.0, -6.0, -1.0; 1
-2.0, -6.0, -1.0; 3
-1.0, -6.0, -1.0; 7
0.0, -6.0, -1.0; 11
1.0, -6.0, -1.0; 9
2.0, -6.0, -1.0; 8
5.0, -6.0, -1.0; 1
6.0, -6.0, -1.0; 1
7.0, -6.0, -1.0; 1
-9.0, -5.0, -1.0; 3
-8.0, -5.0, -1.0; 13
-7.0, -5.0, -1.0; 3
-6.0, -5.0, -1.0; 6
-2.0, -5.0, -1.0; 1
-1.0, -5.0, -1.0; 1
2.0, -5.0, -1.0; 6
3.0, -5.0, -1.0; 1
6.0, -5.0, -1.0; 2
-9.0, -4.0, -1.0; 8
-8.0, -4.0, -1.0; 8
-7.0, -4.0, -1.0; 6
-6.0, -4.0, -1.0; 4
-5.0, -4.0, -1.0; 1
2.0, -4.0, -1.0; 1
8.0, -4.0, -1.0; 1
-10.0, -3.0, -1.0; 2
-9.0, -3.0, -1.0; 4
-8.0, -3.0, -1.0; 8
-7.0, -3.0, -1.0; 4
-6.0, -3.0, -1.0; 6
-5.0, -3.0, -1.0; 6
-9.0, -2.0, -1.0; 7
-8.0, -2.0, -1.0; 4
-7.0, -2.0, -1.0; 10
-6.0, -2.0, -1.0; 8
-5.0, -2.0, -1.0; 2
3.0, -2.0, -1.0; 1
-10.0, -1.0, -1.0; 1
-9.0, -1.0, -1.0; 2
-8.0, -1.0, -1.0; 2
-7.0, -1.0, -1.0; 2
-6.0, -1.0, -1.0; 2
4.0, -1.0, -1.0; 1
-10.0, 0.0, -1.0; 1
-9.0, 0.0, -1.0; 4
-8.0, 0.0, -1.0; 2
-7.0, 0.0, -1.0; 1
-6.0, 0.0, -1.0; 15
-9.0, 1.0, -1.0; 2
-8.0, 1.0, -1.0; 2
-7.0, 1.0, -1.0; 5
-6.0, 1.0, -1.0; 991
-5.0, 1.0, -1.0; 77
-10.0, 2.0, -1.0; 1
-8.0, 2.0, -1.0; 1
-7.0, 2.0, -1.0; 2
-6.0, 2.0, -1.0; 58
-5.0, 2.0, -1.0; 53
7.0, 2.0, -1.0; 2
-9.0, 3.0, -1.0; 3
-8.0, 3.0, -1.0; 3
-7.0, 3.0, -1.0; 3
-6.0, 3.0, -1.0; 3
-5.0, 3.0, -1.0; 2
-4.0, 3.0, -1.0; 1
3.0, 3.0, -1.0; 1
-9.0, 4.0, -1.0; 4
-8.0, 4.0, -1.0; 5
-7.0, 4.0, -1.0; 4
-6.0, 4.0, -1.0; 5
-5.0, 4.0, -1.0; 12
-4.0, 4.0, -1.0; 1
0.0, 4.0, -1.0; 1
2.0, 4.0, -1.0; 2
3.0, 4.0, -1.0; 1
4.0, 4.0, -1.0; 1
-8.0, 5.0, -1.0; 9
-7.0, 5.0, -1.0; 5
-5.0, 5.0, -1.0; 5
-4.0, 5.0, -1.0; 2
-3.0, 5.0, -1.0; 1
-2.0, 5.0, -1.0; 1
-1.0, 5.0, -1.0; 1
0.0, 5.0, -1.0; 4
1.0, 5.0, -1.0; 4
2.0, 5.0, -1.0; 2
-8.0, 6.0, -1.0; 4
-7.0, 6.0, -1.0; 56
-6.0, 6.0, -1.0; 257
-5.0, 6.0, -1.0; 24
-4.0, 6.0, -1.0; 3
-3.0, 6.0, -1.0; 6
-2.0, 6.0, -1.0; 7
-1.0, 6.0, -1.0; 39
0.0, 6.0, -1.0; 55
1.0, 6.0, -1.0; 6
3.0, 6.0, -1.0; 3
4.0, 6.0, -1.0; 2
-7.0, 7.0, -1.0; 2
-6.0, 7.0, -1.0; 22
-5.0, 7.0, -1.0; 14
-4.0, 7.0, -1.0; 5
-3.0, 7.0, -1.0; 1
-2.0, 7.0, -1.0; 3
-1.0, 7.0, -1.0; 10
0.0, 7.0, -1.0; 5
1.0, 7.0, -1.0; 1
3.0, 7.0, -1.0; 2
-6.0, 8.0, -1.0; 1
-5.0, 8.0, -1.0; 3
-4.0, 8.0, -1.0; 2
-3.0, 8.0, -1.0; 4
-2.0, 8.0, -1.0; 7
-1.0, 8.0, -1.0; 2
0.0, 8.0, -1.0; 3
1.0, 8.0, -1.0; 3
3.0, 8.0, -1.0; 1
-4.0, 9.0, -1.0; 1
-3.0, 9.0, -1.0; 3
-2.0, 9.0, -1.0; 10
-1.0, 9.0, -1.0; 7
0.0, 9.0, -1.0; 9
1.0, 9.0, -1.0; 4
2.0, 9.0, -1.0; 2
-4.0, -10.0, 0.0; 9
-3.0, -10.0, 0.0; 10
-2.0, -10.0, 0.0; 4
-1.0, -10.0, 0.0; 4
0.0, -10.0, 0.0; 3
1.0, -10.0, 0.0; 1
-6.0, -9.0, 0.0; 3
-5.0, -9.0, 0.0; 5
-4.0, -9.0, 0.0; 5
-3.0, -9.0, 0.0; 7
-2.0, -9.0, 0.0; 3
-1.0, -9.0, 0.0; 2
0.0, -9.0, 0.0; 4
1.0, -9.0, 0.0; 1
2.0, -9.0, 0.0; 1
-7.0, -8.0, 0.0; 3
-6.0, -8.0, 0.0; 6
-5.0, -8.0, 0.0; 1
-4.0, -8.0, 0.0; 2
-2.0, -8.0, 0.0; 4
-1.0, -8.0, 0.0; 9
0.0, -8.0, 0.0; 1
1.0, -8.0, 0.0; 2
2.0, -8.0, 0.0; 1
6.0, -8.0, 0.0; 1
-8.0, -7.0, 0.0; 1
-7.0, -7.0, 0.0; 6
-6.0, -7.0, 0.0; 4
-4.0, -7.0, 0.0; 3
-3.0, -7.0, 0.0; 13
-2.0, -7.0, 0.0; 21
-1.0, -7.0, 0.0; 34
0.0, -7.0, 0.0; 39
1.0, -7.0, 0.0; 6
2.0, -7.0, 0.0; 4
3.0, -7.0, 0.0; 2
5.0, -7.0, 0.0; 1
-8.0, -6.0, 0.0; 6
-7.0, -6.0, 0.0; 10
-6.0, -6.0, 0.0; 3
-5.0, -6.0, 0.0; 7
-4.0, -6.0, 0.0; 2
-3.0, -6.0, 0.0; 1
-2.0, -6.0, 0.0; 12
-1.0, -6.0, 0.0; 11
0.0, -6.0, 0.0; 7
1.0, -6.0, 0.0; 7
2.0, -6.0, 0.0; 2
3.0, -6.0, 0.0; 4
4.0, -6.0, 0.0; 3
-9.0, -5.0, 0.0; 4
-8.0, -5.0, 0.0; 10
-7.0, -5.0, 0.0; 5
-6.0, -5.0, 0.0; 19
-5.0, -5.0, 0.0; 4
-4.0, -5.0, 0.0; 2
-3.0, -5.0, 0.0; 1
-2.0, -5.0, 0.0; 4
-1.0, -5.0, 0.0; 1
1.0, -5.0, 0.0; 2
2.0, -5.0, 0.0; 4
3.0, -5.0, 0.0; 1
-10.0, -4.0, 0.0; 1
-9.0, -4.0, 0.0; 1
-8.0, -4.0, 0.0; 12
-7.0, -4.0, 0.0; 4
-6.0, -4.0, 0.0; 20
-5.0, -4.0, 0.0; 1
-4.0, -4.0, 0.0; 1
2.0, -4.0, 0.0; 1
-10.0, -3.0, 0.0; 2
-9.0, -3.0, 0.0; 1
-8.0, -3.0, 0.0; 8
-7.0, -3.0, 0.0; 2
-6.0, -3.0, 0.0; 3
8.0, -3.0, 0.0; 1
-10.0, -2.0, 0.0; 6
-8.0, -2.0, 0.0; 2
-7.0, -2.0, 0.0; 1
-6.0, -2.0, 0.0; 11
-5.0, -2.0, 0.0; 1
6.0, -2.0, 0.0; 1
-10.0, -1.0, 0.0; 2
-9.0, -1.0, 0.0; 1
-8.0, -1.0, 0.0; 6
-7.0, -1.0, 0.0; 5
-6.0, -1.0, 0.0; 4
-5.0, -1.0, 0.0; 1
-9.0, 0.0, 0.0; 1
-8.0, 0.0, 0.0; 2
-7.0, 0.0, 0.0; 3
-6.0, 0.0, 0.0; 4
-5.0, 0.0, 0.0; 1
2.0
7.35754189944
