5.0, 0.0, 0.0; 2
6.0, 0.0, 0.0; 1
-10.0, 1.0, 0.0; 1
-9.0, 1.0, 0.0; 5
-8.0, 1.0, 0.0; 2
-7.0, 1.0, 0.0; 1
-6.0, 1.0, 0.0; 77
-5.0, 1.0, 0.0; 56
3.0, 1.0, 0.0; 1
4.0, 1.0, 0.0; 2
5.0, 1.0, 0.0; 1
7.0, 1.0, 0.0; 1
8.0, 1.0, 0.0; 1
9.0, 1.0, 0.0; 1
-9.0, 2.0, 0.0; 1
-8.0, 2.0, 0.0; 4
-7.0, 2.0, 0.0; 1
-6.0, 2.0, 0.0; 14
-5.0, 2.0, 0.0; 56
4.0, 2.0, 0.0; 1
6.0, 2.0, 0.0; 1
7.0, 2.0, 0.0; 6
-9.0, 3.0, 0.0; 8
-8.0, 3.0, 0.0; 2
-7.0, 3.0, 0.0; 2
-6.0, 3.0, 0.0; 12
-5.0, 3.0, 0.0; 27
4.0, 3.0, 0.0; 2
5.0, 3.0, 0.0; 5
6.0, 3.0, 0.0; 7
8.0, 3.0, 0.0; 3
-9.0, 4.0, 0.0; 1
-8.0, 4.0, 0.0; 12
-7.0, 4.0, 0.0; 4
-6.0, 4.0, 0.0; 7
-5.0, 4.0, 0.0; 14
-4.0, 4.0, 0.0; 3
-3.0, 4.0, 0.0; 1
1.0, 4.0, 0.0; 15
2.0, 4.0, 0.0; 4
3.0, 4.0, 0.0; 10
4.0, 4.0, 0.0; 21
5.0, 4.0, 0.0; 13
6.0, 4.0, 0.0; 6
7.0, 4.0, 0.0; 4
8.0, 4.0, 0.0; 2
-9.0, 5.0, 0.0; 1
-8.0, 5.0, 0.0; 9
-7.0, 5.0, 0.0; 4
-6.0, 5.0, 0.0; 2
-5.0, 5.0, 0.0; 11
-4.0, 5.0, 0.0; 32
-3.0, 5.0, 0.0; 73
-2.0, 5.0, 0.0; 19
-1.0, 5.0, 0.0; 7
0.0, 5.0, 0.0; 19
1.0, 5.0, 0.0; 60
2.0, 5.0, 0.0; 9
3.0, 5.0, 0.0; 14
4.0, 5.0, 0.0; 13
5.0, 5.0, 0.0; 7
6.0, 5.0, 0.0; 2
7.0, 5.0, 0.0; 1
-8.0, 6.0, 0.0; 3
-7.0, 6.0, 0.0; 57
-6.0, 6.0, 0.0; 257
-5.0, 6.0, 0.0; 17
-4.0, 6.0, 0.0; 14
-3.0, 6.0, 0.0; 71
-2.0, 6.0, 0.0; 146
-1.0, 6.0, 0.0; 215
0.0, 6.0, 0.0; 139
1.0, 6.0, 0.0; 52
2.0, 6.0, 0.0; 2
3.0, 6.0, 0.0; 8
4.0, 6.0, 0.0; 7
5.0, 6.0, 0.0; 4
6.0, 6.0, 0.0; 3
7.0, 6.0, 0.0; 1
-7.0, 7.0, 0.0; 3
-6.0, 7.0, 0.0; 35
-5.0, 7.0, 0.0; 63
-4.0, 7.0, 0.0; 13
-3.0, 7.0, 0.0; 7
-2.0, 7.0, 0.0; 32
-1.0, 7.0, 0.0; 106
0.0, 7.0, 0.0; 44
1.0, 7.0, 0.0; 5
2.0, 7.0, 0.0; 4
3.0, 7.0, 0.0; 7
4.0, 7.0, 0.0; 1
5.0, 7.0, 0.0; 1
6.0, 7.0, 0.0; 1
-5.0, 8.0, 0.0; 8
-4.0, 8.0, 0.0; 15
-3.0, 8.0, 0.0; 10
-2.0, 8.0, 0.0; 11
-1.0, 8.0, 0.0; 3
0.0, 8.0, 0.0; 9
1.0, 8.0, 0.0; 13
2.0, 8.0, 0.0; 16
3.0, 8.0, 0.0; 9
4.0, 8.0, 0.0; 2
5.0, 8.0, 0.0; 1
-4.0, 9.0, 0.0; 9
-3.0, 9.0, 0.0; 19
-2.0, 9.0, 0.0; 43
-1.0, 9.0, 0.0; 52
0.0, 9.0, 0.0; 66
1.0, 9.0, 0.0; 48
2.0, 9.0, 0.0; 18
3.0, 9.0, 0.0; 3
-4.0, -10.0, 1.0; 5
-3.0, -10.0, 1.0; 18
-2.0, -10.0, 1.0; 17
-1.0, -10.0, 1.0; 10
0.0, -10.0, 1.0; 10
1.0, -10.0, 1.0; 2
2.0, -10.0, 1.0; 4
-6.0, -9.0, 1.0; 2
-5.0, -9.0, 1.0; 9
-4.0, -9.0, 1.0; 8
-3.0, -9.0, 1.0; 8
-2.0, -9.0, 1.0; 5
-1.0, -9.0, 1.0; 7
0.0, -9.0, 1.0; 11
1.0, -9.0, 1.0; 11
2.0, -9.0, 1.0; 4
3.0, -9.0, 1.0; 7
4.0, -9.0, 1.0; 2
-7.0, -8.0, 1.0; 2
-6.0, -8.0, 1.0; 2
-5.0, -8.0, 1.0; 5
-4.0, -8.0, 1.0; 2
-3.0, -8.0, 1.0; 2
-2.0, -8.0, 1.0; 1
-1.0, -8.0, 1.0; 4
0.0, -8.0, 1.0; 6
1.0, -8.0, 1.0; 18
2.0, -8.0, 1.0; 13
3.0, -8.0, 1.0; 5
4.0, -8.0, 1.0; 5
5.0, -8.0, 1.0; 5
-8.0, -7.0, 1.0; 1
-7.0, -7.0, 1.0; 3
-6.0, -7.0, 1.0; 3
-5.0, -7.0, 1.0; 1
-4.0, -7.0, 1.0; 37
-3.0, -7.0, 1.0; 144
-2.0, -7.0, 1.0; 445
-1.0, -7.0, 1.0; 314
0.0, -7.0, 1.0; 34
1.0, -7.0, 1.0; 10
2.0, -7.0, 1.0; 30
3.0, -7.0, 1.0; 8
5.0, -7.0, 1.0; 3
6.0, -7.0, 1.0; 2
-8.0, -6.0, 1.0; 4
-7.0, -6.0, 1.0; 4
-6.0, -6.0, 1.0; 3
-5.0, -6.0, 1.0; 78
-4.0, -6.0, 1.0; 74
-3.0, -6.0, 1.0; 48
-2.0, -6.0, 1.0; 104
-1.0, -6.0, 1.0; 81
0.0, -6.0, 1.0; 23
1.0, -6.0, 1.0; 26
2.0, -6.0, 1.0; 50
3.0, -6.0, 1.0; 19
4.0, -6.0, 1.0; 6
6.0, -6.0, 1.0; 2
-8.0, -5.0, 1.0; 3
-6.0, -5.0, 1.0; 52
-5.0, -5.0, 1.0; 80
-4.0, -5.0, 1.0; 3
-3.0, -5.0, 1.0; 2
-2.0, -5.0, 1.0; 2
1.0, -5.0, 1.0; 3
2.0, -5.0, 1.0; 4
3.0, -5.0, 1.0; 11
4.0, -5.0, 1.0; 6
5.0, -5.0, 1.0; 1
6.0, -5.0, 1.0; 1
-9.0, -4.0, 1.0; 6
-8.0, -4.0, 1.0; 6
-6.0, -4.0, 1.0; 53
-5.0, -4.0, 1.0; 7
-4.0, -4.0, 1.0; 1
-3.0, -4.0, 1.0; 1
2.0, -4.0, 1.0; 3
3.0, -4.0, 1.0; 2
4.0, -4.0, 1.0; 2
5.0, -4.0, 1.0; 3
8.0, -4.0, 1.0; 2
9.0, -4.0, 1.0; 2
-10.0, -3.0, 1.0; 3
-9.0, -3.0, 1.0; 2
-8.0, -3.0, 1.0; 1
-7.0, -3.0, 1.0; 1
-6.0, -3.0, 1.0; 1
5.0, -3.0, 1.0; 2
8.0, -3.0, 1.0; 1
-10.0, -2.0, 1.0; 1
-9.0, -2.0, 1.0; 1
-8.0, -2.0, 1.0; 3
-7.0, -2.0, 1.0; 1
3.0, -2.0, 1.0; 1
5.0, -2.0, 1.0; 1
7.0, -2.0, 1.0; 1
-10.0, -1.0, 1.0; 2
-9.0, -1.0, 1.0; 4
-8.0, -1.0, 1.0; 5
-7.0, -1.0, 1.0; 7
-6.0, -1.0, 1.0; 6
-5.0, -1.0, 1.0; 2
5.0, -1.0, 1.0; 1
-10.0, 0.0, 1.0; 2
-9.0, 0.0, 1.0; 1
-7.0, 0.0, 1.0; 5
-6.0, 0.0, 1.0; 15
-5.0, 0.0, 1.0; 3
-4.0, 0.0, 1.0; 1
-10.0, 1.0, 1.0; 1
-8.0, 1.0, 1.0; 3
-7.0, 1.0, 1.0; 3
-6.0, 1.0, 1.0; 15
-5.0, 1.0, 1.0; 11
4.0, 1.0, 1.0; 1
5.0, 1.0, 1.0; 1
7.0, 1.0, 1.0; 1
8.0, 1.0, 1.0; 1
-10.0, 2.0, 1.0; 1
-9.0, 2.0, 1.0; 4
-8.0, 2.0, 1.0; 6
-7.0, 2.0, 1.0; 3
-6.0, 2.0, 1.0; 5
-5.0, 2.0, 1.0; 40
-4.0, 2.0, 1.0; 1
5.0, 2.0, 1.0; 1
6.0, 2.0, 1.0; 2
8.0, 2.0, 1.0; 1
-9.0, 3.0, 1.0; 3
-8.0, 3.0, 1.0; 3
-7.0, 3.0, 1.0; 2
-6.0, 3.0, 1.0; 7
-5.0, 3.0, 1.0; 23
-4.0, 3.0, 1.0; 18
-3.0, 3.0, 1.0; 1
3.0, 3.0, 1.0; 2
4.0, 3.0, 1.0; 4
5.0, 3.0, 1.0; 3
7.0, 3.0, 1.0; 2
8.0, 3.0, 1.0; 2
-9.0, 4.0, 1.0; 4
-8.0, 4.0, 1.0; 9
-7.0, 4.0, 1.0; 8
-6.0, 4.0, 1.0; 7
-5.0, 4.0, 1.0; 13
-4.0, 4.0, 1.0; 18
-3.0, 4.0, 1.0; 12
-2.0, 4.0, 1.0; 3
0.0, 4.0, 1.0; 4
1.0, 4.0, 1.0; 31
2.0, 4.0, 1.0; 9
3.0, 4.0, 1.0; 15
4.0, 4.0, 1.0; 10
5.0, 4.0, 1.0; 6
7.0, 4.0, 1.0; 2
-9.0, 5.0, 1.0; 1
-8.0, 5.0, 1.0; 6
-7.0, 5.0, 1.0; 6
-6.0, 5.0, 1.0; 3
-5.0, 5.0, 1.0; 6
-4.0, 5.0, 1.0; 42
-3.0, 5.0, 1.0; 1143
-2.0, 5.0, 1.0; 551
-1.0, 5.0, 1.0; 26
0.0, 5.0, 1.0; 36
1.0, 5.0, 1.0; 33
2.0, 5.0, 1.0; 11
3.0, 5.0, 1.0; 10
4.0, 5.0, 1.0; 8
5.0, 5.0, 1.0; 2
6.0, 5.0, 1.0; 1
-8.0, 6.0, 1.0; 2
-7.0, 6.0, 1.0; 18
-6.0, 6.0, 1.0; 52
-5.0, 6.0, 1.0; 10
-4.0, 6.0, 1.0; 18
-3.0, 6.0, 1.0; 74
-2.0, 6.0, 1.0; 103
-1.0, 6.0, 1.0; 57
0.0, 6.0, 1.0; 20
1.0, 6.0, 1.0; 7
2.0, 6.0, 1.0; 2
3.0, 6.0, 1.0; 7
4.0, 6.0, 1.0; 5
5.0, 6.0, 1.0; 2
6.0, 6.0, 1.0; 3
7.0, 6.0, 1.0; 1
-7.0, 7.0, 1.0; 4
-6.0, 7.0, 1.0; 16
-5.0, 7.0, 1.0; 18
-4.0, 7.0, 1.0; 9
-3.0, 7.0, 1.0; 1
-2.0, 7.0, 1.0; 10
-1.0, 7.0, 1.0; 21
0.0, 7.0, 1.0; 6
2.0, 7.0, 1.0; 14
3.0, 7.0, 1.0; 3
4.0, 7.0, 1.0; 2
5.0, 7.0, 1.0; 2
-6.0, 8.0, 1.0; 2
-5.0, 8.0, 1.0; 17
-4.0, 8.0, 1.0; 7
-3.0, 8.0, 1.0; 11
-2.0, 8.0, 1.0; 9
-1.0, 8.0, 1.0; 8
0.0, 8.0, 1.0; 17
1.0, 8.0, 1.0; 10
2.0, 8.0, 1.0; 16
3.0, 8.0, 1.0; 4
-4.0, 9.0, 1.0; 5
-3.0, 9.0, 1.0; 20
-2.0, 9.0, 1.0; 43
-1.0, 9.0, 1.0; 65
0.0, 9.0, 1.0; 47
1.0, 9.0, 1.0; 47
2.0, 9.0, 1.0; 2
3.0, 9.0, 1.0; 1
-4.0, -10.0, 2.0; 2
-3.0, -10.0, 2.0; 3
-2.0, -10.0, 2.0; 3
-1.0, -10.0, 2.0; 4
0.0, -10.0, 2.0; 2
1.0, -10.0, 2.0; 1
-6.0, -9.0, 2.0; 2
-5.0, -9.0, 2.0; 6
-4.0, -9.0, 2.0; 5
-3.0, -9.0, 2.0; 7
-2.0, -9.0, 2.0; 14
-1.0, -9.0, 2.0; 4
0.0, -9.0, 2.0; 5
1.0, -9.0, 2.0; 6
2.0, -9.0, 2.0; 5
3.0, -9.0, 2.0; 1
4.0, -9.0, 2.0; 1
-7.0, -8.0, 2.0; 1
-6.0, -8.0, 2.0; 8
-5.0, -8.0, 2.0; 7
-4.0, -8.0, 2.0; 3
-3.0, -8.0, 2.0; 2
-2.0, -8.0, 2.0; 1
-1.0, -8.0, 2.0; 5
0.0, -8.0, 2.0; 5
1.0, -8.0, 2.0; 21
2.0, -8.0, 2.0; 12
3.0, -8.0, 2.0; 3
4.0, -8.0, 2.0; 6
5.0, -8.0, 2.0; 2
6.0, -8.0, 2.0; 2
-8.0, -7.0, 2.0; 1
-7.0, -7.0, 2.0; 3
-6.0, -7.0, 2.0; 2
-5.0, -7.0, 2.0; 3
-3.0, -7.0, 2.0; 13
-2.0, -7.0, 2.0; 19
-1.0, -7.0, 2.0; 10
0.0, -7.0, 2.0; 4
1.0, -7.0, 2.0; 21
2.0, -7.0, 2.0; 17
4.0, -7.0, 2.0; 1
5.0, -7.0, 2.0; 3
7.0, -7.0, 2.0; 1
-7.0, -6.0, 2.0; 8
-6.0, -6.0, 2.0; 1
-4.0, -6.0, 2.0; 31
-3.0, -6.0, 2.0; 65
-2.0, -6.0, 2.0; 49
-1.0, -6.0, 2.0; 10
0.0, -6.0, 2.0; 6
1.0, -6.0, 2.0; 17
2.0, -6.0, 2.0; 19
3.0, -6.0, 2.0; 3
4.0, -6.0, 2.0; 2
5.0, -6.0, 2.0; 1
7.0, -6.0, 2.0; 1
-8.0, -5.0, 2.0; 4
-7.0, -5.0, 2.0; 2
-6.0, -5.0, 2.0; 2
-5.0, -5.0, 2.0; 49
-4.0, -5.0, 2.0; 42
-3.0, -5.0, 2.0; 18
-2.0, -5.0, 2.0; 6
-1.0, -5.0, 2.0; 5
0.0, -5.0, 2.0; 1
1.0, -5.0, 2.0; 4
2.0, -5.0, 2.0; 5
3.0, -5.0, 2.0; 8
4.0, -5.0, 2.0; 2
6.0, -5.0, 2.0; 1
-8.0, -4.0, 2.0; 3
-7.0, -4.0, 2.0; 3
-6.0, -4.0, 2.0; 4
-5.0, -4.0, 2.0; 16
-4.0, -4.0, 2.0; 3
-3.0, -4.0, 2.0; 1
-2.0, -4.0, 2.0; 3
1.0, -4.0, 2.0; 1
2.0, -4.0, 2.0; 3
3.0, -4.0, 2.0; 2
5.0, -4.0, 2.0; 1
-9.0, -3.0, 2.0; 3
-8.0, -3.0, 2.0; 6
-7.0, -3.0, 2.0; 7
-6.0, -3.0, 2.0; 1
-5.0, -3.0, 2.0; 1
3.0, -3.0, 2.0; 1
4.0, -3.0, 2.0; 1
-10.0, -2.0, 2.0; 1
-9.0, -2.0, 2.0; 1
-8.0, -2.0, 2.0; 11
-7.0, -2.0, 2.0; 4
-6.0, -2.0, 2.0; 5
-4.0, -2.0, 2.0; 1
3.0, -2.0, 2.0; 1
5.0, -2.0, 2.0; 1
6.0, -2.0, 2.0; 1
8.0, -2.0, 2.0; 2
-10.0, -1.0, 2.0; 1
-9.0, -1.0, 2.0; 1
-8.0, -1.0, 2.0; 2
-7.0, -1.0, 2.0; 3
-6.0, -1.0, 2.0; 6
-5.0, -1.0, 2.0; 1
-4.0, -1.0, 2.0; 1
5.0, -1.0, 2.0; 1
-9.0, 0.0, 2.0; 3
-8.0, 0.0, 2.0; 1
-7.0, 0.0, 2.0; 2
-6.0, 0.0, 2.0; 16
-5.0, 0.0, 2.0; 9
7.0, 0.0, 2.0; 1
-8.0, 1.0, 2.0; 4
-7.0, 1.0, 2.0; 1
-6.0, 1.0, 2.0; 11
-5.0, 1.0, 2.0; 126
-4.0, 1.0, 2.0; 43
4.0, 1.0, 2.0; 2
6.0, 1.0, 2.0; 1
-8.0, 2.0, 2.0; 6
-7.0, 2.0, 2.0; 2
-6.0, 2.0, 2.0; 4
-5.0, 2.0, 2.0; 364
-4.0, 2.0, 2.0; 795
-3.0, 2.0, 2.0; 17
-1.0, 2.0, 2.0; 1
1.0, 2.0, 2.0; 4
2.0, 2.0, 2.0; 1
3.0, 2.0, 2.0; 1
5.0, 2.0, 2.0; 2
6.0, 2.0, 2.0; 2
7.0, 2.0, 2.0; 2
-10.0, 3.0, 2.0; 1
-9.0, 3.0, 2.0; 1
-8.0, 3.0, 2.0; 11
-7.0, 3.0, 2.0; 3
-6.0, 3.0, 2.0; 1
-5.0, 3.0, 2.0; 22
-4.0, 3.0, 2.0; 119
-3.0, 3.0, 2.0; 32
-2.0, 3.0, 2.0; 1
0.0, 3.0, 2.0; 2
1.0, 3.0, 2.0; 16
2.0, 3.0, 2.0; 3
3.0, 3.0, 2.0; 1
4.0, 3.0, 2.0; 2
5.0, 3.0, 2.0; 4
6.0, 3.0, 2.0; 1
-9.0, 4.0, 2.0; 1
-8.0, 4.0, 2.0; 7
-7.0, 4.0, 2.0; 4
-5.0, 4.0, 2.0; 8
-4.0, 4.0, 2.0; 20
-3.0, 4.0, 2.0; 44
-2.0, 4.0, 2.0; 92
-1.0, 4.0, 2.0; 24
0.0, 4.0, 2.0; 38
1.0, 4.0, 2.0; 27
2.0, 4.0, 2.0; 8
3.0, 4.0, 2.0; 6
4.0, 4.0, 2.0; 7
5.0, 4.0, 2.0; 2
6.0, 4.0, 2.0; 1
8.0, 4.0, 2.0; 2
-8.0, 5.0, 2.0; 6
-7.0, 5.0, 2.0; 2
-6.0, 5.0, 2.0; 3
-5.0, 5.0, 2.0; 5
-4.0, 5.0, 2.0; 10
-3.0, 5.0, 2.0; 158
-2.0, 5.0, 2.0; 206
-1.0, 5.0, 2.0; 28
0.0, 5.0, 2.0; 15
1.0, 5.0, 2.0; 11
2.0, 5.0, 2.0; 3
3.0, 5.0, 2.0; 19
4.0, 5.0, 2.0; 5
5.0, 5.0, 2.0; 2
6.0, 5.0, 2.0; 4
7.0, 5.0, 2.0; 2
-8.0, 6.0, 2.0; 2
-7.0, 6.0, 2.0; 12
-6.0, 6.0, 2.0; 12
-5.0, 6.0, 2.0; 4
-4.0, 6.0, 2.0; 2
-3.0, 6.0, 2.0; 5
-2.0, 6.0, 2.0; 6
-1.0, 6.0, 2.0; 5
0.0, 6.0, 2.0; 2
1.0, 6.0, 2.0; 3
2.0, 6.0, 2.0; 3
3.0, 6.0, 2.0; 7
4.0, 6.0, 2.0; 5
5.0, 6.0, 2.0; 3
6.0, 6.0, 2.0; 2
-7.0, 7.0, 2.0; 1
-6.0, 7.0, 2.0; 6
-5.0, 7.0, 2.0; 9
-4.0, 7.0, 2.0; 9
-3.0, 7.0, 2.0; 2
-2.0, 7.0, 2.0; 2
-1.0, 7.0, 2.0; 4
0.0, 7.0, 2.0; 5
1.0, 7.0, 2.0; 6
2.0, 7.0, 2.0; 8
3.0, 7.0, 2.0; 11
4.0, 7.0, 2.0; 1
5.0, 7.0, 2.0; 2
6.0, 7.0, 2.0; 2
-5.0, 8.0, 2.0; 10
-4.0, 8.0, 2.0; 23
-3.0, 8.0, 2.0; 33
-2.0, 8.0, 2.0; 15
-1.0, 8.0, 2.0; 16
0.0, 8.0, 2.0; 26
1.0, 8.0, 2.0; 24
2.0, 8.0, 2.0; 5
3.0, 8.0, 2.0; 1
-4.0, 9.0, 2.0; 5
-3.0, 9.0, 2.0; 20
-2.0, 9.0, 2.0; 32
-1.0, 9.0, 2.0; 32
0.0, 9.0, 2.0; 26
1.0, 9.0, 2.0; 8
2.0, 9.0, 2.0; 2
-5.0, -9.0, 3.0; 4
-4.0, -9.0, 3.0; 7
-3.0, -9.0, 3.0; 14
-2.0, -9.0, 3.0; 2
-1.0, -9.0, 3.0; 7
0.0, -9.0, 3.0; 2
1.0, -9.0, 3.0; 2
2.0, -9.0, 3.0; 1
3.0, -9.0, 3.0; 2
4.0, -9.0, 3.0; 2
-7.0, -8.0, 3.0; 1
-6.0, -8.0, 3.0; 4
-5.0, -8.0, 3.0; 7
-4.0, -8.0, 3.0; 6
-3.0, -8.0, 3.0; 6
-2.0, -8.0, 3.0; 8
-1.0, -8.0, 3.0; 17
0.0, -8.0, 3.0; 19
1.0, -8.0, 3.0; 17
2.0, -8.0, 3.0; 2
3.0, -8.0, 3.0; 2
4.0, -8.0, 3.0; 1
5.0, -8.0, 3.0; 2
-7.0, -7.0, 3.0; 7
-6.0, -7.0, 3.0; 5
-5.0, -7.0, 3.0; 6
-4.0, -7.0, 3.0; 5
-3.0, -7.0, 3.0; 6
-2.0, -7.0, 3.0; 2
-1.0, -7.0, 3.0; 14
0.0, -7.0, 3.0; 24
1.0, -7.0, 3.0; 15
2.0, -7.0, 3.0; 6
3.0, -7.0, 3.0; 1
5.0, -7.0, 3.0; 2
-8.0, -6.0, 3.0; 1
-7.0, -6.0, 3.0; 5
-6.0, -6.0, 3.0; 4
-5.0, -6.0, 3.0; 3
-4.0, -6.0, 3.0; 1
-3.0, -6.0, 3.0; 4
-2.0, -6.0, 3.0; 4
-1.0, -6.0, 3.0; 3
0.0, -6.0, 3.0; 1
1.0, -6.0, 3.0; 6
2.0, -6.0, 3.0; 2
3.0, -6.0, 3.0; 1
4.0, -6.0, 3.0; 1
5.0, -6.0, 3.0; 1
6.0, -6.0, 3.0; 1
-7.0, -5.0, 3.0; 1
-6.0, -5.0, 3.0; 5
-5.0, -5.0, 3.0; 1
-3.0, -5.0, 3.0; 4
-2.0, -5.0, 3.0; 1
-1.0, -5.0, 3.0; 3
0.0, -5.0, 3.0; 7
1.0, -5.0, 3.0; 6
2.0, -5.0, 3.0; 3
3.0, -5.0, 3.0; 3
4.0, -5.0, 3.0; 1
5.0, -5.0, 3.0; 1
6.0, -5.0, 3.0; 1
-9.0, -4.0, 3.0; 2
-7.0, -4.0, 3.0; 7
-6.0, -4.0, 3.0; 3
-5.0, -4.0, 3.0; 1
-4.0, -4.0, 3.0; 1
-3.0, -4.0, 3.0; 2
-2.0, -4.0, 3.0; 3
-1.0, -4.0, 3.0; 1
0.0, -4.0, 3.0; 3
1.0, -4.0, 3.0; 1
2.0, -4.0, 3.0; 3
-9.0, -3.0, 3.0; 2
-8.0, -3.0, 3.0; 1
-7.0, -3.0, 3.0; 8
-6.0, -3.0, 3.0; 7
-5.0, -3.0, 3.0; 1
-4.0, -3.0, 3.0; 1
-3.0, -3.0, 3.0; 1
-2.0, -3.0, 3.0; 2
-1.0, -3.0, 3.0; 2
1.0, -3.0, 3.0; 2
2.0, -3.0, 3.0; 2
3.0, -3.0, 3.0; 1
4.0, -3.0, 3.0; 1
-9.0, -2.0, 3.0; 1
-8.0, -2.0, 3.0; 4
-7.0, -2.0, 3.0; 8
-6.0, -2.0, 3.0; 9
-5.0, -2.0, 3.0; 7
-4.0, -2.0, 3.0; 5
-3.0, -2.0, 3.0; 1
-2.0, -2.0, 3.0; 2
-1.0, -2.0, 3.0; 1
0.0, -2.0, 3.0; 1
2.0, -2.0, 3.0; 3
3.0, -2.0, 3.0; 1
6.0, -2.0, 3.0; 2
-10.0, -1.0, 3.0; 1
-9.0, -1.0, 3.0; 2
-8.0, -1.0, 3.0; 2
-7.0, -1.0, 3.0; 3
-6.0, -1.0, 3.0; 7
-5.0, -1.0, 3.0; 6
-4.0, -1.0, 3.0; 2
-3.0, -1.0, 3.0; 1
-2.0, -1.0, 3.0; 2
-1.0, -1.0, 3.0; 1
0.0, -1.0, 3.0; 2
1.0, -1.0, 3.0; 6
2.0, -1.0, 3.0; 4
9.0, -1.0, 3.0; 1
-9.0, 0.0, 3.0; 3
-8.0, 0.0, 3.0; 2
-7.0, 0.0, 3.0; 5
-6.0, 0.0, 3.0; 1
-5.0, 0.0, 3.0; 8
-4.0, 0.0, 3.0; 5
-3.0, 0.0, 3.0; 2
-2.0, 0.0, 3.0; 1
4.0, 0.0, 3.0; 1
5.0, 0.0, 3.0; 1
-9.0, 1.0, 3.0; 2
-8.0, 1.0, 3.0; 5
-7.0, 1.0, 3.0; 4
-6.0, 1.0, 3.0; 5
-5.0, 1.0, 3.0; 20
-4.0, 1.0, 3.0; 50
-3.0, 1.0, 3.0; 27
-2.0, 1.0, 3.0; 5
3.0, 1.0, 3.0; 1
5.0, 1.0, 3.0; 1
-9.0, 2.0, 3.0; 2
-8.0, 2.0, 3.0; 1
-7.0, 2.0, 3.0; 2
-6.0, 2.0, 3.0; 2
-5.0, 2.0, 3.0; 12
-4.0, 2.0, 3.0; 176
-3.0, 2.0, 3.0; 175
-2.0, 2.0, 3.0; 27
-1.0, 2.0, 3.0; 2
1.0, 2.0, 3.0; 2
2.0, 2.0, 3.0; 14
3.0, 2.0, 3.0; 1
4.0, 2.0, 3.0; 1
5.0, 2.0, 3.0; 2
6.0, 2.0, 3.0; 5
7.0, 2.0, 3.0; 2
-9.0, 3.0, 3.0; 1
-8.0, 3.0, 3.0; 3
-7.0, 3.0, 3.0; 2
-6.0, 3.0, 3.0; 2
-5.0, 3.0, 3.0; 4
-4.0, 3.0, 3.0; 19
-3.0, 3.0, 3.0; 62
-2.0, 3.0, 3.0; 69
-1.0, 3.0, 3.0; 25
0.0, 3.0, 3.0; 8
1.0, 3.0, 3.0; 6
2.0, 3.0, 3.0; 2
3.0, 3.0, 3.0; 1
4.0, 3.0, 3.0; 3
5.0, 3.0, 3.0; 2
-8.0, 4.0, 3.0; 6
-7.0, 4.0, 3.0; 8
-6.0, 4.0, 3.0; 4
-5.0, 4.0, 3.0; 2
-4.0, 4.0, 3.0; 2
-3.0, 4.0, 3.0; 11
-2.0, 4.0, 3.0; 39
-1.0, 4.0, 3.0; 19
0.0, 4.0, 3.0; 6
1.0, 4.0, 3.0; 7
2.0, 4.0, 3.0; 1
3.0, 4.0, 3.0; 5
4.0, 4.0, 3.0; 2
5.0, 4.0, 3.0; 1
7.0, 4.0, 3.0; 2
-8.0, 5.0, 3.0; 5
-7.0, 5.0, 3.0; 8
-6.0, 5.0, 3.0; 4
-5.0, 5.0, 3.0; 3
-4.0, 5.0, 3.0; 3
-3.0, 5.0, 3.0; 2
-2.0, 5.0, 3.0; 1
-1.0, 5.0, 3.0; 4
0.0, 5.0, 3.0; 4
1.0, 5.0, 3.0; 3
2.0, 5.0, 3.0; 1
3.0, 5.0, 3.0; 3
4.0, 5.0, 3.0; 4
6.0, 5.0, 3.0; 1
7.0, 5.0, 3.0; 1
-8.0, 6.0, 3.0; 1
-7.0, 6.0, 3.0; 6
-6.0, 6.0, 3.0; 6
-5.0, 6.0, 3.0; 10
-4.0, 6.0, 3.0; 1
-3.0, 6.0, 3.0; 2
-2.0, 6.0, 3.0; 1
-1.0, 6.0, 3.0; 1
0.0, 6.0, 3.0; 3
1.0, 6.0, 3.0; 5
2.0, 6.0, 3.0; 6
3.0, 6.0, 3.0; 7
4.0, 6.0, 3.0; 6
5.0, 6.0, 3.0; 2
6.0, 6.0, 3.0; 1
-6.0, 7.0, 3.0; 4
-5.0, 7.0, 3.0; 14
-4.0, 7.0, 3.0; 9
-3.0, 7.0, 3.0; 8
-2.0, 7.0, 3.0; 6
-1.0, 7.0, 3.0; 1
0.0, 7.0, 3.0; 5
1.0, 7.0, 3.0; 8
2.0, 7.0, 3.0; 9
3.0, 7.0, 3.0; 11
5.0, 7.0, 3.0; 1
-5.0, 8.0, 3.0; 1
-4.0, 8.0, 3.0; 13
-3.0, 8.0, 3.0; 19
-2.0, 8.0, 3.0; 25
-1.0, 8.0, 3.0; 22
0.0, 8.0, 3.0; 13
1.0, 8.0, 3.0; 11
2.0, 8.0, 3.0; 4
4.0, 8.0, 3.0; 2
-3.0, 9.0, 3.0; 2
-2.0, 9.0, 3.0; 10
-1.0, 9.0, 3.0; 6
0.0, 9.0, 3.0; 3
-4.0, -9.0, 4.0; 1
-3.0, -9.0, 4.0; 1
-2.0, -9.0, 4.0; 3
-1.0, -9.0, 4.0; 1
0.0, -9.0, 4.0; 3
2.0, -9.0, 4.0; 1
-5.0, -8.0, 4.0; 3
-4.0, -8.0, 4.0; 5
-3.0, -8.0, 4.0; 3
-2.0, -8.0, 4.0; 9
-1.0, -8.0, 4.0; 3
0.0, -8.0, 4.0; 6
1.0, -8.0, 4.0; 3
2.0, -8.0, 4.0; 1
3.0, -8.0, 4.0; 2
4.0, -8.0, 4.0; 2
-7.0, -7.0, 4.0; 1
-6.0, -7.0, 4.0; 10
-5.0, -7.0, 4.0; 6
-4.0, -7.0, 4.0; 5
-3.0, -7.0, 4.0; 4
-2.0, -7.0, 4.0; 11
-1.0, -7.0, 4.0; 25
0.0, -7.0, 4.0; 13
1.0, -7.0, 4.0; 9
2.0, -7.0, 4.0; 1
3.0, -7.0, 4.0; 1
5.0, -7.0, 4.0; 2
-7.0, -6.0, 4.0; 3
-6.0, -6.0, 4.0; 3
-5.0, -6.0, 4.0; 12
-4.0, -6.0, 4.0; 6
-3.0, -6.0, 4.0; 5
-2.0, -6.0, 4.0; 5
-1.0, -6.0, 4.0; 9
0.0, -6.0, 4.0; 7
1.0, -6.0, 4.0; 6
2.0, -6.0, 4.0; 1
3.0, -6.0, 4.0; 1
4.0, -6.0, 4.0; 4
5.0, -6.0, 4.0; 1
7.0, -6.0, 4.0; 1
-8.0, -5.0, 4.0; 1
-7.0, -5.0, 4.0; 5
-6.0, -5.0, 4.0; 5
-5.0, -5.0, 4.0; 4
-4.0, -5.0, 4.0; 1
-3.0, -5.0, 4.0; 5
-2.0, -5.0, 4.0; 6
-1.0, -5.0, 4.0; 6
0.0, -5.0, 4.0; 9
1.0, -5.0, 4.0; 5
-9.0, -4.0, 4.0; 1
-8.0, -4.0, 4.0; 1
-7.0, -4.0, 4.0; 6
-6.0, -4.0, 4.0; 8
-5.0, -4.0, 4.0; 2
-4.0, -4.0, 4.0; 10
-3.0, -4.0, 4.0; 2
-2.0, -4.0, 4.0; 2
-1.0, -4.0, 4.0; 10
0.0, -4.0, 4.0; 8
1.0, -4.0, 4.0; 1
7.0, -4.0, 4.0; 2
-8.0, -3.0, 4.0; 1
-7.0, -3.0, 4.0; 6
-6.0, -3.0, 4.0; 6
-5.0, -3.0, 4.0; 5
-4.0, -3.0, 4.0; 9
-3.0, -3.0, 4.0; 6
-1.0, -3.0, 4.0; 3
0.0, -3.0, 4.0; 3
2.0, -3.0, 4.0; 1
-9.0, -2.0, 4.0; 3
-8.0, -2.0, 4.0; 2
-7.0, -2.0, 4.0; 3
-6.0, -2.0, 4.0; 4
-5.0, -2.0, 4.0; 6
-4.0, -2.0, 4.0; 7
-3.0, -2.0, 4.0; 13
-2.0, -2.0, 4.0; 10
-1.0, -2.0, 4.0; 28
0.0, -2.0, 4.0; 13
2.0, -2.0, 4.0; 1
-9.0, -1.0, 4.0; 5
-8.0, -1.0, 4.0; 1
-7.0, -1.0, 4.0; 4
-6.0, -1.0, 4.0; 3
-5.0, -1.0, 4.0; 6
-4.0, -1.0, 4.0; 7
-3.0, -1.0, 4.0; 23
-2.0, -1.0, 4.0; 36
-1.0, -1.0, 4.0; 36
0.0, -1.0, 4.0; 19
1.0, -1.0, 4.0; 1
-9.0, 0.0, 4.0; 1
-7.0, 0.0, 4.0; 5
-6.0, 0.0, 4.0; 3
-5.0, 0.0, 4.0; 1
-4.0, 0.0, 4.0; 5
-3.0, 0.0, 4.0; 8
-2.0, 0.0, 4.0; 4
-1.0, 0.0, 4.0; 5
0.0, 0.0, 4.0; 4
1.0, 0.0, 4.0; 3
6.0, 0.0, 4.0; 1
7.0, 0.0, 4.0; 1
-9.0, 1.0, 4.0; 1
-8.0, 1.0, 4.0; 1
-7.0, 1.0, 4.0; 4
-6.0, 1.0, 4.0; 2
-5.0, 1.0, 4.0; 5
-4.0, 1.0, 4.0; 11
-3.0, 1.0, 4.0; 12
-2.0, 1.0, 4.0; 2
-1.0, 1.0, 4.0; 5
0.0, 1.0, 4.0; 4
1.0, 1.0, 4.0; 1
2.0, 1.0, 4.0; 2
3.0, 1.0, 4.0; 2
-9.0, 2.0, 4.0; 1
-8.0, 2.0, 4.0; 2
-7.0, 2.0, 4.0; 6
-6.0, 2.0, 4.0; 2
-5.0, 2.0, 4.0; 3
-4.0, 2.0, 4.0; 9
-3.0, 2.0, 4.0; 11
-2.0, 2.0, 4.0; 9
-1.0, 2.0, 4.0; 4
0.0, 2.0, 4.0; 16
1.0, 2.0, 4.0; 13
2.0, 2.0, 4.0; 5
3.0, 2.0, 4.0; 1
4.0, 2.0, 4.0; 1
5.0, 2.0, 4.0; 2
-9.0, 3.0, 4.0; 1
-8.0, 3.0, 4.0; 3
-7.0, 3.0, 4.0; 2
-6.0, 3.0, 4.0; 1
-5.0, 3.0, 4.0; 8
-4.0, 3.0, 4.0; 4
-3.0, 3.0, 4.0; 6
-2.0, 3.0, 4.0; 8
-1.0, 3.0, 4.0; 9
1.0, 3.0, 4.0; 7
2.0, 3.0, 4.0; 4
3.0, 3.0, 4.0; 1
4.0, 3.0, 4.0; 2
5.0, 3.0, 4.0; 1
6.0, 3.0, 4.0; 2
-8.0, 4.0, 4.0; 3
-7.0, 4.0, 4.0; 4
-6.0, 4.0, 4.0; 2
-5.0, 4.0, 4.0; 6
-4.0, 4.0, 4.0; 4
-3.0, 4.0, 4.0; 2
-2.0, 4.0, 4.0; 3
-1.0, 4.0, 4.0; 1
0.0, 4.0, 4.0; 3
1.0, 4.0, 4.0; 4
2.0, 4.0, 4.0; 2
3.0, 4.0, 4.0; 2
5.0, 4.0, 4.0; 1
6.0, 4.0, 4.0; 2
7.0, 4.0, 4.0; 2
-8.0, 5.0, 4.0; 1
-7.0, 5.0, 4.0; 6
-6.0, 5.0, 4.0; 10
-5.0, 5.0, 4.0; 5
-4.0, 5.0, 4.0; 3
-3.0, 5.0, 4.0; 7
-2.0, 5.0, 4.0; 1
-1.0, 5.0, 4.0; 4
0.0, 5.0, 4.0; 6
1.0, 5.0, 4.0; 5
5.0, 5.0, 4.0; 1
6.0, 5.0, 4.0; 1
-7.0, 6.0, 4.0; 3
-6.0, 6.0, 4.0; 2
-5.0, 6.0, 4.0; 6
-4.0, 6.0, 4.0; 10
-3.0, 6.0, 4.0; 16
-2.0, 6.0, 4.0; 7
-1.0, 6.0, 4.0; 2
0.0, 6.0, 4.0; 4
1.0, 6.0, 4.0; 5
2.0, 6.0, 4.0; 8
3.0, 6.0, 4.0; 6
4.0, 6.0, 4.0; 1
5.0, 6.0, 4.0; 1
-5.0, 7.0, 4.0; 6
-4.0, 7.0, 4.0; 9
-3.0, 7.0, 4.0; 7
-2.0, 7.0, 4.0; 9
-1.0, 7.0, 4.0; 3
0.0, 7.0, 4.0; 3
1.0, 7.0, 4.0; 9
2.0, 7.0, 4.0; 5
3.0, 7.0, 4.0; 1
-4.0, 8.0, 4.0; 3
-3.0, 8.0, 4.0; 7
-2.0, 8.0, 4.0; 8
-1.0, 8.0, 4.0; 3
0.0, 8.0, 4.0; 3
1.0, 8.0, 4.0; 2
2.0, 8.0, 4.0; 2
3.0, 8.0, 4.0; 1
-3.0, -8.0, 5.0; 1
-2.0, -8.0, 5.0; 1
0.0, -8.0, 5.0; 1
1.0, -8.0, 5.0; 2
2.0, -8.0, 5.0; 2
-5.0, -7.0, 5.0; 3
-4.0, -7.0, 5.0; 1
-3.0, -7.0, 5.0; 1
-1.0, -7.0, 5.0; 2
0.0, -7.0, 5.0; 1
1.0, -7.0, 5.0; 2
2.0, -7.0, 5.0; 2
3.0, -7.0, 5.0; 3
4.0, -7.0, 5.0; 1
-6.0, -6.0, 5.0; 2
-5.0, -6.0, 5.0; 4
-3.0, -6.0, 5.0; 2
-2.0, -6.0, 5.0; 4
-1.0, -6.0, 5.0; 7
0.0, -6.0, 5.0; 3
1.0, -6.0, 5.0; 1
3.0, -6.0, 5.0; 1
4.0, -6.0, 5.0; 2
-6.0, -5.0, 5.0; 2
-5.0, -5.0, 5.0; 4
-4.0, -5.0, 5.0; 1
-3.0, -5.0, 5.0; 2
-2.0, -5.0, 5.0; 1
-1.0, -5.0, 5.0; 2
0.0, -5.0, 5.0; 1
4.0, -5.0, 5.0; 1
-7.0, -4.0, 5.0; 1
-4.0, -4.0, 5.0; 4
-3.0, -4.0, 5.0; 4
-2.0, -4.0, 5.0; 6
-1.0, -4.0, 5.0; 1
0.0, -4.0, 5.0; 1
1.0, -4.0, 5.0; 1
3.0, -4.0, 5.0; 1
4.0, -4.0, 5.0; 1
-8.0, -3.0, 5.0; 5
-6.0, -3.0, 5.0; 3
-4.0, -3.0, 5.0; 1
-2.0, -3.0, 5.0; 4
-1.0, -3.0, 5.0; 4
2.0, -3.0, 5.0; 2
3.0, -3.0, 5.0; 1
-8.0, -2.0, 5.0; 1
-7.0, -2.0, 5.0; 3
-6.0, -2.0, 5.0; 1
-5.0, -2.0, 5.0; 2
-4.0, -2.0, 5.0; 1
-3.0, -2.0, 5.0; 4
-2.0, -2.0, 5.0; 6
-1.0, -2.0, 5.0; 3
1.0, -2.0, 5.0; 1
5.0, -2.0, 5.0; 1
-9.0, -1.0, 5.0; 1
-8.0, -1.0, 5.0; 1
-7.0, -1.0, 5.0; 3
-6.0, -1.0, 5.0; 3
-4.0, -1.0, 5.0; 6
-3.0, -1.0, 5.0; 5
-2.0, -1.0, 5.0; 7
-1.0, -1.0, 5.0; 1
1.0, -1.0, 5.0; 1
6.0, -1.0, 5.0; 1
-9.0, 0.0, 5.0; 1
-8.0, 0.0, 5.0; 2
-7.0, 0.0, 5.0; 4
-6.0, 0.0, 5.0; 1
-5.0, 0.0, 5.0; 1
-4.0, 0.0, 5.0; 2
-3.0, 0.0, 5.0; 3
-2.0, 0.0, 5.0; 5
-1.0, 0.0, 5.0; 2
0.0, 0.0, 5.0; 2
1.0, 0.0, 5.0; 2
2.0, 0.0, 5.0; 1
3.0, 0.0, 5.0; 1
4.0, 0.0, 5.0; 1
-9.0, 1.0, 5.0; 1
-7.0, 1.0, 5.0; 3
-5.0, 1.0, 5.0; 4
-4.0, 1.0, 5.0; 4
-3.0, 1.0, 5.0; 5
-2.0, 1.0, 5.0; 2
-1.0, 1.0, 5.0; 2
1.0, 1.0, 5.0; 2
2.0, 1.0, 5.0; 1
-8.0, 2.0, 5.0; 2
-7.0, 2.0, 5.0; 2
-6.0, 2.0, 5.0; 2
-5.0, 2.0, 5.0; 2
-4.0, 2.0, 5.0; 2
-3.0, 2.0, 5.0; 6
-2.0, 2.0, 5.0; 9
-1.0, 2.0, 5.0; 4
0.0, 2.0, 5.0; 7
1.0, 2.0, 5.0; 3
4.0, 2.0, 5.0; 2
5.0, 2.0, 5.0; 2
-7.0, 3.0, 5.0; 1
-6.0, 3.0, 5.0; 3
-5.0, 3.0, 5.0; 2
-4.0, 3.0, 5.0; 2
-3.0, 3.0, 5.0; 2
-2.0, 3.0, 5.0; 4
-1.0, 3.0, 5.0; 8
0.0, 3.0, 5.0; 4
1.0, 3.0, 5.0; 2
2.0, 3.0, 5.0; 3
3.0, 3.0, 5.0; 2
4.0, 3.0, 5.0; 1
5.0, 3.0, 5.0; 2
-7.0, 4.0, 5.0; 2
-6.0, 4.0, 5.0; 3
-5.0, 4.0, 5.0; 4
-4.0, 4.0, 5.0; 5
-3.0, 4.0, 5.0; 9
-2.0, 4.0, 5.0; 2
-1.0, 4.0, 5.0; 5
0.0, 4.0, 5.0; 3
1.0, 4.0, 5.0; 4
2.0, 4.0, 5.0; 2
3.0, 4.0, 5.0; 2
4.0, 4.0, 5.0; 1
5.0, 4.0, 5.0; 3
-7.0, 5.0, 5.0; 2
-6.0, 5.0, 5.0; 6
-4.0, 5.0, 5.0; 5
-3.0, 5.0, 5.0; 3
-2.0, 5.0, 5.0; 6
-1.0, 5.0, 5.0; 5
0.0, 5.0, 5.0; 6
1.0, 5.0, 5.0; 4
2.0, 5.0, 5.0; 5
4.0, 5.0, 5.0; 1
-5.0, 6.0, 5.0; 3
-4.0, 6.0, 5.0; 2
-3.0, 6.0, 5.0; 5
-2.0, 6.0, 5.0; 7
0.0, 6.0, 5.0; 5
1.0, 6.0, 5.0; 3
2.0, 6.0, 5.0; 4
3.0, 6.0, 5.0; 3
4.0, 6.0, 5.0; 5
5.0, 6.0, 5.0; 1
-5.0, 7.0, 5.0; 1
-3.0, 7.0, 5.0; 2
-2.0, 7.0, 5.0; 6
-1.0, 7.0, 5.0; 3
0.0, 7.0, 5.0; 4
1.0, 7.0, 5.0; 2
2.0, 7.0, 5.0; 2
-1.0, 8.0, 5.0; 1
0.0, 8.0, 5.0; 1
1.0, 8.0, 5.0; 2
-3.0, -8.0, 6.0; 1
-1.0, -8.0, 6.0; 1
0.0, -8.0, 6.0; 1
-2.0, -7.0, 6.0; 6
0.0, -7.0, 6.0; 2
2.0, -7.0, 6.0; 2
3.0, -7.0, 6.0; 1
-5.0, -6.0, 6.0; 3
-4.0, -6.0, 6.0; 3
-2.0, -6.0, 6.0; 2
-1.0, -6.0, 6.0; 2
0.0, -6.0, 6.0; 1
1.0, -6.0, 6.0; 1
2.0, -6.0, 6.0; 2
3.0, -6.0, 6.0; 1
5.0, -6.0, 6.0; 1
-6.0, -5.0, 6.0; 3
-5.0, -5.0, 6.0; 1
-4.0, -5.0, 6.0; 1
-3.0, -5.0, 6.0; 2
-2.0, -5.0, 6.0; 1
0.0, -5.0, 6.0; 3
1.0, -5.0, 6.0; 1
-4.0, -4.0, 6.0; 2
-3.0, -4.0, 6.0; 2
-2.0, -4.0, 6.0; 3
-1.0, -4.0, 6.0; 1
0.0, -4.0, 6.0; 3
2.0, -4.0, 6.0; 1
3.0, -4.0, 6.0; 1
-8.0, -3.0, 6.0; 1
-7.0, -3.0, 6.0; 3
-6.0, -3.0, 6.0; 1
-3.0, -3.0, 6.0; 1
-2.0, -3.0, 6.0; 1
-1.0, -3.0, 6.0; 2
0.0, -3.0, 6.0; 1
1.0, -3.0, 6.0; 3
2.0, -3.0, 6.0; 1
5.0, -3.0, 6.0; 1
-6.0, -2.0, 6.0; 3
-5.0, -2.0, 6.0; 2
-4.0, -2.0, 6.0; 2
-3.0, -2.0, 6.0; 2
-2.0, -2.0, 6.0; 1
0.0, -2.0, 6.0; 2
1.0, -2.0, 6.0; 1
2.0, -2.0, 6.0; 1
6.0, -2.0, 6.0; 1
-7.0, -1.0, 6.0; 1
-6.0, -1.0, 6.0; 2
-5.0, -1.0, 6.0; 7
-4.0, -1.0, 6.0; 5
-3.0, -1.0, 6.0; 1
-2.0, -1.0, 6.0; 1
3.0, -1.0, 6.0; 1
-8.0, 0.0, 6.0; 4
-7.0, 0.0, 6.0; 2
-6.0, 0.0, 6.0; 3
-5.0, 0.0, 6.0; 4
-4.0, 0.0, 6.0; 4
-2.0, 0.0, 6.0; 3
-1.0, 0.0, 6.0; 2
0.0, 0.0, 6.0; 1
1.0, 0.0, 6.0; 1
-8.0, 1.0, 6.0; 2
-7.0, 1.0, 6.0; 1
-6.0, 1.0, 6.0; 2
-5.0, 1.0, 6.0; 3
-3.0, 1.0, 6.0; 2
-2.0, 1.0, 6.0; 3
-1.0, 1.0, 6.0; 4
0.0, 1.0, 6.0; 2
1.0, 1.0, 6.0; 3
2.0, 1.0, 6.0; 2
5.0, 1.0, 6.0; 1
-7.0, 2.0, 6.0; 2
-6.0, 2.0, 6.0; 2
-5.0, 2.0, 6.0; 3
-4.0, 2.0, 6.0; 4
-1.0, 2.0, 6.0; 1
0.0, 2.0, 6.0; 3
1.0, 2.0, 6.0; 1
2.0, 2.0, 6.0; 4
3.0, 2.0, 6.0; 3
5.0, 2.0, 6.0; 1
-6.0, 3.0, 6.0; 2
-5.0, 3.0, 6.0; 4
-4.0, 3.0, 6.0; 6
-3.0, 3.0, 6.0; 2
-2.0, 3.0, 6.0; 4
-1.0, 3.0, 6.0; 3
0.0, 3.0, 6.0; 2
1.0, 3.0, 6.0; 2
2.0, 3.0, 6.0; 1
3.0, 3.0, 6.0; 2
5.0, 3.0, 6.0; 1
-6.0, 4.0, 6.0; 2
-5.0, 4.0, 6.0; 1
-4.0, 4.0, 6.0; 5
-3.0, 4.0, 6.0; 4
-2.0, 4.0, 6.0; 1
-1.0, 4.0, 6.0; 4
0.0, 4.0, 6.0; 4
2.0, 4.0, 6.0; 2
4.0, 4.0, 6.0; 2
-4.0, 5.0, 6.0; 2
-3.0, 5.0, 6.0; 3
-2.0, 5.0, 6.0; 1
-1.0, 5.0, 6.0; 1
0.0, 5.0, 6.0; 1
1.0, 5.0, 6.0; 2
2.0, 5.0, 6.0; 1
3.0, 5.0, 6.0; 2
4.0, 5.0, 6.0; 1
-3.0, 6.0, 6.0; 1
-2.0, 6.0, 6.0; 1
-1.0, 6.0, 6.0; 1
0.0, 6.0, 6.0; 2
1.0, 6.0, 6.0; 2
-2.0, 7.0, 6.0; 1
-1.0, 7.0, 6.0; 3
1.0, 7.0, 6.0; 1
2.0, 7.0, 6.0; 1
-1.0, -7.0, 7.0; 1
1.0, -7.0, 7.0; 1
-3.0, -6.0, 7.0; 4
-1.0, -6.0, 7.0; 1
0.0, -6.0, 7.0; 1
-5.0, -5.0, 7.0; 1
-4.0, -5.0, 7.0; 1
-2.0, -5.0, 7.0; 1
-1.0, -5.0, 7.0; 1
0.0, -5.0, 7.0; 1
1.0, -5.0, 7.0; 1
2.0, -5.0, 7.0; 1
3.0, -5.0, 7.0; 1
-6.0, -4.0, 7.0; 1
-5.0, -4.0, 7.0; 2
-4.0, -4.0, 7.0; 1
-3.0, -4.0, 7.0; 2
-2.0, -4.0, 7.0; 1
-1.0, -4.0, 7.0; 4
0.0, -4.0, 7.0; 1
3.0, -4.0, 7.0; 1
-7.0, -3.0, 7.0; 1
-6.0, -3.0, 7.0; 2
-5.0, -3.0, 7.0; 1
-4.0, -3.0, 7.0; 1
-3.0, -3.0, 7.0; 1
-2.0, -3.0, 7.0; 2
0.0, -3.0, 7.0; 1
1.0, -3.0, 7.0; 1
5.0, -3.0, 7.0; 2
-5.0, -2.0, 7.0; 1
-4.0, -2.0, 7.0; 2
-2.0, -2.0, 7.0; 2
-6.0, -1.0, 7.0; 1
-5.0, -1.0, 7.0; 3
-4.0, -1.0, 7.0; 3
-3.0, -1.0, 7.0; 1
2.0, -1.0, 7.0; 1
-7.0, 0.0, 7.0; 1
-6.0, 0.0, 7.0; 1
-5.0, 0.0, 7.0; 1
-4.0, 0.0, 7.0; 2
-3.0, 0.0, 7.0; 1
-1.0, 0.0, 7.0; 1
1.0, 0.0, 7.0; 1
3.0, 0.0, 7.0; 1
5.0, 0.0, 7.0; 1
-6.0, 1.0, 7.0; 2
-5.0, 1.0, 7.0; 3
-4.0, 1.0, 7.0; 2
-2.0, 1.0, 7.0; 3
-6.0, 2.0, 7.0; 2
-5.0, 2.0, 7.0; 3
-2.0, 2.0, 7.0; 1
0.0, 2.0, 7.0; 1
1.0, 2.0, 7.0; 1
-5.0, 3.0, 7.0; 3
-4.0, 3.0, 7.0; 1
-3.0, 3.0, 7.0; 1
-2.0, 3.0, 7.0; 2
-1.0, 3.0, 7.0; 2
2.0, 3.0, 7.0; 2
3.0, 3.0, 7.0; 1
-4.0, 4.0, 7.0; 1
-2.0, 4.0, 7.0; 1
-1.0, 4.0, 7.0; 2
3.0, 4.0, 7.0; 2
4.0, 4.0, 7.0; 1
5.0, 4.0, 7.0; 1
-4.0, 5.0, 7.0; 2
-3.0, 5.0, 7.0; 3
-1.0, 5.0, 7.0; 3
3.0, 5.0, 7.0; 1
0.0, 6.0, 7.0; 1
-2.0, -6.0, 8.0; 1
-1.0, -6.0, 8.0; 1
-5.0, -4.0, 8.0; 1
-3.0, -4.0, 8.0; 1
-2.0, -4.0, 8.0; 3
-1.0, -4.0, 8.0; 1
0.0, -4.0, 8.0; 1
-4.0, -3.0, 8.0; 1
-1.0, -2.0, 8.0; 1
-3.0, -1.0, 8.0; 1
-2.0, -1.0, 8.0; 1
-1.0, -1.0, 8.0; 1
-5.0, 0.0, 8.0; 1
-2.0, 0.0, 8.0; 1
1.0, 0.0, 8.0; 1
-6.0, 1.0, 8.0; 2
-4.0, 1.0, 8.0; 2
-3.0, 1.0, 8.0; 2
-2.0, 1.0, 8.0; 2
-1.0, 1.0, 8.0; 1
-4.0, 2.0, 8.0; 1
1.0, 2.0, 8.0; 1
-4.0, 3.0, 8.0; 2
-3.0, 3.0, 8.0; 2
-1.0, 3.0, 8.0; 1
1.0, 3.0, 8.0; 1
-2.0, 4.0, 8.0; 1
-1.0, 4.0, 8.0; 1
-2.0, 5.0, 8.0; 1
0.0, -4.0, 9.0; 1
0.0, -3.0, 9.0; 1
0.0, -2.0, 9.0; 1
-4.0, 0.0, 9.0; 1
1.0, 1.0, 9.0; 1
-2.0, -4.0, -10.0; 1
1.0, -4.0, -10.0; 1
-3.0, -3.0, -10.0; 2
-2.0, -3.0, -10.0; 1
-1.0, -3.0, -10.0; 2
0.0, -3.0, -10.0; 1
1.0, -3.0, -10.0; 1
-3.0, -2.0, -10.0; 1
-2.0, -2.0, -10.0; 1
-1.0, -2.0, -10.0; 2
2.0, -2.0, -10.0; 1
-3.0, -1.0, -10.0; 2
-1.0, -1.0, -10.0; 4
0.0, -1.0, -10.0; 2
1.0, -1.0, -10.0; 3
-3.0, 0.0, -10.0; 2
-2.0, 0.0, -10.0; 2
0.0, 0.0, -10.0; 3
1.0, 0.0, -10.0; 1
3.0, 0.0, -10.0; 1
-3.0, 1.0, -10.0; 2
-2.0, 1.0, -10.0; 3
-1.0, 1.0, -10.0; 2
0.0, 1.0, -10.0; 1
2.0, 1.0, -10.0; 2
3.0, 1.0, -10.0; 3
-3.0, 2.0, -10.0; 3
-2.0, 2.0, -10.0; 1
-1.0, 2.0, -10.0; 2
0.0, 2.0, -10.0; 1
1.0, 2.0, -10.0; 1
2.0, 2.0, -10.0; 2
-2.0, 3.0, -10.0; 1
-1.0, 3.0, -10.0; 1
0.0, 3.0, -10.0; 2
1.0, 3.0, -10.0; 1
2.0, 3.0, -10.0; 1
-2.0, -6.0, -9.0; 3
0.0, -6.0, -9.0; 1
1.0, -6.0, -9.0; 1
-2.0, -5.0, -9.0; 3
-1.0, -5.0, -9.0; 2
0.0, -5.0, -9.0; 1
1.0, -5.0, -9.0; 2
2.0, -5.0, -9.0; 1
-5.0, -4.0, -9.0; 2
-3.0, -4.0, -9.0; 4
-2.0, -4.0, -9.0; 4
-1.0, -4.0, -9.0; 1
0.0, -4.0, -9.0; 2
1.0, -4.0, -9.0; 2
2.0, -4.0, -9.0; 4
-5.0, -3.0, -9.0; 1
-3.0, -3.0, -9.0; 1
-2.0, -3.0, -9.0; 2
-1.0, -3.0, -9.0; 1
0.0, -3.0, -9.0; 5
1.0, -3.0, -9.0; 7
2.0, -3.0, -9.0; 1
-5.0, -2.0, -9.0; 2
-4.0, -2.0, -9.0; 3
-1.0, -2.0, -9.0; 2
0.0, -2.0, -9.0; 1
1.0, -2.0, -9.0; 4
2.0, -2.0, -9.0; 2
3.0, -2.0, -9.0; 1
-6.0, -1.0, -9.0; 2
-5.0, -1.0, -9.0; 2
-4.0, -1.0, -9.0; 3
-3.0, -1.0, -9.0; 2
-2.0, -1.0, -9.0; 3
-1.0, -1.0, -9.0; 5
0.0, -1.0, -9.0; 4
1.0, -1.0, -9.0; 3
2.0, -1.0, -9.0; 1
3.0, -1.0, -9.0; 2
4.0, -1.0, -9.0; 1
-6.0, 0.0, -9.0; 1
-5.0, 0.0, -9.0; 3
-4.0, 0.0, -9.0; 1
-2.0, 0.0, -9.0; 5
-1.0, 0.0, -9.0; 4
0.0, 0.0, -9.0; 3
3.0, 0.0, -9.0; 2
4.0, 0.0, -9.0; 1
5.0, 0.0, -9.0; 3
-5.0, 1.0, -9.0; 2
-4.0, 1.0, -9.0; 10
-3.0, 1.0, -9.0; 9
-2.0, 1.0, -9.0; 7
-1.0, 1.0, -9.0; 2
0.0, 1.0, -9.0; 4
1.0, 1.0, -9.0; 4
2.0, 1.0, -9.0; 1
4.0, 1.0, -9.0; 3
5.0, 1.0, -9.0; 1
-5.0, 2.0, -9.0; 2
-4.0, 2.0, -9.0; 5
-3.0, 2.0, -9.0; 8
-2.0, 2.0, -9.0; 4
-1.0, 2.0, -9.0; 4
1.0, 2.0, -9.0; 2
2.0, 2.0, -9.0; 2
3.0, 2.0, -9.0; 3
4.0, 2.0, -9.0; 2
-4.0, 3.0, -9.0; 2
-3.0, 3.0, -9.0; 4
-2.0, 3.0, -9.0; 9
-1.0, 3.0, -9.0; 5
0.0, 3.0, -9.0; 2
1.0, 3.0, -9.0; 5
2.0, 3.0, -9.0; 3
4.0, 3.0, -9.0; 2
-3.0, 4.0, -9.0; 2
-2.0, 4.0, -9.0; 4
-1.0, 4.0, -9.0; 1
0.0, 4.0, -9.0; 2
1.0, 4.0, -9.0; 4
2.0, 4.0, -9.0; 3
-3.0, 5.0, -9.0; 1
-2.0, 5.0, -9.0; 1
-1.0, 5.0, -9.0; 2
1.0, 5.0, -9.0; 1
-2.0, -7.0, -8.0; 3
-1.0, -7.0, -8.0; 5
0.0, -7.0, -8.0; 5
1.0, -7.0, -8.0; 7
2.0, -7.0, -8.0; 4
-3.0, -6.0, -8.0; 2
-2.0, -6.0, -8.0; 5
-1.0, -6.0, -8.0; 5
0.0, -6.0, -8.0; 1
1.0, -6.0, -8.0; 8
2.0, -6.0, -8.0; 4
-6.0, -5.0, -8.0; 1
-5.0, -5.0, -8.0; 1
-4.0, -5.0, -8.0; 3
-3.0, -5.0, -8.0; 3
-2.0, -5.0, -8.0; 7
-1.0, -5.0, -8.0; 6
1.0, -5.0, -8.0; 3
2.0, -5.0, -8.0; 3
3.0, -5.0, -8.0; 3
4.0, -5.0, -8.0; 2
-5.0, -4.0, -8.0; 4
-4.0, -4.0, -8.0; 5
-3.0, -4.0, -8.0; 1
-2.0, -4.0, -8.0; 3
-1.0, -4.0, -8.0; 2
0.0, -4.0, -8.0; 2
2.0, -4.0, -8.0; 4
3.0, -4.0, -8.0; 4
4.0, -4.0, -8.0; 2
-7.0, -3.0, -8.0; 2
-6.0, -3.0, -8.0; 2
-5.0, -3.0, -8.0; 5
-4.0, -3.0, -8.0; 9
-3.0, -3.0, -8.0; 2
-2.0, -3.0, -8.0; 2
-1.0, -3.0, -8.0; 1
2.0, -3.0, -8.0; 1
3.0, -3.0, -8.0; 6
-7.0, -2.0, -8.0; 1
-6.0, -2.0, -8.0; 1
-5.0, -2.0, -8.0; 4
-4.0, -2.0, -8.0; 9
-3.0, -2.0, -8.0; 7
-1.0, -2.0, -8.0; 1
0.0, -2.0, -8.0; 1
1.0, -2.0, -8.0; 2
2.0, -2.0, -8.0; 5
3.0, -2.0, -8.0; 5
4.0, -2.0, -8.0; 1
-7.0, -1.0, -8.0; 3
-6.0, -1.0, -8.0; 4
-5.0, -1.0, -8.0; 1
-4.0, -1.0, -8.0; 7
-3.0, -1.0, -8.0; 4
-2.0, -1.0, -8.0; 1
-1.0, -1.0, -8.0; 1
0.0, -1.0, -8.0; 1
2.0, -1.0, -8.0; 8
3.0, -1.0, -8.0; 4
4.0, -1.0, -8.0; 1
5.0, -1.0, -8.0; 2
6.0, -1.0, -8.0; 2
-7.0, 0.0, -8.0; 3
-6.0, 0.0, -8.0; 2
-5.0, 0.0, -8.0; 5
-4.0, 0.0, -8.0; 2
-3.0, 0.0, -8.0; 1
-2.0, 0.0, -8.0; 3
-1.0, 0.0, -8.0; 3
0.0, 0.0, -8.0; 2
1.0, 0.0, -8.0; 3
2.0, 0.0, -8.0; 5
3.0, 0.0, -8.0; 2
4.0, 0.0, -8.0; 6
-7.0, 1.0, -8.0; 4
-6.0, 1.0, -8.0; 6
-5.0, 1.0, -8.0; 1
-4.0, 1.0, -8.0; 7
-3.0, 1.0, -8.0; 7
-2.0, 1.0, -8.0; 1
-1.0, 1.0, -8.0; 2
0.0, 1.0, -8.0; 6
1.0, 1.0, -8.0; 3
2.0, 1.0, -8.0; 2
3.0, 1.0, -8.0; 1
4.0, 1.0, -8.0; 2
5.0, 1.0, -8.0; 1
6.0, 1.0, -8.0; 1
-7.0, 2.0, -8.0; 4
-6.0, 2.0, -8.0; 5
-5.0, 2.0, -8.0; 11
-4.0, 2.0, -8.0; 2
-3.0, 2.0, -8.0; 3
-2.0, 2.0, -8.0; 1
-1.0, 2.0, -8.0; 6
0.0, 2.0, -8.0; 2
1.0, 2.0, -8.0; 1
2.0, 2.0, -8.0; 5
3.0, 2.0, -8.0; 6
4.0, 2.0, -8.0; 4
-6.0, 3.0, -8.0; 5
-5.0, 3.0, -8.0; 4
-4.0, 3.0, -8.0; 3
-3.0, 3.0, -8.0; 4
-2.0, 3.0, -8.0; 5
-1.0, 3.0, -8.0; 8
0.0, 3.0, -8.0; 1
1.0, 3.0, -8.0; 4
2.0, 3.0, -8.0; 3
3.0, 3.0, -8.0; 3
4.0, 3.0, -8.0; 1
5.0, 3.0, -8.0; 1
-6.0, 4.0, -8.0; 1
-5.0, 4.0, -8.0; 1
-4.0, 4.0, -8.0; 2
-3.0, 4.0, -8.0; 4
-2.0, 4.0, -8.0; 5
-1.0, 4.0, -8.0; 7
0.0, 4.0, -8.0; 4
1.0, 4.0, -8.0; 2
2.0, 4.0, -8.0; 3
3.0, 4.0, -8.0; 2
4.0, 4.0, -8.0; 2
5.0, 4.0, -8.0; 1
-4.0, 5.0, -8.0; 1
-3.0, 5.0, -8.0; 3
-2.0, 5.0, -8.0; 5
-1.0, 5.0, -8.0; 3
0.0, 5.0, -8.0; 4
1.0, 5.0, -8.0; 4
2.0, 5.0, -8.0; 2
3.0, 5.0, -8.0; 2
-2.0, 6.0, -8.0; 1
-1.0, 6.0, -8.0; 3
0.0, 6.0, -8.0; 1
1.0, 6.0, -8.0; 2
-3.0, -8.0, -7.0; 1
-2.0, -8.0, -7.0; 2
-1.0, -8.0, -7.0; 3
0.0, -8.0, -7.0; 5
-4.0, -7.0, -7.0; 1
-3.0, -7.0, -7.0; 6
-2.0, -7.0, -7.0; 12
-1.0, -7.0, -7.0; 5
0.0, -7.0, -7.0; 9
1.0, -7.0, -7.0; 2
2.0, -7.0, -7.0; 2
3.0, -7.0, -7.0; 2
-6.0, -6.0, -7.0; 1
-5.0, -6.0, -7.0; 2
-4.0, -6.0, -7.0; 8
-3.0, -6.0, -7.0; 17
-2.0, -6.0, -7.0; 15
-1.0, -6.0, -7.0; 14
0.0, -6.0, -7.0; 4
1.0, -6.0, -7.0; 14
2.0, -6.0, -7.0; 1
5.0, -6.0, -7.0; 1
-6.0, -5.0, -7.0; 4
-5.0, -5.0, -7.0; 9
-4.0, -5.0, -7.0; 10
-3.0, -5.0, -7.0; 3
-2.0, -5.0, -7.0; 7
-1.0, -5.0, -7.0; 4
0.0, -5.0, -7.0; 2
2.0, -5.0, -7.0; 3
3.0, -5.0, -7.0; 3
4.0, -5.0, -7.0; 2
-6.0, -4.0, -7.0; 7
-5.0, -4.0, -7.0; 6
-4.0, -4.0, -7.0; 2
-3.0, -4.0, -7.0; 1
-2.0, -4.0, -7.0; 1
-1.0, -4.0, -7.0; 2
0.0, -4.0, -7.0; 1
2.0, -4.0, -7.0; 3
3.0, -4.0, -7.0; 3
4.0, -4.0, -7.0; 1
5.0, -4.0, -7.0; 2
6.0, -4.0, -7.0; 2
-7.0, -3.0, -7.0; 1
-6.0, -3.0, -7.0; 12
-5.0, -3.0, -7.0; 6
-4.0, -3.0, -7.0; 1
-3.0, -3.0, -7.0; 3
-2.0, -3.0, -7.0; 7
0.0, -3.0, -7.0; 1
1.0, -3.0, -7.0; 2
2.0, -3.0, -7.0; 1
3.0, -3.0, -7.0; 4
4.0, -3.0, -7.0; 1
5.0, -3.0, -7.0; 1
6.0, -3.0, -7.0; 1
-8.0, -2.0, -7.0; 2
-7.0, -2.0, -7.0; 3
-6.0, -2.0, -7.0; 13
-5.0, -2.0, -7.0; 15
-4.0, -2.0, -7.0; 3
-3.0, -2.0, -7.0; 4
-2.0, -2.0, -7.0; 6
-1.0, -2.0, -7.0; 6
0.0, -2.0, -7.0; 2
1.0, -2.0, -7.0; 5
2.0, -2.0, -7.0; 4
3.0, -2.0, -7.0; 5
4.0, -2.0, -7.0; 1
6.0, -2.0, -7.0; 1
-8.0, -1.0, -7.0; 2
-7.0, -1.0, -7.0; 2
-6.0, -1.0, -7.0; 2
-5.0, -1.0, -7.0; 11
-4.0, -1.0, -7.0; 3
-3.0, -1.0, -7.0; 1
-2.0, -1.0, -7.0; 1
-1.0, -1.0, -7.0; 1
0.0, -1.0, -7.0; 7
1.0, -1.0, -7.0; 2
3.0, -1.0, -7.0; 13
4.0, -1.0, -7.0; 4
5.0, -1.0, -7.0; 2
6.0, -1.0, -7.0; 3
7.0, -1.0, -7.0; 3
-7.0, 0.0, -7.0; 3
-6.0, 0.0, -7.0; 5
-5.0, 0.0, -7.0; 6
-4.0, 0.0, -7.0; 3
-3.0, 0.0, -7.0; 3
0.0, 0.0, -7.0; 1
1.0, 0.0, -7.0; 9
2.0, 0.0, -7.0; 15
3.0, 0.0, -7.0; 5
4.0, 0.0, -7.0; 3
5.0, 0.0, -7.0; 2
6.0, 0.0, -7.0; 2
7.0, 0.0, -7.0; 2
-8.0, 1.0, -7.0; 3
-7.0, 1.0, -7.0; 6
-6.0, 1.0, -7.0; 7
-5.0, 1.0, -7.0; 1
-4.0, 1.0, -7.0; 5
-3.0, 1.0, -7.0; 1
-2.0, 1.0, -7.0; 1
-1.0, 1.0, -7.0; 2
0.0, 1.0, -7.0; 3
1.0, 1.0, -7.0; 7
2.0, 1.0, -7.0; 11
3.0, 1.0, -7.0; 3
4.0, 1.0, -7.0; 4
5.0, 1.0, -7.0; 3
6.0, 1.0, -7.0; 1
-8.0, 2.0, -7.0; 1
-7.0, 2.0, -7.0; 2
-6.0, 2.0, -7.0; 6
-5.0, 2.0, -7.0; 7
-4.0, 2.0, -7.0; 4
-2.0, 2.0, -7.0; 1
-1.0, 2.0, -7.0; 1
0.0, 2.0, -7.0; 2
1.0, 2.0, -7.0; 5
2.0, 2.0, -7.0; 2
3.0, 2.0, -7.0; 6
4.0, 2.0, -7.0; 1
5.0, 2.0, -7.0; 1
6.0, 2.0, -7.0; 1
7.0, 2.0, -7.0; 2
-7.0, 3.0, -7.0; 4
-6.0, 3.0, -7.0; 2
-5.0, 3.0, -7.0; 5
0.0, 3.0, -7.0; 1
1.0, 3.0, -7.0; 2
2.0, 3.0, -7.0; 5
3.0, 3.0, -7.0; 6
4.0, 3.0, -7.0; 2
5.0, 3.0, -7.0; 1
7.0, 3.0, -7.0; 1
-6.0, 4.0, -7.0; 5
-5.0, 4.0, -7.0; 2
-4.0, 4.0, -7.0; 1
-3.0, 4.0, -7.0; 3
-2.0, 4.0, -7.0; 3
-1.0, 4.0, -7.0; 2
0.0, 4.0, -7.0; 2
1.0, 4.0, -7.0; 1
2.0, 4.0, -7.0; 2
3.0, 4.0, -7.0; 3
6.0, 4.0, -7.0; 2
-7.0, 5.0, -7.0; 1
-5.0, 5.0, -7.0; 5
-4.0, 5.0, -7.0; 6
-3.0, 5.0, -7.0; 1
-1.0, 5.0, -7.0; 3
0.0, 5.0, -7.0; 4
1.0, 5.0, -7.0; 4
2.0, 5.0, -7.0; 3
4.0, 5.0, -7.0; 1
-4.0, 6.0, -7.0; 3
-3.0, 6.0, -7.0; 4
-2.0, 6.0, -7.0; 4
-1.0, 6.0, -7.0; 4
1.0, 6.0, -7.0; 5
2.0, 6.0, -7.0; 2
3.0, 6.0, -7.0; 2
4.0, 6.0, -7.0; 1
-2.0, 7.0, -7.0; 1
-1.0, 7.0, -7.0; 2
0.0, 7.0, -7.0; 1
1.0, 7.0, -7.0; 2
-2.0, -9.0, -6.0; 2
-1.0, -9.0, -6.0; 3
0.0, -9.0, -6.0; 2
1.0, -9.0, -6.0; 1
-5.0, -8.0, -6.0; 1
-4.0, -8.0, -6.0; 3
-3.0, -8.0, -6.0; 7
-2.0, -8.0, -6.0; 72
-1.0, -8.0, -6.0; 58
0.0, -8.0, -6.0; 10
1.0, -8.0, -6.0; 9
2.0, -8.0, -6.0; 6
3.0, -8.0, -6.0; 2
-6.0, -7.0, -6.0; 1
-5.0, -7.0, -6.0; 2
-4.0, -7.0, -6.0; 13
-3.0, -7.0, -6.0; 26
-2.0, -7.0, -6.0; 122
-1.0, -7.0, -6.0; 100
0.0, -7.0, -6.0; 18
1.0, -7.0, -6.0; 10
2.0, -7.0, -6.0; 11
3.0, -7.0, -6.0; 1
4.0, -7.0, -6.0; 1
5.0, -7.0, -6.0; 1
-7.0, -6.0, -6.0; 3
-6.0, -6.0, -6.0; 6
-5.0, -6.0, -6.0; 9
-4.0, -6.0, -6.0; 8
-3.0, -6.0, -6.0; 13
-2.0, -6.0, -6.0; 17
-1.0, -6.0, -6.0; 14
0.0, -6.0, -6.0; 20
1.0, -6.0, -6.0; 11
2.0, -6.0, -6.0; 9
3.0, -6.0, -6.0; 2
4.0, -6.0, -6.0; 4
5.0, -6.0, -6.0; 3
-8.0, -5.0, -6.0; 1
-7.0, -5.0, -6.0; 3
-6.0, -5.0, -6.0; 12
-5.0, -5.0, -6.0; 8
-4.0, -5.0, -6.0; 3
-3.0, -5.0, -6.0; 8
-2.0, -5.0, -6.0; 9
-1.0, -5.0, -6.0; 4
0.0, -5.0, -6.0; 9
1.0, -5.0, -6.0; 5
2.0, -5.0, -6.0; 2
3.0, -5.0, -6.0; 3
4.0, -5.0, -6.0; 1
6.0, -5.0, -6.0; 1
-8.0, -4.0, -6.0; 1
-7.0, -4.0, -6.0; 7
-6.0, -4.0, -6.0; 7
-5.0, -4.0, -6.0; 5
-4.0, -4.0, -6.0; 9
-3.0, -4.0, -6.0; 9
-2.0, -4.0, -6.0; 11
-1.0, -4.0, -6.0; 10
0.0, -4.0, -6.0; 16
1.0, -4.0, -6.0; 7
2.0, -4.0, -6.0; 3
3.0, -4.0, -6.0; 2
4.0, -4.0, -6.0; 3
5.0, -4.0, -6.0; 1
6.0, -4.0, -6.0; 1
7.0, -4.0, -6.0; 1
-8.0, -3.0, -6.0; 3
-7.0, -3.0, -6.0; 7
-6.0, -3.0, -6.0; 7
-4.0, -3.0, -6.0; 14
-3.0, -3.0, -6.0; 2
-2.0, -3.0, -6.0; 8
-1.0, -3.0, -6.0; 24
0.0, -3.0, -6.0; 83
1.0, -3.0, -6.0; 13
2.0, -3.0, -6.0; 6
3.0, -3.0, -6.0; 4
4.0, -3.0, -6.0; 6
5.0, -3.0, -6.0; 2
7.0, -3.0, -6.0; 2
-8.0, -2.0, -6.0; 3
-7.0, -2.0, -6.0; 7
-6.0, -2.0, -6.0; 11
-5.0, -2.0, -6.0; 3
-4.0, -2.0, -6.0; 4
-3.0, -2.0, -6.0; 10
-2.0, -2.0, -6.0; 29
-1.0, -2.0, -6.0; 77
0.0, -2.0, -6.0; 65
1.0, -2.0, -6.0; 25
2.0, -2.0, -6.0; 6
3.0, -2.0, -6.0; 4
4.0, -2.0, -6.0; 7
6.0, -2.0, -6.0; 1
7.0, -2.0, -6.0; 1
8.0, -2.0, -6.0; 1
-8.0, -1.0, -6.0; 3
-7.0, -1.0, -6.0; 6
-6.0, -1.0, -6.0; 6
-5.0, -1.0, -6.0; 5
-3.0, -1.0, -6.0; 10
-2.0, -1.0, -6.0; 53
-1.0, -1.0, -6.0; 34
0.0, -1.0, -6.0; 22
1.0, -1.0, -6.0; 19
2.0, -1.0, -6.0; 6
3.0, -1.0, -6.0; 15
4.0, -1.0, -6.0; 14
5.0, -1.0, -6.0; 1
7.0, -1.0, -6.0; 2
8.0, -1.0, -6.0; 1
-9.0, 0.0, -6.0; 1
-8.0, 0.0, -6.0; 1
-7.0, 0.0, -6.0; 12
-6.0, 0.0, -6.0; 10
-5.0, 0.0, -6.0; 6
-4.0, 0.0, -6.0; 1
-3.0, 0.0, -6.0; 3
-2.0, 0.0, -6.0; 13
-1.0, 0.0, -6.0; 12
0.0, 0.0, -6.0; 8
1.0, 0.0, -6.0; 1
2.0, 0.0, -6.0; 9
3.0, 0.0, -6.0; 17
5.0, 0.0, -6.0; 3
6.0, 0.0, -6.0; 2
-9.0, 1.0, -6.0; 1
-8.0, 1.0, -6.0; 4
-7.0, 1.0, -6.0; 6
-6.0, 1.0, -6.0; 4
-5.0, 1.0, -6.0; 2
-4.0, 1.0, -6.0; 2
-3.0, 1.0, -6.0; 1
-2.0, 1.0, -6.0; 6
-1.0, 1.0, -6.0; 9
0.0, 1.0, -6.0; 3
1.0, 1.0, -6.0; 5
2.0, 1.0, -6.0; 11
3.0, 1.0, -6.0; 9
4.0, 1.0, -6.0; 7
5.0, 1.0, -6.0; 2
7.0, 1.0, -6.0; 4
-8.0, 2.0, -6.0; 3
-7.0, 2.0, -6.0; 4
-6.0, 2.0, -6.0; 3
-5.0, 2.0, -6.0; 10
-4.0, 2.0, -6.0; 10
-3.0, 2.0, -6.0; 5
-2.0, 2.0, -6.0; 8
-1.0, 2.0, -6.0; 17
0.0, 2.0, -6.0; 9
1.0, 2.0, -6.0; 4
2.0, 2.0, -6.0; 7
3.0, 2.0, -6.0; 22
4.0, 2.0, -6.0; 5
5.0, 2.0, -6.0; 3
6.0, 2.0, -6.0; 3
7.0, 2.0, -6.0; 2
-8.0, 3.0, -6.0; 2
-7.0, 3.0, -6.0; 2
-6.0, 3.0, -6.0; 3
-5.0, 3.0, -6.0; 2
-4.0, 3.0, -6.0; 8
-3.0, 3.0, -6.0; 6
-2.0, 3.0, -6.0; 1
-1.0, 3.0, -6.0; 2
0.0, 3.0, -6.0; 4
1.0, 3.0, -6.0; 5
2.0, 3.0, -6.0; 7
3.0, 3.0, -6.0; 11
4.0, 3.0, -6.0; 3
6.0, 3.0, -6.0; 1
-8.0, 4.0, -6.0; 1
-7.0, 4.0, -6.0; 2
-6.0, 4.0, -6.0; 5
-5.0, 4.0, -6.0; 5
-4.0, 4.0, -6.0; 3
-3.0, 4.0, -6.0; 5
-2.0, 4.0, -6.0; 3
-1.0, 4.0, -6.0; 4
0.0, 4.0, -6.0; 5
1.0, 4.0, -6.0; 6
2.0, 4.0, -6.0; 1
3.0, 4.0, -6.0; 4
4.0, 4.0, -6.0; 1
6.0, 4.0, -6.0; 2
7.0, 4.0, -6.0; 1
-7.0, 5.0, -6.0; 1
-6.0, 5.0, -6.0; 1
-5.0, 5.0, -6.0; 3
-4.0, 5.0, -6.0; 5
-3.0, 5.0, -6.0; 6
-2.0, 5.0, -6.0; 1
-1.0, 5.0, -6.0; 1
0.0, 5.0, -6.0; 1
1.0, 5.0, -6.0; 4
2.0, 5.0, -6.0; 3
3.0, 5.0, -6.0; 1
4.0, 5.0, -6.0; 7
5.0, 5.0, -6.0; 2
-6.0, 6.0, -6.0; 1
-5.0, 6.0, -6.0; 4
-3.0, 6.0, -6.0; 3
-2.0, 6.0, -6.0; 6
0.0, 6.0, -6.0; 2
1.0, 6.0, -6.0; 5
2.0, 6.0, -6.0; 5
3.0, 6.0, -6.0; 3
4.0, 6.0, -6.0; 2
5.0, 6.0, -6.0; 1
-4.0, 7.0, -6.0; 1
-3.0, 7.0, -6.0; 3
-2.0, 7.0, -6.0; 6
-1.0, 7.0, -6.0; 3
0.0, 7.0, -6.0; 7
1.0, 7.0, -6.0; 8
2.0, 7.0, -6.0; 2
3.0, 7.0, -6.0; 1
-3.0, 8.0, -6.0; 1
0.0, 8.0, -6.0; 3
1.0, 8.0, -6.0; 2
-3.0, -9.0, -5.0; 2
-2.0, -9.0, -5.0; 6
-1.0, -9.0, -5.0; 10
0.0, -9.0, -5.0; 7
1.0, -9.0, -5.0; 6
3.0, -9.0, -5.0; 2
-6.0, -8.0, -5.0; 1
-5.0, -8.0, -5.0; 4
-4.0, -8.0, -5.0; 2
-3.0, -8.0, -5.0; 15
-2.0, -8.0, -5.0; 230
-1.0, -8.0, -5.0; 395
0.0, -8.0, -5.0; 48
1.0, -8.0, -5.0; 8
2.0, -8.0, -5.0; 9
3.0, -8.0, -5.0; 5
4.0, -8.0, -5.0; 4
-7.0, -7.0, -5.0; 1
-6.0, -7.0, -5.0; 7
-5.0, -7.0, -5.0; 4
-4.0, -7.0, -5.0; 7
-3.0, -7.0, -5.0; 9
-2.0, -7.0, -5.0; 48
-1.0, -7.0, -5.0; 68
0.0, -7.0, -5.0; 41
1.0, -7.0, -5.0; 36
2.0, -7.0, -5.0; 14
3.0, -7.0, -5.0; 8
4.0, -7.0, -5.0; 5
5.0, -7.0, -5.0; 3
-7.0, -6.0, -5.0; 4
-6.0, -6.0, -5.0; 11
-5.0, -6.0, -5.0; 2
-4.0, -6.0, -5.0; 3
-3.0, -6.0, -5.0; 2
-2.0, -6.0, -5.0; 3
-1.0, -6.0, -5.0; 9
0.0, -6.0, -5.0; 44
1.0, -6.0, -5.0; 29
2.0, -6.0, -5.0; 16
3.0, -6.0, -5.0; 3
4.0, -6.0, -5.0; 3
5.0, -6.0, -5.0; 3
-8.0, -5.0, -5.0; 4
-7.0, -5.0, -5.0; 6
-6.0, -5.0, -5.0; 4
-4.0, -5.0, -5.0; 2
-3.0, -5.0, -5.0; 3
-2.0, -5.0, -5.0; 3
-1.0, -5.0, -5.0; 5
0.0, -5.0, -5.0; 36
1.0, -5.0, -5.0; 50
2.0, -5.0, -5.0; 6
3.0, -5.0, -5.0; 4
4.0, -5.0, -5.0; 3
5.0, -5.0, -5.0; 5
6.0, -5.0, -5.0; 1
7.0, -5.0, -5.0; 1
-8.0, -4.0, -5.0; 4
-7.0, -4.0, -5.0; 7
-6.0, -4.0, -5.0; 2
-5.0, -4.0, -5.0; 1
-4.0, -4.0, -5.0; 15
-3.0, -4.0, -5.0; 37
-2.0, -4.0, -5.0; 69
-1.0, -4.0, -5.0; 18
0.0, -4.0, -5.0; 34
1.0, -4.0, -5.0; 148
2.0, -4.0, -5.0; 13
3.0, -4.0, -5.0; 4
4.0, -4.0, -5.0; 3
5.0, -4.0, -5.0; 4
6.0, -4.0, -5.0; 1
8.0, -4.0, -5.0; 1
-9.0, -3.0, -5.0; 2
-8.0, -3.0, -5.0; 5
-7.0, -3.0, -5.0; 4
-6.0, -3.0, -5.0; 3
-5.0, -3.0, -5.0; 9
-4.0, -3.0, -5.0; 42
-3.0, -3.0, -5.0; 700
-2.0, -3.0, -5.0; 603
-1.0, -3.0, -5.0; 8
0.0, -3.0, -5.0; 125
1.0, -3.0, -5.0; 1257
2.0, -3.0, -5.0; 60
3.0, -3.0, -5.0; 5
4.0, -3.0, -5.0; 4
5.0, -3.0, -5.0; 6
6.0, -3.0, -5.0; 2
7.0, -3.0, -5.0; 2
8.0, -3.0, -5.0; 3
-9.0, -2.0, -5.0; 1
-8.0, -2.0, -5.0; 1
-7.0, -2.0, -5.0; 4
-5.0, -2.0, -5.0; 8
-4.0, -2.0, -5.0; 8
-3.0, -2.0, -5.0; 103
-2.0, -2.0, -5.0; 53
-1.0, -2.0, -5.0; 9
0.0, -2.0, -5.0; 44
1.0, -2.0, -5.0; 103
2.0, -2.0, -5.0; 25
3.0, -2.0, -5.0; 1
4.0, -2.0, -5.0; 10
5.0, -2.0, -5.0; 1
6.0, -2.0, -5.0; 3
7.0, -2.0, -5.0; 2
-9.0, -1.0, -5.0; 1
-8.0, -1.0, -5.0; 5
-7.0, -1.0, -5.0; 10
-6.0, -1.0, -5.0; 1
-5.0, -1.0, -5.0; 1
-4.0, -1.0, -5.0; 6
-3.0, -1.0, -5.0; 26
-2.0, -1.0, -5.0; 41
-1.0, -1.0, -5.0; 23
0.0, -1.0, -5.0; 3
1.0, -1.0, -5.0; 2
2.0, -1.0, -5.0; 4
3.0, -1.0, -5.0; 1
4.0, -1.0, -5.0; 24
5.0, -1.0, -5.0; 2
6.0, -1.0, -5.0; 1
7.0, -1.0, -5.0; 1
-9.0, 0.0, -5.0; 3
-8.0, 0.0, -5.0; 1
-7.0, 0.0, -5.0; 10
-6.0, 0.0, -5.0; 2
-4.0, 0.0, -5.0; 13
-3.0, 0.0, -5.0; 18
-2.0, 0.0, -5.0; 14
-1.0, 0.0, -5.0; 12
0.0, 0.0, -5.0; 8
1.0, 0.0, -5.0; 1
3.0, 0.0, -5.0; 4
4.0, 0.0, -5.0; 5
5.0, 0.0, -5.0; 9
6.0, 0.0, -5.0; 6
7.0, 0.0, -5.0; 3
8.0, 0.0, -5.0; 1
-9.0, 1.0, -5.0; 1
-8.0, 1.0, -5.0; 4
-7.0, 1.0, -5.0; 5
-6.0, 1.0, -5.0; 2
-5.0, 1.0, -5.0; 4
-4.0, 1.0, -5.0; 4
-3.0, 1.0, -5.0; 4
-2.0, 1.0, -5.0; 1
-1.0, 1.0, -5.0; 3
0.0, 1.0, -5.0; 7
1.0, 1.0, -5.0; 5
3.0, 1.0, -5.0; 3
5.0, 1.0, -5.0; 1
6.0, 1.0, -5.0; 2
-9.0, 2.0, -5.0; 1
-8.0, 2.0, -5.0; 2
-7.0, 2.0, -5.0; 3
-6.0, 2.0, -5.0; 10
-5.0, 2.0, -5.0; 16
-4.0, 2.0, -5.0; 17
-3.0, 2.0, -5.0; 8
-2.0, 2.0, -5.0; 10
-1.0, 2.0, -5.0; 26
0.0, 2.0, -5.0; 23
1.0, 2.0, -5.0; 6
2.0, 2.0, -5.0; 1
3.0, 2.0, -5.0; 26
4.0, 2.0, -5.0; 15
5.0, 2.0, -5.0; 5
6.0, 2.0, -5.0; 6
7.0, 2.0, -5.0; 3
-9.0, 3.0, -5.0; 1
-8.0, 3.0, -5.0; 4
-7.0, 3.0, -5.0; 4
-6.0, 3.0, -5.0; 6
-5.0, 3.0, -5.0; 10
-4.0, 3.0, -5.0; 7
-3.0, 3.0, -5.0; 7
-2.0, 3.0, -5.0; 11
-1.0, 3.0, -5.0; 52
0.0, 3.0, -5.0; 82
1.0, 3.0, -5.0; 11
2.0, 3.0, -5.0; 4
3.0, 3.0, -5.0; 18
4.0, 3.0, -5.0; 11
5.0, 3.0, -5.0; 2
6.0, 3.0, -5.0; 1
7.0, 3.0, -5.0; 2
8.0, 3.0, -5.0; 1
-8.0, 4.0, -5.0; 1
-7.0, 4.0, -5.0; 3
-6.0, 4.0, -5.0; 5
-5.0, 4.0, -5.0; 6
-4.0, 4.0, -5.0; 4
-3.0, 4.0, -5.0; 9
-2.0, 4.0, -5.0; 17
-1.0, 4.0, -5.0; 25
0.0, 4.0, -5.0; 9
1.0, 4.0, -5.0; 7
2.0, 4.0, -5.0; 6
3.0, 4.0, -5.0; 3
4.0, 4.0, -5.0; 8
5.0, 4.0, -5.0; 6
6.0, 4.0, -5.0; 7
7.0, 4.0, -5.0; 3
-8.0, 5.0, -5.0; 1
-7.0, 5.0, -5.0; 5
-6.0, 5.0, -5.0; 5
-5.0, 5.0, -5.0; 3
-4.0, 5.0, -5.0; 4
-3.0, 5.0, -5.0; 2
-2.0, 5.0, -5.0; 3
-1.0, 5.0, -5.0; 3
0.0, 5.0, -5.0; 6
1.0, 5.0, -5.0; 5
2.0, 5.0, -5.0; 3
3.0, 5.0, -5.0; 4
4.0, 5.0, -5.0; 4
5.0, 5.0, -5.0; 3
6.0, 5.0, -5.0; 5
-6.0, 6.0, -5.0; 5
-5.0, 6.0, -5.0; 5
-4.0, 6.0, -5.0; 9
-3.0, 6.0, -5.0; 13
-2.0, 6.0, -5.0; 8
-1.0, 6.0, -5.0; 6
0.0, 6.0, -5.0; 3
1.0, 6.0, -5.0; 4
2.0, 6.0, -5.0; 8
3.0, 6.0, -5.0; 5
4.0, 6.0, -5.0; 11
5.0, 6.0, -5.0; 2
-5.0, 7.0, -5.0; 1
-4.0, 7.0, -5.0; 3
-3.0, 7.0, -5.0; 3
-1.0, 7.0, -5.0; 3
0.0, 7.0, -5.0; 2
1.0, 7.0, -5.0; 5
2.0, 7.0, -5.0; 11
3.0, 7.0, -5.0; 1
4.0, 7.0, -5.0; 1
-3.0, 8.0, -5.0; 1
-2.0, 8.0, -5.0; 4
-1.0, 8.0, -5.0; 8
0.0, 8.0, -5.0; 8
1.0, 8.0, -5.0; 15
2.0, 8.0, -5.0; 5
-2.0, -10.0, -4.0; 4
-1.0, -10.0, -4.0; 9
0.0, -10.0, -4.0; 1
1.0, -10.0, -4.0; 2
2.0, -10.0, -4.0; 1
-5.0, -9.0, -4.0; 1
-4.0, -9.0, -4.0; 3
-3.0, -9.0, -4.0; 9
-2.0, -9.0, -4.0; 12
-1.0, -9.0, -4.0; 11
0.0, -9.0, -4.0; 14
1.0, -9.0, -4.0; 10
2.0, -9.0, -4.0; 13
3.0, -9.0, -4.0; 5
-7.0, -8.0, -4.0; 1
-6.0, -8.0, -4.0; 1
-4.0, -8.0, -4.0; 2
-3.0, -8.0, -4.0; 8
-2.0, -8.0, -4.0; 23
-1.0, -8.0, -4.0; 61
0.0, -8.0, -4.0; 35
1.0, -8.0, -4.0; 13
2.0, -8.0, -4.0; 11
3.0, -8.0, -4.0; 7
4.0, -8.0, -4.0; 4
-7.0, -7.0, -4.0; 2
-6.0, -7.0, -4.0; 4
-5.0, -7.0, -4.0; 6
-4.0, -7.0, -4.0; 1
-2.0, -7.0, -4.0; 1
-1.0, -7.0, -4.0; 7
0.0, -7.0, -4.0; 54
1.0, -7.0, -4.0; 50
2.0, -7.0, -4.0; 28
3.0, -7.0, -4.0; 9
4.0, -7.0, -4.0; 5
5.0, -7.0, -4.0; 11
6.0, -7.0, -4.0; 1
-8.0, -6.0, -4.0; 1
-7.0, -6.0, -4.0; 10
-5.0, -6.0, -4.0; 1
-3.0, -6.0, -4.0; 1
-2.0, -6.0, -4.0; 2
-1.0, -6.0, -4.0; 13
0.0, -6.0, -4.0; 68
1.0, -6.0, -4.0; 174
2.0, -6.0, -4.0; 20
3.0, -6.0, -4.0; 6
4.0, -6.0, -4.0; 6
5.0, -6.0, -4.0; 4
6.0, -6.0, -4.0; 6
-9.0, -5.0, -4.0; 2
-8.0, -5.0, -4.0; 10
-7.0, -5.0, -4.0; 7
-6.0, -5.0, -4.0; 4
-4.0, -5.0, -4.0; 1
-3.0, -5.0, -4.0; 3
-2.0, -5.0, -4.0; 14
-1.0, -5.0, -4.0; 35
0.0, -5.0, -4.0; 15
1.0, -5.0, -4.0; 113
2.0, -5.0, -4.0; 43
3.0, -5.0, -4.0; 3
5.0, -5.0, -4.0; 2
6.0, -5.0, -4.0; 4
7.0, -5.0, -4.0; 1
-9.0, -4.0, -4.0; 2
-8.0, -4.0, -4.0; 11
-7.0, -4.0, -4.0; 4
-5.0, -4.0, -4.0; 9
-4.0, -4.0, -4.0; 51
-3.0, -4.0, -4.0; 16
-2.0, -4.0, -4.0; 8
-1.0, -4.0, -4.0; 7
0.0, -4.0, -4.0; 1
1.0, -4.0, -4.0; 42
2.0, -4.0, -4.0; 64
3.0, -4.0, -4.0; 5
4.0, -4.0, -4.0; 3
5.0, -4.0, -4.0; 4
6.0, -4.0, -4.0; 3
7.0, -4.0, -4.0; 1
8.0, -4.0, -4.0; 1
-9.0, -3.0, -4.0; 5
-8.0, -3.0, -4.0; 6
-7.0, -3.0, -4.0; 2
-6.0, -3.0, -4.0; 4
-5.0, -3.0, -4.0; 31
-4.0, -3.0, -4.0; 105
-3.0, -3.0, -4.0; 32
-2.0, -3.0, -4.0; 2
-1.0, -3.0, -4.0; 1
0.0, -3.0, -4.0; 1
1.0, -3.0, -4.0; 434
2.0, -3.0, -4.0; 205
3.0, -3.0, -4.0; 4
4.0, -3.0, -4.0; 3
5.0, -3.0, -4.0; 4
6.0, -3.0, -4.0; 2
7.0, -3.0, -4.0; 2
-9.0, -2.0, -4.0; 2
-8.0, -2.0, -4.0; 4
-7.0, -2.0, -4.0; 5
-6.0, -2.0, -4.0; 1
-5.0, -2.0, -4.0; 11
-4.0, -2.0, -4.0; 16
-3.0, -2.0, -4.0; 4
1.0, -2.0, -4.0; 5
2.0, -2.0, -4.0; 16
3.0, -2.0, -4.0; 2
4.0, -2.0, -4.0; 4
5.0, -2.0, -4.0; 11
6.0, -2.0, -4.0; 2
7.0, -2.0, -4.0; 2
8.0, -2.0, -4.0; 1
-9.0, -1.0, -4.0; 2
-8.0, -1.0, -4.0; 4
-7.0, -1.0, -4.0; 10
-4.0, -1.0, -4.0; 2
-3.0, -1.0, -4.0; 2
4.0, -1.0, -4.0; 12
5.0, -1.0, -4.0; 3
6.0, -1.0, -4.0; 7
7.0, -1.0, -4.0; 2
8.0, -1.0, -4.0; 3
9.0, -1.0, -4.0; 1
-9.0, 0.0, -4.0; 3
-8.0, 0.0, -4.0; 2
-7.0, 0.0, -4.0; 5
-6.0, 0.0, -4.0; 1
-5.0, 0.0, -4.0; 4
-4.0, 0.0, -4.0; 2
4.0, 0.0, -4.0; 4
5.0, 0.0, -4.0; 5
6.0, 0.0, -4.0; 6
7.0, 0.0, -4.0; 1
-9.0, 1.0, -4.0; 2
-8.0, 1.0, -4.0; 2
-6.0, 1.0, -4.0; 12
-5.0, 1.0, -4.0; 9
-4.0, 1.0, -4.0; 7
-2.0, 1.0, -4.0; 1
3.0, 1.0, -4.0; 1
4.0, 1.0, -4.0; 6
5.0, 1.0, -4.0; 3
6.0, 1.0, -4.0; 3
7.0, 1.0, -4.0; 1
-9.0, 2.0, -4.0; 1
-8.0, 2.0, -4.0; 4
-7.0, 2.0, -4.0; 2
-6.0, 2.0, -4.0; 16
-5.0, 2.0, -4.0; 9
-4.0, 2.0, -4.0; 7
1.0, 2.0, -4.0; 1
2.0, 2.0, -4.0; 1
3.0, 2.0, -4.0; 4
4.0, 2.0, -4.0; 16
5.0, 2.0, -4.0; 12
6.0, 2.0, -4.0; 4
7.0, 2.0, -4.0; 2
-9.0, 3.0, -4.0; 5
-8.0, 3.0, -4.0; 8
-7.0, 3.0, -4.0; 3
-6.0, 3.0, -4.0; 8
-5.0, 3.0, -4.0; 5
-4.0, 3.0, -4.0; 4
-3.0, 3.0, -4.0; 1
-1.0, 3.0, -4.0; 2
0.0, 3.0, -4.0; 28
1.0, 3.0, -4.0; 18
2.0, 3.0, -4.0; 6
3.0, 3.0, -4.0; 9
4.0, 3.0, -4.0; 36
5.0, 3.0, -4.0; 11
6.0, 3.0, -4.0; 2
7.0, 3.0, -4.0; 2
8.0, 3.0, -4.0; 2
-9.0, 4.0, -4.0; 2
-8.0, 4.0, -4.0; 3
-7.0, 4.0, -4.0; 4
-6.0, 4.0, -4.0; 4
-5.0, 4.0, -4.0; 1
-4.0, 4.0, -4.0; 3
-3.0, 4.0, -4.0; 8
-2.0, 4.0, -4.0; 21
-1.0, 4.0, -4.0; 22
0.0, 4.0, -4.0; 80
1.0, 4.0, -4.0; 55
2.0, 4.0, -4.0; 8
3.0, 4.0, -4.0; 10
4.0, 4.0, -4.0; 22
5.0, 4.0, -4.0; 11
6.0, 4.0, -4.0; 2
7.0, 4.0, -4.0; 4
8.0, 4.0, -4.0; 1
-8.0, 5.0, -4.0; 3
-7.0, 5.0, -4.0; 1
-6.0, 5.0, -4.0; 6
-5.0, 5.0, -4.0; 7
-2.0, 5.0, -4.0; 44
-1.0, 5.0, -4.0; 139
0.0, 5.0, -4.0; 99
1.0, 5.0, -4.0; 22
2.0, 5.0, -4.0; 6
3.0, 5.0, -4.0; 1
4.0, 5.0, -4.0; 2
5.0, 5.0, -4.0; 3
6.0, 5.0, -4.0; 8
7.0, 5.0, -4.0; 3
-7.0, 6.0, -4.0; 8
-6.0, 6.0, -4.0; 3
-5.0, 6.0, -4.0; 6
-4.0, 6.0, -4.0; 4
-3.0, 6.0, -4.0; 1
-1.0, 6.0, -4.0; 15
0.0, 6.0, -4.0; 17
1.0, 6.0, -4.0; 3
2.0, 6.0, -4.0; 5
3.0, 6.0, -4.0; 8
4.0, 6.0, -4.0; 5
5.0, 6.0, -4.0; 5
6.0, 6.0, -4.0; 4
-6.0, 7.0, -4.0; 1
-5.0, 7.0, -4.0; 4
-4.0, 7.0, -4.0; 2
-3.0, 7.0, -4.0; 4
-2.0, 7.0, -4.0; 2
-1.0, 7.0, -4.0; 2
0.0, 7.0, -4.0; 3
1.0, 7.0, -4.0; 5
2.0, 7.0, -4.0; 10
3.0, 7.0, -4.0; 5
4.0, 7.0, -4.0; 2
5.0, 7.0, -4.0; 1
6.0, 7.0, -4.0; 1
-4.0, 8.0, -4.0; 3
-3.0, 8.0, -4.0; 3
-2.0, 8.0, -4.0; 7
-1.0, 8.0, -4.0; 5
0.0, 8.0, -4.0; 3
1.0, 8.0, -4.0; 12
2.0, 8.0, -4.0; 17
3.0, 8.0, -4.0; 2
-2.0, 9.0, -4.0; 3
-1.0, 9.0, -4.0; 6
0.0, 9.0, -4.0; 8
1.0, 9.0, -4.0; 3
2.0, 9.0, -4.0; 1
-4.0, -10.0, -3.0; 1
-3.0, -10.0, -3.0; 20
-2.0, -10.0, -3.0; 42
-1.0, -10.0, -3.0; 43
0.0, -10.0, -3.0; 28
1.0, -10.0, -3.0; 21
2.0, -10.0, -3.0; 7
-5.0, -9.0, -3.0; 3
-4.0, -9.0, -3.0; 11
-3.0, -9.0, -3.0; 8
-2.0, -9.0, -3.0; 14
-1.0, -9.0, -3.0; 11
0.0, -9.0, -3.0; 7
1.0, -9.0, -3.0; 14
2.0, -9.0, -3.0; 9
3.0, -9.0, -3.0; 9
4.0, -9.0, -3.0; 4
-6.0, -8.0, -3.0; 6
-5.0, -8.0, -3.0; 3
-4.0, -8.0, -3.0; 4
-3.0, -8.0, -3.0; 3
-2.0, -8.0, -3.0; 6
-1.0, -8.0, -3.0; 9
0.0, -8.0, -3.0; 19
1.0, -8.0, -3.0; 10
2.0, -8.0, -3.0; 7
3.0, -8.0, -3.0; 10
4.0, -8.0, -3.0; 14
5.0, -8.0, -3.0; 1
-7.0, -7.0, -3.0; 2
-6.0, -7.0, -3.0; 2
-5.0, -7.0, -3.0; 2
-1.0, -7.0, -3.0; 1
0.0, -7.0, -3.0; 79
1.0, -7.0, -3.0; 45
2.0, -7.0, -3.0; 6
3.0, -7.0, -3.0; 2
4.0, -7.0, -3.0; 9
5.0, -7.0, -3.0; 5
6.0, -7.0, -3.0; 2
-8.0, -6.0, -3.0; 12
-6.0, -6.0, -3.0; 1
-2.0, -6.0, -3.0; 7
-1.0, -6.0, -3.0; 26
0.0, -6.0, -3.0; 146
1.0, -6.0, -3.0; 864
2.0, -6.0, -3.0; 61
3.0, -6.0, -3.0; 4
4.0, -6.0, -3.0; 9
5.0, -6.0, -3.0; 8
6.0, -6.0, -3.0; 4
7.0, -6.0, -3.0; 1
-9.0, -5.0, -3.0; 4
-8.0, -5.0, -3.0; 12
-7.0, -5.0, -3.0; 1
-6.0, -5.0, -3.0; 1
-4.0, -5.0, -3.0; 1
-1.0, -5.0, -3.0; 4
0.0, -5.0, -3.0; 13
1.0, -5.0, -3.0; 26
2.0, -5.0, -3.0; 47
3.0, -5.0, -3.0; 4
4.0, -5.0, -3.0; 10
5.0, -5.0, -3.0; 4
7.0, -5.0, -3.0; 2
8.0, -5.0, -3.0; 2
-9.0, -4.0, -3.0; 6
-8.0, -4.0, -3.0; 6
-6.0, -4.0, -3.0; 1
-5.0, -4.0, -3.0; 19
-3.0, -4.0, -3.0; 1
1.0, -4.0, -3.0; 1
2.0, -4.0, -3.0; 18
3.0, -4.0, -3.0; 13
4.0, -4.0, -3.0; 2
5.0, -4.0, -3.0; 3
6.0, -4.0, -3.0; 3
7.0, -4.0, -3.0; 3
-9.0, -3.0, -3.0; 6
-8.0, -3.0, -3.0; 2
-7.0, -3.0, -3.0; 1
-6.0, -3.0, -3.0; 5
-5.0, -3.0, -3.0; 83
-4.0, -3.0, -3.0; 1
-3.0, -3.0, -3.0; 2
2.0, -3.0, -3.0; 2
3.0, -3.0, -3.0; 4
4.0, -3.0, -3.0; 1
5.0, -3.0, -3.0; 5
7.0, -3.0, -3.0; 1
8.0, -3.0, -3.0; 1
9.0, -3.0, -3.0; 1
-10.0, -2.0, -3.0; 1
-9.0, -2.0, -3.0; 3
-8.0, -2.0, -3.0; 6
-7.0, -2.0, -3.0; 3
-6.0, -2.0, -3.0; 6
-5.0, -2.0, -3.0; 17
-4.0, -2.0, -3.0; 2
-3.0, -2.0, -3.0; 1
4.0, -2.0, -3.0; 4
5.0, -2.0, -3.0; 6
6.0, -2.0, -3.0; 3
7.0, -2.0, -3.0; 3
9.0, -2.0, -3.0; 1
-10.0, -1.0, -3.0; 1
-9.0, -1.0, -3.0; 5
-8.0, -1.0, -3.0; 3
-6.0, -1.0, -3.0; 1
5.0, -1.0, -3.0; 3
6.0, -1.0, -3.0; 3
7.0, -1.0, -3.0; 1
-9.0, 0.0, -3.0; 3
-8.0, 0.0, -3.0; 5
-6.0, 0.0, -3.0; 4
-5.0, 0.0, -3.0; 3
4.0, 0.0, -3.0; 1
5.0, 0.0, -3.0; 1
6.0, 0.0, -3.0; 5
7.0, 0.0, -3.0; 1
8.0, 0.0, -3.0; 1
-10.0, 1.0, -3.0; 2
-9.0, 1.0, -3.0; 2
-8.0, 1.0, -3.0; 3
-7.0, 1.0, -3.0; 2
-6.0, 1.0, -3.0; 26
-5.0, 1.0, -3.0; 10
3.0, 1.0, -3.0; 1
4.0, 1.0, -3.0; 2
5.0, 1.0, -3.0; 3
6.0, 1.0, -3.0; 5
7.0, 1.0, -3.0; 4
8.0, 1.0, -3.0; 1
9.0, 1.0, -3.0; 1
-9.0, 2.0, -3.0; 1
-8.0, 2.0, -3.0; 5
-7.0, 2.0, -3.0; 7
-6.0, 2.0, -3.0; 10
-5.0, 2.0, -3.0; 11
3.0, 2.0, -3.0; 1
4.0, 2.0, -3.0; 4
5.0, 2.0, -3.0; 6
6.0, 2.0, -3.0; 2
7.0, 2.0, -3.0; 3
8.0, 2.0, -3.0; 1
-9.0, 3.0, -3.0; 5
-8.0, 3.0, -3.0; 3
-7.0, 3.0, -3.0; 5
-6.0, 3.0, -3.0; 4
-5.0, 3.0, -3.0; 1
-4.0, 3.0, -3.0; 1
2.0, 3.0, -3.0; 7
3.0, 3.0, -3.0; 4
4.0, 3.0, -3.0; 21
5.0, 3.0, -3.0; 22
6.0, 3.0, -3.0; 3
7.0, 3.0, -3.0; 1
8.0, 3.0, -3.0; 1
-9.0, 4.0, -3.0; 2
-8.0, 4.0, -3.0; 4
-7.0, 4.0, -3.0; 3
-6.0, 4.0, -3.0; 2
-5.0, 4.0, -3.0; 2
0.0, 4.0, -3.0; 12
1.0, 4.0, -3.0; 64
2.0, 4.0, -3.0; 24
3.0, 4.0, -3.0; 8
4.0, 4.0, -3.0; 19
5.0, 4.0, -3.0; 17
6.0, 4.0, -3.0; 2
7.0, 4.0, -3.0; 3
-8.0, 5.0, -3.0; 5
-7.0, 5.0, -3.0; 6
-6.0, 5.0, -3.0; 5
-2.0, 5.0, -3.0; 16
-1.0, 5.0, -3.0; 78
0.0, 5.0, -3.0; 206
1.0, 5.0, -3.0; 210
2.0, 5.0, -3.0; 20
3.0, 5.0, -3.0; 11
4.0, 5.0, -3.0; 9
5.0, 5.0, -3.0; 12
6.0, 5.0, -3.0; 3
7.0, 5.0, -3.0; 2
8.0, 5.0, -3.0; 1
-8.0, 6.0, -3.0; 3
-7.0, 6.0, -3.0; 7
-6.0, 6.0, -3.0; 5
-5.0, 6.0, -3.0; 8
-2.0, 6.0, -3.0; 9
-1.0, 6.0, -3.0; 100
0.0, 6.0, -3.0; 270
1.0, 6.0, -3.0; 56
2.0, 6.0, -3.0; 3
3.0, 6.0, -3.0; 5
4.0, 6.0, -3.0; 10
5.0, 6.0, -3.0; 1
6.0, 6.0, -3.0; 4
7.0, 6.0, -3.0; 1
-7.0, 7.0, -3.0; 1
-6.0, 7.0, -3.0; 7
-5.0, 7.0, -3.0; 7
-4.0, 7.0, -3.0; 1
-3.0, 7.0, -3.0; 4
-2.0, 7.0, -3.0; 3
-1.0, 7.0, -3.0; 2
0.0, 7.0, -3.0; 3
1.0, 7.0, -3.0; 5
2.0, 7.0, -3.0; 7
3.0, 7.0, -3.0; 10
4.0, 7.0, -3.0; 3
5.0, 7.0, -3.0; 3
6.0, 7.0, -3.0; 1
-5.0, 8.0, -3.0; 1
-4.0, 8.0, -3.0; 2
-3.0, 8.0, -3.0; 4
-2.0, 8.0, -3.0; 17
-1.0, 8.0, -3.0; 8
0.0, 8.0, -3.0; 14
1.0, 8.0, -3.0; 20
2.0, 8.0, -3.0; 15
3.0, 8.0, -3.0; 6
4.0, 8.0, -3.0; 3
-4.0, 9.0, -3.0; 1
-3.0, 9.0, -3.0; 1
-2.0, 9.0, -3.0; 3
-1.0, 9.0, -3.0; 18
0.0, 9.0, -3.0; 13
1.0, 9.0, -3.0; 20
2.0, 9.0, -3.0; 9
-4.0, -10.0, -2.0; 23
-3.0, -10.0, -2.0; 82
-2.0, -10.0, -2.0; 102
-1.0, -10.0, -2.0; 69
0.0, -10.0, -2.0; 37
1.0, -10.0, -2.0; 22
2.0, -10.0, -2.0; 12
3.0, -10.0, -2.0; 2
-6.0, -9.0, -2.0; 1
-5.0, -9.0, -2.0; 10
-4.0, -9.0, -2.0; 14
-3.0, -9.0, -2.0; 8
-2.0, -9.0, -2.0; 8
-1.0, -9.0, -2.0; 3
0.0, -9.0, -2.0; 5
1.0, -9.0, -2.0; 17
2.0, -9.0, -2.0; 14
3.0, -9.0, -2.0; 10
4.0, -9.0, -2.0; 1
-7.0, -8.0, -2.0; 3
-6.0, -8.0, -2.0; 6
-4.0, -8.0, -2.0; 1
-2.0, -8.0, -2.0; 3
-1.0, -8.0, -2.0; 5
0.0, -8.0, -2.0; 16
1.0, -8.0, -2.0; 7
2.0, -8.0, -2.0; 4
3.0, -8.0, -2.0; 5
4.0, -8.0, -2.0; 3
5.0, -8.0, -2.0; 4
6.0, -8.0, -2.0; 1
-8.0, -7.0, -2.0; 4
-7.0, -7.0, -2.0; 5
-6.0, -7.0, -2.0; 3
-2.0, -7.0, -2.0; 1
-1.0, -7.0, -2.0; 22
0.0, -7.0, -2.0; 140
1.0, -7.0, -2.0; 71
2.0, -7.0, -2.0; 2
3.0, -7.0, -2.0; 4
4.0, -7.0, -2.0; 3
5.0, -7.0, -2.0; 10
6.0, -7.0, -2.0; 3
7.0, -7.0, -2.0; 2
-9.0, -6.0, -2.0; 1
-8.0, -6.0, -2.0; 9
-7.0, -6.0, -2.0; 4
-6.0, -6.0, -2.0; 1
-3.0, -6.0, -2.0; 1
-1.0, -6.0, -2.0; 15
0.0, -6.0, -2.0; 41
1.0, -6.0, -2.0; 377
2.0, -6.0, -2.0; 56
3.0, -6.0, -2.0; 1
4.0, -6.0, -2.0; 7
5.0, -6.0, -2.0; 3
6.0, -6.0, -2.0; 2
7.0, -6.0, -2.0; 2
-9.0, -5.0, -2.0; 7
-8.0, -5.0, -2.0; 7
-7.0, -5.0, -2.0; 2
-6.0, -5.0, -2.0; 2
-5.0, -5.0, -2.0; 2
0.0, -5.0, -2.0; 4
1.0, -5.0, -2.0; 2
2.0, -5.0, -2.0; 29
3.0, -5.0, -2.0; 3
4.0, -5.0, -2.0; 2
5.0, -5.0, -2.0; 2
6.0, -5.0, -2.0; 1
7.0, -5.0, -2.0; 1
8.0, -5.0, -2.0; 1
-9.0, -4.0, -2.0; 10
-8.0, -4.0, -2.0; 8
-7.0, -4.0, -2.0; 4
-6.0, -4.0, -2.0; 2
-5.0, -4.0, -2.0; 12
-4.0, -4.0, -2.0; 1
2.0, -4.0, -2.0; 10
3.0, -4.0, -2.0; 8
4.0, -4.0, -2.0; 2
5.0, -4.0, -2.0; 7
6.0, -4.0, -2.0; 6
7.0, -4.0, -2.0; 2
8.0, -4.0, -2.0; 4
-10.0, -3.0, -2.0; 4
-9.0, -3.0, -2.0; 6
-8.0, -3.0, -2.0; 2
-7.0, -3.0, -2.0; 1
-6.0, -3.0, -2.0; 26
-5.0, -3.0, -2.0; 54
3.0, -3.0, -2.0; 1
5.0, -3.0, -2.0; 5
6.0, -3.0, -2.0; 3
7.0, -3.0, -2.0; 4
8.0, -3.0, -2.0; 1
-10.0, -2.0, -2.0; 2
-9.0, -2.0, -2.0; 1
-8.0, -2.0, -2.0; 1
-7.0, -2.0, -2.0; 4
-6.0, -2.0, -2.0; 5
-5.0, -2.0, -2.0; 8
5.0, -2.0, -2.0; 3
6.0, -2.0, -2.0; 4
7.0, -2.0, -2.0; 2
-10.0, -1.0, -2.0; 1
-9.0, -1.0, -2.0; 4
-8.0, -1.0, -2.0; 1
-5.0, -1.0, -2.0; 2
5.0, -1.0, -2.0; 7
-10.0, 0.0, -2.0; 1
-9.0, 0.0, -2.0; 5
-8.0, 0.0, -2.0; 6
-7.0, 0.0, -2.0; 2
-6.0, 0.0, -2.0; 5
-5.0, 0.0, -2.0; 1
5.0, 0.0, -2.0; 3
6.0, 0.0, -2.0; 1
7.0, 0.0, -2.0; 3
8.0, 0.0, -2.0; 1
-10.0, 1.0, -2.0; 1
-9.0, 1.0, -2.0; 5
-8.0, 1.0, -2.0; 1
-7.0, 1.0, -2.0; 4
-6.0, 1.0, -2.0; 352
-5.0, 1.0, -2.0; 33
5.0, 1.0, -2.0; 1
6.0, 1.0, -2.0; 2
7.0, 1.0, -2.0; 3
8.0, 1.0, -2.0; 3
-10.0, 2.0, -2.0; 2
-9.0, 2.0, -2.0; 1
-8.0, 2.0, -2.0; 1
-7.0, 2.0, -2.0; 5
-6.0, 2.0, -2.0; 60
-5.0, 2.0, -2.0; 32
4.0, 2.0, -2.0; 3
5.0, 2.0, -2.0; 9
6.0, 2.0, -2.0; 5
9.0, 2.0, -2.0; 1
-9.0, 3.0, -2.0; 6
-8.0, 3.0, -2.0; 2
-7.0, 3.0, -2.0; 4
-6.0, 3.0, -2.0; 9
-5.0, 3.0, -2.0; 3
-3.0, 3.0, -2.0; 1
3.0, 3.0, -2.0; 2
4.0, 3.0, -2.0; 9
5.0, 3.0, -2.0; 27
6.0, 3.0, -2.0; 6
7.0, 3.0, -2.0; 1
8.0, 3.0, -2.0; 2
-9.0, 4.0, -2.0; 8
-8.0, 4.0, -2.0; 4
-7.0, 4.0, -2.0; 1
-6.0, 4.0, -2.0; 1
-5.0, 4.0, -2.0; 8
0.0, 4.0, -2.0; 1
1.0, 4.0, -2.0; 14
2.0, 4.0, -2.0; 29
3.0, 4.0, -2.0; 4
4.0, 4.0, -2.0; 30
5.0, 4.0, -2.0; 34
6.0, 4.0, -2.0; 6
-9.0, 5.0, -2.0; 2
-8.0, 5.0, -2.0; 6
-7.0, 5.0, -2.0; 3
-6.0, 5.0, -2.0; 1
-5.0, 5.0, -2.0; 2
-4.0, 5.0, -2.0; 1
-3.0, 5.0, -2.0; 1
-2.0, 5.0, -2.0; 1
-1.0, 5.0, -2.0; 12
0.0, 5.0, -2.0; 99
1.0, 5.0, -2.0; 183
2.0, 5.0, -2.0; 58
3.0, 5.0, -2.0; 18
4.0, 5.0, -2.0; 17
5.0, 5.0, -2.0; 17
6.0, 5.0, -2.0; 4
7.0, 5.0, -2.0; 3
-8.0, 6.0, -2.0; 4
-7.0, 6.0, -2.0; 16
-6.0, 6.0, -2.0; 15
-5.0, 6.0, -2.0; 5
-4.0, 6.0, -2.0; 2
-3.0, 6.0, -2.0; 4
-2.0, 6.0, -2.0; 30
-1.0, 6.0, -2.0; 110
0.0, 6.0, -2.0; 355
1.0, 6.0, -2.0; 275
2.0, 6.0, -2.0; 13
3.0, 6.0, -2.0; 10
4.0, 6.0, -2.0; 7
5.0, 6.0, -2.0; 7
6.0, 6.0, -2.0; 1
7.0, 6.0, -2.0; 1
-6.0, 7.0, -2.0; 10
-5.0, 7.0, -2.0; 30
-4.0, 7.0, -2.0; 11
-3.0, 7.0, -2.0; 7
-2.0, 7.0, -2.0; 5
-1.0, 7.0, -2.0; 8
0.0, 7.0, -2.0; 10
1.0, 7.0, -2.0; 4
2.0, 7.0, -2.0; 3
3.0, 7.0, -2.0; 8
4.0, 7.0, -2.0; 10
5.0, 7.0, -2.0; 2
6.0, 7.0, -2.0; 2
-5.0, 8.0, -2.0; 1
-4.0, 8.0, -2.0; 8
-3.0, 8.0, -2.0; 15
-2.0, 8.0, -2.0; 10
-1.0, 8.0, -2.0; 9
0.0, 8.0, -2.0; 9
1.0, 8.0, -2.0; 20
2.0, 8.0, -2.0; 13
3.0, 8.0, -2.0; 17
4.0, 8.0, -2.0; 4
-4.0, 9.0, -2.0; 2
-3.0, 9.0, -2.0; 3
-2.0, 9.0, -2.0; 13
-1.0, 9.0, -2.0; 20
0.0, 9.0, -2.0; 23
1.0, 9.0, -2.0; 39
2.0, 9.0, -2.0; 28
3.0, 9.0, -2.0; 2
-5.0, -10.0, -1.0; 3
-4.0, -10.0, -1.0; 46
-3.0, -10.0, -1.0; 105
-2.0, -10.0, -1.0; 82
-1.0, -10.0, -1.0; 57
0.0, -10.0, -1.0; 32
1.0, -10.0, -1.0; 21
2.0, -10.0, -1.0; 5
3.0, -10.0, -1.0; 3
-6.0, -9.0, -1.0; 6
-5.0, -9.0, -1.0; 18
-4.0, -9.0, -1.0; 7
-3.0, -9.0, -1.0; 6
-2.0, -9.0, -1.0; 10
-1.0, -9.0, -1.0; 3
0.0, -9.0, -1.0; 13
1.0, -9.0, -1.0; 19
2.0, -9.0, -1.0; 10
3.0, -9.0, -1.0; 3
4.0, -9.0, -1.0; 5
5.0, -9.0, -1.0; 1
-8.0, -8.0, -1.0; 1
-7.0, -8.0, -1.0; 8
-6.0, -8.0, -1.0; 3
-5.0, -8.0, -1.0; 2
-4.0, -8.0, -1.0; 1
-2.0, -8.0, -1.0; 6
-1.0, -8.0, -1.0; 51
0.0, -8.0, -1.0; 17
1.0, -8.0, -1.0; 6
2.0, -8.0, -1.0; 5
3.0, -8.0, -1.0; 5
4.0, -8.0, -1.0; 5
5.0, -8.0, -1.0; 6
6.0, -8.0, -1.0; 2
-8.0, -7.0, -1.0; 3
-7.0, -7.0, -1.0; 14
-6.0, -7.0, -1.0; 1
-5.0, -7.0, -1.0; 1
-3.0, -7.0, -1.0; 1
-2.0, -7.0, -1.0; 31
-1.0, -7.0, -1.0; 159
0.0, -7.0, -1.0; 210
1.0, -7.0, -1.0; 111
2.0, -7.0, -1.0; 6
3.0, -7.0, -1.0; 13
4.0, -7.0, -1.0; 7
5.0, -7.0, -1.0; 4
6.0, -7.0, -1.0; 3
7.0, -7.0, -1.0; 2
-9.0, -6.0, -1.0; 1
-8.0, -6.0, -1.0; 5
-7.0, -6.0, -1.0; 1
-5.0, -6.0, -1.0; 1
-2.0, -6.0, -1.0; 3
-1.0, -6.0, -1.0; 24
0.0, -6.0, -1.0; 19
1.0, -6.0, -1.0; 28
2.0, -6.0, -1.0; 10
3.0, -6.0, -1.0; 10
4.0, -6.0, -1.0; 8
5.0, -6.0, -1.0; 3
6.0, -6.0, -1.0; 1
7.0, -6.0, -1.0; 2
-9.0, -5.0, -1.0; 7
-8.0, -5.0, -1.0; 5
-7.0, -5.0, -1.0; 1
-6.0, -5.0, -1.0; 3
-5.0, -5.0, -1.0; 1
-1.0, -5.0, -1.0; 1
0.0, -5.0, -1.0; 3
2.0, -5.0, -1.0; 12
3.0, -5.0, -1.0; 7
4.0, -5.0, -1.0; 7
5.0, -5.0, -1.0; 5
6.0, -5.0, -1.0; 6
7.0, -5.0, -1.0; 2
8.0, -5.0, -1.0; 1
-9.0, -4.0, -1.0; 8
-8.0, -4.0, -1.0; 6
-7.0, -4.0, -1.0; 7
-6.0, -4.0, -1.0; 2
-5.0, -4.0, -1.0; 3
3.0, -4.0, -1.0; 3
4.0, -4.0, -1.0; 3
5.0, -4.0, -1.0; 7
6.0, -4.0, -1.0; 3
7.0, -4.0, -1.0; 1
-10.0, -3.0, -1.0; 2
-9.0, -3.0, -1.0; 2
-8.0, -3.0, -1.0; 1
-7.0, -3.0, -1.0; 3
-6.0, -3.0, -1.0; 13
-5.0, -3.0, -1.0; 17
4.0, -3.0, -1.0; 1
5.0, -3.0, -1.0; 11
6.0, -3.0, -1.0; 1
-10.0, -2.0, -1.0; 1
-9.0, -2.0, -1.0; 4
-8.0, -2.0, -1.0; 2
-7.0, -2.0, -1.0; 2
-6.0, -2.0, -1.0; 2
-5.0, -2.0, -1.0; 2
5.0, -2.0, -1.0; 6
6.0, -2.0, -1.0; 2
-10.0, -1.0, -1.0; 1
-8.0, -1.0, -1.0; 4
-7.0, -1.0, -1.0; 2
-6.0, -1.0, -1.0; 2
-5.0, -1.0, -1.0; 1
5.0, -1.0, -1.0; 2
7.0, -1.0, -1.0; 1
-10.0, 0.0, -1.0; 3
-9.0, 0.0, -1.0; 4
-8.0, 0.0, -1.0; 2
-6.0, 0.0, -1.0; 10
-5.0, 0.0, -1.0; 1
5.0, 0.0, -1.0; 2
6.0, 0.0, -1.0; 1
7.0, 0.0, -1.0; 1
-9.0, 1.0, -1.0; 1
-8.0, 1.0, -1.0; 4
-7.0, 1.0, -1.0; 2
-6.0, 1.0, -1.0; 712
-5.0, 1.0, -1.0; 55
5.0, 1.0, -1.0; 3
6.0, 1.0, -1.0; 1
7.0, 1.0, -1.0; 4
9.0, 1.0, -1.0; 1
-10.0, 2.0, -1.0; 2
-9.0, 2.0, -1.0; 8
-8.0, 2.0, -1.0; 3
-7.0, 2.0, -1.0; 3
-6.0, 2.0, -1.0; 109
-5.0, 2.0, -1.0; 75
5.0, 2.0, -1.0; 1
6.0, 2.0, -1.0; 5
7.0, 2.0, -1.0; 5
8.0, 2.0, -1.0; 1
-9.0, 3.0, -1.0; 4
-8.0, 3.0, -1.0; 4
-7.0, 3.0, -1.0; 6
-6.0, 3.0, -1.0; 12
-5.0, 3.0, -1.0; 6
3.0, 3.0, -1.0; 1
4.0, 3.0, -1.0; 5
5.0, 3.0, -1.0; 12
6.0, 3.0, -1.0; 3
7.0, 3.0, -1.0; 2
-9.0, 4.0, -1.0; 5
-8.0, 4.0, -1.0; 8
-7.0, 4.0, -1.0; 4
-6.0, 4.0, -1.0; 10
-5.0, 4.0, -1.0; 11
1.0, 4.0, -1.0; 2
2.0, 4.0, -1.0; 14
3.0, 4.0, -1.0; 2
4.0, 4.0, -1.0; 15
5.0, 4.0, -1.0; 27
6.0, 4.0, -1.0; 2
7.0, 4.0, -1.0; 2
8.0, 4.0, -1.0; 3
-9.0, 5.0, -1.0; 3
-8.0, 5.0, -1.0; 2
-7.0, 5.0, -1.0; 9
-5.0, 5.0, -1.0; 4
-4.0, 5.0, -1.0; 17
-3.0, 5.0, -1.0; 5
-2.0, 5.0, -1.0; 3
-1.0, 5.0, -1.0; 9
0.0, 5.0, -1.0; 38
1.0, 5.0, -1.0; 94
2.0, 5.0, -1.0; 40
3.0, 5.0, -1.0; 9
4.0, 5.0, -1.0; 14
5.0, 5.0, -1.0; 10
6.0, 5.0, -1.0; 3
7.0, 5.0, -1.0; 4
-8.0, 6.0, -1.0; 5
-7.0, 6.0, -1.0; 72
-6.0, 6.0, -1.0; 247
-5.0, 6.0, -1.0; 15
-4.0, 6.0, -1.0; 6
-3.0, 6.0, -1.0; 21
-2.0, 6.0, -1.0; 109
-1.0, 6.0, -1.0; 219
0.0, 6.0, -1.0; 332
1.0, 6.0, -1.0; 236
2.0, 6.0, -1.0; 9
3.0, 6.0, -1.0; 10
4.0, 6.0, -1.0; 6
5.0, 6.0, -1.0; 3
6.0, 6.0, -1.0; 8
7.0, 6.0, -1.0; 2
-7.0, 7.0, -1.0; 6
-6.0, 7.0, -1.0; 66
-5.0, 7.0, -1.0; 90
-4.0, 7.0, -1.0; 27
-3.0, 7.0, -1.0; 7
-2.0, 7.0, -1.0; 15
-1.0, 7.0, -1.0; 37
0.0, 7.0, -1.0; 38
1.0, 7.0, -1.0; 9
2.0, 7.0, -1.0; 6
3.0, 7.0, -1.0; 6
4.0, 7.0, -1.0; 3
5.0, 7.0, -1.0; 3
6.0, 7.0, -1.0; 2
-6.0, 8.0, -1.0; 3
-5.0, 8.0, -1.0; 7
-4.0, 8.0, -1.0; 11
-3.0, 8.0, -1.0; 11
-2.0, 8.0, -1.0; 6
-1.0, 8.0, -1.0; 9
0.0, 8.0, -1.0; 9
1.0, 8.0, -1.0; 14
2.0, 8.0, -1.0; 15
3.0, 8.0, -1.0; 11
4.0, 8.0, -1.0; 4
5.0, 8.0, -1.0; 1
-4.0, 9.0, -1.0; 6
-3.0, 9.0, -1.0; 6
-2.0, 9.0, -1.0; 15
-1.0, 9.0, -1.0; 31
0.0, 9.0, -1.0; 59
1.0, 9.0, -1.0; 55
2.0, 9.0, -1.0; 20
3.0, 9.0, -1.0; 4
-4.0, -10.0, 0.0; 12
-3.0, -10.0, 0.0; 44
-2.0, -10.0, 0.0; 35
-1.0, -10.0, 0.0; 28
0.0, -10.0, 0.0; 26
1.0, -10.0, 0.0; 8
2.0, -10.0, 0.0; 5
-6.0, -9.0, 0.0; 3
-5.0, -9.0, 0.0; 30
-4.0, -9.0, 0.0; 11
-3.0, -9.0, 0.0; 8
-2.0, -9.0, 0.0; 7
-1.0, -9.0, 0.0; 5
0.0, -9.0, 0.0; 9
1.0, -9.0, 0.0; 9
2.0, -9.0, 0.0; 10
3.0, -9.0, 0.0; 6
4.0, -9.0, 0.0; 4
5.0, -9.0, 0.0; 1
-7.0, -8.0, 0.0; 4
-6.0, -8.0, 0.0; 5
-5.0, -8.0, 0.0; 1
-4.0, -8.0, 0.0; 3
-3.0, -8.0, 0.0; 3
-2.0, -8.0, 0.0; 29
-1.0, -8.0, 0.0; 45
0.0, -8.0, 0.0; 16
1.0, -8.0, 0.0; 14
2.0, -8.0, 0.0; 17
3.0, -8.0, 0.0; 5
4.0, -8.0, 0.0; 3
5.0, -8.0, 0.0; 6
6.0, -8.0, 0.0; 1
-8.0, -7.0, 0.0; 5
-7.0, -7.0, 0.0; 5
-6.0, -7.0, 0.0; 1
-5.0, -7.0, 0.0; 1
-4.0, -7.0, 0.0; 25
-3.0, -7.0, 0.0; 100
-2.0, -7.0, 0.0; 546
-1.0, -7.0, 0.0; 851
0.0, -7.0, 0.0; 231
1.0, -7.0, 0.0; 40
2.0, -7.0, 0.0; 24
3.0, -7.0, 0.0; 21
4.0, -7.0, 0.0; 4
6.0, -7.0, 0.0; 4
7.0, -7.0, 0.0; 1
-9.0, -6.0, 0.0; 2
-8.0, -6.0, 0.0; 6
-7.0, -6.0, 0.0; 3
-6.0, -6.0, 0.0; 11
-5.0, -6.0, 0.0; 24
-4.0, -6.0, 0.0; 6
-3.0, -6.0, 0.0; 5
-2.0, -6.0, 0.0; 12
-1.0, -6.0, 0.0; 38
0.0, -6.0, 0.0; 47
1.0, -6.0, 0.0; 25
2.0, -6.0, 0.0; 13
3.0, -6.0, 0.0; 23
4.0, -6.0, 0.0; 25
5.0, -6.0, 0.0; 4
6.0, -6.0, 0.0; 6
-9.0, -5.0, 0.0; 4
-8.0, -5.0, 0.0; 3
-7.0, -5.0, 0.0; 1
-6.0, -5.0, 0.0; 35
-5.0, -5.0, 0.0; 1
-4.0, -5.0, 0.0; 4
-3.0, -5.0, 0.0; 1
-1.0, -5.0, 0.0; 1
1.0, -5.0, 0.0; 1
2.0, -5.0, 0.0; 11
3.0, -5.0, 0.0; 9
4.0, -5.0, 0.0; 8
5.0, -5.0, 0.0; 8
6.0, -5.0, 0.0; 1
7.0, -5.0, 0.0; 1
8.0, -5.0, 0.0; 2
-9.0, -4.0, 0.0; 7
-8.0, -4.0, 0.0; 5
-7.0, -4.0, 0.0; 6
-6.0, -4.0, 0.0; 15
-5.0, -4.0, 0.0; 8
-4.0, -4.0, 0.0; 2
2.0, -4.0, 0.0; 1
3.0, -4.0, 0.0; 5
4.0, -4.0, 0.0; 2
5.0, -4.0, 0.0; 5
-10.0, -3.0, 0.0; 3
-9.0, -3.0, 0.0; 5
-8.0, -3.0, 0.0; 6
-7.0, -3.0, 0.0; 4
-6.0, -3.0, 0.0; 11
-5.0, -3.0, 0.0; 18
1.0, -3.0, 0.0; 1
5.0, -3.0, 0.0; 4
6.0, -3.0, 0.0; 2
-10.0, -2.0, 0.0; 4
-9.0, -2.0, 0.0; 1
-8.0, -2.0, 0.0; 3
-7.0, -2.0, 0.0; 2
5.0, -2.0, 0.0; 1
7.0, -2.0, 0.0; 1
9.0, -2.0, 0.0; 1
-10.0, -1.0, 0.0; 2
-8.0, -1.0, 0.0; 4
-7.0, -1.0, 0.0; 7
-6.0, -1.0, 0.0; 2
5.0, -1.0, 0.0; 2
-9.0, 0.0, 0.0; 5
-8.0, 0.0, 0.0; 4
-7.0, 0.0, 0.0; 3
-6.0, 0.0, 0.0; 7
-5.0, 0.0, 0.0; 1
3.0
12.6861335729
