5.0, 0.0, 0.0; 1
6.0, 0.0, 0.0; 4
8.0, 0.0, 0.0; 1
-10.0, 1.0, 0.0; 3
-9.0, 1.0, 0.0; 11
-8.0, 1.0, 0.0; 8
-7.0, 1.0, 0.0; 4
-6.0, 1.0, 0.0; 107
-5.0, 1.0, 0.0; 37
5.0, 1.0, 0.0; 2
6.0, 1.0, 0.0; 2
8.0, 1.0, 0.0; 1
-9.0, 2.0, 0.0; 13
-8.0, 2.0, 0.0; 7
-7.0, 2.0, 0.0; 1
-6.0, 2.0, 0.0; 180
-5.0, 2.0, 0.0; 430
-4.0, 2.0, 0.0; 2
4.0, 2.0, 0.0; 4
5.0, 2.0, 0.0; 1
6.0, 2.0, 0.0; 3
7.0, 2.0, 0.0; 1
9.0, 2.0, 0.0; 1
-10.0, 3.0, 0.0; 1
-9.0, 3.0, 0.0; 12
-8.0, 3.0, 0.0; 13
-7.0, 3.0, 0.0; 7
-6.0, 3.0, 0.0; 5
-5.0, 3.0, 0.0; 67
3.0, 3.0, 0.0; 1
4.0, 3.0, 0.0; 9
5.0, 3.0, 0.0; 1
7.0, 3.0, 0.0; 1
-9.0, 4.0, 0.0; 6
-8.0, 4.0, 0.0; 25
-7.0, 4.0, 0.0; 13
-6.0, 4.0, 0.0; 20
-5.0, 4.0, 0.0; 17
-4.0, 4.0, 0.0; 13
1.0, 4.0, 0.0; 2
2.0, 4.0, 0.0; 12
3.0, 4.0, 0.0; 6
4.0, 4.0, 0.0; 15
5.0, 4.0, 0.0; 9
7.0, 4.0, 0.0; 3
-9.0, 5.0, 0.0; 2
-8.0, 5.0, 0.0; 19
-7.0, 5.0, 0.0; 28
-6.0, 5.0, 0.0; 8
-5.0, 5.0, 0.0; 11
-4.0, 5.0, 0.0; 23
-3.0, 5.0, 0.0; 9
-2.0, 5.0, 0.0; 1
-1.0, 5.0, 0.0; 5
0.0, 5.0, 0.0; 9
1.0, 5.0, 0.0; 63
2.0, 5.0, 0.0; 26
3.0, 5.0, 0.0; 11
4.0, 5.0, 0.0; 12
5.0, 5.0, 0.0; 5
6.0, 5.0, 0.0; 4
7.0, 5.0, 0.0; 2
-8.0, 6.0, 0.0; 7
-7.0, 6.0, 0.0; 25
-6.0, 6.0, 0.0; 186
-5.0, 6.0, 0.0; 66
-4.0, 6.0, 0.0; 9
-3.0, 6.0, 0.0; 13
-2.0, 6.0, 0.0; 49
-1.0, 6.0, 0.0; 66
0.0, 6.0, 0.0; 111
1.0, 6.0, 0.0; 39
2.0, 6.0, 0.0; 3
3.0, 6.0, 0.0; 19
4.0, 6.0, 0.0; 4
5.0, 6.0, 0.0; 1
6.0, 6.0, 0.0; 2
-7.0, 7.0, 0.0; 7
-6.0, 7.0, 0.0; 41
-5.0, 7.0, 0.0; 76
-4.0, 7.0, 0.0; 12
-3.0, 7.0, 0.0; 15
-2.0, 7.0, 0.0; 21
-1.0, 7.0, 0.0; 112
0.0, 7.0, 0.0; 48
1.0, 7.0, 0.0; 4
2.0, 7.0, 0.0; 15
3.0, 7.0, 0.0; 16
4.0, 7.0, 0.0; 2
5.0, 7.0, 0.0; 1
6.0, 7.0, 0.0; 3
-6.0, 8.0, 0.0; 2
-5.0, 8.0, 0.0; 1
-4.0, 8.0, 0.0; 7
-3.0, 8.0, 0.0; 4
-2.0, 8.0, 0.0; 5
-1.0, 8.0, 0.0; 9
0.0, 8.0, 0.0; 12
1.0, 8.0, 0.0; 8
2.0, 8.0, 0.0; 17
3.0, 8.0, 0.0; 4
4.0, 8.0, 0.0; 1
-4.0, 9.0, 0.0; 1
-3.0, 9.0, 0.0; 10
-2.0, 9.0, 0.0; 20
-1.0, 9.0, 0.0; 25
0.0, 9.0, 0.0; 25
1.0, 9.0, 0.0; 24
2.0, 9.0, 0.0; 9
-5.0, -10.0, 1.0; 1
-4.0, -10.0, 1.0; 18
-3.0, -10.0, 1.0; 49
-2.0, -10.0, 1.0; 35
-1.0, -10.0, 1.0; 17
0.0, -10.0, 1.0; 5
1.0, -10.0, 1.0; 4
2.0, -10.0, 1.0; 1
-6.0, -9.0, 1.0; 19
-5.0, -9.0, 1.0; 66
-4.0, -9.0, 1.0; 60
-3.0, -9.0, 1.0; 43
-2.0, -9.0, 1.0; 26
-1.0, -9.0, 1.0; 27
0.0, -9.0, 1.0; 15
1.0, -9.0, 1.0; 6
2.0, -9.0, 1.0; 2
3.0, -9.0, 1.0; 4
5.0, -9.0, 1.0; 1
-7.0, -8.0, 1.0; 34
-6.0, -8.0, 1.0; 56
-5.0, -8.0, 1.0; 21
-4.0, -8.0, 1.0; 6
-3.0, -8.0, 1.0; 2
-2.0, -8.0, 1.0; 5
1.0, -8.0, 1.0; 10
2.0, -8.0, 1.0; 5
4.0, -8.0, 1.0; 1
5.0, -8.0, 1.0; 4
6.0, -8.0, 1.0; 3
-8.0, -7.0, 1.0; 7
-7.0, -7.0, 1.0; 38
-6.0, -7.0, 1.0; 17
-5.0, -7.0, 1.0; 4
-4.0, -7.0, 1.0; 17
-3.0, -7.0, 1.0; 62
-2.0, -7.0, 1.0; 89
-1.0, -7.0, 1.0; 23
0.0, -7.0, 1.0; 2
1.0, -7.0, 1.0; 4
2.0, -7.0, 1.0; 5
3.0, -7.0, 1.0; 3
4.0, -7.0, 1.0; 1
6.0, -7.0, 1.0; 1
-9.0, -6.0, 1.0; 1
-8.0, -6.0, 1.0; 32
-7.0, -6.0, 1.0; 35
-6.0, -6.0, 1.0; 9
-5.0, -6.0, 1.0; 253
-4.0, -6.0, 1.0; 352
-3.0, -6.0, 1.0; 305
-2.0, -6.0, 1.0; 193
-1.0, -6.0, 1.0; 110
0.0, -6.0, 1.0; 22
1.0, -6.0, 1.0; 7
2.0, -6.0, 1.0; 20
3.0, -6.0, 1.0; 5
4.0, -6.0, 1.0; 1
5.0, -6.0, 1.0; 2
6.0, -6.0, 1.0; 3
7.0, -6.0, 1.0; 1
-9.0, -5.0, 1.0; 6
-8.0, -5.0, 1.0; 60
-7.0, -5.0, 1.0; 15
-6.0, -5.0, 1.0; 291
-5.0, -5.0, 1.0; 421
-4.0, -5.0, 1.0; 30
-3.0, -5.0, 1.0; 11
-2.0, -5.0, 1.0; 5
1.0, -5.0, 1.0; 5
2.0, -5.0, 1.0; 12
3.0, -5.0, 1.0; 3
6.0, -5.0, 1.0; 1
7.0, -5.0, 1.0; 1
-9.0, -4.0, 1.0; 8
-8.0, -4.0, 1.0; 84
-7.0, -4.0, 1.0; 3
-6.0, -4.0, 1.0; 301
-5.0, -4.0, 1.0; 42
-4.0, -4.0, 1.0; 3
-3.0, -4.0, 1.0; 3
2.0, -4.0, 1.0; 2
5.0, -4.0, 1.0; 3
7.0, -4.0, 1.0; 2
-10.0, -3.0, 1.0; 4
-9.0, -3.0, 1.0; 10
-8.0, -3.0, 1.0; 62
-7.0, -3.0, 1.0; 6
-6.0, -3.0, 1.0; 24
5.0, -3.0, 1.0; 2
6.0, -3.0, 1.0; 1
7.0, -3.0, 1.0; 1
-10.0, -2.0, 1.0; 7
-9.0, -2.0, 1.0; 5
-8.0, -2.0, 1.0; 32
-7.0, -2.0, 1.0; 14
-6.0, -2.0, 1.0; 16
4.0, -2.0, 1.0; 1
6.0, -2.0, 1.0; 1
7.0, -2.0, 1.0; 1
-10.0, -1.0, 1.0; 9
-9.0, -1.0, 1.0; 5
-8.0, -1.0, 1.0; 13
-7.0, -1.0, 1.0; 32
-6.0, -1.0, 1.0; 10
-5.0, -1.0, 1.0; 1
4.0, -1.0, 1.0; 1
5.0, -1.0, 1.0; 1
-10.0, 0.0, 1.0; 4
-9.0, 0.0, 1.0; 10
-8.0, 0.0, 1.0; 7
-7.0, 0.0, 1.0; 14
-6.0, 0.0, 1.0; 22
-5.0, 0.0, 1.0; 1
5.0, 0.0, 1.0; 2
6.0, 0.0, 1.0; 3
7.0, 0.0, 1.0; 2
-10.0, 1.0, 1.0; 5
-9.0, 1.0, 1.0; 16
-8.0, 1.0, 1.0; 11
-7.0, 1.0, 1.0; 4
-6.0, 1.0, 1.0; 12
-5.0, 1.0, 1.0; 15
4.0, 1.0, 1.0; 1
5.0, 1.0, 1.0; 2
6.0, 1.0, 1.0; 1
7.0, 1.0, 1.0; 1
9.0, 1.0, 1.0; 3
-10.0, 2.0, 1.0; 4
-9.0, 2.0, 1.0; 18
-8.0, 2.0, 1.0; 13
-6.0, 2.0, 1.0; 22
-5.0, 2.0, 1.0; 144
-4.0, 2.0, 1.0; 3
3.0, 2.0, 1.0; 1
4.0, 2.0, 1.0; 1
5.0, 2.0, 1.0; 3
6.0, 2.0, 1.0; 2
7.0, 2.0, 1.0; 2
-10.0, 3.0, 1.0; 1
-9.0, 3.0, 1.0; 18
-8.0, 3.0, 1.0; 38
-7.0, 3.0, 1.0; 8
-6.0, 3.0, 1.0; 6
-5.0, 3.0, 1.0; 26
-4.0, 3.0, 1.0; 20
3.0, 3.0, 1.0; 18
4.0, 3.0, 1.0; 7
5.0, 3.0, 1.0; 1
6.0, 3.0, 1.0; 2
7.0, 3.0, 1.0; 4
-9.0, 4.0, 1.0; 6
-8.0, 4.0, 1.0; 47
-7.0, 4.0, 1.0; 38
-6.0, 4.0, 1.0; 27
-5.0, 4.0, 1.0; 11
-4.0, 4.0, 1.0; 20
-3.0, 4.0, 1.0; 3
-2.0, 4.0, 1.0; 1
1.0, 4.0, 1.0; 1
2.0, 4.0, 1.0; 1
3.0, 4.0, 1.0; 14
4.0, 4.0, 1.0; 7
5.0, 4.0, 1.0; 4
6.0, 4.0, 1.0; 5
7.0, 4.0, 1.0; 4
-9.0, 5.0, 1.0; 3
-8.0, 5.0, 1.0; 12
-7.0, 5.0, 1.0; 36
-6.0, 5.0, 1.0; 22
-5.0, 5.0, 1.0; 27
-4.0, 5.0, 1.0; 33
-3.0, 5.0, 1.0; 223
-2.0, 5.0, 1.0; 202
-1.0, 5.0, 1.0; 19
0.0, 5.0, 1.0; 20
1.0, 5.0, 1.0; 39
2.0, 5.0, 1.0; 1
3.0, 5.0, 1.0; 11
4.0, 5.0, 1.0; 5
5.0, 5.0, 1.0; 8
7.0, 5.0, 1.0; 3
-8.0, 6.0, 1.0; 3
-7.0, 6.0, 1.0; 24
-6.0, 6.0, 1.0; 41
-5.0, 6.0, 1.0; 17
-4.0, 6.0, 1.0; 18
-3.0, 6.0, 1.0; 33
-2.0, 6.0, 1.0; 58
-1.0, 6.0, 1.0; 45
0.0, 6.0, 1.0; 25
1.0, 6.0, 1.0; 8
2.0, 6.0, 1.0; 4
3.0, 6.0, 1.0; 7
4.0, 6.0, 1.0; 3
5.0, 6.0, 1.0; 1
6.0, 6.0, 1.0; 1
-7.0, 7.0, 1.0; 7
-6.0, 7.0, 1.0; 12
-5.0, 7.0, 1.0; 26
-4.0, 7.0, 1.0; 10
-3.0, 7.0, 1.0; 13
-2.0, 7.0, 1.0; 11
-1.0, 7.0, 1.0; 25
0.0, 7.0, 1.0; 5
1.0, 7.0, 1.0; 5
2.0, 7.0, 1.0; 14
3.0, 7.0, 1.0; 7
4.0, 7.0, 1.0; 2
5.0, 7.0, 1.0; 1
-6.0, 8.0, 1.0; 2
-5.0, 8.0, 1.0; 4
-4.0, 8.0, 1.0; 9
-3.0, 8.0, 1.0; 8
-2.0, 8.0, 1.0; 8
-1.0, 8.0, 1.0; 5
0.0, 8.0, 1.0; 18
1.0, 8.0, 1.0; 16
2.0, 8.0, 1.0; 8
3.0, 8.0, 1.0; 1
4.0, 8.0, 1.0; 1
5.0, 8.0, 1.0; 1
-4.0, 9.0, 1.0; 4
-3.0, 9.0, 1.0; 8
-2.0, 9.0, 1.0; 11
-1.0, 9.0, 1.0; 20
0.0, 9.0, 1.0; 13
1.0, 9.0, 1.0; 22
2.0, 9.0, 1.0; 7
-4.0, -10.0, 2.0; 2
-3.0, -10.0, 2.0; 10
-2.0, -10.0, 2.0; 18
-1.0, -10.0, 2.0; 10
0.0, -10.0, 2.0; 5
1.0, -10.0, 2.0; 2
-6.0, -9.0, 2.0; 3
-5.0, -9.0, 2.0; 24
-4.0, -9.0, 2.0; 51
-3.0, -9.0, 2.0; 63
-2.0, -9.0, 2.0; 42
-1.0, -9.0, 2.0; 34
0.0, -9.0, 2.0; 22
1.0, -9.0, 2.0; 2
2.0, -9.0, 2.0; 6
3.0, -9.0, 2.0; 3
4.0, -9.0, 2.0; 1
5.0, -9.0, 2.0; 1
-7.0, -8.0, 2.0; 18
-6.0, -8.0, 2.0; 47
-5.0, -8.0, 2.0; 40
-4.0, -8.0, 2.0; 8
-3.0, -8.0, 2.0; 9
-2.0, -8.0, 2.0; 7
-1.0, -8.0, 2.0; 4
0.0, -8.0, 2.0; 3
1.0, -8.0, 2.0; 7
2.0, -8.0, 2.0; 6
4.0, -8.0, 2.0; 5
5.0, -8.0, 2.0; 1
6.0, -8.0, 2.0; 1
-8.0, -7.0, 2.0; 6
-7.0, -7.0, 2.0; 34
-6.0, -7.0, 2.0; 19
-5.0, -7.0, 2.0; 4
-4.0, -7.0, 2.0; 3
-3.0, -7.0, 2.0; 5
-2.0, -7.0, 2.0; 5
-1.0, -7.0, 2.0; 5
0.0, -7.0, 2.0; 2
1.0, -7.0, 2.0; 5
2.0, -7.0, 2.0; 3
3.0, -7.0, 2.0; 3
4.0, -7.0, 2.0; 2
5.0, -7.0, 2.0; 3
6.0, -7.0, 2.0; 1
-8.0, -6.0, 2.0; 7
-7.0, -6.0, 2.0; 37
-6.0, -6.0, 2.0; 18
-5.0, -6.0, 2.0; 20
-4.0, -6.0, 2.0; 229
-3.0, -6.0, 2.0; 415
-2.0, -6.0, 2.0; 166
-1.0, -6.0, 2.0; 26
0.0, -6.0, 2.0; 17
1.0, -6.0, 2.0; 35
2.0, -6.0, 2.0; 11
3.0, -6.0, 2.0; 2
5.0, -6.0, 2.0; 3
6.0, -6.0, 2.0; 1
7.0, -6.0, 2.0; 1
-9.0, -5.0, 2.0; 2
-8.0, -5.0, 2.0; 14
-7.0, -5.0, 2.0; 58
-6.0, -5.0, 2.0; 9
-5.0, -5.0, 2.0; 340
-4.0, -5.0, 2.0; 597
-3.0, -5.0, 2.0; 194
-2.0, -5.0, 2.0; 29
-1.0, -5.0, 2.0; 4
0.0, -5.0, 2.0; 7
1.0, -5.0, 2.0; 47
2.0, -5.0, 2.0; 30
3.0, -5.0, 2.0; 2
4.0, -5.0, 2.0; 2
5.0, -5.0, 2.0; 1
7.0, -5.0, 2.0; 1
-9.0, -4.0, 2.0; 8
-8.0, -4.0, 2.0; 40
-7.0, -4.0, 2.0; 45
-6.0, -4.0, 2.0; 34
-5.0, -4.0, 2.0; 164
-4.0, -4.0, 2.0; 36
-3.0, -4.0, 2.0; 8
-2.0, -4.0, 2.0; 1
0.0, -4.0, 2.0; 1
1.0, -4.0, 2.0; 3
2.0, -4.0, 2.0; 5
3.0, -4.0, 2.0; 2
6.0, -4.0, 2.0; 2
-10.0, -3.0, 2.0; 2
-9.0, -3.0, 2.0; 11
-8.0, -3.0, 2.0; 35
-7.0, -3.0, 2.0; 39
-6.0, -3.0, 2.0; 7
-5.0, -3.0, 2.0; 1
2.0, -3.0, 2.0; 2
4.0, -3.0, 2.0; 1
6.0, -3.0, 2.0; 1
-10.0, -2.0, 2.0; 3
-9.0, -2.0, 2.0; 11
-8.0, -2.0, 2.0; 26
-7.0, -2.0, 2.0; 32
-6.0, -2.0, 2.0; 17
-5.0, -2.0, 2.0; 2
2.0, -2.0, 2.0; 1
3.0, -2.0, 2.0; 1
4.0, -2.0, 2.0; 1
7.0, -2.0, 2.0; 1
-10.0, -1.0, 2.0; 5
-9.0, -1.0, 2.0; 2
-8.0, -1.0, 2.0; 15
-7.0, -1.0, 2.0; 15
-6.0, -1.0, 2.0; 32
-5.0, -1.0, 2.0; 3
2.0, -1.0, 2.0; 1
3.0, -1.0, 2.0; 2
4.0, -1.0, 2.0; 1
6.0, -1.0, 2.0; 1
-10.0, 0.0, 2.0; 4
-9.0, 0.0, 2.0; 5
-8.0, 0.0, 2.0; 6
-7.0, 0.0, 2.0; 10
-6.0, 0.0, 2.0; 13
-5.0, 0.0, 2.0; 15
-4.0, 0.0, 2.0; 2
2.0, 0.0, 2.0; 1
3.0, 0.0, 2.0; 1
4.0, 0.0, 2.0; 1
5.0, 0.0, 2.0; 5
-10.0, 1.0, 2.0; 4
-9.0, 1.0, 2.0; 15
-8.0, 1.0, 2.0; 12
-7.0, 1.0, 2.0; 7
-6.0, 1.0, 2.0; 11
-5.0, 1.0, 2.0; 68
-4.0, 1.0, 2.0; 58
3.0, 1.0, 2.0; 2
4.0, 1.0, 2.0; 1
7.0, 1.0, 2.0; 2
8.0, 1.0, 2.0; 2
9.0, 1.0, 2.0; 1
-9.0, 2.0, 2.0; 5
-8.0, 2.0, 2.0; 25
-7.0, 2.0, 2.0; 8
-6.0, 2.0, 2.0; 2
-5.0, 2.0, 2.0; 63
-4.0, 2.0, 2.0; 312
-3.0, 2.0, 2.0; 3
3.0, 2.0, 2.0; 5
4.0, 2.0, 2.0; 2
6.0, 2.0, 2.0; 3
7.0, 2.0, 2.0; 3
-9.0, 3.0, 2.0; 3
-8.0, 3.0, 2.0; 37
-7.0, 3.0, 2.0; 26
-6.0, 3.0, 2.0; 6
-5.0, 3.0, 2.0; 6
-4.0, 3.0, 2.0; 29
-3.0, 3.0, 2.0; 23
-2.0, 3.0, 2.0; 1
1.0, 3.0, 2.0; 2
2.0, 3.0, 2.0; 1
3.0, 3.0, 2.0; 24
4.0, 3.0, 2.0; 2
5.0, 3.0, 2.0; 1
7.0, 3.0, 2.0; 4
-9.0, 4.0, 2.0; 3
-8.0, 4.0, 2.0; 19
-7.0, 4.0, 2.0; 47
-6.0, 4.0, 2.0; 31
-5.0, 4.0, 2.0; 22
-4.0, 4.0, 2.0; 35
-3.0, 4.0, 2.0; 31
-2.0, 4.0, 2.0; 29
-1.0, 4.0, 2.0; 14
0.0, 4.0, 2.0; 6
1.0, 4.0, 2.0; 3
2.0, 4.0, 2.0; 2
3.0, 4.0, 2.0; 5
4.0, 4.0, 2.0; 7
5.0, 4.0, 2.0; 3
6.0, 4.0, 2.0; 1
7.0, 4.0, 2.0; 4
-9.0, 5.0, 2.0; 3
-8.0, 5.0, 2.0; 14
-7.0, 5.0, 2.0; 18
-6.0, 5.0, 2.0; 28
-5.0, 5.0, 2.0; 14
-4.0, 5.0, 2.0; 24
-3.0, 5.0, 2.0; 69
-2.0, 5.0, 2.0; 97
-1.0, 5.0, 2.0; 23
0.0, 5.0, 2.0; 5
1.0, 5.0, 2.0; 2
2.0, 5.0, 2.0; 9
3.0, 5.0, 2.0; 4
4.0, 5.0, 2.0; 4
5.0, 5.0, 2.0; 4
6.0, 5.0, 2.0; 1
7.0, 5.0, 2.0; 1
-8.0, 6.0, 2.0; 8
-7.0, 6.0, 2.0; 12
-6.0, 6.0, 2.0; 21
-5.0, 6.0, 2.0; 8
-4.0, 6.0, 2.0; 8
-3.0, 6.0, 2.0; 18
-2.0, 6.0, 2.0; 13
-1.0, 6.0, 2.0; 6
0.0, 6.0, 2.0; 2
1.0, 6.0, 2.0; 5
2.0, 6.0, 2.0; 4
3.0, 6.0, 2.0; 4
4.0, 6.0, 2.0; 4
6.0, 6.0, 2.0; 2
-7.0, 7.0, 2.0; 2
-6.0, 7.0, 2.0; 8
-5.0, 7.0, 2.0; 15
-4.0, 7.0, 2.0; 11
-3.0, 7.0, 2.0; 7
-2.0, 7.0, 2.0; 5
-1.0, 7.0, 2.0; 2
0.0, 7.0, 2.0; 6
1.0, 7.0, 2.0; 9
2.0, 7.0, 2.0; 13
3.0, 7.0, 2.0; 2
4.0, 7.0, 2.0; 3
5.0, 7.0, 2.0; 3
-6.0, 8.0, 2.0; 1
-5.0, 8.0, 2.0; 5
-4.0, 8.0, 2.0; 9
-3.0, 8.0, 2.0; 18
-2.0, 8.0, 2.0; 15
-1.0, 8.0, 2.0; 17
0.0, 8.0, 2.0; 10
1.0, 8.0, 2.0; 15
2.0, 8.0, 2.0; 13
3.0, 8.0, 2.0; 1
4.0, 8.0, 2.0; 1
-4.0, 9.0, 2.0; 1
-3.0, 9.0, 2.0; 6
-2.0, 9.0, 2.0; 9
-1.0, 9.0, 2.0; 13
0.0, 9.0, 2.0; 15
1.0, 9.0, 2.0; 6
-3.0, -10.0, 3.0; 2
-1.0, -10.0, 3.0; 2
0.0, -10.0, 3.0; 2
-5.0, -9.0, 3.0; 4
-4.0, -9.0, 3.0; 25
-3.0, -9.0, 3.0; 31
-2.0, -9.0, 3.0; 28
-1.0, -9.0, 3.0; 22
0.0, -9.0, 3.0; 11
1.0, -9.0, 3.0; 6
2.0, -9.0, 3.0; 2
-7.0, -8.0, 3.0; 2
-6.0, -8.0, 3.0; 24
-5.0, -8.0, 3.0; 45
-4.0, -8.0, 3.0; 58
-3.0, -8.0, 3.0; 42
-2.0, -8.0, 3.0; 34
-1.0, -8.0, 3.0; 29
0.0, -8.0, 3.0; 13
1.0, -8.0, 3.0; 10
2.0, -8.0, 3.0; 8
3.0, -8.0, 3.0; 3
4.0, -8.0, 3.0; 7
5.0, -8.0, 3.0; 2
-7.0, -7.0, 3.0; 21
-6.0, -7.0, 3.0; 32
-5.0, -7.0, 3.0; 28
-4.0, -7.0, 3.0; 13
-3.0, -7.0, 3.0; 4
-2.0, -7.0, 3.0; 3
-1.0, -7.0, 3.0; 5
0.0, -7.0, 3.0; 10
1.0, -7.0, 3.0; 1
2.0, -7.0, 3.0; 4
3.0, -7.0, 3.0; 1
4.0, -7.0, 3.0; 3
5.0, -7.0, 3.0; 2
6.0, -7.0, 3.0; 1
-8.0, -6.0, 3.0; 4
-7.0, -6.0, 3.0; 13
-6.0, -6.0, 3.0; 39
-5.0, -6.0, 3.0; 14
-4.0, -6.0, 3.0; 5
-3.0, -6.0, 3.0; 3
-2.0, -6.0, 3.0; 7
-1.0, -6.0, 3.0; 8
0.0, -6.0, 3.0; 14
1.0, -6.0, 3.0; 10
2.0, -6.0, 3.0; 3
4.0, -6.0, 3.0; 2
5.0, -6.0, 3.0; 2
6.0, -6.0, 3.0; 2
-8.0, -5.0, 3.0; 4
-7.0, -5.0, 3.0; 27
-6.0, -5.0, 3.0; 46
-5.0, -5.0, 3.0; 18
-4.0, -5.0, 3.0; 16
-3.0, -5.0, 3.0; 23
-2.0, -5.0, 3.0; 8
-1.0, -5.0, 3.0; 32
0.0, -5.0, 3.0; 87
1.0, -5.0, 3.0; 58
2.0, -5.0, 3.0; 13
3.0, -5.0, 3.0; 2
4.0, -5.0, 3.0; 3
6.0, -5.0, 3.0; 2
7.0, -5.0, 3.0; 1
-9.0, -4.0, 3.0; 7
-8.0, -4.0, 3.0; 8
-7.0, -4.0, 3.0; 68
-6.0, -4.0, 3.0; 51
-5.0, -4.0, 3.0; 6
-4.0, -4.0, 3.0; 9
-3.0, -4.0, 3.0; 3
-2.0, -4.0, 3.0; 4
-1.0, -4.0, 3.0; 9
0.0, -4.0, 3.0; 11
1.0, -4.0, 3.0; 20
2.0, -4.0, 3.0; 10
3.0, -4.0, 3.0; 1
4.0, -4.0, 3.0; 3
5.0, -4.0, 3.0; 1
6.0, -4.0, 3.0; 1
-9.0, -3.0, 3.0; 5
-8.0, -3.0, 3.0; 12
-7.0, -3.0, 3.0; 54
-6.0, -3.0, 3.0; 41
-5.0, -3.0, 3.0; 16
-4.0, -3.0, 3.0; 4
-3.0, -3.0, 3.0; 11
-2.0, -3.0, 3.0; 6
-1.0, -3.0, 3.0; 11
0.0, -3.0, 3.0; 11
1.0, -3.0, 3.0; 7
2.0, -3.0, 3.0; 5
3.0, -3.0, 3.0; 2
6.0, -3.0, 3.0; 1
-10.0, -2.0, 3.0; 1
-9.0, -2.0, 3.0; 8
-8.0, -2.0, 3.0; 8
-7.0, -2.0, 3.0; 35
-6.0, -2.0, 3.0; 77
-5.0, -2.0, 3.0; 23
-4.0, -2.0, 3.0; 9
-3.0, -2.0, 3.0; 8
-2.0, -2.0, 3.0; 24
-1.0, -2.0, 3.0; 5
0.0, -2.0, 3.0; 6
1.0, -2.0, 3.0; 3
2.0, -2.0, 3.0; 1
4.0, -2.0, 3.0; 1
-10.0, -1.0, 3.0; 5
-9.0, -1.0, 3.0; 12
-8.0, -1.0, 3.0; 9
-7.0, -1.0, 3.0; 12
-6.0, -1.0, 3.0; 19
-5.0, -1.0, 3.0; 22
-4.0, -1.0, 3.0; 4
-3.0, -1.0, 3.0; 38
-2.0, -1.0, 3.0; 30
-1.0, -1.0, 3.0; 6
0.0, -1.0, 3.0; 2
1.0, -1.0, 3.0; 3
2.0, -1.0, 3.0; 1
3.0, -1.0, 3.0; 2
4.0, -1.0, 3.0; 1
5.0, -1.0, 3.0; 1
-10.0, 0.0, 3.0; 2
-9.0, 0.0, 3.0; 14
-8.0, 0.0, 3.0; 7
-7.0, 0.0, 3.0; 3
-6.0, 0.0, 3.0; 7
-5.0, 0.0, 3.0; 14
-4.0, 0.0, 3.0; 12
-3.0, 0.0, 3.0; 19
-2.0, 0.0, 3.0; 4
-1.0, 0.0, 3.0; 1
1.0, 0.0, 3.0; 1
2.0, 0.0, 3.0; 4
3.0, 0.0, 3.0; 3
5.0, 0.0, 3.0; 1
-10.0, 1.0, 3.0; 1
-9.0, 1.0, 3.0; 12
-8.0, 1.0, 3.0; 6
-7.0, 1.0, 3.0; 7
-6.0, 1.0, 3.0; 2
-5.0, 1.0, 3.0; 20
-4.0, 1.0, 3.0; 91
-3.0, 1.0, 3.0; 46
2.0, 1.0, 3.0; 1
3.0, 1.0, 3.0; 2
5.0, 1.0, 3.0; 1
9.0, 1.0, 3.0; 1
-10.0, 2.0, 3.0; 1
-9.0, 2.0, 3.0; 8
-8.0, 2.0, 3.0; 23
-7.0, 2.0, 3.0; 23
-6.0, 2.0, 3.0; 6
-5.0, 2.0, 3.0; 9
-4.0, 2.0, 3.0; 93
-3.0, 2.0, 3.0; 71
-2.0, 2.0, 3.0; 11
1.0, 2.0, 3.0; 2
2.0, 2.0, 3.0; 9
3.0, 2.0, 3.0; 2
4.0, 2.0, 3.0; 3
5.0, 2.0, 3.0; 1
6.0, 2.0, 3.0; 1
7.0, 2.0, 3.0; 1
8.0, 2.0, 3.0; 1
-9.0, 3.0, 3.0; 4
-8.0, 3.0, 3.0; 17
-7.0, 3.0, 3.0; 29
-6.0, 3.0, 3.0; 24
-5.0, 3.0, 3.0; 10
-4.0, 3.0, 3.0; 15
-3.0, 3.0, 3.0; 40
-2.0, 3.0, 3.0; 36
-1.0, 3.0, 3.0; 5
0.0, 3.0, 3.0; 3
1.0, 3.0, 3.0; 11
2.0, 3.0, 3.0; 24
3.0, 3.0, 3.0; 2
6.0, 3.0, 3.0; 3
7.0, 3.0, 3.0; 2
-9.0, 4.0, 3.0; 2
-8.0, 4.0, 3.0; 5
-7.0, 4.0, 3.0; 24
-6.0, 4.0, 3.0; 25
-5.0, 4.0, 3.0; 19
-4.0, 4.0, 3.0; 9
-3.0, 4.0, 3.0; 12
-2.0, 4.0, 3.0; 20
-1.0, 4.0, 3.0; 11
0.0, 4.0, 3.0; 1
2.0, 4.0, 3.0; 4
3.0, 4.0, 3.0; 3
4.0, 4.0, 3.0; 2
5.0, 4.0, 3.0; 4
7.0, 4.0, 3.0; 1
-8.0, 5.0, 3.0; 6
-7.0, 5.0, 3.0; 12
-6.0, 5.0, 3.0; 12
-5.0, 5.0, 3.0; 18
-4.0, 5.0, 3.0; 9
-3.0, 5.0, 3.0; 6
-2.0, 5.0, 3.0; 5
-1.0, 5.0, 3.0; 1
1.0, 5.0, 3.0; 3
2.0, 5.0, 3.0; 3
3.0, 5.0, 3.0; 7
4.0, 5.0, 3.0; 3
5.0, 5.0, 3.0; 1
6.0, 5.0, 3.0; 1
7.0, 5.0, 3.0; 1
-8.0, 6.0, 3.0; 2
-7.0, 6.0, 3.0; 12
-6.0, 6.0, 3.0; 14
-5.0, 6.0, 3.0; 12
-4.0, 6.0, 3.0; 21
-3.0, 6.0, 3.0; 10
-2.0, 6.0, 3.0; 4
-1.0, 6.0, 3.0; 2
0.0, 6.0, 3.0; 2
1.0, 6.0, 3.0; 7
2.0, 6.0, 3.0; 8
3.0, 6.0, 3.0; 4
4.0, 6.0, 3.0; 3
5.0, 6.0, 3.0; 3
6.0, 6.0, 3.0; 1
-6.0, 7.0, 3.0; 5
-5.0, 7.0, 3.0; 14
-4.0, 7.0, 3.0; 21
-3.0, 7.0, 3.0; 19
-2.0, 7.0, 3.0; 11
-1.0, 7.0, 3.0; 14
0.0, 7.0, 3.0; 9
1.0, 7.0, 3.0; 12
2.0, 7.0, 3.0; 2
3.0, 7.0, 3.0; 2
4.0, 7.0, 3.0; 3
5.0, 7.0, 3.0; 1
-5.0, 8.0, 3.0; 1
-4.0, 8.0, 3.0; 11
-3.0, 8.0, 3.0; 10
-2.0, 8.0, 3.0; 10
-1.0, 8.0, 3.0; 17
0.0, 8.0, 3.0; 13
1.0, 8.0, 3.0; 7
2.0, 8.0, 3.0; 1
3.0, 8.0, 3.0; 1
-2.0, 9.0, 3.0; 5
-1.0, 9.0, 3.0; 4
0.0, 9.0, 3.0; 4
-4.0, -9.0, 4.0; 4
-3.0, -9.0, 4.0; 5
-2.0, -9.0, 4.0; 3
-1.0, -9.0, 4.0; 7
0.0, -9.0, 4.0; 4
1.0, -9.0, 4.0; 4
2.0, -9.0, 4.0; 3
-6.0, -8.0, 4.0; 2
-5.0, -8.0, 4.0; 16
-4.0, -8.0, 4.0; 27
-3.0, -8.0, 4.0; 28
-2.0, -8.0, 4.0; 30
-1.0, -8.0, 4.0; 14
0.0, -8.0, 4.0; 11
1.0, -8.0, 4.0; 7
2.0, -8.0, 4.0; 3
3.0, -8.0, 4.0; 2
4.0, -8.0, 4.0; 2
-7.0, -7.0, 4.0; 2
-6.0, -7.0, 4.0; 35
-5.0, -7.0, 4.0; 35
-4.0, -7.0, 4.0; 20
-3.0, -7.0, 4.0; 24
-2.0, -7.0, 4.0; 18
-1.0, -7.0, 4.0; 13
0.0, -7.0, 4.0; 10
1.0, -7.0, 4.0; 4
2.0, -7.0, 4.0; 3
3.0, -7.0, 4.0; 5
4.0, -7.0, 4.0; 3
5.0, -7.0, 4.0; 2
-8.0, -6.0, 4.0; 1
-7.0, -6.0, 4.0; 5
-6.0, -6.0, 4.0; 21
-5.0, -6.0, 4.0; 15
-4.0, -6.0, 4.0; 25
-3.0, -6.0, 4.0; 21
-2.0, -6.0, 4.0; 8
-1.0, -6.0, 4.0; 3
0.0, -6.0, 4.0; 1
1.0, -6.0, 4.0; 2
3.0, -6.0, 4.0; 4
4.0, -6.0, 4.0; 2
6.0, -6.0, 4.0; 1
7.0, -6.0, 4.0; 1
-8.0, -5.0, 4.0; 2
-7.0, -5.0, 4.0; 5
-6.0, -5.0, 4.0; 28
-5.0, -5.0, 4.0; 48
-4.0, -5.0, 4.0; 28
-3.0, -5.0, 4.0; 20
-2.0, -5.0, 4.0; 23
-1.0, -5.0, 4.0; 21
0.0, -5.0, 4.0; 9
1.0, -5.0, 4.0; 2
2.0, -5.0, 4.0; 2
3.0, -5.0, 4.0; 4
4.0, -5.0, 4.0; 5
5.0, -5.0, 4.0; 2
6.0, -5.0, 4.0; 1
-8.0, -4.0, 4.0; 10
-7.0, -4.0, 4.0; 10
-6.0, -4.0, 4.0; 42
-5.0, -4.0, 4.0; 48
-4.0, -4.0, 4.0; 34
-3.0, -4.0, 4.0; 27
-2.0, -4.0, 4.0; 18
-1.0, -4.0, 4.0; 28
0.0, -4.0, 4.0; 18
1.0, -4.0, 4.0; 4
2.0, -4.0, 4.0; 2
3.0, -4.0, 4.0; 1
4.0, -4.0, 4.0; 3
5.0, -4.0, 4.0; 2
-9.0, -3.0, 4.0; 5
-8.0, -3.0, 4.0; 9
-7.0, -3.0, 4.0; 16
-6.0, -3.0, 4.0; 31
-5.0, -3.0, 4.0; 44
-4.0, -3.0, 4.0; 24
-3.0, -3.0, 4.0; 14
-2.0, -3.0, 4.0; 30
-1.0, -3.0, 4.0; 32
0.0, -3.0, 4.0; 11
1.0, -3.0, 4.0; 1
2.0, -3.0, 4.0; 2
-9.0, -2.0, 4.0; 6
-8.0, -2.0, 4.0; 6
-7.0, -2.0, 4.0; 6
-6.0, -2.0, 4.0; 23
-5.0, -2.0, 4.0; 32
-4.0, -2.0, 4.0; 35
-3.0, -2.0, 4.0; 29
-2.0, -2.0, 4.0; 26
-1.0, -2.0, 4.0; 16
0.0, -2.0, 4.0; 10
1.0, -2.0, 4.0; 6
2.0, -2.0, 4.0; 4
3.0, -2.0, 4.0; 1
4.0, -2.0, 4.0; 2
7.0, -2.0, 4.0; 1
-9.0, -1.0, 4.0; 10
-8.0, -1.0, 4.0; 11
-7.0, -1.0, 4.0; 5
-6.0, -1.0, 4.0; 11
-5.0, -1.0, 4.0; 7
-4.0, -1.0, 4.0; 9
-3.0, -1.0, 4.0; 7
-2.0, -1.0, 4.0; 11
-1.0, -1.0, 4.0; 16
0.0, -1.0, 4.0; 4
1.0, -1.0, 4.0; 5
2.0, -1.0, 4.0; 12
3.0, -1.0, 4.0; 1
4.0, -1.0, 4.0; 2
5.0, -1.0, 4.0; 1
-10.0, 0.0, 4.0; 1
-9.0, 0.0, 4.0; 6
-8.0, 0.0, 4.0; 11
-7.0, 0.0, 4.0; 4
-6.0, 0.0, 4.0; 5
-5.0, 0.0, 4.0; 6
-4.0, 0.0, 4.0; 11
-3.0, 0.0, 4.0; 7
-2.0, 0.0, 4.0; 10
-1.0, 0.0, 4.0; 3
1.0, 0.0, 4.0; 2
2.0, 0.0, 4.0; 3
3.0, 0.0, 4.0; 1
4.0, 0.0, 4.0; 2
8.0, 0.0, 4.0; 1
-9.0, 1.0, 4.0; 6
-8.0, 1.0, 4.0; 11
-7.0, 1.0, 4.0; 11
-6.0, 1.0, 4.0; 6
-5.0, 1.0, 4.0; 8
-4.0, 1.0, 4.0; 11
-3.0, 1.0, 4.0; 4
-2.0, 1.0, 4.0; 8
-1.0, 1.0, 4.0; 1
0.0, 1.0, 4.0; 3
1.0, 1.0, 4.0; 2
2.0, 1.0, 4.0; 2
3.0, 1.0, 4.0; 1
8.0, 1.0, 4.0; 1
-9.0, 2.0, 4.0; 8
-8.0, 2.0, 4.0; 9
-7.0, 2.0, 4.0; 14
-6.0, 2.0, 4.0; 12
-5.0, 2.0, 4.0; 7
-4.0, 2.0, 4.0; 11
-3.0, 2.0, 4.0; 4
-2.0, 2.0, 4.0; 5
-1.0, 2.0, 4.0; 3
0.0, 2.0, 4.0; 11
1.0, 2.0, 4.0; 14
2.0, 2.0, 4.0; 1
4.0, 2.0, 4.0; 1
6.0, 2.0, 4.0; 2
-9.0, 3.0, 4.0; 1
-8.0, 3.0, 4.0; 5
-7.0, 3.0, 4.0; 33
-6.0, 3.0, 4.0; 18
-5.0, 3.0, 4.0; 16
-4.0, 3.0, 4.0; 3
-3.0, 3.0, 4.0; 1
-2.0, 3.0, 4.0; 1
-1.0, 3.0, 4.0; 2
0.0, 3.0, 4.0; 10
1.0, 3.0, 4.0; 10
2.0, 3.0, 4.0; 7
3.0, 3.0, 4.0; 1
5.0, 3.0, 4.0; 1
-8.0, 4.0, 4.0; 4
-7.0, 4.0, 4.0; 17
-6.0, 4.0, 4.0; 12
-5.0, 4.0, 4.0; 12
-4.0, 4.0, 4.0; 9
-3.0, 4.0, 4.0; 7
-2.0, 4.0, 4.0; 1
-1.0, 4.0, 4.0; 2
0.0, 4.0, 4.0; 2
1.0, 4.0, 4.0; 2
2.0, 4.0, 4.0; 1
4.0, 4.0, 4.0; 1
5.0, 4.0, 4.0; 2
6.0, 4.0, 4.0; 3
-8.0, 5.0, 4.0; 1
-7.0, 5.0, 4.0; 12
-6.0, 5.0, 4.0; 2
-5.0, 5.0, 4.0; 7
-4.0, 5.0, 4.0; 8
-3.0, 5.0, 4.0; 6
-2.0, 5.0, 4.0; 3
0.0, 5.0, 4.0; 1
1.0, 5.0, 4.0; 2
2.0, 5.0, 4.0; 3
3.0, 5.0, 4.0; 2
4.0, 5.0, 4.0; 1
6.0, 5.0, 4.0; 1
-7.0, 6.0, 4.0; 2
-6.0, 6.0, 4.0; 10
-5.0, 6.0, 4.0; 15
-4.0, 6.0, 4.0; 19
-3.0, 6.0, 4.0; 5
-2.0, 6.0, 4.0; 6
-1.0, 6.0, 4.0; 9
0.0, 6.0, 4.0; 8
1.0, 6.0, 4.0; 2
2.0, 6.0, 4.0; 4
4.0, 6.0, 4.0; 3
-5.0, 7.0, 4.0; 4
-4.0, 7.0, 4.0; 6
-3.0, 7.0, 4.0; 9
-2.0, 7.0, 4.0; 7
-1.0, 7.0, 4.0; 12
0.0, 7.0, 4.0; 5
1.0, 7.0, 4.0; 6
2.0, 7.0, 4.0; 8
3.0, 7.0, 4.0; 1
4.0, 7.0, 4.0; 1
5.0, 7.0, 4.0; 1
-4.0, 8.0, 4.0; 1
-3.0, 8.0, 4.0; 4
-2.0, 8.0, 4.0; 8
-1.0, 8.0, 4.0; 9
0.0, 8.0, 4.0; 6
1.0, 8.0, 4.0; 5
-2.0, -9.0, 5.0; 2
-1.0, -9.0, 5.0; 3
0.0, -9.0, 5.0; 5
1.0, -9.0, 5.0; 1
2.0, -9.0, 5.0; 1
-5.0, -8.0, 5.0; 1
-4.0, -8.0, 5.0; 4
-3.0, -8.0, 5.0; 6
-2.0, -8.0, 5.0; 7
-1.0, -8.0, 5.0; 7
0.0, -8.0, 5.0; 8
1.0, -8.0, 5.0; 6
2.0, -8.0, 5.0; 7
3.0, -8.0, 5.0; 1
-5.0, -7.0, 5.0; 10
-4.0, -7.0, 5.0; 18
-3.0, -7.0, 5.0; 16
-2.0, -7.0, 5.0; 15
-1.0, -7.0, 5.0; 7
0.0, -7.0, 5.0; 7
1.0, -7.0, 5.0; 8
2.0, -7.0, 5.0; 4
3.0, -7.0, 5.0; 1
4.0, -7.0, 5.0; 1
-7.0, -6.0, 5.0; 1
-6.0, -6.0, 5.0; 13
-5.0, -6.0, 5.0; 9
-4.0, -6.0, 5.0; 12
-3.0, -6.0, 5.0; 16
-2.0, -6.0, 5.0; 12
-1.0, -6.0, 5.0; 7
0.0, -6.0, 5.0; 8
1.0, -6.0, 5.0; 5
2.0, -6.0, 5.0; 4
3.0, -6.0, 5.0; 4
5.0, -6.0, 5.0; 1
-7.0, -5.0, 5.0; 5
-6.0, -5.0, 5.0; 7
-5.0, -5.0, 5.0; 13
-4.0, -5.0, 5.0; 16
-3.0, -5.0, 5.0; 22
-2.0, -5.0, 5.0; 10
-1.0, -5.0, 5.0; 7
0.0, -5.0, 5.0; 4
1.0, -5.0, 5.0; 1
2.0, -5.0, 5.0; 2
3.0, -5.0, 5.0; 2
4.0, -5.0, 5.0; 1
7.0, -5.0, 5.0; 1
-8.0, -4.0, 5.0; 5
-7.0, -4.0, 5.0; 4
-6.0, -4.0, 5.0; 9
-5.0, -4.0, 5.0; 18
-4.0, -4.0, 5.0; 13
-3.0, -4.0, 5.0; 12
-2.0, -4.0, 5.0; 3
-1.0, -4.0, 5.0; 2
0.0, -4.0, 5.0; 2
2.0, -4.0, 5.0; 1
4.0, -4.0, 5.0; 1
-8.0, -3.0, 5.0; 4
-7.0, -3.0, 5.0; 4
-6.0, -3.0, 5.0; 4
-5.0, -3.0, 5.0; 11
-4.0, -3.0, 5.0; 5
-3.0, -3.0, 5.0; 4
-2.0, -3.0, 5.0; 6
-1.0, -3.0, 5.0; 2
0.0, -3.0, 5.0; 6
1.0, -3.0, 5.0; 1
2.0, -3.0, 5.0; 1
4.0, -3.0, 5.0; 1
5.0, -3.0, 5.0; 2
7.0, -3.0, 5.0; 1
-9.0, -2.0, 5.0; 1
-8.0, -2.0, 5.0; 10
-7.0, -2.0, 5.0; 7
-6.0, -2.0, 5.0; 4
-5.0, -2.0, 5.0; 2
-4.0, -2.0, 5.0; 4
-3.0, -2.0, 5.0; 5
-2.0, -2.0, 5.0; 5
-1.0, -2.0, 5.0; 4
0.0, -2.0, 5.0; 1
1.0, -2.0, 5.0; 3
2.0, -2.0, 5.0; 1
3.0, -2.0, 5.0; 1
4.0, -2.0, 5.0; 1
-9.0, -1.0, 5.0; 1
-8.0, -1.0, 5.0; 12
-7.0, -1.0, 5.0; 6
-6.0, -1.0, 5.0; 10
-5.0, -1.0, 5.0; 5
-4.0, -1.0, 5.0; 7
-3.0, -1.0, 5.0; 2
-2.0, -1.0, 5.0; 1
-1.0, -1.0, 5.0; 3
1.0, -1.0, 5.0; 2
2.0, -1.0, 5.0; 5
4.0, -1.0, 5.0; 1
-9.0, 0.0, 5.0; 3
-8.0, 0.0, 5.0; 6
-7.0, 0.0, 5.0; 10
-6.0, 0.0, 5.0; 2
-5.0, 0.0, 5.0; 6
-4.0, 0.0, 5.0; 4
-3.0, 0.0, 5.0; 5
-2.0, 0.0, 5.0; 2
-1.0, 0.0, 5.0; 2
2.0, 0.0, 5.0; 1
-9.0, 1.0, 5.0; 2
-8.0, 1.0, 5.0; 10
-7.0, 1.0, 5.0; 10
-6.0, 1.0, 5.0; 7
-5.0, 1.0, 5.0; 2
-4.0, 1.0, 5.0; 2
-3.0, 1.0, 5.0; 5
-2.0, 1.0, 5.0; 7
-1.0, 1.0, 5.0; 4
0.0, 1.0, 5.0; 6
1.0, 1.0, 5.0; 1
4.0, 1.0, 5.0; 1
-9.0, 2.0, 5.0; 1
-8.0, 2.0, 5.0; 6
-7.0, 2.0, 5.0; 9
-6.0, 2.0, 5.0; 5
-5.0, 2.0, 5.0; 2
-4.0, 2.0, 5.0; 6
-3.0, 2.0, 5.0; 4
-2.0, 2.0, 5.0; 11
-1.0, 2.0, 5.0; 13
0.0, 2.0, 5.0; 6
2.0, 2.0, 5.0; 1
3.0, 2.0, 5.0; 1
4.0, 2.0, 5.0; 1
-8.0, 3.0, 5.0; 4
-7.0, 3.0, 5.0; 4
-6.0, 3.0, 5.0; 10
-5.0, 3.0, 5.0; 2
-4.0, 3.0, 5.0; 3
-3.0, 3.0, 5.0; 2
-2.0, 3.0, 5.0; 4
-1.0, 3.0, 5.0; 13
0.0, 3.0, 5.0; 8
1.0, 3.0, 5.0; 1
2.0, 3.0, 5.0; 1
3.0, 3.0, 5.0; 2
4.0, 3.0, 5.0; 1
5.0, 3.0, 5.0; 2
-7.0, 4.0, 5.0; 7
-6.0, 4.0, 5.0; 6
-5.0, 4.0, 5.0; 9
-4.0, 4.0, 5.0; 11
-3.0, 4.0, 5.0; 6
-2.0, 4.0, 5.0; 6
-1.0, 4.0, 5.0; 4
0.0, 4.0, 5.0; 1
1.0, 4.0, 5.0; 1
2.0, 4.0, 5.0; 2
3.0, 4.0, 5.0; 3
4.0, 4.0, 5.0; 3
-7.0, 5.0, 5.0; 1
-6.0, 5.0, 5.0; 7
-5.0, 5.0, 5.0; 8
-4.0, 5.0, 5.0; 7
-3.0, 5.0, 5.0; 8
-2.0, 5.0, 5.0; 4
-1.0, 5.0, 5.0; 5
0.0, 5.0, 5.0; 4
1.0, 5.0, 5.0; 6
2.0, 5.0, 5.0; 4
4.0, 5.0, 5.0; 1
-6.0, 6.0, 5.0; 2
-5.0, 6.0, 5.0; 6
-4.0, 6.0, 5.0; 7
-3.0, 6.0, 5.0; 7
-2.0, 6.0, 5.0; 5
-1.0, 6.0, 5.0; 6
0.0, 6.0, 5.0; 6
1.0, 6.0, 5.0; 3
3.0, 6.0, 5.0; 1
4.0, 6.0, 5.0; 1
-4.0, 7.0, 5.0; 2
-3.0, 7.0, 5.0; 4
-2.0, 7.0, 5.0; 8
-1.0, 7.0, 5.0; 7
0.0, 7.0, 5.0; 5
-2.0, 8.0, 5.0; 1
-1.0, 8.0, 5.0; 1
0.0, 8.0, 5.0; 1
1.0, 8.0, 5.0; 1
-4.0, -8.0, 6.0; 1
-3.0, -8.0, 6.0; 1
-2.0, -8.0, 6.0; 6
-1.0, -8.0, 6.0; 6
0.0, -8.0, 6.0; 2
1.0, -8.0, 6.0; 6
2.0, -8.0, 6.0; 2
-5.0, -7.0, 6.0; 1
-4.0, -7.0, 6.0; 5
-3.0, -7.0, 6.0; 6
-2.0, -7.0, 6.0; 8
-1.0, -7.0, 6.0; 7
0.0, -7.0, 6.0; 8
1.0, -7.0, 6.0; 6
2.0, -7.0, 6.0; 1
3.0, -7.0, 6.0; 1
-6.0, -6.0, 6.0; 3
-5.0, -6.0, 6.0; 8
-4.0, -6.0, 6.0; 2
-3.0, -6.0, 6.0; 13
-2.0, -6.0, 6.0; 7
-1.0, -6.0, 6.0; 8
0.0, -6.0, 6.0; 7
1.0, -6.0, 6.0; 4
2.0, -6.0, 6.0; 3
3.0, -6.0, 6.0; 2
4.0, -6.0, 6.0; 1
-6.0, -5.0, 6.0; 6
-5.0, -5.0, 6.0; 6
-4.0, -5.0, 6.0; 6
-3.0, -5.0, 6.0; 5
-2.0, -5.0, 6.0; 6
-1.0, -5.0, 6.0; 3
0.0, -5.0, 6.0; 3
1.0, -5.0, 6.0; 4
2.0, -5.0, 6.0; 3
3.0, -5.0, 6.0; 2
4.0, -5.0, 6.0; 1
5.0, -5.0, 6.0; 1
6.0, -5.0, 6.0; 1
-7.0, -4.0, 6.0; 4
-6.0, -4.0, 6.0; 5
-5.0, -4.0, 6.0; 2
-4.0, -4.0, 6.0; 6
-3.0, -4.0, 6.0; 3
-2.0, -4.0, 6.0; 2
-1.0, -4.0, 6.0; 2
0.0, -4.0, 6.0; 3
1.0, -4.0, 6.0; 1
2.0, -4.0, 6.0; 3
3.0, -4.0, 6.0; 1
6.0, -4.0, 6.0; 1
-8.0, -3.0, 6.0; 2
-7.0, -3.0, 6.0; 5
-6.0, -3.0, 6.0; 6
-5.0, -3.0, 6.0; 5
-4.0, -3.0, 6.0; 2
-3.0, -3.0, 6.0; 2
-1.0, -3.0, 6.0; 2
1.0, -3.0, 6.0; 2
2.0, -3.0, 6.0; 1
3.0, -3.0, 6.0; 1
6.0, -3.0, 6.0; 1
-8.0, -2.0, 6.0; 3
-7.0, -2.0, 6.0; 9
-6.0, -2.0, 6.0; 5
-5.0, -2.0, 6.0; 2
-4.0, -2.0, 6.0; 9
-3.0, -2.0, 6.0; 1
-2.0, -2.0, 6.0; 3
-1.0, -2.0, 6.0; 2
0.0, -2.0, 6.0; 1
1.0, -2.0, 6.0; 1
2.0, -2.0, 6.0; 6
3.0, -2.0, 6.0; 1
4.0, -2.0, 6.0; 1
-8.0, -1.0, 6.0; 4
-7.0, -1.0, 6.0; 12
-6.0, -1.0, 6.0; 4
-5.0, -1.0, 6.0; 4
-4.0, -1.0, 6.0; 5
-3.0, -1.0, 6.0; 6
-2.0, -1.0, 6.0; 2
-1.0, -1.0, 6.0; 2
0.0, -1.0, 6.0; 4
1.0, -1.0, 6.0; 4
2.0, -1.0, 6.0; 3
-8.0, 0.0, 6.0; 5
-7.0, 0.0, 6.0; 5
-6.0, 0.0, 6.0; 5
-5.0, 0.0, 6.0; 6
-4.0, 0.0, 6.0; 5
-3.0, 0.0, 6.0; 2
-2.0, 0.0, 6.0; 2
-1.0, 0.0, 6.0; 2
0.0, 0.0, 6.0; 2
1.0, 0.0, 6.0; 1
2.0, 0.0, 6.0; 1
4.0, 0.0, 6.0; 1
-7.0, 1.0, 6.0; 3
-6.0, 1.0, 6.0; 8
-5.0, 1.0, 6.0; 7
-4.0, 1.0, 6.0; 4
-3.0, 1.0, 6.0; 1
-2.0, 1.0, 6.0; 1
-1.0, 1.0, 6.0; 5
0.0, 1.0, 6.0; 1
4.0, 1.0, 6.0; 1
-7.0, 2.0, 6.0; 2
-6.0, 2.0, 6.0; 4
-5.0, 2.0, 6.0; 1
-4.0, 2.0, 6.0; 5
-3.0, 2.0, 6.0; 4
-2.0, 2.0, 6.0; 2
-1.0, 2.0, 6.0; 1
0.0, 2.0, 6.0; 1
2.0, 2.0, 6.0; 1
-7.0, 3.0, 6.0; 2
-6.0, 3.0, 6.0; 8
-5.0, 3.0, 6.0; 4
-4.0, 3.0, 6.0; 4
-3.0, 3.0, 6.0; 2
-2.0, 3.0, 6.0; 2
-1.0, 3.0, 6.0; 1
1.0, 3.0, 6.0; 2
3.0, 3.0, 6.0; 2
4.0, 3.0, 6.0; 1
5.0, 3.0, 6.0; 1
-7.0, 4.0, 6.0; 3
-6.0, 4.0, 6.0; 6
-5.0, 4.0, 6.0; 2
-4.0, 4.0, 6.0; 6
-3.0, 4.0, 6.0; 6
-2.0, 4.0, 6.0; 4
-1.0, 4.0, 6.0; 2
1.0, 4.0, 6.0; 2
3.0, 4.0, 6.0; 1
-6.0, 5.0, 6.0; 1
-5.0, 5.0, 6.0; 6
-4.0, 5.0, 6.0; 4
-3.0, 5.0, 6.0; 1
-2.0, 5.0, 6.0; 1
-1.0, 5.0, 6.0; 2
0.0, 5.0, 6.0; 1
1.0, 5.0, 6.0; 2
2.0, 5.0, 6.0; 3
4.0, 5.0, 6.0; 3
-4.0, 6.0, 6.0; 2
-3.0, 6.0, 6.0; 1
-1.0, 6.0, 6.0; 1
0.0, 6.0, 6.0; 1
1.0, 6.0, 6.0; 2
2.0, 6.0, 6.0; 1
-3.0, 7.0, 6.0; 1
0.0, 7.0, 6.0; 1
1.0, 7.0, 6.0; 1
2.0, 7.0, 6.0; 1
-4.0, -7.0, 7.0; 1
-3.0, -7.0, 7.0; 4
-2.0, -7.0, 7.0; 5
-1.0, -7.0, 7.0; 5
0.0, -7.0, 7.0; 4
-4.0, -6.0, 7.0; 4
-3.0, -6.0, 7.0; 7
-2.0, -6.0, 7.0; 12
-1.0, -6.0, 7.0; 8
0.0, -6.0, 7.0; 2
1.0, -6.0, 7.0; 1
2.0, -6.0, 7.0; 1
-6.0, -5.0, 7.0; 2
-5.0, -5.0, 7.0; 8
-4.0, -5.0, 7.0; 8
-3.0, -5.0, 7.0; 8
-2.0, -5.0, 7.0; 4
-1.0, -5.0, 7.0; 6
0.0, -5.0, 7.0; 1
1.0, -5.0, 7.0; 2
2.0, -5.0, 7.0; 2
-7.0, -4.0, 7.0; 1
-6.0, -4.0, 7.0; 6
-5.0, -4.0, 7.0; 13
-4.0, -4.0, 7.0; 5
-3.0, -4.0, 7.0; 8
-2.0, -4.0, 7.0; 7
-1.0, -4.0, 7.0; 6
0.0, -4.0, 7.0; 1
1.0, -4.0, 7.0; 1
2.0, -4.0, 7.0; 2
3.0, -4.0, 7.0; 2
-7.0, -3.0, 7.0; 2
-6.0, -3.0, 7.0; 8
-5.0, -3.0, 7.0; 14
-4.0, -3.0, 7.0; 2
-3.0, -3.0, 7.0; 3
-2.0, -3.0, 7.0; 2
-1.0, -3.0, 7.0; 3
1.0, -3.0, 7.0; 1
3.0, -3.0, 7.0; 1
-7.0, -2.0, 7.0; 5
-6.0, -2.0, 7.0; 9
-5.0, -2.0, 7.0; 5
-4.0, -2.0, 7.0; 3
-3.0, -2.0, 7.0; 2
-2.0, -2.0, 7.0; 3
-1.0, -2.0, 7.0; 5
0.0, -2.0, 7.0; 3
5.0, -2.0, 7.0; 2
6.0, -2.0, 7.0; 1
-7.0, -1.0, 7.0; 3
-6.0, -1.0, 7.0; 6
-5.0, -1.0, 7.0; 10
-4.0, -1.0, 7.0; 2
-3.0, -1.0, 7.0; 1
-2.0, -1.0, 7.0; 4
-1.0, -1.0, 7.0; 4
0.0, -1.0, 7.0; 1
1.0, -1.0, 7.0; 4
2.0, -1.0, 7.0; 1
-7.0, 0.0, 7.0; 2
-6.0, 0.0, 7.0; 5
-5.0, 0.0, 7.0; 3
-4.0, 0.0, 7.0; 3
-3.0, 0.0, 7.0; 3
-2.0, 0.0, 7.0; 3
-1.0, 0.0, 7.0; 1
0.0, 0.0, 7.0; 2
1.0, 0.0, 7.0; 2
4.0, 0.0, 7.0; 1
-7.0, 1.0, 7.0; 1
-6.0, 1.0, 7.0; 3
-5.0, 1.0, 7.0; 4
-4.0, 1.0, 7.0; 5
-3.0, 1.0, 7.0; 4
-1.0, 1.0, 7.0; 1
0.0, 1.0, 7.0; 3
1.0, 1.0, 7.0; 1
2.0, 1.0, 7.0; 1
3.0, 1.0, 7.0; 2
-6.0, 2.0, 7.0; 3
-5.0, 2.0, 7.0; 2
-4.0, 2.0, 7.0; 3
-3.0, 2.0, 7.0; 2
-2.0, 2.0, 7.0; 1
-1.0, 2.0, 7.0; 2
1.0, 2.0, 7.0; 2
2.0, 2.0, 7.0; 1
-6.0, 3.0, 7.0; 2
-5.0, 3.0, 7.0; 2
-4.0, 3.0, 7.0; 4
-3.0, 3.0, 7.0; 3
-2.0, 3.0, 7.0; 1
-1.0, 3.0, 7.0; 2
0.0, 3.0, 7.0; 3
2.0, 3.0, 7.0; 6
4.0, 3.0, 7.0; 1
-4.0, 4.0, 7.0; 3
-3.0, 4.0, 7.0; 2
-2.0, 4.0, 7.0; 2
0.0, 4.0, 7.0; 1
1.0, 4.0, 7.0; 1
-5.0, 5.0, 7.0; 1
-4.0, 5.0, 7.0; 1
-2.0, 5.0, 7.0; 1
-1.0, 5.0, 7.0; 2
0.0, 5.0, 7.0; 1
2.0, 5.0, 7.0; 1
-4.0, 6.0, 7.0; 1
-1.0, 6.0, 7.0; 1
1.0, 6.0, 7.0; 1
-2.0, -6.0, 8.0; 1
-3.0, -5.0, 8.0; 3
-1.0, -5.0, 8.0; 1
1.0, -5.0, 8.0; 1
-5.0, -4.0, 8.0; 1
-4.0, -4.0, 8.0; 5
-3.0, -4.0, 8.0; 7
-2.0, -4.0, 8.0; 2
-1.0, -4.0, 8.0; 2
0.0, -4.0, 8.0; 1
1.0, -4.0, 8.0; 1
4.0, -4.0, 8.0; 1
-6.0, -3.0, 8.0; 1
-5.0, -3.0, 8.0; 5
-4.0, -3.0, 8.0; 5
-3.0, -3.0, 8.0; 5
-2.0, -3.0, 8.0; 7
-1.0, -3.0, 8.0; 3
-6.0, -2.0, 8.0; 1
-5.0, -2.0, 8.0; 3
-4.0, -2.0, 8.0; 1
-3.0, -2.0, 8.0; 4
-2.0, -2.0, 8.0; 3
-1.0, -2.0, 8.0; 1
1.0, -2.0, 8.0; 1
4.0, -2.0, 8.0; 1
-3.0, -1.0, 8.0; 2
-2.0, -1.0, 8.0; 3
-1.0, -1.0, 8.0; 1
2.0, -1.0, 8.0; 1
-5.0, 0.0, 8.0; 3
-4.0, 0.0, 8.0; 1
-3.0, 0.0, 8.0; 2
-1.0, 0.0, 8.0; 5
0.0, 0.0, 8.0; 2
1.0, 0.0, 8.0; 1
-5.0, 1.0, 8.0; 1
-3.0, 1.0, 8.0; 3
1.0, 1.0, 8.0; 2
-5.0, 2.0, 8.0; 1
-4.0, 2.0, 8.0; 2
-3.0, 2.0, 8.0; 3
-2.0, 2.0, 8.0; 2
-1.0, 2.0, 8.0; 1
0.0, 2.0, 8.0; 2
1.0, 2.0, 8.0; 1
3.0, 2.0, 8.0; 1
-4.0, 3.0, 8.0; 3
-3.0, 3.0, 8.0; 4
-2.0, 3.0, 8.0; 7
-1.0, 3.0, 8.0; 3
0.0, 3.0, 8.0; 2
2.0, 3.0, 8.0; 1
-4.0, 4.0, 8.0; 4
-3.0, 4.0, 8.0; 1
-2.0, 4.0, 8.0; 3
-1.0, 4.0, 8.0; 2
0.0, 4.0, 8.0; 4
0.0, 5.0, 8.0; 1
-2.0, -3.0, 9.0; 1
1.0, -3.0, 9.0; 1
-2.0, -2.0, 9.0; 1
-1.0, -2.0, 9.0; 1
-4.0, -1.0, 9.0; 1
-3.0, -1.0, 9.0; 1
-1.0, 0.0, 9.0; 1
-3.0, 1.0, 9.0; 1
0.0, 1.0, 9.0; 1
-3.0, 2.0, 9.0; 1
-2.0, 2.0, 9.0; 1
1.0, 2.0, 9.0; 1
-3.0, -3.0, -10.0; 1
0.0, -3.0, -10.0; 1
1.0, -3.0, -10.0; 1
-4.0, -2.0, -10.0; 2
-3.0, -2.0, -10.0; 1
-2.0, -2.0, -10.0; 2
-1.0, -2.0, -10.0; 1
0.0, -2.0, -10.0; 1
4.0, -2.0, -10.0; 1
-4.0, -1.0, -10.0; 1
-3.0, -1.0, -10.0; 1
-2.0, -1.0, -10.0; 1
-1.0, -1.0, -10.0; 3
0.0, -1.0, -10.0; 2
1.0, -1.0, -10.0; 2
2.0, -1.0, -10.0; 1
-4.0, 0.0, -10.0; 1
-3.0, 0.0, -10.0; 2
-2.0, 0.0, -10.0; 6
-1.0, 0.0, -10.0; 2
0.0, 0.0, -10.0; 1
1.0, 0.0, -10.0; 3
2.0, 0.0, -10.0; 2
3.0, 0.0, -10.0; 1
-3.0, 1.0, -10.0; 1
-2.0, 1.0, -10.0; 3
-1.0, 1.0, -10.0; 3
0.0, 1.0, -10.0; 1
2.0, 1.0, -10.0; 1
3.0, 1.0, -10.0; 2
-3.0, 2.0, -10.0; 1
-2.0, 2.0, -10.0; 1
-1.0, 2.0, -10.0; 1
1.0, 2.0, -10.0; 4
-2.0, 3.0, -10.0; 1
-1.0, 3.0, -10.0; 1
0.0, 3.0, -10.0; 1
2.0, 3.0, -10.0; 1
-1.0, -5.0, -9.0; 3
0.0, -5.0, -9.0; 1
2.0, -5.0, -9.0; 1
3.0, -5.0, -9.0; 1
-5.0, -4.0, -9.0; 1
-3.0, -4.0, -9.0; 1
0.0, -4.0, -9.0; 1
2.0, -4.0, -9.0; 1
-6.0, -3.0, -9.0; 1
-5.0, -3.0, -9.0; 2
-3.0, -3.0, -9.0; 1
-2.0, -3.0, -9.0; 1
1.0, -3.0, -9.0; 2
2.0, -3.0, -9.0; 1
-6.0, -2.0, -9.0; 1
-5.0, -2.0, -9.0; 2
-4.0, -2.0, -9.0; 5
-3.0, -2.0, -9.0; 1
-2.0, -2.0, -9.0; 1
-1.0, -2.0, -9.0; 1
2.0, -2.0, -9.0; 2
4.0, -2.0, -9.0; 2
-6.0, -1.0, -9.0; 2
-5.0, -1.0, -9.0; 2
-3.0, -1.0, -9.0; 2
-2.0, -1.0, -9.0; 4
0.0, -1.0, -9.0; 3
1.0, -1.0, -9.0; 2
3.0, -1.0, -9.0; 1
-6.0, 0.0, -9.0; 1
-5.0, 0.0, -9.0; 3
-4.0, 0.0, -9.0; 5
-3.0, 0.0, -9.0; 8
-2.0, 0.0, -9.0; 2
-1.0, 0.0, -9.0; 1
0.0, 0.0, -9.0; 7
1.0, 0.0, -9.0; 3
2.0, 0.0, -9.0; 1
3.0, 0.0, -9.0; 4
4.0, 0.0, -9.0; 1
-6.0, 1.0, -9.0; 1
-5.0, 1.0, -9.0; 6
-4.0, 1.0, -9.0; 10
-3.0, 1.0, -9.0; 9
-2.0, 1.0, -9.0; 8
-1.0, 1.0, -9.0; 7
0.0, 1.0, -9.0; 3
1.0, 1.0, -9.0; 5
2.0, 1.0, -9.0; 1
3.0, 1.0, -9.0; 2
4.0, 1.0, -9.0; 1
-5.0, 2.0, -9.0; 3
-4.0, 2.0, -9.0; 6
-3.0, 2.0, -9.0; 17
-2.0, 2.0, -9.0; 4
-1.0, 2.0, -9.0; 10
0.0, 2.0, -9.0; 7
1.0, 2.0, -9.0; 4
2.0, 2.0, -9.0; 2
3.0, 2.0, -9.0; 2
-5.0, 3.0, -9.0; 4
-4.0, 3.0, -9.0; 6
-3.0, 3.0, -9.0; 12
-2.0, 3.0, -9.0; 10
-1.0, 3.0, -9.0; 6
0.0, 3.0, -9.0; 3
1.0, 3.0, -9.0; 3
2.0, 3.0, -9.0; 1
3.0, 3.0, -9.0; 2
4.0, 3.0, -9.0; 1
-4.0, 4.0, -9.0; 1
-3.0, 4.0, -9.0; 2
-2.0, 4.0, -9.0; 3
-1.0, 4.0, -9.0; 3
0.0, 4.0, -9.0; 4
1.0, 4.0, -9.0; 1
2.0, 4.0, -9.0; 1
-3.0, 5.0, -9.0; 1
-2.0, 5.0, -9.0; 1
-1.0, 5.0, -9.0; 2
0.0, 5.0, -9.0; 2
-3.0, -7.0, -8.0; 1
-2.0, -7.0, -8.0; 1
-1.0, -7.0, -8.0; 1
0.0, -7.0, -8.0; 3
-3.0, -6.0, -8.0; 1
-2.0, -6.0, -8.0; 2
-1.0, -6.0, -8.0; 1
1.0, -6.0, -8.0; 2
3.0, -6.0, -8.0; 1
-4.0, -5.0, -8.0; 2
-3.0, -5.0, -8.0; 2
-1.0, -5.0, -8.0; 1
2.0, -5.0, -8.0; 1
3.0, -5.0, -8.0; 2
-6.0, -4.0, -8.0; 2
-4.0, -4.0, -8.0; 2
-3.0, -4.0, -8.0; 1
-2.0, -4.0, -8.0; 1
0.0, -4.0, -8.0; 1
2.0, -4.0, -8.0; 1
4.0, -4.0, -8.0; 1
-7.0, -3.0, -8.0; 1
-6.0, -3.0, -8.0; 2
-5.0, -3.0, -8.0; 3
-4.0, -3.0, -8.0; 1
-3.0, -3.0, -8.0; 1
-2.0, -3.0, -8.0; 4
2.0, -3.0, -8.0; 1
3.0, -3.0, -8.0; 1
-6.0, -2.0, -8.0; 2
-5.0, -2.0, -8.0; 6
-3.0, -2.0, -8.0; 4
-2.0, -2.0, -8.0; 2
-1.0, -2.0, -8.0; 2
0.0, -2.0, -8.0; 2
2.0, -2.0, -8.0; 1
4.0, -2.0, -8.0; 1
5.0, -2.0, -8.0; 1
-7.0, -1.0, -8.0; 3
-5.0, -1.0, -8.0; 15
-4.0, -1.0, -8.0; 19
-3.0, -1.0, -8.0; 10
-2.0, -1.0, -8.0; 2
-1.0, -1.0, -8.0; 3
0.0, -1.0, -8.0; 1
1.0, -1.0, -8.0; 2
2.0, -1.0, -8.0; 2
3.0, -1.0, -8.0; 1
4.0, -1.0, -8.0; 1
-7.0, 0.0, -8.0; 5
-6.0, 0.0, -8.0; 5
-5.0, 0.0, -8.0; 6
-4.0, 0.0, -8.0; 11
-3.0, 0.0, -8.0; 3
-2.0, 0.0, -8.0; 2
-1.0, 0.0, -8.0; 2
0.0, 0.0, -8.0; 2
1.0, 0.0, -8.0; 2
2.0, 0.0, -8.0; 5
3.0, 0.0, -8.0; 2
4.0, 0.0, -8.0; 2
6.0, 0.0, -8.0; 1
-7.0, 1.0, -8.0; 4
-6.0, 1.0, -8.0; 10
-5.0, 1.0, -8.0; 9
-4.0, 1.0, -8.0; 7
-3.0, 1.0, -8.0; 4
0.0, 1.0, -8.0; 2
1.0, 1.0, -8.0; 5
2.0, 1.0, -8.0; 5
4.0, 1.0, -8.0; 4
5.0, 1.0, -8.0; 1
-7.0, 2.0, -8.0; 1
-6.0, 2.0, -8.0; 6
-5.0, 2.0, -8.0; 14
-4.0, 2.0, -8.0; 7
-3.0, 2.0, -8.0; 9
-2.0, 2.0, -8.0; 5
-1.0, 2.0, -8.0; 3
0.0, 2.0, -8.0; 4
1.0, 2.0, -8.0; 3
2.0, 2.0, -8.0; 1
3.0, 2.0, -8.0; 3
4.0, 2.0, -8.0; 4
5.0, 2.0, -8.0; 1
-6.0, 3.0, -8.0; 3
-5.0, 3.0, -8.0; 7
-4.0, 3.0, -8.0; 10
-3.0, 3.0, -8.0; 13
-2.0, 3.0, -8.0; 4
-1.0, 3.0, -8.0; 3
0.0, 3.0, -8.0; 5
1.0, 3.0, -8.0; 2
2.0, 3.0, -8.0; 4
3.0, 3.0, -8.0; 3
4.0, 3.0, -8.0; 4
5.0, 3.0, -8.0; 4
-6.0, 4.0, -8.0; 1
-5.0, 4.0, -8.0; 6
-4.0, 4.0, -8.0; 13
-3.0, 4.0, -8.0; 7
-2.0, 4.0, -8.0; 8
-1.0, 4.0, -8.0; 4
0.0, 4.0, -8.0; 7
2.0, 4.0, -8.0; 2
3.0, 4.0, -8.0; 1
4.0, 4.0, -8.0; 2
5.0, 4.0, -8.0; 1
-4.0, 5.0, -8.0; 3
-3.0, 5.0, -8.0; 7
-2.0, 5.0, -8.0; 5
-1.0, 5.0, -8.0; 2
0.0, 5.0, -8.0; 3
1.0, 5.0, -8.0; 3
2.0, 5.0, -8.0; 6
-4.0, 6.0, -8.0; 1
0.0, 6.0, -8.0; 1
2.0, 6.0, -8.0; 2
-2.0, -8.0, -7.0; 2
-1.0, -8.0, -7.0; 2
0.0, -8.0, -7.0; 2
1.0, -8.0, -7.0; 2
-4.0, -7.0, -7.0; 2
-3.0, -7.0, -7.0; 3
-1.0, -7.0, -7.0; 1
0.0, -7.0, -7.0; 3
1.0, -7.0, -7.0; 2
2.0, -7.0, -7.0; 3
-6.0, -6.0, -7.0; 1
-5.0, -6.0, -7.0; 1
-4.0, -6.0, -7.0; 2
0.0, -6.0, -7.0; 2
1.0, -6.0, -7.0; 1
3.0, -6.0, -7.0; 2
5.0, -6.0, -7.0; 1
-6.0, -5.0, -7.0; 3
-5.0, -5.0, -7.0; 5
-4.0, -5.0, -7.0; 1
-3.0, -5.0, -7.0; 1
-1.0, -5.0, -7.0; 1
1.0, -5.0, -7.0; 1
4.0, -5.0, -7.0; 1
-6.0, -4.0, -7.0; 6
-5.0, -4.0, -7.0; 3
-4.0, -4.0, -7.0; 1
-3.0, -4.0, -7.0; 2
-1.0, -4.0, -7.0; 2
0.0, -4.0, -7.0; 3
2.0, -4.0, -7.0; 1
5.0, -4.0, -7.0; 1
-7.0, -3.0, -7.0; 4
-6.0, -3.0, -7.0; 7
-5.0, -3.0, -7.0; 6
-4.0, -3.0, -7.0; 2
-3.0, -3.0, -7.0; 2
-2.0, -3.0, -7.0; 3
-1.0, -3.0, -7.0; 2
0.0, -3.0, -7.0; 2
1.0, -3.0, -7.0; 3
-8.0, -2.0, -7.0; 3
-7.0, -2.0, -7.0; 5
-6.0, -2.0, -7.0; 18
-5.0, -2.0, -7.0; 4
-4.0, -2.0, -7.0; 5
-3.0, -2.0, -7.0; 6
-2.0, -2.0, -7.0; 11
-1.0, -2.0, -7.0; 8
0.0, -2.0, -7.0; 3
2.0, -2.0, -7.0; 1
3.0, -2.0, -7.0; 2
5.0, -2.0, -7.0; 2
-8.0, -1.0, -7.0; 3
-7.0, -1.0, -7.0; 7
-6.0, -1.0, -7.0; 25
-5.0, -1.0, -7.0; 19
-4.0, -1.0, -7.0; 3
-2.0, -1.0, -7.0; 5
-1.0, -1.0, -7.0; 2
0.0, -1.0, -7.0; 4
1.0, -1.0, -7.0; 2
2.0, -1.0, -7.0; 3
3.0, -1.0, -7.0; 2
4.0, -1.0, -7.0; 2
5.0, -1.0, -7.0; 3
-8.0, 0.0, -7.0; 2
-7.0, 0.0, -7.0; 6
-6.0, 0.0, -7.0; 17
-5.0, 0.0, -7.0; 13
-3.0, 0.0, -7.0; 2
-2.0, 0.0, -7.0; 4
-1.0, 0.0, -7.0; 3
0.0, 0.0, -7.0; 1
1.0, 0.0, -7.0; 3
2.0, 0.0, -7.0; 3
3.0, 0.0, -7.0; 3
4.0, 0.0, -7.0; 1
5.0, 0.0, -7.0; 2
6.0, 0.0, -7.0; 1
-8.0, 1.0, -7.0; 2
-7.0, 1.0, -7.0; 4
-6.0, 1.0, -7.0; 7
-5.0, 1.0, -7.0; 6
-4.0, 1.0, -7.0; 3
-3.0, 1.0, -7.0; 4
0.0, 1.0, -7.0; 1
1.0, 1.0, -7.0; 4
2.0, 1.0, -7.0; 11
3.0, 1.0, -7.0; 4
4.0, 1.0, -7.0; 3
5.0, 1.0, -7.0; 1
6.0, 1.0, -7.0; 1
-7.0, 2.0, -7.0; 5
-6.0, 2.0, -7.0; 10
-5.0, 2.0, -7.0; 6
-4.0, 2.0, -7.0; 1
-3.0, 2.0, -7.0; 1
-2.0, 2.0, -7.0; 2
0.0, 2.0, -7.0; 5
1.0, 2.0, -7.0; 4
2.0, 2.0, -7.0; 4
3.0, 2.0, -7.0; 1
4.0, 2.0, -7.0; 2
5.0, 2.0, -7.0; 1
6.0, 2.0, -7.0; 3
7.0, 2.0, -7.0; 1
-8.0, 3.0, -7.0; 1
-7.0, 3.0, -7.0; 6
-6.0, 3.0, -7.0; 14
-5.0, 3.0, -7.0; 6
-4.0, 3.0, -7.0; 5
-3.0, 3.0, -7.0; 4
-2.0, 3.0, -7.0; 1
0.0, 3.0, -7.0; 4
1.0, 3.0, -7.0; 2
3.0, 3.0, -7.0; 1
4.0, 3.0, -7.0; 6
5.0, 3.0, -7.0; 1
6.0, 3.0, -7.0; 3
7.0, 3.0, -7.0; 1
-6.0, 4.0, -7.0; 8
-5.0, 4.0, -7.0; 6
-4.0, 4.0, -7.0; 8
-3.0, 4.0, -7.0; 5
-2.0, 4.0, -7.0; 2
-1.0, 4.0, -7.0; 2
0.0, 4.0, -7.0; 3
3.0, 4.0, -7.0; 2
4.0, 4.0, -7.0; 2
5.0, 4.0, -7.0; 1
-6.0, 5.0, -7.0; 3
-5.0, 5.0, -7.0; 2
-4.0, 5.0, -7.0; 6
-3.0, 5.0, -7.0; 1
-2.0, 5.0, -7.0; 2
-1.0, 5.0, -7.0; 6
0.0, 5.0, -7.0; 3
1.0, 5.0, -7.0; 1
2.0, 5.0, -7.0; 5
3.0, 5.0, -7.0; 1
-5.0, 6.0, -7.0; 3
-4.0, 6.0, -7.0; 3
-3.0, 6.0, -7.0; 4
-2.0, 6.0, -7.0; 9
-1.0, 6.0, -7.0; 13
0.0, 6.0, -7.0; 12
1.0, 6.0, -7.0; 4
2.0, 6.0, -7.0; 1
3.0, 6.0, -7.0; 2
-4.0, 7.0, -7.0; 1
-3.0, 7.0, -7.0; 3
-2.0, 7.0, -7.0; 7
-1.0, 7.0, -7.0; 4
0.0, 7.0, -7.0; 6
1.0, -9.0, -6.0; 1
-5.0, -8.0, -6.0; 1
-4.0, -8.0, -6.0; 5
-3.0, -8.0, -6.0; 2
-2.0, -8.0, -6.0; 1
0.0, -8.0, -6.0; 1
-6.0, -7.0, -6.0; 1
-5.0, -7.0, -6.0; 7
-4.0, -7.0, -6.0; 7
-3.0, -7.0, -6.0; 4
-2.0, -7.0, -6.0; 2
-1.0, -7.0, -6.0; 4
0.0, -7.0, -6.0; 2
-6.0, -6.0, -6.0; 3
-5.0, -6.0, -6.0; 1
-4.0, -6.0, -6.0; 2
-3.0, -6.0, -6.0; 3
-2.0, -6.0, -6.0; 3
-1.0, -6.0, -6.0; 16
0.0, -6.0, -6.0; 14
1.0, -6.0, -6.0; 6
2.0, -6.0, -6.0; 3
3.0, -6.0, -6.0; 1
-7.0, -5.0, -6.0; 3
-6.0, -5.0, -6.0; 7
-5.0, -5.0, -6.0; 1
-4.0, -5.0, -6.0; 1
-3.0, -5.0, -6.0; 1
-2.0, -5.0, -6.0; 3
-1.0, -5.0, -6.0; 11
0.0, -5.0, -6.0; 28
1.0, -5.0, -6.0; 7
2.0, -5.0, -6.0; 1
-8.0, -4.0, -6.0; 3
-7.0, -4.0, -6.0; 5
-6.0, -4.0, -6.0; 3
-5.0, -4.0, -6.0; 2
-4.0, -4.0, -6.0; 1
-3.0, -4.0, -6.0; 2
-2.0, -4.0, -6.0; 2
-1.0, -4.0, -6.0; 6
0.0, -4.0, -6.0; 38
1.0, -4.0, -6.0; 15
2.0, -4.0, -6.0; 2
3.0, -4.0, -6.0; 3
-8.0, -3.0, -6.0; 6
-7.0, -3.0, -6.0; 7
-6.0, -3.0, -6.0; 3
-5.0, -3.0, -6.0; 2
-4.0, -3.0, -6.0; 4
-1.0, -3.0, -6.0; 8
0.0, -3.0, -6.0; 37
1.0, -3.0, -6.0; 24
3.0, -3.0, -6.0; 2
4.0, -3.0, -6.0; 2
5.0, -3.0, -6.0; 1
7.0, -3.0, -6.0; 1
-8.0, -2.0, -6.0; 3
-7.0, -2.0, -6.0; 7
-6.0, -2.0, -6.0; 9
-5.0, -2.0, -6.0; 4
-4.0, -2.0, -6.0; 1
-3.0, -2.0, -6.0; 2
-2.0, -2.0, -6.0; 2
-1.0, -2.0, -6.0; 5
0.0, -2.0, -6.0; 14
1.0, -2.0, -6.0; 14
2.0, -2.0, -6.0; 1
3.0, -2.0, -6.0; 1
4.0, -2.0, -6.0; 1
-9.0, -1.0, -6.0; 1
-8.0, -1.0, -6.0; 7
-7.0, -1.0, -6.0; 11
-6.0, -1.0, -6.0; 9
-5.0, -1.0, -6.0; 2
-4.0, -1.0, -6.0; 2
-3.0, -1.0, -6.0; 3
-2.0, -1.0, -6.0; 1
0.0, -1.0, -6.0; 2
2.0, -1.0, -6.0; 1
3.0, -1.0, -6.0; 3
4.0, -1.0, -6.0; 2
5.0, -1.0, -6.0; 2
6.0, -1.0, -6.0; 1
-9.0, 0.0, -6.0; 1
-8.0, 0.0, -6.0; 7
-7.0, 0.0, -6.0; 9
-6.0, 0.0, -6.0; 11
-5.0, 0.0, -6.0; 1
-4.0, 0.0, -6.0; 2
-3.0, 0.0, -6.0; 6
-2.0, 0.0, -6.0; 6
-1.0, 0.0, -6.0; 2
0.0, 0.0, -6.0; 3
1.0, 0.0, -6.0; 2
3.0, 0.0, -6.0; 4
4.0, 0.0, -6.0; 2
5.0, 0.0, -6.0; 3
6.0, 0.0, -6.0; 2
-9.0, 1.0, -6.0; 1
-8.0, 1.0, -6.0; 5
-7.0, 1.0, -6.0; 8
-6.0, 1.0, -6.0; 3
-5.0, 1.0, -6.0; 2
-4.0, 1.0, -6.0; 2
-3.0, 1.0, -6.0; 68
-2.0, 1.0, -6.0; 129
-1.0, 1.0, -6.0; 155
0.0, 1.0, -6.0; 18
1.0, 1.0, -6.0; 7
2.0, 1.0, -6.0; 6
3.0, 1.0, -6.0; 6
4.0, 1.0, -6.0; 4
5.0, 1.0, -6.0; 3
6.0, 1.0, -6.0; 3
7.0, 1.0, -6.0; 2
-8.0, 2.0, -6.0; 1
-7.0, 2.0, -6.0; 5
-6.0, 2.0, -6.0; 3
-5.0, 2.0, -6.0; 7
-4.0, 2.0, -6.0; 13
-3.0, 2.0, -6.0; 16
-2.0, 2.0, -6.0; 51
-1.0, 2.0, -6.0; 115
0.0, 2.0, -6.0; 45
1.0, 2.0, -6.0; 9
2.0, 2.0, -6.0; 9
3.0, 2.0, -6.0; 12
4.0, 2.0, -6.0; 3
5.0, 2.0, -6.0; 1
6.0, 2.0, -6.0; 7
7.0, 2.0, -6.0; 1
-8.0, 3.0, -6.0; 6
-7.0, 3.0, -6.0; 9
-6.0, 3.0, -6.0; 4
-5.0, 3.0, -6.0; 5
-4.0, 3.0, -6.0; 11
-3.0, 3.0, -6.0; 5
-2.0, 3.0, -6.0; 7
-1.0, 3.0, -6.0; 7
0.0, 3.0, -6.0; 18
1.0, 3.0, -6.0; 9
2.0, 3.0, -6.0; 4
3.0, 3.0, -6.0; 12
4.0, 3.0, -6.0; 1
5.0, 3.0, -6.0; 1
6.0, 3.0, -6.0; 2
-8.0, 4.0, -6.0; 1
-7.0, 4.0, -6.0; 6
-6.0, 4.0, -6.0; 1
-5.0, 4.0, -6.0; 6
-4.0, 4.0, -6.0; 13
-3.0, 4.0, -6.0; 3
-2.0, 4.0, -6.0; 2
-1.0, 4.0, -6.0; 3
0.0, 4.0, -6.0; 3
1.0, 4.0, -6.0; 4
2.0, 4.0, -6.0; 4
3.0, 4.0, -6.0; 5
5.0, 4.0, -6.0; 6
6.0, 4.0, -6.0; 3
7.0, 4.0, -6.0; 2
-7.0, 5.0, -6.0; 4
-6.0, 5.0, -6.0; 3
-5.0, 5.0, -6.0; 10
-4.0, 5.0, -6.0; 10
-3.0, 5.0, -6.0; 7
-2.0, 5.0, -6.0; 3
-1.0, 5.0, -6.0; 2
1.0, 5.0, -6.0; 2
2.0, 5.0, -6.0; 7
3.0, 5.0, -6.0; 5
5.0, 5.0, -6.0; 3
-6.0, 6.0, -6.0; 1
-5.0, 6.0, -6.0; 3
-4.0, 6.0, -6.0; 22
-3.0, 6.0, -6.0; 21
-2.0, 6.0, -6.0; 2
-1.0, 6.0, -6.0; 5
0.0, 6.0, -6.0; 3
1.0, 6.0, -6.0; 14
2.0, 6.0, -6.0; 8
4.0, 6.0, -6.0; 1
5.0, 6.0, -6.0; 1
-5.0, 7.0, -6.0; 1
-4.0, 7.0, -6.0; 3
-3.0, 7.0, -6.0; 19
-2.0, 7.0, -6.0; 9
-1.0, 7.0, -6.0; 12
0.0, 7.0, -6.0; 14
1.0, 7.0, -6.0; 17
-3.0, 8.0, -6.0; 1
-2.0, 8.0, -6.0; 4
-1.0, 8.0, -6.0; 11
0.0, 8.0, -6.0; 8
-1.0, -10.0, -5.0; 1
-3.0, -9.0, -5.0; 4
-2.0, -9.0, -5.0; 2
-1.0, -9.0, -5.0; 3
1.0, -9.0, -5.0; 1
2.0, -9.0, -5.0; 1
-6.0, -8.0, -5.0; 2
-5.0, -8.0, -5.0; 20
-4.0, -8.0, -5.0; 18
-3.0, -8.0, -5.0; 26
-2.0, -8.0, -5.0; 6
-1.0, -8.0, -5.0; 1
0.0, -8.0, -5.0; 1
3.0, -8.0, -5.0; 1
4.0, -8.0, -5.0; 1
-7.0, -7.0, -5.0; 3
-6.0, -7.0, -5.0; 1
-5.0, -7.0, -5.0; 5
-4.0, -7.0, -5.0; 4
-3.0, -7.0, -5.0; 18
-2.0, -7.0, -5.0; 11
-1.0, -7.0, -5.0; 17
0.0, -7.0, -5.0; 11
1.0, -7.0, -5.0; 7
3.0, -7.0, -5.0; 1
-8.0, -6.0, -5.0; 1
-7.0, -6.0, -5.0; 4
-6.0, -6.0, -5.0; 4
-5.0, -6.0, -5.0; 2
-4.0, -6.0, -5.0; 1
-3.0, -6.0, -5.0; 2
-2.0, -6.0, -5.0; 3
-1.0, -6.0, -5.0; 19
0.0, -6.0, -5.0; 35
1.0, -6.0, -5.0; 21
2.0, -6.0, -5.0; 5
6.0, -6.0, -5.0; 2
-8.0, -5.0, -5.0; 1
-7.0, -5.0, -5.0; 3
-6.0, -5.0, -5.0; 3
-4.0, -5.0, -5.0; 1
-3.0, -5.0, -5.0; 4
-2.0, -5.0, -5.0; 4
0.0, -5.0, -5.0; 23
1.0, -5.0, -5.0; 22
2.0, -5.0, -5.0; 6
3.0, -5.0, -5.0; 5
4.0, -5.0, -5.0; 1
-8.0, -4.0, -5.0; 4
-7.0, -4.0, -5.0; 5
-6.0, -4.0, -5.0; 1
-5.0, -4.0, -5.0; 4
-4.0, -4.0, -5.0; 1
-3.0, -4.0, -5.0; 25
-2.0, -4.0, -5.0; 41
-1.0, -4.0, -5.0; 3
0.0, -4.0, -5.0; 1
1.0, -4.0, -5.0; 17
2.0, -4.0, -5.0; 3
3.0, -4.0, -5.0; 1
4.0, -4.0, -5.0; 2
-9.0, -3.0, -5.0; 1
-8.0, -3.0, -5.0; 5
-7.0, -3.0, -5.0; 1
-6.0, -3.0, -5.0; 3
-5.0, -3.0, -5.0; 3
-4.0, -3.0, -5.0; 50
-3.0, -3.0, -5.0; 369
-2.0, -3.0, -5.0; 94
0.0, -3.0, -5.0; 4
1.0, -3.0, -5.0; 20
-9.0, -2.0, -5.0; 3
-8.0, -2.0, -5.0; 6
-7.0, -2.0, -5.0; 8
-6.0, -2.0, -5.0; 3
-5.0, -2.0, -5.0; 1
-4.0, -2.0, -5.0; 28
-3.0, -2.0, -5.0; 25
-2.0, -2.0, -5.0; 3
0.0, -2.0, -5.0; 1
1.0, -2.0, -5.0; 6
7.0, -2.0, -5.0; 1
-9.0, -1.0, -5.0; 2
-8.0, -1.0, -5.0; 5
-7.0, -1.0, -5.0; 13
-6.0, -1.0, -5.0; 2
-5.0, -1.0, -5.0; 1
-4.0, -1.0, -5.0; 3
3.0, -1.0, -5.0; 1
4.0, -1.0, -5.0; 3
5.0, -1.0, -5.0; 1
6.0, -1.0, -5.0; 1
8.0, -1.0, -5.0; 1
-9.0, 0.0, -5.0; 2
-8.0, 0.0, -5.0; 9
-7.0, 0.0, -5.0; 20
-6.0, 0.0, -5.0; 1
-5.0, 0.0, -5.0; 4
-4.0, 0.0, -5.0; 8
-3.0, 0.0, -5.0; 1
-2.0, 0.0, -5.0; 3
0.0, 0.0, -5.0; 2
1.0, 0.0, -5.0; 1
3.0, 0.0, -5.0; 2
4.0, 0.0, -5.0; 3
5.0, 0.0, -5.0; 3
6.0, 0.0, -5.0; 1
7.0, 0.0, -5.0; 1
8.0, 0.0, -5.0; 2
-9.0, 1.0, -5.0; 4
-8.0, 1.0, -5.0; 8
-7.0, 1.0, -5.0; 10
-6.0, 1.0, -5.0; 2
-5.0, 1.0, -5.0; 8
-4.0, 1.0, -5.0; 16
-3.0, 1.0, -5.0; 23
-2.0, 1.0, -5.0; 7
-1.0, 1.0, -5.0; 21
0.0, 1.0, -5.0; 18
1.0, 1.0, -5.0; 3
2.0, 1.0, -5.0; 4
3.0, 1.0, -5.0; 6
4.0, 1.0, -5.0; 4
5.0, 1.0, -5.0; 1
6.0, 1.0, -5.0; 1
7.0, 1.0, -5.0; 1
-9.0, 2.0, -5.0; 3
-8.0, 2.0, -5.0; 2
-7.0, 2.0, -5.0; 7
-6.0, 2.0, -5.0; 14
-5.0, 2.0, -5.0; 38
-4.0, 2.0, -5.0; 41
-3.0, 2.0, -5.0; 3
-2.0, 2.0, -5.0; 3
-1.0, 2.0, -5.0; 3
0.0, 2.0, -5.0; 27
1.0, 2.0, -5.0; 6
2.0, 2.0, -5.0; 10
3.0, 2.0, -5.0; 12
4.0, 2.0, -5.0; 16
5.0, 2.0, -5.0; 2
6.0, 2.0, -5.0; 5
7.0, 2.0, -5.0; 2
8.0, 2.0, -5.0; 2
-9.0, 3.0, -5.0; 1
-8.0, 3.0, -5.0; 9
-7.0, 3.0, -5.0; 1
-6.0, 3.0, -5.0; 6
-5.0, 3.0, -5.0; 24
-4.0, 3.0, -5.0; 31
-3.0, 3.0, -5.0; 5
-2.0, 3.0, -5.0; 16
-1.0, 3.0, -5.0; 10
0.0, 3.0, -5.0; 39
1.0, 3.0, -5.0; 15
2.0, 3.0, -5.0; 13
3.0, 3.0, -5.0; 9
4.0, 3.0, -5.0; 7
5.0, 3.0, -5.0; 2
6.0, 3.0, -5.0; 1
8.0, 3.0, -5.0; 1
-8.0, 4.0, -5.0; 8
-7.0, 4.0, -5.0; 13
-6.0, 4.0, -5.0; 6
-5.0, 4.0, -5.0; 4
-4.0, 4.0, -5.0; 7
-3.0, 4.0, -5.0; 6
-2.0, 4.0, -5.0; 25
-1.0, 4.0, -5.0; 34
0.0, 4.0, -5.0; 11
1.0, 4.0, -5.0; 5
2.0, 4.0, -5.0; 4
3.0, 4.0, -5.0; 3
4.0, 4.0, -5.0; 3
5.0, 4.0, -5.0; 3
6.0, 4.0, -5.0; 3
7.0, 4.0, -5.0; 2
-8.0, 5.0, -5.0; 3
-7.0, 5.0, -5.0; 9
-6.0, 5.0, -5.0; 7
-5.0, 5.0, -5.0; 13
-4.0, 5.0, -5.0; 2
-3.0, 5.0, -5.0; 1
-2.0, 5.0, -5.0; 3
-1.0, 5.0, -5.0; 13
0.0, 5.0, -5.0; 3
1.0, 5.0, -5.0; 2
2.0, 5.0, -5.0; 1
3.0, 5.0, -5.0; 5
4.0, 5.0, -5.0; 3
6.0, 5.0, -5.0; 1
-7.0, 6.0, -5.0; 1
-6.0, 6.0, -5.0; 3
-5.0, 6.0, -5.0; 12
-4.0, 6.0, -5.0; 21
-3.0, 6.0, -5.0; 6
-2.0, 6.0, -5.0; 3
-1.0, 6.0, -5.0; 1
0.0, 6.0, -5.0; 1
1.0, 6.0, -5.0; 7
2.0, 6.0, -5.0; 14
3.0, 6.0, -5.0; 3
4.0, 6.0, -5.0; 1
5.0, 6.0, -5.0; 2
-5.0, 7.0, -5.0; 3
-4.0, 7.0, -5.0; 7
-3.0, 7.0, -5.0; 12
-2.0, 7.0, -5.0; 11
-1.0, 7.0, -5.0; 8
0.0, 7.0, -5.0; 4
1.0, 7.0, -5.0; 25
2.0, 7.0, -5.0; 16
3.0, 7.0, -5.0; 5
5.0, 7.0, -5.0; 1
-3.0, 8.0, -5.0; 3
-2.0, 8.0, -5.0; 6
-1.0, 8.0, -5.0; 20
0.0, 8.0, -5.0; 33
1.0, 8.0, -5.0; 18
2.0, 8.0, -5.0; 6
-1.0, -10.0, -4.0; 1
0.0, -10.0, -4.0; 1
2.0, -10.0, -4.0; 1
-5.0, -9.0, -4.0; 1
-4.0, -9.0, -4.0; 5
-2.0, -9.0, -4.0; 2
-1.0, -9.0, -4.0; 1
0.0, -9.0, -4.0; 3
1.0, -9.0, -4.0; 2
2.0, -9.0, -4.0; 2
-6.0, -8.0, -4.0; 4
-5.0, -8.0, -4.0; 25
-4.0, -8.0, -4.0; 24
-3.0, -8.0, -4.0; 19
-2.0, -8.0, -4.0; 21
-1.0, -8.0, -4.0; 15
0.0, -8.0, -4.0; 6
1.0, -8.0, -4.0; 1
2.0, -8.0, -4.0; 1
5.0, -8.0, -4.0; 1
-7.0, -7.0, -4.0; 1
-6.0, -7.0, -4.0; 11
-5.0, -7.0, -4.0; 3
-4.0, -7.0, -4.0; 2
-3.0, -7.0, -4.0; 1
-2.0, -7.0, -4.0; 2
-1.0, -7.0, -4.0; 7
0.0, -7.0, -4.0; 17
1.0, -7.0, -4.0; 14
2.0, -7.0, -4.0; 2
-8.0, -6.0, -4.0; 3
-7.0, -6.0, -4.0; 5
-5.0, -6.0, -4.0; 1
-4.0, -6.0, -4.0; 1
-3.0, -6.0, -4.0; 1
-2.0, -6.0, -4.0; 1
0.0, -6.0, -4.0; 3
1.0, -6.0, -4.0; 15
2.0, -6.0, -4.0; 10
3.0, -6.0, -4.0; 1
4.0, -6.0, -4.0; 2
-9.0, -5.0, -4.0; 1
-8.0, -5.0, -4.0; 7
-7.0, -5.0, -4.0; 2
-4.0, -5.0, -4.0; 1
-3.0, -5.0, -4.0; 2
0.0, -5.0, -4.0; 1
1.0, -5.0, -4.0; 1
2.0, -5.0, -4.0; 5
3.0, -5.0, -4.0; 23
4.0, -5.0, -4.0; 1
7.0, -5.0, -4.0; 1
-9.0, -4.0, -4.0; 4
-8.0, -4.0, -4.0; 7
-7.0, -4.0, -4.0; 1
-6.0, -4.0, -4.0; 1
-5.0, -4.0, -4.0; 1
-4.0, -4.0, -4.0; 4
-3.0, -4.0, -4.0; 1
1.0, -4.0, -4.0; 2
3.0, -4.0, -4.0; 4
4.0, -4.0, -4.0; 1
5.0, -4.0, -4.0; 1
7.0, -4.0, -4.0; 1
-10.0, -3.0, -4.0; 1
-9.0, -3.0, -4.0; 7
-8.0, -3.0, -4.0; 10
-7.0, -3.0, -4.0; 2
-6.0, -3.0, -4.0; 8
-5.0, -3.0, -4.0; 3
-4.0, -3.0, -4.0; 6
-3.0, -3.0, -4.0; 2
-2.0, -3.0, -4.0; 1
8.0, -3.0, -4.0; 2
-10.0, -2.0, -4.0; 3
-9.0, -2.0, -4.0; 5
-8.0, -2.0, -4.0; 10
-7.0, -2.0, -4.0; 6
-6.0, -2.0, -4.0; 2
-5.0, -2.0, -4.0; 8
-4.0, -2.0, -4.0; 1
3.0, -2.0, -4.0; 1
5.0, -2.0, -4.0; 1
-10.0, -1.0, -4.0; 2
-9.0, -1.0, -4.0; 6
-8.0, -1.0, -4.0; 9
-7.0, -1.0, -4.0; 25
-6.0, -1.0, -4.0; 1
-5.0, -1.0, -4.0; 2
4.0, -1.0, -4.0; 1
5.0, -1.0, -4.0; 2
6.0, -1.0, -4.0; 3
-10.0, 0.0, -4.0; 1
-9.0, 0.0, -4.0; 8
-8.0, 0.0, -4.0; 22
-7.0, 0.0, -4.0; 11
-6.0, 0.0, -4.0; 4
-5.0, 0.0, -4.0; 7
4.0, 0.0, -4.0; 2
5.0, 0.0, -4.0; 3
6.0, 0.0, -4.0; 3
7.0, 0.0, -4.0; 1
9.0, 0.0, -4.0; 1
-9.0, 1.0, -4.0; 2
-8.0, 1.0, -4.0; 20
-7.0, 1.0, -4.0; 8
-6.0, 1.0, -4.0; 13
-5.0, 1.0, -4.0; 14
-4.0, 1.0, -4.0; 1
-3.0, 1.0, -4.0; 1
2.0, 1.0, -4.0; 1
3.0, 1.0, -4.0; 2
4.0, 1.0, -4.0; 6
5.0, 1.0, -4.0; 1
6.0, 1.0, -4.0; 3
-9.0, 2.0, -4.0; 8
-8.0, 2.0, -4.0; 5
-7.0, 2.0, -4.0; 5
-6.0, 2.0, -4.0; 43
-5.0, 2.0, -4.0; 36
-4.0, 2.0, -4.0; 1
2.0, 2.0, -4.0; 1
3.0, 2.0, -4.0; 3
4.0, 2.0, -4.0; 16
5.0, 2.0, -4.0; 7
6.0, 2.0, -4.0; 2
7.0, 2.0, -4.0; 3
8.0, 2.0, -4.0; 1
-9.0, 3.0, -4.0; 7
-8.0, 3.0, -4.0; 5
-7.0, 3.0, -4.0; 4
-6.0, 3.0, -4.0; 19
-5.0, 3.0, -4.0; 16
-3.0, 3.0, -4.0; 5
-1.0, 3.0, -4.0; 3
0.0, 3.0, -4.0; 61
1.0, 3.0, -4.0; 38
2.0, 3.0, -4.0; 2
3.0, 3.0, -4.0; 8
4.0, 3.0, -4.0; 18
5.0, 3.0, -4.0; 10
6.0, 3.0, -4.0; 2
7.0, 3.0, -4.0; 5
-9.0, 4.0, -4.0; 2
-8.0, 4.0, -4.0; 10
-7.0, 4.0, -4.0; 8
-6.0, 4.0, -4.0; 1
-5.0, 4.0, -4.0; 1
-4.0, 4.0, -4.0; 1
-3.0, 4.0, -4.0; 14
-2.0, 4.0, -4.0; 51
-1.0, 4.0, -4.0; 77
0.0, 4.0, -4.0; 216
1.0, 4.0, -4.0; 81
2.0, 4.0, -4.0; 4
3.0, 4.0, -4.0; 15
4.0, 4.0, -4.0; 10
5.0, 4.0, -4.0; 2
6.0, 4.0, -4.0; 1
7.0, 4.0, -4.0; 8
-8.0, 5.0, -4.0; 1
-7.0, 5.0, -4.0; 11
-6.0, 5.0, -4.0; 5
-5.0, 5.0, -4.0; 1
-4.0, 5.0, -4.0; 1
-3.0, 5.0, -4.0; 5
-2.0, 5.0, -4.0; 83
-1.0, 5.0, -4.0; 268
0.0, 5.0, -4.0; 116
1.0, 5.0, -4.0; 14
2.0, 5.0, -4.0; 3
3.0, 5.0, -4.0; 2
4.0, 5.0, -4.0; 4
5.0, 5.0, -4.0; 1
6.0, 5.0, -4.0; 2
7.0, 5.0, -4.0; 1
-7.0, 6.0, -4.0; 5
-6.0, 6.0, -4.0; 9
-5.0, 6.0, -4.0; 8
-4.0, 6.0, -4.0; 4
-3.0, 6.0, -4.0; 1
-2.0, 6.0, -4.0; 2
-1.0, 6.0, -4.0; 2
0.0, 6.0, -4.0; 2
1.0, 6.0, -4.0; 3
2.0, 6.0, -4.0; 8
3.0, 6.0, -4.0; 12
4.0, 6.0, -4.0; 2
6.0, 6.0, -4.0; 2
-6.0, 7.0, -4.0; 3
-5.0, 7.0, -4.0; 2
-4.0, 7.0, -4.0; 6
-3.0, 7.0, -4.0; 6
-2.0, 7.0, -4.0; 6
-1.0, 7.0, -4.0; 3
0.0, 7.0, -4.0; 9
1.0, 7.0, -4.0; 14
2.0, 7.0, -4.0; 36
3.0, 7.0, -4.0; 10
4.0, 7.0, -4.0; 1
-5.0, 8.0, -4.0; 1
-4.0, 8.0, -4.0; 6
-3.0, 8.0, -4.0; 7
-2.0, 8.0, -4.0; 16
-1.0, 8.0, -4.0; 19
0.0, 8.0, -4.0; 29
1.0, 8.0, -4.0; 24
2.0, 8.0, -4.0; 21
3.0, 8.0, -4.0; 3
-3.0, 9.0, -4.0; 1
-2.0, 9.0, -4.0; 4
-1.0, 9.0, -4.0; 13
0.0, 9.0, -4.0; 6
1.0, 9.0, -4.0; 11
2.0, 9.0, -4.0; 1
-3.0, -10.0, -3.0; 2
-2.0, -10.0, -3.0; 6
-1.0, -10.0, -3.0; 3
0.0, -10.0, -3.0; 3
1.0, -10.0, -3.0; 1
-5.0, -9.0, -3.0; 4
-4.0, -9.0, -3.0; 8
-3.0, -9.0, -3.0; 5
-2.0, -9.0, -3.0; 6
-1.0, -9.0, -3.0; 2
0.0, -9.0, -3.0; 1
1.0, -9.0, -3.0; 5
2.0, -9.0, -3.0; 1
-7.0, -8.0, -3.0; 4
-6.0, -8.0, -3.0; 10
-5.0, -8.0, -3.0; 5
-4.0, -8.0, -3.0; 10
-3.0, -8.0, -3.0; 21
-2.0, -8.0, -3.0; 29
-1.0, -8.0, -3.0; 20
0.0, -8.0, -3.0; 15
1.0, -8.0, -3.0; 5
4.0, -8.0, -3.0; 1
-8.0, -7.0, -3.0; 4
-7.0, -7.0, -3.0; 7
-6.0, -7.0, -3.0; 4
-5.0, -7.0, -3.0; 1
-4.0, -7.0, -3.0; 1
-2.0, -7.0, -3.0; 1
-1.0, -7.0, -3.0; 2
0.0, -7.0, -3.0; 11
1.0, -7.0, -3.0; 13
2.0, -7.0, -3.0; 1
3.0, -7.0, -3.0; 1
5.0, -7.0, -3.0; 1
6.0, -7.0, -3.0; 1
-9.0, -6.0, -3.0; 1
-8.0, -6.0, -3.0; 14
-7.0, -6.0, -3.0; 7
-6.0, -6.0, -3.0; 1
-2.0, -6.0, -3.0; 1
-1.0, -6.0, -3.0; 2
1.0, -6.0, -3.0; 3
2.0, -6.0, -3.0; 12
3.0, -6.0, -3.0; 4
4.0, -6.0, -3.0; 1
7.0, -6.0, -3.0; 1
-9.0, -5.0, -3.0; 4
-8.0, -5.0, -3.0; 22
-7.0, -5.0, -3.0; 2
-6.0, -5.0, -3.0; 1
3.0, -5.0, -3.0; 9
4.0, -5.0, -3.0; 1
-9.0, -4.0, -3.0; 14
-8.0, -4.0, -3.0; 12
-7.0, -4.0, -3.0; 4
-6.0, -4.0, -3.0; 5
2.0, -4.0, -3.0; 1
5.0, -4.0, -3.0; 1
-10.0, -3.0, -3.0; 2
-9.0, -3.0, -3.0; 5
-8.0, -3.0, -3.0; 14
-7.0, -3.0, -3.0; 4
-6.0, -3.0, -3.0; 3
5.0, -3.0, -3.0; 1
6.0, -3.0, -3.0; 2
7.0, -3.0, -3.0; 1
-10.0, -2.0, -3.0; 2
-9.0, -2.0, -3.0; 9
-8.0, -2.0, -3.0; 11
-7.0, -2.0, -3.0; 3
-6.0, -2.0, -3.0; 6
-10.0, -1.0, -3.0; 4
-9.0, -1.0, -3.0; 6
-8.0, -1.0, -3.0; 24
-7.0, -1.0, -3.0; 33
-6.0, -1.0, -3.0; 1
-5.0, -1.0, -3.0; 2
5.0, -1.0, -3.0; 2
6.0, -1.0, -3.0; 1
-10.0, 0.0, -3.0; 3
-9.0, 0.0, -3.0; 12
-8.0, 0.0, -3.0; 15
-7.0, 0.0, -3.0; 8
-6.0, 0.0, -3.0; 8
-5.0, 0.0, -3.0; 2
4.0, 0.0, -3.0; 1
5.0, 0.0, -3.0; 6
6.0, 0.0, -3.0; 5
-10.0, 1.0, -3.0; 1
-9.0, 1.0, -3.0; 7
-8.0, 1.0, -3.0; 10
-7.0, 1.0, -3.0; 5
-6.0, 1.0, -3.0; 67
-5.0, 1.0, -3.0; 13
5.0, 1.0, -3.0; 4
6.0, 1.0, -3.0; 3
-10.0, 2.0, -3.0; 2
-9.0, 2.0, -3.0; 4
-8.0, 2.0, -3.0; 12
-7.0, 2.0, -3.0; 9
-6.0, 2.0, -3.0; 28
-5.0, 2.0, -3.0; 15
3.0, 2.0, -3.0; 2
4.0, 2.0, -3.0; 1
5.0, 2.0, -3.0; 12
6.0, 2.0, -3.0; 2
7.0, 2.0, -3.0; 2
8.0, 2.0, -3.0; 1
-9.0, 3.0, -3.0; 5
-8.0, 3.0, -3.0; 9
-7.0, 3.0, -3.0; 2
-6.0, 3.0, -3.0; 19
-5.0, 3.0, -3.0; 2
0.0, 3.0, -3.0; 1
1.0, 3.0, -3.0; 7
2.0, 3.0, -3.0; 2
3.0, 3.0, -3.0; 4
4.0, 3.0, -3.0; 16
5.0, 3.0, -3.0; 13
6.0, 3.0, -3.0; 2
7.0, 3.0, -3.0; 6
8.0, 3.0, -3.0; 2
-9.0, 4.0, -3.0; 7
-8.0, 4.0, -3.0; 11
-7.0, 4.0, -3.0; 10
-6.0, 4.0, -3.0; 3
-5.0, 4.0, -3.0; 9
-4.0, 4.0, -3.0; 2
0.0, 4.0, -3.0; 86
1.0, 4.0, -3.0; 299
2.0, 4.0, -3.0; 33
3.0, 4.0, -3.0; 10
4.0, 4.0, -3.0; 9
5.0, 4.0, -3.0; 10
6.0, 4.0, -3.0; 2
7.0, 4.0, -3.0; 2
-8.0, 5.0, -3.0; 4
-7.0, 5.0, -3.0; 15
-6.0, 5.0, -3.0; 7
-5.0, 5.0, -3.0; 3
-3.0, 5.0, -3.0; 3
-2.0, 5.0, -3.0; 15
-1.0, 5.0, -3.0; 67
0.0, 5.0, -3.0; 189
1.0, 5.0, -3.0; 83
2.0, 5.0, -3.0; 8
3.0, 5.0, -3.0; 3
4.0, 5.0, -3.0; 4
5.0, 5.0, -3.0; 2
6.0, 5.0, -3.0; 1
7.0, 5.0, -3.0; 2
-8.0, 6.0, -3.0; 3
-7.0, 6.0, -3.0; 7
-6.0, 6.0, -3.0; 9
-5.0, 6.0, -3.0; 4
-4.0, 6.0, -3.0; 1
-2.0, 6.0, -3.0; 12
-1.0, 6.0, -3.0; 86
0.0, 6.0, -3.0; 104
1.0, 6.0, -3.0; 25
2.0, 6.0, -3.0; 8
3.0, 6.0, -3.0; 8
4.0, 6.0, -3.0; 2
-6.0, 7.0, -3.0; 9
-5.0, 7.0, -3.0; 6
-4.0, 7.0, -3.0; 6
-3.0, 7.0, -3.0; 3
-2.0, 7.0, -3.0; 4
-1.0, 7.0, -3.0; 1
0.0, 7.0, -3.0; 6
1.0, 7.0, -3.0; 15
2.0, 7.0, -3.0; 29
3.0, 7.0, -3.0; 15
4.0, 7.0, -3.0; 1
6.0, 7.0, -3.0; 1
-5.0, 8.0, -3.0; 4
-4.0, 8.0, -3.0; 5
-3.0, 8.0, -3.0; 9
-2.0, 8.0, -3.0; 18
-1.0, 8.0, -3.0; 22
0.0, 8.0, -3.0; 23
1.0, 8.0, -3.0; 33
2.0, 8.0, -3.0; 20
3.0, 8.0, -3.0; 5
-3.0, 9.0, -3.0; 2
-2.0, 9.0, -3.0; 4
-1.0, 9.0, -3.0; 13
0.0, 9.0, -3.0; 19
1.0, 9.0, -3.0; 22
2.0, 9.0, -3.0; 10
-4.0, -10.0, -2.0; 5
-3.0, -10.0, -2.0; 8
-2.0, -10.0, -2.0; 17
-1.0, -10.0, -2.0; 4
0.0, -10.0, -2.0; 6
1.0, -10.0, -2.0; 3
2.0, -10.0, -2.0; 2
-6.0, -9.0, -2.0; 1
-5.0, -9.0, -2.0; 6
-4.0, -9.0, -2.0; 10
-3.0, -9.0, -2.0; 4
-2.0, -9.0, -2.0; 16
-1.0, -9.0, -2.0; 4
1.0, -9.0, -2.0; 3
2.0, -9.0, -2.0; 2
-7.0, -8.0, -2.0; 12
-6.0, -8.0, -2.0; 10
-5.0, -8.0, -2.0; 5
-4.0, -8.0, -2.0; 3
-3.0, -8.0, -2.0; 7
-2.0, -8.0, -2.0; 14
-1.0, -8.0, -2.0; 11
0.0, -8.0, -2.0; 14
1.0, -8.0, -2.0; 2
2.0, -8.0, -2.0; 3
3.0, -8.0, -2.0; 1
5.0, -8.0, -2.0; 1
6.0, -8.0, -2.0; 1
-8.0, -7.0, -2.0; 14
-7.0, -7.0, -2.0; 14
-6.0, -7.0, -2.0; 6
-5.0, -7.0, -2.0; 1
-2.0, -7.0, -2.0; 3
-1.0, -7.0, -2.0; 11
0.0, -7.0, -2.0; 6
1.0, -7.0, -2.0; 6
2.0, -7.0, -2.0; 1
3.0, -7.0, -2.0; 1
4.0, -7.0, -2.0; 1
7.0, -7.0, -2.0; 1
-9.0, -6.0, -2.0; 3
-8.0, -6.0, -2.0; 25
-7.0, -6.0, -2.0; 12
-6.0, -6.0, -2.0; 1
-4.0, -6.0, -2.0; 1
-3.0, -6.0, -2.0; 1
-2.0, -6.0, -2.0; 2
-1.0, -6.0, -2.0; 8
0.0, -6.0, -2.0; 1
1.0, -6.0, -2.0; 1
2.0, -6.0, -2.0; 3
3.0, -6.0, -2.0; 4
4.0, -6.0, -2.0; 2
7.0, -6.0, -2.0; 1
-9.0, -5.0, -2.0; 11
-8.0, -5.0, -2.0; 25
-7.0, -5.0, -2.0; 2
-6.0, -5.0, -2.0; 2
7.0, -5.0, -2.0; 2
-9.0, -4.0, -2.0; 24
-8.0, -4.0, -2.0; 15
-7.0, -4.0, -2.0; 15
-6.0, -4.0, -2.0; 7
5.0, -4.0, -2.0; 1
6.0, -4.0, -2.0; 1
-10.0, -3.0, -2.0; 3
-9.0, -3.0, -2.0; 10
-8.0, -3.0, -2.0; 18
-7.0, -3.0, -2.0; 23
-6.0, -3.0, -2.0; 4
-5.0, -3.0, -2.0; 1
4.0, -3.0, -2.0; 1
7.0, -3.0, -2.0; 1
-10.0, -2.0, -2.0; 8
-9.0, -2.0, -2.0; 13
-8.0, -2.0, -2.0; 16
-7.0, -2.0, -2.0; 5
-6.0, -2.0, -2.0; 5
-10.0, -1.0, -2.0; 2
-9.0, -1.0, -2.0; 15
-8.0, -1.0, -2.0; 22
-7.0, -1.0, -2.0; 4
-6.0, -1.0, -2.0; 1
-5.0, -1.0, -2.0; 1
5.0, -1.0, -2.0; 1
6.0, -1.0, -2.0; 3
-10.0, 0.0, -2.0; 1
-9.0, 0.0, -2.0; 9
-8.0, 0.0, -2.0; 10
-7.0, 0.0, -2.0; 1
-6.0, 0.0, -2.0; 14
4.0, 0.0, -2.0; 2
5.0, 0.0, -2.0; 4
6.0, 0.0, -2.0; 5
7.0, 0.0, -2.0; 1
8.0, 0.0, -2.0; 1
-10.0, 1.0, -2.0; 4
-9.0, 1.0, -2.0; 9
-8.0, 1.0, -2.0; 5
-7.0, 1.0, -2.0; 4
-6.0, 1.0, -2.0; 284
-5.0, 1.0, -2.0; 26
6.0, 1.0, -2.0; 3
7.0, 1.0, -2.0; 1
-10.0, 2.0, -2.0; 4
-9.0, 2.0, -2.0; 6
-8.0, 2.0, -2.0; 7
-7.0, 2.0, -2.0; 13
-6.0, 2.0, -2.0; 59
-5.0, 2.0, -2.0; 39
4.0, 2.0, -2.0; 1
5.0, 2.0, -2.0; 2
6.0, 2.0, -2.0; 1
7.0, 2.0, -2.0; 4
-10.0, 3.0, -2.0; 1
-9.0, 3.0, -2.0; 16
-8.0, 3.0, -2.0; 9
-7.0, 3.0, -2.0; 4
-6.0, 3.0, -2.0; 24
-5.0, 3.0, -2.0; 5
-3.0, 3.0, -2.0; 1
-2.0, 3.0, -2.0; 1
3.0, 3.0, -2.0; 1
4.0, 3.0, -2.0; 9
5.0, 3.0, -2.0; 14
6.0, 3.0, -2.0; 4
7.0, 3.0, -2.0; 6
8.0, 3.0, -2.0; 1
-9.0, 4.0, -2.0; 6
-8.0, 4.0, -2.0; 19
-7.0, 4.0, -2.0; 6
-6.0, 4.0, -2.0; 11
-5.0, 4.0, -2.0; 14
-4.0, 4.0, -2.0; 1
0.0, 4.0, -2.0; 1
1.0, 4.0, -2.0; 60
2.0, 4.0, -2.0; 53
3.0, 4.0, -2.0; 5
4.0, 4.0, -2.0; 11
5.0, 4.0, -2.0; 7
6.0, 4.0, -2.0; 4
7.0, 4.0, -2.0; 1
8.0, 4.0, -2.0; 2
-9.0, 5.0, -2.0; 4
-8.0, 5.0, -2.0; 9
-7.0, 5.0, -2.0; 9
-6.0, 5.0, -2.0; 1
-5.0, 5.0, -2.0; 6
-4.0, 5.0, -2.0; 1
-3.0, 5.0, -2.0; 1
-2.0, 5.0, -2.0; 2
-1.0, 5.0, -2.0; 3
0.0, 5.0, -2.0; 17
1.0, 5.0, -2.0; 86
2.0, 5.0, -2.0; 19
3.0, 5.0, -2.0; 8
4.0, 5.0, -2.0; 10
5.0, 5.0, -2.0; 5
6.0, 5.0, -2.0; 1
7.0, 5.0, -2.0; 1
8.0, 5.0, -2.0; 1
-8.0, 6.0, -2.0; 8
-7.0, 6.0, -2.0; 14
-6.0, 6.0, -2.0; 13
-5.0, 6.0, -2.0; 8
-4.0, 6.0, -2.0; 1
-3.0, 6.0, -2.0; 2
-2.0, 6.0, -2.0; 11
-1.0, 6.0, -2.0; 52
0.0, 6.0, -2.0; 160
1.0, 6.0, -2.0; 83
2.0, 6.0, -2.0; 5
3.0, 6.0, -2.0; 8
4.0, 6.0, -2.0; 8
5.0, 6.0, -2.0; 1
6.0, 6.0, -2.0; 3
-7.0, 7.0, -2.0; 1
-6.0, 7.0, -2.0; 13
-5.0, 7.0, -2.0; 11
-4.0, 7.0, -2.0; 11
-3.0, 7.0, -2.0; 3
-2.0, 7.0, -2.0; 2
-1.0, 7.0, -2.0; 4
0.0, 7.0, -2.0; 3
1.0, 7.0, -2.0; 8
2.0, 7.0, -2.0; 20
3.0, 7.0, -2.0; 9
4.0, 7.0, -2.0; 2
5.0, 7.0, -2.0; 1
-5.0, 8.0, -2.0; 3
-4.0, 8.0, -2.0; 11
-3.0, 8.0, -2.0; 12
-2.0, 8.0, -2.0; 18
-1.0, 8.0, -2.0; 25
0.0, 8.0, -2.0; 25
1.0, 8.0, -2.0; 15
2.0, 8.0, -2.0; 21
3.0, 8.0, -2.0; 5
4.0, 8.0, -2.0; 1
5.0, 8.0, -2.0; 1
-3.0, 9.0, -2.0; 4
-2.0, 9.0, -2.0; 13
-1.0, 9.0, -2.0; 21
0.0, 9.0, -2.0; 27
1.0, 9.0, -2.0; 21
2.0, 9.0, -2.0; 16
3.0, 9.0, -2.0; 2
-5.0, -10.0, -1.0; 1
-4.0, -10.0, -1.0; 16
-3.0, -10.0, -1.0; 37
-2.0, -10.0, -1.0; 33
-1.0, -10.0, -1.0; 9
0.0, -10.0, -1.0; 4
1.0, -10.0, -1.0; 7
2.0, -10.0, -1.0; 1
-6.0, -9.0, -1.0; 11
-5.0, -9.0, -1.0; 42
-4.0, -9.0, -1.0; 20
-3.0, -9.0, -1.0; 18
-2.0, -9.0, -1.0; 15
-1.0, -9.0, -1.0; 7
0.0, -9.0, -1.0; 4
1.0, -9.0, -1.0; 2
2.0, -9.0, -1.0; 1
3.0, -9.0, -1.0; 5
4.0, -9.0, -1.0; 1
-8.0, -8.0, -1.0; 2
-7.0, -8.0, -1.0; 24
-6.0, -8.0, -1.0; 23
-5.0, -8.0, -1.0; 5
-4.0, -8.0, -1.0; 1
-2.0, -8.0, -1.0; 2
-1.0, -8.0, -1.0; 6
0.0, -8.0, -1.0; 2
1.0, -8.0, -1.0; 2
2.0, -8.0, -1.0; 1
3.0, -8.0, -1.0; 1
5.0, -8.0, -1.0; 2
6.0, -8.0, -1.0; 1
-8.0, -7.0, -1.0; 21
-7.0, -7.0, -1.0; 29
-6.0, -7.0, -1.0; 3
-5.0, -7.0, -1.0; 1
-4.0, -7.0, -1.0; 1
-2.0, -7.0, -1.0; 34
-1.0, -7.0, -1.0; 88
0.0, -7.0, -1.0; 7
1.0, -7.0, -1.0; 4
2.0, -7.0, -1.0; 1
4.0, -7.0, -1.0; 1
5.0, -7.0, -1.0; 2
6.0, -7.0, -1.0; 1
7.0, -7.0, -1.0; 1
-9.0, -6.0, -1.0; 9
-8.0, -6.0, -1.0; 27
-7.0, -6.0, -1.0; 13
-6.0, -6.0, -1.0; 1
-5.0, -6.0, -1.0; 2
-4.0, -6.0, -1.0; 2
-3.0, -6.0, -1.0; 1
-1.0, -6.0, -1.0; 19
0.0, -6.0, -1.0; 5
1.0, -6.0, -1.0; 1
3.0, -6.0, -1.0; 2
4.0, -6.0, -1.0; 2
6.0, -6.0, -1.0; 1
7.0, -6.0, -1.0; 1
-9.0, -5.0, -1.0; 14
-8.0, -5.0, -1.0; 44
-7.0, -5.0, -1.0; 4
-6.0, -5.0, -1.0; 11
-3.0, -5.0, -1.0; 1
-2.0, -5.0, -1.0; 2
5.0, -5.0, -1.0; 2
6.0, -5.0, -1.0; 1
7.0, -5.0, -1.0; 4
-10.0, -4.0, -1.0; 1
-9.0, -4.0, -1.0; 37
-8.0, -4.0, -1.0; 35
-7.0, -4.0, -1.0; 38
-6.0, -4.0, -1.0; 3
-5.0, -4.0, -1.0; 1
3.0, -4.0, -1.0; 1
5.0, -4.0, -1.0; 1
7.0, -4.0, -1.0; 1
8.0, -4.0, -1.0; 1
-10.0, -3.0, -1.0; 2
-9.0, -3.0, -1.0; 29
-8.0, -3.0, -1.0; 22
-7.0, -3.0, -1.0; 12
-6.0, -3.0, -1.0; 5
6.0, -3.0, -1.0; 1
7.0, -3.0, -1.0; 1
-10.0, -2.0, -1.0; 6
-9.0, -2.0, -1.0; 13
-8.0, -2.0, -1.0; 10
-7.0, -2.0, -1.0; 20
-6.0, -2.0, -1.0; 14
4.0, -2.0, -1.0; 1
5.0, -2.0, -1.0; 1
6.0, -2.0, -1.0; 1
9.0, -2.0, -1.0; 1
-10.0, -1.0, -1.0; 5
-9.0, -1.0, -1.0; 14
-8.0, -1.0, -1.0; 21
-7.0, -1.0, -1.0; 31
-6.0, -1.0, -1.0; 10
-5.0, -1.0, -1.0; 3
4.0, -1.0, -1.0; 1
5.0, -1.0, -1.0; 2
6.0, -1.0, -1.0; 1
9.0, -1.0, -1.0; 2
-10.0, 0.0, -1.0; 3
-9.0, 0.0, -1.0; 13
-8.0, 0.0, -1.0; 7
-7.0, 0.0, -1.0; 11
-6.0, 0.0, -1.0; 14
-5.0, 0.0, -1.0; 1
5.0, 0.0, -1.0; 1
6.0, 0.0, -1.0; 2
-10.0, 1.0, -1.0; 2
-9.0, 1.0, -1.0; 8
-8.0, 1.0, -1.0; 2
-7.0, 1.0, -1.0; 10
-6.0, 1.0, -1.0; 606
-5.0, 1.0, -1.0; 47
4.0, 1.0, -1.0; 1
5.0, 1.0, -1.0; 2
6.0, 1.0, -1.0; 2
7.0, 1.0, -1.0; 2
8.0, 1.0, -1.0; 2
-10.0, 2.0, -1.0; 2
-9.0, 2.0, -1.0; 9
-8.0, 2.0, -1.0; 4
-7.0, 2.0, -1.0; 8
-6.0, 2.0, -1.0; 297
-5.0, 2.0, -1.0; 236
5.0, 2.0, -1.0; 3
6.0, 2.0, -1.0; 3
7.0, 2.0, -1.0; 1
8.0, 2.0, -1.0; 2
9.0, 2.0, -1.0; 1
-10.0, 3.0, -1.0; 1
-9.0, 3.0, -1.0; 19
-8.0, 3.0, -1.0; 11
-7.0, 3.0, -1.0; 10
-6.0, 3.0, -1.0; 16
-5.0, 3.0, -1.0; 23
4.0, 3.0, -1.0; 8
5.0, 3.0, -1.0; 3
6.0, 3.0, -1.0; 2
7.0, 3.0, -1.0; 2
8.0, 3.0, -1.0; 2
-9.0, 4.0, -1.0; 2
-8.0, 4.0, -1.0; 41
-7.0, 4.0, -1.0; 11
-6.0, 4.0, -1.0; 20
-5.0, 4.0, -1.0; 25
-4.0, 4.0, -1.0; 1
0.0, 4.0, -1.0; 1
1.0, 4.0, -1.0; 2
2.0, 4.0, -1.0; 40
3.0, 4.0, -1.0; 12
4.0, 4.0, -1.0; 13
5.0, 4.0, -1.0; 8
6.0, 4.0, -1.0; 7
7.0, 4.0, -1.0; 3
8.0, 4.0, -1.0; 3
-9.0, 5.0, -1.0; 3
-8.0, 5.0, -1.0; 11
-7.0, 5.0, -1.0; 8
-6.0, 5.0, -1.0; 7
-5.0, 5.0, -1.0; 14
-4.0, 5.0, -1.0; 21
-3.0, 5.0, -1.0; 3
-2.0, 5.0, -1.0; 1
-1.0, 5.0, -1.0; 6
0.0, 5.0, -1.0; 7
1.0, 5.0, -1.0; 85
2.0, 5.0, -1.0; 41
3.0, 5.0, -1.0; 5
4.0, 5.0, -1.0; 11
5.0, 5.0, -1.0; 7
6.0, 5.0, -1.0; 5
7.0, 5.0, -1.0; 2
-8.0, 6.0, -1.0; 7
-7.0, 6.0, -1.0; 20
-6.0, 6.0, -1.0; 65
-5.0, 6.0, -1.0; 11
-4.0, 6.0, -1.0; 4
-3.0, 6.0, -1.0; 6
-2.0, 6.0, -1.0; 13
-1.0, 6.0, -1.0; 43
0.0, 6.0, -1.0; 152
1.0, 6.0, -1.0; 104
2.0, 6.0, -1.0; 5
3.0, 6.0, -1.0; 11
4.0, 6.0, -1.0; 3
5.0, 6.0, -1.0; 3
6.0, 6.0, -1.0; 3
7.0, 6.0, -1.0; 3
-7.0, 7.0, -1.0; 4
-6.0, 7.0, -1.0; 28
-5.0, 7.0, -1.0; 49
-4.0, 7.0, -1.0; 24
-3.0, 7.0, -1.0; 15
-2.0, 7.0, -1.0; 10
-1.0, 7.0, -1.0; 24
0.0, 7.0, -1.0; 43
1.0, 7.0, -1.0; 4
2.0, 7.0, -1.0; 13
3.0, 7.0, -1.0; 20
4.0, 7.0, -1.0; 4
5.0, 7.0, -1.0; 1
6.0, 7.0, -1.0; 1
-6.0, 8.0, -1.0; 4
-5.0, 8.0, -1.0; 6
-4.0, 8.0, -1.0; 8
-3.0, 8.0, -1.0; 9
-2.0, 8.0, -1.0; 8
-1.0, 8.0, -1.0; 10
0.0, 8.0, -1.0; 7
1.0, 8.0, -1.0; 18
2.0, 8.0, -1.0; 9
3.0, 8.0, -1.0; 11
4.0, 8.0, -1.0; 2
-4.0, 9.0, -1.0; 2
-3.0, 9.0, -1.0; 2
-2.0, 9.0, -1.0; 10
-1.0, 9.0, -1.0; 14
0.0, 9.0, -1.0; 29
1.0, 9.0, -1.0; 22
2.0, 9.0, -1.0; 13
3.0, 9.0, -1.0; 2
-5.0, -10.0, 0.0; 2
-4.0, -10.0, 0.0; 40
-3.0, -10.0, 0.0; 34
-2.0, -10.0, 0.0; 33
-1.0, -10.0, 0.0; 19
0.0, -10.0, 0.0; 7
1.0, -10.0, 0.0; 5
2.0, -10.0, 0.0; 4
3.0, -10.0, 0.0; 1
-6.0, -9.0, 0.0; 31
-5.0, -9.0, 0.0; 75
-4.0, -9.0, 0.0; 48
-3.0, -9.0, 0.0; 20
-2.0, -9.0, 0.0; 9
-1.0, -9.0, 0.0; 14
0.0, -9.0, 0.0; 10
1.0, -9.0, 0.0; 5
2.0, -9.0, 0.0; 2
3.0, -9.0, 0.0; 2
4.0, -9.0, 0.0; 2
5.0, -9.0, 0.0; 2
-8.0, -8.0, 0.0; 1
-7.0, -8.0, 0.0; 38
-6.0, -8.0, 0.0; 45
-5.0, -8.0, 0.0; 10
-4.0, -8.0, 0.0; 3
-3.0, -8.0, 0.0; 2
-2.0, -8.0, 0.0; 1
-1.0, -8.0, 0.0; 2
0.0, -8.0, 0.0; 4
1.0, -8.0, 0.0; 2
3.0, -8.0, 0.0; 2
4.0, -8.0, 0.0; 3
-8.0, -7.0, 0.0; 9
-7.0, -7.0, 0.0; 29
-6.0, -7.0, 0.0; 15
-4.0, -7.0, 0.0; 5
-3.0, -7.0, 0.0; 18
-2.0, -7.0, 0.0; 124
-1.0, -7.0, 0.0; 132
0.0, -7.0, 0.0; 5
2.0, -7.0, 0.0; 3
3.0, -7.0, 0.0; 2
5.0, -7.0, 0.0; 2
6.0, -7.0, 0.0; 2
-9.0, -6.0, 0.0; 5
-8.0, -6.0, 0.0; 37
-7.0, -6.0, 0.0; 20
-6.0, -6.0, 0.0; 10
-5.0, -6.0, 0.0; 33
-4.0, -6.0, 0.0; 10
-3.0, -6.0, 0.0; 8
-2.0, -6.0, 0.0; 21
-1.0, -6.0, 0.0; 76
0.0, -6.0, 0.0; 27
1.0, -6.0, 0.0; 2
2.0, -6.0, 0.0; 6
3.0, -6.0, 0.0; 2
6.0, -6.0, 0.0; 2
7.0, -6.0, 0.0; 1
-10.0, -5.0, 0.0; 2
-9.0, -5.0, 0.0; 14
-8.0, -5.0, 0.0; 67
-7.0, -5.0, 0.0; 7
-6.0, -5.0, 0.0; 194
-5.0, -5.0, 0.0; 4
-4.0, -5.0, 0.0; 4
-3.0, -5.0, 0.0; 1
-2.0, -5.0, 0.0; 1
-1.0, -5.0, 0.0; 1
3.0, -5.0, 0.0; 1
5.0, -5.0, 0.0; 1
6.0, -5.0, 0.0; 2
7.0, -5.0, 0.0; 3
-9.0, -4.0, 0.0; 24
-8.0, -4.0, 0.0; 52
-7.0, -4.0, 0.0; 34
-6.0, -4.0, 0.0; 90
-4.0, -4.0, 0.0; 2
3.0, -4.0, 0.0; 1
5.0, -4.0, 0.0; 1
6.0, -4.0, 0.0; 1
-10.0, -3.0, 0.0; 4
-9.0, -3.0, 0.0; 36
-8.0, -3.0, 0.0; 47
-7.0, -3.0, 0.0; 11
-6.0, -3.0, 0.0; 10
3.0, -3.0, 0.0; 1
7.0, -3.0, 0.0; 1
-10.0, -2.0, 0.0; 5
-9.0, -2.0, 0.0; 14
-8.0, -2.0, 0.0; 29
-7.0, -2.0, 0.0; 33
-6.0, -2.0, 0.0; 15
-5.0, -2.0, 0.0; 1
6.0, -2.0, 0.0; 1
9.0, -2.0, 0.0; 1
-10.0, -1.0, 0.0; 6
-9.0, -1.0, 0.0; 15
-8.0, -1.0, 0.0; 16
-7.0, -1.0, 0.0; 38
-6.0, -1.0, 0.0; 11
5.0, -1.0, 0.0; 1
6.0, -1.0, 0.0; 1
8.0, -1.0, 0.0; 1
9.0, -1.0, 0.0; 1
-10.0, 0.0, 0.0; 7
-9.0, 0.0, 0.0; 15
-8.0, 0.0, 0.0; 10
-7.0, 0.0, 0.0; 23
-6.0, 0.0, 0.0; 16
-5.0, 0.0, 0.0; 1
4.0
11.4017883756
