5.0, 0.0, 0.0; 1
6.0, 0.0, 0.0; 1
7.0, 0.0, 0.0; 1
-10.0, 1.0, 0.0; 2
-9.0, 1.0, 0.0; 9
-8.0, 1.0, 0.0; 1
-7.0, 1.0, 0.0; 3
-6.0, 1.0, 0.0; 122
-5.0, 1.0, 0.0; 56
5.0, 1.0, 0.0; 1
7.0, 1.0, 0.0; 1
8.0, 1.0, 0.0; 1
-10.0, 2.0, 0.0; 3
-9.0, 2.0, 0.0; 1
-8.0, 2.0, 0.0; 4
-7.0, 2.0, 0.0; 3
-6.0, 2.0, 0.0; 92
-5.0, 2.0, 0.0; 231
3.0, 2.0, 0.0; 1
5.0, 2.0, 0.0; 1
6.0, 2.0, 0.0; 1
7.0, 2.0, 0.0; 1
8.0, 2.0, 0.0; 1
-10.0, 3.0, 0.0; 1
-9.0, 3.0, 0.0; 9
-8.0, 3.0, 0.0; 5
-7.0, 3.0, 0.0; 5
-6.0, 3.0, 0.0; 7
-5.0, 3.0, 0.0; 36
0.0, 3.0, 0.0; 1
3.0, 3.0, 0.0; 12
4.0, 3.0, 0.0; 11
5.0, 3.0, 0.0; 3
-9.0, 4.0, 0.0; 3
-8.0, 4.0, 0.0; 27
-7.0, 4.0, 0.0; 11
-6.0, 4.0, 0.0; 3
-5.0, 4.0, 0.0; 16
-4.0, 4.0, 0.0; 1
0.0, 4.0, 0.0; 1
2.0, 4.0, 0.0; 5
3.0, 4.0, 0.0; 20
4.0, 4.0, 0.0; 15
5.0, 4.0, 0.0; 7
6.0, 4.0, 0.0; 4
-8.0, 5.0, 0.0; 5
-7.0, 5.0, 0.0; 19
-6.0, 5.0, 0.0; 10
-5.0, 5.0, 0.0; 9
-4.0, 5.0, 0.0; 17
-3.0, 5.0, 0.0; 9
-2.0, 5.0, 0.0; 9
-1.0, 5.0, 0.0; 10
0.0, 5.0, 0.0; 5
1.0, 5.0, 0.0; 14
2.0, 5.0, 0.0; 18
3.0, 5.0, 0.0; 1
4.0, 5.0, 0.0; 5
5.0, 5.0, 0.0; 1
6.0, 5.0, 0.0; 2
8.0, 5.0, 0.0; 1
-8.0, 6.0, 0.0; 1
-7.0, 6.0, 0.0; 20
-6.0, 6.0, 0.0; 270
-5.0, 6.0, 0.0; 37
-4.0, 6.0, 0.0; 2
-3.0, 6.0, 0.0; 17
-2.0, 6.0, 0.0; 36
-1.0, 6.0, 0.0; 40
0.0, 6.0, 0.0; 29
1.0, 6.0, 0.0; 19
2.0, 6.0, 0.0; 3
3.0, 6.0, 0.0; 7
4.0, 6.0, 0.0; 4
5.0, 6.0, 0.0; 1
6.0, 6.0, 0.0; 1
-7.0, 7.0, 0.0; 4
-6.0, 7.0, 0.0; 32
-5.0, 7.0, 0.0; 80
-4.0, 7.0, 0.0; 14
-3.0, 7.0, 0.0; 8
-2.0, 7.0, 0.0; 11
-1.0, 7.0, 0.0; 35
0.0, 7.0, 0.0; 20
1.0, 7.0, 0.0; 5
2.0, 7.0, 0.0; 17
3.0, 7.0, 0.0; 5
5.0, 7.0, 0.0; 1
-6.0, 8.0, 0.0; 4
-5.0, 8.0, 0.0; 4
-4.0, 8.0, 0.0; 10
-3.0, 8.0, 0.0; 3
-2.0, 8.0, 0.0; 3
-1.0, 8.0, 0.0; 3
0.0, 8.0, 0.0; 5
1.0, 8.0, 0.0; 12
2.0, 8.0, 0.0; 9
3.0, 8.0, 0.0; 1
-5.0, 9.0, 0.0; 1
-4.0, 9.0, 0.0; 5
-3.0, 9.0, 0.0; 8
-2.0, 9.0, 0.0; 9
-1.0, 9.0, 0.0; 18
0.0, 9.0, 0.0; 11
1.0, 9.0, 0.0; 11
2.0, 9.0, 0.0; 5
3.0, 9.0, 0.0; 1
-4.0, -10.0, 1.0; 16
-3.0, -10.0, 1.0; 22
-2.0, -10.0, 1.0; 18
-1.0, -10.0, 1.0; 4
0.0, -10.0, 1.0; 6
1.0, -10.0, 1.0; 4
2.0, -10.0, 1.0; 2
-6.0, -9.0, 1.0; 10
-5.0, -9.0, 1.0; 36
-4.0, -9.0, 1.0; 46
-3.0, -9.0, 1.0; 34
-2.0, -9.0, 1.0; 19
-1.0, -9.0, 1.0; 11
0.0, -9.0, 1.0; 4
1.0, -9.0, 1.0; 2
3.0, -9.0, 1.0; 2
4.0, -9.0, 1.0; 1
-7.0, -8.0, 1.0; 16
-6.0, -8.0, 1.0; 35
-5.0, -8.0, 1.0; 14
-4.0, -8.0, 1.0; 7
-3.0, -8.0, 1.0; 3
-2.0, -8.0, 1.0; 4
0.0, -8.0, 1.0; 1
1.0, -8.0, 1.0; 6
2.0, -8.0, 1.0; 3
3.0, -8.0, 1.0; 1
4.0, -8.0, 1.0; 1
5.0, -8.0, 1.0; 2
-8.0, -7.0, 1.0; 3
-7.0, -7.0, 1.0; 22
-6.0, -7.0, 1.0; 11
-4.0, -7.0, 1.0; 10
-3.0, -7.0, 1.0; 43
-2.0, -7.0, 1.0; 55
-1.0, -7.0, 1.0; 16
0.0, -7.0, 1.0; 4
1.0, -7.0, 1.0; 3
2.0, -7.0, 1.0; 4
3.0, -7.0, 1.0; 1
5.0, -7.0, 1.0; 1
-9.0, -6.0, 1.0; 1
-8.0, -6.0, 1.0; 20
-7.0, -6.0, 1.0; 19
-5.0, -6.0, 1.0; 129
-4.0, -6.0, 1.0; 211
-3.0, -6.0, 1.0; 170
-2.0, -6.0, 1.0; 114
-1.0, -6.0, 1.0; 67
0.0, -6.0, 1.0; 7
1.0, -6.0, 1.0; 7
2.0, -6.0, 1.0; 16
3.0, -6.0, 1.0; 6
4.0, -6.0, 1.0; 1
5.0, -6.0, 1.0; 1
7.0, -6.0, 1.0; 1
-9.0, -5.0, 1.0; 5
-8.0, -5.0, 1.0; 32
-7.0, -5.0, 1.0; 4
-6.0, -5.0, 1.0; 131
-5.0, -5.0, 1.0; 243
-4.0, -5.0, 1.0; 29
-3.0, -5.0, 1.0; 10
-2.0, -5.0, 1.0; 8
-1.0, -5.0, 1.0; 2
0.0, -5.0, 1.0; 1
1.0, -5.0, 1.0; 1
2.0, -5.0, 1.0; 12
3.0, -5.0, 1.0; 1
4.0, -5.0, 1.0; 1
6.0, -5.0, 1.0; 1
-9.0, -4.0, 1.0; 6
-8.0, -4.0, 1.0; 31
-7.0, -4.0, 1.0; 1
-6.0, -4.0, 1.0; 200
-5.0, -4.0, 1.0; 33
-4.0, -4.0, 1.0; 4
-3.0, -4.0, 1.0; 4
-2.0, -4.0, 1.0; 1
2.0, -4.0, 1.0; 1
3.0, -4.0, 1.0; 1
6.0, -4.0, 1.0; 1
-10.0, -3.0, 1.0; 1
-9.0, -3.0, 1.0; 9
-8.0, -3.0, 1.0; 46
-7.0, -3.0, 1.0; 5
-6.0, -3.0, 1.0; 8
5.0, -3.0, 1.0; 1
-10.0, -2.0, 1.0; 3
-9.0, -2.0, 1.0; 6
-8.0, -2.0, 1.0; 20
-7.0, -2.0, 1.0; 14
-6.0, -2.0, 1.0; 10
4.0, -2.0, 1.0; 1
5.0, -2.0, 1.0; 3
-10.0, -1.0, 1.0; 6
-9.0, -1.0, 1.0; 4
-8.0, -1.0, 1.0; 12
-7.0, -1.0, 1.0; 16
-6.0, -1.0, 1.0; 8
-5.0, -1.0, 1.0; 1
5.0, -1.0, 1.0; 1
9.0, -1.0, 1.0; 1
-10.0, 0.0, 1.0; 6
-9.0, 0.0, 1.0; 3
-8.0, 0.0, 1.0; 4
-7.0, 0.0, 1.0; 10
-6.0, 0.0, 1.0; 15
-5.0, 0.0, 1.0; 2
4.0, 0.0, 1.0; 1
5.0, 0.0, 1.0; 1
7.0, 0.0, 1.0; 1
-10.0, 1.0, 1.0; 3
-9.0, 1.0, 1.0; 12
-8.0, 1.0, 1.0; 4
-7.0, 1.0, 1.0; 2
-6.0, 1.0, 1.0; 14
-5.0, 1.0, 1.0; 15
-4.0, 1.0, 1.0; 1
4.0, 1.0, 1.0; 6
5.0, 1.0, 1.0; 4
6.0, 1.0, 1.0; 1
-9.0, 2.0, 1.0; 10
-8.0, 2.0, 1.0; 7
-7.0, 2.0, 1.0; 1
-6.0, 2.0, 1.0; 10
-5.0, 2.0, 1.0; 71
-4.0, 2.0, 1.0; 2
3.0, 2.0, 1.0; 4
4.0, 2.0, 1.0; 9
5.0, 2.0, 1.0; 1
6.0, 2.0, 1.0; 1
7.0, 2.0, 1.0; 1
-9.0, 3.0, 1.0; 3
-8.0, 3.0, 1.0; 11
-7.0, 3.0, 1.0; 5
-6.0, 3.0, 1.0; 2
-5.0, 3.0, 1.0; 15
-4.0, 3.0, 1.0; 11
-3.0, 3.0, 1.0; 1
3.0, 3.0, 1.0; 23
4.0, 3.0, 1.0; 13
5.0, 3.0, 1.0; 1
6.0, 3.0, 1.0; 5
-9.0, 4.0, 1.0; 2
-8.0, 4.0, 1.0; 16
-7.0, 4.0, 1.0; 26
-6.0, 4.0, 1.0; 17
-5.0, 4.0, 1.0; 6
-4.0, 4.0, 1.0; 8
-3.0, 4.0, 1.0; 6
-2.0, 4.0, 1.0; 1
-1.0, 4.0, 1.0; 2
0.0, 4.0, 1.0; 1
1.0, 4.0, 1.0; 2
2.0, 4.0, 1.0; 4
3.0, 4.0, 1.0; 21
4.0, 4.0, 1.0; 3
5.0, 4.0, 1.0; 2
6.0, 4.0, 1.0; 4
7.0, 4.0, 1.0; 1
8.0, 4.0, 1.0; 2
-9.0, 5.0, 1.0; 3
-8.0, 5.0, 1.0; 7
-7.0, 5.0, 1.0; 24
-6.0, 5.0, 1.0; 16
-5.0, 5.0, 1.0; 15
-4.0, 5.0, 1.0; 27
-3.0, 5.0, 1.0; 379
-2.0, 5.0, 1.0; 347
-1.0, 5.0, 1.0; 20
0.0, 5.0, 1.0; 15
1.0, 5.0, 1.0; 20
2.0, 5.0, 1.0; 1
3.0, 5.0, 1.0; 11
4.0, 5.0, 1.0; 3
5.0, 5.0, 1.0; 2
6.0, 5.0, 1.0; 2
-8.0, 6.0, 1.0; 4
-7.0, 6.0, 1.0; 9
-6.0, 6.0, 1.0; 62
-5.0, 6.0, 1.0; 24
-4.0, 6.0, 1.0; 11
-3.0, 6.0, 1.0; 25
-2.0, 6.0, 1.0; 33
-1.0, 6.0, 1.0; 19
0.0, 6.0, 1.0; 10
1.0, 6.0, 1.0; 2
2.0, 6.0, 1.0; 4
3.0, 6.0, 1.0; 5
4.0, 6.0, 1.0; 2
5.0, 6.0, 1.0; 1
-7.0, 7.0, 1.0; 2
-6.0, 7.0, 1.0; 13
-5.0, 7.0, 1.0; 23
-4.0, 7.0, 1.0; 6
-3.0, 7.0, 1.0; 3
-2.0, 7.0, 1.0; 8
-1.0, 7.0, 1.0; 3
0.0, 7.0, 1.0; 1
1.0, 7.0, 1.0; 7
2.0, 7.0, 1.0; 11
3.0, 7.0, 1.0; 1
-5.0, 8.0, 1.0; 4
-4.0, 8.0, 1.0; 7
-3.0, 8.0, 1.0; 8
-2.0, 8.0, 1.0; 5
-1.0, 8.0, 1.0; 1
0.0, 8.0, 1.0; 4
1.0, 8.0, 1.0; 10
2.0, 8.0, 1.0; 8
3.0, 8.0, 1.0; 1
4.0, 8.0, 1.0; 1
-4.0, 9.0, 1.0; 2
-3.0, 9.0, 1.0; 4
-2.0, 9.0, 1.0; 5
-1.0, 9.0, 1.0; 6
0.0, 9.0, 1.0; 8
1.0, 9.0, 1.0; 8
2.0, 9.0, 1.0; 1
-3.0, -10.0, 2.0; 4
-2.0, -10.0, 2.0; 6
-1.0, -10.0, 2.0; 5
0.0, -10.0, 2.0; 2
1.0, -10.0, 2.0; 1
-6.0, -9.0, 2.0; 5
-5.0, -9.0, 2.0; 12
-4.0, -9.0, 2.0; 35
-3.0, -9.0, 2.0; 35
-2.0, -9.0, 2.0; 42
-1.0, -9.0, 2.0; 18
0.0, -9.0, 2.0; 14
1.0, -9.0, 2.0; 5
2.0, -9.0, 2.0; 2
3.0, -9.0, 2.0; 4
4.0, -9.0, 2.0; 1
5.0, -9.0, 2.0; 1
-7.0, -8.0, 2.0; 7
-6.0, -8.0, 2.0; 27
-5.0, -8.0, 2.0; 29
-4.0, -8.0, 2.0; 12
-3.0, -8.0, 2.0; 6
-2.0, -8.0, 2.0; 9
-1.0, -8.0, 2.0; 8
0.0, -8.0, 2.0; 3
1.0, -8.0, 2.0; 8
2.0, -8.0, 2.0; 2
3.0, -8.0, 2.0; 1
4.0, -8.0, 2.0; 2
5.0, -8.0, 2.0; 1
-8.0, -7.0, 2.0; 1
-7.0, -7.0, 2.0; 14
-6.0, -7.0, 2.0; 17
-5.0, -7.0, 2.0; 1
-3.0, -7.0, 2.0; 1
-2.0, -7.0, 2.0; 2
-1.0, -7.0, 2.0; 2
0.0, -7.0, 2.0; 1
2.0, -7.0, 2.0; 1
4.0, -7.0, 2.0; 1
5.0, -7.0, 2.0; 2
-8.0, -6.0, 2.0; 3
-7.0, -6.0, 2.0; 20
-6.0, -6.0, 2.0; 9
-5.0, -6.0, 2.0; 14
-4.0, -6.0, 2.0; 145
-3.0, -6.0, 2.0; 244
-2.0, -6.0, 2.0; 95
-1.0, -6.0, 2.0; 10
0.0, -6.0, 2.0; 4
1.0, -6.0, 2.0; 24
2.0, -6.0, 2.0; 13
3.0, -6.0, 2.0; 1
4.0, -6.0, 2.0; 2
5.0, -6.0, 2.0; 4
6.0, -6.0, 2.0; 1
7.0, -6.0, 2.0; 1
-8.0, -5.0, 2.0; 17
-7.0, -5.0, 2.0; 34
-6.0, -5.0, 2.0; 1
-5.0, -5.0, 2.0; 229
-4.0, -5.0, 2.0; 410
-3.0, -5.0, 2.0; 130
-2.0, -5.0, 2.0; 19
-1.0, -5.0, 2.0; 2
0.0, -5.0, 2.0; 4
1.0, -5.0, 2.0; 50
2.0, -5.0, 2.0; 25
3.0, -5.0, 2.0; 3
-9.0, -4.0, 2.0; 2
-8.0, -4.0, 2.0; 31
-7.0, -4.0, 2.0; 19
-6.0, -4.0, 2.0; 16
-5.0, -4.0, 2.0; 105
-4.0, -4.0, 2.0; 23
-3.0, -4.0, 2.0; 4
1.0, -4.0, 2.0; 4
2.0, -4.0, 2.0; 5
3.0, -4.0, 2.0; 2
5.0, -4.0, 2.0; 1
6.0, -4.0, 2.0; 1
7.0, -4.0, 2.0; 1
-10.0, -3.0, 2.0; 2
-9.0, -3.0, 2.0; 7
-8.0, -3.0, 2.0; 28
-7.0, -3.0, 2.0; 28
-6.0, -3.0, 2.0; 3
-5.0, -3.0, 2.0; 1
1.0, -3.0, 2.0; 1
3.0, -3.0, 2.0; 1
4.0, -3.0, 2.0; 1
6.0, -3.0, 2.0; 1
-10.0, -2.0, 2.0; 1
-9.0, -2.0, 2.0; 4
-8.0, -2.0, 2.0; 17
-7.0, -2.0, 2.0; 24
-6.0, -2.0, 2.0; 8
3.0, -2.0, 2.0; 1
4.0, -2.0, 2.0; 1
8.0, -2.0, 2.0; 1
-10.0, -1.0, 2.0; 4
-9.0, -1.0, 2.0; 1
-8.0, -1.0, 2.0; 6
-7.0, -1.0, 2.0; 11
-6.0, -1.0, 2.0; 8
-5.0, -1.0, 2.0; 1
-4.0, -1.0, 2.0; 1
-3.0, -1.0, 2.0; 1
5.0, -1.0, 2.0; 2
7.0, -1.0, 2.0; 1
-10.0, 0.0, 2.0; 5
-9.0, 0.0, 2.0; 5
-8.0, 0.0, 2.0; 4
-7.0, 0.0, 2.0; 9
-6.0, 0.0, 2.0; 6
-5.0, 0.0, 2.0; 15
-4.0, 0.0, 2.0; 2
3.0, 0.0, 2.0; 2
4.0, 0.0, 2.0; 2
-10.0, 1.0, 2.0; 1
-9.0, 1.0, 2.0; 2
-8.0, 1.0, 2.0; 5
-7.0, 1.0, 2.0; 6
-6.0, 1.0, 2.0; 4
-5.0, 1.0, 2.0; 52
-4.0, 1.0, 2.0; 89
-3.0, 1.0, 2.0; 1
2.0, 1.0, 2.0; 1
3.0, 1.0, 2.0; 8
4.0, 1.0, 2.0; 19
5.0, 1.0, 2.0; 2
7.0, 1.0, 2.0; 1
-9.0, 2.0, 2.0; 4
-8.0, 2.0, 2.0; 10
-7.0, 2.0, 2.0; 4
-6.0, 2.0, 2.0; 6
-5.0, 2.0, 2.0; 66
-4.0, 2.0, 2.0; 514
-3.0, 2.0, 2.0; 20
3.0, 2.0, 2.0; 4
4.0, 2.0, 2.0; 5
5.0, 2.0, 2.0; 1
-8.0, 3.0, 2.0; 13
-7.0, 3.0, 2.0; 15
-6.0, 3.0, 2.0; 9
-5.0, 3.0, 2.0; 7
-4.0, 3.0, 2.0; 37
-3.0, 3.0, 2.0; 18
-2.0, 3.0, 2.0; 2
-1.0, 3.0, 2.0; 1
1.0, 3.0, 2.0; 2
2.0, 3.0, 2.0; 4
3.0, 3.0, 2.0; 7
4.0, 3.0, 2.0; 3
5.0, 3.0, 2.0; 2
6.0, 3.0, 2.0; 2
7.0, 3.0, 2.0; 3
-9.0, 4.0, 2.0; 1
-8.0, 4.0, 2.0; 17
-7.0, 4.0, 2.0; 17
-6.0, 4.0, 2.0; 29
-5.0, 4.0, 2.0; 13
-4.0, 4.0, 2.0; 17
-3.0, 4.0, 2.0; 35
-2.0, 4.0, 2.0; 31
-1.0, 4.0, 2.0; 14
0.0, 4.0, 2.0; 1
1.0, 4.0, 2.0; 3
2.0, 4.0, 2.0; 4
3.0, 4.0, 2.0; 6
4.0, 4.0, 2.0; 3
6.0, 4.0, 2.0; 2
7.0, 4.0, 2.0; 2
8.0, 4.0, 2.0; 1
-9.0, 5.0, 2.0; 2
-8.0, 5.0, 2.0; 5
-7.0, 5.0, 2.0; 6
-6.0, 5.0, 2.0; 17
-5.0, 5.0, 2.0; 13
-4.0, 5.0, 2.0; 10
-3.0, 5.0, 2.0; 81
-2.0, 5.0, 2.0; 107
-1.0, 5.0, 2.0; 8
0.0, 5.0, 2.0; 8
1.0, 5.0, 2.0; 1
2.0, 5.0, 2.0; 4
3.0, 5.0, 2.0; 4
4.0, 5.0, 2.0; 2
5.0, 5.0, 2.0; 1
6.0, 5.0, 2.0; 1
-8.0, 6.0, 2.0; 2
-7.0, 6.0, 2.0; 9
-6.0, 6.0, 2.0; 7
-5.0, 6.0, 2.0; 17
-4.0, 6.0, 2.0; 5
-3.0, 6.0, 2.0; 4
-2.0, 6.0, 2.0; 7
-1.0, 6.0, 2.0; 5
0.0, 6.0, 2.0; 1
2.0, 6.0, 2.0; 7
3.0, 6.0, 2.0; 8
4.0, 6.0, 2.0; 6
5.0, 6.0, 2.0; 1
6.0, 6.0, 2.0; 2
-7.0, 7.0, 2.0; 1
-6.0, 7.0, 2.0; 3
-5.0, 7.0, 2.0; 12
-4.0, 7.0, 2.0; 8
-3.0, 7.0, 2.0; 7
-2.0, 7.0, 2.0; 3
-1.0, 7.0, 2.0; 3
0.0, 7.0, 2.0; 11
1.0, 7.0, 2.0; 6
2.0, 7.0, 2.0; 8
3.0, 7.0, 2.0; 3
-5.0, 8.0, 2.0; 5
-4.0, 8.0, 2.0; 5
-3.0, 8.0, 2.0; 9
-2.0, 8.0, 2.0; 7
-1.0, 8.0, 2.0; 5
0.0, 8.0, 2.0; 8
1.0, 8.0, 2.0; 8
2.0, 8.0, 2.0; 2
-4.0, 9.0, 2.0; 1
-3.0, 9.0, 2.0; 2
-2.0, 9.0, 2.0; 7
-1.0, 9.0, 2.0; 5
0.0, 9.0, 2.0; 9
1.0, 9.0, 2.0; 2
2.0, 9.0, 2.0; 2
-5.0, -9.0, 3.0; 2
-4.0, -9.0, 3.0; 14
-3.0, -9.0, 3.0; 15
-2.0, -9.0, 3.0; 21
-1.0, -9.0, 3.0; 11
0.0, -9.0, 3.0; 7
1.0, -9.0, 3.0; 5
2.0, -9.0, 3.0; 3
3.0, -9.0, 3.0; 1
-6.0, -8.0, 3.0; 10
-5.0, -8.0, 3.0; 23
-4.0, -8.0, 3.0; 34
-3.0, -8.0, 3.0; 28
-2.0, -8.0, 3.0; 27
-1.0, -8.0, 3.0; 16
0.0, -8.0, 3.0; 5
1.0, -8.0, 3.0; 3
2.0, -8.0, 3.0; 4
4.0, -8.0, 3.0; 2
-7.0, -7.0, 3.0; 15
-6.0, -7.0, 3.0; 26
-5.0, -7.0, 3.0; 13
-4.0, -7.0, 3.0; 8
-3.0, -7.0, 3.0; 7
-2.0, -7.0, 3.0; 2
-1.0, -7.0, 3.0; 7
0.0, -7.0, 3.0; 3
1.0, -7.0, 3.0; 2
2.0, -7.0, 3.0; 2
3.0, -7.0, 3.0; 1
4.0, -7.0, 3.0; 2
5.0, -7.0, 3.0; 1
-8.0, -6.0, 3.0; 6
-7.0, -6.0, 3.0; 10
-6.0, -6.0, 3.0; 15
-5.0, -6.0, 3.0; 9
-4.0, -6.0, 3.0; 3
-3.0, -6.0, 3.0; 2
-2.0, -6.0, 3.0; 6
-1.0, -6.0, 3.0; 3
0.0, -6.0, 3.0; 12
1.0, -6.0, 3.0; 7
2.0, -6.0, 3.0; 1
4.0, -6.0, 3.0; 2
6.0, -6.0, 3.0; 1
7.0, -6.0, 3.0; 1
-7.0, -5.0, 3.0; 20
-6.0, -5.0, 3.0; 21
-5.0, -5.0, 3.0; 7
-4.0, -5.0, 3.0; 8
-3.0, -5.0, 3.0; 14
-2.0, -5.0, 3.0; 5
-1.0, -5.0, 3.0; 12
0.0, -5.0, 3.0; 43
1.0, -5.0, 3.0; 57
2.0, -5.0, 3.0; 2
4.0, -5.0, 3.0; 2
-9.0, -4.0, 3.0; 5
-8.0, -4.0, 3.0; 10
-7.0, -4.0, 3.0; 31
-6.0, -4.0, 3.0; 26
-5.0, -4.0, 3.0; 8
-4.0, -4.0, 3.0; 9
-3.0, -4.0, 3.0; 6
-2.0, -4.0, 3.0; 8
-1.0, -4.0, 3.0; 2
0.0, -4.0, 3.0; 14
1.0, -4.0, 3.0; 27
2.0, -4.0, 3.0; 4
3.0, -4.0, 3.0; 1
4.0, -4.0, 3.0; 1
-9.0, -3.0, 3.0; 6
-8.0, -3.0, 3.0; 12
-7.0, -3.0, 3.0; 39
-6.0, -3.0, 3.0; 19
-5.0, -3.0, 3.0; 10
-4.0, -3.0, 3.0; 5
-3.0, -3.0, 3.0; 4
-2.0, -3.0, 3.0; 5
-1.0, -3.0, 3.0; 5
0.0, -3.0, 3.0; 13
1.0, -3.0, 3.0; 12
2.0, -3.0, 3.0; 2
-10.0, -2.0, 3.0; 5
-9.0, -2.0, 3.0; 7
-8.0, -2.0, 3.0; 5
-7.0, -2.0, 3.0; 29
-6.0, -2.0, 3.0; 30
-5.0, -2.0, 3.0; 11
-4.0, -2.0, 3.0; 11
-3.0, -2.0, 3.0; 11
-2.0, -2.0, 3.0; 17
-1.0, -2.0, 3.0; 6
0.0, -2.0, 3.0; 7
1.0, -2.0, 3.0; 1
2.0, -2.0, 3.0; 1
-10.0, -1.0, 3.0; 3
-9.0, -1.0, 3.0; 2
-8.0, -1.0, 3.0; 5
-7.0, -1.0, 3.0; 8
-6.0, -1.0, 3.0; 13
-5.0, -1.0, 3.0; 8
-4.0, -1.0, 3.0; 5
-3.0, -1.0, 3.0; 12
-2.0, -1.0, 3.0; 4
-1.0, -1.0, 3.0; 1
1.0, -1.0, 3.0; 3
2.0, -1.0, 3.0; 3
3.0, -1.0, 3.0; 3
4.0, -1.0, 3.0; 1
6.0, -1.0, 3.0; 1
-10.0, 0.0, 3.0; 3
-9.0, 0.0, 3.0; 7
-8.0, 0.0, 3.0; 5
-7.0, 0.0, 3.0; 3
-6.0, 0.0, 3.0; 6
-5.0, 0.0, 3.0; 15
-4.0, 0.0, 3.0; 15
-3.0, 0.0, 3.0; 8
-2.0, 0.0, 3.0; 1
2.0, 0.0, 3.0; 2
3.0, 0.0, 3.0; 1
-10.0, 1.0, 3.0; 1
-9.0, 1.0, 3.0; 7
-8.0, 1.0, 3.0; 8
-7.0, 1.0, 3.0; 3
-6.0, 1.0, 3.0; 4
-5.0, 1.0, 3.0; 4
-4.0, 1.0, 3.0; 59
-3.0, 1.0, 3.0; 35
0.0, 1.0, 3.0; 1
1.0, 1.0, 3.0; 3
2.0, 1.0, 3.0; 5
3.0, 1.0, 3.0; 1
4.0, 1.0, 3.0; 1
7.0, 1.0, 3.0; 1
-9.0, 2.0, 3.0; 6
-8.0, 2.0, 3.0; 13
-7.0, 2.0, 3.0; 11
-6.0, 2.0, 3.0; 8
-5.0, 2.0, 3.0; 7
-4.0, 2.0, 3.0; 128
-3.0, 2.0, 3.0; 102
-2.0, 2.0, 3.0; 7
-1.0, 2.0, 3.0; 2
0.0, 2.0, 3.0; 2
1.0, 2.0, 3.0; 2
2.0, 2.0, 3.0; 2
3.0, 2.0, 3.0; 4
5.0, 2.0, 3.0; 2
6.0, 2.0, 3.0; 1
-9.0, 3.0, 3.0; 1
-8.0, 3.0, 3.0; 8
-7.0, 3.0, 3.0; 11
-6.0, 3.0, 3.0; 6
-5.0, 3.0, 3.0; 2
-4.0, 3.0, 3.0; 17
-3.0, 3.0, 3.0; 43
-2.0, 3.0, 3.0; 16
-1.0, 3.0, 3.0; 3
0.0, 3.0, 3.0; 3
2.0, 3.0, 3.0; 1
3.0, 3.0, 3.0; 4
6.0, 3.0, 3.0; 1
-9.0, 4.0, 3.0; 1
-8.0, 4.0, 3.0; 6
-7.0, 4.0, 3.0; 9
-6.0, 4.0, 3.0; 14
-5.0, 4.0, 3.0; 21
-4.0, 4.0, 3.0; 6
-3.0, 4.0, 3.0; 9
-2.0, 4.0, 3.0; 10
-1.0, 4.0, 3.0; 8
0.0, 4.0, 3.0; 1
1.0, 4.0, 3.0; 4
2.0, 4.0, 3.0; 4
3.0, 4.0, 3.0; 2
4.0, 4.0, 3.0; 3
6.0, 4.0, 3.0; 1
-8.0, 5.0, 3.0; 12
-7.0, 5.0, 3.0; 6
-6.0, 5.0, 3.0; 3
-5.0, 5.0, 3.0; 4
-4.0, 5.0, 3.0; 1
-3.0, 5.0, 3.0; 5
-2.0, 5.0, 3.0; 4
0.0, 5.0, 3.0; 1
2.0, 5.0, 3.0; 5
4.0, 5.0, 3.0; 2
5.0, 5.0, 3.0; 1
-8.0, 6.0, 3.0; 1
-7.0, 6.0, 3.0; 3
-6.0, 6.0, 3.0; 7
-5.0, 6.0, 3.0; 10
-4.0, 6.0, 3.0; 11
-3.0, 6.0, 3.0; 2
-2.0, 6.0, 3.0; 4
0.0, 6.0, 3.0; 3
1.0, 6.0, 3.0; 4
2.0, 6.0, 3.0; 4
4.0, 6.0, 3.0; 4
5.0, 6.0, 3.0; 1
6.0, 6.0, 3.0; 1
-7.0, 7.0, 3.0; 1
-6.0, 7.0, 3.0; 1
-5.0, 7.0, 3.0; 5
-4.0, 7.0, 3.0; 7
-3.0, 7.0, 3.0; 7
-2.0, 7.0, 3.0; 6
-1.0, 7.0, 3.0; 6
0.0, 7.0, 3.0; 5
1.0, 7.0, 3.0; 2
2.0, 7.0, 3.0; 3
3.0, 7.0, 3.0; 2
-5.0, 8.0, 3.0; 1
-4.0, 8.0, 3.0; 4
-3.0, 8.0, 3.0; 6
-2.0, 8.0, 3.0; 8
-1.0, 8.0, 3.0; 6
0.0, 8.0, 3.0; 6
1.0, 8.0, 3.0; 3
2.0, 8.0, 3.0; 1
-3.0, 9.0, 3.0; 2
-2.0, 9.0, 3.0; 3
-1.0, 9.0, 3.0; 4
0.0, 9.0, 3.0; 3
-5.0, -9.0, 4.0; 1
-3.0, -9.0, 4.0; 3
-2.0, -9.0, 4.0; 3
-1.0, -9.0, 4.0; 5
0.0, -9.0, 4.0; 3
1.0, -9.0, 4.0; 2
2.0, -9.0, 4.0; 1
-6.0, -8.0, 4.0; 1
-5.0, -8.0, 4.0; 6
-4.0, -8.0, 4.0; 17
-3.0, -8.0, 4.0; 15
-2.0, -8.0, 4.0; 12
-1.0, -8.0, 4.0; 11
0.0, -8.0, 4.0; 5
1.0, -8.0, 4.0; 1
2.0, -8.0, 4.0; 3
3.0, -8.0, 4.0; 3
4.0, -8.0, 4.0; 2
-7.0, -7.0, 4.0; 3
-6.0, -7.0, 4.0; 27
-5.0, -7.0, 4.0; 27
-4.0, -7.0, 4.0; 19
-3.0, -7.0, 4.0; 19
-2.0, -7.0, 4.0; 13
-1.0, -7.0, 4.0; 11
0.0, -7.0, 4.0; 3
1.0, -7.0, 4.0; 4
2.0, -7.0, 4.0; 2
3.0, -7.0, 4.0; 1
4.0, -7.0, 4.0; 1
5.0, -7.0, 4.0; 2
-8.0, -6.0, 4.0; 1
-7.0, -6.0, 4.0; 10
-6.0, -6.0, 4.0; 20
-5.0, -6.0, 4.0; 18
-4.0, -6.0, 4.0; 15
-3.0, -6.0, 4.0; 16
-2.0, -6.0, 4.0; 13
-1.0, -6.0, 4.0; 6
0.0, -6.0, 4.0; 3
1.0, -6.0, 4.0; 1
2.0, -6.0, 4.0; 1
4.0, -6.0, 4.0; 3
5.0, -6.0, 4.0; 1
-8.0, -5.0, 4.0; 2
-7.0, -5.0, 4.0; 4
-6.0, -5.0, 4.0; 26
-5.0, -5.0, 4.0; 32
-4.0, -5.0, 4.0; 29
-3.0, -5.0, 4.0; 16
-2.0, -5.0, 4.0; 16
-1.0, -5.0, 4.0; 24
0.0, -5.0, 4.0; 20
3.0, -5.0, 4.0; 1
5.0, -5.0, 4.0; 2
-9.0, -4.0, 4.0; 1
-8.0, -4.0, 4.0; 3
-7.0, -4.0, 4.0; 4
-6.0, -4.0, 4.0; 12
-5.0, -4.0, 4.0; 30
-4.0, -4.0, 4.0; 17
-3.0, -4.0, 4.0; 17
-2.0, -4.0, 4.0; 17
-1.0, -4.0, 4.0; 21
0.0, -4.0, 4.0; 18
1.0, -4.0, 4.0; 3
2.0, -4.0, 4.0; 1
4.0, -4.0, 4.0; 1
6.0, -4.0, 4.0; 1
-9.0, -3.0, 4.0; 1
-8.0, -3.0, 4.0; 5
-7.0, -3.0, 4.0; 15
-6.0, -3.0, 4.0; 30
-5.0, -3.0, 4.0; 30
-4.0, -3.0, 4.0; 11
-3.0, -3.0, 4.0; 13
-2.0, -3.0, 4.0; 36
-1.0, -3.0, 4.0; 25
0.0, -3.0, 4.0; 19
1.0, -3.0, 4.0; 2
2.0, -3.0, 4.0; 1
4.0, -3.0, 4.0; 1
5.0, -3.0, 4.0; 1
7.0, -3.0, 4.0; 1
-9.0, -2.0, 4.0; 4
-8.0, -2.0, 4.0; 4
-7.0, -2.0, 4.0; 6
-6.0, -2.0, 4.0; 20
-5.0, -2.0, 4.0; 21
-4.0, -2.0, 4.0; 7
-3.0, -2.0, 4.0; 14
-2.0, -2.0, 4.0; 26
-1.0, -2.0, 4.0; 18
0.0, -2.0, 4.0; 7
1.0, -2.0, 4.0; 3
4.0, -2.0, 4.0; 2
-9.0, -1.0, 4.0; 5
-8.0, -1.0, 4.0; 2
-7.0, -1.0, 4.0; 6
-6.0, -1.0, 4.0; 2
-5.0, -1.0, 4.0; 3
-3.0, -1.0, 4.0; 8
-2.0, -1.0, 4.0; 5
-1.0, -1.0, 4.0; 3
0.0, -1.0, 4.0; 2
1.0, -1.0, 4.0; 1
5.0, -1.0, 4.0; 1
-9.0, 0.0, 4.0; 4
-8.0, 0.0, 4.0; 7
-7.0, 0.0, 4.0; 4
-6.0, 0.0, 4.0; 3
-5.0, 0.0, 4.0; 3
-4.0, 0.0, 4.0; 2
-3.0, 0.0, 4.0; 1
-2.0, 0.0, 4.0; 5
-1.0, 0.0, 4.0; 5
0.0, 0.0, 4.0; 1
1.0, 0.0, 4.0; 1
2.0, 0.0, 4.0; 2
6.0, 0.0, 4.0; 1
-9.0, 1.0, 4.0; 6
-8.0, 1.0, 4.0; 6
-7.0, 1.0, 4.0; 3
-6.0, 1.0, 4.0; 3
-5.0, 1.0, 4.0; 2
-4.0, 1.0, 4.0; 5
-3.0, 1.0, 4.0; 2
-2.0, 1.0, 4.0; 1
-1.0, 1.0, 4.0; 4
1.0, 1.0, 4.0; 2
3.0, 1.0, 4.0; 1
4.0, 1.0, 4.0; 1
7.0, 1.0, 4.0; 1
-9.0, 2.0, 4.0; 3
-8.0, 2.0, 4.0; 8
-7.0, 2.0, 4.0; 8
-6.0, 2.0, 4.0; 3
-5.0, 2.0, 4.0; 6
-4.0, 2.0, 4.0; 2
-3.0, 2.0, 4.0; 3
-2.0, 2.0, 4.0; 5
-1.0, 2.0, 4.0; 2
0.0, 2.0, 4.0; 1
1.0, 2.0, 4.0; 2
2.0, 2.0, 4.0; 1
4.0, 2.0, 4.0; 1
-8.0, 3.0, 4.0; 5
-7.0, 3.0, 4.0; 9
-6.0, 3.0, 4.0; 11
-5.0, 3.0, 4.0; 11
-4.0, 3.0, 4.0; 5
-3.0, 3.0, 4.0; 2
-1.0, 3.0, 4.0; 3
0.0, 3.0, 4.0; 5
1.0, 3.0, 4.0; 5
2.0, 3.0, 4.0; 2
3.0, 3.0, 4.0; 1
4.0, 3.0, 4.0; 2
-8.0, 4.0, 4.0; 5
-7.0, 4.0, 4.0; 5
-6.0, 4.0, 4.0; 5
-5.0, 4.0, 4.0; 3
-4.0, 4.0, 4.0; 4
-3.0, 4.0, 4.0; 4
-2.0, 4.0, 4.0; 4
-1.0, 4.0, 4.0; 2
0.0, 4.0, 4.0; 4
1.0, 4.0, 4.0; 2
2.0, 4.0, 4.0; 3
5.0, 4.0, 4.0; 1
6.0, 4.0, 4.0; 1
-7.0, 5.0, 4.0; 9
-6.0, 5.0, 4.0; 3
-5.0, 5.0, 4.0; 8
-4.0, 5.0, 4.0; 2
-3.0, 5.0, 4.0; 2
-2.0, 5.0, 4.0; 1
-1.0, 5.0, 4.0; 4
1.0, 5.0, 4.0; 4
2.0, 5.0, 4.0; 2
3.0, 5.0, 4.0; 2
4.0, 5.0, 4.0; 4
6.0, 5.0, 4.0; 1
-6.0, 6.0, 4.0; 7
-5.0, 6.0, 4.0; 5
-4.0, 6.0, 4.0; 9
-3.0, 6.0, 4.0; 8
-2.0, 6.0, 4.0; 6
-1.0, 6.0, 4.0; 2
0.0, 6.0, 4.0; 4
1.0, 6.0, 4.0; 5
2.0, 6.0, 4.0; 1
3.0, 6.0, 4.0; 2
4.0, 6.0, 4.0; 1
5.0, 6.0, 4.0; 1
-5.0, 7.0, 4.0; 2
-4.0, 7.0, 4.0; 1
-3.0, 7.0, 4.0; 3
-2.0, 7.0, 4.0; 2
-1.0, 7.0, 4.0; 4
0.0, 7.0, 4.0; 4
1.0, 7.0, 4.0; 3
2.0, 7.0, 4.0; 1
3.0, 7.0, 4.0; 1
5.0, 7.0, 4.0; 1
-4.0, 8.0, 4.0; 1
-3.0, 8.0, 4.0; 4
-2.0, 8.0, 4.0; 1
-1.0, 8.0, 4.0; 3
0.0, 8.0, 4.0; 7
1.0, 8.0, 4.0; 3
-2.0, -9.0, 5.0; 1
0.0, -9.0, 5.0; 2
1.0, -9.0, 5.0; 1
-4.0, -8.0, 5.0; 2
-3.0, -8.0, 5.0; 3
-2.0, -8.0, 5.0; 3
-1.0, -8.0, 5.0; 4
0.0, -8.0, 5.0; 6
1.0, -8.0, 5.0; 2
2.0, -8.0, 5.0; 1
3.0, -8.0, 5.0; 1
-6.0, -7.0, 5.0; 2
-5.0, -7.0, 5.0; 3
-4.0, -7.0, 5.0; 9
-3.0, -7.0, 5.0; 5
-2.0, -7.0, 5.0; 8
-1.0, -7.0, 5.0; 9
0.0, -7.0, 5.0; 6
1.0, -7.0, 5.0; 4
2.0, -7.0, 5.0; 3
3.0, -7.0, 5.0; 1
-6.0, -6.0, 5.0; 3
-5.0, -6.0, 5.0; 6
-4.0, -6.0, 5.0; 9
-3.0, -6.0, 5.0; 8
-2.0, -6.0, 5.0; 7
-1.0, -6.0, 5.0; 7
0.0, -6.0, 5.0; 1
1.0, -6.0, 5.0; 1
3.0, -6.0, 5.0; 2
4.0, -6.0, 5.0; 2
5.0, -6.0, 5.0; 1
-8.0, -5.0, 5.0; 3
-7.0, -5.0, 5.0; 3
-6.0, -5.0, 5.0; 4
-5.0, -5.0, 5.0; 13
-4.0, -5.0, 5.0; 11
-3.0, -5.0, 5.0; 16
-2.0, -5.0, 5.0; 8
-1.0, -5.0, 5.0; 4
0.0, -5.0, 5.0; 1
3.0, -5.0, 5.0; 1
-8.0, -4.0, 5.0; 7
-7.0, -4.0, 5.0; 3
-6.0, -4.0, 5.0; 8
-5.0, -4.0, 5.0; 4
-4.0, -4.0, 5.0; 15
-3.0, -4.0, 5.0; 11
-2.0, -4.0, 5.0; 4
-1.0, -4.0, 5.0; 6
0.0, -4.0, 5.0; 1
2.0, -4.0, 5.0; 1
3.0, -4.0, 5.0; 4
4.0, -4.0, 5.0; 4
-9.0, -3.0, 5.0; 1
-8.0, -3.0, 5.0; 4
-7.0, -3.0, 5.0; 7
-6.0, -3.0, 5.0; 6
-5.0, -3.0, 5.0; 9
-4.0, -3.0, 5.0; 10
-3.0, -3.0, 5.0; 3
-2.0, -3.0, 5.0; 3
-1.0, -3.0, 5.0; 4
2.0, -3.0, 5.0; 1
5.0, -3.0, 5.0; 3
7.0, -3.0, 5.0; 1
-9.0, -2.0, 5.0; 1
-8.0, -2.0, 5.0; 5
-7.0, -2.0, 5.0; 5
-6.0, -2.0, 5.0; 6
-5.0, -2.0, 5.0; 4
-4.0, -2.0, 5.0; 4
-3.0, -2.0, 5.0; 1
-2.0, -2.0, 5.0; 1
0.0, -2.0, 5.0; 1
2.0, -2.0, 5.0; 1
3.0, -2.0, 5.0; 1
4.0, -2.0, 5.0; 2
6.0, -2.0, 5.0; 1
-8.0, -1.0, 5.0; 6
-7.0, -1.0, 5.0; 5
-6.0, -1.0, 5.0; 6
-5.0, -1.0, 5.0; 2
-4.0, -1.0, 5.0; 2
-2.0, -1.0, 5.0; 1
-1.0, -1.0, 5.0; 2
1.0, -1.0, 5.0; 4
2.0, -1.0, 5.0; 1
-8.0, 0.0, 5.0; 7
-7.0, 0.0, 5.0; 5
-6.0, 0.0, 5.0; 4
-5.0, 0.0, 5.0; 2
-1.0, 0.0, 5.0; 1
0.0, 0.0, 5.0; 1
1.0, 0.0, 5.0; 2
-8.0, 1.0, 5.0; 2
-7.0, 1.0, 5.0; 3
-6.0, 1.0, 5.0; 1
-5.0, 1.0, 5.0; 6
-4.0, 1.0, 5.0; 2
-3.0, 1.0, 5.0; 2
-2.0, 1.0, 5.0; 1
-1.0, 1.0, 5.0; 1
0.0, 1.0, 5.0; 4
4.0, 1.0, 5.0; 1
-9.0, 2.0, 5.0; 1
-8.0, 2.0, 5.0; 6
-7.0, 2.0, 5.0; 3
-6.0, 2.0, 5.0; 2
-5.0, 2.0, 5.0; 4
-4.0, 2.0, 5.0; 3
-3.0, 2.0, 5.0; 4
-2.0, 2.0, 5.0; 5
-1.0, 2.0, 5.0; 7
0.0, 2.0, 5.0; 3
2.0, 2.0, 5.0; 1
5.0, 2.0, 5.0; 1
-8.0, 3.0, 5.0; 2
-7.0, 3.0, 5.0; 5
-6.0, 3.0, 5.0; 12
-5.0, 3.0, 5.0; 4
-4.0, 3.0, 5.0; 3
-3.0, 3.0, 5.0; 1
-2.0, 3.0, 5.0; 6
-1.0, 3.0, 5.0; 3
0.0, 3.0, 5.0; 4
-8.0, 4.0, 5.0; 2
-7.0, 4.0, 5.0; 3
-6.0, 4.0, 5.0; 8
-5.0, 4.0, 5.0; 5
-4.0, 4.0, 5.0; 2
-3.0, 4.0, 5.0; 2
-2.0, 4.0, 5.0; 6
-1.0, 4.0, 5.0; 2
0.0, 4.0, 5.0; 3
1.0, 4.0, 5.0; 2
2.0, 4.0, 5.0; 3
4.0, 4.0, 5.0; 1
5.0, 4.0, 5.0; 1
-7.0, 5.0, 5.0; 3
-6.0, 5.0, 5.0; 5
-5.0, 5.0, 5.0; 4
-4.0, 5.0, 5.0; 6
-3.0, 5.0, 5.0; 7
-2.0, 5.0, 5.0; 3
-1.0, 5.0, 5.0; 4
0.0, 5.0, 5.0; 2
1.0, 5.0, 5.0; 2
2.0, 5.0, 5.0; 1
3.0, 5.0, 5.0; 2
-5.0, 6.0, 5.0; 2
-4.0, 6.0, 5.0; 6
-3.0, 6.0, 5.0; 4
-2.0, 6.0, 5.0; 1
-1.0, 6.0, 5.0; 1
1.0, 6.0, 5.0; 1
-3.0, 7.0, 5.0; 1
-2.0, 7.0, 5.0; 2
-1.0, 7.0, 5.0; 4
0.0, 7.0, 5.0; 1
0.0, 8.0, 5.0; 1
-3.0, -8.0, 6.0; 1
-2.0, -8.0, 6.0; 3
-1.0, -8.0, 6.0; 2
0.0, -8.0, 6.0; 5
1.0, -8.0, 6.0; 2
-5.0, -7.0, 6.0; 1
-4.0, -7.0, 6.0; 4
-3.0, -7.0, 6.0; 5
-2.0, -7.0, 6.0; 3
-1.0, -7.0, 6.0; 3
0.0, -7.0, 6.0; 3
1.0, -7.0, 6.0; 2
2.0, -7.0, 6.0; 2
-5.0, -6.0, 6.0; 2
-4.0, -6.0, 6.0; 7
-3.0, -6.0, 6.0; 3
-2.0, -6.0, 6.0; 4
-1.0, -6.0, 6.0; 3
0.0, -6.0, 6.0; 2
1.0, -6.0, 6.0; 1
2.0, -6.0, 6.0; 1
3.0, -6.0, 6.0; 1
-7.0, -5.0, 6.0; 2
-6.0, -5.0, 6.0; 4
-5.0, -5.0, 6.0; 5
-4.0, -5.0, 6.0; 6
-3.0, -5.0, 6.0; 5
-1.0, -5.0, 6.0; 4
0.0, -5.0, 6.0; 2
1.0, -5.0, 6.0; 1
2.0, -5.0, 6.0; 4
3.0, -5.0, 6.0; 2
-7.0, -4.0, 6.0; 8
-6.0, -4.0, 6.0; 4
-5.0, -4.0, 6.0; 1
-4.0, -4.0, 6.0; 5
-3.0, -4.0, 6.0; 3
-2.0, -4.0, 6.0; 4
-1.0, -4.0, 6.0; 5
1.0, -4.0, 6.0; 1
2.0, -4.0, 6.0; 4
6.0, -4.0, 6.0; 1
-8.0, -3.0, 6.0; 1
-7.0, -3.0, 6.0; 8
-6.0, -3.0, 6.0; 5
-5.0, -3.0, 6.0; 6
-4.0, -3.0, 6.0; 3
-3.0, -3.0, 6.0; 2
-2.0, -3.0, 6.0; 2
-1.0, -3.0, 6.0; 3
-7.0, -2.0, 6.0; 6
-6.0, -2.0, 6.0; 3
-5.0, -2.0, 6.0; 2
-4.0, -2.0, 6.0; 1
-3.0, -2.0, 6.0; 1
-1.0, -2.0, 6.0; 3
0.0, -2.0, 6.0; 2
1.0, -2.0, 6.0; 2
2.0, -2.0, 6.0; 3
-8.0, -1.0, 6.0; 1
-7.0, -1.0, 6.0; 7
-6.0, -1.0, 6.0; 5
-5.0, -1.0, 6.0; 4
-4.0, -1.0, 6.0; 2
-3.0, -1.0, 6.0; 1
-2.0, -1.0, 6.0; 2
0.0, -1.0, 6.0; 1
1.0, -1.0, 6.0; 1
2.0, -1.0, 6.0; 1
3.0, -1.0, 6.0; 1
-8.0, 0.0, 6.0; 1
-7.0, 0.0, 6.0; 6
-6.0, 0.0, 6.0; 5
-5.0, 0.0, 6.0; 2
-4.0, 0.0, 6.0; 4
-3.0, 0.0, 6.0; 1
-2.0, 0.0, 6.0; 2
-1.0, 0.0, 6.0; 1
1.0, 0.0, 6.0; 6
-8.0, 1.0, 6.0; 2
-7.0, 1.0, 6.0; 3
-6.0, 1.0, 6.0; 3
-5.0, 1.0, 6.0; 1
-4.0, 1.0, 6.0; 2
-3.0, 1.0, 6.0; 1
-1.0, 1.0, 6.0; 1
1.0, 1.0, 6.0; 1
5.0, 1.0, 6.0; 1
-7.0, 2.0, 6.0; 4
-6.0, 2.0, 6.0; 1
-5.0, 2.0, 6.0; 6
-4.0, 2.0, 6.0; 2
-3.0, 2.0, 6.0; 2
-1.0, 2.0, 6.0; 1
0.0, 2.0, 6.0; 1
1.0, 2.0, 6.0; 2
2.0, 2.0, 6.0; 2
-7.0, 3.0, 6.0; 1
-6.0, 3.0, 6.0; 2
-5.0, 3.0, 6.0; 1
-4.0, 3.0, 6.0; 2
-3.0, 3.0, 6.0; 2
-2.0, 3.0, 6.0; 3
-1.0, 3.0, 6.0; 1
0.0, 3.0, 6.0; 2
1.0, 3.0, 6.0; 1
2.0, 3.0, 6.0; 2
-7.0, 4.0, 6.0; 1
-6.0, 4.0, 6.0; 2
-5.0, 4.0, 6.0; 3
-4.0, 4.0, 6.0; 2
-5.0, 5.0, 6.0; 1
-4.0, 5.0, 6.0; 2
-3.0, 5.0, 6.0; 4
-2.0, 5.0, 6.0; 1
-1.0, 5.0, 6.0; 3
2.0, 5.0, 6.0; 2
5.0, 5.0, 6.0; 1
-3.0, 6.0, 6.0; 1
-2.0, 6.0, 6.0; 1
2.0, 6.0, 6.0; 1
-3.0, 7.0, 6.0; 1
1.0, 7.0, 6.0; 2
-3.0, -7.0, 7.0; 2
-2.0, -7.0, 7.0; 3
-1.0, -7.0, 7.0; 7
0.0, -7.0, 7.0; 1
-4.0, -6.0, 7.0; 3
-3.0, -6.0, 7.0; 5
-2.0, -6.0, 7.0; 5
-1.0, -6.0, 7.0; 1
3.0, -6.0, 7.0; 1
-6.0, -5.0, 7.0; 1
-5.0, -5.0, 7.0; 3
-4.0, -5.0, 7.0; 6
-3.0, -5.0, 7.0; 7
-2.0, -5.0, 7.0; 6
-1.0, -5.0, 7.0; 7
0.0, -5.0, 7.0; 1
1.0, -5.0, 7.0; 3
-6.0, -4.0, 7.0; 5
-5.0, -4.0, 7.0; 9
-4.0, -4.0, 7.0; 8
-3.0, -4.0, 7.0; 5
-2.0, -4.0, 7.0; 16
-1.0, -4.0, 7.0; 6
0.0, -4.0, 7.0; 1
-7.0, -3.0, 7.0; 1
-6.0, -3.0, 7.0; 2
-5.0, -3.0, 7.0; 5
-4.0, -3.0, 7.0; 2
-3.0, -3.0, 7.0; 6
-2.0, -3.0, 7.0; 4
-1.0, -3.0, 7.0; 3
0.0, -3.0, 7.0; 1
1.0, -3.0, 7.0; 1
2.0, -3.0, 7.0; 1
3.0, -3.0, 7.0; 1
4.0, -3.0, 7.0; 1
-7.0, -2.0, 7.0; 1
-6.0, -2.0, 7.0; 5
-5.0, -2.0, 7.0; 5
-4.0, -2.0, 7.0; 4
-3.0, -2.0, 7.0; 1
-2.0, -2.0, 7.0; 1
-1.0, -2.0, 7.0; 3
1.0, -2.0, 7.0; 5
2.0, -2.0, 7.0; 1
3.0, -2.0, 7.0; 1
-7.0, -1.0, 7.0; 1
-6.0, -1.0, 7.0; 4
-5.0, -1.0, 7.0; 2
-4.0, -1.0, 7.0; 1
-3.0, -1.0, 7.0; 3
-2.0, -1.0, 7.0; 1
-1.0, -1.0, 7.0; 2
0.0, -1.0, 7.0; 1
-7.0, 0.0, 7.0; 1
-1.0, 0.0, 7.0; 2
0.0, 0.0, 7.0; 2
-7.0, 1.0, 7.0; 2
-6.0, 1.0, 7.0; 5
-5.0, 1.0, 7.0; 1
-4.0, 1.0, 7.0; 2
-3.0, 1.0, 7.0; 1
-2.0, 1.0, 7.0; 4
0.0, 1.0, 7.0; 2
1.0, 1.0, 7.0; 4
2.0, 1.0, 7.0; 1
3.0, 1.0, 7.0; 1
-7.0, 2.0, 7.0; 1
-4.0, 2.0, 7.0; 3
-3.0, 2.0, 7.0; 3
-2.0, 2.0, 7.0; 2
-1.0, 2.0, 7.0; 1
-6.0, 3.0, 7.0; 1
-5.0, 3.0, 7.0; 1
-4.0, 3.0, 7.0; 1
-1.0, 3.0, 7.0; 3
0.0, 3.0, 7.0; 1
3.0, 3.0, 7.0; 1
-3.0, 4.0, 7.0; 3
-2.0, 4.0, 7.0; 1
-1.0, 4.0, 7.0; 1
1.0, 4.0, 7.0; 1
-2.0, 5.0, 7.0; 2
-1.0, 5.0, 7.0; 1
-3.0, 6.0, 7.0; 1
-1.0, 6.0, 7.0; 2
-3.0, -6.0, 8.0; 1
-2.0, -6.0, 8.0; 1
-1.0, -6.0, 8.0; 2
0.0, -6.0, 8.0; 2
-4.0, -5.0, 8.0; 1
-3.0, -5.0, 8.0; 1
-1.0, -5.0, 8.0; 1
0.0, -5.0, 8.0; 1
1.0, -5.0, 8.0; 1
-5.0, -4.0, 8.0; 3
-4.0, -4.0, 8.0; 4
-3.0, -4.0, 8.0; 4
-2.0, -4.0, 8.0; 4
-1.0, -4.0, 8.0; 3
0.0, -4.0, 8.0; 2
-5.0, -3.0, 8.0; 5
-3.0, -3.0, 8.0; 4
-2.0, -3.0, 8.0; 1
2.0, -3.0, 8.0; 1
4.0, -3.0, 8.0; 1
-5.0, -2.0, 8.0; 3
-3.0, -2.0, 8.0; 1
-2.0, -2.0, 8.0; 1
-1.0, -2.0, 8.0; 1
2.0, -2.0, 8.0; 1
-6.0, -1.0, 8.0; 1
-5.0, -1.0, 8.0; 2
-4.0, -1.0, 8.0; 3
-3.0, -1.0, 8.0; 1
-2.0, -1.0, 8.0; 2
-5.0, 0.0, 8.0; 1
-4.0, 0.0, 8.0; 1
-2.0, 0.0, 8.0; 1
-4.0, 1.0, 8.0; 1
-3.0, 1.0, 8.0; 1
0.0, 1.0, 8.0; 1
-5.0, 2.0, 8.0; 2
-3.0, 2.0, 8.0; 1
-1.0, 2.0, 8.0; 1
0.0, 3.0, 8.0; 1
1.0, 5.0, 8.0; 1
0.0, -4.0, 9.0; 1
-3.0, -3.0, 9.0; 1
-2.0, -3.0, 9.0; 1
-1.0, -3.0, 9.0; 1
2.0, -3.0, 9.0; 1
-4.0, -2.0, 9.0; 1
-2.0, -2.0, 9.0; 1
2.0, -2.0, 9.0; 1
0.0, -1.0, 9.0; 2
1.0, -1.0, 9.0; 3
2.0, -1.0, 9.0; 1
-3.0, 0.0, 9.0; 1
-2.0, 0.0, 9.0; 1
0.0, 0.0, 9.0; 2
-3.0, 2.0, 9.0; 1
2.0, -4.0, -10.0; 1
-4.0, -2.0, -10.0; 1
-3.0, -2.0, -10.0; 3
-2.0, -2.0, -10.0; 1
2.0, -2.0, -10.0; 1
0.0, -1.0, -10.0; 1
2.0, -1.0, -10.0; 1
-2.0, 0.0, -10.0; 1
-1.0, 0.0, -10.0; 1
0.0, 0.0, -10.0; 1
1.0, 0.0, -10.0; 2
4.0, 0.0, -10.0; 1
-1.0, 1.0, -10.0; 3
1.0, 1.0, -10.0; 1
-3.0, 2.0, -10.0; 2
-2.0, 2.0, -10.0; 1
-1.0, 2.0, -10.0; 2
-1.0, 3.0, -10.0; 1
0.0, 3.0, -10.0; 1
1.0, 3.0, -10.0; 2
-1.0, -6.0, -9.0; 1
1.0, -6.0, -9.0; 2
0.0, -5.0, -9.0; 1
1.0, -4.0, -9.0; 1
-3.0, -3.0, -9.0; 1
0.0, -3.0, -9.0; 1
3.0, -3.0, -9.0; 1
-5.0, -2.0, -9.0; 2
-4.0, -2.0, -9.0; 1
-3.0, -2.0, -9.0; 2
-2.0, -2.0, -9.0; 1
-1.0, -2.0, -9.0; 1
4.0, -2.0, -9.0; 1
-6.0, -1.0, -9.0; 1
-5.0, -1.0, -9.0; 2
-3.0, -1.0, -9.0; 1
-1.0, -1.0, -9.0; 3
5.0, -1.0, -9.0; 2
-6.0, 0.0, -9.0; 1
-5.0, 0.0, -9.0; 1
-4.0, 0.0, -9.0; 3
-2.0, 0.0, -9.0; 2
-1.0, 0.0, -9.0; 3
0.0, 0.0, -9.0; 1
5.0, 0.0, -9.0; 1
-5.0, 1.0, -9.0; 1
-4.0, 1.0, -9.0; 1
-3.0, 1.0, -9.0; 5
-2.0, 1.0, -9.0; 3
-1.0, 1.0, -9.0; 2
3.0, 1.0, -9.0; 2
4.0, 1.0, -9.0; 3
-5.0, 2.0, -9.0; 3
-4.0, 2.0, -9.0; 1
-3.0, 2.0, -9.0; 4
-2.0, 2.0, -9.0; 6
-1.0, 2.0, -9.0; 2
0.0, 2.0, -9.0; 5
2.0, 2.0, -9.0; 2
-3.0, 3.0, -9.0; 3
-2.0, 3.0, -9.0; 2
-1.0, 3.0, -9.0; 4
0.0, 3.0, -9.0; 2
1.0, 3.0, -9.0; 2
2.0, 3.0, -9.0; 4
3.0, 3.0, -9.0; 1
-4.0, 4.0, -9.0; 1
-3.0, 4.0, -9.0; 2
-2.0, 4.0, -9.0; 5
-1.0, 4.0, -9.0; 2
0.0, 4.0, -9.0; 3
1.0, 4.0, -9.0; 3
2.0, 4.0, -9.0; 1
3.0, 4.0, -9.0; 1
-3.0, -7.0, -8.0; 1
-2.0, -7.0, -8.0; 1
-1.0, -7.0, -8.0; 2
0.0, -7.0, -8.0; 1
0.0, -6.0, -8.0; 1
1.0, -6.0, -8.0; 2
2.0, -6.0, -8.0; 1
3.0, -6.0, -8.0; 2
-5.0, -5.0, -8.0; 1
-3.0, -5.0, -8.0; 2
-1.0, -5.0, -8.0; 1
0.0, -5.0, -8.0; 1
1.0, -5.0, -8.0; 3
2.0, -5.0, -8.0; 1
4.0, -5.0, -8.0; 1
-6.0, -4.0, -8.0; 1
-4.0, -4.0, -8.0; 1
-3.0, -4.0, -8.0; 1
0.0, -4.0, -8.0; 1
-5.0, -3.0, -8.0; 2
-3.0, -3.0, -8.0; 1
-2.0, -3.0, -8.0; 1
-1.0, -3.0, -8.0; 1
0.0, -3.0, -8.0; 1
-6.0, -2.0, -8.0; 3
-5.0, -2.0, -8.0; 3
-4.0, -2.0, -8.0; 2
0.0, -2.0, -8.0; 1
-7.0, -1.0, -8.0; 2
-6.0, -1.0, -8.0; 1
-5.0, -1.0, -8.0; 6
-4.0, -1.0, -8.0; 5
-3.0, -1.0, -8.0; 2
0.0, -1.0, -8.0; 1
1.0, -1.0, -8.0; 1
2.0, -1.0, -8.0; 3
3.0, -1.0, -8.0; 1
6.0, -1.0, -8.0; 1
-7.0, 0.0, -8.0; 2
-6.0, 0.0, -8.0; 3
-5.0, 0.0, -8.0; 7
-4.0, 0.0, -8.0; 5
-2.0, 0.0, -8.0; 1
-1.0, 0.0, -8.0; 3
1.0, 0.0, -8.0; 1
3.0, 0.0, -8.0; 1
5.0, 0.0, -8.0; 2
-6.0, 1.0, -8.0; 2
-5.0, 1.0, -8.0; 3
-4.0, 1.0, -8.0; 3
-3.0, 1.0, -8.0; 2
-2.0, 1.0, -8.0; 2
-1.0, 1.0, -8.0; 2
0.0, 1.0, -8.0; 2
2.0, 1.0, -8.0; 1
3.0, 1.0, -8.0; 6
4.0, 1.0, -8.0; 1
6.0, 1.0, -8.0; 1
-7.0, 2.0, -8.0; 3
-6.0, 2.0, -8.0; 6
-5.0, 2.0, -8.0; 5
-4.0, 2.0, -8.0; 4
-3.0, 2.0, -8.0; 8
-2.0, 2.0, -8.0; 2
-1.0, 2.0, -8.0; 2
0.0, 2.0, -8.0; 2
1.0, 2.0, -8.0; 1
3.0, 2.0, -8.0; 3
4.0, 2.0, -8.0; 4
5.0, 2.0, -8.0; 1
6.0, 2.0, -8.0; 1
-7.0, 3.0, -8.0; 1
-6.0, 3.0, -8.0; 2
-5.0, 3.0, -8.0; 7
-4.0, 3.0, -8.0; 1
-3.0, 3.0, -8.0; 4
-2.0, 3.0, -8.0; 3
-1.0, 3.0, -8.0; 3
0.0, 3.0, -8.0; 1
1.0, 3.0, -8.0; 2
2.0, 3.0, -8.0; 5
3.0, 3.0, -8.0; 2
4.0, 3.0, -8.0; 2
5.0, 3.0, -8.0; 1
-6.0, 4.0, -8.0; 2
-5.0, 4.0, -8.0; 2
-4.0, 4.0, -8.0; 3
-3.0, 4.0, -8.0; 3
-2.0, 4.0, -8.0; 3
-1.0, 4.0, -8.0; 3
0.0, 4.0, -8.0; 2
1.0, 4.0, -8.0; 4
2.0, 4.0, -8.0; 3
3.0, 4.0, -8.0; 3
-5.0, 5.0, -8.0; 2
-4.0, 5.0, -8.0; 1
-3.0, 5.0, -8.0; 2
-2.0, 5.0, -8.0; 4
-1.0, 5.0, -8.0; 1
-1.0, 6.0, -8.0; 1
1.0, 6.0, -8.0; 1
2.0, 6.0, -8.0; 1
-1.0, -8.0, -7.0; 2
1.0, -8.0, -7.0; 1
-5.0, -7.0, -7.0; 1
-4.0, -7.0, -7.0; 3
-3.0, -7.0, -7.0; 1
-2.0, -7.0, -7.0; 1
1.0, -7.0, -7.0; 1
-4.0, -6.0, -7.0; 1
0.0, -6.0, -7.0; 1
1.0, -6.0, -7.0; 1
2.0, -6.0, -7.0; 1
3.0, -6.0, -7.0; 1
4.0, -6.0, -7.0; 1
5.0, -6.0, -7.0; 1
-7.0, -5.0, -7.0; 1
-6.0, -5.0, -7.0; 1
-5.0, -5.0, -7.0; 1
-4.0, -5.0, -7.0; 2
-1.0, -5.0, -7.0; 2
-6.0, -4.0, -7.0; 2
-5.0, -4.0, -7.0; 4
-3.0, -4.0, -7.0; 3
-2.0, -4.0, -7.0; 2
-1.0, -4.0, -7.0; 4
0.0, -4.0, -7.0; 1
-7.0, -3.0, -7.0; 3
-6.0, -3.0, -7.0; 3
-5.0, -3.0, -7.0; 1
-3.0, -3.0, -7.0; 1
-1.0, -3.0, -7.0; 1
0.0, -3.0, -7.0; 2
4.0, -3.0, -7.0; 1
5.0, -3.0, -7.0; 1
-7.0, -2.0, -7.0; 2
-6.0, -2.0, -7.0; 9
-5.0, -2.0, -7.0; 2
-4.0, -2.0, -7.0; 5
-3.0, -2.0, -7.0; 5
-2.0, -2.0, -7.0; 2
-1.0, -2.0, -7.0; 3
0.0, -2.0, -7.0; 2
1.0, -2.0, -7.0; 1
3.0, -2.0, -7.0; 2
-7.0, -1.0, -7.0; 2
-6.0, -1.0, -7.0; 2
-5.0, -1.0, -7.0; 12
-4.0, -1.0, -7.0; 6
-3.0, -1.0, -7.0; 2
-2.0, -1.0, -7.0; 4
-1.0, -1.0, -7.0; 3
0.0, -1.0, -7.0; 1
1.0, -1.0, -7.0; 1
2.0, -1.0, -7.0; 1
-7.0, 0.0, -7.0; 4
-6.0, 0.0, -7.0; 10
-5.0, 0.0, -7.0; 3
-4.0, 0.0, -7.0; 2
-3.0, 0.0, -7.0; 3
-2.0, 0.0, -7.0; 1
-1.0, 0.0, -7.0; 3
0.0, 0.0, -7.0; 3
1.0, 0.0, -7.0; 2
2.0, 0.0, -7.0; 2
5.0, 0.0, -7.0; 1
6.0, 0.0, -7.0; 1
-8.0, 1.0, -7.0; 1
-7.0, 1.0, -7.0; 5
-6.0, 1.0, -7.0; 4
-5.0, 1.0, -7.0; 6
-4.0, 1.0, -7.0; 1
-2.0, 1.0, -7.0; 3
0.0, 1.0, -7.0; 3
1.0, 1.0, -7.0; 2
2.0, 1.0, -7.0; 5
3.0, 1.0, -7.0; 1
4.0, 1.0, -7.0; 4
-8.0, 2.0, -7.0; 1
-7.0, 2.0, -7.0; 5
-6.0, 2.0, -7.0; 3
-5.0, 2.0, -7.0; 4
-2.0, 2.0, -7.0; 1
1.0, 2.0, -7.0; 1
2.0, 2.0, -7.0; 3
4.0, 2.0, -7.0; 3
5.0, 2.0, -7.0; 4
6.0, 2.0, -7.0; 1
-7.0, 3.0, -7.0; 3
-6.0, 3.0, -7.0; 4
-5.0, 3.0, -7.0; 2
-4.0, 3.0, -7.0; 2
-2.0, 3.0, -7.0; 1
-1.0, 3.0, -7.0; 1
1.0, 3.0, -7.0; 3
2.0, 3.0, -7.0; 2
3.0, 3.0, -7.0; 1
4.0, 3.0, -7.0; 1
5.0, 3.0, -7.0; 1
7.0, 3.0, -7.0; 1
-7.0, 4.0, -7.0; 1
-6.0, 4.0, -7.0; 9
-5.0, 4.0, -7.0; 6
-4.0, 4.0, -7.0; 4
-3.0, 4.0, -7.0; 3
-1.0, 4.0, -7.0; 2
0.0, 4.0, -7.0; 3
1.0, 4.0, -7.0; 1
2.0, 4.0, -7.0; 1
3.0, 4.0, -7.0; 3
4.0, 4.0, -7.0; 10
5.0, 4.0, -7.0; 5
-6.0, 5.0, -7.0; 1
-5.0, 5.0, -7.0; 2
-4.0, 5.0, -7.0; 4
-3.0, 5.0, -7.0; 1
-2.0, 5.0, -7.0; 5
0.0, 5.0, -7.0; 6
1.0, 5.0, -7.0; 1
2.0, 5.0, -7.0; 2
3.0, 5.0, -7.0; 1
4.0, 5.0, -7.0; 1
-5.0, 6.0, -7.0; 1
-4.0, 6.0, -7.0; 6
-3.0, 6.0, -7.0; 5
-2.0, 6.0, -7.0; 5
-1.0, 6.0, -7.0; 6
0.0, 6.0, -7.0; 8
1.0, 6.0, -7.0; 2
2.0, 6.0, -7.0; 1
3.0, 6.0, -7.0; 1
-3.0, 7.0, -7.0; 1
-2.0, 7.0, -7.0; 5
-1.0, 7.0, -7.0; 3
2.0, 7.0, -7.0; 1
-2.0, -9.0, -6.0; 1
-1.0, -9.0, -6.0; 1
-4.0, -8.0, -6.0; 2
-2.0, -8.0, -6.0; 1
-1.0, -8.0, -6.0; 1
0.0, -8.0, -6.0; 1
1.0, -8.0, -6.0; 1
2.0, -8.0, -6.0; 1
-6.0, -7.0, -6.0; 3
-5.0, -7.0, -6.0; 3
-4.0, -7.0, -6.0; 2
-3.0, -7.0, -6.0; 2
-2.0, -7.0, -6.0; 2
-1.0, -7.0, -6.0; 1
0.0, -7.0, -6.0; 1
1.0, -7.0, -6.0; 2
3.0, -7.0, -6.0; 1
5.0, -7.0, -6.0; 1
-7.0, -6.0, -6.0; 3
-6.0, -6.0, -6.0; 5
-3.0, -6.0, -6.0; 1
-2.0, -6.0, -6.0; 2
-1.0, -6.0, -6.0; 13
0.0, -6.0, -6.0; 14
1.0, -6.0, -6.0; 3
2.0, -6.0, -6.0; 4
-7.0, -5.0, -6.0; 2
-6.0, -5.0, -6.0; 1
-5.0, -5.0, -6.0; 2
-4.0, -5.0, -6.0; 1
-3.0, -5.0, -6.0; 2
-2.0, -5.0, -6.0; 2
-1.0, -5.0, -6.0; 8
0.0, -5.0, -6.0; 35
1.0, -5.0, -6.0; 9
2.0, -5.0, -6.0; 1
-6.0, -4.0, -6.0; 1
-5.0, -4.0, -6.0; 1
-4.0, -4.0, -6.0; 1
-2.0, -4.0, -6.0; 1
-1.0, -4.0, -6.0; 5
0.0, -4.0, -6.0; 27
1.0, -4.0, -6.0; 19
2.0, -4.0, -6.0; 1
4.0, -4.0, -6.0; 1
-8.0, -3.0, -6.0; 3
-7.0, -3.0, -6.0; 4
-6.0, -3.0, -6.0; 3
-5.0, -3.0, -6.0; 3
-1.0, -3.0, -6.0; 9
0.0, -3.0, -6.0; 34
1.0, -3.0, -6.0; 17
3.0, -3.0, -6.0; 1
7.0, -3.0, -6.0; 1
-8.0, -2.0, -6.0; 1
-7.0, -2.0, -6.0; 3
-6.0, -2.0, -6.0; 2
-5.0, -2.0, -6.0; 1
-4.0, -2.0, -6.0; 3
-3.0, -2.0, -6.0; 2
-2.0, -2.0, -6.0; 1
-1.0, -2.0, -6.0; 1
0.0, -2.0, -6.0; 9
1.0, -2.0, -6.0; 8
2.0, -2.0, -6.0; 1
3.0, -2.0, -6.0; 2
-9.0, -1.0, -6.0; 2
-8.0, -1.0, -6.0; 2
-7.0, -1.0, -6.0; 2
-6.0, -1.0, -6.0; 4
-5.0, -1.0, -6.0; 3
-4.0, -1.0, -6.0; 4
-3.0, -1.0, -6.0; 1
-2.0, -1.0, -6.0; 1
0.0, -1.0, -6.0; 1
1.0, -1.0, -6.0; 1
2.0, -1.0, -6.0; 1
3.0, -1.0, -6.0; 2
4.0, -1.0, -6.0; 1
-9.0, 0.0, -6.0; 1
-8.0, 0.0, -6.0; 2
-7.0, 0.0, -6.0; 5
-6.0, 0.0, -6.0; 10
-5.0, 0.0, -6.0; 2
-4.0, 0.0, -6.0; 2
-3.0, 0.0, -6.0; 2
-2.0, 0.0, -6.0; 6
-1.0, 0.0, -6.0; 6
0.0, 0.0, -6.0; 1
1.0, 0.0, -6.0; 2
2.0, 0.0, -6.0; 4
3.0, 0.0, -6.0; 3
5.0, 0.0, -6.0; 2
6.0, 0.0, -6.0; 1
-9.0, 1.0, -6.0; 1
-8.0, 1.0, -6.0; 1
-7.0, 1.0, -6.0; 6
-6.0, 1.0, -6.0; 5
-5.0, 1.0, -6.0; 2
-4.0, 1.0, -6.0; 5
-3.0, 1.0, -6.0; 14
-2.0, 1.0, -6.0; 127
-1.0, 1.0, -6.0; 102
0.0, 1.0, -6.0; 11
1.0, 1.0, -6.0; 1
2.0, 1.0, -6.0; 6
3.0, 1.0, -6.0; 3
4.0, 1.0, -6.0; 2
5.0, 1.0, -6.0; 2
6.0, 1.0, -6.0; 3
7.0, 1.0, -6.0; 2
-8.0, 2.0, -6.0; 5
-7.0, 2.0, -6.0; 6
-6.0, 2.0, -6.0; 5
-5.0, 2.0, -6.0; 3
-4.0, 2.0, -6.0; 4
-3.0, 2.0, -6.0; 6
-2.0, 2.0, -6.0; 43
-1.0, 2.0, -6.0; 70
0.0, 2.0, -6.0; 15
1.0, 2.0, -6.0; 4
2.0, 2.0, -6.0; 9
3.0, 2.0, -6.0; 7
5.0, 2.0, -6.0; 1
6.0, 2.0, -6.0; 1
-8.0, 3.0, -6.0; 3
-7.0, 3.0, -6.0; 4
-6.0, 3.0, -6.0; 1
-5.0, 3.0, -6.0; 2
-4.0, 3.0, -6.0; 7
-3.0, 3.0, -6.0; 1
-2.0, 3.0, -6.0; 5
-1.0, 3.0, -6.0; 5
0.0, 3.0, -6.0; 6
1.0, 3.0, -6.0; 1
2.0, 3.0, -6.0; 2
3.0, 3.0, -6.0; 5
4.0, 3.0, -6.0; 3
5.0, 3.0, -6.0; 3
6.0, 3.0, -6.0; 1
7.0, 3.0, -6.0; 1
-7.0, 4.0, -6.0; 6
-6.0, 4.0, -6.0; 1
-5.0, 4.0, -6.0; 3
-4.0, 4.0, -6.0; 2
-3.0, 4.0, -6.0; 5
-2.0, 4.0, -6.0; 3
-1.0, 4.0, -6.0; 3
0.0, 4.0, -6.0; 5
1.0, 4.0, -6.0; 4
2.0, 4.0, -6.0; 5
3.0, 4.0, -6.0; 2
4.0, 4.0, -6.0; 5
5.0, 4.0, -6.0; 6
6.0, 4.0, -6.0; 1
-7.0, 5.0, -6.0; 2
-6.0, 5.0, -6.0; 2
-5.0, 5.0, -6.0; 7
-4.0, 5.0, -6.0; 22
-3.0, 5.0, -6.0; 3
-2.0, 5.0, -6.0; 1
0.0, 5.0, -6.0; 1
1.0, 5.0, -6.0; 1
2.0, 5.0, -6.0; 2
3.0, 5.0, -6.0; 2
4.0, 5.0, -6.0; 4
5.0, 5.0, -6.0; 2
6.0, 5.0, -6.0; 1
-6.0, 6.0, -6.0; 1
-5.0, 6.0, -6.0; 3
-4.0, 6.0, -6.0; 42
-3.0, 6.0, -6.0; 44
-2.0, 6.0, -6.0; 3
-1.0, 6.0, -6.0; 3
0.0, 6.0, -6.0; 2
1.0, 6.0, -6.0; 4
2.0, 6.0, -6.0; 4
5.0, 6.0, -6.0; 1
-4.0, 7.0, -6.0; 5
-3.0, 7.0, -6.0; 5
-2.0, 7.0, -6.0; 8
-1.0, 7.0, -6.0; 4
0.0, 7.0, -6.0; 7
1.0, 7.0, -6.0; 6
2.0, 7.0, -6.0; 1
-2.0, 8.0, -6.0; 2
-1.0, 8.0, -6.0; 2
0.0, 8.0, -6.0; 1
-3.0, -9.0, -5.0; 2
-2.0, -9.0, -5.0; 1
0.0, -9.0, -5.0; 1
-5.0, -8.0, -5.0; 6
-4.0, -8.0, -5.0; 10
-3.0, -8.0, -5.0; 5
-2.0, -8.0, -5.0; 5
-1.0, -8.0, -5.0; 4
0.0, -8.0, -5.0; 1
2.0, -8.0, -5.0; 2
-7.0, -7.0, -5.0; 1
-6.0, -7.0, -5.0; 4
-5.0, -7.0, -5.0; 6
-4.0, -7.0, -5.0; 3
-3.0, -7.0, -5.0; 6
-2.0, -7.0, -5.0; 5
-1.0, -7.0, -5.0; 19
0.0, -7.0, -5.0; 7
1.0, -7.0, -5.0; 1
2.0, -7.0, -5.0; 1
3.0, -7.0, -5.0; 1
5.0, -7.0, -5.0; 1
-8.0, -6.0, -5.0; 1
-7.0, -6.0, -5.0; 1
-6.0, -6.0, -5.0; 4
-4.0, -6.0, -5.0; 3
-3.0, -6.0, -5.0; 1
-1.0, -6.0, -5.0; 13
0.0, -6.0, -5.0; 63
1.0, -6.0, -5.0; 11
2.0, -6.0, -5.0; 5
-8.0, -5.0, -5.0; 1
-7.0, -5.0, -5.0; 4
-6.0, -5.0, -5.0; 1
-5.0, -5.0, -5.0; 1
-2.0, -5.0, -5.0; 3
-1.0, -5.0, -5.0; 2
0.0, -5.0, -5.0; 16
1.0, -5.0, -5.0; 24
3.0, -5.0, -5.0; 1
-9.0, -4.0, -5.0; 3
-8.0, -4.0, -5.0; 3
-7.0, -4.0, -5.0; 6
-6.0, -4.0, -5.0; 1
-5.0, -4.0, -5.0; 1
-4.0, -4.0, -5.0; 3
-3.0, -4.0, -5.0; 16
-2.0, -4.0, -5.0; 13
-1.0, -4.0, -5.0; 3
0.0, -4.0, -5.0; 5
1.0, -4.0, -5.0; 6
2.0, -4.0, -5.0; 2
6.0, -4.0, -5.0; 1
-9.0, -3.0, -5.0; 4
-8.0, -3.0, -5.0; 3
-7.0, -3.0, -5.0; 1
-6.0, -3.0, -5.0; 3
-5.0, -3.0, -5.0; 3
-4.0, -3.0, -5.0; 39
-3.0, -3.0, -5.0; 165
-2.0, -3.0, -5.0; 34
-1.0, -3.0, -5.0; 2
0.0, -3.0, -5.0; 4
1.0, -3.0, -5.0; 12
4.0, -3.0, -5.0; 1
-8.0, -2.0, -5.0; 6
-7.0, -2.0, -5.0; 3
-6.0, -2.0, -5.0; 1
-4.0, -2.0, -5.0; 13
-3.0, -2.0, -5.0; 16
-1.0, -2.0, -5.0; 1
1.0, -2.0, -5.0; 2
2.0, -2.0, -5.0; 2
3.0, -2.0, -5.0; 1
4.0, -2.0, -5.0; 1
5.0, -2.0, -5.0; 1
8.0, -2.0, -5.0; 1
-9.0, -1.0, -5.0; 1
-8.0, -1.0, -5.0; 1
-7.0, -1.0, -5.0; 10
-6.0, -1.0, -5.0; 1
-5.0, -1.0, -5.0; 1
-4.0, -1.0, -5.0; 1
2.0, -1.0, -5.0; 1
4.0, -1.0, -5.0; 1
5.0, -1.0, -5.0; 3
6.0, -1.0, -5.0; 1
-9.0, 0.0, -5.0; 4
-8.0, 0.0, -5.0; 1
-7.0, 0.0, -5.0; 5
-6.0, 0.0, -5.0; 3
-5.0, 0.0, -5.0; 2
-4.0, 0.0, -5.0; 3
-3.0, 0.0, -5.0; 5
-1.0, 0.0, -5.0; 1
2.0, 0.0, -5.0; 1
3.0, 0.0, -5.0; 4
4.0, 0.0, -5.0; 2
5.0, 0.0, -5.0; 1
6.0, 0.0, -5.0; 2
-9.0, 1.0, -5.0; 2
-8.0, 1.0, -5.0; 4
-7.0, 1.0, -5.0; 8
-6.0, 1.0, -5.0; 8
-5.0, 1.0, -5.0; 16
-4.0, 1.0, -5.0; 9
-3.0, 1.0, -5.0; 14
-2.0, 1.0, -5.0; 19
-1.0, 1.0, -5.0; 19
0.0, 1.0, -5.0; 16
1.0, 1.0, -5.0; 1
2.0, 1.0, -5.0; 3
3.0, 1.0, -5.0; 4
4.0, 1.0, -5.0; 3
5.0, 1.0, -5.0; 1
6.0, 1.0, -5.0; 2
7.0, 1.0, -5.0; 1
-9.0, 2.0, -5.0; 1
-8.0, 2.0, -5.0; 5
-7.0, 2.0, -5.0; 2
-6.0, 2.0, -5.0; 7
-5.0, 2.0, -5.0; 66
-4.0, 2.0, -5.0; 50
-3.0, 2.0, -5.0; 7
-2.0, 2.0, -5.0; 3
-1.0, 2.0, -5.0; 21
0.0, 2.0, -5.0; 36
1.0, 2.0, -5.0; 11
2.0, 2.0, -5.0; 5
3.0, 2.0, -5.0; 13
4.0, 2.0, -5.0; 2
6.0, 2.0, -5.0; 1
7.0, 2.0, -5.0; 3
-8.0, 3.0, -5.0; 6
-7.0, 3.0, -5.0; 2
-6.0, 3.0, -5.0; 2
-5.0, 3.0, -5.0; 27
-4.0, 3.0, -5.0; 35
-3.0, 3.0, -5.0; 6
-2.0, 3.0, -5.0; 5
-1.0, 3.0, -5.0; 12
0.0, 3.0, -5.0; 19
1.0, 3.0, -5.0; 4
2.0, 3.0, -5.0; 4
3.0, 3.0, -5.0; 6
4.0, 3.0, -5.0; 7
6.0, 3.0, -5.0; 4
8.0, 3.0, -5.0; 1
-8.0, 4.0, -5.0; 6
-7.0, 4.0, -5.0; 13
-6.0, 4.0, -5.0; 2
-5.0, 4.0, -5.0; 8
-4.0, 4.0, -5.0; 3
-3.0, 4.0, -5.0; 17
-2.0, 4.0, -5.0; 22
-1.0, 4.0, -5.0; 22
0.0, 4.0, -5.0; 5
1.0, 4.0, -5.0; 6
2.0, 4.0, -5.0; 2
3.0, 4.0, -5.0; 4
4.0, 4.0, -5.0; 4
5.0, 4.0, -5.0; 1
6.0, 4.0, -5.0; 4
-8.0, 5.0, -5.0; 1
-7.0, 5.0, -5.0; 4
-6.0, 5.0, -5.0; 11
-5.0, 5.0, -5.0; 12
-4.0, 5.0, -5.0; 2
-3.0, 5.0, -5.0; 2
-2.0, 5.0, -5.0; 1
-1.0, 5.0, -5.0; 7
0.0, 5.0, -5.0; 6
1.0, 5.0, -5.0; 1
2.0, 5.0, -5.0; 8
3.0, 5.0, -5.0; 4
4.0, 5.0, -5.0; 3
5.0, 5.0, -5.0; 1
-7.0, 6.0, -5.0; 1
-6.0, 6.0, -5.0; 4
-5.0, 6.0, -5.0; 13
-4.0, 6.0, -5.0; 21
-3.0, 6.0, -5.0; 9
-2.0, 6.0, -5.0; 2
-1.0, 6.0, -5.0; 2
0.0, 6.0, -5.0; 6
1.0, 6.0, -5.0; 1
2.0, 6.0, -5.0; 3
3.0, 6.0, -5.0; 9
4.0, 6.0, -5.0; 4
5.0, 6.0, -5.0; 4
6.0, 6.0, -5.0; 1
-5.0, 7.0, -5.0; 2
-4.0, 7.0, -5.0; 4
-3.0, 7.0, -5.0; 10
-2.0, 7.0, -5.0; 9
-1.0, 7.0, -5.0; 5
0.0, 7.0, -5.0; 3
1.0, 7.0, -5.0; 15
2.0, 7.0, -5.0; 12
3.0, 7.0, -5.0; 2
4.0, 7.0, -5.0; 1
-3.0, 8.0, -5.0; 2
-2.0, 8.0, -5.0; 5
-1.0, 8.0, -5.0; 3
0.0, 8.0, -5.0; 12
1.0, 8.0, -5.0; 10
2.0, 8.0, -5.0; 5
0.0, 9.0, -5.0; 1
-1.0, -10.0, -4.0; 1
-5.0, -9.0, -4.0; 1
-4.0, -9.0, -4.0; 3
-3.0, -9.0, -4.0; 2
-2.0, -9.0, -4.0; 2
-1.0, -9.0, -4.0; 1
-6.0, -8.0, -4.0; 2
-5.0, -8.0, -4.0; 9
-4.0, -8.0, -4.0; 12
-3.0, -8.0, -4.0; 27
-2.0, -8.0, -4.0; 22
-1.0, -8.0, -4.0; 17
0.0, -8.0, -4.0; 9
-8.0, -7.0, -4.0; 1
-7.0, -7.0, -4.0; 2
-6.0, -7.0, -4.0; 10
-5.0, -7.0, -4.0; 3
-4.0, -7.0, -4.0; 2
-3.0, -7.0, -4.0; 3
-2.0, -7.0, -4.0; 2
-1.0, -7.0, -4.0; 6
0.0, -7.0, -4.0; 26
1.0, -7.0, -4.0; 17
2.0, -7.0, -4.0; 2
3.0, -7.0, -4.0; 2
-8.0, -6.0, -4.0; 3
-7.0, -6.0, -4.0; 2
-6.0, -6.0, -4.0; 1
-5.0, -6.0, -4.0; 2
-2.0, -6.0, -4.0; 2
-1.0, -6.0, -4.0; 1
0.0, -6.0, -4.0; 3
1.0, -6.0, -4.0; 16
2.0, -6.0, -4.0; 11
3.0, -6.0, -4.0; 3
5.0, -6.0, -4.0; 1
-8.0, -5.0, -4.0; 9
-7.0, -5.0, -4.0; 3
-4.0, -5.0, -4.0; 2
-3.0, -5.0, -4.0; 2
-2.0, -5.0, -4.0; 1
2.0, -5.0, -4.0; 1
3.0, -5.0, -4.0; 15
-9.0, -4.0, -4.0; 3
-8.0, -4.0, -4.0; 10
-7.0, -4.0, -4.0; 1
-4.0, -4.0, -4.0; 3
-3.0, -4.0, -4.0; 3
3.0, -4.0, -4.0; 2
4.0, -4.0, -4.0; 1
-9.0, -3.0, -4.0; 2
-8.0, -3.0, -4.0; 6
-7.0, -3.0, -4.0; 1
-6.0, -3.0, -4.0; 1
-5.0, -3.0, -4.0; 3
-4.0, -3.0, -4.0; 3
-3.0, -3.0, -4.0; 1
7.0, -3.0, -4.0; 1
-10.0, -2.0, -4.0; 1
-9.0, -2.0, -4.0; 1
-8.0, -2.0, -4.0; 5
-7.0, -2.0, -4.0; 4
-6.0, -2.0, -4.0; 2
-5.0, -2.0, -4.0; 1
-4.0, -2.0, -4.0; 2
7.0, -2.0, -4.0; 1
-9.0, -1.0, -4.0; 3
-8.0, -1.0, -4.0; 3
-7.0, -1.0, -4.0; 17
-5.0, -1.0, -4.0; 2
5.0, -1.0, -4.0; 4
6.0, -1.0, -4.0; 1
-9.0, 0.0, -4.0; 3
-8.0, 0.0, -4.0; 13
-7.0, 0.0, -4.0; 6
-6.0, 0.0, -4.0; 8
-5.0, 0.0, -4.0; 8
-4.0, 0.0, -4.0; 1
2.0, 0.0, -4.0; 1
4.0, 0.0, -4.0; 1
5.0, 0.0, -4.0; 1
6.0, 0.0, -4.0; 2
7.0, 0.0, -4.0; 1
8.0, 0.0, -4.0; 1
-9.0, 1.0, -4.0; 2
-8.0, 1.0, -4.0; 7
-7.0, 1.0, -4.0; 4
-6.0, 1.0, -4.0; 18
-5.0, 1.0, -4.0; 25
-4.0, 1.0, -4.0; 1
3.0, 1.0, -4.0; 1
4.0, 1.0, -4.0; 4
5.0, 1.0, -4.0; 2
6.0, 1.0, -4.0; 1
-10.0, 2.0, -4.0; 1
-9.0, 2.0, -4.0; 1
-8.0, 2.0, -4.0; 6
-7.0, 2.0, -4.0; 2
-6.0, 2.0, -4.0; 40
-5.0, 2.0, -4.0; 70
-4.0, 2.0, -4.0; 4
3.0, 2.0, -4.0; 14
4.0, 2.0, -4.0; 8
5.0, 2.0, -4.0; 2
7.0, 2.0, -4.0; 4
-9.0, 3.0, -4.0; 6
-8.0, 3.0, -4.0; 11
-6.0, 3.0, -4.0; 14
-5.0, 3.0, -4.0; 8
-3.0, 3.0, -4.0; 1
-1.0, 3.0, -4.0; 1
0.0, 3.0, -4.0; 28
1.0, 3.0, -4.0; 25
2.0, 3.0, -4.0; 3
3.0, 3.0, -4.0; 16
4.0, 3.0, -4.0; 16
5.0, 3.0, -4.0; 3
6.0, 3.0, -4.0; 1
7.0, 3.0, -4.0; 2
8.0, 3.0, -4.0; 1
-8.0, 4.0, -4.0; 7
-7.0, 4.0, -4.0; 8
-6.0, 4.0, -4.0; 1
-5.0, 4.0, -4.0; 7
-3.0, 4.0, -4.0; 15
-2.0, 4.0, -4.0; 35
-1.0, 4.0, -4.0; 54
0.0, 4.0, -4.0; 103
1.0, 4.0, -4.0; 26
2.0, 4.0, -4.0; 1
3.0, 4.0, -4.0; 3
4.0, 4.0, -4.0; 9
5.0, 4.0, -4.0; 3
6.0, 4.0, -4.0; 2
7.0, 4.0, -4.0; 1
-8.0, 5.0, -4.0; 3
-7.0, 5.0, -4.0; 7
-6.0, 5.0, -4.0; 6
-5.0, 5.0, -4.0; 4
-3.0, 5.0, -4.0; 4
-2.0, 5.0, -4.0; 60
-1.0, 5.0, -4.0; 125
0.0, 5.0, -4.0; 56
1.0, 5.0, -4.0; 3
2.0, 5.0, -4.0; 1
3.0, 5.0, -4.0; 2
4.0, 5.0, -4.0; 1
5.0, 5.0, -4.0; 1
7.0, 5.0, -4.0; 1
-7.0, 6.0, -4.0; 8
-6.0, 6.0, -4.0; 13
-5.0, 6.0, -4.0; 9
-4.0, 6.0, -4.0; 2
-2.0, 6.0, -4.0; 2
-1.0, 6.0, -4.0; 1
0.0, 6.0, -4.0; 1
1.0, 6.0, -4.0; 1
2.0, 6.0, -4.0; 5
3.0, 6.0, -4.0; 8
4.0, 6.0, -4.0; 4
5.0, 6.0, -4.0; 1
6.0, 6.0, -4.0; 1
-6.0, 7.0, -4.0; 1
-5.0, 7.0, -4.0; 2
-4.0, 7.0, -4.0; 7
-3.0, 7.0, -4.0; 6
-2.0, 7.0, -4.0; 2
-1.0, 7.0, -4.0; 4
0.0, 7.0, -4.0; 4
1.0, 7.0, -4.0; 8
2.0, 7.0, -4.0; 19
3.0, 7.0, -4.0; 3
-5.0, 8.0, -4.0; 1
-4.0, 8.0, -4.0; 2
-3.0, 8.0, -4.0; 5
-2.0, 8.0, -4.0; 8
-1.0, 8.0, -4.0; 7
0.0, 8.0, -4.0; 12
1.0, 8.0, -4.0; 12
2.0, 8.0, -4.0; 13
-2.0, 9.0, -4.0; 4
-1.0, 9.0, -4.0; 6
0.0, 9.0, -4.0; 4
1.0, 9.0, -4.0; 6
-4.0, -10.0, -3.0; 2
-3.0, -10.0, -3.0; 1
-2.0, -10.0, -3.0; 4
0.0, -10.0, -3.0; 2
-3.0, -9.0, -3.0; 2
-2.0, -9.0, -3.0; 3
-1.0, -9.0, -3.0; 1
2.0, -9.0, -3.0; 3
3.0, -9.0, -3.0; 3
-7.0, -8.0, -3.0; 3
-6.0, -8.0, -3.0; 5
-5.0, -8.0, -3.0; 6
-4.0, -8.0, -3.0; 5
-3.0, -8.0, -3.0; 20
-2.0, -8.0, -3.0; 31
-1.0, -8.0, -3.0; 22
0.0, -8.0, -3.0; 15
1.0, -8.0, -3.0; 4
2.0, -8.0, -3.0; 1
4.0, -8.0, -3.0; 1
-8.0, -7.0, -3.0; 4
-7.0, -7.0, -3.0; 9
-6.0, -7.0, -3.0; 5
-2.0, -7.0, -3.0; 1
-1.0, -7.0, -3.0; 1
0.0, -7.0, -3.0; 9
1.0, -7.0, -3.0; 14
2.0, -7.0, -3.0; 6
-8.0, -6.0, -3.0; 7
-7.0, -6.0, -3.0; 6
-2.0, -6.0, -3.0; 1
-1.0, -6.0, -3.0; 1
0.0, -6.0, -3.0; 1
1.0, -6.0, -3.0; 6
2.0, -6.0, -3.0; 9
3.0, -6.0, -3.0; 5
4.0, -6.0, -3.0; 2
-9.0, -5.0, -3.0; 2
-8.0, -5.0, -3.0; 8
-7.0, -5.0, -3.0; 1
-6.0, -5.0, -3.0; 1
-5.0, -5.0, -3.0; 2
-4.0, -5.0, -3.0; 1
0.0, -5.0, -3.0; 1
1.0, -5.0, -3.0; 1
3.0, -5.0, -3.0; 7
6.0, -5.0, -3.0; 1
-10.0, -4.0, -3.0; 1
-9.0, -4.0, -3.0; 11
-8.0, -4.0, -3.0; 12
-7.0, -4.0, -3.0; 4
-6.0, -4.0, -3.0; 1
5.0, -4.0, -3.0; 1
8.0, -4.0, -3.0; 1
-9.0, -3.0, -3.0; 6
-8.0, -3.0, -3.0; 5
-7.0, -3.0, -3.0; 2
-6.0, -3.0, -3.0; 2
-5.0, -3.0, -3.0; 1
-4.0, -3.0, -3.0; 1
-3.0, -3.0, -3.0; 1
6.0, -3.0, -3.0; 1
-10.0, -2.0, -3.0; 1
-9.0, -2.0, -3.0; 3
-8.0, -2.0, -3.0; 5
-7.0, -2.0, -3.0; 3
-6.0, -2.0, -3.0; 3
-5.0, -2.0, -3.0; 1
3.0, -2.0, -3.0; 1
-10.0, -1.0, -3.0; 3
-9.0, -1.0, -3.0; 6
-8.0, -1.0, -3.0; 11
-7.0, -1.0, -3.0; 16
-6.0, -1.0, -3.0; 2
-5.0, -1.0, -3.0; 1
5.0, -1.0, -3.0; 2
6.0, -1.0, -3.0; 1
-9.0, 0.0, -3.0; 3
-8.0, 0.0, -3.0; 13
-7.0, 0.0, -3.0; 4
-6.0, 0.0, -3.0; 6
-5.0, 0.0, -3.0; 2
3.0, 0.0, -3.0; 1
4.0, 0.0, -3.0; 2
5.0, 0.0, -3.0; 4
6.0, 0.0, -3.0; 1
-10.0, 1.0, -3.0; 1
-9.0, 1.0, -3.0; 1
-8.0, 1.0, -3.0; 10
-7.0, 1.0, -3.0; 2
-6.0, 1.0, -3.0; 33
-5.0, 1.0, -3.0; 10
-3.0, 1.0, -3.0; 1
4.0, 1.0, -3.0; 2
5.0, 1.0, -3.0; 1
6.0, 1.0, -3.0; 2
-9.0, 2.0, -3.0; 1
-8.0, 2.0, -3.0; 6
-7.0, 2.0, -3.0; 5
-6.0, 2.0, -3.0; 26
-5.0, 2.0, -3.0; 11
4.0, 2.0, -3.0; 4
5.0, 2.0, -3.0; 4
6.0, 2.0, -3.0; 1
7.0, 2.0, -3.0; 1
-9.0, 3.0, -3.0; 5
-8.0, 3.0, -3.0; 5
-7.0, 3.0, -3.0; 1
-6.0, 3.0, -3.0; 14
-5.0, 3.0, -3.0; 2
-4.0, 3.0, -3.0; 1
1.0, 3.0, -3.0; 7
2.0, 3.0, -3.0; 4
3.0, 3.0, -3.0; 4
4.0, 3.0, -3.0; 16
5.0, 3.0, -3.0; 3
6.0, 3.0, -3.0; 1
7.0, 3.0, -3.0; 2
-9.0, 4.0, -3.0; 1
-8.0, 4.0, -3.0; 9
-7.0, 4.0, -3.0; 2
-5.0, 4.0, -3.0; 3
-4.0, 4.0, -3.0; 1
0.0, 4.0, -3.0; 74
1.0, 4.0, -3.0; 143
2.0, 4.0, -3.0; 13
3.0, 4.0, -3.0; 6
4.0, 4.0, -3.0; 8
5.0, 4.0, -3.0; 6
7.0, 4.0, -3.0; 2
-8.0, 5.0, -3.0; 5
-7.0, 5.0, -3.0; 5
-6.0, 5.0, -3.0; 3
-2.0, 5.0, -3.0; 10
-1.0, 5.0, -3.0; 40
0.0, 5.0, -3.0; 81
1.0, 5.0, -3.0; 27
3.0, 5.0, -3.0; 1
4.0, 5.0, -3.0; 2
-7.0, 6.0, -3.0; 5
-6.0, 6.0, -3.0; 11
-5.0, 6.0, -3.0; 7
-2.0, 6.0, -3.0; 3
-1.0, 6.0, -3.0; 29
0.0, 6.0, -3.0; 51
1.0, 6.0, -3.0; 7
2.0, 6.0, -3.0; 3
3.0, 6.0, -3.0; 4
4.0, 6.0, -3.0; 1
5.0, 6.0, -3.0; 3
7.0, 6.0, -3.0; 1
-6.0, 7.0, -3.0; 5
-5.0, 7.0, -3.0; 11
-4.0, 7.0, -3.0; 5
-3.0, 7.0, -3.0; 1
-1.0, 7.0, -3.0; 1
0.0, 7.0, -3.0; 2
1.0, 7.0, -3.0; 10
2.0, 7.0, -3.0; 20
3.0, 7.0, -3.0; 14
4.0, 7.0, -3.0; 1
-5.0, 8.0, -3.0; 3
-4.0, 8.0, -3.0; 5
-3.0, 8.0, -3.0; 3
-2.0, 8.0, -3.0; 9
-1.0, 8.0, -3.0; 5
0.0, 8.0, -3.0; 11
1.0, 8.0, -3.0; 16
2.0, 8.0, -3.0; 13
3.0, 8.0, -3.0; 1
-4.0, 9.0, -3.0; 2
-3.0, 9.0, -3.0; 5
-2.0, 9.0, -3.0; 1
-1.0, 9.0, -3.0; 4
0.0, 9.0, -3.0; 9
1.0, 9.0, -3.0; 4
2.0, 9.0, -3.0; 4
3.0, 9.0, -3.0; 1
-3.0, -10.0, -2.0; 12
-2.0, -10.0, -2.0; 9
-1.0, -10.0, -2.0; 7
0.0, -10.0, -2.0; 2
-6.0, -9.0, -2.0; 6
-5.0, -9.0, -2.0; 2
-4.0, -9.0, -2.0; 4
-3.0, -9.0, -2.0; 5
-2.0, -9.0, -2.0; 4
-1.0, -9.0, -2.0; 6
0.0, -9.0, -2.0; 2
3.0, -9.0, -2.0; 4
4.0, -9.0, -2.0; 1
5.0, -9.0, -2.0; 1
-7.0, -8.0, -2.0; 4
-6.0, -8.0, -2.0; 9
-5.0, -8.0, -2.0; 2
-4.0, -8.0, -2.0; 2
-3.0, -8.0, -2.0; 7
-2.0, -8.0, -2.0; 2
-1.0, -8.0, -2.0; 14
0.0, -8.0, -2.0; 10
1.0, -8.0, -2.0; 3
-8.0, -7.0, -2.0; 13
-7.0, -7.0, -2.0; 11
-6.0, -7.0, -2.0; 2
-5.0, -7.0, -2.0; 1
-4.0, -7.0, -2.0; 1
-2.0, -7.0, -2.0; 3
-1.0, -7.0, -2.0; 6
0.0, -7.0, -2.0; 3
1.0, -7.0, -2.0; 15
2.0, -7.0, -2.0; 3
6.0, -7.0, -2.0; 1
-9.0, -6.0, -2.0; 2
-8.0, -6.0, -2.0; 16
-7.0, -6.0, -2.0; 8
-5.0, -6.0, -2.0; 2
-1.0, -6.0, -2.0; 4
0.0, -6.0, -2.0; 1
1.0, -6.0, -2.0; 1
2.0, -6.0, -2.0; 1
3.0, -6.0, -2.0; 1
6.0, -6.0, -2.0; 1
-9.0, -5.0, -2.0; 12
-8.0, -5.0, -2.0; 18
-7.0, -5.0, -2.0; 1
-6.0, -5.0, -2.0; 1
-2.0, -5.0, -2.0; 1
2.0, -5.0, -2.0; 1
3.0, -5.0, -2.0; 1
5.0, -5.0, -2.0; 1
-9.0, -4.0, -2.0; 13
-8.0, -4.0, -2.0; 13
-7.0, -4.0, -2.0; 7
-6.0, -4.0, -2.0; 1
-10.0, -3.0, -2.0; 1
-9.0, -3.0, -2.0; 14
-8.0, -3.0, -2.0; 4
-7.0, -3.0, -2.0; 5
-6.0, -3.0, -2.0; 1
-5.0, -3.0, -2.0; 1
-10.0, -2.0, -2.0; 6
-9.0, -2.0, -2.0; 4
-8.0, -2.0, -2.0; 9
-7.0, -2.0, -2.0; 8
-6.0, -2.0, -2.0; 4
5.0, -2.0, -2.0; 1
8.0, -2.0, -2.0; 1
-10.0, -1.0, -2.0; 3
-9.0, -1.0, -2.0; 6
-8.0, -1.0, -2.0; 14
-7.0, -1.0, -2.0; 6
-6.0, -1.0, -2.0; 3
5.0, -1.0, -2.0; 2
9.0, -1.0, -2.0; 1
-10.0, 0.0, -2.0; 2
-9.0, 0.0, -2.0; 5
-8.0, 0.0, -2.0; 12
-7.0, 0.0, -2.0; 8
-6.0, 0.0, -2.0; 12
6.0, 0.0, -2.0; 2
9.0, 0.0, -2.0; 1
-10.0, 1.0, -2.0; 2
-9.0, 1.0, -2.0; 7
-8.0, 1.0, -2.0; 4
-7.0, 1.0, -2.0; 3
-6.0, 1.0, -2.0; 167
-5.0, 1.0, -2.0; 34
5.0, 1.0, -2.0; 1
-10.0, 2.0, -2.0; 1
-9.0, 2.0, -2.0; 6
-8.0, 2.0, -2.0; 4
-7.0, 2.0, -2.0; 6
-6.0, 2.0, -2.0; 46
-5.0, 2.0, -2.0; 36
4.0, 2.0, -2.0; 2
5.0, 2.0, -2.0; 5
6.0, 2.0, -2.0; 1
9.0, 2.0, -2.0; 1
-10.0, 3.0, -2.0; 2
-9.0, 3.0, -2.0; 3
-8.0, 3.0, -2.0; 2
-7.0, 3.0, -2.0; 2
-6.0, 3.0, -2.0; 10
-5.0, 3.0, -2.0; 8
3.0, 3.0, -2.0; 3
4.0, 3.0, -2.0; 9
5.0, 3.0, -2.0; 2
7.0, 3.0, -2.0; 2
8.0, 3.0, -2.0; 1
-9.0, 4.0, -2.0; 7
-8.0, 4.0, -2.0; 22
-7.0, 4.0, -2.0; 3
-6.0, 4.0, -2.0; 4
-5.0, 4.0, -2.0; 6
0.0, 4.0, -2.0; 1
1.0, 4.0, -2.0; 32
2.0, 4.0, -2.0; 23
3.0, 4.0, -2.0; 3
4.0, 4.0, -2.0; 11
5.0, 4.0, -2.0; 2
6.0, 4.0, -2.0; 3
7.0, 4.0, -2.0; 2
8.0, 4.0, -2.0; 1
-9.0, 5.0, -2.0; 1
-8.0, 5.0, -2.0; 6
-7.0, 5.0, -2.0; 5
-6.0, 5.0, -2.0; 1
-5.0, 5.0, -2.0; 6
-4.0, 5.0, -2.0; 3
-2.0, 5.0, -2.0; 3
-1.0, 5.0, -2.0; 2
0.0, 5.0, -2.0; 16
1.0, 5.0, -2.0; 44
2.0, 5.0, -2.0; 7
3.0, 5.0, -2.0; 3
4.0, 5.0, -2.0; 3
5.0, 5.0, -2.0; 3
6.0, 5.0, -2.0; 1
7.0, 5.0, -2.0; 3
-8.0, 6.0, -2.0; 2
-7.0, 6.0, -2.0; 12
-6.0, 6.0, -2.0; 7
-5.0, 6.0, -2.0; 5
-4.0, 6.0, -2.0; 1
-3.0, 6.0, -2.0; 2
-2.0, 6.0, -2.0; 6
-1.0, 6.0, -2.0; 20
0.0, 6.0, -2.0; 71
1.0, 6.0, -2.0; 36
2.0, 6.0, -2.0; 1
3.0, 6.0, -2.0; 8
4.0, 6.0, -2.0; 1
5.0, 6.0, -2.0; 1
-7.0, 7.0, -2.0; 3
-6.0, 7.0, -2.0; 7
-5.0, 7.0, -2.0; 12
-4.0, 7.0, -2.0; 10
-3.0, 7.0, -2.0; 2
-1.0, 7.0, -2.0; 3
0.0, 7.0, -2.0; 4
1.0, 7.0, -2.0; 2
2.0, 7.0, -2.0; 17
3.0, 7.0, -2.0; 7
4.0, 7.0, -2.0; 1
6.0, 7.0, -2.0; 1
-5.0, 8.0, -2.0; 6
-4.0, 8.0, -2.0; 4
-3.0, 8.0, -2.0; 11
-2.0, 8.0, -2.0; 6
-1.0, 8.0, -2.0; 9
0.0, 8.0, -2.0; 6
1.0, 8.0, -2.0; 7
2.0, 8.0, -2.0; 7
3.0, 8.0, -2.0; 8
-3.0, 9.0, -2.0; 9
-2.0, 9.0, -2.0; 4
-1.0, 9.0, -2.0; 10
0.0, 9.0, -2.0; 10
1.0, 9.0, -2.0; 10
2.0, 9.0, -2.0; 6
-5.0, -10.0, -1.0; 1
-4.0, -10.0, -1.0; 13
-3.0, -10.0, -1.0; 17
-2.0, -10.0, -1.0; 13
-1.0, -10.0, -1.0; 12
0.0, -10.0, -1.0; 4
3.0, -10.0, -1.0; 3
-6.0, -9.0, -1.0; 11
-5.0, -9.0, -1.0; 21
-4.0, -9.0, -1.0; 14
-3.0, -9.0, -1.0; 14
-2.0, -9.0, -1.0; 9
-1.0, -9.0, -1.0; 5
1.0, -9.0, -1.0; 4
2.0, -9.0, -1.0; 1
3.0, -9.0, -1.0; 1
-7.0, -8.0, -1.0; 20
-6.0, -8.0, -1.0; 14
-5.0, -8.0, -1.0; 5
-4.0, -8.0, -1.0; 1
-3.0, -8.0, -1.0; 2
-2.0, -8.0, -1.0; 3
-1.0, -8.0, -1.0; 4
0.0, -8.0, -1.0; 6
1.0, -8.0, -1.0; 2
2.0, -8.0, -1.0; 1
5.0, -8.0, -1.0; 2
6.0, -8.0, -1.0; 1
-8.0, -7.0, -1.0; 13
-7.0, -7.0, -1.0; 11
-6.0, -7.0, -1.0; 1
-5.0, -7.0, -1.0; 1
-2.0, -7.0, -1.0; 25
-1.0, -7.0, -1.0; 75
0.0, -7.0, -1.0; 5
1.0, -7.0, -1.0; 3
2.0, -7.0, -1.0; 2
3.0, -7.0, -1.0; 1
6.0, -7.0, -1.0; 1
-9.0, -6.0, -1.0; 3
-8.0, -6.0, -1.0; 16
-7.0, -6.0, -1.0; 7
-6.0, -6.0, -1.0; 2
-1.0, -6.0, -1.0; 21
0.0, -6.0, -1.0; 9
2.0, -6.0, -1.0; 1
3.0, -6.0, -1.0; 1
6.0, -6.0, -1.0; 1
-9.0, -5.0, -1.0; 6
-8.0, -5.0, -1.0; 18
-7.0, -5.0, -1.0; 4
-6.0, -5.0, -1.0; 10
-3.0, -5.0, -1.0; 1
-2.0, -5.0, -1.0; 1
6.0, -5.0, -1.0; 1
-9.0, -4.0, -1.0; 19
-8.0, -4.0, -1.0; 25
-7.0, -4.0, -1.0; 24
-6.0, -4.0, -1.0; 7
-10.0, -3.0, -1.0; 6
-9.0, -3.0, -1.0; 19
-8.0, -3.0, -1.0; 15
-7.0, -3.0, -1.0; 7
-6.0, -3.0, -1.0; 2
5.0, -3.0, -1.0; 1
6.0, -3.0, -1.0; 2
-10.0, -2.0, -1.0; 2
-9.0, -2.0, -1.0; 10
-8.0, -2.0, -1.0; 6
-7.0, -2.0, -1.0; 14
-6.0, -2.0, -1.0; 5
5.0, -2.0, -1.0; 1
-10.0, -1.0, -1.0; 4
-9.0, -1.0, -1.0; 4
-8.0, -1.0, -1.0; 14
-7.0, -1.0, -1.0; 12
-6.0, -1.0, -1.0; 5
-5.0, -1.0, -1.0; 1
5.0, -1.0, -1.0; 1
6.0, -1.0, -1.0; 1
-9.0, 0.0, -1.0; 3
-8.0, 0.0, -1.0; 7
-7.0, 0.0, -1.0; 6
-6.0, 0.0, -1.0; 10
4.0, 0.0, -1.0; 2
5.0, 0.0, -1.0; 1
6.0, 0.0, -1.0; 1
-10.0, 1.0, -1.0; 2
-9.0, 1.0, -1.0; 2
-8.0, 1.0, -1.0; 5
-7.0, 1.0, -1.0; 3
-6.0, 1.0, -1.0; 640
-5.0, 1.0, -1.0; 79
5.0, 1.0, -1.0; 2
6.0, 1.0, -1.0; 1
7.0, 1.0, -1.0; 1
-9.0, 2.0, -1.0; 6
-8.0, 2.0, -1.0; 5
-7.0, 2.0, -1.0; 3
-6.0, 2.0, -1.0; 178
-5.0, 2.0, -1.0; 180
4.0, 2.0, -1.0; 1
5.0, 2.0, -1.0; 1
6.0, 2.0, -1.0; 1
7.0, 2.0, -1.0; 1
-9.0, 3.0, -1.0; 7
-8.0, 3.0, -1.0; 3
-7.0, 3.0, -1.0; 5
-6.0, 3.0, -1.0; 21
-5.0, 3.0, -1.0; 18
3.0, 3.0, -1.0; 1
4.0, 3.0, -1.0; 7
5.0, 3.0, -1.0; 1
6.0, 3.0, -1.0; 1
8.0, 3.0, -1.0; 2
-9.0, 4.0, -1.0; 8
-8.0, 4.0, -1.0; 26
-7.0, 4.0, -1.0; 5
-6.0, 4.0, -1.0; 6
-5.0, 4.0, -1.0; 20
1.0, 4.0, -1.0; 2
2.0, 4.0, -1.0; 18
3.0, 4.0, -1.0; 4
4.0, 4.0, -1.0; 17
5.0, 4.0, -1.0; 1
6.0, 4.0, -1.0; 1
7.0, 4.0, -1.0; 2
-9.0, 5.0, -1.0; 2
-8.0, 5.0, -1.0; 8
-7.0, 5.0, -1.0; 8
-6.0, 5.0, -1.0; 1
-5.0, 5.0, -1.0; 7
-4.0, 5.0, -1.0; 9
-3.0, 5.0, -1.0; 3
-1.0, 5.0, -1.0; 4
0.0, 5.0, -1.0; 3
1.0, 5.0, -1.0; 22
2.0, 5.0, -1.0; 20
4.0, 5.0, -1.0; 4
5.0, 5.0, -1.0; 2
6.0, 5.0, -1.0; 1
7.0, 5.0, -1.0; 1
-8.0, 6.0, -1.0; 6
-7.0, 6.0, -1.0; 20
-6.0, 6.0, -1.0; 80
-5.0, 6.0, -1.0; 11
-2.0, 6.0, -1.0; 16
-1.0, 6.0, -1.0; 23
0.0, 6.0, -1.0; 59
1.0, 6.0, -1.0; 31
2.0, 6.0, -1.0; 4
3.0, 6.0, -1.0; 6
4.0, 6.0, -1.0; 3
5.0, 6.0, -1.0; 2
6.0, 6.0, -1.0; 1
-7.0, 7.0, -1.0; 5
-6.0, 7.0, -1.0; 19
-5.0, 7.0, -1.0; 57
-4.0, 7.0, -1.0; 15
-3.0, 7.0, -1.0; 8
-2.0, 7.0, -1.0; 4
-1.0, 7.0, -1.0; 16
0.0, 7.0, -1.0; 14
1.0, 7.0, -1.0; 4
2.0, 7.0, -1.0; 14
3.0, 7.0, -1.0; 11
4.0, 7.0, -1.0; 1
5.0, 7.0, -1.0; 1
6.0, 7.0, -1.0; 1
-6.0, 8.0, -1.0; 1
-5.0, 8.0, -1.0; 7
-4.0, 8.0, -1.0; 11
-3.0, 8.0, -1.0; 7
-2.0, 8.0, -1.0; 5
-1.0, 8.0, -1.0; 9
0.0, 8.0, -1.0; 8
1.0, 8.0, -1.0; 9
2.0, 8.0, -1.0; 11
3.0, 8.0, -1.0; 4
4.0, 8.0, -1.0; 1
-4.0, 9.0, -1.0; 4
-3.0, 9.0, -1.0; 11
-2.0, 9.0, -1.0; 5
-1.0, 9.0, -1.0; 10
0.0, 9.0, -1.0; 14
1.0, 9.0, -1.0; 12
2.0, 9.0, -1.0; 3
3.0, 9.0, -1.0; 2
-5.0, -10.0, 0.0; 1
-4.0, -10.0, 0.0; 17
-3.0, -10.0, 0.0; 32
-2.0, -10.0, 0.0; 17
-1.0, -10.0, 0.0; 9
0.0, -10.0, 0.0; 3
2.0, -10.0, 0.0; 1
-6.0, -9.0, 0.0; 21
-5.0, -9.0, 0.0; 30
-4.0, -9.0, 0.0; 24
-3.0, -9.0, 0.0; 6
-2.0, -9.0, 0.0; 10
-1.0, -9.0, 0.0; 8
0.0, -9.0, 0.0; 3
1.0, -9.0, 0.0; 5
2.0, -9.0, 0.0; 1
4.0, -9.0, 0.0; 1
-7.0, -8.0, 0.0; 20
-6.0, -8.0, 0.0; 32
-5.0, -8.0, 0.0; 5
-4.0, -8.0, 0.0; 6
-3.0, -8.0, 0.0; 3
-2.0, -8.0, 0.0; 3
-1.0, -8.0, 0.0; 2
1.0, -8.0, 0.0; 2
2.0, -8.0, 0.0; 2
3.0, -8.0, 0.0; 1
4.0, -8.0, 0.0; 1
5.0, -8.0, 0.0; 3
6.0, -8.0, 0.0; 1
-8.0, -7.0, 0.0; 8
-7.0, -7.0, 0.0; 19
-6.0, -7.0, 0.0; 5
-5.0, -7.0, 0.0; 1
-4.0, -7.0, 0.0; 1
-3.0, -7.0, 0.0; 11
-2.0, -7.0, 0.0; 82
-1.0, -7.0, 0.0; 115
0.0, -7.0, 0.0; 7
2.0, -7.0, 0.0; 1
3.0, -7.0, 0.0; 1
5.0, -7.0, 0.0; 1
-9.0, -6.0, 0.0; 4
-8.0, -6.0, 0.0; 21
-7.0, -6.0, 0.0; 8
-6.0, -6.0, 0.0; 8
-5.0, -6.0, 0.0; 19
-4.0, -6.0, 0.0; 6
-3.0, -6.0, 0.0; 3
-2.0, -6.0, 0.0; 14
-1.0, -6.0, 0.0; 78
0.0, -6.0, 0.0; 13
2.0, -6.0, 0.0; 3
3.0, -6.0, 0.0; 2
6.0, -6.0, 0.0; 1
-9.0, -5.0, 0.0; 6
-8.0, -5.0, 0.0; 38
-7.0, -5.0, 0.0; 1
-6.0, -5.0, 0.0; 99
-5.0, -5.0, 0.0; 2
-4.0, -5.0, 0.0; 6
-3.0, -5.0, 0.0; 2
-2.0, -5.0, 0.0; 3
-1.0, -5.0, 0.0; 2
1.0, -5.0, 0.0; 1
2.0, -5.0, 0.0; 2
3.0, -5.0, 0.0; 8
5.0, -5.0, 0.0; 1
6.0, -5.0, 0.0; 1
-9.0, -4.0, 0.0; 17
-8.0, -4.0, 0.0; 21
-7.0, -4.0, 0.0; 17
-6.0, -4.0, 0.0; 35
-5.0, -4.0, 0.0; 2
-4.0, -4.0, 0.0; 1
6.0, -4.0, 0.0; 1
-10.0, -3.0, 0.0; 1
-9.0, -3.0, 0.0; 18
-8.0, -3.0, 0.0; 21
-7.0, -3.0, 0.0; 7
-6.0, -3.0, 0.0; 7
8.0, -3.0, 0.0; 1
-10.0, -2.0, 0.0; 2
-9.0, -2.0, 0.0; 12
-8.0, -2.0, 0.0; 14
-7.0, -2.0, 0.0; 20
-6.0, -2.0, 0.0; 15
5.0, -2.0, 0.0; 1
7.0, -2.0, 0.0; 1
-10.0, -1.0, 0.0; 1
-9.0, -1.0, 0.0; 5
-8.0, -1.0, 0.0; 6
-7.0, -1.0, 0.0; 23
-6.0, -1.0, 0.0; 6
-5.0, -1.0, 0.0; 1
5.0, -1.0, 0.0; 1
-10.0, 0.0, 0.0; 3
-9.0, 0.0, 0.0; 4
-8.0, 0.0, 0.0; 6
-7.0, 0.0, 0.0; 9
-6.0, 0.0, 0.0; 12
3.0
8.64063556457
