5.0, 0.0, 0.0; 2
-10.0, 1.0, 0.0; 2
-9.0, 1.0, 0.0; 5
-8.0, 1.0, 0.0; 5
-7.0, 1.0, 0.0; 4
-6.0, 1.0, 0.0; 126
-5.0, 1.0, 0.0; 73
5.0, 1.0, 0.0; 2
6.0, 1.0, 0.0; 2
7.0, 1.0, 0.0; 1
-10.0, 2.0, 0.0; 4
-9.0, 2.0, 0.0; 8
-8.0, 2.0, 0.0; 5
-7.0, 2.0, 0.0; 7
-6.0, 2.0, 0.0; 55
-5.0, 2.0, 0.0; 146
-4.0, 2.0, 0.0; 1
3.0, 2.0, 0.0; 1
5.0, 2.0, 0.0; 3
6.0, 2.0, 0.0; 8
7.0, 2.0, 0.0; 1
9.0, 2.0, 0.0; 1
-10.0, 3.0, 0.0; 1
-9.0, 3.0, 0.0; 10
-8.0, 3.0, 0.0; 17
-7.0, 3.0, 0.0; 12
-6.0, 3.0, 0.0; 23
-5.0, 3.0, 0.0; 51
-4.0, 3.0, 0.0; 1
-3.0, 3.0, 0.0; 1
2.0, 3.0, 0.0; 3
3.0, 3.0, 0.0; 4
4.0, 3.0, 0.0; 10
5.0, 3.0, 0.0; 4
6.0, 3.0, 0.0; 2
7.0, 3.0, 0.0; 1
8.0, 3.0, 0.0; 2
9.0, 3.0, 0.0; 1
-9.0, 4.0, 0.0; 9
-8.0, 4.0, 0.0; 32
-7.0, 4.0, 0.0; 29
-6.0, 4.0, 0.0; 13
-5.0, 4.0, 0.0; 62
-4.0, 4.0, 0.0; 23
-1.0, 4.0, 0.0; 2
0.0, 4.0, 0.0; 6
1.0, 4.0, 0.0; 14
2.0, 4.0, 0.0; 25
3.0, 4.0, 0.0; 10
4.0, 4.0, 0.0; 16
5.0, 4.0, 0.0; 3
6.0, 4.0, 0.0; 3
7.0, 4.0, 0.0; 3
8.0, 4.0, 0.0; 2
-9.0, 5.0, 0.0; 1
-8.0, 5.0, 0.0; 10
-7.0, 5.0, 0.0; 27
-6.0, 5.0, 0.0; 7
-5.0, 5.0, 0.0; 36
-4.0, 5.0, 0.0; 83
-3.0, 5.0, 0.0; 58
-2.0, 5.0, 0.0; 16
-1.0, 5.0, 0.0; 28
0.0, 5.0, 0.0; 40
1.0, 5.0, 0.0; 82
2.0, 5.0, 0.0; 23
3.0, 5.0, 0.0; 7
4.0, 5.0, 0.0; 6
5.0, 5.0, 0.0; 3
6.0, 5.0, 0.0; 3
7.0, 5.0, 0.0; 2
-8.0, 6.0, 0.0; 5
-7.0, 6.0, 0.0; 103
-6.0, 6.0, 0.0; 659
-5.0, 6.0, 0.0; 85
-4.0, 6.0, 0.0; 28
-3.0, 6.0, 0.0; 39
-2.0, 6.0, 0.0; 46
-1.0, 6.0, 0.0; 69
0.0, 6.0, 0.0; 112
1.0, 6.0, 0.0; 25
2.0, 6.0, 0.0; 5
3.0, 6.0, 0.0; 7
4.0, 6.0, 0.0; 1
6.0, 6.0, 0.0; 5
-7.0, 7.0, 0.0; 3
-6.0, 7.0, 0.0; 34
-5.0, 7.0, 0.0; 81
-4.0, 7.0, 0.0; 13
-3.0, 7.0, 0.0; 9
-2.0, 7.0, 0.0; 21
-1.0, 7.0, 0.0; 73
0.0, 7.0, 0.0; 47
1.0, 7.0, 0.0; 4
2.0, 7.0, 0.0; 23
3.0, 7.0, 0.0; 9
4.0, 7.0, 0.0; 2
-6.0, 8.0, 0.0; 2
-5.0, 8.0, 0.0; 11
-4.0, 8.0, 0.0; 10
-3.0, 8.0, 0.0; 14
-2.0, 8.0, 0.0; 10
-1.0, 8.0, 0.0; 14
0.0, 8.0, 0.0; 10
1.0, 8.0, 0.0; 8
2.0, 8.0, 0.0; 13
3.0, 8.0, 0.0; 7
4.0, 8.0, 0.0; 1
-4.0, 9.0, 0.0; 5
-3.0, 9.0, 0.0; 11
-2.0, 9.0, 0.0; 17
-1.0, 9.0, 0.0; 22
0.0, 9.0, 0.0; 23
1.0, 9.0, 0.0; 11
2.0, 9.0, 0.0; 7
-4.0, -10.0, 1.0; 5
-3.0, -10.0, 1.0; 18
-2.0, -10.0, 1.0; 14
-1.0, -10.0, 1.0; 11
0.0, -10.0, 1.0; 5
1.0, -10.0, 1.0; 4
-6.0, -9.0, 1.0; 11
-5.0, -9.0, 1.0; 19
-4.0, -9.0, 1.0; 18
-3.0, -9.0, 1.0; 12
-2.0, -9.0, 1.0; 18
-1.0, -9.0, 1.0; 15
0.0, -9.0, 1.0; 14
1.0, -9.0, 1.0; 13
2.0, -9.0, 1.0; 6
3.0, -9.0, 1.0; 3
4.0, -9.0, 1.0; 1
-7.0, -8.0, 1.0; 6
-6.0, -8.0, 1.0; 27
-5.0, -8.0, 1.0; 19
-4.0, -8.0, 1.0; 6
-3.0, -8.0, 1.0; 2
-2.0, -8.0, 1.0; 3
-1.0, -8.0, 1.0; 5
0.0, -8.0, 1.0; 12
1.0, -8.0, 1.0; 9
2.0, -8.0, 1.0; 6
3.0, -8.0, 1.0; 1
4.0, -8.0, 1.0; 6
5.0, -8.0, 1.0; 1
-8.0, -7.0, 1.0; 1
-7.0, -7.0, 1.0; 29
-6.0, -7.0, 1.0; 18
-5.0, -7.0, 1.0; 2
-4.0, -7.0, 1.0; 62
-3.0, -7.0, 1.0; 170
-2.0, -7.0, 1.0; 180
-1.0, -7.0, 1.0; 96
0.0, -7.0, 1.0; 40
1.0, -7.0, 1.0; 20
2.0, -7.0, 1.0; 13
3.0, -7.0, 1.0; 3
4.0, -7.0, 1.0; 2
5.0, -7.0, 1.0; 2
6.0, -7.0, 1.0; 2
-8.0, -6.0, 1.0; 12
-7.0, -6.0, 1.0; 20
-6.0, -6.0, 1.0; 1
-5.0, -6.0, 1.0; 134
-4.0, -6.0, 1.0; 178
-3.0, -6.0, 1.0; 78
-2.0, -6.0, 1.0; 57
-1.0, -6.0, 1.0; 38
0.0, -6.0, 1.0; 31
1.0, -6.0, 1.0; 37
2.0, -6.0, 1.0; 31
3.0, -6.0, 1.0; 3
4.0, -6.0, 1.0; 2
5.0, -6.0, 1.0; 1
6.0, -6.0, 1.0; 1
7.0, -6.0, 1.0; 1
-9.0, -5.0, 1.0; 1
-8.0, -5.0, 1.0; 24
-7.0, -5.0, 1.0; 11
-6.0, -5.0, 1.0; 60
-5.0, -5.0, 1.0; 91
-4.0, -5.0, 1.0; 10
-3.0, -5.0, 1.0; 22
-2.0, -5.0, 1.0; 3
-1.0, -5.0, 1.0; 5
0.0, -5.0, 1.0; 4
1.0, -5.0, 1.0; 4
2.0, -5.0, 1.0; 13
3.0, -5.0, 1.0; 8
4.0, -5.0, 1.0; 3
6.0, -5.0, 1.0; 1
7.0, -5.0, 1.0; 3
-9.0, -4.0, 1.0; 9
-8.0, -4.0, 1.0; 28
-7.0, -4.0, 1.0; 8
-6.0, -4.0, 1.0; 54
-5.0, -4.0, 1.0; 12
-4.0, -4.0, 1.0; 3
-3.0, -4.0, 1.0; 1
2.0, -4.0, 1.0; 7
3.0, -4.0, 1.0; 9
4.0, -4.0, 1.0; 1
5.0, -4.0, 1.0; 2
6.0, -4.0, 1.0; 2
7.0, -4.0, 1.0; 1
8.0, -4.0, 1.0; 1
-9.0, -3.0, 1.0; 11
-8.0, -3.0, 1.0; 29
-7.0, -3.0, 1.0; 4
-6.0, -3.0, 1.0; 5
-5.0, -3.0, 1.0; 3
3.0, -3.0, 1.0; 1
4.0, -3.0, 1.0; 1
5.0, -3.0, 1.0; 3
8.0, -3.0, 1.0; 1
-10.0, -2.0, 1.0; 5
-9.0, -2.0, 1.0; 3
-8.0, -2.0, 1.0; 17
-7.0, -2.0, 1.0; 4
-6.0, -2.0, 1.0; 11
-5.0, -2.0, 1.0; 7
-4.0, -2.0, 1.0; 1
4.0, -2.0, 1.0; 2
6.0, -2.0, 1.0; 2
-10.0, -1.0, 1.0; 7
-9.0, -1.0, 1.0; 1
-8.0, -1.0, 1.0; 12
-7.0, -1.0, 1.0; 11
-6.0, -1.0, 1.0; 11
-5.0, -1.0, 1.0; 2
4.0, -1.0, 1.0; 1
5.0, -1.0, 1.0; 1
6.0, -1.0, 1.0; 1
7.0, -1.0, 1.0; 1
-10.0, 0.0, 1.0; 7
-9.0, 0.0, 1.0; 3
-8.0, 0.0, 1.0; 9
-7.0, 0.0, 1.0; 4
-6.0, 0.0, 1.0; 12
-5.0, 0.0, 1.0; 4
4.0, 0.0, 1.0; 1
5.0, 0.0, 1.0; 1
-10.0, 1.0, 1.0; 4
-9.0, 1.0, 1.0; 9
-8.0, 1.0, 1.0; 10
-7.0, 1.0, 1.0; 4
-6.0, 1.0, 1.0; 15
-5.0, 1.0, 1.0; 20
4.0, 1.0, 1.0; 2
6.0, 1.0, 1.0; 1
-10.0, 2.0, 1.0; 2
-9.0, 2.0, 1.0; 9
-8.0, 2.0, 1.0; 6
-7.0, 2.0, 1.0; 3
-6.0, 2.0, 1.0; 13
-5.0, 2.0, 1.0; 60
-4.0, 2.0, 1.0; 5
4.0, 2.0, 1.0; 1
5.0, 2.0, 1.0; 1
6.0, 2.0, 1.0; 11
-10.0, 3.0, 1.0; 2
-9.0, 3.0, 1.0; 7
-8.0, 3.0, 1.0; 27
-7.0, 3.0, 1.0; 15
-6.0, 3.0, 1.0; 7
-5.0, 3.0, 1.0; 28
-4.0, 3.0, 1.0; 16
-2.0, 3.0, 1.0; 2
1.0, 3.0, 1.0; 2
2.0, 3.0, 1.0; 2
3.0, 3.0, 1.0; 8
4.0, 3.0, 1.0; 4
5.0, 3.0, 1.0; 4
8.0, 3.0, 1.0; 1
-9.0, 4.0, 1.0; 2
-8.0, 4.0, 1.0; 22
-7.0, 4.0, 1.0; 27
-6.0, 4.0, 1.0; 30
-5.0, 4.0, 1.0; 23
-4.0, 4.0, 1.0; 50
-3.0, 4.0, 1.0; 29
-2.0, 4.0, 1.0; 11
-1.0, 4.0, 1.0; 3
0.0, 4.0, 1.0; 5
1.0, 4.0, 1.0; 20
2.0, 4.0, 1.0; 12
3.0, 4.0, 1.0; 22
4.0, 4.0, 1.0; 18
5.0, 4.0, 1.0; 3
7.0, 4.0, 1.0; 2
-8.0, 5.0, 1.0; 18
-7.0, 5.0, 1.0; 19
-6.0, 5.0, 1.0; 15
-5.0, 5.0, 1.0; 22
-4.0, 5.0, 1.0; 135
-3.0, 5.0, 1.0; 1225
-2.0, 5.0, 1.0; 480
-1.0, 5.0, 1.0; 34
0.0, 5.0, 1.0; 31
1.0, 5.0, 1.0; 16
2.0, 5.0, 1.0; 3
3.0, 5.0, 1.0; 15
4.0, 5.0, 1.0; 7
5.0, 5.0, 1.0; 5
6.0, 5.0, 1.0; 2
7.0, 5.0, 1.0; 1
-8.0, 6.0, 1.0; 6
-7.0, 6.0, 1.0; 30
-6.0, 6.0, 1.0; 84
-5.0, 6.0, 1.0; 33
-4.0, 6.0, 1.0; 45
-3.0, 6.0, 1.0; 59
-2.0, 6.0, 1.0; 71
-1.0, 6.0, 1.0; 35
0.0, 6.0, 1.0; 13
1.0, 6.0, 1.0; 1
2.0, 6.0, 1.0; 4
3.0, 6.0, 1.0; 5
4.0, 6.0, 1.0; 4
5.0, 6.0, 1.0; 1
6.0, 6.0, 1.0; 2
-7.0, 7.0, 1.0; 7
-6.0, 7.0, 1.0; 16
-5.0, 7.0, 1.0; 38
-4.0, 7.0, 1.0; 10
-3.0, 7.0, 1.0; 3
-2.0, 7.0, 1.0; 10
-1.0, 7.0, 1.0; 19
0.0, 7.0, 1.0; 4
1.0, 7.0, 1.0; 12
2.0, 7.0, 1.0; 16
3.0, 7.0, 1.0; 6
4.0, 7.0, 1.0; 1
5.0, 7.0, 1.0; 2
-6.0, 8.0, 1.0; 3
-5.0, 8.0, 1.0; 13
-4.0, 8.0, 1.0; 10
-3.0, 8.0, 1.0; 5
-2.0, 8.0, 1.0; 8
-1.0, 8.0, 1.0; 12
0.0, 8.0, 1.0; 7
1.0, 8.0, 1.0; 6
2.0, 8.0, 1.0; 6
3.0, 8.0, 1.0; 4
4.0, 8.0, 1.0; 1
-4.0, 9.0, 1.0; 3
-3.0, 9.0, 1.0; 5
-2.0, 9.0, 1.0; 18
-1.0, 9.0, 1.0; 18
0.0, 9.0, 1.0; 20
1.0, 9.0, 1.0; 3
2.0, 9.0, 1.0; 3
-4.0, -10.0, 2.0; 1
-3.0, -10.0, 2.0; 3
-2.0, -10.0, 2.0; 6
-1.0, -10.0, 2.0; 7
0.0, -10.0, 2.0; 2
1.0, -10.0, 2.0; 2
2.0, -10.0, 2.0; 1
-6.0, -9.0, 2.0; 2
-5.0, -9.0, 2.0; 10
-4.0, -9.0, 2.0; 31
-3.0, -9.0, 2.0; 34
-2.0, -9.0, 2.0; 25
-1.0, -9.0, 2.0; 19
0.0, -9.0, 2.0; 12
1.0, -9.0, 2.0; 7
2.0, -9.0, 2.0; 2
3.0, -9.0, 2.0; 2
4.0, -9.0, 2.0; 1
-7.0, -8.0, 2.0; 3
-6.0, -8.0, 2.0; 16
-5.0, -8.0, 2.0; 20
-4.0, -8.0, 2.0; 24
-3.0, -8.0, 2.0; 7
-2.0, -8.0, 2.0; 3
-1.0, -8.0, 2.0; 4
0.0, -8.0, 2.0; 16
1.0, -8.0, 2.0; 27
2.0, -8.0, 2.0; 9
3.0, -8.0, 2.0; 1
4.0, -8.0, 2.0; 4
5.0, -8.0, 2.0; 2
-8.0, -7.0, 2.0; 2
-7.0, -7.0, 2.0; 12
-6.0, -7.0, 2.0; 20
-5.0, -7.0, 2.0; 11
-4.0, -7.0, 2.0; 3
-3.0, -7.0, 2.0; 19
-2.0, -7.0, 2.0; 15
-1.0, -7.0, 2.0; 12
0.0, -7.0, 2.0; 6
1.0, -7.0, 2.0; 7
2.0, -7.0, 2.0; 13
3.0, -7.0, 2.0; 4
4.0, -7.0, 2.0; 2
5.0, -7.0, 2.0; 1
-9.0, -6.0, 2.0; 1
-8.0, -6.0, 2.0; 4
-7.0, -6.0, 2.0; 30
-6.0, -6.0, 2.0; 12
-5.0, -6.0, 2.0; 10
-4.0, -6.0, 2.0; 114
-3.0, -6.0, 2.0; 130
-2.0, -6.0, 2.0; 67
-1.0, -6.0, 2.0; 23
0.0, -6.0, 2.0; 11
1.0, -6.0, 2.0; 15
2.0, -6.0, 2.0; 9
3.0, -6.0, 2.0; 3
4.0, -6.0, 2.0; 1
5.0, -6.0, 2.0; 2
6.0, -6.0, 2.0; 1
-9.0, -5.0, 2.0; 1
-8.0, -5.0, 2.0; 14
-7.0, -5.0, 2.0; 21
-6.0, -5.0, 2.0; 7
-5.0, -5.0, 2.0; 81
-4.0, -5.0, 2.0; 115
-3.0, -5.0, 2.0; 26
-2.0, -5.0, 2.0; 2
0.0, -5.0, 2.0; 6
1.0, -5.0, 2.0; 13
2.0, -5.0, 2.0; 6
3.0, -5.0, 2.0; 4
4.0, -5.0, 2.0; 2
6.0, -5.0, 2.0; 1
7.0, -5.0, 2.0; 1
-9.0, -4.0, 2.0; 6
-8.0, -4.0, 2.0; 22
-7.0, -4.0, 2.0; 19
-6.0, -4.0, 2.0; 10
-5.0, -4.0, 2.0; 18
-4.0, -4.0, 2.0; 11
-3.0, -4.0, 2.0; 3
-1.0, -4.0, 2.0; 2
0.0, -4.0, 2.0; 2
1.0, -4.0, 2.0; 7
2.0, -4.0, 2.0; 5
3.0, -4.0, 2.0; 2
4.0, -4.0, 2.0; 1
6.0, -4.0, 2.0; 1
7.0, -4.0, 2.0; 1
-10.0, -3.0, 2.0; 1
-9.0, -3.0, 2.0; 7
-8.0, -3.0, 2.0; 14
-7.0, -3.0, 2.0; 22
-6.0, -3.0, 2.0; 4
-5.0, -3.0, 2.0; 3
-4.0, -3.0, 2.0; 14
1.0, -3.0, 2.0; 1
2.0, -3.0, 2.0; 2
3.0, -3.0, 2.0; 4
4.0, -3.0, 2.0; 1
5.0, -3.0, 2.0; 2
7.0, -3.0, 2.0; 1
-10.0, -2.0, 2.0; 3
-9.0, -2.0, 2.0; 4
-8.0, -2.0, 2.0; 6
-7.0, -2.0, 2.0; 11
-6.0, -2.0, 2.0; 5
-5.0, -2.0, 2.0; 11
-4.0, -2.0, 2.0; 10
3.0, -2.0, 2.0; 4
4.0, -2.0, 2.0; 1
5.0, -2.0, 2.0; 1
9.0, -2.0, 2.0; 1
-10.0, -1.0, 2.0; 5
-9.0, -1.0, 2.0; 3
-8.0, -1.0, 2.0; 5
-7.0, -1.0, 2.0; 10
-6.0, -1.0, 2.0; 16
-5.0, -1.0, 2.0; 10
-4.0, -1.0, 2.0; 5
2.0, -1.0, 2.0; 1
3.0, -1.0, 2.0; 2
4.0, -1.0, 2.0; 6
5.0, -1.0, 2.0; 1
8.0, -1.0, 2.0; 1
-10.0, 0.0, 2.0; 2
-9.0, 0.0, 2.0; 2
-8.0, 0.0, 2.0; 7
-7.0, 0.0, 2.0; 6
-6.0, 0.0, 2.0; 17
-5.0, 0.0, 2.0; 12
-4.0, 0.0, 2.0; 2
-3.0, 0.0, 2.0; 1
3.0, 0.0, 2.0; 3
4.0, 0.0, 2.0; 2
5.0, 0.0, 2.0; 2
-10.0, 1.0, 2.0; 2
-9.0, 1.0, 2.0; 3
-8.0, 1.0, 2.0; 16
-7.0, 1.0, 2.0; 7
-6.0, 1.0, 2.0; 9
-5.0, 1.0, 2.0; 170
-4.0, 1.0, 2.0; 194
-3.0, 1.0, 2.0; 3
3.0, 1.0, 2.0; 3
4.0, 1.0, 2.0; 2
5.0, 1.0, 2.0; 2
7.0, 1.0, 2.0; 1
8.0, 1.0, 2.0; 1
-10.0, 2.0, 2.0; 1
-9.0, 2.0, 2.0; 5
-8.0, 2.0, 2.0; 11
-7.0, 2.0, 2.0; 5
-6.0, 2.0, 2.0; 3
-5.0, 2.0, 2.0; 311
-4.0, 2.0, 2.0; 1206
-3.0, 2.0, 2.0; 12
2.0, 2.0, 2.0; 3
3.0, 2.0, 2.0; 6
4.0, 2.0, 2.0; 6
6.0, 2.0, 2.0; 2
-9.0, 3.0, 2.0; 8
-8.0, 3.0, 2.0; 18
-7.0, 3.0, 2.0; 20
-6.0, 3.0, 2.0; 11
-5.0, 3.0, 2.0; 19
-4.0, 3.0, 2.0; 66
-3.0, 3.0, 2.0; 24
-2.0, 3.0, 2.0; 2
-1.0, 3.0, 2.0; 2
0.0, 3.0, 2.0; 2
1.0, 3.0, 2.0; 9
2.0, 3.0, 2.0; 4
3.0, 3.0, 2.0; 7
4.0, 3.0, 2.0; 2
5.0, 3.0, 2.0; 4
7.0, 3.0, 2.0; 1
-9.0, 4.0, 2.0; 6
-8.0, 4.0, 2.0; 10
-7.0, 4.0, 2.0; 31
-6.0, 4.0, 2.0; 21
-5.0, 4.0, 2.0; 24
-4.0, 4.0, 2.0; 29
-3.0, 4.0, 2.0; 77
-2.0, 4.0, 2.0; 60
-1.0, 4.0, 2.0; 37
0.0, 4.0, 2.0; 18
1.0, 4.0, 2.0; 14
2.0, 4.0, 2.0; 11
3.0, 4.0, 2.0; 19
4.0, 4.0, 2.0; 5
5.0, 4.0, 2.0; 8
-9.0, 5.0, 2.0; 4
-8.0, 5.0, 2.0; 12
-7.0, 5.0, 2.0; 13
-6.0, 5.0, 2.0; 23
-5.0, 5.0, 2.0; 20
-4.0, 5.0, 2.0; 22
-3.0, 5.0, 2.0; 141
-2.0, 5.0, 2.0; 133
-1.0, 5.0, 2.0; 30
0.0, 5.0, 2.0; 14
1.0, 5.0, 2.0; 2
2.0, 5.0, 2.0; 5
3.0, 5.0, 2.0; 6
4.0, 5.0, 2.0; 10
5.0, 5.0, 2.0; 1
6.0, 5.0, 2.0; 3
7.0, 5.0, 2.0; 1
-8.0, 6.0, 2.0; 1
-7.0, 6.0, 2.0; 13
-6.0, 6.0, 2.0; 16
-5.0, 6.0, 2.0; 9
-4.0, 6.0, 2.0; 7
-3.0, 6.0, 2.0; 10
-2.0, 6.0, 2.0; 7
-1.0, 6.0, 2.0; 4
0.0, 6.0, 2.0; 1
1.0, 6.0, 2.0; 3
2.0, 6.0, 2.0; 5
3.0, 6.0, 2.0; 3
5.0, 6.0, 2.0; 4
6.0, 6.0, 2.0; 3
-7.0, 7.0, 2.0; 1
-6.0, 7.0, 2.0; 6
-5.0, 7.0, 2.0; 11
-4.0, 7.0, 2.0; 15
-3.0, 7.0, 2.0; 13
-2.0, 7.0, 2.0; 5
-1.0, 7.0, 2.0; 5
0.0, 7.0, 2.0; 15
1.0, 7.0, 2.0; 10
2.0, 7.0, 2.0; 8
3.0, 7.0, 2.0; 3
5.0, 7.0, 2.0; 2
-5.0, 8.0, 2.0; 5
-4.0, 8.0, 2.0; 8
-3.0, 8.0, 2.0; 8
-2.0, 8.0, 2.0; 17
-1.0, 8.0, 2.0; 12
0.0, 8.0, 2.0; 7
1.0, 8.0, 2.0; 4
2.0, 8.0, 2.0; 5
3.0, 8.0, 2.0; 1
4.0, 8.0, 2.0; 1
-4.0, 9.0, 2.0; 1
-3.0, 9.0, 2.0; 6
-2.0, 9.0, 2.0; 12
-1.0, 9.0, 2.0; 13
0.0, 9.0, 2.0; 15
1.0, 9.0, 2.0; 6
-1.0, -10.0, 3.0; 3
0.0, -10.0, 3.0; 1
2.0, -10.0, 3.0; 1
-5.0, -9.0, 3.0; 1
-4.0, -9.0, 3.0; 4
-3.0, -9.0, 3.0; 6
-2.0, -9.0, 3.0; 10
-1.0, -9.0, 3.0; 9
0.0, -9.0, 3.0; 2
1.0, -9.0, 3.0; 4
2.0, -9.0, 3.0; 6
3.0, -9.0, 3.0; 2
4.0, -9.0, 3.0; 1
-7.0, -8.0, 3.0; 1
-6.0, -8.0, 3.0; 9
-5.0, -8.0, 3.0; 8
-4.0, -8.0, 3.0; 20
-3.0, -8.0, 3.0; 28
-2.0, -8.0, 3.0; 27
-1.0, -8.0, 3.0; 14
0.0, -8.0, 3.0; 13
1.0, -8.0, 3.0; 6
2.0, -8.0, 3.0; 3
3.0, -8.0, 3.0; 3
5.0, -8.0, 3.0; 1
-7.0, -7.0, 3.0; 12
-6.0, -7.0, 3.0; 15
-5.0, -7.0, 3.0; 26
-4.0, -7.0, 3.0; 19
-3.0, -7.0, 3.0; 5
-2.0, -7.0, 3.0; 9
-1.0, -7.0, 3.0; 6
0.0, -7.0, 3.0; 5
1.0, -7.0, 3.0; 10
2.0, -7.0, 3.0; 1
4.0, -7.0, 3.0; 1
5.0, -7.0, 3.0; 1
6.0, -7.0, 3.0; 3
-8.0, -6.0, 3.0; 2
-7.0, -6.0, 3.0; 15
-6.0, -6.0, 3.0; 20
-5.0, -6.0, 3.0; 14
-4.0, -6.0, 3.0; 5
-3.0, -6.0, 3.0; 4
-2.0, -6.0, 3.0; 5
-1.0, -6.0, 3.0; 7
0.0, -6.0, 3.0; 10
1.0, -6.0, 3.0; 4
2.0, -6.0, 3.0; 3
3.0, -6.0, 3.0; 1
4.0, -6.0, 3.0; 2
5.0, -6.0, 3.0; 1
6.0, -6.0, 3.0; 1
-8.0, -5.0, 3.0; 6
-7.0, -5.0, 3.0; 17
-6.0, -5.0, 3.0; 27
-5.0, -5.0, 3.0; 3
-4.0, -5.0, 3.0; 5
-3.0, -5.0, 3.0; 2
-2.0, -5.0, 3.0; 7
-1.0, -5.0, 3.0; 5
0.0, -5.0, 3.0; 6
1.0, -5.0, 3.0; 13
2.0, -5.0, 3.0; 2
3.0, -5.0, 3.0; 1
4.0, -5.0, 3.0; 1
5.0, -5.0, 3.0; 2
-9.0, -4.0, 3.0; 3
-8.0, -4.0, 3.0; 10
-7.0, -4.0, 3.0; 18
-6.0, -4.0, 3.0; 17
-5.0, -4.0, 3.0; 2
-4.0, -4.0, 3.0; 4
-3.0, -4.0, 3.0; 12
-2.0, -4.0, 3.0; 4
-1.0, -4.0, 3.0; 5
0.0, -4.0, 3.0; 3
1.0, -4.0, 3.0; 6
2.0, -4.0, 3.0; 3
3.0, -4.0, 3.0; 3
-9.0, -3.0, 3.0; 8
-8.0, -3.0, 3.0; 6
-7.0, -3.0, 3.0; 22
-6.0, -3.0, 3.0; 11
-5.0, -3.0, 3.0; 4
-4.0, -3.0, 3.0; 9
-3.0, -3.0, 3.0; 22
-2.0, -3.0, 3.0; 8
-1.0, -3.0, 3.0; 4
0.0, -3.0, 3.0; 3
1.0, -3.0, 3.0; 2
2.0, -3.0, 3.0; 4
3.0, -3.0, 3.0; 1
4.0, -3.0, 3.0; 1
5.0, -3.0, 3.0; 2
6.0, -3.0, 3.0; 1
-10.0, -2.0, 3.0; 1
-9.0, -2.0, 3.0; 6
-8.0, -2.0, 3.0; 8
-7.0, -2.0, 3.0; 12
-6.0, -2.0, 3.0; 16
-5.0, -2.0, 3.0; 14
-4.0, -2.0, 3.0; 7
-3.0, -2.0, 3.0; 1
-2.0, -2.0, 3.0; 1
-1.0, -2.0, 3.0; 3
0.0, -2.0, 3.0; 2
1.0, -2.0, 3.0; 7
2.0, -2.0, 3.0; 5
3.0, -2.0, 3.0; 2
5.0, -2.0, 3.0; 1
6.0, -2.0, 3.0; 1
-10.0, -1.0, 3.0; 3
-9.0, -1.0, 3.0; 9
-8.0, -1.0, 3.0; 3
-7.0, -1.0, 3.0; 7
-6.0, -1.0, 3.0; 10
-5.0, -1.0, 3.0; 7
-4.0, -1.0, 3.0; 3
-3.0, -1.0, 3.0; 7
-2.0, -1.0, 3.0; 3
0.0, -1.0, 3.0; 5
1.0, -1.0, 3.0; 14
2.0, -1.0, 3.0; 10
3.0, -1.0, 3.0; 4
-10.0, 0.0, 3.0; 5
-9.0, 0.0, 3.0; 10
-8.0, 0.0, 3.0; 5
-7.0, 0.0, 3.0; 3
-6.0, 0.0, 3.0; 8
-5.0, 0.0, 3.0; 14
-4.0, 0.0, 3.0; 10
-3.0, 0.0, 3.0; 3
-2.0, 0.0, 3.0; 3
-1.0, 0.0, 3.0; 1
1.0, 0.0, 3.0; 2
2.0, 0.0, 3.0; 1
3.0, 0.0, 3.0; 5
4.0, 0.0, 3.0; 3
7.0, 0.0, 3.0; 1
-10.0, 1.0, 3.0; 2
-9.0, 1.0, 3.0; 6
-8.0, 1.0, 3.0; 5
-7.0, 1.0, 3.0; 8
-6.0, 1.0, 3.0; 2
-5.0, 1.0, 3.0; 14
-4.0, 1.0, 3.0; 108
-3.0, 1.0, 3.0; 35
-2.0, 1.0, 3.0; 3
-1.0, 1.0, 3.0; 1
0.0, 1.0, 3.0; 1
2.0, 1.0, 3.0; 6
3.0, 1.0, 3.0; 2
4.0, 1.0, 3.0; 4
6.0, 1.0, 3.0; 2
-10.0, 2.0, 3.0; 2
-9.0, 2.0, 3.0; 7
-8.0, 2.0, 3.0; 8
-7.0, 2.0, 3.0; 25
-6.0, 2.0, 3.0; 12
-5.0, 2.0, 3.0; 6
-4.0, 2.0, 3.0; 201
-3.0, 2.0, 3.0; 105
-2.0, 2.0, 3.0; 11
-1.0, 2.0, 3.0; 1
0.0, 2.0, 3.0; 3
1.0, 2.0, 3.0; 5
2.0, 2.0, 3.0; 14
3.0, 2.0, 3.0; 5
4.0, 2.0, 3.0; 3
5.0, 2.0, 3.0; 2
7.0, 2.0, 3.0; 2
-9.0, 3.0, 3.0; 1
-8.0, 3.0, 3.0; 12
-7.0, 3.0, 3.0; 19
-6.0, 3.0, 3.0; 14
-5.0, 3.0, 3.0; 9
-4.0, 3.0, 3.0; 15
-3.0, 3.0, 3.0; 46
-2.0, 3.0, 3.0; 20
-1.0, 3.0, 3.0; 9
0.0, 3.0, 3.0; 5
1.0, 3.0, 3.0; 9
2.0, 3.0, 3.0; 4
3.0, 3.0, 3.0; 3
5.0, 3.0, 3.0; 2
6.0, 3.0, 3.0; 2
7.0, 3.0, 3.0; 1
-9.0, 4.0, 3.0; 2
-8.0, 4.0, 3.0; 11
-7.0, 4.0, 3.0; 14
-6.0, 4.0, 3.0; 16
-5.0, 4.0, 3.0; 9
-4.0, 4.0, 3.0; 8
-3.0, 4.0, 3.0; 15
-2.0, 4.0, 3.0; 21
-1.0, 4.0, 3.0; 7
0.0, 4.0, 3.0; 1
1.0, 4.0, 3.0; 3
2.0, 4.0, 3.0; 7
3.0, 4.0, 3.0; 3
4.0, 4.0, 3.0; 3
5.0, 4.0, 3.0; 3
6.0, 4.0, 3.0; 2
7.0, 4.0, 3.0; 1
-8.0, 5.0, 3.0; 16
-7.0, 5.0, 3.0; 7
-6.0, 5.0, 3.0; 15
-5.0, 5.0, 3.0; 15
-4.0, 5.0, 3.0; 1
-3.0, 5.0, 3.0; 2
-2.0, 5.0, 3.0; 5
-1.0, 5.0, 3.0; 4
1.0, 5.0, 3.0; 4
2.0, 5.0, 3.0; 9
3.0, 5.0, 3.0; 4
4.0, 5.0, 3.0; 1
5.0, 5.0, 3.0; 1
6.0, 5.0, 3.0; 3
-8.0, 6.0, 3.0; 2
-7.0, 6.0, 3.0; 10
-6.0, 6.0, 3.0; 8
-5.0, 6.0, 3.0; 9
-4.0, 6.0, 3.0; 14
-3.0, 6.0, 3.0; 6
-2.0, 6.0, 3.0; 4
-1.0, 6.0, 3.0; 3
0.0, 6.0, 3.0; 3
1.0, 6.0, 3.0; 14
2.0, 6.0, 3.0; 3
3.0, 6.0, 3.0; 1
4.0, 6.0, 3.0; 4
5.0, 6.0, 3.0; 4
-6.0, 7.0, 3.0; 5
-5.0, 7.0, 3.0; 3
-4.0, 7.0, 3.0; 18
-3.0, 7.0, 3.0; 17
-2.0, 7.0, 3.0; 18
-1.0, 7.0, 3.0; 11
0.0, 7.0, 3.0; 9
1.0, 7.0, 3.0; 8
2.0, 7.0, 3.0; 5
3.0, 7.0, 3.0; 2
4.0, 7.0, 3.0; 1
5.0, 7.0, 3.0; 1
-5.0, 8.0, 3.0; 2
-4.0, 8.0, 3.0; 7
-3.0, 8.0, 3.0; 19
-2.0, 8.0, 3.0; 13
-1.0, 8.0, 3.0; 8
0.0, 8.0, 3.0; 6
1.0, 8.0, 3.0; 6
2.0, 8.0, 3.0; 4
3.0, 8.0, 3.0; 2
-3.0, 9.0, 3.0; 1
-2.0, 9.0, 3.0; 4
-1.0, 9.0, 3.0; 3
0.0, 9.0, 3.0; 2
2.0, 9.0, 3.0; 1
-4.0, -9.0, 4.0; 1
-3.0, -9.0, 4.0; 4
0.0, -9.0, 4.0; 5
2.0, -9.0, 4.0; 1
-6.0, -8.0, 4.0; 2
-5.0, -8.0, 4.0; 6
-4.0, -8.0, 4.0; 10
-3.0, -8.0, 4.0; 10
-2.0, -8.0, 4.0; 12
-1.0, -8.0, 4.0; 7
0.0, -8.0, 4.0; 11
1.0, -8.0, 4.0; 3
2.0, -8.0, 4.0; 4
3.0, -8.0, 4.0; 1
4.0, -8.0, 4.0; 1
-7.0, -7.0, 4.0; 2
-6.0, -7.0, 4.0; 10
-5.0, -7.0, 4.0; 13
-4.0, -7.0, 4.0; 11
-3.0, -7.0, 4.0; 31
-2.0, -7.0, 4.0; 23
-1.0, -7.0, 4.0; 11
0.0, -7.0, 4.0; 6
1.0, -7.0, 4.0; 2
2.0, -7.0, 4.0; 1
3.0, -7.0, 4.0; 2
4.0, -7.0, 4.0; 2
5.0, -7.0, 4.0; 1
-8.0, -6.0, 4.0; 1
-7.0, -6.0, 4.0; 4
-6.0, -6.0, 4.0; 8
-5.0, -6.0, 4.0; 16
-4.0, -6.0, 4.0; 14
-3.0, -6.0, 4.0; 13
-2.0, -6.0, 4.0; 13
-1.0, -6.0, 4.0; 17
0.0, -6.0, 4.0; 8
1.0, -6.0, 4.0; 1
2.0, -6.0, 4.0; 1
4.0, -6.0, 4.0; 2
5.0, -6.0, 4.0; 2
-9.0, -5.0, 4.0; 1
-8.0, -5.0, 4.0; 7
-7.0, -5.0, 4.0; 5
-6.0, -5.0, 4.0; 14
-5.0, -5.0, 4.0; 18
-4.0, -5.0, 4.0; 15
-3.0, -5.0, 4.0; 12
-2.0, -5.0, 4.0; 9
-1.0, -5.0, 4.0; 8
0.0, -5.0, 4.0; 4
1.0, -5.0, 4.0; 1
2.0, -5.0, 4.0; 1
-9.0, -4.0, 4.0; 2
-8.0, -4.0, 4.0; 8
-7.0, -4.0, 4.0; 6
-6.0, -4.0, 4.0; 14
-5.0, -4.0, 4.0; 15
-4.0, -4.0, 4.0; 16
-3.0, -4.0, 4.0; 6
-2.0, -4.0, 4.0; 13
-1.0, -4.0, 4.0; 9
0.0, -4.0, 4.0; 8
1.0, -4.0, 4.0; 4
2.0, -4.0, 4.0; 3
4.0, -4.0, 4.0; 1
5.0, -4.0, 4.0; 1
-9.0, -3.0, 4.0; 4
-8.0, -3.0, 4.0; 7
-7.0, -3.0, 4.0; 2
-6.0, -3.0, 4.0; 16
-5.0, -3.0, 4.0; 10
-4.0, -3.0, 4.0; 8
-3.0, -3.0, 4.0; 12
-2.0, -3.0, 4.0; 8
-1.0, -3.0, 4.0; 7
0.0, -3.0, 4.0; 4
1.0, -3.0, 4.0; 1
3.0, -3.0, 4.0; 2
4.0, -3.0, 4.0; 3
5.0, -3.0, 4.0; 1
6.0, -3.0, 4.0; 1
-9.0, -2.0, 4.0; 4
-8.0, -2.0, 4.0; 8
-7.0, -2.0, 4.0; 3
-6.0, -2.0, 4.0; 15
-5.0, -2.0, 4.0; 2
-4.0, -2.0, 4.0; 8
-3.0, -2.0, 4.0; 5
-2.0, -2.0, 4.0; 12
-1.0, -2.0, 4.0; 10
0.0, -2.0, 4.0; 16
1.0, -2.0, 4.0; 7
2.0, -2.0, 4.0; 2
3.0, -2.0, 4.0; 1
4.0, -2.0, 4.0; 1
5.0, -2.0, 4.0; 1
-9.0, -1.0, 4.0; 6
-8.0, -1.0, 4.0; 5
-7.0, -1.0, 4.0; 11
-6.0, -1.0, 4.0; 5
-5.0, -1.0, 4.0; 5
-4.0, -1.0, 4.0; 3
-3.0, -1.0, 4.0; 8
-2.0, -1.0, 4.0; 10
-1.0, -1.0, 4.0; 19
0.0, -1.0, 4.0; 15
1.0, -1.0, 4.0; 7
2.0, -1.0, 4.0; 2
3.0, -1.0, 4.0; 1
5.0, -1.0, 4.0; 1
-9.0, 0.0, 4.0; 5
-8.0, 0.0, 4.0; 7
-7.0, 0.0, 4.0; 6
-6.0, 0.0, 4.0; 1
-5.0, 0.0, 4.0; 5
-4.0, 0.0, 4.0; 2
-3.0, 0.0, 4.0; 4
-2.0, 0.0, 4.0; 5
-1.0, 0.0, 4.0; 4
0.0, 0.0, 4.0; 2
1.0, 0.0, 4.0; 2
2.0, 0.0, 4.0; 8
4.0, 0.0, 4.0; 1
-9.0, 1.0, 4.0; 7
-8.0, 1.0, 4.0; 11
-7.0, 1.0, 4.0; 5
-6.0, 1.0, 4.0; 8
-5.0, 1.0, 4.0; 6
-4.0, 1.0, 4.0; 2
-3.0, 1.0, 4.0; 4
-2.0, 1.0, 4.0; 5
-1.0, 1.0, 4.0; 3
0.0, 1.0, 4.0; 6
2.0, 1.0, 4.0; 4
3.0, 1.0, 4.0; 2
-9.0, 2.0, 4.0; 9
-8.0, 2.0, 4.0; 8
-7.0, 2.0, 4.0; 10
-6.0, 2.0, 4.0; 6
-5.0, 2.0, 4.0; 6
-4.0, 2.0, 4.0; 2
-3.0, 2.0, 4.0; 3
-1.0, 2.0, 4.0; 9
0.0, 2.0, 4.0; 15
1.0, 2.0, 4.0; 12
2.0, 2.0, 4.0; 7
3.0, 2.0, 4.0; 1
4.0, 2.0, 4.0; 1
5.0, 2.0, 4.0; 1
6.0, 2.0, 4.0; 1
-9.0, 3.0, 4.0; 3
-8.0, 3.0, 4.0; 9
-7.0, 3.0, 4.0; 7
-6.0, 3.0, 4.0; 13
-5.0, 3.0, 4.0; 12
-4.0, 3.0, 4.0; 6
-3.0, 3.0, 4.0; 3
-2.0, 3.0, 4.0; 2
-1.0, 3.0, 4.0; 5
0.0, 3.0, 4.0; 6
1.0, 3.0, 4.0; 4
2.0, 3.0, 4.0; 2
3.0, 3.0, 4.0; 1
4.0, 3.0, 4.0; 1
5.0, 3.0, 4.0; 1
6.0, 3.0, 4.0; 1
-9.0, 4.0, 4.0; 1
-8.0, 4.0, 4.0; 7
-7.0, 4.0, 4.0; 12
-6.0, 4.0, 4.0; 11
-5.0, 4.0, 4.0; 13
-4.0, 4.0, 4.0; 9
-3.0, 4.0, 4.0; 5
-2.0, 4.0, 4.0; 3
-1.0, 4.0, 4.0; 3
0.0, 4.0, 4.0; 3
1.0, 4.0, 4.0; 4
2.0, 4.0, 4.0; 3
4.0, 4.0, 4.0; 1
6.0, 4.0, 4.0; 1
-8.0, 5.0, 4.0; 4
-7.0, 5.0, 4.0; 18
-6.0, 5.0, 4.0; 8
-5.0, 5.0, 4.0; 19
-4.0, 5.0, 4.0; 12
-3.0, 5.0, 4.0; 8
-2.0, 5.0, 4.0; 4
-1.0, 5.0, 4.0; 3
0.0, 5.0, 4.0; 4
1.0, 5.0, 4.0; 6
2.0, 5.0, 4.0; 3
3.0, 5.0, 4.0; 2
4.0, 5.0, 4.0; 1
5.0, 5.0, 4.0; 1
6.0, 5.0, 4.0; 1
-7.0, 6.0, 4.0; 3
-6.0, 6.0, 4.0; 5
-5.0, 6.0, 4.0; 8
-4.0, 6.0, 4.0; 4
-3.0, 6.0, 4.0; 9
-2.0, 6.0, 4.0; 8
-1.0, 6.0, 4.0; 16
0.0, 6.0, 4.0; 4
1.0, 6.0, 4.0; 2
2.0, 6.0, 4.0; 2
4.0, 6.0, 4.0; 1
-5.0, 7.0, 4.0; 4
-4.0, 7.0, 4.0; 10
-3.0, 7.0, 4.0; 3
-2.0, 7.0, 4.0; 7
-1.0, 7.0, 4.0; 7
0.0, 7.0, 4.0; 5
1.0, 7.0, 4.0; 6
2.0, 7.0, 4.0; 3
3.0, 7.0, 4.0; 1
-4.0, 8.0, 4.0; 6
-3.0, 8.0, 4.0; 2
-2.0, 8.0, 4.0; 4
-1.0, 8.0, 4.0; 9
-1.0, -9.0, 5.0; 1
0.0, -9.0, 5.0; 1
-5.0, -8.0, 5.0; 1
-4.0, -8.0, 5.0; 3
-3.0, -8.0, 5.0; 6
-2.0, -8.0, 5.0; 4
-1.0, -8.0, 5.0; 3
0.0, -8.0, 5.0; 6
1.0, -8.0, 5.0; 3
2.0, -8.0, 5.0; 4
4.0, -8.0, 5.0; 1
-5.0, -7.0, 5.0; 5
-4.0, -7.0, 5.0; 6
-3.0, -7.0, 5.0; 5
-2.0, -7.0, 5.0; 5
-1.0, -7.0, 5.0; 4
0.0, -7.0, 5.0; 4
1.0, -7.0, 5.0; 5
2.0, -7.0, 5.0; 4
-7.0, -6.0, 5.0; 1
-6.0, -6.0, 5.0; 8
-5.0, -6.0, 5.0; 4
-4.0, -6.0, 5.0; 8
-3.0, -6.0, 5.0; 6
-2.0, -6.0, 5.0; 7
-1.0, -6.0, 5.0; 5
0.0, -6.0, 5.0; 3
1.0, -6.0, 5.0; 2
2.0, -6.0, 5.0; 5
3.0, -6.0, 5.0; 1
4.0, -6.0, 5.0; 3
-8.0, -5.0, 5.0; 3
-7.0, -5.0, 5.0; 11
-6.0, -5.0, 5.0; 8
-5.0, -5.0, 5.0; 4
-4.0, -5.0, 5.0; 14
-3.0, -5.0, 5.0; 9
-2.0, -5.0, 5.0; 1
-1.0, -5.0, 5.0; 9
0.0, -5.0, 5.0; 5
2.0, -5.0, 5.0; 1
3.0, -5.0, 5.0; 2
6.0, -5.0, 5.0; 1
7.0, -5.0, 5.0; 1
-8.0, -4.0, 5.0; 2
-7.0, -4.0, 5.0; 9
-6.0, -4.0, 5.0; 7
-5.0, -4.0, 5.0; 8
-4.0, -4.0, 5.0; 14
-3.0, -4.0, 5.0; 3
-2.0, -4.0, 5.0; 8
-1.0, -4.0, 5.0; 7
0.0, -4.0, 5.0; 1
2.0, -4.0, 5.0; 1
3.0, -4.0, 5.0; 1
-8.0, -3.0, 5.0; 8
-7.0, -3.0, 5.0; 6
-6.0, -3.0, 5.0; 4
-5.0, -3.0, 5.0; 7
-4.0, -3.0, 5.0; 4
-3.0, -3.0, 5.0; 4
-2.0, -3.0, 5.0; 2
-1.0, -3.0, 5.0; 2
0.0, -3.0, 5.0; 2
1.0, -3.0, 5.0; 1
2.0, -3.0, 5.0; 1
3.0, -3.0, 5.0; 1
4.0, -3.0, 5.0; 3
5.0, -3.0, 5.0; 1
6.0, -3.0, 5.0; 1
-9.0, -2.0, 5.0; 1
-8.0, -2.0, 5.0; 4
-7.0, -2.0, 5.0; 6
-6.0, -2.0, 5.0; 3
-5.0, -2.0, 5.0; 1
-4.0, -2.0, 5.0; 1
-3.0, -2.0, 5.0; 2
-2.0, -2.0, 5.0; 1
0.0, -2.0, 5.0; 4
1.0, -2.0, 5.0; 1
3.0, -2.0, 5.0; 1
4.0, -2.0, 5.0; 2
7.0, -2.0, 5.0; 1
-8.0, -1.0, 5.0; 8
-7.0, -1.0, 5.0; 6
-6.0, -1.0, 5.0; 5
-5.0, -1.0, 5.0; 2
-4.0, -1.0, 5.0; 4
-3.0, -1.0, 5.0; 1
-2.0, -1.0, 5.0; 1
-1.0, -1.0, 5.0; 2
1.0, -1.0, 5.0; 4
2.0, -1.0, 5.0; 4
3.0, -1.0, 5.0; 2
5.0, -1.0, 5.0; 1
-9.0, 0.0, 5.0; 3
-8.0, 0.0, 5.0; 4
-7.0, 0.0, 5.0; 9
-6.0, 0.0, 5.0; 3
-5.0, 0.0, 5.0; 3
-4.0, 0.0, 5.0; 2
-3.0, 0.0, 5.0; 1
-1.0, 0.0, 5.0; 3
0.0, 0.0, 5.0; 2
1.0, 0.0, 5.0; 2
2.0, 0.0, 5.0; 3
3.0, 0.0, 5.0; 2
-9.0, 1.0, 5.0; 3
-8.0, 1.0, 5.0; 6
-7.0, 1.0, 5.0; 1
-6.0, 1.0, 5.0; 3
-5.0, 1.0, 5.0; 7
-4.0, 1.0, 5.0; 3
-2.0, 1.0, 5.0; 1
-1.0, 1.0, 5.0; 4
0.0, 1.0, 5.0; 4
1.0, 1.0, 5.0; 4
2.0, 1.0, 5.0; 2
3.0, 1.0, 5.0; 1
-9.0, 2.0, 5.0; 2
-8.0, 2.0, 5.0; 8
-7.0, 2.0, 5.0; 9
-6.0, 2.0, 5.0; 7
-5.0, 2.0, 5.0; 7
-4.0, 2.0, 5.0; 6
-3.0, 2.0, 5.0; 1
-2.0, 2.0, 5.0; 3
-1.0, 2.0, 5.0; 11
0.0, 2.0, 5.0; 8
1.0, 2.0, 5.0; 1
4.0, 2.0, 5.0; 3
5.0, 2.0, 5.0; 2
-8.0, 3.0, 5.0; 3
-7.0, 3.0, 5.0; 9
-6.0, 3.0, 5.0; 8
-5.0, 3.0, 5.0; 6
-4.0, 3.0, 5.0; 4
-3.0, 3.0, 5.0; 5
-2.0, 3.0, 5.0; 4
-1.0, 3.0, 5.0; 7
0.0, 3.0, 5.0; 3
1.0, 3.0, 5.0; 1
3.0, 3.0, 5.0; 1
4.0, 3.0, 5.0; 1
5.0, 3.0, 5.0; 1
-8.0, 4.0, 5.0; 1
-7.0, 4.0, 5.0; 9
-6.0, 4.0, 5.0; 10
-5.0, 4.0, 5.0; 8
-4.0, 4.0, 5.0; 7
-3.0, 4.0, 5.0; 6
-2.0, 4.0, 5.0; 2
-1.0, 4.0, 5.0; 5
0.0, 4.0, 5.0; 1
2.0, 4.0, 5.0; 1
3.0, 4.0, 5.0; 1
4.0, 4.0, 5.0; 1
5.0, 4.0, 5.0; 1
-7.0, 5.0, 5.0; 4
-6.0, 5.0, 5.0; 5
-5.0, 5.0, 5.0; 6
-4.0, 5.0, 5.0; 8
-3.0, 5.0, 5.0; 6
-2.0, 5.0, 5.0; 11
-1.0, 5.0, 5.0; 4
0.0, 5.0, 5.0; 4
1.0, 5.0, 5.0; 1
2.0, 5.0, 5.0; 1
3.0, 5.0, 5.0; 5
4.0, 5.0, 5.0; 1
-6.0, 6.0, 5.0; 2
-5.0, 6.0, 5.0; 4
-4.0, 6.0, 5.0; 7
-3.0, 6.0, 5.0; 7
-2.0, 6.0, 5.0; 4
-1.0, 6.0, 5.0; 6
0.0, 6.0, 5.0; 6
1.0, 6.0, 5.0; 1
2.0, 6.0, 5.0; 3
-5.0, 7.0, 5.0; 3
-4.0, 7.0, 5.0; 4
-2.0, 7.0, 5.0; 6
-1.0, 7.0, 5.0; 2
0.0, 7.0, 5.0; 2
2.0, 7.0, 5.0; 2
-2.0, 8.0, 5.0; 1
-1.0, 8.0, 5.0; 1
0.0, 8.0, 5.0; 1
-3.0, -8.0, 6.0; 2
-2.0, -8.0, 6.0; 1
-1.0, -8.0, 6.0; 4
0.0, -8.0, 6.0; 1
2.0, -8.0, 6.0; 1
-4.0, -7.0, 6.0; 3
-3.0, -7.0, 6.0; 5
-2.0, -7.0, 6.0; 2
-1.0, -7.0, 6.0; 9
0.0, -7.0, 6.0; 6
1.0, -7.0, 6.0; 3
3.0, -7.0, 6.0; 2
-5.0, -6.0, 6.0; 6
-4.0, -6.0, 6.0; 12
-3.0, -6.0, 6.0; 6
-2.0, -6.0, 6.0; 3
-1.0, -6.0, 6.0; 11
0.0, -6.0, 6.0; 1
1.0, -6.0, 6.0; 4
4.0, -6.0, 6.0; 1
-6.0, -5.0, 6.0; 9
-5.0, -5.0, 6.0; 7
-4.0, -5.0, 6.0; 4
-3.0, -5.0, 6.0; 2
-2.0, -5.0, 6.0; 2
-1.0, -5.0, 6.0; 3
0.0, -5.0, 6.0; 2
1.0, -5.0, 6.0; 1
2.0, -5.0, 6.0; 1
3.0, -5.0, 6.0; 1
4.0, -5.0, 6.0; 1
-7.0, -4.0, 6.0; 4
-6.0, -4.0, 6.0; 6
-5.0, -4.0, 6.0; 3
-4.0, -4.0, 6.0; 4
-3.0, -4.0, 6.0; 2
-2.0, -4.0, 6.0; 1
-1.0, -4.0, 6.0; 4
2.0, -4.0, 6.0; 1
4.0, -4.0, 6.0; 1
-8.0, -3.0, 6.0; 2
-7.0, -3.0, 6.0; 7
-6.0, -3.0, 6.0; 5
-5.0, -3.0, 6.0; 4
-4.0, -3.0, 6.0; 2
-3.0, -3.0, 6.0; 4
-2.0, -3.0, 6.0; 1
-1.0, -3.0, 6.0; 2
4.0, -3.0, 6.0; 1
-8.0, -2.0, 6.0; 1
-7.0, -2.0, 6.0; 1
-6.0, -2.0, 6.0; 2
-5.0, -2.0, 6.0; 4
-4.0, -2.0, 6.0; 2
-3.0, -2.0, 6.0; 2
0.0, -2.0, 6.0; 4
1.0, -2.0, 6.0; 1
2.0, -2.0, 6.0; 2
5.0, -2.0, 6.0; 1
-8.0, -1.0, 6.0; 1
-7.0, -1.0, 6.0; 6
-6.0, -1.0, 6.0; 4
-5.0, -1.0, 6.0; 1
-4.0, -1.0, 6.0; 1
-3.0, -1.0, 6.0; 2
-1.0, -1.0, 6.0; 2
0.0, -1.0, 6.0; 3
1.0, -1.0, 6.0; 2
2.0, -1.0, 6.0; 2
3.0, -1.0, 6.0; 1
-7.0, 0.0, 6.0; 1
-6.0, 0.0, 6.0; 9
-3.0, 0.0, 6.0; 1
-1.0, 0.0, 6.0; 2
0.0, 0.0, 6.0; 1
1.0, 0.0, 6.0; 4
2.0, 0.0, 6.0; 5
4.0, 0.0, 6.0; 1
-8.0, 1.0, 6.0; 4
-7.0, 1.0, 6.0; 4
-6.0, 1.0, 6.0; 6
-5.0, 1.0, 6.0; 1
-4.0, 1.0, 6.0; 3
-3.0, 1.0, 6.0; 2
-2.0, 1.0, 6.0; 3
-1.0, 1.0, 6.0; 2
0.0, 1.0, 6.0; 1
1.0, 1.0, 6.0; 2
2.0, 1.0, 6.0; 2
3.0, 1.0, 6.0; 1
4.0, 1.0, 6.0; 1
-8.0, 2.0, 6.0; 2
-7.0, 2.0, 6.0; 2
-6.0, 2.0, 6.0; 5
-5.0, 2.0, 6.0; 5
-4.0, 2.0, 6.0; 2
-3.0, 2.0, 6.0; 3
-2.0, 2.0, 6.0; 5
-1.0, 2.0, 6.0; 2
0.0, 2.0, 6.0; 3
1.0, 2.0, 6.0; 1
2.0, 2.0, 6.0; 2
-7.0, 3.0, 6.0; 1
-6.0, 3.0, 6.0; 7
-5.0, 3.0, 6.0; 3
-4.0, 3.0, 6.0; 6
-3.0, 3.0, 6.0; 4
0.0, 3.0, 6.0; 3
1.0, 3.0, 6.0; 2
2.0, 3.0, 6.0; 1
3.0, 3.0, 6.0; 1
5.0, 3.0, 6.0; 1
-6.0, 4.0, 6.0; 5
-5.0, 4.0, 6.0; 5
-4.0, 4.0, 6.0; 6
-3.0, 4.0, 6.0; 5
-2.0, 4.0, 6.0; 5
-1.0, 4.0, 6.0; 3
0.0, 4.0, 6.0; 6
1.0, 4.0, 6.0; 1
2.0, 4.0, 6.0; 1
3.0, 4.0, 6.0; 2
-6.0, 5.0, 6.0; 2
-5.0, 5.0, 6.0; 1
-4.0, 5.0, 6.0; 2
-3.0, 5.0, 6.0; 5
-2.0, 5.0, 6.0; 5
0.0, 5.0, 6.0; 3
1.0, 5.0, 6.0; 1
2.0, 5.0, 6.0; 5
3.0, 5.0, 6.0; 1
-4.0, 6.0, 6.0; 2
-2.0, 6.0, 6.0; 2
-1.0, 6.0, 6.0; 1
0.0, 6.0, 6.0; 2
1.0, 6.0, 6.0; 2
-3.0, 7.0, 6.0; 2
-2.0, 7.0, 6.0; 1
-1.0, 7.0, 6.0; 2
0.0, 7.0, 6.0; 1
1.0, 7.0, 6.0; 1
-2.0, -7.0, 7.0; 1
-1.0, -7.0, 7.0; 3
0.0, -7.0, 7.0; 3
-4.0, -6.0, 7.0; 2
-3.0, -6.0, 7.0; 2
-2.0, -6.0, 7.0; 2
-1.0, -6.0, 7.0; 5
0.0, -6.0, 7.0; 3
2.0, -6.0, 7.0; 2
-6.0, -5.0, 7.0; 1
-5.0, -5.0, 7.0; 4
-4.0, -5.0, 7.0; 11
-3.0, -5.0, 7.0; 2
-2.0, -5.0, 7.0; 7
-1.0, -5.0, 7.0; 1
0.0, -5.0, 7.0; 3
1.0, -5.0, 7.0; 5
-6.0, -4.0, 7.0; 2
-5.0, -4.0, 7.0; 3
-4.0, -4.0, 7.0; 2
-3.0, -4.0, 7.0; 3
-2.0, -4.0, 7.0; 4
-1.0, -4.0, 7.0; 3
0.0, -4.0, 7.0; 1
2.0, -4.0, 7.0; 2
4.0, -4.0, 7.0; 1
5.0, -4.0, 7.0; 1
-7.0, -3.0, 7.0; 1
-6.0, -3.0, 7.0; 1
-5.0, -3.0, 7.0; 2
-4.0, -3.0, 7.0; 4
-2.0, -3.0, 7.0; 1
-1.0, -3.0, 7.0; 1
3.0, -3.0, 7.0; 1
-7.0, -2.0, 7.0; 1
-6.0, -2.0, 7.0; 2
-5.0, -2.0, 7.0; 3
-4.0, -2.0, 7.0; 1
-3.0, -2.0, 7.0; 4
0.0, -2.0, 7.0; 1
1.0, -2.0, 7.0; 3
4.0, -2.0, 7.0; 1
-7.0, -1.0, 7.0; 1
-6.0, -1.0, 7.0; 2
-5.0, -1.0, 7.0; 1
-4.0, -1.0, 7.0; 2
-3.0, -1.0, 7.0; 3
0.0, -1.0, 7.0; 1
1.0, -1.0, 7.0; 1
-8.0, 0.0, 7.0; 1
-7.0, 0.0, 7.0; 1
-5.0, 0.0, 7.0; 6
-4.0, 0.0, 7.0; 5
-3.0, 0.0, 7.0; 1
-2.0, 0.0, 7.0; 2
-1.0, 0.0, 7.0; 1
0.0, 0.0, 7.0; 3
1.0, 0.0, 7.0; 2
2.0, 0.0, 7.0; 2
-6.0, 1.0, 7.0; 1
-5.0, 1.0, 7.0; 3
-4.0, 1.0, 7.0; 4
-3.0, 1.0, 7.0; 6
-2.0, 1.0, 7.0; 1
-1.0, 1.0, 7.0; 3
0.0, 1.0, 7.0; 2
1.0, 1.0, 7.0; 1
2.0, 1.0, 7.0; 2
5.0, 1.0, 7.0; 1
-6.0, 2.0, 7.0; 2
-5.0, 2.0, 7.0; 2
-4.0, 2.0, 7.0; 6
-3.0, 2.0, 7.0; 1
-2.0, 2.0, 7.0; 4
-1.0, 2.0, 7.0; 3
0.0, 2.0, 7.0; 1
1.0, 2.0, 7.0; 1
3.0, 2.0, 7.0; 1
-6.0, 3.0, 7.0; 1
-5.0, 3.0, 7.0; 4
-4.0, 3.0, 7.0; 6
-3.0, 3.0, 7.0; 2
-2.0, 3.0, 7.0; 4
-1.0, 3.0, 7.0; 1
0.0, 3.0, 7.0; 2
-5.0, 4.0, 7.0; 4
-4.0, 4.0, 7.0; 1
-3.0, 4.0, 7.0; 2
-1.0, 4.0, 7.0; 1
0.0, 4.0, 7.0; 1
3.0, 4.0, 7.0; 1
4.0, 4.0, 7.0; 1
-4.0, 5.0, 7.0; 1
-3.0, 5.0, 7.0; 2
-2.0, 5.0, 7.0; 1
-1.0, 5.0, 7.0; 3
0.0, 5.0, 7.0; 4
1.0, 5.0, 7.0; 2
3.0, 5.0, 7.0; 1
-2.0, 6.0, 7.0; 2
-1.0, 6.0, 7.0; 1
0.0, 6.0, 7.0; 1
-2.0, -6.0, 8.0; 1
-1.0, -6.0, 8.0; 2
1.0, -6.0, 8.0; 1
-3.0, -5.0, 8.0; 2
-1.0, -5.0, 8.0; 1
0.0, -5.0, 8.0; 1
1.0, -5.0, 8.0; 1
-4.0, -4.0, 8.0; 2
-3.0, -4.0, 8.0; 2
-2.0, -4.0, 8.0; 1
1.0, -4.0, 8.0; 2
3.0, -4.0, 8.0; 1
-4.0, -3.0, 8.0; 1
-3.0, -3.0, 8.0; 2
-2.0, -3.0, 8.0; 1
-6.0, -2.0, 8.0; 1
-5.0, -2.0, 8.0; 1
-4.0, -2.0, 8.0; 2
1.0, -2.0, 8.0; 2
2.0, -2.0, 8.0; 1
4.0, -2.0, 8.0; 1
-5.0, -1.0, 8.0; 3
-3.0, -1.0, 8.0; 2
-2.0, -1.0, 8.0; 1
1.0, -1.0, 8.0; 2
4.0, -1.0, 8.0; 1
-5.0, 0.0, 8.0; 2
-4.0, 0.0, 8.0; 1
-3.0, 0.0, 8.0; 2
2.0, 0.0, 8.0; 1
-5.0, 1.0, 8.0; 2
-4.0, 1.0, 8.0; 1
-3.0, 1.0, 8.0; 1
-2.0, 1.0, 8.0; 1
1.0, 1.0, 8.0; 1
-4.0, 2.0, 8.0; 1
-3.0, 2.0, 8.0; 3
-1.0, 2.0, 8.0; 1
-4.0, 3.0, 8.0; 2
-3.0, 3.0, 8.0; 2
-2.0, 3.0, 8.0; 2
2.0, 3.0, 8.0; 1
-2.0, 4.0, 8.0; 1
2.0, 4.0, 8.0; 1
-2.0, 5.0, 8.0; 1
-1.0, -5.0, 9.0; 1
-1.0, -4.0, 9.0; 1
-4.0, -1.0, 9.0; 1
1.0, -1.0, 9.0; 1
-3.0, 1.0, 9.0; 1
-2.0, 1.0, 9.0; 1
-1.0, 1.0, 9.0; 1
-2.0, 2.0, 9.0; 1
-2.0, -4.0, -10.0; 2
-1.0, -4.0, -10.0; 2
0.0, -4.0, -10.0; 2
-4.0, -3.0, -10.0; 1
-1.0, -3.0, -10.0; 1
0.0, -3.0, -10.0; 2
-4.0, -2.0, -10.0; 1
-3.0, -2.0, -10.0; 2
-2.0, -2.0, -10.0; 5
-1.0, -2.0, -10.0; 8
0.0, -2.0, -10.0; 2
1.0, -2.0, -10.0; 3
2.0, -2.0, -10.0; 1
3.0, -2.0, -10.0; 1
-4.0, -1.0, -10.0; 3
-3.0, -1.0, -10.0; 2
-2.0, -1.0, -10.0; 1
-1.0, -1.0, -10.0; 4
0.0, -1.0, -10.0; 3
1.0, -1.0, -10.0; 2
2.0, -1.0, -10.0; 1
-4.0, 0.0, -10.0; 2
-2.0, 0.0, -10.0; 1
-1.0, 0.0, -10.0; 2
0.0, 0.0, -10.0; 2
1.0, 0.0, -10.0; 3
2.0, 0.0, -10.0; 1
3.0, 0.0, -10.0; 1
-3.0, 1.0, -10.0; 3
-2.0, 1.0, -10.0; 5
-1.0, 1.0, -10.0; 4
0.0, 1.0, -10.0; 1
1.0, 1.0, -10.0; 3
2.0, 1.0, -10.0; 5
3.0, 1.0, -10.0; 2
-4.0, 2.0, -10.0; 1
-3.0, 2.0, -10.0; 1
-2.0, 2.0, -10.0; 3
0.0, 2.0, -10.0; 2
2.0, 2.0, -10.0; 2
-2.0, 3.0, -10.0; 2
-1.0, 3.0, -10.0; 1
0.0, 3.0, -10.0; 5
-1.0, 4.0, -10.0; 1
-3.0, -6.0, -9.0; 1
-2.0, -6.0, -9.0; 3
-1.0, -6.0, -9.0; 2
0.0, -6.0, -9.0; 4
1.0, -6.0, -9.0; 2
-2.0, -5.0, -9.0; 2
-1.0, -5.0, -9.0; 5
0.0, -5.0, -9.0; 7
1.0, -5.0, -9.0; 4
2.0, -5.0, -9.0; 1
-3.0, -4.0, -9.0; 3
-2.0, -4.0, -9.0; 1
-1.0, -4.0, -9.0; 2
0.0, -4.0, -9.0; 4
1.0, -4.0, -9.0; 3
2.0, -4.0, -9.0; 5
-5.0, -3.0, -9.0; 4
-4.0, -3.0, -9.0; 3
-3.0, -3.0, -9.0; 2
-2.0, -3.0, -9.0; 5
-1.0, -3.0, -9.0; 3
0.0, -3.0, -9.0; 6
1.0, -3.0, -9.0; 9
2.0, -3.0, -9.0; 4
3.0, -3.0, -9.0; 2
-6.0, -2.0, -9.0; 1
-5.0, -2.0, -9.0; 1
-4.0, -2.0, -9.0; 1
-3.0, -2.0, -9.0; 3
-2.0, -2.0, -9.0; 6
-1.0, -2.0, -9.0; 3
0.0, -2.0, -9.0; 4
1.0, -2.0, -9.0; 8
2.0, -2.0, -9.0; 4
4.0, -2.0, -9.0; 1
-6.0, -1.0, -9.0; 3
-5.0, -1.0, -9.0; 1
-4.0, -1.0, -9.0; 6
-3.0, -1.0, -9.0; 1
-2.0, -1.0, -9.0; 1
-1.0, -1.0, -9.0; 9
0.0, -1.0, -9.0; 6
1.0, -1.0, -9.0; 3
2.0, -1.0, -9.0; 8
4.0, -1.0, -9.0; 1
5.0, -1.0, -9.0; 1
-6.0, 0.0, -9.0; 1
-5.0, 0.0, -9.0; 6
-4.0, 0.0, -9.0; 4
-3.0, 0.0, -9.0; 6
-2.0, 0.0, -9.0; 14
-1.0, 0.0, -9.0; 9
0.0, 0.0, -9.0; 4
1.0, 0.0, -9.0; 6
2.0, 0.0, -9.0; 1
3.0, 0.0, -9.0; 6
4.0, 0.0, -9.0; 3
-5.0, 1.0, -9.0; 3
-4.0, 1.0, -9.0; 6
-3.0, 1.0, -9.0; 11
-2.0, 1.0, -9.0; 10
-1.0, 1.0, -9.0; 8
0.0, 1.0, -9.0; 2
1.0, 1.0, -9.0; 3
2.0, 1.0, -9.0; 2
3.0, 1.0, -9.0; 3
4.0, 1.0, -9.0; 4
5.0, 1.0, -9.0; 3
-5.0, 2.0, -9.0; 5
-4.0, 2.0, -9.0; 4
-3.0, 2.0, -9.0; 15
-2.0, 2.0, -9.0; 7
-1.0, 2.0, -9.0; 9
0.0, 2.0, -9.0; 8
1.0, 2.0, -9.0; 4
2.0, 2.0, -9.0; 2
3.0, 2.0, -9.0; 2
4.0, 2.0, -9.0; 8
-5.0, 3.0, -9.0; 1
-4.0, 3.0, -9.0; 3
-3.0, 3.0, -9.0; 7
-2.0, 3.0, -9.0; 13
-1.0, 3.0, -9.0; 9
0.0, 3.0, -9.0; 12
1.0, 3.0, -9.0; 8
2.0, 3.0, -9.0; 4
3.0, 3.0, -9.0; 1
-4.0, 4.0, -9.0; 1
-2.0, 4.0, -9.0; 9
-1.0, 4.0, -9.0; 6
0.0, 4.0, -9.0; 3
1.0, 4.0, -9.0; 1
2.0, 4.0, -9.0; 3
-3.0, 5.0, -9.0; 1
-2.0, 5.0, -9.0; 2
0.0, 5.0, -9.0; 1
-1.0, -8.0, -8.0; 2
-2.0, -7.0, -8.0; 4
-1.0, -7.0, -8.0; 12
0.0, -7.0, -8.0; 7
1.0, -7.0, -8.0; 11
2.0, -7.0, -8.0; 3
-5.0, -6.0, -8.0; 1
-4.0, -6.0, -8.0; 1
-3.0, -6.0, -8.0; 7
-2.0, -6.0, -8.0; 12
-1.0, -6.0, -8.0; 6
0.0, -6.0, -8.0; 5
1.0, -6.0, -8.0; 12
2.0, -6.0, -8.0; 8
3.0, -6.0, -8.0; 3
-6.0, -5.0, -8.0; 1
-5.0, -5.0, -8.0; 2
-4.0, -5.0, -8.0; 8
-3.0, -5.0, -8.0; 12
-2.0, -5.0, -8.0; 2
-1.0, -5.0, -8.0; 6
0.0, -5.0, -8.0; 3
1.0, -5.0, -8.0; 3
2.0, -5.0, -8.0; 6
3.0, -5.0, -8.0; 4
4.0, -5.0, -8.0; 3
5.0, -5.0, -8.0; 1
-7.0, -4.0, -8.0; 1
-6.0, -4.0, -8.0; 1
-5.0, -4.0, -8.0; 8
-4.0, -4.0, -8.0; 13
-3.0, -4.0, -8.0; 6
-2.0, -4.0, -8.0; 2
-1.0, -4.0, -8.0; 7
0.0, -4.0, -8.0; 5
1.0, -4.0, -8.0; 1
2.0, -4.0, -8.0; 7
3.0, -4.0, -8.0; 3
4.0, -4.0, -8.0; 1
5.0, -4.0, -8.0; 1
6.0, -4.0, -8.0; 1
-7.0, -3.0, -8.0; 1
-6.0, -3.0, -8.0; 2
-5.0, -3.0, -8.0; 13
-4.0, -3.0, -8.0; 14
-3.0, -3.0, -8.0; 11
-2.0, -3.0, -8.0; 4
-1.0, -3.0, -8.0; 7
0.0, -3.0, -8.0; 4
1.0, -3.0, -8.0; 1
2.0, -3.0, -8.0; 7
3.0, -3.0, -8.0; 8
5.0, -3.0, -8.0; 1
-7.0, -2.0, -8.0; 4
-6.0, -2.0, -8.0; 4
-5.0, -2.0, -8.0; 13
-4.0, -2.0, -8.0; 20
-3.0, -2.0, -8.0; 16
-2.0, -2.0, -8.0; 8
-1.0, -2.0, -8.0; 7
0.0, -2.0, -8.0; 4
1.0, -2.0, -8.0; 8
2.0, -2.0, -8.0; 4
3.0, -2.0, -8.0; 11
4.0, -2.0, -8.0; 4
5.0, -2.0, -8.0; 1
6.0, -2.0, -8.0; 1
-7.0, -1.0, -8.0; 3
-6.0, -1.0, -8.0; 2
-5.0, -1.0, -8.0; 4
-4.0, -1.0, -8.0; 14
-3.0, -1.0, -8.0; 12
-2.0, -1.0, -8.0; 5
-1.0, -1.0, -8.0; 3
0.0, -1.0, -8.0; 5
1.0, -1.0, -8.0; 7
2.0, -1.0, -8.0; 4
3.0, -1.0, -8.0; 4
4.0, -1.0, -8.0; 2
-7.0, 0.0, -8.0; 1
-6.0, 0.0, -8.0; 2
-5.0, 0.0, -8.0; 11
-4.0, 0.0, -8.0; 12
-3.0, 0.0, -8.0; 11
-2.0, 0.0, -8.0; 3
-1.0, 0.0, -8.0; 4
0.0, 0.0, -8.0; 7
1.0, 0.0, -8.0; 5
2.0, 0.0, -8.0; 4
3.0, 0.0, -8.0; 2
4.0, 0.0, -8.0; 3
5.0, 0.0, -8.0; 6
6.0, 0.0, -8.0; 2
-7.0, 1.0, -8.0; 2
-6.0, 1.0, -8.0; 4
-5.0, 1.0, -8.0; 17
-4.0, 1.0, -8.0; 16
-3.0, 1.0, -8.0; 10
-2.0, 1.0, -8.0; 12
-1.0, 1.0, -8.0; 4
0.0, 1.0, -8.0; 7
1.0, 1.0, -8.0; 4
2.0, 1.0, -8.0; 3
3.0, 1.0, -8.0; 2
4.0, 1.0, -8.0; 3
5.0, 1.0, -8.0; 8
6.0, 1.0, -8.0; 1
-7.0, 2.0, -8.0; 3
-6.0, 2.0, -8.0; 2
-5.0, 2.0, -8.0; 14
-4.0, 2.0, -8.0; 17
-3.0, 2.0, -8.0; 17
-2.0, 2.0, -8.0; 7
-1.0, 2.0, -8.0; 5
0.0, 2.0, -8.0; 9
1.0, 2.0, -8.0; 4
2.0, 2.0, -8.0; 8
3.0, 2.0, -8.0; 6
4.0, 2.0, -8.0; 6
5.0, 2.0, -8.0; 9
-6.0, 3.0, -8.0; 3
-5.0, 3.0, -8.0; 7
-4.0, 3.0, -8.0; 19
-3.0, 3.0, -8.0; 10
-2.0, 3.0, -8.0; 9
-1.0, 3.0, -8.0; 11
0.0, 3.0, -8.0; 8
1.0, 3.0, -8.0; 12
2.0, 3.0, -8.0; 11
3.0, 3.0, -8.0; 2
4.0, 3.0, -8.0; 7
5.0, 3.0, -8.0; 1
-6.0, 4.0, -8.0; 1
-5.0, 4.0, -8.0; 9
-4.0, 4.0, -8.0; 10
-3.0, 4.0, -8.0; 3
-2.0, 4.0, -8.0; 2
-1.0, 4.0, -8.0; 11
0.0, 4.0, -8.0; 17
1.0, 4.0, -8.0; 13
2.0, 4.0, -8.0; 4
3.0, 4.0, -8.0; 6
4.0, 4.0, -8.0; 5
-5.0, 5.0, -8.0; 1
-4.0, 5.0, -8.0; 4
-3.0, 5.0, -8.0; 13
-2.0, 5.0, -8.0; 4
-1.0, 5.0, -8.0; 5
0.0, 5.0, -8.0; 6
1.0, 5.0, -8.0; 9
2.0, 5.0, -8.0; 3
3.0, 5.0, -8.0; 5
-4.0, 6.0, -8.0; 1
-3.0, 6.0, -8.0; 1
-2.0, 6.0, -8.0; 1
-1.0, 6.0, -8.0; 3
0.0, 6.0, -8.0; 1
1.0, 6.0, -8.0; 1
2.0, 6.0, -8.0; 2
-4.0, -8.0, -7.0; 1
-3.0, -8.0, -7.0; 2
-2.0, -8.0, -7.0; 3
-1.0, -8.0, -7.0; 5
0.0, -8.0, -7.0; 4
1.0, -8.0, -7.0; 3
2.0, -8.0, -7.0; 3
-5.0, -7.0, -7.0; 2
-4.0, -7.0, -7.0; 7
-3.0, -7.0, -7.0; 13
-2.0, -7.0, -7.0; 18
-1.0, -7.0, -7.0; 11
0.0, -7.0, -7.0; 10
1.0, -7.0, -7.0; 10
2.0, -7.0, -7.0; 6
3.0, -7.0, -7.0; 5
4.0, -7.0, -7.0; 1
-5.0, -6.0, -7.0; 12
-4.0, -6.0, -7.0; 21
-3.0, -6.0, -7.0; 14
-2.0, -6.0, -7.0; 12
-1.0, -6.0, -7.0; 11
0.0, -6.0, -7.0; 10
1.0, -6.0, -7.0; 22
2.0, -6.0, -7.0; 13
3.0, -6.0, -7.0; 4
4.0, -6.0, -7.0; 3
5.0, -6.0, -7.0; 2
-7.0, -5.0, -7.0; 2
-6.0, -5.0, -7.0; 9
-5.0, -5.0, -7.0; 25
-4.0, -5.0, -7.0; 17
-3.0, -5.0, -7.0; 8
-2.0, -5.0, -7.0; 6
-1.0, -5.0, -7.0; 7
1.0, -5.0, -7.0; 4
2.0, -5.0, -7.0; 6
3.0, -5.0, -7.0; 4
4.0, -5.0, -7.0; 3
5.0, -5.0, -7.0; 2
-7.0, -4.0, -7.0; 4
-6.0, -4.0, -7.0; 11
-5.0, -4.0, -7.0; 9
-4.0, -4.0, -7.0; 9
-3.0, -4.0, -7.0; 15
-2.0, -4.0, -7.0; 7
-1.0, -4.0, -7.0; 6
0.0, -4.0, -7.0; 3
1.0, -4.0, -7.0; 2
2.0, -4.0, -7.0; 1
3.0, -4.0, -7.0; 2
4.0, -4.0, -7.0; 4
5.0, -4.0, -7.0; 4
-8.0, -3.0, -7.0; 1
-7.0, -3.0, -7.0; 4
-6.0, -3.0, -7.0; 11
-5.0, -3.0, -7.0; 22
-4.0, -3.0, -7.0; 7
-3.0, -3.0, -7.0; 5
-2.0, -3.0, -7.0; 4
-1.0, -3.0, -7.0; 2
0.0, -3.0, -7.0; 5
1.0, -3.0, -7.0; 2
2.0, -3.0, -7.0; 6
3.0, -3.0, -7.0; 6
4.0, -3.0, -7.0; 4
5.0, -3.0, -7.0; 1
6.0, -3.0, -7.0; 1
7.0, -3.0, -7.0; 1
-8.0, -2.0, -7.0; 4
-7.0, -2.0, -7.0; 4
-6.0, -2.0, -7.0; 23
-5.0, -2.0, -7.0; 24
-4.0, -2.0, -7.0; 14
-3.0, -2.0, -7.0; 15
-2.0, -2.0, -7.0; 11
-1.0, -2.0, -7.0; 10
0.0, -2.0, -7.0; 8
1.0, -2.0, -7.0; 2
2.0, -2.0, -7.0; 2
3.0, -2.0, -7.0; 7
4.0, -2.0, -7.0; 8
5.0, -2.0, -7.0; 1
6.0, -2.0, -7.0; 3
7.0, -2.0, -7.0; 1
-8.0, -1.0, -7.0; 7
-7.0, -1.0, -7.0; 7
-6.0, -1.0, -7.0; 15
-5.0, -1.0, -7.0; 21
-4.0, -1.0, -7.0; 11
-3.0, -1.0, -7.0; 9
-2.0, -1.0, -7.0; 10
-1.0, -1.0, -7.0; 12
0.0, -1.0, -7.0; 5
1.0, -1.0, -7.0; 4
2.0, -1.0, -7.0; 4
3.0, -1.0, -7.0; 9
4.0, -1.0, -7.0; 1
5.0, -1.0, -7.0; 1
6.0, -1.0, -7.0; 3
7.0, -1.0, -7.0; 2
-8.0, 0.0, -7.0; 5
-7.0, 0.0, -7.0; 7
-6.0, 0.0, -7.0; 11
-5.0, 0.0, -7.0; 13
-4.0, 0.0, -7.0; 6
-3.0, 0.0, -7.0; 2
-1.0, 0.0, -7.0; 2
0.0, 0.0, -7.0; 10
1.0, 0.0, -7.0; 2
2.0, 0.0, -7.0; 7
3.0, 0.0, -7.0; 2
4.0, 0.0, -7.0; 4
5.0, 0.0, -7.0; 5
6.0, 0.0, -7.0; 3
7.0, 0.0, -7.0; 2
-8.0, 1.0, -7.0; 1
-7.0, 1.0, -7.0; 4
-6.0, 1.0, -7.0; 18
-5.0, 1.0, -7.0; 10
-4.0, 1.0, -7.0; 2
-3.0, 1.0, -7.0; 3
-2.0, 1.0, -7.0; 3
-1.0, 1.0, -7.0; 7
0.0, 1.0, -7.0; 8
1.0, 1.0, -7.0; 4
2.0, 1.0, -7.0; 5
3.0, 1.0, -7.0; 7
4.0, 1.0, -7.0; 3
5.0, 1.0, -7.0; 6
6.0, 1.0, -7.0; 3
7.0, 1.0, -7.0; 2
-8.0, 2.0, -7.0; 1
-7.0, 2.0, -7.0; 8
-6.0, 2.0, -7.0; 7
-5.0, 2.0, -7.0; 17
-4.0, 2.0, -7.0; 3
-3.0, 2.0, -7.0; 1
-2.0, 2.0, -7.0; 6
-1.0, 2.0, -7.0; 1
0.0, 2.0, -7.0; 4
1.0, 2.0, -7.0; 5
2.0, 2.0, -7.0; 4
3.0, 2.0, -7.0; 5
4.0, 2.0, -7.0; 4
5.0, 2.0, -7.0; 8
6.0, 2.0, -7.0; 5
-7.0, 3.0, -7.0; 6
-6.0, 3.0, -7.0; 13
-5.0, 3.0, -7.0; 8
-4.0, 3.0, -7.0; 4
-3.0, 3.0, -7.0; 5
-2.0, 3.0, -7.0; 1
-1.0, 3.0, -7.0; 5
0.0, 3.0, -7.0; 3
1.0, 3.0, -7.0; 4
2.0, 3.0, -7.0; 1
3.0, 3.0, -7.0; 7
4.0, 3.0, -7.0; 8
5.0, 3.0, -7.0; 12
6.0, 3.0, -7.0; 3
-7.0, 4.0, -7.0; 3
-6.0, 4.0, -7.0; 10
-5.0, 4.0, -7.0; 22
-4.0, 4.0, -7.0; 16
-3.0, 4.0, -7.0; 8
-2.0, 4.0, -7.0; 6
-1.0, 4.0, -7.0; 6
0.0, 4.0, -7.0; 7
1.0, 4.0, -7.0; 6
2.0, 4.0, -7.0; 7
3.0, 4.0, -7.0; 1
4.0, 4.0, -7.0; 7
5.0, 4.0, -7.0; 6
-6.0, 5.0, -7.0; 2
-5.0, 5.0, -7.0; 12
-4.0, 5.0, -7.0; 38
-3.0, 5.0, -7.0; 50
-2.0, 5.0, -7.0; 16
-1.0, 5.0, -7.0; 11
0.0, 5.0, -7.0; 9
1.0, 5.0, -7.0; 17
2.0, 5.0, -7.0; 8
3.0, 5.0, -7.0; 6
4.0, 5.0, -7.0; 10
5.0, 5.0, -7.0; 1
-5.0, 6.0, -7.0; 1
-4.0, 6.0, -7.0; 6
-3.0, 6.0, -7.0; 15
-2.0, 6.0, -7.0; 19
-1.0, 6.0, -7.0; 5
0.0, 6.0, -7.0; 5
1.0, 6.0, -7.0; 2
2.0, 6.0, -7.0; 9
3.0, 6.0, -7.0; 2
4.0, 6.0, -7.0; 1
-3.0, 7.0, -7.0; 3
-2.0, 7.0, -7.0; 2
-1.0, 7.0, -7.0; 6
0.0, 7.0, -7.0; 5
1.0, 7.0, -7.0; 3
2.0, 7.0, -7.0; 1
-1.0, -9.0, -6.0; 3
0.0, -9.0, -6.0; 3
1.0, -9.0, -6.0; 1
-4.0, -8.0, -6.0; 9
-3.0, -8.0, -6.0; 19
-2.0, -8.0, -6.0; 49
-1.0, -8.0, -6.0; 77
0.0, -8.0, -6.0; 32
1.0, -8.0, -6.0; 7
2.0, -8.0, -6.0; 6
3.0, -8.0, -6.0; 7
-6.0, -7.0, -6.0; 2
-5.0, -7.0, -6.0; 17
-4.0, -7.0, -6.0; 24
-3.0, -7.0, -6.0; 36
-2.0, -7.0, -6.0; 92
-1.0, -7.0, -6.0; 132
0.0, -7.0, -6.0; 34
1.0, -7.0, -6.0; 25
2.0, -7.0, -6.0; 11
3.0, -7.0, -6.0; 7
4.0, -7.0, -6.0; 3
5.0, -7.0, -6.0; 1
-7.0, -6.0, -6.0; 4
-6.0, -6.0, -6.0; 16
-5.0, -6.0, -6.0; 25
-4.0, -6.0, -6.0; 26
-3.0, -6.0, -6.0; 24
-2.0, -6.0, -6.0; 35
-1.0, -6.0, -6.0; 44
0.0, -6.0, -6.0; 17
1.0, -6.0, -6.0; 14
2.0, -6.0, -6.0; 13
3.0, -6.0, -6.0; 5
4.0, -6.0, -6.0; 4
5.0, -6.0, -6.0; 2
-7.0, -5.0, -6.0; 9
-6.0, -5.0, -6.0; 15
-5.0, -5.0, -6.0; 11
-4.0, -5.0, -6.0; 17
-3.0, -5.0, -6.0; 20
-2.0, -5.0, -6.0; 25
-1.0, -5.0, -6.0; 21
0.0, -5.0, -6.0; 16
1.0, -5.0, -6.0; 6
2.0, -5.0, -6.0; 3
3.0, -5.0, -6.0; 1
4.0, -5.0, -6.0; 5
6.0, -5.0, -6.0; 1
-8.0, -4.0, -6.0; 3
-7.0, -4.0, -6.0; 13
-6.0, -4.0, -6.0; 8
-5.0, -4.0, -6.0; 15
-4.0, -4.0, -6.0; 12
-3.0, -4.0, -6.0; 29
-2.0, -4.0, -6.0; 13
-1.0, -4.0, -6.0; 13
0.0, -4.0, -6.0; 18
1.0, -4.0, -6.0; 10
2.0, -4.0, -6.0; 4
3.0, -4.0, -6.0; 7
4.0, -4.0, -6.0; 5
5.0, -4.0, -6.0; 4
6.0, -4.0, -6.0; 1
-8.0, -3.0, -6.0; 7
-7.0, -3.0, -6.0; 7
-6.0, -3.0, -6.0; 14
-5.0, -3.0, -6.0; 3
-4.0, -3.0, -6.0; 7
-3.0, -3.0, -6.0; 9
-2.0, -3.0, -6.0; 5
-1.0, -3.0, -6.0; 21
0.0, -3.0, -6.0; 62
1.0, -3.0, -6.0; 29
3.0, -3.0, -6.0; 3
4.0, -3.0, -6.0; 4
5.0, -3.0, -6.0; 3
6.0, -3.0, -6.0; 4
7.0, -3.0, -6.0; 2
-9.0, -2.0, -6.0; 1
-8.0, -2.0, -6.0; 5
-7.0, -2.0, -6.0; 13
-6.0, -2.0, -6.0; 12
-5.0, -2.0, -6.0; 12
-4.0, -2.0, -6.0; 23
-3.0, -2.0, -6.0; 11
-2.0, -2.0, -6.0; 28
-1.0, -2.0, -6.0; 52
0.0, -2.0, -6.0; 68
1.0, -2.0, -6.0; 22
2.0, -2.0, -6.0; 6
4.0, -2.0, -6.0; 10
5.0, -2.0, -6.0; 4
6.0, -2.0, -6.0; 1
7.0, -2.0, -6.0; 3
8.0, -2.0, -6.0; 1
-8.0, -1.0, -6.0; 2
-7.0, -1.0, -6.0; 9
-6.0, -1.0, -6.0; 12
-5.0, -1.0, -6.0; 10
-4.0, -1.0, -6.0; 4
-3.0, -1.0, -6.0; 11
-2.0, -1.0, -6.0; 24
-1.0, -1.0, -6.0; 40
0.0, -1.0, -6.0; 12
1.0, -1.0, -6.0; 10
2.0, -1.0, -6.0; 9
3.0, -1.0, -6.0; 12
4.0, -1.0, -6.0; 6
5.0, -1.0, -6.0; 5
6.0, -1.0, -6.0; 4
7.0, -1.0, -6.0; 3
-9.0, 0.0, -6.0; 1
-8.0, 0.0, -6.0; 2
-7.0, 0.0, -6.0; 13
-6.0, 0.0, -6.0; 10
-5.0, 0.0, -6.0; 3
-4.0, 0.0, -6.0; 1
-3.0, 0.0, -6.0; 16
-2.0, 0.0, -6.0; 146
-1.0, 0.0, -6.0; 470
0.0, 0.0, -6.0; 19
1.0, 0.0, -6.0; 7
2.0, 0.0, -6.0; 5
3.0, 0.0, -6.0; 21
4.0, 0.0, -6.0; 3
5.0, 0.0, -6.0; 5
6.0, 0.0, -6.0; 2
7.0, 0.0, -6.0; 2
-9.0, 1.0, -6.0; 2
-8.0, 1.0, -6.0; 6
-7.0, 1.0, -6.0; 19
-6.0, 1.0, -6.0; 5
-5.0, 1.0, -6.0; 1
-4.0, 1.0, -6.0; 4
-3.0, 1.0, -6.0; 41
-2.0, 1.0, -6.0; 122
-1.0, 1.0, -6.0; 524
0.0, 1.0, -6.0; 112
1.0, 1.0, -6.0; 13
2.0, 1.0, -6.0; 5
3.0, 1.0, -6.0; 6
4.0, 1.0, -6.0; 3
5.0, 1.0, -6.0; 3
6.0, 1.0, -6.0; 3
7.0, 1.0, -6.0; 1
-8.0, 2.0, -6.0; 5
-7.0, 2.0, -6.0; 10
-6.0, 2.0, -6.0; 9
-5.0, 2.0, -6.0; 12
-4.0, 2.0, -6.0; 12
-3.0, 2.0, -6.0; 12
-2.0, 2.0, -6.0; 40
-1.0, 2.0, -6.0; 75
0.0, 2.0, -6.0; 39
1.0, 2.0, -6.0; 8
2.0, 2.0, -6.0; 4
3.0, 2.0, -6.0; 11
4.0, 2.0, -6.0; 6
5.0, 2.0, -6.0; 1
6.0, 2.0, -6.0; 7
7.0, 2.0, -6.0; 1
-8.0, 3.0, -6.0; 5
-7.0, 3.0, -6.0; 20
-6.0, 3.0, -6.0; 8
-5.0, 3.0, -6.0; 6
-4.0, 3.0, -6.0; 19
-3.0, 3.0, -6.0; 13
-2.0, 3.0, -6.0; 21
-1.0, 3.0, -6.0; 3
0.0, 3.0, -6.0; 6
1.0, 3.0, -6.0; 10
2.0, 3.0, -6.0; 12
3.0, 3.0, -6.0; 12
4.0, 3.0, -6.0; 2
5.0, 3.0, -6.0; 6
6.0, 3.0, -6.0; 7
-7.0, 4.0, -6.0; 13
-6.0, 4.0, -6.0; 17
-5.0, 4.0, -6.0; 24
-4.0, 4.0, -6.0; 23
-3.0, 4.0, -6.0; 5
-2.0, 4.0, -6.0; 9
-1.0, 4.0, -6.0; 6
0.0, 4.0, -6.0; 3
1.0, 4.0, -6.0; 10
2.0, 4.0, -6.0; 9
3.0, 4.0, -6.0; 7
4.0, 4.0, -6.0; 1
5.0, 4.0, -6.0; 7
6.0, 4.0, -6.0; 10
-7.0, 5.0, -6.0; 2
-6.0, 5.0, -6.0; 16
-5.0, 5.0, -6.0; 36
-4.0, 5.0, -6.0; 253
-3.0, 5.0, -6.0; 101
-2.0, 5.0, -6.0; 9
-1.0, 5.0, -6.0; 3
0.0, 5.0, -6.0; 10
1.0, 5.0, -6.0; 7
2.0, 5.0, -6.0; 5
3.0, 5.0, -6.0; 4
4.0, 5.0, -6.0; 1
5.0, 5.0, -6.0; 7
6.0, 5.0, -6.0; 2
-6.0, 6.0, -6.0; 9
-5.0, 6.0, -6.0; 12
-4.0, 6.0, -6.0; 42
-3.0, 6.0, -6.0; 143
-2.0, 6.0, -6.0; 61
-1.0, 6.0, -6.0; 11
0.0, 6.0, -6.0; 10
1.0, 6.0, -6.0; 20
2.0, 6.0, -6.0; 10
3.0, 6.0, -6.0; 4
4.0, 6.0, -6.0; 15
5.0, 6.0, -6.0; 2
-5.0, 7.0, -6.0; 2
-4.0, 7.0, -6.0; 10
-3.0, 7.0, -6.0; 10
-2.0, 7.0, -6.0; 6
-1.0, 7.0, -6.0; 10
0.0, 7.0, -6.0; 11
1.0, 7.0, -6.0; 8
2.0, 7.0, -6.0; 1
3.0, 7.0, -6.0; 1
-3.0, 8.0, -6.0; 1
-2.0, 8.0, -6.0; 1
-1.0, 8.0, -6.0; 4
0.0, 8.0, -6.0; 5
1.0, 8.0, -6.0; 2
2.0, 8.0, -6.0; 1
-1.0, -10.0, -5.0; 1
-4.0, -9.0, -5.0; 3
-3.0, -9.0, -5.0; 1
-2.0, -9.0, -5.0; 8
-1.0, -9.0, -5.0; 13
0.0, -9.0, -5.0; 17
1.0, -9.0, -5.0; 7
2.0, -9.0, -5.0; 7
3.0, -9.0, -5.0; 2
-6.0, -8.0, -5.0; 1
-5.0, -8.0, -5.0; 5
-4.0, -8.0, -5.0; 10
-3.0, -8.0, -5.0; 26
-2.0, -8.0, -5.0; 290
-1.0, -8.0, -5.0; 826
0.0, -8.0, -5.0; 93
1.0, -8.0, -5.0; 16
2.0, -8.0, -5.0; 9
3.0, -8.0, -5.0; 13
4.0, -8.0, -5.0; 6
-7.0, -7.0, -5.0; 4
-6.0, -7.0, -5.0; 20
-5.0, -7.0, -5.0; 20
-4.0, -7.0, -5.0; 10
-3.0, -7.0, -5.0; 25
-2.0, -7.0, -5.0; 68
-1.0, -7.0, -5.0; 130
0.0, -7.0, -5.0; 46
1.0, -7.0, -5.0; 24
2.0, -7.0, -5.0; 9
3.0, -7.0, -5.0; 2
4.0, -7.0, -5.0; 1
5.0, -7.0, -5.0; 2
-8.0, -6.0, -5.0; 2
-7.0, -6.0, -5.0; 15
-6.0, -6.0, -5.0; 10
-5.0, -6.0, -5.0; 12
-4.0, -6.0, -5.0; 5
-3.0, -6.0, -5.0; 5
-2.0, -6.0, -5.0; 12
-1.0, -6.0, -5.0; 11
0.0, -6.0, -5.0; 30
1.0, -6.0, -5.0; 18
2.0, -6.0, -5.0; 6
3.0, -6.0, -5.0; 5
4.0, -6.0, -5.0; 1
5.0, -6.0, -5.0; 2
-8.0, -5.0, -5.0; 7
-7.0, -5.0, -5.0; 15
-6.0, -5.0, -5.0; 14
-5.0, -5.0, -5.0; 5
-4.0, -5.0, -5.0; 2
-3.0, -5.0, -5.0; 7
-2.0, -5.0, -5.0; 25
-1.0, -5.0, -5.0; 8
0.0, -5.0, -5.0; 22
1.0, -5.0, -5.0; 25
2.0, -5.0, -5.0; 3
3.0, -5.0, -5.0; 2
4.0, -5.0, -5.0; 2
5.0, -5.0, -5.0; 2
-9.0, -4.0, -5.0; 1
-8.0, -4.0, -5.0; 17
-7.0, -4.0, -5.0; 6
-6.0, -4.0, -5.0; 3
-5.0, -4.0, -5.0; 15
-4.0, -4.0, -5.0; 11
-3.0, -4.0, -5.0; 109
-2.0, -4.0, -5.0; 321
-1.0, -4.0, -5.0; 86
0.0, -4.0, -5.0; 22
1.0, -4.0, -5.0; 90
2.0, -4.0, -5.0; 21
3.0, -4.0, -5.0; 2
4.0, -4.0, -5.0; 4
5.0, -4.0, -5.0; 5
6.0, -4.0, -5.0; 2
7.0, -4.0, -5.0; 3
8.0, -4.0, -5.0; 1
-9.0, -3.0, -5.0; 3
-8.0, -3.0, -5.0; 8
-7.0, -3.0, -5.0; 3
-6.0, -3.0, -5.0; 11
-5.0, -3.0, -5.0; 20
-4.0, -3.0, -5.0; 78
-3.0, -3.0, -5.0; 1420
-2.0, -3.0, -5.0; 1112
-1.0, -3.0, -5.0; 34
0.0, -3.0, -5.0; 107
1.0, -3.0, -5.0; 1584
2.0, -3.0, -5.0; 120
3.0, -3.0, -5.0; 12
4.0, -3.0, -5.0; 3
5.0, -3.0, -5.0; 6
7.0, -3.0, -5.0; 2
8.0, -3.0, -5.0; 1
-9.0, -2.0, -5.0; 2
-8.0, -2.0, -5.0; 5
-7.0, -2.0, -5.0; 8
-6.0, -2.0, -5.0; 7
-5.0, -2.0, -5.0; 15
-4.0, -2.0, -5.0; 20
-3.0, -2.0, -5.0; 94
-2.0, -2.0, -5.0; 51
-1.0, -2.0, -5.0; 6
0.0, -2.0, -5.0; 96
1.0, -2.0, -5.0; 176
2.0, -2.0, -5.0; 20
3.0, -2.0, -5.0; 2
4.0, -2.0, -5.0; 3
5.0, -2.0, -5.0; 7
6.0, -2.0, -5.0; 1
7.0, -2.0, -5.0; 3
-9.0, -1.0, -5.0; 5
-8.0, -1.0, -5.0; 6
-7.0, -1.0, -5.0; 19
-6.0, -1.0, -5.0; 6
-5.0, -1.0, -5.0; 6
-4.0, -1.0, -5.0; 14
-3.0, -1.0, -5.0; 26
-2.0, -1.0, -5.0; 28
-1.0, -1.0, -5.0; 23
0.0, -1.0, -5.0; 9
1.0, -1.0, -5.0; 3
2.0, -1.0, -5.0; 1
3.0, -1.0, -5.0; 8
4.0, -1.0, -5.0; 19
5.0, -1.0, -5.0; 3
6.0, -1.0, -5.0; 1
7.0, -1.0, -5.0; 3
8.0, -1.0, -5.0; 2
-9.0, 0.0, -5.0; 1
-8.0, 0.0, -5.0; 10
-7.0, 0.0, -5.0; 16
-6.0, 0.0, -5.0; 5
-5.0, 0.0, -5.0; 2
-4.0, 0.0, -5.0; 34
-3.0, 0.0, -5.0; 49
-2.0, 0.0, -5.0; 229
-1.0, 0.0, -5.0; 362
0.0, 0.0, -5.0; 31
1.0, 0.0, -5.0; 2
2.0, 0.0, -5.0; 2
3.0, 0.0, -5.0; 18
4.0, 0.0, -5.0; 9
5.0, 0.0, -5.0; 5
6.0, 0.0, -5.0; 4
8.0, 0.0, -5.0; 2
-9.0, 1.0, -5.0; 3
-8.0, 1.0, -5.0; 16
-7.0, 1.0, -5.0; 7
-6.0, 1.0, -5.0; 5
-5.0, 1.0, -5.0; 13
-4.0, 1.0, -5.0; 29
-3.0, 1.0, -5.0; 29
-2.0, 1.0, -5.0; 35
-1.0, 1.0, -5.0; 119
0.0, 1.0, -5.0; 63
1.0, 1.0, -5.0; 19
2.0, 1.0, -5.0; 2
3.0, 1.0, -5.0; 4
4.0, 1.0, -5.0; 4
5.0, 1.0, -5.0; 8
6.0, 1.0, -5.0; 2
7.0, 1.0, -5.0; 2
-9.0, 2.0, -5.0; 5
-8.0, 2.0, -5.0; 9
-7.0, 2.0, -5.0; 4
-6.0, 2.0, -5.0; 12
-5.0, 2.0, -5.0; 48
-4.0, 2.0, -5.0; 88
-3.0, 2.0, -5.0; 22
-2.0, 2.0, -5.0; 24
-1.0, 2.0, -5.0; 48
0.0, 2.0, -5.0; 134
1.0, 2.0, -5.0; 86
2.0, 2.0, -5.0; 9
3.0, 2.0, -5.0; 9
4.0, 2.0, -5.0; 3
5.0, 2.0, -5.0; 4
6.0, 2.0, -5.0; 1
7.0, 2.0, -5.0; 2
-9.0, 3.0, -5.0; 3
-8.0, 3.0, -5.0; 11
-7.0, 3.0, -5.0; 14
-6.0, 3.0, -5.0; 2
-5.0, 3.0, -5.0; 16
-4.0, 3.0, -5.0; 26
-3.0, 3.0, -5.0; 25
-2.0, 3.0, -5.0; 33
-1.0, 3.0, -5.0; 48
0.0, 3.0, -5.0; 192
1.0, 3.0, -5.0; 56
2.0, 3.0, -5.0; 6
3.0, 3.0, -5.0; 8
4.0, 3.0, -5.0; 13
5.0, 3.0, -5.0; 1
6.0, 3.0, -5.0; 7
7.0, 3.0, -5.0; 4
8.0, 3.0, -5.0; 1
-8.0, 4.0, -5.0; 8
-7.0, 4.0, -5.0; 22
-6.0, 4.0, -5.0; 6
-5.0, 4.0, -5.0; 10
-4.0, 4.0, -5.0; 10
-3.0, 4.0, -5.0; 7
-2.0, 4.0, -5.0; 23
-1.0, 4.0, -5.0; 17
0.0, 4.0, -5.0; 14
1.0, 4.0, -5.0; 6
2.0, 4.0, -5.0; 5
3.0, 4.0, -5.0; 8
4.0, 4.0, -5.0; 3
5.0, 4.0, -5.0; 3
6.0, 4.0, -5.0; 12
7.0, 4.0, -5.0; 3
-7.0, 5.0, -5.0; 11
-6.0, 5.0, -5.0; 22
-5.0, 5.0, -5.0; 16
-4.0, 5.0, -5.0; 12
-3.0, 5.0, -5.0; 3
-2.0, 5.0, -5.0; 7
-1.0, 5.0, -5.0; 3
0.0, 5.0, -5.0; 10
1.0, 5.0, -5.0; 9
2.0, 5.0, -5.0; 13
3.0, 5.0, -5.0; 10
4.0, 5.0, -5.0; 3
5.0, 5.0, -5.0; 7
6.0, 5.0, -5.0; 7
-7.0, 6.0, -5.0; 1
-6.0, 6.0, -5.0; 14
-5.0, 6.0, -5.0; 18
-4.0, 6.0, -5.0; 36
-3.0, 6.0, -5.0; 28
-2.0, 6.0, -5.0; 16
-1.0, 6.0, -5.0; 5
0.0, 6.0, -5.0; 6
1.0, 6.0, -5.0; 7
2.0, 6.0, -5.0; 24
3.0, 6.0, -5.0; 8
4.0, 6.0, -5.0; 5
5.0, 6.0, -5.0; 4
6.0, 6.0, -5.0; 1
-6.0, 7.0, -5.0; 1
-5.0, 7.0, -5.0; 9
-4.0, 7.0, -5.0; 15
-3.0, 7.0, -5.0; 22
-2.0, 7.0, -5.0; 66
-1.0, 7.0, -5.0; 35
0.0, 7.0, -5.0; 8
1.0, 7.0, -5.0; 17
2.0, 7.0, -5.0; 13
3.0, 7.0, -5.0; 2
4.0, 7.0, -5.0; 1
-5.0, 8.0, -5.0; 1
-4.0, 8.0, -5.0; 5
-3.0, 8.0, -5.0; 6
-2.0, 8.0, -5.0; 10
-1.0, 8.0, -5.0; 14
0.0, 8.0, -5.0; 10
1.0, 8.0, -5.0; 5
2.0, 8.0, -5.0; 2
-2.0, -10.0, -4.0; 7
-1.0, -10.0, -4.0; 3
0.0, -10.0, -4.0; 6
1.0, -10.0, -4.0; 5
-5.0, -9.0, -4.0; 1
-4.0, -9.0, -4.0; 3
-3.0, -9.0, -4.0; 11
-2.0, -9.0, -4.0; 18
-1.0, -9.0, -4.0; 32
0.0, -9.0, -4.0; 17
1.0, -9.0, -4.0; 23
2.0, -9.0, -4.0; 6
3.0, -9.0, -4.0; 3
-6.0, -8.0, -4.0; 5
-5.0, -8.0, -4.0; 10
-4.0, -8.0, -4.0; 8
-3.0, -8.0, -4.0; 9
-2.0, -8.0, -4.0; 58
-1.0, -8.0, -4.0; 213
0.0, -8.0, -4.0; 83
1.0, -8.0, -4.0; 13
2.0, -8.0, -4.0; 12
3.0, -8.0, -4.0; 2
4.0, -8.0, -4.0; 1
5.0, -8.0, -4.0; 4
-7.0, -7.0, -4.0; 11
-6.0, -7.0, -4.0; 23
-5.0, -7.0, -4.0; 2
-4.0, -7.0, -4.0; 4
-3.0, -7.0, -4.0; 3
-2.0, -7.0, -4.0; 6
-1.0, -7.0, -4.0; 20
0.0, -7.0, -4.0; 45
1.0, -7.0, -4.0; 17
2.0, -7.0, -4.0; 4
3.0, -7.0, -4.0; 5
4.0, -7.0, -4.0; 6
5.0, -7.0, -4.0; 9
-8.0, -6.0, -4.0; 4
-7.0, -6.0, -4.0; 26
-6.0, -6.0, -4.0; 10
-5.0, -6.0, -4.0; 3
-4.0, -6.0, -4.0; 1
-3.0, -6.0, -4.0; 1
-2.0, -6.0, -4.0; 18
-1.0, -6.0, -4.0; 22
0.0, -6.0, -4.0; 34
1.0, -6.0, -4.0; 87
2.0, -6.0, -4.0; 10
4.0, -6.0, -4.0; 5
5.0, -6.0, -4.0; 2
6.0, -6.0, -4.0; 3
-9.0, -5.0, -4.0; 2
-8.0, -5.0, -4.0; 15
-7.0, -5.0, -4.0; 7
-6.0, -5.0, -4.0; 1
-5.0, -5.0, -4.0; 2
-4.0, -5.0, -4.0; 1
-3.0, -5.0, -4.0; 21
-2.0, -5.0, -4.0; 64
-1.0, -5.0, -4.0; 272
0.0, -5.0, -4.0; 57
1.0, -5.0, -4.0; 85
2.0, -5.0, -4.0; 65
3.0, -5.0, -4.0; 6
5.0, -5.0, -4.0; 3
6.0, -5.0, -4.0; 2
-9.0, -4.0, -4.0; 9
-8.0, -4.0, -4.0; 8
-7.0, -4.0, -4.0; 6
-6.0, -4.0, -4.0; 4
-5.0, -4.0, -4.0; 10
-4.0, -4.0, -4.0; 78
-3.0, -4.0, -4.0; 49
-2.0, -4.0, -4.0; 51
-1.0, -4.0, -4.0; 76
0.0, -4.0, -4.0; 10
1.0, -4.0, -4.0; 75
2.0, -4.0, -4.0; 166
3.0, -4.0, -4.0; 18
4.0, -4.0, -4.0; 3
5.0, -4.0, -4.0; 1
6.0, -4.0, -4.0; 3
7.0, -4.0, -4.0; 2
8.0, -4.0, -4.0; 1
-10.0, -3.0, -4.0; 1
-9.0, -3.0, -4.0; 3
-8.0, -3.0, -4.0; 11
-7.0, -3.0, -4.0; 5
-6.0, -3.0, -4.0; 9
-5.0, -3.0, -4.0; 22
-4.0, -3.0, -4.0; 138
-3.0, -3.0, -4.0; 68
-2.0, -3.0, -4.0; 2
-1.0, -3.0, -4.0; 1
0.0, -3.0, -4.0; 9
1.0, -3.0, -4.0; 427
2.0, -3.0, -4.0; 323
3.0, -3.0, -4.0; 16
4.0, -3.0, -4.0; 5
5.0, -3.0, -4.0; 2
6.0, -3.0, -4.0; 1
7.0, -3.0, -4.0; 1
8.0, -3.0, -4.0; 2
9.0, -3.0, -4.0; 1
-9.0, -2.0, -4.0; 4
-8.0, -2.0, -4.0; 7
-7.0, -2.0, -4.0; 6
-6.0, -2.0, -4.0; 15
-5.0, -2.0, -4.0; 11
-4.0, -2.0, -4.0; 22
-3.0, -2.0, -4.0; 7
0.0, -2.0, -4.0; 3
1.0, -2.0, -4.0; 5
2.0, -2.0, -4.0; 15
4.0, -2.0, -4.0; 9
5.0, -2.0, -4.0; 4
6.0, -2.0, -4.0; 2
7.0, -2.0, -4.0; 1
8.0, -2.0, -4.0; 2
9.0, -2.0, -4.0; 2
-10.0, -1.0, -4.0; 1
-9.0, -1.0, -4.0; 12
-8.0, -1.0, -4.0; 5
-7.0, -1.0, -4.0; 31
-6.0, -1.0, -4.0; 6
-5.0, -1.0, -4.0; 6
-4.0, -1.0, -4.0; 1
-3.0, -1.0, -4.0; 1
2.0, -1.0, -4.0; 3
3.0, -1.0, -4.0; 2
4.0, -1.0, -4.0; 13
5.0, -1.0, -4.0; 5
6.0, -1.0, -4.0; 1
7.0, -1.0, -4.0; 1
8.0, -1.0, -4.0; 1
-10.0, 0.0, -4.0; 1
-9.0, 0.0, -4.0; 7
-8.0, 0.0, -4.0; 12
-7.0, 0.0, -4.0; 12
-6.0, 0.0, -4.0; 2
-5.0, 0.0, -4.0; 17
-4.0, 0.0, -4.0; 15
-3.0, 0.0, -4.0; 1
1.0, 0.0, -4.0; 1
2.0, 0.0, -4.0; 2
4.0, 0.0, -4.0; 5
5.0, 0.0, -4.0; 6
6.0, 0.0, -4.0; 1
8.0, 0.0, -4.0; 1
-10.0, 1.0, -4.0; 2
-9.0, 1.0, -4.0; 5
-8.0, 1.0, -4.0; 10
-6.0, 1.0, -4.0; 19
-5.0, 1.0, -4.0; 40
-4.0, 1.0, -4.0; 12
2.0, 1.0, -4.0; 2
3.0, 1.0, -4.0; 7
4.0, 1.0, -4.0; 4
5.0, 1.0, -4.0; 4
6.0, 1.0, -4.0; 1
7.0, 1.0, -4.0; 5
-9.0, 2.0, -4.0; 8
-8.0, 2.0, -4.0; 10
-7.0, 2.0, -4.0; 2
-6.0, 2.0, -4.0; 38
-5.0, 2.0, -4.0; 42
-4.0, 2.0, -4.0; 9
-3.0, 2.0, -4.0; 3
-2.0, 2.0, -4.0; 2
-1.0, 2.0, -4.0; 2
0.0, 2.0, -4.0; 3
1.0, 2.0, -4.0; 10
2.0, 2.0, -4.0; 26
3.0, 2.0, -4.0; 11
4.0, 2.0, -4.0; 4
5.0, 2.0, -4.0; 4
6.0, 2.0, -4.0; 1
7.0, 2.0, -4.0; 2
8.0, 2.0, -4.0; 1
-9.0, 3.0, -4.0; 6
-8.0, 3.0, -4.0; 27
-7.0, 3.0, -4.0; 6
-6.0, 3.0, -4.0; 12
-5.0, 3.0, -4.0; 12
-4.0, 3.0, -4.0; 9
-3.0, 3.0, -4.0; 1
-1.0, 3.0, -4.0; 8
0.0, 3.0, -4.0; 547
1.0, 3.0, -4.0; 964
2.0, 3.0, -4.0; 69
3.0, 3.0, -4.0; 6
4.0, 3.0, -4.0; 8
5.0, 3.0, -4.0; 3
6.0, 3.0, -4.0; 1
7.0, 3.0, -4.0; 7
8.0, 3.0, -4.0; 1
-9.0, 4.0, -4.0; 4
-8.0, 4.0, -4.0; 30
-7.0, 4.0, -4.0; 21
-6.0, 4.0, -4.0; 4
-5.0, 4.0, -4.0; 2
-4.0, 4.0, -4.0; 5
-3.0, 4.0, -4.0; 8
-2.0, 4.0, -4.0; 12
-1.0, 4.0, -4.0; 28
0.0, 4.0, -4.0; 284
1.0, 4.0, -4.0; 414
2.0, 4.0, -4.0; 10
3.0, 4.0, -4.0; 9
4.0, 4.0, -4.0; 9
5.0, 4.0, -4.0; 2
6.0, 4.0, -4.0; 5
7.0, 4.0, -4.0; 4
8.0, 4.0, -4.0; 1
-8.0, 5.0, -4.0; 9
-7.0, 5.0, -4.0; 23
-6.0, 5.0, -4.0; 16
-5.0, 5.0, -4.0; 10
-4.0, 5.0, -4.0; 1
-3.0, 5.0, -4.0; 5
-2.0, 5.0, -4.0; 28
-1.0, 5.0, -4.0; 82
0.0, 5.0, -4.0; 51
1.0, 5.0, -4.0; 17
2.0, 5.0, -4.0; 2
3.0, 5.0, -4.0; 5
4.0, 5.0, -4.0; 2
5.0, 5.0, -4.0; 1
6.0, 5.0, -4.0; 6
7.0, 5.0, -4.0; 1
-8.0, 6.0, -4.0; 2
-7.0, 6.0, -4.0; 12
-6.0, 6.0, -4.0; 27
-5.0, 6.0, -4.0; 9
-4.0, 6.0, -4.0; 9
-3.0, 6.0, -4.0; 4
-2.0, 6.0, -4.0; 1
-1.0, 6.0, -4.0; 5
0.0, 6.0, -4.0; 5
1.0, 6.0, -4.0; 8
2.0, 6.0, -4.0; 14
3.0, 6.0, -4.0; 15
4.0, 6.0, -4.0; 4
5.0, 6.0, -4.0; 2
6.0, 6.0, -4.0; 6
-7.0, 7.0, -4.0; 1
-6.0, 7.0, -4.0; 3
-5.0, 7.0, -4.0; 13
-4.0, 7.0, -4.0; 9
-3.0, 7.0, -4.0; 3
-2.0, 7.0, -4.0; 10
-1.0, 7.0, -4.0; 14
0.0, 7.0, -4.0; 8
1.0, 7.0, -4.0; 16
2.0, 7.0, -4.0; 23
3.0, 7.0, -4.0; 12
4.0, 7.0, -4.0; 3
5.0, 7.0, -4.0; 4
-5.0, 8.0, -4.0; 1
-4.0, 8.0, -4.0; 6
-3.0, 8.0, -4.0; 11
-2.0, 8.0, -4.0; 12
-1.0, 8.0, -4.0; 18
0.0, 8.0, -4.0; 11
1.0, 8.0, -4.0; 18
2.0, 8.0, -4.0; 8
3.0, 8.0, -4.0; 3
-2.0, 9.0, -4.0; 3
-1.0, 9.0, -4.0; 8
0.0, 9.0, -4.0; 6
1.0, 9.0, -4.0; 6
-4.0, -10.0, -3.0; 1
-3.0, -10.0, -3.0; 7
-2.0, -10.0, -3.0; 7
-1.0, -10.0, -3.0; 18
0.0, -10.0, -3.0; 11
1.0, -10.0, -3.0; 12
-5.0, -9.0, -3.0; 3
-4.0, -9.0, -3.0; 4
-3.0, -9.0, -3.0; 12
-2.0, -9.0, -3.0; 14
-1.0, -9.0, -3.0; 28
0.0, -9.0, -3.0; 41
1.0, -9.0, -3.0; 13
2.0, -9.0, -3.0; 12
3.0, -9.0, -3.0; 5
4.0, -9.0, -3.0; 1
5.0, -9.0, -3.0; 1
-7.0, -8.0, -3.0; 2
-6.0, -8.0, -3.0; 15
-5.0, -8.0, -3.0; 7
-4.0, -8.0, -3.0; 18
-3.0, -8.0, -3.0; 22
-2.0, -8.0, -3.0; 26
-1.0, -8.0, -3.0; 36
0.0, -8.0, -3.0; 31
1.0, -8.0, -3.0; 11
2.0, -8.0, -3.0; 5
3.0, -8.0, -3.0; 4
4.0, -8.0, -3.0; 8
5.0, -8.0, -3.0; 6
-8.0, -7.0, -3.0; 1
-7.0, -7.0, -3.0; 32
-6.0, -7.0, -3.0; 4
-5.0, -7.0, -3.0; 4
-4.0, -7.0, -3.0; 2
-3.0, -7.0, -3.0; 2
-2.0, -7.0, -3.0; 5
-1.0, -7.0, -3.0; 6
0.0, -7.0, -3.0; 44
1.0, -7.0, -3.0; 68
2.0, -7.0, -3.0; 7
3.0, -7.0, -3.0; 4
4.0, -7.0, -3.0; 3
5.0, -7.0, -3.0; 1
6.0, -7.0, -3.0; 2
-9.0, -6.0, -3.0; 1
-8.0, -6.0, -3.0; 24
-7.0, -6.0, -3.0; 17
-6.0, -6.0, -3.0; 3
-5.0, -6.0, -3.0; 1
-4.0, -6.0, -3.0; 1
-3.0, -6.0, -3.0; 2
-2.0, -6.0, -3.0; 2
-1.0, -6.0, -3.0; 77
0.0, -6.0, -3.0; 119
1.0, -6.0, -3.0; 1164
2.0, -6.0, -3.0; 140
3.0, -6.0, -3.0; 3
4.0, -6.0, -3.0; 3
5.0, -6.0, -3.0; 8
6.0, -6.0, -3.0; 1
7.0, -6.0, -3.0; 1
-9.0, -5.0, -3.0; 16
-8.0, -5.0, -3.0; 26
-7.0, -5.0, -3.0; 8
-6.0, -5.0, -3.0; 3
-5.0, -5.0, -3.0; 3
-2.0, -5.0, -3.0; 3
-1.0, -5.0, -3.0; 28
0.0, -5.0, -3.0; 63
1.0, -5.0, -3.0; 77
2.0, -5.0, -3.0; 137
3.0, -5.0, -3.0; 15
4.0, -5.0, -3.0; 2
5.0, -5.0, -3.0; 3
6.0, -5.0, -3.0; 1
7.0, -5.0, -3.0; 1
-10.0, -4.0, -3.0; 1
-9.0, -4.0, -3.0; 14
-8.0, -4.0, -3.0; 21
-7.0, -4.0, -3.0; 4
-6.0, -4.0, -3.0; 6
-5.0, -4.0, -3.0; 26
-4.0, -4.0, -3.0; 5
-2.0, -4.0, -3.0; 2
1.0, -4.0, -3.0; 12
2.0, -4.0, -3.0; 79
3.0, -4.0, -3.0; 38
4.0, -4.0, -3.0; 7
5.0, -4.0, -3.0; 5
6.0, -4.0, -3.0; 4
9.0, -4.0, -3.0; 1
-10.0, -3.0, -3.0; 1
-9.0, -3.0, -3.0; 7
-8.0, -3.0, -3.0; 7
-7.0, -3.0, -3.0; 4
-6.0, -3.0, -3.0; 12
-5.0, -3.0, -3.0; 53
-4.0, -3.0, -3.0; 6
-3.0, -3.0, -3.0; 7
1.0, -3.0, -3.0; 1
2.0, -3.0, -3.0; 9
3.0, -3.0, -3.0; 6
4.0, -3.0, -3.0; 5
5.0, -3.0, -3.0; 5
6.0, -3.0, -3.0; 3
9.0, -3.0, -3.0; 1
-10.0, -2.0, -3.0; 6
-9.0, -2.0, -3.0; 5
-8.0, -2.0, -3.0; 12
-7.0, -2.0, -3.0; 16
-6.0, -2.0, -3.0; 14
-5.0, -2.0, -3.0; 21
-3.0, -2.0, -3.0; 1
4.0, -2.0, -3.0; 2
5.0, -2.0, -3.0; 9
6.0, -2.0, -3.0; 3
7.0, -2.0, -3.0; 2
8.0, -2.0, -3.0; 2
9.0, -2.0, -3.0; 1
-10.0, -1.0, -3.0; 2
-9.0, -1.0, -3.0; 3
-8.0, -1.0, -3.0; 24
-7.0, -1.0, -3.0; 18
-6.0, -1.0, -3.0; 5
-5.0, -1.0, -3.0; 5
-4.0, -1.0, -3.0; 1
3.0, -1.0, -3.0; 1
4.0, -1.0, -3.0; 5
5.0, -1.0, -3.0; 4
6.0, -1.0, -3.0; 4
8.0, -1.0, -3.0; 4
-10.0, 0.0, -3.0; 4
-9.0, 0.0, -3.0; 4
-8.0, 0.0, -3.0; 7
-7.0, 0.0, -3.0; 5
-6.0, 0.0, -3.0; 22
-5.0, 0.0, -3.0; 14
4.0, 0.0, -3.0; 3
5.0, 0.0, -3.0; 12
6.0, 0.0, -3.0; 8
7.0, 0.0, -3.0; 1
8.0, 0.0, -3.0; 1
-10.0, 1.0, -3.0; 2
-9.0, 1.0, -3.0; 4
-8.0, 1.0, -3.0; 5
-7.0, 1.0, -3.0; 3
-6.0, 1.0, -3.0; 46
-5.0, 1.0, -3.0; 19
3.0, 1.0, -3.0; 1
4.0, 1.0, -3.0; 2
5.0, 1.0, -3.0; 11
6.0, 1.0, -3.0; 5
7.0, 1.0, -3.0; 3
8.0, 1.0, -3.0; 3
9.0, 1.0, -3.0; 1
-9.0, 2.0, -3.0; 15
-8.0, 2.0, -3.0; 8
-7.0, 2.0, -3.0; 20
-6.0, 2.0, -3.0; 28
-5.0, 2.0, -3.0; 8
2.0, 2.0, -3.0; 1
3.0, 2.0, -3.0; 2
4.0, 2.0, -3.0; 15
5.0, 2.0, -3.0; 3
6.0, 2.0, -3.0; 1
7.0, 2.0, -3.0; 2
-9.0, 3.0, -3.0; 12
-8.0, 3.0, -3.0; 22
-7.0, 3.0, -3.0; 5
-6.0, 3.0, -3.0; 25
-5.0, 3.0, -3.0; 5
-4.0, 3.0, -3.0; 1
-3.0, 3.0, -3.0; 1
-2.0, 3.0, -3.0; 2
-1.0, 3.0, -3.0; 2
0.0, 3.0, -3.0; 2
1.0, 3.0, -3.0; 68
2.0, 3.0, -3.0; 22
3.0, 3.0, -3.0; 9
4.0, 3.0, -3.0; 3
5.0, 3.0, -3.0; 4
6.0, 3.0, -3.0; 2
7.0, 3.0, -3.0; 2
-9.0, 4.0, -3.0; 10
-8.0, 4.0, -3.0; 38
-7.0, 4.0, -3.0; 7
-6.0, 4.0, -3.0; 5
-5.0, 4.0, -3.0; 2
-4.0, 4.0, -3.0; 2
-3.0, 4.0, -3.0; 1
-2.0, 4.0, -3.0; 2
-1.0, 4.0, -3.0; 2
0.0, 4.0, -3.0; 56
1.0, 4.0, -3.0; 544
2.0, 4.0, -3.0; 64
3.0, 4.0, -3.0; 5
4.0, 4.0, -3.0; 2
5.0, 4.0, -3.0; 7
6.0, 4.0, -3.0; 3
7.0, 4.0, -3.0; 7
8.0, 4.0, -3.0; 2
-9.0, 5.0, -3.0; 1
-8.0, 5.0, -3.0; 13
-7.0, 5.0, -3.0; 24
-6.0, 5.0, -3.0; 8
-5.0, 5.0, -3.0; 3
-4.0, 5.0, -3.0; 2
-3.0, 5.0, -3.0; 4
-2.0, 5.0, -3.0; 12
-1.0, 5.0, -3.0; 35
0.0, 5.0, -3.0; 78
1.0, 5.0, -3.0; 62
2.0, 5.0, -3.0; 3
3.0, 5.0, -3.0; 7
4.0, 5.0, -3.0; 10
5.0, 5.0, -3.0; 3
6.0, 5.0, -3.0; 3
7.0, 5.0, -3.0; 7
-8.0, 6.0, -3.0; 6
-7.0, 6.0, -3.0; 31
-6.0, 6.0, -3.0; 30
-5.0, 6.0, -3.0; 8
-4.0, 6.0, -3.0; 1
-3.0, 6.0, -3.0; 2
-2.0, 6.0, -3.0; 10
-1.0, 6.0, -3.0; 37
0.0, 6.0, -3.0; 77
1.0, 6.0, -3.0; 30
2.0, 6.0, -3.0; 7
3.0, 6.0, -3.0; 11
4.0, 6.0, -3.0; 3
5.0, 6.0, -3.0; 5
6.0, 6.0, -3.0; 3
-7.0, 7.0, -3.0; 3
-6.0, 7.0, -3.0; 13
-5.0, 7.0, -3.0; 20
-4.0, 7.0, -3.0; 6
-3.0, 7.0, -3.0; 5
-1.0, 7.0, -3.0; 1
0.0, 7.0, -3.0; 2
1.0, 7.0, -3.0; 10
2.0, 7.0, -3.0; 17
3.0, 7.0, -3.0; 7
4.0, 7.0, -3.0; 4
5.0, 7.0, -3.0; 1
-6.0, 8.0, -3.0; 3
-5.0, 8.0, -3.0; 7
-4.0, 8.0, -3.0; 13
-3.0, 8.0, -3.0; 10
-2.0, 8.0, -3.0; 21
-1.0, 8.0, -3.0; 17
0.0, 8.0, -3.0; 21
1.0, 8.0, -3.0; 10
2.0, 8.0, -3.0; 18
4.0, 8.0, -3.0; 1
-4.0, 9.0, -3.0; 1
-3.0, 9.0, -3.0; 1
-2.0, 9.0, -3.0; 11
-1.0, 9.0, -3.0; 16
0.0, 9.0, -3.0; 20
1.0, 9.0, -3.0; 13
2.0, 9.0, -3.0; 5
-4.0, -10.0, -2.0; 6
-3.0, -10.0, -2.0; 14
-2.0, -10.0, -2.0; 26
-1.0, -10.0, -2.0; 19
0.0, -10.0, -2.0; 21
1.0, -10.0, -2.0; 16
-6.0, -9.0, -2.0; 3
-5.0, -9.0, -2.0; 13
-4.0, -9.0, -2.0; 8
-3.0, -9.0, -2.0; 14
-2.0, -9.0, -2.0; 16
-1.0, -9.0, -2.0; 25
0.0, -9.0, -2.0; 30
1.0, -9.0, -2.0; 15
2.0, -9.0, -2.0; 8
3.0, -9.0, -2.0; 11
4.0, -9.0, -2.0; 5
5.0, -9.0, -2.0; 1
-7.0, -8.0, -2.0; 9
-6.0, -8.0, -2.0; 10
-5.0, -8.0, -2.0; 3
-4.0, -8.0, -2.0; 6
-3.0, -8.0, -2.0; 6
-2.0, -8.0, -2.0; 5
-1.0, -8.0, -2.0; 16
0.0, -8.0, -2.0; 19
1.0, -8.0, -2.0; 5
2.0, -8.0, -2.0; 2
3.0, -8.0, -2.0; 4
4.0, -8.0, -2.0; 4
6.0, -8.0, -2.0; 2
-8.0, -7.0, -2.0; 9
-7.0, -7.0, -2.0; 49
-6.0, -7.0, -2.0; 5
-4.0, -7.0, -2.0; 1
-2.0, -7.0, -2.0; 5
-1.0, -7.0, -2.0; 24
0.0, -7.0, -2.0; 92
1.0, -7.0, -2.0; 111
2.0, -7.0, -2.0; 10
3.0, -7.0, -2.0; 1
4.0, -7.0, -2.0; 2
5.0, -7.0, -2.0; 2
6.0, -7.0, -2.0; 3
7.0, -7.0, -2.0; 1
-8.0, -6.0, -2.0; 25
-7.0, -6.0, -2.0; 15
-6.0, -6.0, -2.0; 1
-2.0, -6.0, -2.0; 1
-1.0, -6.0, -2.0; 23
0.0, -6.0, -2.0; 87
1.0, -6.0, -2.0; 917
2.0, -6.0, -2.0; 178
3.0, -6.0, -2.0; 5
4.0, -6.0, -2.0; 3
5.0, -6.0, -2.0; 3
6.0, -6.0, -2.0; 4
7.0, -6.0, -2.0; 3
-9.0, -5.0, -2.0; 22
-8.0, -5.0, -2.0; 27
-7.0, -5.0, -2.0; 5
-6.0, -5.0, -2.0; 2
-5.0, -5.0, -2.0; 3
-1.0, -5.0, -2.0; 4
0.0, -5.0, -2.0; 8
1.0, -5.0, -2.0; 18
2.0, -5.0, -2.0; 57
3.0, -5.0, -2.0; 29
4.0, -5.0, -2.0; 3
5.0, -5.0, -2.0; 4
6.0, -5.0, -2.0; 1
8.0, -5.0, -2.0; 2
-10.0, -4.0, -2.0; 2
-9.0, -4.0, -2.0; 25
-8.0, -4.0, -2.0; 13
-7.0, -4.0, -2.0; 9
-6.0, -4.0, -2.0; 6
-5.0, -4.0, -2.0; 9
1.0, -4.0, -2.0; 1
2.0, -4.0, -2.0; 23
3.0, -4.0, -2.0; 20
4.0, -4.0, -2.0; 15
5.0, -4.0, -2.0; 2
9.0, -4.0, -2.0; 1
-10.0, -3.0, -2.0; 1
-9.0, -3.0, -2.0; 8
-8.0, -3.0, -2.0; 7
-7.0, -3.0, -2.0; 7
-6.0, -3.0, -2.0; 17
-5.0, -3.0, -2.0; 24
3.0, -3.0, -2.0; 3
4.0, -3.0, -2.0; 3
5.0, -3.0, -2.0; 6
6.0, -3.0, -2.0; 2
7.0, -3.0, -2.0; 1
-10.0, -2.0, -2.0; 2
-9.0, -2.0, -2.0; 9
-8.0, -2.0, -2.0; 11
-7.0, -2.0, -2.0; 7
-6.0, -2.0, -2.0; 20
-5.0, -2.0, -2.0; 8
5.0, -2.0, -2.0; 2
6.0, -2.0, -2.0; 3
9.0, -2.0, -2.0; 2
-10.0, -1.0, -2.0; 3
-9.0, -1.0, -2.0; 6
-8.0, -1.0, -2.0; 20
-7.0, -1.0, -2.0; 5
-6.0, -1.0, -2.0; 1
-5.0, -1.0, -2.0; 3
4.0, -1.0, -2.0; 1
5.0, -1.0, -2.0; 9
6.0, -1.0, -2.0; 2
8.0, -1.0, -2.0; 3
-9.0, 0.0, -2.0; 2
-8.0, 0.0, -2.0; 8
-7.0, 0.0, -2.0; 2
-6.0, 0.0, -2.0; 29
-5.0, 0.0, -2.0; 11
4.0, 0.0, -2.0; 2
5.0, 0.0, -2.0; 4
8.0, 0.0, -2.0; 1
-10.0, 1.0, -2.0; 1
-9.0, 1.0, -2.0; 13
-8.0, 1.0, -2.0; 5
-7.0, 1.0, -2.0; 5
-6.0, 1.0, -2.0; 456
-5.0, 1.0, -2.0; 52
3.0, 1.0, -2.0; 1
4.0, 1.0, -2.0; 4
5.0, 1.0, -2.0; 4
6.0, 1.0, -2.0; 4
7.0, 1.0, -2.0; 2
8.0, 1.0, -2.0; 1
-10.0, 2.0, -2.0; 3
-9.0, 2.0, -2.0; 14
-8.0, 2.0, -2.0; 14
-7.0, 2.0, -2.0; 18
-6.0, 2.0, -2.0; 39
-5.0, 2.0, -2.0; 23
-4.0, 2.0, -2.0; 1
4.0, 2.0, -2.0; 2
5.0, 2.0, -2.0; 9
6.0, 2.0, -2.0; 4
-10.0, 3.0, -2.0; 1
-9.0, 3.0, -2.0; 17
-8.0, 3.0, -2.0; 18
-7.0, 3.0, -2.0; 7
-6.0, 3.0, -2.0; 47
-5.0, 3.0, -2.0; 4
-3.0, 3.0, -2.0; 1
0.0, 3.0, -2.0; 2
2.0, 3.0, -2.0; 4
3.0, 3.0, -2.0; 2
4.0, 3.0, -2.0; 9
5.0, 3.0, -2.0; 1
6.0, 3.0, -2.0; 1
7.0, 3.0, -2.0; 1
8.0, 3.0, -2.0; 2
-9.0, 4.0, -2.0; 10
-8.0, 4.0, -2.0; 26
-7.0, 4.0, -2.0; 3
-6.0, 4.0, -2.0; 21
-5.0, 4.0, -2.0; 26
-4.0, 4.0, -2.0; 2
-2.0, 4.0, -2.0; 1
-1.0, 4.0, -2.0; 1
0.0, 4.0, -2.0; 3
1.0, 4.0, -2.0; 199
2.0, 4.0, -2.0; 118
3.0, 4.0, -2.0; 4
4.0, 4.0, -2.0; 9
5.0, 4.0, -2.0; 4
6.0, 4.0, -2.0; 1
7.0, 4.0, -2.0; 3
-9.0, 5.0, -2.0; 5
-8.0, 5.0, -2.0; 20
-7.0, 5.0, -2.0; 22
-6.0, 5.0, -2.0; 4
-5.0, 5.0, -2.0; 5
-4.0, 5.0, -2.0; 3
-3.0, 5.0, -2.0; 2
-2.0, 5.0, -2.0; 1
-1.0, 5.0, -2.0; 4
0.0, 5.0, -2.0; 54
1.0, 5.0, -2.0; 115
2.0, 5.0, -2.0; 24
3.0, 5.0, -2.0; 2
4.0, 5.0, -2.0; 5
5.0, 5.0, -2.0; 1
6.0, 5.0, -2.0; 1
7.0, 5.0, -2.0; 4
-8.0, 6.0, -2.0; 8
-7.0, 6.0, -2.0; 23
-6.0, 6.0, -2.0; 50
-5.0, 6.0, -2.0; 11
-4.0, 6.0, -2.0; 4
-3.0, 6.0, -2.0; 4
-2.0, 6.0, -2.0; 15
-1.0, 6.0, -2.0; 48
0.0, 6.0, -2.0; 144
1.0, 6.0, -2.0; 114
2.0, 6.0, -2.0; 7
3.0, 6.0, -2.0; 8
4.0, 6.0, -2.0; 4
5.0, 6.0, -2.0; 5
6.0, 6.0, -2.0; 2
7.0, 6.0, -2.0; 1
-7.0, 7.0, -2.0; 5
-6.0, 7.0, -2.0; 13
-5.0, 7.0, -2.0; 30
-4.0, 7.0, -2.0; 13
-3.0, 7.0, -2.0; 6
-2.0, 7.0, -2.0; 4
-1.0, 7.0, -2.0; 3
0.0, 7.0, -2.0; 10
1.0, 7.0, -2.0; 6
2.0, 7.0, -2.0; 16
3.0, 7.0, -2.0; 8
4.0, 7.0, -2.0; 3
-6.0, 8.0, -2.0; 4
-5.0, 8.0, -2.0; 10
-4.0, 8.0, -2.0; 20
-3.0, 8.0, -2.0; 15
-2.0, 8.0, -2.0; 18
-1.0, 8.0, -2.0; 11
0.0, 8.0, -2.0; 14
1.0, 8.0, -2.0; 14
2.0, 8.0, -2.0; 14
3.0, 8.0, -2.0; 5
-4.0, 9.0, -2.0; 3
-3.0, 9.0, -2.0; 6
-2.0, 9.0, -2.0; 12
-1.0, 9.0, -2.0; 19
0.0, 9.0, -2.0; 20
1.0, 9.0, -2.0; 17
2.0, 9.0, -2.0; 11
3.0, 9.0, -2.0; 1
-5.0, -10.0, -1.0; 1
-4.0, -10.0, -1.0; 17
-3.0, -10.0, -1.0; 11
-2.0, -10.0, -1.0; 23
-1.0, -10.0, -1.0; 22
0.0, -10.0, -1.0; 29
1.0, -10.0, -1.0; 21
2.0, -10.0, -1.0; 4
3.0, -10.0, -1.0; 5
-6.0, -9.0, -1.0; 11
-5.0, -9.0, -1.0; 22
-4.0, -9.0, -1.0; 9
-3.0, -9.0, -1.0; 8
-2.0, -9.0, -1.0; 7
-1.0, -9.0, -1.0; 13
0.0, -9.0, -1.0; 24
1.0, -9.0, -1.0; 12
2.0, -9.0, -1.0; 8
3.0, -9.0, -1.0; 6
4.0, -9.0, -1.0; 1
5.0, -9.0, -1.0; 2
-8.0, -8.0, -1.0; 1
-7.0, -8.0, -1.0; 15
-6.0, -8.0, -1.0; 15
-5.0, -8.0, -1.0; 8
-4.0, -8.0, -1.0; 2
-3.0, -8.0, -1.0; 4
-2.0, -8.0, -1.0; 13
-1.0, -8.0, -1.0; 57
0.0, -8.0, -1.0; 21
1.0, -8.0, -1.0; 5
2.0, -8.0, -1.0; 1
3.0, -8.0, -1.0; 4
4.0, -8.0, -1.0; 5
5.0, -8.0, -1.0; 3
6.0, -8.0, -1.0; 1
-8.0, -7.0, -1.0; 16
-7.0, -7.0, -1.0; 22
-6.0, -7.0, -1.0; 5
-5.0, -7.0, -1.0; 1
-4.0, -7.0, -1.0; 1
-3.0, -7.0, -1.0; 5
-2.0, -7.0, -1.0; 15
-1.0, -7.0, -1.0; 107
0.0, -7.0, -1.0; 182
1.0, -7.0, -1.0; 106
2.0, -7.0, -1.0; 11
3.0, -7.0, -1.0; 10
4.0, -7.0, -1.0; 7
5.0, -7.0, -1.0; 3
6.0, -7.0, -1.0; 5
7.0, -7.0, -1.0; 2
-9.0, -6.0, -1.0; 3
-8.0, -6.0, -1.0; 23
-7.0, -6.0, -1.0; 15
-6.0, -6.0, -1.0; 3
-5.0, -6.0, -1.0; 2
-3.0, -6.0, -1.0; 6
-2.0, -6.0, -1.0; 5
-1.0, -6.0, -1.0; 17
0.0, -6.0, -1.0; 59
1.0, -6.0, -1.0; 97
2.0, -6.0, -1.0; 48
3.0, -6.0, -1.0; 8
4.0, -6.0, -1.0; 5
5.0, -6.0, -1.0; 6
6.0, -6.0, -1.0; 6
-9.0, -5.0, -1.0; 23
-8.0, -5.0, -1.0; 22
-7.0, -5.0, -1.0; 5
-6.0, -5.0, -1.0; 15
-5.0, -5.0, -1.0; 3
-1.0, -5.0, -1.0; 1
0.0, -5.0, -1.0; 2
1.0, -5.0, -1.0; 4
2.0, -5.0, -1.0; 42
3.0, -5.0, -1.0; 17
4.0, -5.0, -1.0; 7
5.0, -5.0, -1.0; 5
6.0, -5.0, -1.0; 5
7.0, -5.0, -1.0; 1
8.0, -5.0, -1.0; 1
-10.0, -4.0, -1.0; 3
-9.0, -4.0, -1.0; 25
-8.0, -4.0, -1.0; 16
-7.0, -4.0, -1.0; 13
-6.0, -4.0, -1.0; 6
-5.0, -4.0, -1.0; 6
1.0, -4.0, -1.0; 2
2.0, -4.0, -1.0; 8
3.0, -4.0, -1.0; 9
4.0, -4.0, -1.0; 4
5.0, -4.0, -1.0; 4
7.0, -4.0, -1.0; 1
9.0, -4.0, -1.0; 1
-10.0, -3.0, -1.0; 4
-9.0, -3.0, -1.0; 20
-8.0, -3.0, -1.0; 13
-7.0, -3.0, -1.0; 3
-6.0, -3.0, -1.0; 17
-5.0, -3.0, -1.0; 19
3.0, -3.0, -1.0; 2
5.0, -3.0, -1.0; 2
6.0, -3.0, -1.0; 3
8.0, -3.0, -1.0; 2
9.0, -3.0, -1.0; 3
-10.0, -2.0, -1.0; 4
-9.0, -2.0, -1.0; 9
-8.0, -2.0, -1.0; 5
-7.0, -2.0, -1.0; 9
-6.0, -2.0, -1.0; 9
-5.0, -2.0, -1.0; 3
4.0, -2.0, -1.0; 2
5.0, -2.0, -1.0; 1
6.0, -2.0, -1.0; 4
8.0, -2.0, -1.0; 2
-10.0, -1.0, -1.0; 6
-9.0, -1.0, -1.0; 6
-8.0, -1.0, -1.0; 9
-7.0, -1.0, -1.0; 9
-6.0, -1.0, -1.0; 5
-5.0, -1.0, -1.0; 3
5.0, -1.0, -1.0; 1
6.0, -1.0, -1.0; 2
7.0, -1.0, -1.0; 3
9.0, -1.0, -1.0; 1
-10.0, 0.0, -1.0; 2
-9.0, 0.0, -1.0; 6
-8.0, 0.0, -1.0; 5
-7.0, 0.0, -1.0; 1
-6.0, 0.0, -1.0; 22
-5.0, 0.0, -1.0; 2
4.0, 0.0, -1.0; 2
5.0, 0.0, -1.0; 2
6.0, 0.0, -1.0; 5
7.0, 0.0, -1.0; 2
9.0, 0.0, -1.0; 1
-10.0, 1.0, -1.0; 2
-9.0, 1.0, -1.0; 10
-8.0, 1.0, -1.0; 5
-7.0, 1.0, -1.0; 3
-6.0, 1.0, -1.0; 1265
-5.0, 1.0, -1.0; 93
4.0, 1.0, -1.0; 2
5.0, 1.0, -1.0; 5
6.0, 1.0, -1.0; 1
7.0, 1.0, -1.0; 2
-10.0, 2.0, -1.0; 4
-9.0, 2.0, -1.0; 10
-8.0, 2.0, -1.0; 4
-7.0, 2.0, -1.0; 7
-6.0, 2.0, -1.0; 113
-5.0, 2.0, -1.0; 83
-4.0, 2.0, -1.0; 1
3.0, 2.0, -1.0; 1
4.0, 2.0, -1.0; 2
5.0, 2.0, -1.0; 5
6.0, 2.0, -1.0; 4
7.0, 2.0, -1.0; 3
8.0, 2.0, -1.0; 1
-9.0, 3.0, -1.0; 18
-8.0, 3.0, -1.0; 22
-7.0, 3.0, -1.0; 14
-6.0, 3.0, -1.0; 35
-5.0, 3.0, -1.0; 8
2.0, 3.0, -1.0; 1
3.0, 3.0, -1.0; 4
4.0, 3.0, -1.0; 6
5.0, 3.0, -1.0; 1
6.0, 3.0, -1.0; 5
7.0, 3.0, -1.0; 1
8.0, 3.0, -1.0; 1
-9.0, 4.0, -1.0; 15
-8.0, 4.0, -1.0; 27
-7.0, 4.0, -1.0; 13
-6.0, 4.0, -1.0; 43
-5.0, 4.0, -1.0; 80
-3.0, 4.0, -1.0; 2
-1.0, 4.0, -1.0; 1
0.0, 4.0, -1.0; 2
1.0, 4.0, -1.0; 37
2.0, 4.0, -1.0; 86
3.0, 4.0, -1.0; 4
4.0, 4.0, -1.0; 8
5.0, 4.0, -1.0; 7
6.0, 4.0, -1.0; 1
7.0, 4.0, -1.0; 3
8.0, 4.0, -1.0; 1
-9.0, 5.0, -1.0; 7
-8.0, 5.0, -1.0; 22
-7.0, 5.0, -1.0; 25
-6.0, 5.0, -1.0; 5
-5.0, 5.0, -1.0; 28
-4.0, 5.0, -1.0; 50
-3.0, 5.0, -1.0; 9
-2.0, 5.0, -1.0; 1
-1.0, 5.0, -1.0; 6
0.0, 5.0, -1.0; 39
1.0, 5.0, -1.0; 206
2.0, 5.0, -1.0; 59
3.0, 5.0, -1.0; 3
4.0, 5.0, -1.0; 4
5.0, 5.0, -1.0; 1
6.0, 5.0, -1.0; 5
7.0, 5.0, -1.0; 5
-8.0, 6.0, -1.0; 9
-7.0, 6.0, -1.0; 70
-6.0, 6.0, -1.0; 399
-5.0, 6.0, -1.0; 35
-4.0, 6.0, -1.0; 4
-3.0, 6.0, -1.0; 7
-2.0, 6.0, -1.0; 32
-1.0, 6.0, -1.0; 82
0.0, 6.0, -1.0; 191
1.0, 6.0, -1.0; 166
2.0, 6.0, -1.0; 4
3.0, 6.0, -1.0; 7
4.0, 6.0, -1.0; 4
5.0, 6.0, -1.0; 4
7.0, 6.0, -1.0; 3
-7.0, 7.0, -1.0; 10
-6.0, 7.0, -1.0; 52
-5.0, 7.0, -1.0; 93
-4.0, 7.0, -1.0; 18
-3.0, 7.0, -1.0; 8
-2.0, 7.0, -1.0; 4
-1.0, 7.0, -1.0; 27
0.0, 7.0, -1.0; 69
1.0, 7.0, -1.0; 6
2.0, 7.0, -1.0; 19
3.0, 7.0, -1.0; 14
4.0, 7.0, -1.0; 4
6.0, 7.0, -1.0; 2
-6.0, 8.0, -1.0; 2
-5.0, 8.0, -1.0; 15
-4.0, 8.0, -1.0; 13
-3.0, 8.0, -1.0; 13
-2.0, 8.0, -1.0; 6
-1.0, 8.0, -1.0; 13
0.0, 8.0, -1.0; 8
1.0, 8.0, -1.0; 22
2.0, 8.0, -1.0; 11
3.0, 8.0, -1.0; 4
4.0, 8.0, -1.0; 2
5.0, 8.0, -1.0; 1
-5.0, 9.0, -1.0; 2
-4.0, 9.0, -1.0; 8
-3.0, 9.0, -1.0; 10
-2.0, 9.0, -1.0; 14
-1.0, 9.0, -1.0; 18
0.0, 9.0, -1.0; 18
1.0, 9.0, -1.0; 20
2.0, 9.0, -1.0; 12
-5.0, -10.0, 0.0; 2
-4.0, -10.0, 0.0; 17
-3.0, -10.0, 0.0; 25
-2.0, -10.0, 0.0; 26
-1.0, -10.0, 0.0; 25
0.0, -10.0, 0.0; 17
1.0, -10.0, 0.0; 7
2.0, -10.0, 0.0; 4
-6.0, -9.0, 0.0; 15
-5.0, -9.0, 0.0; 35
-4.0, -9.0, 0.0; 15
-3.0, -9.0, 0.0; 13
-2.0, -9.0, 0.0; 11
-1.0, -9.0, 0.0; 13
0.0, -9.0, 0.0; 12
1.0, -9.0, 0.0; 9
2.0, -9.0, 0.0; 7
3.0, -9.0, 0.0; 3
4.0, -9.0, 0.0; 3
-7.0, -8.0, 0.0; 21
-6.0, -8.0, 0.0; 19
-5.0, -8.0, 0.0; 5
-4.0, -8.0, 0.0; 2
-3.0, -8.0, 0.0; 5
-2.0, -8.0, 0.0; 32
-1.0, -8.0, 0.0; 42
0.0, -8.0, 0.0; 12
1.0, -8.0, 0.0; 9
2.0, -8.0, 0.0; 7
3.0, -8.0, 0.0; 9
4.0, -8.0, 0.0; 4
6.0, -8.0, 0.0; 1
-8.0, -7.0, 0.0; 9
-7.0, -7.0, 0.0; 22
-6.0, -7.0, 0.0; 6
-5.0, -7.0, 0.0; 3
-4.0, -7.0, 0.0; 16
-3.0, -7.0, 0.0; 49
-2.0, -7.0, 0.0; 107
-1.0, -7.0, 0.0; 220
0.0, -7.0, 0.0; 170
1.0, -7.0, 0.0; 39
2.0, -7.0, 0.0; 6
3.0, -7.0, 0.0; 6
4.0, -7.0, 0.0; 5
5.0, -7.0, 0.0; 2
6.0, -7.0, 0.0; 2
7.0, -7.0, 0.0; 2
-9.0, -6.0, 0.0; 4
-8.0, -6.0, 0.0; 24
-7.0, -6.0, 0.0; 11
-6.0, -6.0, 0.0; 4
-5.0, -6.0, 0.0; 27
-4.0, -6.0, 0.0; 10
-3.0, -6.0, 0.0; 29
-2.0, -6.0, 0.0; 42
-1.0, -6.0, 0.0; 31
0.0, -6.0, 0.0; 24
1.0, -6.0, 0.0; 46
2.0, -6.0, 0.0; 38
3.0, -6.0, 0.0; 9
4.0, -6.0, 0.0; 2
5.0, -6.0, 0.0; 5
6.0, -6.0, 0.0; 2
7.0, -6.0, 0.0; 1
-10.0, -5.0, 0.0; 1
-9.0, -5.0, 0.0; 4
-8.0, -5.0, 0.0; 30
-7.0, -5.0, 0.0; 9
-6.0, -5.0, 0.0; 60
-5.0, -5.0, 0.0; 4
-4.0, -5.0, 0.0; 9
-3.0, -5.0, 0.0; 11
-2.0, -5.0, 0.0; 1
-1.0, -5.0, 0.0; 3
1.0, -5.0, 0.0; 2
2.0, -5.0, 0.0; 30
3.0, -5.0, 0.0; 13
4.0, -5.0, 0.0; 7
5.0, -5.0, 0.0; 6
6.0, -5.0, 0.0; 1
8.0, -5.0, 0.0; 1
-10.0, -4.0, 0.0; 2
-9.0, -4.0, 0.0; 23
-8.0, -4.0, 0.0; 18
-7.0, -4.0, 0.0; 14
-6.0, -4.0, 0.0; 31
-5.0, -4.0, 0.0; 9
-4.0, -4.0, 0.0; 1
1.0, -4.0, 0.0; 1
2.0, -4.0, 0.0; 3
3.0, -4.0, 0.0; 7
4.0, -4.0, 0.0; 1
5.0, -4.0, 0.0; 2
6.0, -4.0, 0.0; 3
7.0, -4.0, 0.0; 2
-10.0, -3.0, 0.0; 1
-9.0, -3.0, 0.0; 15
-8.0, -3.0, 0.0; 14
-7.0, -3.0, 0.0; 4
-6.0, -3.0, 0.0; 8
-5.0, -3.0, 0.0; 10
3.0, -3.0, 0.0; 3
5.0, -3.0, 0.0; 1
7.0, -3.0, 0.0; 2
8.0, -3.0, 0.0; 1
-10.0, -2.0, 0.0; 6
-9.0, -2.0, 0.0; 9
-8.0, -2.0, 0.0; 17
-7.0, -2.0, 0.0; 9
-6.0, -2.0, 0.0; 4
5.0, -2.0, 0.0; 1
7.0, -2.0, 0.0; 1
8.0, -2.0, 0.0; 1
9.0, -2.0, 0.0; 1
-10.0, -1.0, 0.0; 8
-9.0, -1.0, 0.0; 8
-8.0, -1.0, 0.0; 13
-7.0, -1.0, 0.0; 9
-6.0, -1.0, 0.0; 6
-5.0, -1.0, 0.0; 2
4.0, -1.0, 0.0; 3
5.0, -1.0, 0.0; 1
6.0, -1.0, 0.0; 1
-9.0, 0.0, 0.0; 7
-8.0, 0.0, 0.0; 11
-7.0, 0.0, 0.0; 9
-6.0, 0.0, 0.0; 9
-5.0, 0.0, 0.0; 6
5.0
16.4366765259
