5.0, 0.0, 0.0; 2
6.0, 0.0, 0.0; 2
7.0, 0.0, 0.0; 1
8.0, 0.0, 0.0; 1
-10.0, 1.0, 0.0; 1
-9.0, 1.0, 0.0; 6
-8.0, 1.0, 0.0; 7
-7.0, 1.0, 0.0; 3
-6.0, 1.0, 0.0; 190
-5.0, 1.0, 0.0; 86
5.0, 1.0, 0.0; 1
6.0, 1.0, 0.0; 1
-10.0, 2.0, 0.0; 3
-9.0, 2.0, 0.0; 8
-8.0, 2.0, 0.0; 12
-7.0, 2.0, 0.0; 6
-6.0, 2.0, 0.0; 54
-5.0, 2.0, 0.0; 144
4.0, 2.0, 0.0; 1
5.0, 2.0, 0.0; 2
6.0, 2.0, 0.0; 2
-10.0, 3.0, 0.0; 1
-9.0, 3.0, 0.0; 9
-8.0, 3.0, 0.0; 15
-7.0, 3.0, 0.0; 6
-6.0, 3.0, 0.0; 30
-5.0, 3.0, 0.0; 59
-2.0, 3.0, 0.0; 1
3.0, 3.0, 0.0; 2
4.0, 3.0, 0.0; 7
5.0, 3.0, 0.0; 4
7.0, 3.0, 0.0; 3
-9.0, 4.0, 0.0; 8
-8.0, 4.0, 0.0; 17
-7.0, 4.0, 0.0; 8
-6.0, 4.0, 0.0; 16
-5.0, 4.0, 0.0; 57
-4.0, 4.0, 0.0; 17
-3.0, 4.0, 0.0; 1
-1.0, 4.0, 0.0; 2
1.0, 4.0, 0.0; 1
2.0, 4.0, 0.0; 12
3.0, 4.0, 0.0; 3
4.0, 4.0, 0.0; 9
5.0, 4.0, 0.0; 5
6.0, 4.0, 0.0; 1
7.0, 4.0, 0.0; 2
8.0, 4.0, 0.0; 1
-8.0, 5.0, 0.0; 13
-7.0, 5.0, 0.0; 29
-6.0, 5.0, 0.0; 9
-5.0, 5.0, 0.0; 22
-4.0, 5.0, 0.0; 61
-3.0, 5.0, 0.0; 61
-2.0, 5.0, 0.0; 19
-1.0, 5.0, 0.0; 19
0.0, 5.0, 0.0; 28
1.0, 5.0, 0.0; 49
2.0, 5.0, 0.0; 12
3.0, 5.0, 0.0; 16
4.0, 5.0, 0.0; 14
5.0, 5.0, 0.0; 2
6.0, 5.0, 0.0; 1
-8.0, 6.0, 0.0; 15
-7.0, 6.0, 0.0; 100
-6.0, 6.0, 0.0; 1212
-5.0, 6.0, 0.0; 212
-4.0, 6.0, 0.0; 15
-3.0, 6.0, 0.0; 18
-2.0, 6.0, 0.0; 72
-1.0, 6.0, 0.0; 120
0.0, 6.0, 0.0; 115
1.0, 6.0, 0.0; 31
2.0, 6.0, 0.0; 6
3.0, 6.0, 0.0; 16
4.0, 6.0, 0.0; 3
5.0, 6.0, 0.0; 2
6.0, 6.0, 0.0; 4
-8.0, 7.0, 0.0; 1
-7.0, 7.0, 0.0; 3
-6.0, 7.0, 0.0; 55
-5.0, 7.0, 0.0; 116
-4.0, 7.0, 0.0; 14
-3.0, 7.0, 0.0; 10
-2.0, 7.0, 0.0; 29
-1.0, 7.0, 0.0; 90
0.0, 7.0, 0.0; 43
1.0, 7.0, 0.0; 10
2.0, 7.0, 0.0; 7
3.0, 7.0, 0.0; 7
4.0, 7.0, 0.0; 2
5.0, 7.0, 0.0; 1
6.0, 7.0, 0.0; 2
-6.0, 8.0, 0.0; 3
-5.0, 8.0, 0.0; 12
-4.0, 8.0, 0.0; 13
-3.0, 8.0, 0.0; 16
-2.0, 8.0, 0.0; 15
-1.0, 8.0, 0.0; 17
0.0, 8.0, 0.0; 20
1.0, 8.0, 0.0; 21
2.0, 8.0, 0.0; 15
3.0, 8.0, 0.0; 7
4.0, 8.0, 0.0; 1
5.0, 8.0, 0.0; 1
-4.0, 9.0, 0.0; 5
-3.0, 9.0, 0.0; 20
-2.0, 9.0, 0.0; 45
-1.0, 9.0, 0.0; 53
0.0, 9.0, 0.0; 46
1.0, 9.0, 0.0; 31
2.0, 9.0, 0.0; 10
-5.0, -10.0, 1.0; 1
-4.0, -10.0, 1.0; 7
-3.0, -10.0, 1.0; 14
-2.0, -10.0, 1.0; 12
-1.0, -10.0, 1.0; 25
0.0, -10.0, 1.0; 21
1.0, -10.0, 1.0; 9
2.0, -10.0, 1.0; 3
3.0, -10.0, 1.0; 2
-6.0, -9.0, 1.0; 3
-5.0, -9.0, 1.0; 11
-4.0, -9.0, 1.0; 29
-3.0, -9.0, 1.0; 25
-2.0, -9.0, 1.0; 24
-1.0, -9.0, 1.0; 13
0.0, -9.0, 1.0; 21
1.0, -9.0, 1.0; 8
2.0, -9.0, 1.0; 6
3.0, -9.0, 1.0; 3
4.0, -9.0, 1.0; 2
-7.0, -8.0, 1.0; 7
-6.0, -8.0, 1.0; 27
-5.0, -8.0, 1.0; 20
-4.0, -8.0, 1.0; 10
-3.0, -8.0, 1.0; 1
-2.0, -8.0, 1.0; 4
-1.0, -8.0, 1.0; 3
0.0, -8.0, 1.0; 6
1.0, -8.0, 1.0; 5
2.0, -8.0, 1.0; 8
3.0, -8.0, 1.0; 1
4.0, -8.0, 1.0; 3
-8.0, -7.0, 1.0; 5
-7.0, -7.0, 1.0; 33
-6.0, -7.0, 1.0; 26
-5.0, -7.0, 1.0; 3
-4.0, -7.0, 1.0; 97
-3.0, -7.0, 1.0; 240
-2.0, -7.0, 1.0; 230
-1.0, -7.0, 1.0; 208
0.0, -7.0, 1.0; 60
1.0, -7.0, 1.0; 13
2.0, -7.0, 1.0; 23
3.0, -7.0, 1.0; 4
4.0, -7.0, 1.0; 1
5.0, -7.0, 1.0; 2
6.0, -7.0, 1.0; 3
-9.0, -6.0, 1.0; 1
-8.0, -6.0, 1.0; 33
-7.0, -6.0, 1.0; 36
-6.0, -6.0, 1.0; 7
-5.0, -6.0, 1.0; 162
-4.0, -6.0, 1.0; 192
-3.0, -6.0, 1.0; 83
-2.0, -6.0, 1.0; 64
-1.0, -6.0, 1.0; 81
0.0, -6.0, 1.0; 74
1.0, -6.0, 1.0; 34
2.0, -6.0, 1.0; 29
3.0, -6.0, 1.0; 16
4.0, -6.0, 1.0; 7
5.0, -6.0, 1.0; 1
-9.0, -5.0, 1.0; 8
-8.0, -5.0, 1.0; 29
-7.0, -5.0, 1.0; 16
-6.0, -5.0, 1.0; 59
-5.0, -5.0, 1.0; 101
-4.0, -5.0, 1.0; 1
-3.0, -5.0, 1.0; 7
-2.0, -5.0, 1.0; 3
-1.0, -5.0, 1.0; 4
0.0, -5.0, 1.0; 1
1.0, -5.0, 1.0; 4
2.0, -5.0, 1.0; 9
3.0, -5.0, 1.0; 7
4.0, -5.0, 1.0; 1
6.0, -5.0, 1.0; 3
7.0, -5.0, 1.0; 2
-9.0, -4.0, 1.0; 9
-8.0, -4.0, 1.0; 36
-7.0, -4.0, 1.0; 9
-6.0, -4.0, 1.0; 66
-5.0, -4.0, 1.0; 18
-4.0, -4.0, 1.0; 3
-3.0, -4.0, 1.0; 1
0.0, -4.0, 1.0; 1
2.0, -4.0, 1.0; 1
4.0, -4.0, 1.0; 2
5.0, -4.0, 1.0; 5
7.0, -4.0, 1.0; 6
8.0, -4.0, 1.0; 1
-10.0, -3.0, 1.0; 5
-9.0, -3.0, 1.0; 8
-8.0, -3.0, 1.0; 24
-7.0, -3.0, 1.0; 4
-6.0, -3.0, 1.0; 9
4.0, -3.0, 1.0; 1
5.0, -3.0, 1.0; 1
6.0, -3.0, 1.0; 2
-10.0, -2.0, 1.0; 4
-9.0, -2.0, 1.0; 7
-8.0, -2.0, 1.0; 14
-7.0, -2.0, 1.0; 12
-6.0, -2.0, 1.0; 4
-5.0, -2.0, 1.0; 4
3.0, -2.0, 1.0; 1
4.0, -2.0, 1.0; 1
5.0, -2.0, 1.0; 1
6.0, -2.0, 1.0; 1
-10.0, -1.0, 1.0; 6
-9.0, -1.0, 1.0; 6
-8.0, -1.0, 1.0; 11
-7.0, -1.0, 1.0; 18
-6.0, -1.0, 1.0; 17
-5.0, -1.0, 1.0; 7
-4.0, -1.0, 1.0; 2
7.0, -1.0, 1.0; 1
8.0, -1.0, 1.0; 1
-10.0, 0.0, 1.0; 3
-9.0, 0.0, 1.0; 4
-8.0, 0.0, 1.0; 8
-7.0, 0.0, 1.0; 18
-6.0, 0.0, 1.0; 21
-5.0, 0.0, 1.0; 17
6.0, 0.0, 1.0; 2
-10.0, 1.0, 1.0; 6
-9.0, 1.0, 1.0; 9
-8.0, 1.0, 1.0; 9
-7.0, 1.0, 1.0; 5
-6.0, 1.0, 1.0; 20
-5.0, 1.0, 1.0; 41
-4.0, 1.0, 1.0; 2
4.0, 1.0, 1.0; 1
5.0, 1.0, 1.0; 2
9.0, 1.0, 1.0; 1
-10.0, 2.0, 1.0; 1
-9.0, 2.0, 1.0; 5
-8.0, 2.0, 1.0; 8
-7.0, 2.0, 1.0; 2
-6.0, 2.0, 1.0; 10
-5.0, 2.0, 1.0; 108
-4.0, 2.0, 1.0; 8
3.0, 2.0, 1.0; 3
4.0, 2.0, 1.0; 3
5.0, 2.0, 1.0; 4
-9.0, 3.0, 1.0; 4
-8.0, 3.0, 1.0; 15
-7.0, 3.0, 1.0; 7
-6.0, 3.0, 1.0; 8
-5.0, 3.0, 1.0; 35
-4.0, 3.0, 1.0; 34
-3.0, 3.0, 1.0; 1
1.0, 3.0, 1.0; 1
3.0, 3.0, 1.0; 2
4.0, 3.0, 1.0; 5
5.0, 3.0, 1.0; 1
6.0, 3.0, 1.0; 2
8.0, 3.0, 1.0; 1
-9.0, 4.0, 1.0; 3
-8.0, 4.0, 1.0; 13
-7.0, 4.0, 1.0; 15
-6.0, 4.0, 1.0; 11
-5.0, 4.0, 1.0; 19
-4.0, 4.0, 1.0; 65
-3.0, 4.0, 1.0; 25
-2.0, 4.0, 1.0; 4
0.0, 4.0, 1.0; 4
1.0, 4.0, 1.0; 7
2.0, 4.0, 1.0; 3
3.0, 4.0, 1.0; 7
4.0, 4.0, 1.0; 7
5.0, 4.0, 1.0; 1
6.0, 4.0, 1.0; 3
7.0, 4.0, 1.0; 1
8.0, 4.0, 1.0; 1
-9.0, 5.0, 1.0; 2
-8.0, 5.0, 1.0; 14
-7.0, 5.0, 1.0; 10
-6.0, 5.0, 1.0; 11
-5.0, 5.0, 1.0; 15
-4.0, 5.0, 1.0; 113
-3.0, 5.0, 1.0; 1932
-2.0, 5.0, 1.0; 619
-1.0, 5.0, 1.0; 34
0.0, 5.0, 1.0; 41
1.0, 5.0, 1.0; 25
2.0, 5.0, 1.0; 8
3.0, 5.0, 1.0; 22
4.0, 5.0, 1.0; 8
5.0, 5.0, 1.0; 2
6.0, 5.0, 1.0; 1
7.0, 5.0, 1.0; 2
-8.0, 6.0, 1.0; 4
-7.0, 6.0, 1.0; 20
-6.0, 6.0, 1.0; 97
-5.0, 6.0, 1.0; 50
-4.0, 6.0, 1.0; 34
-3.0, 6.0, 1.0; 46
-2.0, 6.0, 1.0; 53
-1.0, 6.0, 1.0; 40
0.0, 6.0, 1.0; 14
1.0, 6.0, 1.0; 3
2.0, 6.0, 1.0; 6
3.0, 6.0, 1.0; 7
4.0, 6.0, 1.0; 4
5.0, 6.0, 1.0; 6
6.0, 6.0, 1.0; 2
-7.0, 7.0, 1.0; 3
-6.0, 7.0, 1.0; 17
-5.0, 7.0, 1.0; 41
-4.0, 7.0, 1.0; 7
-3.0, 7.0, 1.0; 4
-2.0, 7.0, 1.0; 9
-1.0, 7.0, 1.0; 13
0.0, 7.0, 1.0; 3
1.0, 7.0, 1.0; 13
2.0, 7.0, 1.0; 9
3.0, 7.0, 1.0; 6
4.0, 7.0, 1.0; 1
6.0, 7.0, 1.0; 1
-6.0, 8.0, 1.0; 1
-5.0, 8.0, 1.0; 12
-4.0, 8.0, 1.0; 18
-3.0, 8.0, 1.0; 12
-2.0, 8.0, 1.0; 13
-1.0, 8.0, 1.0; 17
0.0, 8.0, 1.0; 20
1.0, 8.0, 1.0; 18
2.0, 8.0, 1.0; 14
3.0, 8.0, 1.0; 9
4.0, 8.0, 1.0; 1
5.0, 8.0, 1.0; 1
-4.0, 9.0, 1.0; 9
-3.0, 9.0, 1.0; 20
-2.0, 9.0, 1.0; 29
-1.0, 9.0, 1.0; 38
0.0, 9.0, 1.0; 44
1.0, 9.0, 1.0; 14
2.0, 9.0, 1.0; 7
3.0, 9.0, 1.0; 2
-4.0, -10.0, 2.0; 3
-3.0, -10.0, 2.0; 6
-2.0, -10.0, 2.0; 11
-1.0, -10.0, 2.0; 10
0.0, -10.0, 2.0; 6
1.0, -10.0, 2.0; 1
-5.0, -9.0, 2.0; 7
-4.0, -9.0, 2.0; 20
-3.0, -9.0, 2.0; 31
-2.0, -9.0, 2.0; 35
-1.0, -9.0, 2.0; 21
0.0, -9.0, 2.0; 17
1.0, -9.0, 2.0; 11
2.0, -9.0, 2.0; 4
3.0, -9.0, 2.0; 3
4.0, -9.0, 2.0; 5
-7.0, -8.0, 2.0; 7
-6.0, -8.0, 2.0; 26
-5.0, -8.0, 2.0; 29
-4.0, -8.0, 2.0; 34
-3.0, -8.0, 2.0; 14
-2.0, -8.0, 2.0; 13
-1.0, -8.0, 2.0; 17
0.0, -8.0, 2.0; 11
1.0, -8.0, 2.0; 11
2.0, -8.0, 2.0; 6
3.0, -8.0, 2.0; 2
5.0, -8.0, 2.0; 3
6.0, -8.0, 2.0; 1
-8.0, -7.0, 2.0; 1
-7.0, -7.0, 2.0; 14
-6.0, -7.0, 2.0; 43
-5.0, -7.0, 2.0; 26
-3.0, -7.0, 2.0; 23
-2.0, -7.0, 2.0; 23
-1.0, -7.0, 2.0; 14
0.0, -7.0, 2.0; 14
1.0, -7.0, 2.0; 19
2.0, -7.0, 2.0; 15
3.0, -7.0, 2.0; 2
4.0, -7.0, 2.0; 2
6.0, -7.0, 2.0; 2
-9.0, -6.0, 2.0; 1
-8.0, -6.0, 2.0; 6
-7.0, -6.0, 2.0; 39
-6.0, -6.0, 2.0; 17
-5.0, -6.0, 2.0; 8
-4.0, -6.0, 2.0; 95
-3.0, -6.0, 2.0; 143
-2.0, -6.0, 2.0; 93
-1.0, -6.0, 2.0; 31
0.0, -6.0, 2.0; 15
1.0, -6.0, 2.0; 23
2.0, -6.0, 2.0; 23
3.0, -6.0, 2.0; 8
4.0, -6.0, 2.0; 1
5.0, -6.0, 2.0; 1
6.0, -6.0, 2.0; 2
-8.0, -5.0, 2.0; 17
-7.0, -5.0, 2.0; 31
-6.0, -5.0, 2.0; 6
-5.0, -5.0, 2.0; 64
-4.0, -5.0, 2.0; 80
-3.0, -5.0, 2.0; 21
-2.0, -5.0, 2.0; 2
-1.0, -5.0, 2.0; 6
0.0, -5.0, 2.0; 5
1.0, -5.0, 2.0; 8
2.0, -5.0, 2.0; 14
3.0, -5.0, 2.0; 4
4.0, -5.0, 2.0; 1
6.0, -5.0, 2.0; 2
7.0, -5.0, 2.0; 2
8.0, -5.0, 2.0; 1
-9.0, -4.0, 2.0; 3
-8.0, -4.0, 2.0; 14
-7.0, -4.0, 2.0; 20
-6.0, -4.0, 2.0; 6
-5.0, -4.0, 2.0; 31
-4.0, -4.0, 2.0; 5
-3.0, -4.0, 2.0; 2
1.0, -4.0, 2.0; 2
2.0, -4.0, 2.0; 2
4.0, -4.0, 2.0; 3
7.0, -4.0, 2.0; 3
-10.0, -3.0, 2.0; 1
-9.0, -3.0, 2.0; 5
-8.0, -3.0, 2.0; 12
-7.0, -3.0, 2.0; 16
-6.0, -3.0, 2.0; 3
-5.0, -3.0, 2.0; 6
-4.0, -3.0, 2.0; 1
2.0, -3.0, 2.0; 3
3.0, -3.0, 2.0; 1
4.0, -3.0, 2.0; 1
5.0, -3.0, 2.0; 1
8.0, -3.0, 2.0; 1
-10.0, -2.0, 2.0; 2
-9.0, -2.0, 2.0; 4
-8.0, -2.0, 2.0; 10
-7.0, -2.0, 2.0; 18
-6.0, -2.0, 2.0; 6
-5.0, -2.0, 2.0; 3
3.0, -2.0, 2.0; 1
4.0, -2.0, 2.0; 1
5.0, -2.0, 2.0; 1
-10.0, -1.0, 2.0; 3
-9.0, -1.0, 2.0; 6
-8.0, -1.0, 2.0; 11
-7.0, -1.0, 2.0; 7
-6.0, -1.0, 2.0; 11
-5.0, -1.0, 2.0; 10
-4.0, -1.0, 2.0; 6
-3.0, -1.0, 2.0; 2
3.0, -1.0, 2.0; 2
4.0, -1.0, 2.0; 1
5.0, -1.0, 2.0; 2
6.0, -1.0, 2.0; 1
7.0, -1.0, 2.0; 1
-10.0, 0.0, 2.0; 1
-9.0, 0.0, 2.0; 6
-8.0, 0.0, 2.0; 6
-7.0, 0.0, 2.0; 6
-6.0, 0.0, 2.0; 28
-5.0, 0.0, 2.0; 26
-4.0, 0.0, 2.0; 6
6.0, 0.0, 2.0; 1
-10.0, 1.0, 2.0; 7
-8.0, 1.0, 2.0; 6
-7.0, 1.0, 2.0; 7
-6.0, 1.0, 2.0; 11
-5.0, 1.0, 2.0; 293
-4.0, 1.0, 2.0; 424
4.0, 1.0, 2.0; 2
5.0, 1.0, 2.0; 3
6.0, 1.0, 2.0; 4
-10.0, 2.0, 2.0; 1
-9.0, 2.0, 2.0; 5
-8.0, 2.0, 2.0; 7
-7.0, 2.0, 2.0; 6
-6.0, 2.0, 2.0; 4
-5.0, 2.0, 2.0; 480
-4.0, 2.0, 2.0; 1962
-3.0, 2.0, 2.0; 28
1.0, 2.0, 2.0; 1
2.0, 2.0, 2.0; 2
3.0, 2.0, 2.0; 3
4.0, 2.0, 2.0; 2
5.0, 2.0, 2.0; 3
6.0, 2.0, 2.0; 2
-9.0, 3.0, 2.0; 4
-8.0, 3.0, 2.0; 16
-7.0, 3.0, 2.0; 10
-6.0, 3.0, 2.0; 8
-5.0, 3.0, 2.0; 18
-4.0, 3.0, 2.0; 64
-3.0, 3.0, 2.0; 25
-2.0, 3.0, 2.0; 1
-1.0, 3.0, 2.0; 2
3.0, 3.0, 2.0; 5
4.0, 3.0, 2.0; 4
5.0, 3.0, 2.0; 3
6.0, 3.0, 2.0; 1
7.0, 3.0, 2.0; 2
-9.0, 4.0, 2.0; 6
-8.0, 4.0, 2.0; 8
-7.0, 4.0, 2.0; 22
-6.0, 4.0, 2.0; 16
-5.0, 4.0, 2.0; 12
-4.0, 4.0, 2.0; 31
-3.0, 4.0, 2.0; 66
-2.0, 4.0, 2.0; 52
-1.0, 4.0, 2.0; 42
0.0, 4.0, 2.0; 22
1.0, 4.0, 2.0; 6
2.0, 4.0, 2.0; 6
3.0, 4.0, 2.0; 21
4.0, 4.0, 2.0; 7
5.0, 4.0, 2.0; 3
6.0, 4.0, 2.0; 1
-9.0, 5.0, 2.0; 4
-8.0, 5.0, 2.0; 9
-7.0, 5.0, 2.0; 14
-6.0, 5.0, 2.0; 8
-5.0, 5.0, 2.0; 6
-4.0, 5.0, 2.0; 24
-3.0, 5.0, 2.0; 157
-2.0, 5.0, 2.0; 141
-1.0, 5.0, 2.0; 19
0.0, 5.0, 2.0; 14
1.0, 5.0, 2.0; 5
2.0, 5.0, 2.0; 13
3.0, 5.0, 2.0; 14
4.0, 5.0, 2.0; 5
5.0, 5.0, 2.0; 4
6.0, 5.0, 2.0; 2
7.0, 5.0, 2.0; 3
-8.0, 6.0, 2.0; 3
-7.0, 6.0, 2.0; 7
-6.0, 6.0, 2.0; 11
-5.0, 6.0, 2.0; 4
-4.0, 6.0, 2.0; 8
-3.0, 6.0, 2.0; 5
-2.0, 6.0, 2.0; 8
-1.0, 6.0, 2.0; 4
0.0, 6.0, 2.0; 2
1.0, 6.0, 2.0; 7
2.0, 6.0, 2.0; 4
3.0, 6.0, 2.0; 7
4.0, 6.0, 2.0; 1
5.0, 6.0, 2.0; 1
6.0, 6.0, 2.0; 1
-7.0, 7.0, 2.0; 3
-6.0, 7.0, 2.0; 11
-5.0, 7.0, 2.0; 11
-4.0, 7.0, 2.0; 12
-3.0, 7.0, 2.0; 3
-2.0, 7.0, 2.0; 4
-1.0, 7.0, 2.0; 11
0.0, 7.0, 2.0; 9
1.0, 7.0, 2.0; 10
2.0, 7.0, 2.0; 6
3.0, 7.0, 2.0; 4
4.0, 7.0, 2.0; 3
-5.0, 8.0, 2.0; 9
-4.0, 8.0, 2.0; 15
-3.0, 8.0, 2.0; 22
-2.0, 8.0, 2.0; 25
-1.0, 8.0, 2.0; 21
0.0, 8.0, 2.0; 12
1.0, 8.0, 2.0; 12
2.0, 8.0, 2.0; 10
3.0, 8.0, 2.0; 3
4.0, 8.0, 2.0; 1
5.0, 8.0, 2.0; 1
-3.0, 9.0, 2.0; 12
-2.0, 9.0, 2.0; 22
-1.0, 9.0, 2.0; 28
0.0, 9.0, 2.0; 18
1.0, 9.0, 2.0; 5
-2.0, -10.0, 3.0; 1
-1.0, -10.0, 3.0; 1
1.0, -10.0, 3.0; 1
2.0, -10.0, 3.0; 1
-5.0, -9.0, 3.0; 2
-4.0, -9.0, 3.0; 9
-3.0, -9.0, 3.0; 22
-2.0, -9.0, 3.0; 11
-1.0, -9.0, 3.0; 7
0.0, -9.0, 3.0; 4
1.0, -9.0, 3.0; 4
2.0, -9.0, 3.0; 3
3.0, -9.0, 3.0; 3
-6.0, -8.0, 3.0; 7
-5.0, -8.0, 3.0; 22
-4.0, -8.0, 3.0; 40
-3.0, -8.0, 3.0; 34
-2.0, -8.0, 3.0; 35
-1.0, -8.0, 3.0; 28
0.0, -8.0, 3.0; 20
1.0, -8.0, 3.0; 6
2.0, -8.0, 3.0; 4
3.0, -8.0, 3.0; 1
4.0, -8.0, 3.0; 2
5.0, -8.0, 3.0; 2
-7.0, -7.0, 3.0; 4
-6.0, -7.0, 3.0; 18
-5.0, -7.0, 3.0; 47
-4.0, -7.0, 3.0; 34
-3.0, -7.0, 3.0; 10
-2.0, -7.0, 3.0; 20
-1.0, -7.0, 3.0; 13
0.0, -7.0, 3.0; 14
1.0, -7.0, 3.0; 6
2.0, -7.0, 3.0; 3
3.0, -7.0, 3.0; 1
4.0, -7.0, 3.0; 3
5.0, -7.0, 3.0; 3
6.0, -7.0, 3.0; 1
-8.0, -6.0, 3.0; 3
-7.0, -6.0, 3.0; 11
-6.0, -6.0, 3.0; 31
-5.0, -6.0, 3.0; 23
-4.0, -6.0, 3.0; 4
-3.0, -6.0, 3.0; 3
-2.0, -6.0, 3.0; 4
-1.0, -6.0, 3.0; 5
0.0, -6.0, 3.0; 16
1.0, -6.0, 3.0; 14
2.0, -6.0, 3.0; 6
3.0, -6.0, 3.0; 1
4.0, -6.0, 3.0; 2
5.0, -6.0, 3.0; 1
-9.0, -5.0, 3.0; 1
-8.0, -5.0, 3.0; 1
-7.0, -5.0, 3.0; 25
-6.0, -5.0, 3.0; 23
-5.0, -5.0, 3.0; 1
-4.0, -5.0, 3.0; 2
-3.0, -5.0, 3.0; 6
-2.0, -5.0, 3.0; 3
-1.0, -5.0, 3.0; 5
0.0, -5.0, 3.0; 8
1.0, -5.0, 3.0; 4
2.0, -5.0, 3.0; 5
3.0, -5.0, 3.0; 1
6.0, -5.0, 3.0; 1
-9.0, -4.0, 3.0; 3
-8.0, -4.0, 3.0; 3
-7.0, -4.0, 3.0; 23
-6.0, -4.0, 3.0; 16
-5.0, -4.0, 3.0; 1
-4.0, -4.0, 3.0; 5
-3.0, -4.0, 3.0; 6
-2.0, -4.0, 3.0; 1
-1.0, -4.0, 3.0; 5
0.0, -4.0, 3.0; 2
1.0, -4.0, 3.0; 8
2.0, -4.0, 3.0; 4
3.0, -4.0, 3.0; 1
4.0, -4.0, 3.0; 3
-9.0, -3.0, 3.0; 6
-8.0, -3.0, 3.0; 2
-7.0, -3.0, 3.0; 44
-6.0, -3.0, 3.0; 22
-5.0, -3.0, 3.0; 6
-4.0, -3.0, 3.0; 4
-3.0, -3.0, 3.0; 2
-2.0, -3.0, 3.0; 1
-1.0, -3.0, 3.0; 4
0.0, -3.0, 3.0; 6
1.0, -3.0, 3.0; 2
2.0, -3.0, 3.0; 4
3.0, -3.0, 3.0; 2
6.0, -3.0, 3.0; 3
8.0, -3.0, 3.0; 1
-9.0, -2.0, 3.0; 6
-8.0, -2.0, 3.0; 9
-7.0, -2.0, 3.0; 20
-6.0, -2.0, 3.0; 29
-5.0, -2.0, 3.0; 26
-4.0, -2.0, 3.0; 6
-3.0, -2.0, 3.0; 6
-2.0, -2.0, 3.0; 1
-1.0, -2.0, 3.0; 1
0.0, -2.0, 3.0; 4
1.0, -2.0, 3.0; 5
2.0, -2.0, 3.0; 1
3.0, -2.0, 3.0; 1
5.0, -2.0, 3.0; 1
-10.0, -1.0, 3.0; 2
-9.0, -1.0, 3.0; 8
-8.0, -1.0, 3.0; 6
-7.0, -1.0, 3.0; 7
-6.0, -1.0, 3.0; 8
-5.0, -1.0, 3.0; 6
-4.0, -1.0, 3.0; 7
-3.0, -1.0, 3.0; 1
-2.0, -1.0, 3.0; 2
-1.0, -1.0, 3.0; 1
0.0, -1.0, 3.0; 1
1.0, -1.0, 3.0; 7
2.0, -1.0, 3.0; 3
3.0, -1.0, 3.0; 1
4.0, -1.0, 3.0; 2
-10.0, 0.0, 3.0; 1
-9.0, 0.0, 3.0; 7
-8.0, 0.0, 3.0; 6
-7.0, 0.0, 3.0; 1
-6.0, 0.0, 3.0; 4
-5.0, 0.0, 3.0; 16
-4.0, 0.0, 3.0; 16
-3.0, 0.0, 3.0; 5
-2.0, 0.0, 3.0; 3
0.0, 0.0, 3.0; 1
4.0, 0.0, 3.0; 2
5.0, 0.0, 3.0; 1
-9.0, 1.0, 3.0; 4
-8.0, 1.0, 3.0; 5
-7.0, 1.0, 3.0; 3
-6.0, 1.0, 3.0; 3
-5.0, 1.0, 3.0; 15
-4.0, 1.0, 3.0; 154
-3.0, 1.0, 3.0; 40
-2.0, 1.0, 3.0; 4
2.0, 1.0, 3.0; 4
3.0, 1.0, 3.0; 2
-9.0, 2.0, 3.0; 3
-8.0, 2.0, 3.0; 3
-7.0, 2.0, 3.0; 10
-6.0, 2.0, 3.0; 5
-5.0, 2.0, 3.0; 6
-4.0, 2.0, 3.0; 238
-3.0, 2.0, 3.0; 179
-2.0, 2.0, 3.0; 14
-1.0, 2.0, 3.0; 3
0.0, 2.0, 3.0; 3
1.0, 2.0, 3.0; 4
2.0, 2.0, 3.0; 14
3.0, 2.0, 3.0; 4
8.0, 2.0, 3.0; 1
-9.0, 3.0, 3.0; 5
-8.0, 3.0, 3.0; 5
-7.0, 3.0, 3.0; 12
-6.0, 3.0, 3.0; 8
-5.0, 3.0, 3.0; 4
-4.0, 3.0, 3.0; 9
-3.0, 3.0, 3.0; 28
-2.0, 3.0, 3.0; 25
-1.0, 3.0, 3.0; 12
0.0, 3.0, 3.0; 9
1.0, 3.0, 3.0; 5
2.0, 3.0, 3.0; 2
3.0, 3.0, 3.0; 3
4.0, 3.0, 3.0; 1
6.0, 3.0, 3.0; 2
-9.0, 4.0, 3.0; 2
-8.0, 4.0, 3.0; 8
-7.0, 4.0, 3.0; 9
-6.0, 4.0, 3.0; 13
-5.0, 4.0, 3.0; 9
-4.0, 4.0, 3.0; 6
-3.0, 4.0, 3.0; 10
-2.0, 4.0, 3.0; 23
-1.0, 4.0, 3.0; 19
0.0, 4.0, 3.0; 4
1.0, 4.0, 3.0; 3
2.0, 4.0, 3.0; 6
3.0, 4.0, 3.0; 4
4.0, 4.0, 3.0; 1
5.0, 4.0, 3.0; 4
6.0, 4.0, 3.0; 3
-8.0, 5.0, 3.0; 32
-7.0, 5.0, 3.0; 11
-6.0, 5.0, 3.0; 17
-5.0, 5.0, 3.0; 4
-4.0, 5.0, 3.0; 1
-3.0, 5.0, 3.0; 3
-1.0, 5.0, 3.0; 3
0.0, 5.0, 3.0; 3
1.0, 5.0, 3.0; 1
2.0, 5.0, 3.0; 6
3.0, 5.0, 3.0; 2
4.0, 5.0, 3.0; 3
5.0, 5.0, 3.0; 2
6.0, 5.0, 3.0; 2
-8.0, 6.0, 3.0; 2
-7.0, 6.0, 3.0; 13
-6.0, 6.0, 3.0; 4
-5.0, 6.0, 3.0; 8
-4.0, 6.0, 3.0; 8
-3.0, 6.0, 3.0; 7
-2.0, 6.0, 3.0; 9
-1.0, 6.0, 3.0; 6
0.0, 6.0, 3.0; 6
1.0, 6.0, 3.0; 6
2.0, 6.0, 3.0; 1
3.0, 6.0, 3.0; 4
4.0, 6.0, 3.0; 1
5.0, 6.0, 3.0; 1
6.0, 6.0, 3.0; 1
-6.0, 7.0, 3.0; 2
-5.0, 7.0, 3.0; 6
-4.0, 7.0, 3.0; 17
-3.0, 7.0, 3.0; 11
-2.0, 7.0, 3.0; 14
-1.0, 7.0, 3.0; 13
0.0, 7.0, 3.0; 11
1.0, 7.0, 3.0; 10
2.0, 7.0, 3.0; 3
3.0, 7.0, 3.0; 3
4.0, 7.0, 3.0; 1
5.0, 7.0, 3.0; 1
-5.0, 8.0, 3.0; 4
-4.0, 8.0, 3.0; 14
-3.0, 8.0, 3.0; 31
-2.0, 8.0, 3.0; 36
-1.0, 8.0, 3.0; 21
0.0, 8.0, 3.0; 14
1.0, 8.0, 3.0; 12
2.0, 8.0, 3.0; 3
3.0, 8.0, 3.0; 1
-3.0, 9.0, 3.0; 2
-2.0, 9.0, 3.0; 6
-1.0, 9.0, 3.0; 10
0.0, 9.0, 3.0; 4
-4.0, -9.0, 4.0; 1
-3.0, -9.0, 4.0; 1
-2.0, -9.0, 4.0; 4
-1.0, -9.0, 4.0; 2
0.0, -9.0, 4.0; 3
1.0, -9.0, 4.0; 5
2.0, -9.0, 4.0; 2
3.0, -9.0, 4.0; 1
-6.0, -8.0, 4.0; 1
-5.0, -8.0, 4.0; 7
-4.0, -8.0, 4.0; 7
-3.0, -8.0, 4.0; 9
-2.0, -8.0, 4.0; 18
-1.0, -8.0, 4.0; 9
0.0, -8.0, 4.0; 3
1.0, -8.0, 4.0; 6
2.0, -8.0, 4.0; 3
3.0, -8.0, 4.0; 4
5.0, -8.0, 4.0; 1
-7.0, -7.0, 4.0; 2
-6.0, -7.0, 4.0; 10
-5.0, -7.0, 4.0; 18
-4.0, -7.0, 4.0; 33
-3.0, -7.0, 4.0; 22
-2.0, -7.0, 4.0; 31
-1.0, -7.0, 4.0; 22
0.0, -7.0, 4.0; 9
1.0, -7.0, 4.0; 3
2.0, -7.0, 4.0; 2
3.0, -7.0, 4.0; 4
4.0, -7.0, 4.0; 3
-8.0, -6.0, 4.0; 1
-7.0, -6.0, 4.0; 6
-6.0, -6.0, 4.0; 11
-5.0, -6.0, 4.0; 29
-4.0, -6.0, 4.0; 20
-3.0, -6.0, 4.0; 18
-2.0, -6.0, 4.0; 16
-1.0, -6.0, 4.0; 10
0.0, -6.0, 4.0; 15
1.0, -6.0, 4.0; 3
2.0, -6.0, 4.0; 3
3.0, -6.0, 4.0; 1
-9.0, -5.0, 4.0; 1
-8.0, -5.0, 4.0; 7
-7.0, -5.0, 4.0; 8
-6.0, -5.0, 4.0; 21
-5.0, -5.0, 4.0; 27
-4.0, -5.0, 4.0; 22
-3.0, -5.0, 4.0; 14
-2.0, -5.0, 4.0; 12
-1.0, -5.0, 4.0; 24
0.0, -5.0, 4.0; 6
1.0, -5.0, 4.0; 6
5.0, -5.0, 4.0; 1
7.0, -5.0, 4.0; 1
-9.0, -4.0, 4.0; 1
-8.0, -4.0, 4.0; 10
-7.0, -4.0, 4.0; 7
-6.0, -4.0, 4.0; 12
-5.0, -4.0, 4.0; 23
-4.0, -4.0, 4.0; 22
-3.0, -4.0, 4.0; 10
-2.0, -4.0, 4.0; 10
-1.0, -4.0, 4.0; 5
0.0, -4.0, 4.0; 4
1.0, -4.0, 4.0; 1
2.0, -4.0, 4.0; 1
5.0, -4.0, 4.0; 1
6.0, -4.0, 4.0; 1
7.0, -4.0, 4.0; 1
-9.0, -3.0, 4.0; 3
-8.0, -3.0, 4.0; 5
-7.0, -3.0, 4.0; 5
-6.0, -3.0, 4.0; 17
-5.0, -3.0, 4.0; 16
-4.0, -3.0, 4.0; 13
-3.0, -3.0, 4.0; 12
-2.0, -3.0, 4.0; 11
-1.0, -3.0, 4.0; 9
0.0, -3.0, 4.0; 4
2.0, -3.0, 4.0; 1
5.0, -3.0, 4.0; 3
-8.0, -2.0, 4.0; 2
-7.0, -2.0, 4.0; 5
-6.0, -2.0, 4.0; 9
-5.0, -2.0, 4.0; 11
-4.0, -2.0, 4.0; 12
-3.0, -2.0, 4.0; 8
-2.0, -2.0, 4.0; 5
-1.0, -2.0, 4.0; 9
0.0, -2.0, 4.0; 7
1.0, -2.0, 4.0; 2
2.0, -2.0, 4.0; 2
3.0, -2.0, 4.0; 1
4.0, -2.0, 4.0; 2
7.0, -2.0, 4.0; 1
-9.0, -1.0, 4.0; 6
-8.0, -1.0, 4.0; 2
-7.0, -1.0, 4.0; 8
-6.0, -1.0, 4.0; 4
-5.0, -1.0, 4.0; 4
-4.0, -1.0, 4.0; 7
-3.0, -1.0, 4.0; 21
-2.0, -1.0, 4.0; 13
-1.0, -1.0, 4.0; 14
0.0, -1.0, 4.0; 16
1.0, -1.0, 4.0; 10
2.0, -1.0, 4.0; 2
3.0, -1.0, 4.0; 3
4.0, -1.0, 4.0; 1
-10.0, 0.0, 4.0; 1
-9.0, 0.0, 4.0; 3
-8.0, 0.0, 4.0; 3
-7.0, 0.0, 4.0; 4
-6.0, 0.0, 4.0; 2
-5.0, 0.0, 4.0; 2
-4.0, 0.0, 4.0; 4
-3.0, 0.0, 4.0; 9
-2.0, 0.0, 4.0; 10
-1.0, 0.0, 4.0; 2
0.0, 0.0, 4.0; 1
1.0, 0.0, 4.0; 1
2.0, 0.0, 4.0; 1
4.0, 0.0, 4.0; 3
-9.0, 1.0, 4.0; 2
-8.0, 1.0, 4.0; 8
-7.0, 1.0, 4.0; 7
-6.0, 1.0, 4.0; 6
-5.0, 1.0, 4.0; 1
-4.0, 1.0, 4.0; 4
-3.0, 1.0, 4.0; 2
-2.0, 1.0, 4.0; 3
-1.0, 1.0, 4.0; 2
0.0, 1.0, 4.0; 2
1.0, 1.0, 4.0; 3
2.0, 1.0, 4.0; 3
3.0, 1.0, 4.0; 2
4.0, 1.0, 4.0; 2
-9.0, 2.0, 4.0; 1
-8.0, 2.0, 4.0; 1
-7.0, 2.0, 4.0; 3
-6.0, 2.0, 4.0; 6
-5.0, 2.0, 4.0; 6
-4.0, 2.0, 4.0; 5
-3.0, 2.0, 4.0; 5
-2.0, 2.0, 4.0; 4
-1.0, 2.0, 4.0; 5
0.0, 2.0, 4.0; 19
1.0, 2.0, 4.0; 16
2.0, 2.0, 4.0; 6
3.0, 2.0, 4.0; 1
4.0, 2.0, 4.0; 2
-9.0, 3.0, 4.0; 1
-8.0, 3.0, 4.0; 2
-7.0, 3.0, 4.0; 7
-6.0, 3.0, 4.0; 15
-5.0, 3.0, 4.0; 2
-4.0, 3.0, 4.0; 3
-3.0, 3.0, 4.0; 2
-2.0, 3.0, 4.0; 2
-1.0, 3.0, 4.0; 5
0.0, 3.0, 4.0; 9
1.0, 3.0, 4.0; 7
2.0, 3.0, 4.0; 4
3.0, 3.0, 4.0; 2
7.0, 3.0, 4.0; 1
8.0, 3.0, 4.0; 1
-8.0, 4.0, 4.0; 2
-7.0, 4.0, 4.0; 6
-6.0, 4.0, 4.0; 6
-5.0, 4.0, 4.0; 5
-4.0, 4.0, 4.0; 10
-3.0, 4.0, 4.0; 6
-2.0, 4.0, 4.0; 1
-1.0, 4.0, 4.0; 2
0.0, 4.0, 4.0; 4
1.0, 4.0, 4.0; 2
2.0, 4.0, 4.0; 1
5.0, 4.0, 4.0; 2
-7.0, 5.0, 4.0; 9
-6.0, 5.0, 4.0; 7
-5.0, 5.0, 4.0; 11
-4.0, 5.0, 4.0; 4
-3.0, 5.0, 4.0; 8
-2.0, 5.0, 4.0; 6
-1.0, 5.0, 4.0; 1
0.0, 5.0, 4.0; 2
1.0, 5.0, 4.0; 1
2.0, 5.0, 4.0; 4
3.0, 5.0, 4.0; 1
4.0, 5.0, 4.0; 2
5.0, 5.0, 4.0; 2
-7.0, 6.0, 4.0; 1
-6.0, 6.0, 4.0; 5
-5.0, 6.0, 4.0; 10
-4.0, 6.0, 4.0; 9
-3.0, 6.0, 4.0; 9
-2.0, 6.0, 4.0; 8
-1.0, 6.0, 4.0; 8
0.0, 6.0, 4.0; 7
1.0, 6.0, 4.0; 5
3.0, 6.0, 4.0; 1
4.0, 6.0, 4.0; 1
6.0, 6.0, 4.0; 1
-6.0, 7.0, 4.0; 1
-5.0, 7.0, 4.0; 9
-4.0, 7.0, 4.0; 19
-3.0, 7.0, 4.0; 12
-2.0, 7.0, 4.0; 17
-1.0, 7.0, 4.0; 6
0.0, 7.0, 4.0; 10
1.0, 7.0, 4.0; 2
2.0, 7.0, 4.0; 2
3.0, 7.0, 4.0; 1
5.0, 7.0, 4.0; 1
-4.0, 8.0, 4.0; 4
-3.0, 8.0, 4.0; 9
-2.0, 8.0, 4.0; 12
-1.0, 8.0, 4.0; 11
0.0, 8.0, 4.0; 4
1.0, 8.0, 4.0; 2
2.0, 8.0, 4.0; 1
-3.0, -9.0, 5.0; 1
-2.0, -9.0, 5.0; 2
-1.0, -9.0, 5.0; 3
0.0, -9.0, 5.0; 2
2.0, -9.0, 5.0; 1
-5.0, -8.0, 5.0; 1
-4.0, -8.0, 5.0; 2
-3.0, -8.0, 5.0; 11
-2.0, -8.0, 5.0; 4
-1.0, -8.0, 5.0; 3
0.0, -8.0, 5.0; 2
1.0, -8.0, 5.0; 4
2.0, -8.0, 5.0; 4
3.0, -8.0, 5.0; 3
-6.0, -7.0, 5.0; 1
-5.0, -7.0, 5.0; 9
-4.0, -7.0, 5.0; 11
-3.0, -7.0, 5.0; 4
-2.0, -7.0, 5.0; 5
-1.0, -7.0, 5.0; 5
0.0, -7.0, 5.0; 2
1.0, -7.0, 5.0; 3
2.0, -7.0, 5.0; 2
3.0, -7.0, 5.0; 1
4.0, -7.0, 5.0; 3
-7.0, -6.0, 5.0; 4
-6.0, -6.0, 5.0; 11
-5.0, -6.0, 5.0; 12
-4.0, -6.0, 5.0; 7
-3.0, -6.0, 5.0; 5
-2.0, -6.0, 5.0; 7
-1.0, -6.0, 5.0; 2
0.0, -6.0, 5.0; 3
1.0, -6.0, 5.0; 2
2.0, -6.0, 5.0; 2
3.0, -6.0, 5.0; 1
4.0, -6.0, 5.0; 1
-8.0, -5.0, 5.0; 3
-7.0, -5.0, 5.0; 13
-6.0, -5.0, 5.0; 10
-5.0, -5.0, 5.0; 7
-4.0, -5.0, 5.0; 6
-3.0, -5.0, 5.0; 13
-2.0, -5.0, 5.0; 8
-1.0, -5.0, 5.0; 7
0.0, -5.0, 5.0; 1
1.0, -5.0, 5.0; 2
2.0, -5.0, 5.0; 1
3.0, -5.0, 5.0; 4
5.0, -5.0, 5.0; 1
-8.0, -4.0, 5.0; 4
-7.0, -4.0, 5.0; 10
-6.0, -4.0, 5.0; 3
-5.0, -4.0, 5.0; 5
-4.0, -4.0, 5.0; 10
-3.0, -4.0, 5.0; 16
-2.0, -4.0, 5.0; 10
-1.0, -4.0, 5.0; 7
0.0, -4.0, 5.0; 1
1.0, -4.0, 5.0; 2
3.0, -4.0, 5.0; 2
5.0, -4.0, 5.0; 3
7.0, -4.0, 5.0; 1
-8.0, -3.0, 5.0; 3
-7.0, -3.0, 5.0; 6
-6.0, -3.0, 5.0; 4
-5.0, -3.0, 5.0; 4
-4.0, -3.0, 5.0; 5
-3.0, -3.0, 5.0; 3
-2.0, -3.0, 5.0; 4
-1.0, -3.0, 5.0; 2
0.0, -3.0, 5.0; 2
1.0, -3.0, 5.0; 2
4.0, -3.0, 5.0; 1
-9.0, -2.0, 5.0; 1
-8.0, -2.0, 5.0; 3
-7.0, -2.0, 5.0; 6
-6.0, -2.0, 5.0; 6
-5.0, -2.0, 5.0; 1
-4.0, -2.0, 5.0; 3
-3.0, -2.0, 5.0; 1
-1.0, -2.0, 5.0; 1
0.0, -2.0, 5.0; 2
1.0, -2.0, 5.0; 1
2.0, -2.0, 5.0; 1
3.0, -2.0, 5.0; 1
8.0, -2.0, 5.0; 1
-8.0, -1.0, 5.0; 3
-7.0, -1.0, 5.0; 7
-6.0, -1.0, 5.0; 1
-5.0, -1.0, 5.0; 2
-4.0, -1.0, 5.0; 6
-3.0, -1.0, 5.0; 3
-2.0, -1.0, 5.0; 2
0.0, -1.0, 5.0; 1
1.0, -1.0, 5.0; 1
2.0, -1.0, 5.0; 1
5.0, -1.0, 5.0; 1
7.0, -1.0, 5.0; 1
-9.0, 0.0, 5.0; 2
-8.0, 0.0, 5.0; 5
-7.0, 0.0, 5.0; 10
-6.0, 0.0, 5.0; 2
-5.0, 0.0, 5.0; 3
-2.0, 0.0, 5.0; 3
-1.0, 0.0, 5.0; 1
0.0, 0.0, 5.0; 1
2.0, 0.0, 5.0; 1
-8.0, 1.0, 5.0; 5
-7.0, 1.0, 5.0; 9
-6.0, 1.0, 5.0; 4
-5.0, 1.0, 5.0; 2
-4.0, 1.0, 5.0; 1
-3.0, 1.0, 5.0; 2
-2.0, 1.0, 5.0; 3
-1.0, 1.0, 5.0; 1
1.0, 1.0, 5.0; 2
2.0, 1.0, 5.0; 2
5.0, 1.0, 5.0; 1
-8.0, 2.0, 5.0; 7
-7.0, 2.0, 5.0; 4
-5.0, 2.0, 5.0; 5
-4.0, 2.0, 5.0; 3
-3.0, 2.0, 5.0; 2
-2.0, 2.0, 5.0; 2
-1.0, 2.0, 5.0; 4
0.0, 2.0, 5.0; 5
3.0, 2.0, 5.0; 1
-8.0, 3.0, 5.0; 1
-7.0, 3.0, 5.0; 3
-6.0, 3.0, 5.0; 6
-5.0, 3.0, 5.0; 8
-4.0, 3.0, 5.0; 8
-2.0, 3.0, 5.0; 3
-1.0, 3.0, 5.0; 4
0.0, 3.0, 5.0; 1
2.0, 3.0, 5.0; 1
3.0, 3.0, 5.0; 2
-7.0, 4.0, 5.0; 2
-6.0, 4.0, 5.0; 7
-5.0, 4.0, 5.0; 6
-4.0, 4.0, 5.0; 5
-3.0, 4.0, 5.0; 3
-2.0, 4.0, 5.0; 1
-1.0, 4.0, 5.0; 1
1.0, 4.0, 5.0; 1
2.0, 4.0, 5.0; 3
4.0, 4.0, 5.0; 1
5.0, 4.0, 5.0; 1
-7.0, 5.0, 5.0; 1
-6.0, 5.0, 5.0; 4
-5.0, 5.0, 5.0; 5
-4.0, 5.0, 5.0; 3
-3.0, 5.0, 5.0; 2
-2.0, 5.0, 5.0; 3
-1.0, 5.0, 5.0; 4
0.0, 5.0, 5.0; 2
1.0, 5.0, 5.0; 1
3.0, 5.0, 5.0; 1
4.0, 5.0, 5.0; 1
5.0, 5.0, 5.0; 3
-6.0, 6.0, 5.0; 2
-5.0, 6.0, 5.0; 6
-4.0, 6.0, 5.0; 5
-3.0, 6.0, 5.0; 4
-2.0, 6.0, 5.0; 2
-1.0, 6.0, 5.0; 5
0.0, 6.0, 5.0; 2
2.0, 6.0, 5.0; 1
3.0, 6.0, 5.0; 2
4.0, 6.0, 5.0; 3
-5.0, 7.0, 5.0; 1
-4.0, 7.0, 5.0; 3
-3.0, 7.0, 5.0; 8
-2.0, 7.0, 5.0; 9
-1.0, 7.0, 5.0; 3
0.0, 7.0, 5.0; 3
1.0, 7.0, 5.0; 1
2.0, 7.0, 5.0; 2
-3.0, 8.0, 5.0; 1
-1.0, 8.0, 5.0; 2
-3.0, -8.0, 6.0; 3
-2.0, -8.0, 6.0; 3
0.0, -8.0, 6.0; 1
2.0, -8.0, 6.0; 1
-4.0, -7.0, 6.0; 8
-3.0, -7.0, 6.0; 17
-2.0, -7.0, 6.0; 14
-1.0, -7.0, 6.0; 7
0.0, -7.0, 6.0; 4
1.0, -7.0, 6.0; 1
2.0, -7.0, 6.0; 4
3.0, -7.0, 6.0; 1
-6.0, -6.0, 6.0; 5
-5.0, -6.0, 6.0; 4
-4.0, -6.0, 6.0; 11
-3.0, -6.0, 6.0; 5
-2.0, -6.0, 6.0; 5
-1.0, -6.0, 6.0; 2
0.0, -6.0, 6.0; 3
1.0, -6.0, 6.0; 1
2.0, -6.0, 6.0; 1
3.0, -6.0, 6.0; 1
-7.0, -5.0, 6.0; 2
-6.0, -5.0, 6.0; 5
-5.0, -5.0, 6.0; 6
-4.0, -5.0, 6.0; 6
-3.0, -5.0, 6.0; 3
-1.0, -5.0, 6.0; 1
1.0, -5.0, 6.0; 1
3.0, -5.0, 6.0; 3
4.0, -5.0, 6.0; 1
-7.0, -4.0, 6.0; 3
-6.0, -4.0, 6.0; 7
-5.0, -4.0, 6.0; 7
-4.0, -4.0, 6.0; 1
-3.0, -4.0, 6.0; 4
-1.0, -4.0, 6.0; 1
1.0, -4.0, 6.0; 2
2.0, -4.0, 6.0; 3
4.0, -4.0, 6.0; 2
-7.0, -3.0, 6.0; 6
-6.0, -3.0, 6.0; 6
-5.0, -3.0, 6.0; 2
-4.0, -3.0, 6.0; 2
-3.0, -3.0, 6.0; 1
-2.0, -3.0, 6.0; 2
-1.0, -3.0, 6.0; 2
-8.0, -2.0, 6.0; 1
-7.0, -2.0, 6.0; 2
-6.0, -2.0, 6.0; 3
-5.0, -2.0, 6.0; 2
-4.0, -2.0, 6.0; 1
-3.0, -2.0, 6.0; 1
-2.0, -2.0, 6.0; 2
-1.0, -2.0, 6.0; 1
1.0, -2.0, 6.0; 1
3.0, -2.0, 6.0; 1
-8.0, -1.0, 6.0; 2
-7.0, -1.0, 6.0; 4
-5.0, -1.0, 6.0; 2
-4.0, -1.0, 6.0; 1
-3.0, -1.0, 6.0; 1
-2.0, -1.0, 6.0; 2
-1.0, -1.0, 6.0; 1
0.0, -1.0, 6.0; 2
1.0, -1.0, 6.0; 2
2.0, -1.0, 6.0; 1
-8.0, 0.0, 6.0; 1
-7.0, 0.0, 6.0; 2
-6.0, 0.0, 6.0; 1
-5.0, 0.0, 6.0; 1
-3.0, 0.0, 6.0; 1
-2.0, 0.0, 6.0; 1
2.0, 0.0, 6.0; 2
3.0, 0.0, 6.0; 2
-8.0, 1.0, 6.0; 2
-7.0, 1.0, 6.0; 3
-6.0, 1.0, 6.0; 5
-5.0, 1.0, 6.0; 5
-4.0, 1.0, 6.0; 1
-3.0, 1.0, 6.0; 3
-2.0, 1.0, 6.0; 1
0.0, 1.0, 6.0; 2
4.0, 1.0, 6.0; 1
-7.0, 2.0, 6.0; 4
-6.0, 2.0, 6.0; 1
-5.0, 2.0, 6.0; 4
-4.0, 2.0, 6.0; 8
-3.0, 2.0, 6.0; 2
-2.0, 2.0, 6.0; 2
0.0, 2.0, 6.0; 1
-7.0, 3.0, 6.0; 2
-6.0, 3.0, 6.0; 2
-5.0, 3.0, 6.0; 3
-3.0, 3.0, 6.0; 1
-2.0, 3.0, 6.0; 1
-1.0, 3.0, 6.0; 1
0.0, 3.0, 6.0; 4
1.0, 3.0, 6.0; 1
2.0, 3.0, 6.0; 1
3.0, 3.0, 6.0; 1
5.0, 3.0, 6.0; 1
-6.0, 4.0, 6.0; 1
-5.0, 4.0, 6.0; 4
-4.0, 4.0, 6.0; 2
-3.0, 4.0, 6.0; 7
-2.0, 4.0, 6.0; 3
-1.0, 4.0, 6.0; 2
0.0, 4.0, 6.0; 2
2.0, 4.0, 6.0; 1
5.0, 4.0, 6.0; 1
-6.0, 5.0, 6.0; 1
-4.0, 5.0, 6.0; 5
-3.0, 5.0, 6.0; 4
-2.0, 5.0, 6.0; 3
-1.0, 5.0, 6.0; 4
0.0, 5.0, 6.0; 1
1.0, 5.0, 6.0; 1
3.0, 5.0, 6.0; 2
4.0, 5.0, 6.0; 1
-4.0, 6.0, 6.0; 2
-3.0, 6.0, 6.0; 2
-1.0, 6.0, 6.0; 2
0.0, 6.0, 6.0; 1
1.0, 6.0, 6.0; 4
3.0, 6.0, 6.0; 1
4.0, 6.0, 6.0; 1
-3.0, 7.0, 6.0; 1
0.0, 7.0, 6.0; 2
1.0, 7.0, 6.0; 1
-3.0, -7.0, 7.0; 3
-2.0, -7.0, 7.0; 2
-1.0, -7.0, 7.0; 1
0.0, -7.0, 7.0; 2
1.0, -7.0, 7.0; 1
2.0, -7.0, 7.0; 1
-5.0, -6.0, 7.0; 1
-4.0, -6.0, 7.0; 5
-3.0, -6.0, 7.0; 5
-2.0, -6.0, 7.0; 1
-1.0, -6.0, 7.0; 3
1.0, -6.0, 7.0; 3
2.0, -6.0, 7.0; 1
3.0, -6.0, 7.0; 3
-5.0, -5.0, 7.0; 3
-4.0, -5.0, 7.0; 3
-3.0, -5.0, 7.0; 3
-2.0, -5.0, 7.0; 2
0.0, -5.0, 7.0; 3
1.0, -5.0, 7.0; 1
-7.0, -4.0, 7.0; 1
-6.0, -4.0, 7.0; 4
-5.0, -4.0, 7.0; 4
-4.0, -4.0, 7.0; 4
-3.0, -4.0, 7.0; 4
-2.0, -4.0, 7.0; 1
-1.0, -4.0, 7.0; 1
-7.0, -3.0, 7.0; 1
-6.0, -3.0, 7.0; 2
-5.0, -3.0, 7.0; 4
-4.0, -3.0, 7.0; 9
-2.0, -3.0, 7.0; 8
-1.0, -3.0, 7.0; 4
0.0, -3.0, 7.0; 2
5.0, -3.0, 7.0; 1
-7.0, -2.0, 7.0; 2
-6.0, -2.0, 7.0; 3
-5.0, -2.0, 7.0; 2
-4.0, -2.0, 7.0; 2
-3.0, -2.0, 7.0; 2
-2.0, -2.0, 7.0; 1
0.0, -2.0, 7.0; 2
1.0, -2.0, 7.0; 1
2.0, -2.0, 7.0; 1
-5.0, -1.0, 7.0; 2
-4.0, -1.0, 7.0; 1
-3.0, -1.0, 7.0; 4
-2.0, -1.0, 7.0; 3
-1.0, -1.0, 7.0; 3
0.0, -1.0, 7.0; 1
-6.0, 0.0, 7.0; 1
-5.0, 0.0, 7.0; 3
-4.0, 0.0, 7.0; 3
-3.0, 0.0, 7.0; 1
-2.0, 0.0, 7.0; 3
-1.0, 0.0, 7.0; 1
0.0, 0.0, 7.0; 1
2.0, 0.0, 7.0; 2
3.0, 0.0, 7.0; 1
-6.0, 1.0, 7.0; 5
-5.0, 1.0, 7.0; 2
-4.0, 1.0, 7.0; 1
-3.0, 1.0, 7.0; 2
-2.0, 1.0, 7.0; 3
2.0, 1.0, 7.0; 1
-6.0, 2.0, 7.0; 1
-5.0, 2.0, 7.0; 1
-4.0, 2.0, 7.0; 3
-3.0, 2.0, 7.0; 2
1.0, 2.0, 7.0; 1
2.0, 2.0, 7.0; 2
-6.0, 3.0, 7.0; 1
-4.0, 3.0, 7.0; 1
-3.0, 3.0, 7.0; 2
-1.0, 3.0, 7.0; 2
0.0, 3.0, 7.0; 2
1.0, 3.0, 7.0; 2
-6.0, 4.0, 7.0; 1
-5.0, 4.0, 7.0; 2
-4.0, 4.0, 7.0; 1
-3.0, 4.0, 7.0; 2
-2.0, 4.0, 7.0; 1
-1.0, 4.0, 7.0; 6
0.0, 4.0, 7.0; 1
-3.0, 5.0, 7.0; 2
-2.0, 5.0, 7.0; 3
-1.0, 5.0, 7.0; 2
1.0, 5.0, 7.0; 1
-2.0, 6.0, 7.0; 1
-1.0, 6.0, 7.0; 3
0.0, 6.0, 7.0; 3
1.0, 6.0, 7.0; 1
-3.0, -5.0, 8.0; 3
-5.0, -4.0, 8.0; 2
-4.0, -4.0, 8.0; 1
-3.0, -4.0, 8.0; 4
-2.0, -4.0, 8.0; 3
-1.0, -4.0, 8.0; 1
1.0, -4.0, 8.0; 1
2.0, -4.0, 8.0; 2
-6.0, -3.0, 8.0; 1
-5.0, -3.0, 8.0; 1
-4.0, -3.0, 8.0; 3
-3.0, -3.0, 8.0; 2
1.0, -3.0, 8.0; 1
3.0, -3.0, 8.0; 1
-6.0, -2.0, 8.0; 1
-5.0, -2.0, 8.0; 1
-4.0, -2.0, 8.0; 1
-3.0, -2.0, 8.0; 2
-1.0, -2.0, 8.0; 2
1.0, -2.0, 8.0; 1
3.0, -2.0, 8.0; 1
4.0, -2.0, 8.0; 1
-5.0, -1.0, 8.0; 1
-4.0, -1.0, 8.0; 1
-3.0, -1.0, 8.0; 2
-2.0, -1.0, 8.0; 1
0.0, -1.0, 8.0; 2
5.0, -1.0, 8.0; 1
-5.0, 0.0, 8.0; 1
-4.0, 0.0, 8.0; 1
-3.0, 0.0, 8.0; 1
-2.0, 0.0, 8.0; 1
2.0, 0.0, 8.0; 1
-4.0, 1.0, 8.0; 2
-3.0, 1.0, 8.0; 1
-2.0, 1.0, 8.0; 3
-1.0, 1.0, 8.0; 2
0.0, 1.0, 8.0; 1
1.0, 1.0, 8.0; 1
-3.0, 2.0, 8.0; 1
-2.0, 2.0, 8.0; 3
-1.0, 2.0, 8.0; 1
0.0, 2.0, 8.0; 1
1.0, 2.0, 8.0; 1
-4.0, 3.0, 8.0; 1
-3.0, 3.0, 8.0; 1
-1.0, 3.0, 8.0; 1
0.0, 3.0, 8.0; 3
2.0, 3.0, 8.0; 1
-2.0, 4.0, 8.0; 2
-1.0, 4.0, 8.0; 2
-1.0, 5.0, 8.0; 1
-1.0, -4.0, 9.0; 2
-2.0, -3.0, 9.0; 1
-3.0, -2.0, 9.0; 1
-1.0, -2.0, 9.0; 1
0.0, -2.0, 9.0; 1
0.0, 0.0, 9.0; 1
-3.0, 1.0, 9.0; 1
-2.0, 1.0, 9.0; 1
-3.0, 2.0, 9.0; 1
-2.0, 2.0, 9.0; 1
0.0, 2.0, 9.0; 1
-1.0, -4.0, -10.0; 3
0.0, -4.0, -10.0; 3
1.0, -4.0, -10.0; 1
-4.0, -3.0, -10.0; 1
-3.0, -3.0, -10.0; 2
-2.0, -3.0, -10.0; 3
-1.0, -3.0, -10.0; 3
0.0, -3.0, -10.0; 1
-4.0, -2.0, -10.0; 2
-3.0, -2.0, -10.0; 7
-2.0, -2.0, -10.0; 1
-1.0, -2.0, -10.0; 4
0.0, -2.0, -10.0; 5
1.0, -2.0, -10.0; 2
-3.0, -1.0, -10.0; 4
-2.0, -1.0, -10.0; 4
-1.0, -1.0, -10.0; 6
0.0, -1.0, -10.0; 6
1.0, -1.0, -10.0; 3
2.0, -1.0, -10.0; 1
-4.0, 0.0, -10.0; 3
-3.0, 0.0, -10.0; 1
-2.0, 0.0, -10.0; 2
-1.0, 0.0, -10.0; 4
0.0, 0.0, -10.0; 1
1.0, 0.0, -10.0; 2
2.0, 0.0, -10.0; 2
3.0, 0.0, -10.0; 1
-4.0, 1.0, -10.0; 1
-3.0, 1.0, -10.0; 1
-2.0, 1.0, -10.0; 1
-1.0, 1.0, -10.0; 3
0.0, 1.0, -10.0; 2
1.0, 1.0, -10.0; 3
2.0, 1.0, -10.0; 4
-4.0, 2.0, -10.0; 1
-2.0, 2.0, -10.0; 1
-1.0, 2.0, -10.0; 2
0.0, 2.0, -10.0; 2
1.0, 2.0, -10.0; 3
2.0, 2.0, -10.0; 2
0.0, 3.0, -10.0; 2
-1.0, -6.0, -9.0; 3
0.0, -6.0, -9.0; 8
1.0, -6.0, -9.0; 2
-2.0, -5.0, -9.0; 5
-1.0, -5.0, -9.0; 5
0.0, -5.0, -9.0; 3
1.0, -5.0, -9.0; 6
2.0, -5.0, -9.0; 2
-4.0, -4.0, -9.0; 1
-3.0, -4.0, -9.0; 4
-2.0, -4.0, -9.0; 4
-1.0, -4.0, -9.0; 4
0.0, -4.0, -9.0; 8
1.0, -4.0, -9.0; 7
2.0, -4.0, -9.0; 7
3.0, -4.0, -9.0; 2
-5.0, -3.0, -9.0; 1
-4.0, -3.0, -9.0; 3
-3.0, -3.0, -9.0; 3
-2.0, -3.0, -9.0; 2
-1.0, -3.0, -9.0; 5
0.0, -3.0, -9.0; 3
1.0, -3.0, -9.0; 6
2.0, -3.0, -9.0; 9
3.0, -3.0, -9.0; 2
4.0, -3.0, -9.0; 1
-6.0, -2.0, -9.0; 1
-5.0, -2.0, -9.0; 3
-4.0, -2.0, -9.0; 5
-3.0, -2.0, -9.0; 1
-2.0, -2.0, -9.0; 3
-1.0, -2.0, -9.0; 9
0.0, -2.0, -9.0; 9
1.0, -2.0, -9.0; 9
2.0, -2.0, -9.0; 2
4.0, -2.0, -9.0; 5
5.0, -2.0, -9.0; 2
-6.0, -1.0, -9.0; 2
-5.0, -1.0, -9.0; 5
-4.0, -1.0, -9.0; 5
-3.0, -1.0, -9.0; 4
-2.0, -1.0, -9.0; 4
-1.0, -1.0, -9.0; 8
0.0, -1.0, -9.0; 10
1.0, -1.0, -9.0; 3
2.0, -1.0, -9.0; 2
3.0, -1.0, -9.0; 4
4.0, -1.0, -9.0; 2
-6.0, 0.0, -9.0; 1
-5.0, 0.0, -9.0; 2
-4.0, 0.0, -9.0; 17
-3.0, 0.0, -9.0; 10
-2.0, 0.0, -9.0; 17
-1.0, 0.0, -9.0; 12
0.0, 0.0, -9.0; 7
1.0, 0.0, -9.0; 4
2.0, 0.0, -9.0; 3
3.0, 0.0, -9.0; 3
4.0, 0.0, -9.0; 6
5.0, 0.0, -9.0; 1
-6.0, 1.0, -9.0; 2
-5.0, 1.0, -9.0; 4
-4.0, 1.0, -9.0; 9
-3.0, 1.0, -9.0; 10
-2.0, 1.0, -9.0; 13
-1.0, 1.0, -9.0; 4
0.0, 1.0, -9.0; 3
1.0, 1.0, -9.0; 5
2.0, 1.0, -9.0; 2
3.0, 1.0, -9.0; 6
4.0, 1.0, -9.0; 4
5.0, 1.0, -9.0; 3
-5.0, 2.0, -9.0; 5
-4.0, 2.0, -9.0; 9
-3.0, 2.0, -9.0; 12
-2.0, 2.0, -9.0; 6
-1.0, 2.0, -9.0; 7
0.0, 2.0, -9.0; 7
1.0, 2.0, -9.0; 3
2.0, 2.0, -9.0; 3
3.0, 2.0, -9.0; 4
4.0, 2.0, -9.0; 3
-4.0, 3.0, -9.0; 5
-3.0, 3.0, -9.0; 6
-2.0, 3.0, -9.0; 3
-1.0, 3.0, -9.0; 7
0.0, 3.0, -9.0; 18
1.0, 3.0, -9.0; 2
2.0, 3.0, -9.0; 3
3.0, 3.0, -9.0; 3
4.0, 3.0, -9.0; 1
-4.0, 4.0, -9.0; 4
-3.0, 4.0, -9.0; 1
-2.0, 4.0, -9.0; 6
-1.0, 4.0, -9.0; 2
0.0, 4.0, -9.0; 4
1.0, 4.0, -9.0; 3
2.0, 4.0, -9.0; 3
3.0, 4.0, -9.0; 1
-2.0, 5.0, -9.0; 1
-1.0, 5.0, -9.0; 1
0.0, 5.0, -9.0; 2
-4.0, -7.0, -8.0; 1
-3.0, -7.0, -8.0; 1
-2.0, -7.0, -8.0; 2
-1.0, -7.0, -8.0; 7
0.0, -7.0, -8.0; 10
1.0, -7.0, -8.0; 19
2.0, -7.0, -8.0; 1
3.0, -7.0, -8.0; 1
-2.0, -6.0, -8.0; 3
-1.0, -6.0, -8.0; 12
0.0, -6.0, -8.0; 9
1.0, -6.0, -8.0; 11
2.0, -6.0, -8.0; 6
3.0, -6.0, -8.0; 1
4.0, -6.0, -8.0; 1
-5.0, -5.0, -8.0; 2
-4.0, -5.0, -8.0; 5
-3.0, -5.0, -8.0; 9
-2.0, -5.0, -8.0; 10
-1.0, -5.0, -8.0; 6
0.0, -5.0, -8.0; 5
1.0, -5.0, -8.0; 9
2.0, -5.0, -8.0; 14
3.0, -5.0, -8.0; 4
4.0, -5.0, -8.0; 3
-6.0, -4.0, -8.0; 1
-5.0, -4.0, -8.0; 9
-4.0, -4.0, -8.0; 8
-3.0, -4.0, -8.0; 7
-2.0, -4.0, -8.0; 5
-1.0, -4.0, -8.0; 2
0.0, -4.0, -8.0; 2
1.0, -4.0, -8.0; 2
2.0, -4.0, -8.0; 9
3.0, -4.0, -8.0; 5
4.0, -4.0, -8.0; 5
5.0, -4.0, -8.0; 1
-6.0, -3.0, -8.0; 5
-5.0, -3.0, -8.0; 8
-4.0, -3.0, -8.0; 19
-3.0, -3.0, -8.0; 5
-2.0, -3.0, -8.0; 3
-1.0, -3.0, -8.0; 2
0.0, -3.0, -8.0; 8
1.0, -3.0, -8.0; 4
2.0, -3.0, -8.0; 3
3.0, -3.0, -8.0; 7
4.0, -3.0, -8.0; 1
5.0, -3.0, -8.0; 2
6.0, -3.0, -8.0; 1
-7.0, -2.0, -8.0; 1
-6.0, -2.0, -8.0; 1
-5.0, -2.0, -8.0; 12
-4.0, -2.0, -8.0; 18
-3.0, -2.0, -8.0; 17
-2.0, -2.0, -8.0; 5
-1.0, -2.0, -8.0; 6
0.0, -2.0, -8.0; 3
1.0, -2.0, -8.0; 7
2.0, -2.0, -8.0; 10
3.0, -2.0, -8.0; 2
4.0, -2.0, -8.0; 3
5.0, -2.0, -8.0; 4
6.0, -2.0, -8.0; 2
-7.0, -1.0, -8.0; 3
-6.0, -1.0, -8.0; 5
-5.0, -1.0, -8.0; 12
-4.0, -1.0, -8.0; 13
-3.0, -1.0, -8.0; 15
-2.0, -1.0, -8.0; 6
-1.0, -1.0, -8.0; 2
0.0, -1.0, -8.0; 4
1.0, -1.0, -8.0; 1
2.0, -1.0, -8.0; 11
3.0, -1.0, -8.0; 4
4.0, -1.0, -8.0; 5
5.0, -1.0, -8.0; 5
6.0, -1.0, -8.0; 2
-7.0, 0.0, -8.0; 7
-6.0, 0.0, -8.0; 14
-5.0, 0.0, -8.0; 9
-4.0, 0.0, -8.0; 10
-3.0, 0.0, -8.0; 13
-2.0, 0.0, -8.0; 7
-1.0, 0.0, -8.0; 6
0.0, 0.0, -8.0; 5
1.0, 0.0, -8.0; 13
2.0, 0.0, -8.0; 10
3.0, 0.0, -8.0; 4
4.0, 0.0, -8.0; 7
5.0, 0.0, -8.0; 3
6.0, 0.0, -8.0; 6
-6.0, 1.0, -8.0; 10
-5.0, 1.0, -8.0; 22
-4.0, 1.0, -8.0; 21
-3.0, 1.0, -8.0; 19
-2.0, 1.0, -8.0; 31
-1.0, 1.0, -8.0; 6
0.0, 1.0, -8.0; 7
1.0, 1.0, -8.0; 9
2.0, 1.0, -8.0; 8
3.0, 1.0, -8.0; 7
4.0, 1.0, -8.0; 4
5.0, 1.0, -8.0; 9
6.0, 1.0, -8.0; 2
-7.0, 2.0, -8.0; 1
-6.0, 2.0, -8.0; 6
-5.0, 2.0, -8.0; 7
-4.0, 2.0, -8.0; 12
-3.0, 2.0, -8.0; 13
-2.0, 2.0, -8.0; 7
-1.0, 2.0, -8.0; 12
0.0, 2.0, -8.0; 7
1.0, 2.0, -8.0; 14
2.0, 2.0, -8.0; 10
3.0, 2.0, -8.0; 4
4.0, 2.0, -8.0; 2
5.0, 2.0, -8.0; 11
6.0, 2.0, -8.0; 1
-6.0, 3.0, -8.0; 3
-5.0, 3.0, -8.0; 13
-4.0, 3.0, -8.0; 9
-3.0, 3.0, -8.0; 8
-2.0, 3.0, -8.0; 8
-1.0, 3.0, -8.0; 4
0.0, 3.0, -8.0; 15
1.0, 3.0, -8.0; 13
2.0, 3.0, -8.0; 10
3.0, 3.0, -8.0; 6
4.0, 3.0, -8.0; 7
5.0, 3.0, -8.0; 2
-5.0, 4.0, -8.0; 5
-4.0, 4.0, -8.0; 9
-3.0, 4.0, -8.0; 9
-2.0, 4.0, -8.0; 4
-1.0, 4.0, -8.0; 8
0.0, 4.0, -8.0; 15
1.0, 4.0, -8.0; 20
2.0, 4.0, -8.0; 4
3.0, 4.0, -8.0; 1
4.0, 4.0, -8.0; 3
5.0, 4.0, -8.0; 1
-5.0, 5.0, -8.0; 4
-4.0, 5.0, -8.0; 6
-3.0, 5.0, -8.0; 10
-2.0, 5.0, -8.0; 10
-1.0, 5.0, -8.0; 6
0.0, 5.0, -8.0; 4
1.0, 5.0, -8.0; 3
2.0, 5.0, -8.0; 2
3.0, 5.0, -8.0; 1
-3.0, 6.0, -8.0; 3
-2.0, 6.0, -8.0; 2
0.0, 6.0, -8.0; 1
2.0, 6.0, -8.0; 1
-3.0, -8.0, -7.0; 2
-2.0, -8.0, -7.0; 7
-1.0, -8.0, -7.0; 8
0.0, -8.0, -7.0; 6
1.0, -8.0, -7.0; 5
2.0, -8.0, -7.0; 4
-4.0, -7.0, -7.0; 9
-3.0, -7.0, -7.0; 11
-2.0, -7.0, -7.0; 20
-1.0, -7.0, -7.0; 12
0.0, -7.0, -7.0; 18
1.0, -7.0, -7.0; 10
2.0, -7.0, -7.0; 10
3.0, -7.0, -7.0; 1
-6.0, -6.0, -7.0; 1
-5.0, -6.0, -7.0; 9
-4.0, -6.0, -7.0; 24
-3.0, -6.0, -7.0; 12
-2.0, -6.0, -7.0; 11
-1.0, -6.0, -7.0; 7
0.0, -6.0, -7.0; 7
1.0, -6.0, -7.0; 11
2.0, -6.0, -7.0; 11
3.0, -6.0, -7.0; 5
4.0, -6.0, -7.0; 2
5.0, -6.0, -7.0; 1
-6.0, -5.0, -7.0; 6
-5.0, -5.0, -7.0; 23
-4.0, -5.0, -7.0; 11
-3.0, -5.0, -7.0; 8
-2.0, -5.0, -7.0; 8
-1.0, -5.0, -7.0; 4
0.0, -5.0, -7.0; 3
1.0, -5.0, -7.0; 3
2.0, -5.0, -7.0; 5
3.0, -5.0, -7.0; 8
4.0, -5.0, -7.0; 4
6.0, -5.0, -7.0; 1
-7.0, -4.0, -7.0; 2
-6.0, -4.0, -7.0; 12
-5.0, -4.0, -7.0; 10
-4.0, -4.0, -7.0; 5
-3.0, -4.0, -7.0; 17
-2.0, -4.0, -7.0; 8
-1.0, -4.0, -7.0; 9
0.0, -4.0, -7.0; 3
1.0, -4.0, -7.0; 4
2.0, -4.0, -7.0; 1
3.0, -4.0, -7.0; 5
4.0, -4.0, -7.0; 4
5.0, -4.0, -7.0; 2
6.0, -4.0, -7.0; 2
-8.0, -3.0, -7.0; 2
-7.0, -3.0, -7.0; 7
-6.0, -3.0, -7.0; 17
-5.0, -3.0, -7.0; 17
-4.0, -3.0, -7.0; 6
-3.0, -3.0, -7.0; 7
-2.0, -3.0, -7.0; 5
-1.0, -3.0, -7.0; 1
0.0, -3.0, -7.0; 2
1.0, -3.0, -7.0; 1
2.0, -3.0, -7.0; 1
3.0, -3.0, -7.0; 5
4.0, -3.0, -7.0; 1
5.0, -3.0, -7.0; 2
6.0, -3.0, -7.0; 2
-8.0, -2.0, -7.0; 6
-7.0, -2.0, -7.0; 8
-6.0, -2.0, -7.0; 20
-5.0, -2.0, -7.0; 29
-4.0, -2.0, -7.0; 10
-3.0, -2.0, -7.0; 6
-2.0, -2.0, -7.0; 3
-1.0, -2.0, -7.0; 4
0.0, -2.0, -7.0; 2
1.0, -2.0, -7.0; 6
2.0, -2.0, -7.0; 3
3.0, -2.0, -7.0; 4
4.0, -2.0, -7.0; 5
5.0, -2.0, -7.0; 5
6.0, -2.0, -7.0; 5
7.0, -2.0, -7.0; 2
-8.0, -1.0, -7.0; 3
-7.0, -1.0, -7.0; 10
-6.0, -1.0, -7.0; 14
-5.0, -1.0, -7.0; 25
-4.0, -1.0, -7.0; 9
-3.0, -1.0, -7.0; 4
-2.0, -1.0, -7.0; 2
-1.0, -1.0, -7.0; 4
0.0, -1.0, -7.0; 5
1.0, -1.0, -7.0; 4
2.0, -1.0, -7.0; 4
3.0, -1.0, -7.0; 15
4.0, -1.0, -7.0; 3
5.0, -1.0, -7.0; 4
6.0, -1.0, -7.0; 2
7.0, -1.0, -7.0; 2
-8.0, 0.0, -7.0; 6
-7.0, 0.0, -7.0; 9
-6.0, 0.0, -7.0; 10
-5.0, 0.0, -7.0; 16
-4.0, 0.0, -7.0; 8
-3.0, 0.0, -7.0; 5
-2.0, 0.0, -7.0; 3
-1.0, 0.0, -7.0; 5
0.0, 0.0, -7.0; 3
1.0, 0.0, -7.0; 5
2.0, 0.0, -7.0; 11
3.0, 0.0, -7.0; 6
4.0, 0.0, -7.0; 3
5.0, 0.0, -7.0; 4
6.0, 0.0, -7.0; 6
7.0, 0.0, -7.0; 2
-8.0, 1.0, -7.0; 7
-7.0, 1.0, -7.0; 15
-6.0, 1.0, -7.0; 17
-5.0, 1.0, -7.0; 14
-4.0, 1.0, -7.0; 14
-3.0, 1.0, -7.0; 4
-2.0, 1.0, -7.0; 4
-1.0, 1.0, -7.0; 3
0.0, 1.0, -7.0; 8
1.0, 1.0, -7.0; 8
2.0, 1.0, -7.0; 5
3.0, 1.0, -7.0; 4
4.0, 1.0, -7.0; 5
5.0, 1.0, -7.0; 3
6.0, 1.0, -7.0; 9
-8.0, 2.0, -7.0; 1
-7.0, 2.0, -7.0; 13
-6.0, 2.0, -7.0; 22
-5.0, 2.0, -7.0; 14
-4.0, 2.0, -7.0; 5
-3.0, 2.0, -7.0; 6
-2.0, 2.0, -7.0; 5
-1.0, 2.0, -7.0; 1
1.0, 2.0, -7.0; 8
2.0, 2.0, -7.0; 4
3.0, 2.0, -7.0; 8
4.0, 2.0, -7.0; 3
5.0, 2.0, -7.0; 6
6.0, 2.0, -7.0; 2
-8.0, 3.0, -7.0; 1
-7.0, 3.0, -7.0; 5
-6.0, 3.0, -7.0; 13
-5.0, 3.0, -7.0; 6
-4.0, 3.0, -7.0; 2
-3.0, 3.0, -7.0; 3
-2.0, 3.0, -7.0; 1
-1.0, 3.0, -7.0; 4
0.0, 3.0, -7.0; 8
1.0, 3.0, -7.0; 5
2.0, 3.0, -7.0; 5
3.0, 3.0, -7.0; 8
4.0, 3.0, -7.0; 4
5.0, 3.0, -7.0; 6
6.0, 3.0, -7.0; 2
-7.0, 4.0, -7.0; 3
-6.0, 4.0, -7.0; 9
-5.0, 4.0, -7.0; 13
-4.0, 4.0, -7.0; 17
-3.0, 4.0, -7.0; 6
-2.0, 4.0, -7.0; 2
-1.0, 4.0, -7.0; 5
0.0, 4.0, -7.0; 4
1.0, 4.0, -7.0; 8
2.0, 4.0, -7.0; 8
3.0, 4.0, -7.0; 4
4.0, 4.0, -7.0; 4
5.0, 4.0, -7.0; 4
6.0, 4.0, -7.0; 1
-5.0, 5.0, -7.0; 4
-4.0, 5.0, -7.0; 37
-3.0, 5.0, -7.0; 54
-2.0, 5.0, -7.0; 7
-1.0, 5.0, -7.0; 10
0.0, 5.0, -7.0; 9
1.0, 5.0, -7.0; 10
2.0, 5.0, -7.0; 5
3.0, 5.0, -7.0; 3
4.0, 5.0, -7.0; 4
5.0, 5.0, -7.0; 1
-5.0, 6.0, -7.0; 1
-4.0, 6.0, -7.0; 4
-3.0, 6.0, -7.0; 8
-2.0, 6.0, -7.0; 10
-1.0, 6.0, -7.0; 8
0.0, 6.0, -7.0; 3
1.0, 6.0, -7.0; 5
2.0, 6.0, -7.0; 1
3.0, 6.0, -7.0; 5
-3.0, 7.0, -7.0; 3
-2.0, 7.0, -7.0; 1
-1.0, 7.0, -7.0; 2
0.0, 7.0, -7.0; 2
-3.0, -9.0, -6.0; 2
-2.0, -9.0, -6.0; 2
-1.0, -9.0, -6.0; 2
0.0, -9.0, -6.0; 1
1.0, -9.0, -6.0; 1
2.0, -9.0, -6.0; 2
-5.0, -8.0, -6.0; 4
-4.0, -8.0, -6.0; 2
-3.0, -8.0, -6.0; 10
-2.0, -8.0, -6.0; 102
-1.0, -8.0, -6.0; 156
0.0, -8.0, -6.0; 31
1.0, -8.0, -6.0; 21
2.0, -8.0, -6.0; 9
3.0, -8.0, -6.0; 2
-6.0, -7.0, -6.0; 1
-5.0, -7.0, -6.0; 11
-4.0, -7.0, -6.0; 22
-3.0, -7.0, -6.0; 31
-2.0, -7.0, -6.0; 140
-1.0, -7.0, -6.0; 196
0.0, -7.0, -6.0; 43
1.0, -7.0, -6.0; 22
2.0, -7.0, -6.0; 6
3.0, -7.0, -6.0; 3
4.0, -7.0, -6.0; 4
-7.0, -6.0, -6.0; 2
-6.0, -6.0, -6.0; 13
-5.0, -6.0, -6.0; 30
-4.0, -6.0, -6.0; 23
-3.0, -6.0, -6.0; 34
-2.0, -6.0, -6.0; 55
-1.0, -6.0, -6.0; 39
0.0, -6.0, -6.0; 6
1.0, -6.0, -6.0; 11
2.0, -6.0, -6.0; 13
3.0, -6.0, -6.0; 7
4.0, -6.0, -6.0; 6
5.0, -6.0, -6.0; 3
6.0, -6.0, -6.0; 1
-7.0, -5.0, -6.0; 3
-6.0, -5.0, -6.0; 21
-5.0, -5.0, -6.0; 16
-4.0, -5.0, -6.0; 18
-3.0, -5.0, -6.0; 25
-2.0, -5.0, -6.0; 31
-1.0, -5.0, -6.0; 13
0.0, -5.0, -6.0; 8
1.0, -5.0, -6.0; 5
2.0, -5.0, -6.0; 2
3.0, -5.0, -6.0; 8
4.0, -5.0, -6.0; 7
5.0, -5.0, -6.0; 3
6.0, -5.0, -6.0; 2
-8.0, -4.0, -6.0; 1
-7.0, -4.0, -6.0; 8
-6.0, -4.0, -6.0; 21
-5.0, -4.0, -6.0; 14
-4.0, -4.0, -6.0; 34
-3.0, -4.0, -6.0; 27
-2.0, -4.0, -6.0; 15
-1.0, -4.0, -6.0; 15
0.0, -4.0, -6.0; 16
1.0, -4.0, -6.0; 6
3.0, -4.0, -6.0; 1
4.0, -4.0, -6.0; 2
5.0, -4.0, -6.0; 3
6.0, -4.0, -6.0; 3
-8.0, -3.0, -6.0; 7
-7.0, -3.0, -6.0; 14
-6.0, -3.0, -6.0; 14
-5.0, -3.0, -6.0; 19
-4.0, -3.0, -6.0; 19
-3.0, -3.0, -6.0; 15
-2.0, -3.0, -6.0; 19
-1.0, -3.0, -6.0; 41
0.0, -3.0, -6.0; 71
1.0, -3.0, -6.0; 20
2.0, -3.0, -6.0; 4
3.0, -3.0, -6.0; 2
4.0, -3.0, -6.0; 10
5.0, -3.0, -6.0; 2
6.0, -3.0, -6.0; 1
7.0, -3.0, -6.0; 1
-8.0, -2.0, -6.0; 6
-7.0, -2.0, -6.0; 18
-6.0, -2.0, -6.0; 12
-5.0, -2.0, -6.0; 10
-4.0, -2.0, -6.0; 14
-3.0, -2.0, -6.0; 25
-2.0, -2.0, -6.0; 44
-1.0, -2.0, -6.0; 115
0.0, -2.0, -6.0; 207
1.0, -2.0, -6.0; 19
2.0, -2.0, -6.0; 6
3.0, -2.0, -6.0; 2
4.0, -2.0, -6.0; 8
6.0, -2.0, -6.0; 3
7.0, -2.0, -6.0; 3
-9.0, -1.0, -6.0; 3
-8.0, -1.0, -6.0; 4
-7.0, -1.0, -6.0; 14
-6.0, -1.0, -6.0; 18
-5.0, -1.0, -6.0; 7
-4.0, -1.0, -6.0; 3
-3.0, -1.0, -6.0; 17
-2.0, -1.0, -6.0; 52
-1.0, -1.0, -6.0; 62
0.0, -1.0, -6.0; 30
1.0, -1.0, -6.0; 7
2.0, -1.0, -6.0; 3
3.0, -1.0, -6.0; 20
4.0, -1.0, -6.0; 18
8.0, -1.0, -6.0; 1
-9.0, 0.0, -6.0; 1
-8.0, 0.0, -6.0; 5
-7.0, 0.0, -6.0; 19
-6.0, 0.0, -6.0; 15
-5.0, 0.0, -6.0; 4
-4.0, 0.0, -6.0; 2
-3.0, 0.0, -6.0; 10
-2.0, 0.0, -6.0; 61
-1.0, 0.0, -6.0; 180
0.0, 0.0, -6.0; 16
1.0, 0.0, -6.0; 3
2.0, 0.0, -6.0; 12
3.0, 0.0, -6.0; 32
4.0, 0.0, -6.0; 8
5.0, 0.0, -6.0; 5
6.0, 0.0, -6.0; 3
7.0, 0.0, -6.0; 4
-9.0, 1.0, -6.0; 4
-8.0, 1.0, -6.0; 7
-7.0, 1.0, -6.0; 25
-6.0, 1.0, -6.0; 8
-5.0, 1.0, -6.0; 4
-4.0, 1.0, -6.0; 1
-3.0, 1.0, -6.0; 17
-2.0, 1.0, -6.0; 51
-1.0, 1.0, -6.0; 201
0.0, 1.0, -6.0; 70
1.0, 1.0, -6.0; 14
2.0, 1.0, -6.0; 20
3.0, 1.0, -6.0; 11
4.0, 1.0, -6.0; 8
5.0, 1.0, -6.0; 2
6.0, 1.0, -6.0; 1
7.0, 1.0, -6.0; 1
-9.0, 2.0, -6.0; 1
-8.0, 2.0, -6.0; 5
-7.0, 2.0, -6.0; 17
-6.0, 2.0, -6.0; 10
-5.0, 2.0, -6.0; 19
-4.0, 2.0, -6.0; 18
-3.0, 2.0, -6.0; 13
-2.0, 2.0, -6.0; 20
-1.0, 2.0, -6.0; 38
0.0, 2.0, -6.0; 38
1.0, 2.0, -6.0; 14
2.0, 2.0, -6.0; 23
3.0, 2.0, -6.0; 14
4.0, 2.0, -6.0; 8
6.0, 2.0, -6.0; 4
7.0, 2.0, -6.0; 1
-8.0, 3.0, -6.0; 6
-7.0, 3.0, -6.0; 7
-6.0, 3.0, -6.0; 4
-5.0, 3.0, -6.0; 7
-4.0, 3.0, -6.0; 15
-3.0, 3.0, -6.0; 12
-2.0, 3.0, -6.0; 7
-1.0, 3.0, -6.0; 7
0.0, 3.0, -6.0; 9
1.0, 3.0, -6.0; 3
2.0, 3.0, -6.0; 6
3.0, 3.0, -6.0; 8
4.0, 3.0, -6.0; 7
5.0, 3.0, -6.0; 3
6.0, 3.0, -6.0; 9
7.0, 3.0, -6.0; 2
-8.0, 4.0, -6.0; 3
-7.0, 4.0, -6.0; 11
-6.0, 4.0, -6.0; 14
-5.0, 4.0, -6.0; 55
-4.0, 4.0, -6.0; 30
-3.0, 4.0, -6.0; 6
-2.0, 4.0, -6.0; 9
-1.0, 4.0, -6.0; 4
0.0, 4.0, -6.0; 3
1.0, 4.0, -6.0; 4
2.0, 4.0, -6.0; 10
3.0, 4.0, -6.0; 8
4.0, 4.0, -6.0; 2
5.0, 4.0, -6.0; 6
6.0, 4.0, -6.0; 10
-7.0, 5.0, -6.0; 4
-6.0, 5.0, -6.0; 5
-5.0, 5.0, -6.0; 58
-4.0, 5.0, -6.0; 359
-3.0, 5.0, -6.0; 144
-2.0, 5.0, -6.0; 6
-1.0, 5.0, -6.0; 9
0.0, 5.0, -6.0; 6
1.0, 5.0, -6.0; 13
2.0, 5.0, -6.0; 10
3.0, 5.0, -6.0; 5
4.0, 5.0, -6.0; 1
5.0, 5.0, -6.0; 7
6.0, 5.0, -6.0; 2
-6.0, 6.0, -6.0; 3
-5.0, 6.0, -6.0; 5
-4.0, 6.0, -6.0; 51
-3.0, 6.0, -6.0; 146
-2.0, 6.0, -6.0; 41
-1.0, 6.0, -6.0; 4
0.0, 6.0, -6.0; 7
1.0, 6.0, -6.0; 13
2.0, 6.0, -6.0; 5
3.0, 6.0, -6.0; 2
4.0, 6.0, -6.0; 2
-5.0, 7.0, -6.0; 2
-4.0, 7.0, -6.0; 1
-3.0, 7.0, -6.0; 7
-2.0, 7.0, -6.0; 12
-1.0, 7.0, -6.0; 5
0.0, 7.0, -6.0; 7
1.0, 7.0, -6.0; 6
2.0, 7.0, -6.0; 1
3.0, 7.0, -6.0; 1
4.0, 7.0, -6.0; 1
-2.0, 8.0, -6.0; 4
-1.0, 8.0, -6.0; 4
0.0, 8.0, -6.0; 2
1.0, 8.0, -6.0; 1
-4.0, -9.0, -5.0; 3
-3.0, -9.0, -5.0; 4
-2.0, -9.0, -5.0; 15
-1.0, -9.0, -5.0; 13
0.0, -9.0, -5.0; 10
1.0, -9.0, -5.0; 8
2.0, -9.0, -5.0; 3
-6.0, -8.0, -5.0; 1
-5.0, -8.0, -5.0; 4
-4.0, -8.0, -5.0; 14
-3.0, -8.0, -5.0; 52
-2.0, -8.0, -5.0; 468
-1.0, -8.0, -5.0; 1086
0.0, -8.0, -5.0; 71
1.0, -8.0, -5.0; 18
2.0, -8.0, -5.0; 13
3.0, -8.0, -5.0; 11
4.0, -8.0, -5.0; 5
-7.0, -7.0, -5.0; 2
-6.0, -7.0, -5.0; 6
-5.0, -7.0, -5.0; 21
-4.0, -7.0, -5.0; 11
-3.0, -7.0, -5.0; 16
-2.0, -7.0, -5.0; 58
-1.0, -7.0, -5.0; 124
0.0, -7.0, -5.0; 29
1.0, -7.0, -5.0; 14
2.0, -7.0, -5.0; 11
3.0, -7.0, -5.0; 4
4.0, -7.0, -5.0; 7
5.0, -7.0, -5.0; 3
-8.0, -6.0, -5.0; 1
-7.0, -6.0, -5.0; 10
-6.0, -6.0, -5.0; 15
-5.0, -6.0, -5.0; 13
-4.0, -6.0, -5.0; 5
-3.0, -6.0, -5.0; 5
-2.0, -6.0, -5.0; 8
-1.0, -6.0, -5.0; 10
0.0, -6.0, -5.0; 19
1.0, -6.0, -5.0; 8
2.0, -6.0, -5.0; 15
3.0, -6.0, -5.0; 5
4.0, -6.0, -5.0; 6
5.0, -6.0, -5.0; 9
6.0, -6.0, -5.0; 2
-8.0, -5.0, -5.0; 5
-7.0, -5.0, -5.0; 13
-6.0, -5.0, -5.0; 6
-5.0, -5.0, -5.0; 7
-4.0, -5.0, -5.0; 4
-3.0, -5.0, -5.0; 4
-2.0, -5.0, -5.0; 11
-1.0, -5.0, -5.0; 7
0.0, -5.0, -5.0; 15
1.0, -5.0, -5.0; 30
2.0, -5.0, -5.0; 10
3.0, -5.0, -5.0; 9
4.0, -5.0, -5.0; 4
5.0, -5.0, -5.0; 7
6.0, -5.0, -5.0; 3
7.0, -5.0, -5.0; 1
-9.0, -4.0, -5.0; 1
-8.0, -4.0, -5.0; 13
-7.0, -4.0, -5.0; 10
-6.0, -4.0, -5.0; 9
-5.0, -4.0, -5.0; 16
-4.0, -4.0, -5.0; 29
-3.0, -4.0, -5.0; 127
-2.0, -4.0, -5.0; 297
-1.0, -4.0, -5.0; 50
0.0, -4.0, -5.0; 19
1.0, -4.0, -5.0; 106
2.0, -4.0, -5.0; 24
3.0, -4.0, -5.0; 7
4.0, -4.0, -5.0; 2
5.0, -4.0, -5.0; 1
6.0, -4.0, -5.0; 2
8.0, -4.0, -5.0; 1
-9.0, -3.0, -5.0; 4
-8.0, -3.0, -5.0; 12
-7.0, -3.0, -5.0; 15
-6.0, -3.0, -5.0; 7
-5.0, -3.0, -5.0; 16
-4.0, -3.0, -5.0; 130
-3.0, -3.0, -5.0; 2211
-2.0, -3.0, -5.0; 1283
-1.0, -3.0, -5.0; 25
0.0, -3.0, -5.0; 172
1.0, -3.0, -5.0; 1984
2.0, -3.0, -5.0; 98
3.0, -3.0, -5.0; 7
4.0, -3.0, -5.0; 5
5.0, -3.0, -5.0; 3
6.0, -3.0, -5.0; 1
-9.0, -2.0, -5.0; 2
-8.0, -2.0, -5.0; 6
-7.0, -2.0, -5.0; 11
-6.0, -2.0, -5.0; 10
-5.0, -2.0, -5.0; 11
-4.0, -2.0, -5.0; 24
-3.0, -2.0, -5.0; 139
-2.0, -2.0, -5.0; 46
-1.0, -2.0, -5.0; 14
0.0, -2.0, -5.0; 205
1.0, -2.0, -5.0; 170
2.0, -2.0, -5.0; 35
3.0, -2.0, -5.0; 4
4.0, -2.0, -5.0; 8
5.0, -2.0, -5.0; 4
6.0, -2.0, -5.0; 1
7.0, -2.0, -5.0; 1
-9.0, -1.0, -5.0; 5
-8.0, -1.0, -5.0; 8
-7.0, -1.0, -5.0; 21
-6.0, -1.0, -5.0; 9
-5.0, -1.0, -5.0; 9
-4.0, -1.0, -5.0; 12
-3.0, -1.0, -5.0; 24
-2.0, -1.0, -5.0; 33
-1.0, -1.0, -5.0; 26
0.0, -1.0, -5.0; 20
1.0, -1.0, -5.0; 10
2.0, -1.0, -5.0; 5
3.0, -1.0, -5.0; 18
4.0, -1.0, -5.0; 24
5.0, -1.0, -5.0; 3
6.0, -1.0, -5.0; 1
7.0, -1.0, -5.0; 1
-9.0, 0.0, -5.0; 9
-8.0, 0.0, -5.0; 11
-7.0, 0.0, -5.0; 21
-6.0, 0.0, -5.0; 4
-5.0, 0.0, -5.0; 3
-4.0, 0.0, -5.0; 27
-3.0, 0.0, -5.0; 34
-2.0, 0.0, -5.0; 70
-1.0, 0.0, -5.0; 96
0.0, 0.0, -5.0; 14
1.0, 0.0, -5.0; 5
3.0, 0.0, -5.0; 44
4.0, 0.0, -5.0; 23
5.0, 0.0, -5.0; 5
6.0, 0.0, -5.0; 1
-9.0, 1.0, -5.0; 5
-8.0, 1.0, -5.0; 14
-7.0, 1.0, -5.0; 15
-6.0, 1.0, -5.0; 11
-5.0, 1.0, -5.0; 79
-4.0, 1.0, -5.0; 59
-3.0, 1.0, -5.0; 16
-2.0, 1.0, -5.0; 14
-1.0, 1.0, -5.0; 35
0.0, 1.0, -5.0; 42
1.0, 1.0, -5.0; 7
2.0, 1.0, -5.0; 14
3.0, 1.0, -5.0; 16
4.0, 1.0, -5.0; 8
5.0, 1.0, -5.0; 3
6.0, 1.0, -5.0; 2
7.0, 1.0, -5.0; 1
-9.0, 2.0, -5.0; 3
-8.0, 2.0, -5.0; 11
-7.0, 2.0, -5.0; 17
-6.0, 2.0, -5.0; 30
-5.0, 2.0, -5.0; 173
-4.0, 2.0, -5.0; 297
-3.0, 2.0, -5.0; 19
-2.0, 2.0, -5.0; 9
-1.0, 2.0, -5.0; 46
0.0, 2.0, -5.0; 103
1.0, 2.0, -5.0; 39
2.0, 2.0, -5.0; 15
3.0, 2.0, -5.0; 21
4.0, 2.0, -5.0; 13
5.0, 2.0, -5.0; 4
6.0, 2.0, -5.0; 4
7.0, 2.0, -5.0; 2
8.0, 2.0, -5.0; 1
-9.0, 3.0, -5.0; 2
-8.0, 3.0, -5.0; 7
-7.0, 3.0, -5.0; 8
-6.0, 3.0, -5.0; 4
-5.0, 3.0, -5.0; 28
-4.0, 3.0, -5.0; 67
-3.0, 3.0, -5.0; 24
-2.0, 3.0, -5.0; 12
-1.0, 3.0, -5.0; 45
0.0, 3.0, -5.0; 221
1.0, 3.0, -5.0; 66
2.0, 3.0, -5.0; 15
3.0, 3.0, -5.0; 12
4.0, 3.0, -5.0; 10
5.0, 3.0, -5.0; 5
6.0, 3.0, -5.0; 1
7.0, 3.0, -5.0; 2
-8.0, 4.0, -5.0; 5
-7.0, 4.0, -5.0; 14
-6.0, 4.0, -5.0; 15
-5.0, 4.0, -5.0; 12
-4.0, 4.0, -5.0; 9
-3.0, 4.0, -5.0; 9
-2.0, 4.0, -5.0; 30
-1.0, 4.0, -5.0; 54
0.0, 4.0, -5.0; 17
1.0, 4.0, -5.0; 8
2.0, 4.0, -5.0; 3
3.0, 4.0, -5.0; 8
4.0, 4.0, -5.0; 8
5.0, 4.0, -5.0; 5
6.0, 4.0, -5.0; 4
7.0, 4.0, -5.0; 6
-8.0, 5.0, -5.0; 1
-7.0, 5.0, -5.0; 10
-6.0, 5.0, -5.0; 14
-5.0, 5.0, -5.0; 29
-4.0, 5.0, -5.0; 12
-3.0, 5.0, -5.0; 2
-2.0, 5.0, -5.0; 11
-1.0, 5.0, -5.0; 31
0.0, 5.0, -5.0; 11
2.0, 5.0, -5.0; 6
3.0, 5.0, -5.0; 9
4.0, 5.0, -5.0; 2
5.0, 5.0, -5.0; 3
6.0, 5.0, -5.0; 2
-7.0, 6.0, -5.0; 1
-6.0, 6.0, -5.0; 13
-5.0, 6.0, -5.0; 14
-4.0, 6.0, -5.0; 25
-3.0, 6.0, -5.0; 13
-2.0, 6.0, -5.0; 6
-1.0, 6.0, -5.0; 2
0.0, 6.0, -5.0; 3
1.0, 6.0, -5.0; 4
2.0, 6.0, -5.0; 17
3.0, 6.0, -5.0; 10
4.0, 6.0, -5.0; 1
5.0, 6.0, -5.0; 4
6.0, 6.0, -5.0; 1
-5.0, 7.0, -5.0; 3
-4.0, 7.0, -5.0; 5
-3.0, 7.0, -5.0; 9
-2.0, 7.0, -5.0; 11
-1.0, 7.0, -5.0; 3
0.0, 7.0, -5.0; 5
1.0, 7.0, -5.0; 14
2.0, 7.0, -5.0; 8
3.0, 7.0, -5.0; 3
4.0, 7.0, -5.0; 2
-4.0, 8.0, -5.0; 1
-3.0, 8.0, -5.0; 1
-2.0, 8.0, -5.0; 10
-1.0, 8.0, -5.0; 8
0.0, 8.0, -5.0; 11
1.0, 8.0, -5.0; 9
-3.0, -10.0, -4.0; 3
-2.0, -10.0, -4.0; 5
-1.0, -10.0, -4.0; 11
0.0, -10.0, -4.0; 9
1.0, -10.0, -4.0; 4
-5.0, -9.0, -4.0; 3
-4.0, -9.0, -4.0; 3
-3.0, -9.0, -4.0; 17
-2.0, -9.0, -4.0; 35
-1.0, -9.0, -4.0; 30
0.0, -9.0, -4.0; 32
1.0, -9.0, -4.0; 25
2.0, -9.0, -4.0; 6
3.0, -9.0, -4.0; 8
4.0, -9.0, -4.0; 2
-6.0, -8.0, -4.0; 7
-5.0, -8.0, -4.0; 6
-4.0, -8.0, -4.0; 7
-3.0, -8.0, -4.0; 14
-2.0, -8.0, -4.0; 45
-1.0, -8.0, -4.0; 180
0.0, -8.0, -4.0; 36
1.0, -8.0, -4.0; 16
2.0, -8.0, -4.0; 5
3.0, -8.0, -4.0; 10
4.0, -8.0, -4.0; 11
5.0, -8.0, -4.0; 5
-7.0, -7.0, -4.0; 9
-6.0, -7.0, -4.0; 5
-5.0, -7.0, -4.0; 6
-4.0, -7.0, -4.0; 3
-3.0, -7.0, -4.0; 1
-2.0, -7.0, -4.0; 1
-1.0, -7.0, -4.0; 9
0.0, -7.0, -4.0; 26
1.0, -7.0, -4.0; 23
2.0, -7.0, -4.0; 10
3.0, -7.0, -4.0; 4
4.0, -7.0, -4.0; 6
5.0, -7.0, -4.0; 7
6.0, -7.0, -4.0; 4
-8.0, -6.0, -4.0; 7
-7.0, -6.0, -4.0; 17
-6.0, -6.0, -4.0; 5
-5.0, -6.0, -4.0; 2
-4.0, -6.0, -4.0; 2
-3.0, -6.0, -4.0; 1
-2.0, -6.0, -4.0; 12
-1.0, -6.0, -4.0; 25
0.0, -6.0, -4.0; 33
1.0, -6.0, -4.0; 93
2.0, -6.0, -4.0; 22
3.0, -6.0, -4.0; 2
4.0, -6.0, -4.0; 2
5.0, -6.0, -4.0; 10
6.0, -6.0, -4.0; 4
7.0, -6.0, -4.0; 2
-9.0, -5.0, -4.0; 3
-8.0, -5.0, -4.0; 11
-7.0, -5.0, -4.0; 9
-6.0, -5.0, -4.0; 3
-5.0, -5.0, -4.0; 2
-4.0, -5.0, -4.0; 3
-3.0, -5.0, -4.0; 19
-2.0, -5.0, -4.0; 67
-1.0, -5.0, -4.0; 216
0.0, -5.0, -4.0; 80
1.0, -5.0, -4.0; 172
2.0, -5.0, -4.0; 95
3.0, -5.0, -4.0; 20
4.0, -5.0, -4.0; 6
5.0, -5.0, -4.0; 2
6.0, -5.0, -4.0; 1
-9.0, -4.0, -4.0; 2
-8.0, -4.0, -4.0; 17
-7.0, -4.0, -4.0; 9
-6.0, -4.0, -4.0; 9
-5.0, -4.0, -4.0; 18
-4.0, -4.0, -4.0; 145
-3.0, -4.0, -4.0; 112
-2.0, -4.0, -4.0; 45
-1.0, -4.0, -4.0; 59
0.0, -4.0, -4.0; 11
1.0, -4.0, -4.0; 102
2.0, -4.0, -4.0; 121
3.0, -4.0, -4.0; 24
4.0, -4.0, -4.0; 10
5.0, -4.0, -4.0; 6
6.0, -4.0, -4.0; 4
8.0, -4.0, -4.0; 1
-9.0, -3.0, -4.0; 5
-8.0, -3.0, -4.0; 12
-7.0, -3.0, -4.0; 12
-6.0, -3.0, -4.0; 14
-5.0, -3.0, -4.0; 86
-4.0, -3.0, -4.0; 473
-3.0, -3.0, -4.0; 122
0.0, -3.0, -4.0; 2
1.0, -3.0, -4.0; 369
2.0, -3.0, -4.0; 256
3.0, -3.0, -4.0; 17
4.0, -3.0, -4.0; 4
5.0, -3.0, -4.0; 3
6.0, -3.0, -4.0; 1
-10.0, -2.0, -4.0; 2
-9.0, -2.0, -4.0; 8
-8.0, -2.0, -4.0; 11
-7.0, -2.0, -4.0; 10
-6.0, -2.0, -4.0; 9
-5.0, -2.0, -4.0; 22
-4.0, -2.0, -4.0; 59
-3.0, -2.0, -4.0; 7
1.0, -2.0, -4.0; 4
2.0, -2.0, -4.0; 11
3.0, -2.0, -4.0; 2
4.0, -2.0, -4.0; 11
5.0, -2.0, -4.0; 15
8.0, -2.0, -4.0; 1
-10.0, -1.0, -4.0; 1
-9.0, -1.0, -4.0; 9
-8.0, -1.0, -4.0; 18
-7.0, -1.0, -4.0; 23
-6.0, -1.0, -4.0; 6
-5.0, -1.0, -4.0; 7
-4.0, -1.0, -4.0; 6
-3.0, -1.0, -4.0; 3
2.0, -1.0, -4.0; 2
3.0, -1.0, -4.0; 1
4.0, -1.0, -4.0; 18
5.0, -1.0, -4.0; 8
6.0, -1.0, -4.0; 1
7.0, -1.0, -4.0; 1
8.0, -1.0, -4.0; 1
9.0, -1.0, -4.0; 1
-10.0, 0.0, -4.0; 1
-9.0, 0.0, -4.0; 9
-8.0, 0.0, -4.0; 16
-7.0, 0.0, -4.0; 6
-6.0, 0.0, -4.0; 12
-5.0, 0.0, -4.0; 26
-4.0, 0.0, -4.0; 9
2.0, 0.0, -4.0; 1
4.0, 0.0, -4.0; 12
5.0, 0.0, -4.0; 5
6.0, 0.0, -4.0; 1
7.0, 0.0, -4.0; 2
8.0, 0.0, -4.0; 1
-9.0, 1.0, -4.0; 9
-8.0, 1.0, -4.0; 11
-7.0, 1.0, -4.0; 6
-6.0, 1.0, -4.0; 42
-5.0, 1.0, -4.0; 198
-4.0, 1.0, -4.0; 5
2.0, 1.0, -4.0; 2
3.0, 1.0, -4.0; 7
4.0, 1.0, -4.0; 7
5.0, 1.0, -4.0; 4
6.0, 1.0, -4.0; 1
8.0, 1.0, -4.0; 1
-10.0, 2.0, -4.0; 1
-9.0, 2.0, -4.0; 7
-8.0, 2.0, -4.0; 11
-7.0, 2.0, -4.0; 6
-6.0, 2.0, -4.0; 71
-5.0, 2.0, -4.0; 212
-4.0, 2.0, -4.0; 27
-3.0, 2.0, -4.0; 4
-1.0, 2.0, -4.0; 1
1.0, 2.0, -4.0; 3
2.0, 2.0, -4.0; 9
3.0, 2.0, -4.0; 10
4.0, 2.0, -4.0; 11
5.0, 2.0, -4.0; 4
6.0, 2.0, -4.0; 1
7.0, 2.0, -4.0; 2
8.0, 2.0, -4.0; 1
-9.0, 3.0, -4.0; 13
-8.0, 3.0, -4.0; 16
-7.0, 3.0, -4.0; 5
-6.0, 3.0, -4.0; 32
-5.0, 3.0, -4.0; 36
-4.0, 3.0, -4.0; 24
-3.0, 3.0, -4.0; 5
-1.0, 3.0, -4.0; 3
0.0, 3.0, -4.0; 419
1.0, 3.0, -4.0; 501
2.0, 3.0, -4.0; 25
3.0, 3.0, -4.0; 16
4.0, 3.0, -4.0; 13
5.0, 3.0, -4.0; 4
6.0, 3.0, -4.0; 3
7.0, 3.0, -4.0; 3
8.0, 3.0, -4.0; 2
-9.0, 4.0, -4.0; 1
-8.0, 4.0, -4.0; 15
-7.0, 4.0, -4.0; 19
-6.0, 4.0, -4.0; 11
-5.0, 4.0, -4.0; 2
-4.0, 4.0, -4.0; 2
-3.0, 4.0, -4.0; 16
-2.0, 4.0, -4.0; 40
-1.0, 4.0, -4.0; 35
0.0, 4.0, -4.0; 130
1.0, 4.0, -4.0; 192
2.0, 4.0, -4.0; 5
3.0, 4.0, -4.0; 5
4.0, 4.0, -4.0; 14
5.0, 4.0, -4.0; 1
6.0, 4.0, -4.0; 4
7.0, 4.0, -4.0; 9
8.0, 4.0, -4.0; 1
-8.0, 5.0, -4.0; 8
-7.0, 5.0, -4.0; 19
-6.0, 5.0, -4.0; 4
-5.0, 5.0, -4.0; 7
-4.0, 5.0, -4.0; 2
-3.0, 5.0, -4.0; 13
-2.0, 5.0, -4.0; 113
-1.0, 5.0, -4.0; 144
0.0, 5.0, -4.0; 83
1.0, 5.0, -4.0; 19
3.0, 5.0, -4.0; 8
4.0, 5.0, -4.0; 4
6.0, 5.0, -4.0; 7
7.0, 5.0, -4.0; 4
-7.0, 6.0, -4.0; 10
-6.0, 6.0, -4.0; 16
-5.0, 6.0, -4.0; 10
-4.0, 6.0, -4.0; 3
-3.0, 6.0, -4.0; 2
-1.0, 6.0, -4.0; 6
0.0, 6.0, -4.0; 8
1.0, 6.0, -4.0; 10
2.0, 6.0, -4.0; 8
3.0, 6.0, -4.0; 12
4.0, 6.0, -4.0; 3
6.0, 6.0, -4.0; 4
-7.0, 7.0, -4.0; 3
-6.0, 7.0, -4.0; 1
-5.0, 7.0, -4.0; 5
-4.0, 7.0, -4.0; 6
-3.0, 7.0, -4.0; 7
-2.0, 7.0, -4.0; 9
-1.0, 7.0, -4.0; 3
0.0, 7.0, -4.0; 9
1.0, 7.0, -4.0; 7
2.0, 7.0, -4.0; 17
3.0, 7.0, -4.0; 4
5.0, 7.0, -4.0; 1
-4.0, 8.0, -4.0; 7
-3.0, 8.0, -4.0; 10
-2.0, 8.0, -4.0; 22
-1.0, 8.0, -4.0; 16
0.0, 8.0, -4.0; 18
1.0, 8.0, -4.0; 20
2.0, 8.0, -4.0; 7
3.0, 8.0, -4.0; 1
-3.0, 9.0, -4.0; 3
-2.0, 9.0, -4.0; 6
-1.0, 9.0, -4.0; 9
0.0, 9.0, -4.0; 9
1.0, 9.0, -4.0; 6
-4.0, -10.0, -3.0; 3
-3.0, -10.0, -3.0; 12
-2.0, -10.0, -3.0; 29
-1.0, -10.0, -3.0; 34
0.0, -10.0, -3.0; 21
1.0, -10.0, -3.0; 18
-6.0, -9.0, -3.0; 1
-5.0, -9.0, -3.0; 14
-4.0, -9.0, -3.0; 11
-3.0, -9.0, -3.0; 14
-2.0, -9.0, -3.0; 27
-1.0, -9.0, -3.0; 33
0.0, -9.0, -3.0; 23
1.0, -9.0, -3.0; 26
2.0, -9.0, -3.0; 17
3.0, -9.0, -3.0; 12
4.0, -9.0, -3.0; 1
-7.0, -8.0, -3.0; 2
-6.0, -8.0, -3.0; 15
-5.0, -8.0, -3.0; 6
-4.0, -8.0, -3.0; 11
-3.0, -8.0, -3.0; 7
-2.0, -8.0, -3.0; 15
-1.0, -8.0, -3.0; 18
0.0, -8.0, -3.0; 10
1.0, -8.0, -3.0; 7
2.0, -8.0, -3.0; 6
3.0, -8.0, -3.0; 6
4.0, -8.0, -3.0; 5
5.0, -8.0, -3.0; 2
6.0, -8.0, -3.0; 2
-8.0, -7.0, -3.0; 4
-7.0, -7.0, -3.0; 14
-6.0, -7.0, -3.0; 7
-5.0, -7.0, -3.0; 6
-3.0, -7.0, -3.0; 2
-2.0, -7.0, -3.0; 1
-1.0, -7.0, -3.0; 4
0.0, -7.0, -3.0; 57
1.0, -7.0, -3.0; 91
2.0, -7.0, -3.0; 9
3.0, -7.0, -3.0; 3
4.0, -7.0, -3.0; 5
5.0, -7.0, -3.0; 16
6.0, -7.0, -3.0; 2
-8.0, -6.0, -3.0; 7
-7.0, -6.0, -3.0; 9
-6.0, -6.0, -3.0; 2
-5.0, -6.0, -3.0; 1
-2.0, -6.0, -3.0; 2
-1.0, -6.0, -3.0; 66
0.0, -6.0, -3.0; 107
1.0, -6.0, -3.0; 1107
2.0, -6.0, -3.0; 119
3.0, -6.0, -3.0; 9
4.0, -6.0, -3.0; 2
5.0, -6.0, -3.0; 4
-9.0, -5.0, -3.0; 6
-8.0, -5.0, -3.0; 25
-7.0, -5.0, -3.0; 6
-6.0, -5.0, -3.0; 2
-5.0, -5.0, -3.0; 2
-4.0, -5.0, -3.0; 1
-3.0, -5.0, -3.0; 1
-1.0, -5.0, -3.0; 41
0.0, -5.0, -3.0; 90
1.0, -5.0, -3.0; 68
2.0, -5.0, -3.0; 114
3.0, -5.0, -3.0; 24
4.0, -5.0, -3.0; 3
5.0, -5.0, -3.0; 2
6.0, -5.0, -3.0; 8
-10.0, -4.0, -3.0; 1
-9.0, -4.0, -3.0; 13
-8.0, -4.0, -3.0; 15
-7.0, -4.0, -3.0; 6
-6.0, -4.0, -3.0; 4
-5.0, -4.0, -3.0; 34
-4.0, -4.0, -3.0; 2
0.0, -4.0, -3.0; 1
1.0, -4.0, -3.0; 2
2.0, -4.0, -3.0; 37
3.0, -4.0, -3.0; 18
4.0, -4.0, -3.0; 12
5.0, -4.0, -3.0; 2
6.0, -4.0, -3.0; 1
7.0, -4.0, -3.0; 2
8.0, -4.0, -3.0; 1
-10.0, -3.0, -3.0; 3
-9.0, -3.0, -3.0; 11
-8.0, -3.0, -3.0; 9
-7.0, -3.0, -3.0; 12
-6.0, -3.0, -3.0; 6
-5.0, -3.0, -3.0; 144
-4.0, -3.0, -3.0; 4
2.0, -3.0, -3.0; 2
3.0, -3.0, -3.0; 3
4.0, -3.0, -3.0; 7
5.0, -3.0, -3.0; 15
6.0, -3.0, -3.0; 2
7.0, -3.0, -3.0; 3
8.0, -3.0, -3.0; 1
-10.0, -2.0, -3.0; 2
-9.0, -2.0, -3.0; 6
-8.0, -2.0, -3.0; 15
-7.0, -2.0, -3.0; 15
-6.0, -2.0, -3.0; 5
-5.0, -2.0, -3.0; 94
-4.0, -2.0, -3.0; 3
-3.0, -2.0, -3.0; 1
4.0, -2.0, -3.0; 2
5.0, -2.0, -3.0; 17
6.0, -2.0, -3.0; 4
8.0, -2.0, -3.0; 2
9.0, -2.0, -3.0; 1
-10.0, -1.0, -3.0; 2
-9.0, -1.0, -3.0; 7
-8.0, -1.0, -3.0; 11
-7.0, -1.0, -3.0; 8
-6.0, -1.0, -3.0; 5
-5.0, -1.0, -3.0; 13
-4.0, -1.0, -3.0; 3
4.0, -1.0, -3.0; 5
5.0, -1.0, -3.0; 10
6.0, -1.0, -3.0; 3
7.0, -1.0, -3.0; 2
8.0, -1.0, -3.0; 1
-10.0, 0.0, -3.0; 4
-9.0, 0.0, -3.0; 4
-8.0, 0.0, -3.0; 12
-7.0, 0.0, -3.0; 4
-6.0, 0.0, -3.0; 32
-5.0, 0.0, -3.0; 18
-4.0, 0.0, -3.0; 2
3.0, 0.0, -3.0; 1
4.0, 0.0, -3.0; 1
5.0, 0.0, -3.0; 7
6.0, 0.0, -3.0; 1
7.0, 0.0, -3.0; 1
8.0, 0.0, -3.0; 1
-10.0, 1.0, -3.0; 1
-9.0, 1.0, -3.0; 2
-8.0, 1.0, -3.0; 9
-7.0, 1.0, -3.0; 10
-6.0, 1.0, -3.0; 90
-5.0, 1.0, -3.0; 30
-4.0, 1.0, -3.0; 1
4.0, 1.0, -3.0; 3
5.0, 1.0, -3.0; 9
6.0, 1.0, -3.0; 4
7.0, 1.0, -3.0; 1
-10.0, 2.0, -3.0; 2
-9.0, 2.0, -3.0; 12
-8.0, 2.0, -3.0; 9
-7.0, 2.0, -3.0; 42
-6.0, 2.0, -3.0; 42
-5.0, 2.0, -3.0; 20
2.0, 2.0, -3.0; 1
3.0, 2.0, -3.0; 1
4.0, 2.0, -3.0; 9
5.0, 2.0, -3.0; 3
6.0, 2.0, -3.0; 1
7.0, 2.0, -3.0; 4
8.0, 2.0, -3.0; 2
9.0, 2.0, -3.0; 1
-9.0, 3.0, -3.0; 13
-8.0, 3.0, -3.0; 15
-7.0, 3.0, -3.0; 4
-6.0, 3.0, -3.0; 34
-5.0, 3.0, -3.0; 10
-1.0, 3.0, -3.0; 1
1.0, 3.0, -3.0; 26
2.0, 3.0, -3.0; 11
3.0, 3.0, -3.0; 11
4.0, 3.0, -3.0; 17
5.0, 3.0, -3.0; 5
7.0, 3.0, -3.0; 4
-9.0, 4.0, -3.0; 8
-8.0, 4.0, -3.0; 24
-7.0, 4.0, -3.0; 7
-6.0, 4.0, -3.0; 2
-5.0, 4.0, -3.0; 9
-4.0, 4.0, -3.0; 1
-2.0, 4.0, -3.0; 1
-1.0, 4.0, -3.0; 1
0.0, 4.0, -3.0; 19
1.0, 4.0, -3.0; 191
2.0, 4.0, -3.0; 54
3.0, 4.0, -3.0; 13
4.0, 4.0, -3.0; 13
5.0, 4.0, -3.0; 6
7.0, 4.0, -3.0; 4
8.0, 4.0, -3.0; 1
-9.0, 5.0, -3.0; 1
-8.0, 5.0, -3.0; 10
-7.0, 5.0, -3.0; 18
-6.0, 5.0, -3.0; 4
-5.0, 5.0, -3.0; 2
-4.0, 5.0, -3.0; 1
-3.0, 5.0, -3.0; 2
-2.0, 5.0, -3.0; 27
-1.0, 5.0, -3.0; 93
0.0, 5.0, -3.0; 81
1.0, 5.0, -3.0; 54
2.0, 5.0, -3.0; 8
3.0, 5.0, -3.0; 10
4.0, 5.0, -3.0; 8
5.0, 5.0, -3.0; 1
6.0, 5.0, -3.0; 5
7.0, 5.0, -3.0; 2
-8.0, 6.0, -3.0; 6
-7.0, 6.0, -3.0; 14
-6.0, 6.0, -3.0; 13
-5.0, 6.0, -3.0; 11
-3.0, 6.0, -3.0; 2
-2.0, 6.0, -3.0; 17
-1.0, 6.0, -3.0; 88
0.0, 6.0, -3.0; 86
1.0, 6.0, -3.0; 30
2.0, 6.0, -3.0; 2
3.0, 6.0, -3.0; 12
4.0, 6.0, -3.0; 5
5.0, 6.0, -3.0; 3
6.0, 6.0, -3.0; 3
-6.0, 7.0, -3.0; 6
-5.0, 7.0, -3.0; 3
-4.0, 7.0, -3.0; 7
-3.0, 7.0, -3.0; 6
-2.0, 7.0, -3.0; 2
-1.0, 7.0, -3.0; 4
0.0, 7.0, -3.0; 9
1.0, 7.0, -3.0; 11
2.0, 7.0, -3.0; 15
3.0, 7.0, -3.0; 11
4.0, 7.0, -3.0; 5
5.0, 7.0, -3.0; 3
-5.0, 8.0, -3.0; 3
-4.0, 8.0, -3.0; 19
-3.0, 8.0, -3.0; 29
-2.0, 8.0, -3.0; 36
-1.0, 8.0, -3.0; 22
0.0, 8.0, -3.0; 17
1.0, 8.0, -3.0; 19
2.0, 8.0, -3.0; 9
3.0, 8.0, -3.0; 5
4.0, 8.0, -3.0; 2
-4.0, 9.0, -3.0; 1
-3.0, 9.0, -3.0; 12
-2.0, 9.0, -3.0; 12
-1.0, 9.0, -3.0; 13
0.0, 9.0, -3.0; 21
1.0, 9.0, -3.0; 15
2.0, 9.0, -3.0; 5
3.0, 9.0, -3.0; 2
-4.0, -10.0, -2.0; 18
-3.0, -10.0, -2.0; 50
-2.0, -10.0, -2.0; 54
-1.0, -10.0, -2.0; 61
0.0, -10.0, -2.0; 49
1.0, -10.0, -2.0; 23
2.0, -10.0, -2.0; 7
3.0, -10.0, -2.0; 1
-6.0, -9.0, -2.0; 10
-5.0, -9.0, -2.0; 19
-4.0, -9.0, -2.0; 25
-3.0, -9.0, -2.0; 7
-2.0, -9.0, -2.0; 18
-1.0, -9.0, -2.0; 23
0.0, -9.0, -2.0; 24
1.0, -9.0, -2.0; 21
2.0, -9.0, -2.0; 13
3.0, -9.0, -2.0; 9
4.0, -9.0, -2.0; 6
-7.0, -8.0, -2.0; 7
-6.0, -8.0, -2.0; 13
-5.0, -8.0, -2.0; 9
-3.0, -8.0, -2.0; 1
-2.0, -8.0, -2.0; 8
-1.0, -8.0, -2.0; 11
0.0, -8.0, -2.0; 16
1.0, -8.0, -2.0; 13
2.0, -8.0, -2.0; 5
3.0, -8.0, -2.0; 11
4.0, -8.0, -2.0; 10
5.0, -8.0, -2.0; 2
6.0, -8.0, -2.0; 2
-8.0, -7.0, -2.0; 3
-7.0, -7.0, -2.0; 15
-6.0, -7.0, -2.0; 1
-5.0, -7.0, -2.0; 1
-4.0, -7.0, -2.0; 1
-3.0, -7.0, -2.0; 2
-2.0, -7.0, -2.0; 4
-1.0, -7.0, -2.0; 13
0.0, -7.0, -2.0; 112
1.0, -7.0, -2.0; 102
2.0, -7.0, -2.0; 7
3.0, -7.0, -2.0; 6
4.0, -7.0, -2.0; 9
5.0, -7.0, -2.0; 5
6.0, -7.0, -2.0; 1
7.0, -7.0, -2.0; 2
-9.0, -6.0, -2.0; 4
-8.0, -6.0, -2.0; 21
-7.0, -6.0, -2.0; 3
-6.0, -6.0, -2.0; 3
-5.0, -6.0, -2.0; 1
-3.0, -6.0, -2.0; 1
-2.0, -6.0, -2.0; 2
-1.0, -6.0, -2.0; 20
0.0, -6.0, -2.0; 56
1.0, -6.0, -2.0; 638
2.0, -6.0, -2.0; 93
3.0, -6.0, -2.0; 6
4.0, -6.0, -2.0; 2
5.0, -6.0, -2.0; 10
6.0, -6.0, -2.0; 6
7.0, -6.0, -2.0; 2
8.0, -6.0, -2.0; 1
-9.0, -5.0, -2.0; 4
-8.0, -5.0, -2.0; 20
-7.0, -5.0, -2.0; 6
-6.0, -5.0, -2.0; 1
-5.0, -5.0, -2.0; 2
-1.0, -5.0, -2.0; 1
0.0, -5.0, -2.0; 4
1.0, -5.0, -2.0; 11
2.0, -5.0, -2.0; 47
3.0, -5.0, -2.0; 33
4.0, -5.0, -2.0; 3
5.0, -5.0, -2.0; 5
6.0, -5.0, -2.0; 3
7.0, -5.0, -2.0; 1
-10.0, -4.0, -2.0; 1
-9.0, -4.0, -2.0; 9
-8.0, -4.0, -2.0; 16
-7.0, -4.0, -2.0; 7
-6.0, -4.0, -2.0; 8
-5.0, -4.0, -2.0; 4
2.0, -4.0, -2.0; 1
3.0, -4.0, -2.0; 5
4.0, -4.0, -2.0; 5
5.0, -4.0, -2.0; 5
6.0, -4.0, -2.0; 4
8.0, -4.0, -2.0; 1
-10.0, -3.0, -2.0; 4
-9.0, -3.0, -2.0; 13
-8.0, -3.0, -2.0; 19
-7.0, -3.0, -2.0; 11
-6.0, -3.0, -2.0; 14
-5.0, -3.0, -2.0; 25
3.0, -3.0, -2.0; 1
4.0, -3.0, -2.0; 2
5.0, -3.0, -2.0; 6
6.0, -3.0, -2.0; 2
7.0, -3.0, -2.0; 2
9.0, -3.0, -2.0; 1
-10.0, -2.0, -2.0; 3
-9.0, -2.0, -2.0; 15
-8.0, -2.0, -2.0; 19
-7.0, -2.0, -2.0; 10
-6.0, -2.0, -2.0; 12
-5.0, -2.0, -2.0; 43
4.0, -2.0, -2.0; 1
5.0, -2.0, -2.0; 7
6.0, -2.0, -2.0; 1
7.0, -2.0, -2.0; 2
8.0, -2.0, -2.0; 1
-10.0, -1.0, -2.0; 1
-9.0, -1.0, -2.0; 11
-8.0, -1.0, -2.0; 17
-7.0, -1.0, -2.0; 5
-6.0, -1.0, -2.0; 3
-5.0, -1.0, -2.0; 6
4.0, -1.0, -2.0; 2
5.0, -1.0, -2.0; 1
6.0, -1.0, -2.0; 1
7.0, -1.0, -2.0; 1
8.0, -1.0, -2.0; 1
-10.0, 0.0, -2.0; 2
-9.0, 0.0, -2.0; 5
-8.0, 0.0, -2.0; 16
-7.0, 0.0, -2.0; 5
-6.0, 0.0, -2.0; 55
-5.0, 0.0, -2.0; 8
4.0, 0.0, -2.0; 2
5.0, 0.0, -2.0; 5
6.0, 0.0, -2.0; 4
-10.0, 1.0, -2.0; 2
-9.0, 1.0, -2.0; 9
-8.0, 1.0, -2.0; 7
-7.0, 1.0, -2.0; 8
-6.0, 1.0, -2.0; 1130
-5.0, 1.0, -2.0; 104
4.0, 1.0, -2.0; 3
5.0, 1.0, -2.0; 3
6.0, 1.0, -2.0; 3
7.0, 1.0, -2.0; 1
8.0, 1.0, -2.0; 1
-10.0, 2.0, -2.0; 6
-9.0, 2.0, -2.0; 12
-8.0, 2.0, -2.0; 8
-7.0, 2.0, -2.0; 30
-6.0, 2.0, -2.0; 57
-5.0, 2.0, -2.0; 25
4.0, 2.0, -2.0; 3
5.0, 2.0, -2.0; 3
6.0, 2.0, -2.0; 1
9.0, 2.0, -2.0; 1
-10.0, 3.0, -2.0; 2
-9.0, 3.0, -2.0; 9
-8.0, 3.0, -2.0; 18
-7.0, 3.0, -2.0; 16
-6.0, 3.0, -2.0; 36
-5.0, 3.0, -2.0; 6
-4.0, 3.0, -2.0; 1
2.0, 3.0, -2.0; 2
3.0, 3.0, -2.0; 1
4.0, 3.0, -2.0; 10
5.0, 3.0, -2.0; 9
6.0, 3.0, -2.0; 1
7.0, 3.0, -2.0; 2
8.0, 3.0, -2.0; 1
-9.0, 4.0, -2.0; 8
-8.0, 4.0, -2.0; 22
-7.0, 4.0, -2.0; 10
-6.0, 4.0, -2.0; 19
-5.0, 4.0, -2.0; 25
-1.0, 4.0, -2.0; 2
0.0, 4.0, -2.0; 2
1.0, 4.0, -2.0; 30
2.0, 4.0, -2.0; 80
3.0, 4.0, -2.0; 3
4.0, 4.0, -2.0; 27
5.0, 4.0, -2.0; 4
6.0, 4.0, -2.0; 1
7.0, 4.0, -2.0; 2
-9.0, 5.0, -2.0; 4
-8.0, 5.0, -2.0; 16
-7.0, 5.0, -2.0; 23
-6.0, 5.0, -2.0; 1
-5.0, 5.0, -2.0; 9
-4.0, 5.0, -2.0; 3
-3.0, 5.0, -2.0; 1
-2.0, 5.0, -2.0; 5
-1.0, 5.0, -2.0; 6
0.0, 5.0, -2.0; 54
1.0, 5.0, -2.0; 72
2.0, 5.0, -2.0; 27
3.0, 5.0, -2.0; 3
4.0, 5.0, -2.0; 8
5.0, 5.0, -2.0; 3
6.0, 5.0, -2.0; 1
7.0, 5.0, -2.0; 2
-8.0, 6.0, -2.0; 7
-7.0, 6.0, -2.0; 32
-6.0, 6.0, -2.0; 50
-5.0, 6.0, -2.0; 11
-4.0, 6.0, -2.0; 1
-3.0, 6.0, -2.0; 4
-2.0, 6.0, -2.0; 35
-1.0, 6.0, -2.0; 164
0.0, 6.0, -2.0; 212
1.0, 6.0, -2.0; 95
2.0, 6.0, -2.0; 4
3.0, 6.0, -2.0; 10
4.0, 6.0, -2.0; 3
5.0, 6.0, -2.0; 3
6.0, 6.0, -2.0; 3
-7.0, 7.0, -2.0; 2
-6.0, 7.0, -2.0; 13
-5.0, 7.0, -2.0; 20
-4.0, 7.0, -2.0; 26
-3.0, 7.0, -2.0; 7
-2.0, 7.0, -2.0; 1
-1.0, 7.0, -2.0; 9
0.0, 7.0, -2.0; 12
1.0, 7.0, -2.0; 3
2.0, 7.0, -2.0; 9
3.0, 7.0, -2.0; 6
4.0, 7.0, -2.0; 4
5.0, 7.0, -2.0; 1
-6.0, 8.0, -2.0; 2
-5.0, 8.0, -2.0; 11
-4.0, 8.0, -2.0; 18
-3.0, 8.0, -2.0; 34
-2.0, 8.0, -2.0; 23
-1.0, 8.0, -2.0; 21
0.0, 8.0, -2.0; 36
1.0, 8.0, -2.0; 32
2.0, 8.0, -2.0; 10
3.0, 8.0, -2.0; 7
4.0, 8.0, -2.0; 1
5.0, 8.0, -2.0; 1
-4.0, 9.0, -2.0; 4
-3.0, 9.0, -2.0; 7
-2.0, 9.0, -2.0; 15
-1.0, 9.0, -2.0; 22
0.0, 9.0, -2.0; 35
1.0, 9.0, -2.0; 25
2.0, 9.0, -2.0; 10
3.0, 9.0, -2.0; 1
-5.0, -10.0, -1.0; 2
-4.0, -10.0, -1.0; 36
-3.0, -10.0, -1.0; 64
-2.0, -10.0, -1.0; 67
-1.0, -10.0, -1.0; 69
0.0, -10.0, -1.0; 58
1.0, -10.0, -1.0; 32
2.0, -10.0, -1.0; 9
-6.0, -9.0, -1.0; 13
-5.0, -9.0, -1.0; 37
-4.0, -9.0, -1.0; 15
-3.0, -9.0, -1.0; 18
-2.0, -9.0, -1.0; 8
-1.0, -9.0, -1.0; 13
0.0, -9.0, -1.0; 15
1.0, -9.0, -1.0; 16
2.0, -9.0, -1.0; 9
3.0, -9.0, -1.0; 10
4.0, -9.0, -1.0; 4
5.0, -9.0, -1.0; 2
-7.0, -8.0, -1.0; 27
-6.0, -8.0, -1.0; 10
-5.0, -8.0, -1.0; 10
-4.0, -8.0, -1.0; 4
-3.0, -8.0, -1.0; 2
-2.0, -8.0, -1.0; 30
-1.0, -8.0, -1.0; 52
0.0, -8.0, -1.0; 15
1.0, -8.0, -1.0; 14
2.0, -8.0, -1.0; 5
3.0, -8.0, -1.0; 6
4.0, -8.0, -1.0; 7
5.0, -8.0, -1.0; 5
6.0, -8.0, -1.0; 2
-8.0, -7.0, -1.0; 12
-7.0, -7.0, -1.0; 19
-6.0, -7.0, -1.0; 6
-5.0, -7.0, -1.0; 1
-3.0, -7.0, -1.0; 2
-2.0, -7.0, -1.0; 26
-1.0, -7.0, -1.0; 135
0.0, -7.0, -1.0; 222
1.0, -7.0, -1.0; 80
2.0, -7.0, -1.0; 6
3.0, -7.0, -1.0; 7
4.0, -7.0, -1.0; 9
5.0, -7.0, -1.0; 5
6.0, -7.0, -1.0; 2
7.0, -7.0, -1.0; 2
-9.0, -6.0, -1.0; 2
-8.0, -6.0, -1.0; 20
-7.0, -6.0, -1.0; 11
-6.0, -6.0, -1.0; 2
-5.0, -6.0, -1.0; 2
-4.0, -6.0, -1.0; 2
-2.0, -6.0, -1.0; 2
-1.0, -6.0, -1.0; 7
0.0, -6.0, -1.0; 62
1.0, -6.0, -1.0; 74
2.0, -6.0, -1.0; 26
3.0, -6.0, -1.0; 20
4.0, -6.0, -1.0; 11
5.0, -6.0, -1.0; 4
6.0, -6.0, -1.0; 5
7.0, -6.0, -1.0; 1
-9.0, -5.0, -1.0; 17
-8.0, -5.0, -1.0; 23
-7.0, -5.0, -1.0; 7
-6.0, -5.0, -1.0; 12
-1.0, -5.0, -1.0; 1
1.0, -5.0, -1.0; 4
2.0, -5.0, -1.0; 20
3.0, -5.0, -1.0; 14
4.0, -5.0, -1.0; 5
5.0, -5.0, -1.0; 6
6.0, -5.0, -1.0; 3
7.0, -5.0, -1.0; 2
8.0, -5.0, -1.0; 1
-10.0, -4.0, -1.0; 3
-9.0, -4.0, -1.0; 16
-8.0, -4.0, -1.0; 18
-7.0, -4.0, -1.0; 19
-6.0, -4.0, -1.0; 5
-5.0, -4.0, -1.0; 1
3.0, -4.0, -1.0; 2
4.0, -4.0, -1.0; 2
5.0, -4.0, -1.0; 4
9.0, -4.0, -1.0; 1
-10.0, -3.0, -1.0; 2
-9.0, -3.0, -1.0; 19
-8.0, -3.0, -1.0; 11
-7.0, -3.0, -1.0; 8
-6.0, -3.0, -1.0; 11
-5.0, -3.0, -1.0; 4
3.0, -3.0, -1.0; 1
4.0, -3.0, -1.0; 1
5.0, -3.0, -1.0; 7
6.0, -3.0, -1.0; 4
7.0, -3.0, -1.0; 1
8.0, -3.0, -1.0; 1
9.0, -3.0, -1.0; 1
-10.0, -2.0, -1.0; 3
-9.0, -2.0, -1.0; 10
-8.0, -2.0, -1.0; 19
-7.0, -2.0, -1.0; 9
-6.0, -2.0, -1.0; 11
-5.0, -2.0, -1.0; 8
4.0, -2.0, -1.0; 3
5.0, -2.0, -1.0; 3
6.0, -2.0, -1.0; 3
7.0, -2.0, -1.0; 4
8.0, -2.0, -1.0; 2
-10.0, -1.0, -1.0; 5
-9.0, -1.0, -1.0; 11
-8.0, -1.0, -1.0; 21
-7.0, -1.0, -1.0; 15
-6.0, -1.0, -1.0; 3
-5.0, -1.0, -1.0; 2
5.0, -1.0, -1.0; 1
6.0, -1.0, -1.0; 3
7.0, -1.0, -1.0; 1
8.0, -1.0, -1.0; 1
-10.0, 0.0, -1.0; 2
-9.0, 0.0, -1.0; 15
-8.0, 0.0, -1.0; 14
-7.0, 0.0, -1.0; 6
-6.0, 0.0, -1.0; 21
-5.0, 0.0, -1.0; 5
6.0, 0.0, -1.0; 2
8.0, 0.0, -1.0; 1
-10.0, 1.0, -1.0; 7
-9.0, 1.0, -1.0; 7
-8.0, 1.0, -1.0; 7
-7.0, 1.0, -1.0; 5
-6.0, 1.0, -1.0; 2435
-5.0, 1.0, -1.0; 183
5.0, 1.0, -1.0; 3
6.0, 1.0, -1.0; 5
7.0, 1.0, -1.0; 1
-10.0, 2.0, -1.0; 1
-9.0, 2.0, -1.0; 19
-8.0, 2.0, -1.0; 9
-7.0, 2.0, -1.0; 17
-6.0, 2.0, -1.0; 122
-5.0, 2.0, -1.0; 73
-4.0, 2.0, -1.0; 1
3.0, 2.0, -1.0; 1
4.0, 2.0, -1.0; 1
5.0, 2.0, -1.0; 5
6.0, 2.0, -1.0; 1
-9.0, 3.0, -1.0; 11
-8.0, 3.0, -1.0; 13
-7.0, 3.0, -1.0; 6
-6.0, 3.0, -1.0; 43
-5.0, 3.0, -1.0; 10
1.0, 3.0, -1.0; 1
2.0, 3.0, -1.0; 2
3.0, 3.0, -1.0; 2
4.0, 3.0, -1.0; 5
5.0, 3.0, -1.0; 3
6.0, 3.0, -1.0; 2
8.0, 3.0, -1.0; 1
-9.0, 4.0, -1.0; 9
-8.0, 4.0, -1.0; 19
-7.0, 4.0, -1.0; 6
-6.0, 4.0, -1.0; 28
-5.0, 4.0, -1.0; 65
-4.0, 4.0, -1.0; 4
1.0, 4.0, -1.0; 2
2.0, 4.0, -1.0; 37
3.0, 4.0, -1.0; 5
4.0, 4.0, -1.0; 13
5.0, 4.0, -1.0; 9
6.0, 4.0, -1.0; 1
7.0, 4.0, -1.0; 1
8.0, 4.0, -1.0; 1
-9.0, 5.0, -1.0; 5
-8.0, 5.0, -1.0; 16
-7.0, 5.0, -1.0; 32
-6.0, 5.0, -1.0; 7
-5.0, 5.0, -1.0; 20
-4.0, 5.0, -1.0; 35
-3.0, 5.0, -1.0; 13
-2.0, 5.0, -1.0; 3
-1.0, 5.0, -1.0; 4
0.0, 5.0, -1.0; 28
1.0, 5.0, -1.0; 51
2.0, 5.0, -1.0; 43
3.0, 5.0, -1.0; 8
4.0, 5.0, -1.0; 13
5.0, 5.0, -1.0; 3
6.0, 5.0, -1.0; 1
8.0, 5.0, -1.0; 1
-8.0, 6.0, -1.0; 9
-7.0, 6.0, -1.0; 112
-6.0, 6.0, -1.0; 863
-5.0, 6.0, -1.0; 74
-4.0, 6.0, -1.0; 7
-3.0, 6.0, -1.0; 15
-2.0, 6.0, -1.0; 37
-1.0, 6.0, -1.0; 156
0.0, 6.0, -1.0; 307
1.0, 6.0, -1.0; 122
2.0, 6.0, -1.0; 7
3.0, 6.0, -1.0; 15
4.0, 6.0, -1.0; 5
5.0, 6.0, -1.0; 5
6.0, 6.0, -1.0; 1
-7.0, 7.0, -1.0; 10
-6.0, 7.0, -1.0; 44
-5.0, 7.0, -1.0; 108
-4.0, 7.0, -1.0; 29
-3.0, 7.0, -1.0; 17
-2.0, 7.0, -1.0; 12
-1.0, 7.0, -1.0; 46
0.0, 7.0, -1.0; 42
2.0, 7.0, -1.0; 11
3.0, 7.0, -1.0; 7
4.0, 7.0, -1.0; 3
5.0, 7.0, -1.0; 5
-6.0, 8.0, -1.0; 1
-5.0, 8.0, -1.0; 12
-4.0, 8.0, -1.0; 21
-3.0, 8.0, -1.0; 28
-2.0, 8.0, -1.0; 27
-1.0, 8.0, -1.0; 14
0.0, 8.0, -1.0; 30
1.0, 8.0, -1.0; 18
2.0, 8.0, -1.0; 16
3.0, 8.0, -1.0; 9
4.0, 8.0, -1.0; 5
5.0, 8.0, -1.0; 2
-5.0, 9.0, -1.0; 1
-4.0, 9.0, -1.0; 6
-3.0, 9.0, -1.0; 16
-2.0, 9.0, -1.0; 36
-1.0, 9.0, -1.0; 60
0.0, 9.0, -1.0; 55
1.0, 9.0, -1.0; 33
2.0, 9.0, -1.0; 10
3.0, 9.0, -1.0; 1
-5.0, -10.0, 0.0; 4
-4.0, -10.0, 0.0; 23
-3.0, -10.0, 0.0; 32
-2.0, -10.0, 0.0; 28
-1.0, -10.0, 0.0; 34
0.0, -10.0, 0.0; 30
1.0, -10.0, 0.0; 18
2.0, -10.0, 0.0; 3
3.0, -10.0, 0.0; 1
-6.0, -9.0, 0.0; 15
-5.0, -9.0, 0.0; 33
-4.0, -9.0, 0.0; 20
-3.0, -9.0, 0.0; 14
-2.0, -9.0, 0.0; 9
-1.0, -9.0, 0.0; 15
0.0, -9.0, 0.0; 14
1.0, -9.0, 0.0; 17
2.0, -9.0, 0.0; 12
3.0, -9.0, 0.0; 3
4.0, -9.0, 0.0; 2
5.0, -9.0, 0.0; 1
-7.0, -8.0, 0.0; 13
-6.0, -8.0, 0.0; 22
-5.0, -8.0, 0.0; 11
-4.0, -8.0, 0.0; 4
-3.0, -8.0, 0.0; 2
-2.0, -8.0, 0.0; 47
-1.0, -8.0, 0.0; 25
0.0, -8.0, 0.0; 7
1.0, -8.0, 0.0; 4
2.0, -8.0, 0.0; 7
3.0, -8.0, 0.0; 4
4.0, -8.0, 0.0; 3
5.0, -8.0, 0.0; 1
6.0, -8.0, 0.0; 3
-8.0, -7.0, 0.0; 11
-7.0, -7.0, 0.0; 18
-6.0, -7.0, 0.0; 8
-5.0, -7.0, 0.0; 4
-4.0, -7.0, 0.0; 27
-3.0, -7.0, 0.0; 89
-2.0, -7.0, 0.0; 214
-1.0, -7.0, 0.0; 308
0.0, -7.0, 0.0; 230
1.0, -7.0, 0.0; 35
2.0, -7.0, 0.0; 16
3.0, -7.0, 0.0; 8
4.0, -7.0, 0.0; 2
7.0, -7.0, 0.0; 2
-9.0, -6.0, 0.0; 2
-8.0, -6.0, 0.0; 25
-7.0, -6.0, 0.0; 23
-6.0, -6.0, 0.0; 10
-5.0, -6.0, 0.0; 40
-4.0, -6.0, 0.0; 7
-3.0, -6.0, 0.0; 4
-2.0, -6.0, 0.0; 10
-1.0, -6.0, 0.0; 15
0.0, -6.0, 0.0; 62
1.0, -6.0, 0.0; 56
2.0, -6.0, 0.0; 14
3.0, -6.0, 0.0; 22
4.0, -6.0, 0.0; 6
5.0, -6.0, 0.0; 2
7.0, -6.0, 0.0; 2
-9.0, -5.0, 0.0; 16
-8.0, -5.0, 0.0; 21
-7.0, -5.0, 0.0; 10
-6.0, -5.0, 0.0; 72
-5.0, -5.0, 0.0; 7
-4.0, -5.0, 0.0; 1
-2.0, -5.0, 0.0; 2
0.0, -5.0, 0.0; 1
2.0, -5.0, 0.0; 10
3.0, -5.0, 0.0; 9
4.0, -5.0, 0.0; 5
5.0, -5.0, 0.0; 8
7.0, -5.0, 0.0; 1
-9.0, -4.0, 0.0; 13
-8.0, -4.0, 0.0; 24
-7.0, -4.0, 0.0; 8
-6.0, -4.0, 0.0; 29
-5.0, -4.0, 0.0; 1
4.0, -4.0, 0.0; 3
5.0, -4.0, 0.0; 8
6.0, -4.0, 0.0; 2
7.0, -4.0, 0.0; 3
8.0, -4.0, 0.0; 5
-10.0, -3.0, 0.0; 6
-9.0, -3.0, 0.0; 19
-8.0, -3.0, 0.0; 9
-7.0, -3.0, 0.0; 5
-6.0, -3.0, 0.0; 9
-5.0, -3.0, 0.0; 4
-4.0, -3.0, 0.0; 1
5.0, -3.0, 0.0; 6
-10.0, -2.0, 0.0; 5
-9.0, -2.0, 0.0; 6
-8.0, -2.0, 0.0; 21
-7.0, -2.0, 0.0; 1
-6.0, -2.0, 0.0; 9
-5.0, -2.0, 0.0; 1
6.0, -2.0, 0.0; 3
-10.0, -1.0, 0.0; 4
-9.0, -1.0, 0.0; 5
-8.0, -1.0, 0.0; 11
-7.0, -1.0, 0.0; 25
-6.0, -1.0, 0.0; 10
-5.0, -1.0, 0.0; 6
5.0, -1.0, 0.0; 1
6.0, -1.0, 0.0; 2
8.0, -1.0, 0.0; 1
-10.0, 0.0, 0.0; 3
-9.0, 0.0, 0.0; 4
-8.0, 0.0, 0.0; 14
-7.0, 0.0, 0.0; 16
-6.0, 0.0, 0.0; 21
-5.0, 0.0, 0.0; 7
5.0
19.2810781078
