-9.0, 1.0, 0.0; 3
-7.0, 1.0, 0.0; 1
-6.0, 1.0, 0.0; 36
-5.0, 1.0, 0.0; 29
7.0, 1.0, 0.0; 1
-10.0, 2.0, 0.0; 1
-9.0, 2.0, 0.0; 1
-8.0, 2.0, 0.0; 1
-7.0, 2.0, 0.0; 1
-6.0, 2.0, 0.0; 18
-5.0, 2.0, 0.0; 47
-9.0, 3.0, 0.0; 3
-8.0, 3.0, 0.0; 1
-7.0, 3.0, 0.0; 1
-6.0, 3.0, 0.0; 4
-5.0, 3.0, 0.0; 8
-4.0, 3.0, 0.0; 1
2.0, 3.0, 0.0; 1
4.0, 3.0, 0.0; 2
7.0, 3.0, 0.0; 1
8.0, 3.0, 0.0; 1
-8.0, 4.0, 0.0; 4
-7.0, 4.0, 0.0; 1
-6.0, 4.0, 0.0; 3
-5.0, 4.0, 0.0; 10
-4.0, 4.0, 0.0; 5
-1.0, 4.0, 0.0; 1
2.0, 4.0, 0.0; 1
3.0, 4.0, 0.0; 1
4.0, 4.0, 0.0; 2
5.0, 4.0, 0.0; 1
8.0, 4.0, 0.0; 1
-8.0, 5.0, 0.0; 5
-7.0, 5.0, 0.0; 4
-6.0, 5.0, 0.0; 1
-5.0, 5.0, 0.0; 4
-4.0, 5.0, 0.0; 11
-3.0, 5.0, 0.0; 13
-2.0, 5.0, 0.0; 4
-1.0, 5.0, 0.0; 2
0.0, 5.0, 0.0; 6
1.0, 5.0, 0.0; 9
2.0, 5.0, 0.0; 3
3.0, 5.0, 0.0; 9
4.0, 5.0, 0.0; 1
5.0, 5.0, 0.0; 2
6.0, 5.0, 0.0; 1
7.0, 5.0, 0.0; 2
-8.0, 6.0, 0.0; 5
-7.0, 6.0, 0.0; 39
-6.0, 6.0, 0.0; 246
-5.0, 6.0, 0.0; 22
-4.0, 6.0, 0.0; 4
-3.0, 6.0, 0.0; 6
-2.0, 6.0, 0.0; 13
-1.0, 6.0, 0.0; 25
0.0, 6.0, 0.0; 28
1.0, 6.0, 0.0; 6
2.0, 6.0, 0.0; 3
3.0, 6.0, 0.0; 3
4.0, 6.0, 0.0; 3
5.0, 6.0, 0.0; 1
7.0, 6.0, 0.0; 1
-7.0, 7.0, 0.0; 2
-6.0, 7.0, 0.0; 13
-5.0, 7.0, 0.0; 20
-4.0, 7.0, 0.0; 2
-3.0, 7.0, 0.0; 2
-2.0, 7.0, 0.0; 5
-1.0, 7.0, 0.0; 23
0.0, 7.0, 0.0; 2
3.0, 7.0, 0.0; 1
4.0, 7.0, 0.0; 1
-6.0, 8.0, 0.0; 1
-5.0, 8.0, 0.0; 1
-4.0, 8.0, 0.0; 2
-3.0, 8.0, 0.0; 3
-2.0, 8.0, 0.0; 3
-1.0, 8.0, 0.0; 2
0.0, 8.0, 0.0; 2
1.0, 8.0, 0.0; 2
2.0, 8.0, 0.0; 1
3.0, 8.0, 0.0; 2
-5.0, 9.0, 0.0; 1
-4.0, 9.0, 0.0; 1
-3.0, 9.0, 0.0; 11
-2.0, 9.0, 0.0; 18
-1.0, 9.0, 0.0; 28
0.0, 9.0, 0.0; 10
1.0, 9.0, 0.0; 2
-4.0, -10.0, 1.0; 2
-3.0, -10.0, 1.0; 4
-2.0, -10.0, 1.0; 8
-1.0, -10.0, 1.0; 3
0.0, -10.0, 1.0; 3
1.0, -10.0, 1.0; 2
2.0, -10.0, 1.0; 1
-6.0, -9.0, 1.0; 1
-5.0, -9.0, 1.0; 2
-4.0, -9.0, 1.0; 8
-3.0, -9.0, 1.0; 8
-1.0, -9.0, 1.0; 2
0.0, -9.0, 1.0; 3
1.0, -9.0, 1.0; 2
2.0, -9.0, 1.0; 2
3.0, -9.0, 1.0; 1
4.0, -9.0, 1.0; 1
5.0, -9.0, 1.0; 1
-7.0, -8.0, 1.0; 1
-6.0, -8.0, 1.0; 9
-5.0, -8.0, 1.0; 3
-4.0, -8.0, 1.0; 2
-3.0, -8.0, 1.0; 3
-2.0, -8.0, 1.0; 1
0.0, -8.0, 1.0; 2
1.0, -8.0, 1.0; 1
2.0, -8.0, 1.0; 5
3.0, -8.0, 1.0; 1
5.0, -8.0, 1.0; 1
6.0, -8.0, 1.0; 2
-8.0, -7.0, 1.0; 2
-7.0, -7.0, 1.0; 4
-6.0, -7.0, 1.0; 5
-5.0, -7.0, 1.0; 1
-4.0, -7.0, 1.0; 18
-3.0, -7.0, 1.0; 64
-2.0, -7.0, 1.0; 62
-1.0, -7.0, 1.0; 44
0.0, -7.0, 1.0; 14
1.0, -7.0, 1.0; 3
2.0, -7.0, 1.0; 3
3.0, -7.0, 1.0; 1
-8.0, -6.0, 1.0; 4
-7.0, -6.0, 1.0; 8
-6.0, -6.0, 1.0; 1
-5.0, -6.0, 1.0; 25
-4.0, -6.0, 1.0; 45
-3.0, -6.0, 1.0; 25
-2.0, -6.0, 1.0; 11
-1.0, -6.0, 1.0; 19
0.0, -6.0, 1.0; 16
1.0, -6.0, 1.0; 2
2.0, -6.0, 1.0; 5
3.0, -6.0, 1.0; 5
4.0, -6.0, 1.0; 3
6.0, -6.0, 1.0; 1
-9.0, -5.0, 1.0; 1
-8.0, -5.0, 1.0; 10
-7.0, -5.0, 1.0; 2
-6.0, -5.0, 1.0; 8
-5.0, -5.0, 1.0; 20
-4.0, -5.0, 1.0; 1
-3.0, -5.0, 1.0; 3
-2.0, -5.0, 1.0; 2
-1.0, -5.0, 1.0; 1
2.0, -5.0, 1.0; 2
3.0, -5.0, 1.0; 4
4.0, -5.0, 1.0; 5
5.0, -5.0, 1.0; 1
-9.0, -4.0, 1.0; 3
-8.0, -4.0, 1.0; 8
-7.0, -4.0, 1.0; 4
-6.0, -4.0, 1.0; 22
-5.0, -4.0, 1.0; 6
-4.0, -4.0, 1.0; 1
4.0, -4.0, 1.0; 1
5.0, -4.0, 1.0; 2
-9.0, -3.0, 1.0; 5
-8.0, -3.0, 1.0; 8
-7.0, -3.0, 1.0; 1
-6.0, -3.0, 1.0; 1
-9.0, -2.0, 1.0; 3
-8.0, -2.0, 1.0; 2
-6.0, -2.0, 1.0; 1
9.0, -2.0, 1.0; 1
-10.0, -1.0, 1.0; 1
-8.0, -1.0, 1.0; 2
-7.0, -1.0, 1.0; 3
-6.0, -1.0, 1.0; 3
-5.0, -1.0, 1.0; 2
8.0, -1.0, 1.0; 1
-8.0, 0.0, 1.0; 1
-7.0, 0.0, 1.0; 1
-6.0, 0.0, 1.0; 6
-9.0, 1.0, 1.0; 2
-8.0, 1.0, 1.0; 1
-7.0, 1.0, 1.0; 1
-6.0, 1.0, 1.0; 4
-5.0, 1.0, 1.0; 2
-8.0, 2.0, 1.0; 3
-7.0, 2.0, 1.0; 1
-6.0, 2.0, 1.0; 3
-5.0, 2.0, 1.0; 20
-4.0, 2.0, 1.0; 2
4.0, 2.0, 1.0; 1
-8.0, 3.0, 1.0; 5
-6.0, 3.0, 1.0; 2
-5.0, 3.0, 1.0; 10
-4.0, 3.0, 1.0; 7
4.0, 3.0, 1.0; 2
-9.0, 4.0, 1.0; 2
-8.0, 4.0, 1.0; 7
-7.0, 4.0, 1.0; 1
-6.0, 4.0, 1.0; 1
-5.0, 4.0, 1.0; 2
-4.0, 4.0, 1.0; 7
-3.0, 4.0, 1.0; 1
1.0, 4.0, 1.0; 3
2.0, 4.0, 1.0; 2
3.0, 4.0, 1.0; 2
4.0, 4.0, 1.0; 2
7.0, 4.0, 1.0; 1
-8.0, 5.0, 1.0; 2
-7.0, 5.0, 1.0; 2
-6.0, 5.0, 1.0; 3
-5.0, 5.0, 1.0; 2
-4.0, 5.0, 1.0; 21
-3.0, 5.0, 1.0; 439
-2.0, 5.0, 1.0; 170
-1.0, 5.0, 1.0; 8
0.0, 5.0, 1.0; 8
1.0, 5.0, 1.0; 8
3.0, 5.0, 1.0; 2
4.0, 5.0, 1.0; 2
5.0, 5.0, 1.0; 2
-8.0, 6.0, 1.0; 1
-7.0, 6.0, 1.0; 9
-6.0, 6.0, 1.0; 19
-5.0, 6.0, 1.0; 9
-4.0, 6.0, 1.0; 11
-3.0, 6.0, 1.0; 19
-2.0, 6.0, 1.0; 9
-1.0, 6.0, 1.0; 6
0.0, 6.0, 1.0; 3
1.0, 6.0, 1.0; 3
2.0, 6.0, 1.0; 2
3.0, 6.0, 1.0; 5
4.0, 6.0, 1.0; 1
5.0, 6.0, 1.0; 1
6.0, 6.0, 1.0; 3
-7.0, 7.0, 1.0; 1
-6.0, 7.0, 1.0; 1
-5.0, 7.0, 1.0; 5
-4.0, 7.0, 1.0; 2
-3.0, 7.0, 1.0; 1
-2.0, 7.0, 1.0; 1
-1.0, 7.0, 1.0; 4
2.0, 7.0, 1.0; 1
3.0, 7.0, 1.0; 1
4.0, 7.0, 1.0; 1
-4.0, 8.0, 1.0; 2
-3.0, 8.0, 1.0; 2
-2.0, 8.0, 1.0; 4
-1.0, 8.0, 1.0; 4
0.0, 8.0, 1.0; 1
1.0, 8.0, 1.0; 1
-4.0, 9.0, 1.0; 1
-3.0, 9.0, 1.0; 9
-2.0, 9.0, 1.0; 10
-1.0, 9.0, 1.0; 20
0.0, 9.0, 1.0; 13
1.0, 9.0, 1.0; 7
2.0, 9.0, 1.0; 3
-3.0, -10.0, 2.0; 1
-2.0, -10.0, 2.0; 2
-1.0, -10.0, 2.0; 4
2.0, -10.0, 2.0; 1
-6.0, -9.0, 2.0; 1
-5.0, -9.0, 2.0; 3
-4.0, -9.0, 2.0; 5
-3.0, -9.0, 2.0; 5
-2.0, -9.0, 2.0; 6
-1.0, -9.0, 2.0; 4
0.0, -9.0, 2.0; 1
2.0, -9.0, 2.0; 2
-7.0, -8.0, 2.0; 1
-6.0, -8.0, 2.0; 5
-5.0, -8.0, 2.0; 7
-4.0, -8.0, 2.0; 6
-3.0, -8.0, 2.0; 3
-2.0, -8.0, 2.0; 5
-1.0, -8.0, 2.0; 2
0.0, -8.0, 2.0; 3
1.0, -8.0, 2.0; 1
2.0, -8.0, 2.0; 1
3.0, -8.0, 2.0; 1
4.0, -8.0, 2.0; 2
5.0, -8.0, 2.0; 1
-7.0, -7.0, 2.0; 1
-6.0, -7.0, 2.0; 3
-5.0, -7.0, 2.0; 2
-4.0, -7.0, 2.0; 1
-3.0, -7.0, 2.0; 3
-2.0, -7.0, 2.0; 7
-1.0, -7.0, 2.0; 2
0.0, -7.0, 2.0; 1
1.0, -7.0, 2.0; 1
2.0, -7.0, 2.0; 5
3.0, -7.0, 2.0; 1
5.0, -7.0, 2.0; 1
-8.0, -6.0, 2.0; 1
-7.0, -6.0, 2.0; 5
-6.0, -6.0, 2.0; 1
-5.0, -6.0, 2.0; 3
-4.0, -6.0, 2.0; 27
-3.0, -6.0, 2.0; 37
-2.0, -6.0, 2.0; 24
-1.0, -6.0, 2.0; 16
0.0, -6.0, 2.0; 1
1.0, -6.0, 2.0; 2
2.0, -6.0, 2.0; 4
-8.0, -5.0, 2.0; 4
-7.0, -5.0, 2.0; 9
-6.0, -5.0, 2.0; 1
-5.0, -5.0, 2.0; 19
-4.0, -5.0, 2.0; 26
-3.0, -5.0, 2.0; 4
-2.0, -5.0, 2.0; 2
0.0, -5.0, 2.0; 3
1.0, -5.0, 2.0; 3
2.0, -5.0, 2.0; 1
3.0, -5.0, 2.0; 2
4.0, -5.0, 2.0; 1
5.0, -5.0, 2.0; 1
-8.0, -4.0, 2.0; 6
-7.0, -4.0, 2.0; 4
-6.0, -4.0, 2.0; 2
-5.0, -4.0, 2.0; 13
1.0, -4.0, 2.0; 1
2.0, -4.0, 2.0; 2
4.0, -4.0, 2.0; 1
-9.0, -3.0, 2.0; 1
-8.0, -3.0, 2.0; 6
-7.0, -3.0, 2.0; 4
-6.0, -3.0, 2.0; 2
-5.0, -3.0, 2.0; 1
-9.0, -2.0, 2.0; 1
-8.0, -2.0, 2.0; 2
-7.0, -2.0, 2.0; 1
-6.0, -2.0, 2.0; 1
-5.0, -2.0, 2.0; 1
2.0, -2.0, 2.0; 1
-10.0, -1.0, 2.0; 2
-9.0, -1.0, 2.0; 2
-8.0, -1.0, 2.0; 2
-7.0, -1.0, 2.0; 3
-6.0, -1.0, 2.0; 1
-10.0, 0.0, 2.0; 1
-8.0, 0.0, 2.0; 1
-7.0, 0.0, 2.0; 1
-6.0, 0.0, 2.0; 6
-5.0, 0.0, 2.0; 1
5.0, 0.0, 2.0; 1
-10.0, 1.0, 2.0; 1
-8.0, 1.0, 2.0; 3
-7.0, 1.0, 2.0; 2
-5.0, 1.0, 2.0; 51
-4.0, 1.0, 2.0; 45
-8.0, 2.0, 2.0; 2
-7.0, 2.0, 2.0; 2
-5.0, 2.0, 2.0; 84
-4.0, 2.0, 2.0; 395
-3.0, 2.0, 2.0; 8
3.0, 2.0, 2.0; 1
-8.0, 3.0, 2.0; 2
-7.0, 3.0, 2.0; 2
-6.0, 3.0, 2.0; 2
-5.0, 3.0, 2.0; 5
-4.0, 3.0, 2.0; 25
-3.0, 3.0, 2.0; 11
-2.0, 3.0, 2.0; 1
4.0, 3.0, 2.0; 3
-8.0, 4.0, 2.0; 1
-7.0, 4.0, 2.0; 4
-6.0, 4.0, 2.0; 3
-4.0, 4.0, 2.0; 5
-3.0, 4.0, 2.0; 10
-2.0, 4.0, 2.0; 12
-1.0, 4.0, 2.0; 13
0.0, 4.0, 2.0; 6
2.0, 4.0, 2.0; 1
3.0, 4.0, 2.0; 3
-6.0, 5.0, 2.0; 4
-5.0, 5.0, 2.0; 1
-4.0, 5.0, 2.0; 6
-3.0, 5.0, 2.0; 42
-2.0, 5.0, 2.0; 35
-1.0, 5.0, 2.0; 7
0.0, 5.0, 2.0; 1
2.0, 5.0, 2.0; 3
4.0, 5.0, 2.0; 1
6.0, 5.0, 2.0; 1
-8.0, 6.0, 2.0; 2
-7.0, 6.0, 2.0; 7
-6.0, 6.0, 2.0; 5
-5.0, 6.0, 2.0; 4
-4.0, 6.0, 2.0; 2
-3.0, 6.0, 2.0; 1
-2.0, 6.0, 2.0; 1
-1.0, 6.0, 2.0; 3
1.0, 6.0, 2.0; 2
2.0, 6.0, 2.0; 1
4.0, 6.0, 2.0; 1
-5.0, 7.0, 2.0; 5
-4.0, 7.0, 2.0; 2
-3.0, 7.0, 2.0; 1
-1.0, 7.0, 2.0; 3
0.0, 7.0, 2.0; 2
1.0, 7.0, 2.0; 2
3.0, 7.0, 2.0; 2
-5.0, 8.0, 2.0; 2
-4.0, 8.0, 2.0; 4
-3.0, 8.0, 2.0; 9
-2.0, 8.0, 2.0; 5
-1.0, 8.0, 2.0; 3
0.0, 8.0, 2.0; 2
1.0, 8.0, 2.0; 1
2.0, 8.0, 2.0; 2
-3.0, 9.0, 2.0; 2
-2.0, 9.0, 2.0; 5
-1.0, 9.0, 2.0; 11
0.0, 9.0, 2.0; 6
1.0, 9.0, 2.0; 1
-1.0, -10.0, 3.0; 1
-4.0, -9.0, 3.0; 1
-3.0, -9.0, 3.0; 3
-2.0, -9.0, 3.0; 3
-1.0, -9.0, 3.0; 2
0.0, -9.0, 3.0; 1
-5.0, -8.0, 3.0; 4
-4.0, -8.0, 3.0; 5
-3.0, -8.0, 3.0; 3
-2.0, -8.0, 3.0; 4
-1.0, -8.0, 3.0; 8
0.0, -8.0, 3.0; 1
1.0, -8.0, 3.0; 1
3.0, -8.0, 3.0; 1
-7.0, -7.0, 3.0; 2
-6.0, -7.0, 3.0; 7
-5.0, -7.0, 3.0; 4
-4.0, -7.0, 3.0; 4
-3.0, -7.0, 3.0; 1
-2.0, -7.0, 3.0; 3
0.0, -7.0, 3.0; 3
2.0, -7.0, 3.0; 1
5.0, -7.0, 3.0; 1
-7.0, -6.0, 3.0; 1
-6.0, -6.0, 3.0; 4
-5.0, -6.0, 3.0; 4
-4.0, -6.0, 3.0; 1
-2.0, -6.0, 3.0; 2
-1.0, -6.0, 3.0; 2
0.0, -6.0, 3.0; 2
1.0, -6.0, 3.0; 3
2.0, -6.0, 3.0; 1
3.0, -6.0, 3.0; 2
-7.0, -5.0, 3.0; 2
-6.0, -5.0, 3.0; 8
-2.0, -5.0, 3.0; 1
0.0, -5.0, 3.0; 1
2.0, -5.0, 3.0; 1
-8.0, -4.0, 3.0; 1
-7.0, -4.0, 3.0; 3
-6.0, -4.0, 3.0; 2
-4.0, -4.0, 3.0; 2
0.0, -4.0, 3.0; 1
4.0, -4.0, 3.0; 1
-9.0, -3.0, 3.0; 2
-8.0, -3.0, 3.0; 1
-7.0, -3.0, 3.0; 7
-6.0, -3.0, 3.0; 2
-3.0, -3.0, 3.0; 1
1.0, -3.0, 3.0; 1
3.0, -3.0, 3.0; 1
5.0, -3.0, 3.0; 1
-8.0, -2.0, 3.0; 3
-7.0, -2.0, 3.0; 1
-6.0, -2.0, 3.0; 9
-5.0, -2.0, 3.0; 2
-4.0, -2.0, 3.0; 3
0.0, -2.0, 3.0; 1
1.0, -2.0, 3.0; 1
3.0, -2.0, 3.0; 1
-9.0, -1.0, 3.0; 1
-7.0, -1.0, 3.0; 2
-6.0, -1.0, 3.0; 2
-5.0, -1.0, 3.0; 3
-2.0, -1.0, 3.0; 1
3.0, -1.0, 3.0; 1
-9.0, 0.0, 3.0; 2
-8.0, 0.0, 3.0; 1
-7.0, 0.0, 3.0; 1
-6.0, 0.0, 3.0; 1
-5.0, 0.0, 3.0; 3
-4.0, 0.0, 3.0; 5
3.0, 0.0, 3.0; 1
-7.0, 1.0, 3.0; 2
-6.0, 1.0, 3.0; 1
-5.0, 1.0, 3.0; 2
-4.0, 1.0, 3.0; 28
-3.0, 1.0, 3.0; 9
1.0, 1.0, 3.0; 1
4.0, 1.0, 3.0; 1
5.0, 1.0, 3.0; 1
-8.0, 2.0, 3.0; 2
-7.0, 2.0, 3.0; 2
-5.0, 2.0, 3.0; 2
-4.0, 2.0, 3.0; 53
-3.0, 2.0, 3.0; 34
-2.0, 2.0, 3.0; 5
0.0, 2.0, 3.0; 1
2.0, 2.0, 3.0; 7
3.0, 2.0, 3.0; 1
4.0, 2.0, 3.0; 1
5.0, 2.0, 3.0; 1
9.0, 2.0, 3.0; 1
-8.0, 3.0, 3.0; 2
-7.0, 3.0, 3.0; 3
-6.0, 3.0, 3.0; 1
-4.0, 3.0, 3.0; 4
-3.0, 3.0, 3.0; 22
-2.0, 3.0, 3.0; 16
-1.0, 3.0, 3.0; 2
0.0, 3.0, 3.0; 4
1.0, 3.0, 3.0; 1
2.0, 3.0, 3.0; 5
4.0, 3.0, 3.0; 1
-8.0, 4.0, 3.0; 1
-7.0, 4.0, 3.0; 2
-5.0, 4.0, 3.0; 3
-4.0, 4.0, 3.0; 1
-3.0, 4.0, 3.0; 2
-2.0, 4.0, 3.0; 2
-1.0, 4.0, 3.0; 9
0.0, 4.0, 3.0; 2
2.0, 4.0, 3.0; 1
4.0, 4.0, 3.0; 1
-8.0, 5.0, 3.0; 1
-7.0, 5.0, 3.0; 1
-6.0, 5.0, 3.0; 1
-5.0, 5.0, 3.0; 2
-3.0, 5.0, 3.0; 1
-1.0, 5.0, 3.0; 1
1.0, 5.0, 3.0; 2
2.0, 5.0, 3.0; 1
3.0, 5.0, 3.0; 2
4.0, 5.0, 3.0; 1
-6.0, 6.0, 3.0; 2
-4.0, 6.0, 3.0; 1
-3.0, 6.0, 3.0; 3
0.0, 6.0, 3.0; 2
1.0, 6.0, 3.0; 2
3.0, 6.0, 3.0; 1
-6.0, 7.0, 3.0; 1
-5.0, 7.0, 3.0; 4
-3.0, 7.0, 3.0; 3
-2.0, 7.0, 3.0; 2
-1.0, 7.0, 3.0; 3
0.0, 7.0, 3.0; 1
-4.0, 8.0, 3.0; 2
-3.0, 8.0, 3.0; 6
-2.0, 8.0, 3.0; 9
-1.0, 8.0, 3.0; 3
0.0, 8.0, 3.0; 1
1.0, 8.0, 3.0; 2
4.0, 8.0, 3.0; 1
-2.0, 9.0, 3.0; 2
0.0, 9.0, 3.0; 1
-4.0, -8.0, 4.0; 6
-3.0, -8.0, 4.0; 2
-2.0, -8.0, 4.0; 1
-1.0, -8.0, 4.0; 1
0.0, -8.0, 4.0; 3
-7.0, -7.0, 4.0; 2
-6.0, -7.0, 4.0; 3
-5.0, -7.0, 4.0; 1
-4.0, -7.0, 4.0; 2
-3.0, -7.0, 4.0; 5
-2.0, -7.0, 4.0; 2
-1.0, -7.0, 4.0; 4
0.0, -7.0, 4.0; 1
1.0, -7.0, 4.0; 1
2.0, -7.0, 4.0; 2
-7.0, -6.0, 4.0; 1
-6.0, -6.0, 4.0; 4
-5.0, -6.0, 4.0; 2
-4.0, -6.0, 4.0; 2
-3.0, -6.0, 4.0; 6
-2.0, -6.0, 4.0; 4
0.0, -6.0, 4.0; 2
1.0, -6.0, 4.0; 2
4.0, -6.0, 4.0; 1
-7.0, -5.0, 4.0; 1
-6.0, -5.0, 4.0; 2
-5.0, -5.0, 4.0; 1
-4.0, -5.0, 4.0; 1
-3.0, -5.0, 4.0; 3
-2.0, -5.0, 4.0; 6
-1.0, -5.0, 4.0; 2
0.0, -5.0, 4.0; 1
1.0, -5.0, 4.0; 1
2.0, -5.0, 4.0; 3
-8.0, -4.0, 4.0; 1
-7.0, -4.0, 4.0; 4
-6.0, -4.0, 4.0; 4
-5.0, -4.0, 4.0; 7
-4.0, -4.0, 4.0; 1
-3.0, -4.0, 4.0; 3
-2.0, -4.0, 4.0; 4
-1.0, -4.0, 4.0; 1
4.0, -4.0, 4.0; 1
-8.0, -3.0, 4.0; 2
-6.0, -3.0, 4.0; 7
-5.0, -3.0, 4.0; 2
-4.0, -3.0, 4.0; 2
-3.0, -3.0, 4.0; 2
-1.0, -3.0, 4.0; 4
0.0, -3.0, 4.0; 4
-7.0, -2.0, 4.0; 1
-6.0, -2.0, 4.0; 3
-5.0, -2.0, 4.0; 5
-4.0, -2.0, 4.0; 9
-3.0, -2.0, 4.0; 2
-2.0, -2.0, 4.0; 1
-1.0, -2.0, 4.0; 1
0.0, -2.0, 4.0; 4
1.0, -2.0, 4.0; 1
-8.0, -1.0, 4.0; 1
-6.0, -1.0, 4.0; 1
-5.0, -1.0, 4.0; 1
-4.0, -1.0, 4.0; 4
-3.0, -1.0, 4.0; 3
-2.0, -1.0, 4.0; 4
-1.0, -1.0, 4.0; 4
0.0, -1.0, 4.0; 2
1.0, -1.0, 4.0; 4
-3.0, 0.0, 4.0; 1
-2.0, 0.0, 4.0; 1
1.0, 0.0, 4.0; 2
2.0, 0.0, 4.0; 1
4.0, 0.0, 4.0; 1
-6.0, 1.0, 4.0; 1
-5.0, 1.0, 4.0; 1
-4.0, 1.0, 4.0; 1
-3.0, 1.0, 4.0; 2
-2.0, 1.0, 4.0; 2
-1.0, 1.0, 4.0; 2
0.0, 1.0, 4.0; 1
1.0, 1.0, 4.0; 1
3.0, 1.0, 4.0; 2
5.0, 1.0, 4.0; 1
-9.0, 2.0, 4.0; 1
-7.0, 2.0, 4.0; 1
-6.0, 2.0, 4.0; 1
-4.0, 2.0, 4.0; 1
-3.0, 2.0, 4.0; 1
0.0, 2.0, 4.0; 6
1.0, 2.0, 4.0; 4
2.0, 2.0, 4.0; 1
-5.0, 3.0, 4.0; 1
-4.0, 3.0, 4.0; 1
-3.0, 3.0, 4.0; 1
0.0, 3.0, 4.0; 2
1.0, 3.0, 4.0; 2
-7.0, 4.0, 4.0; 1
-6.0, 4.0, 4.0; 1
-5.0, 4.0, 4.0; 5
-4.0, 4.0, 4.0; 1
-3.0, 4.0, 4.0; 2
0.0, 4.0, 4.0; 1
1.0, 4.0, 4.0; 1
3.0, 4.0, 4.0; 2
5.0, 4.0, 4.0; 1
-7.0, 5.0, 4.0; 2
-6.0, 5.0, 4.0; 1
-3.0, 5.0, 4.0; 1
-2.0, 5.0, 4.0; 1
1.0, 5.0, 4.0; 1
-5.0, 6.0, 4.0; 1
-4.0, 6.0, 4.0; 2
-3.0, 6.0, 4.0; 2
-2.0, 6.0, 4.0; 2
-1.0, 6.0, 4.0; 2
1.0, 6.0, 4.0; 2
4.0, 6.0, 4.0; 1
6.0, 6.0, 4.0; 1
-5.0, 7.0, 4.0; 1
-4.0, 7.0, 4.0; 1
-3.0, 7.0, 4.0; 4
-2.0, 7.0, 4.0; 1
-1.0, 7.0, 4.0; 2
0.0, 7.0, 4.0; 2
3.0, 7.0, 4.0; 1
-3.0, 8.0, 4.0; 1
-1.0, 8.0, 4.0; 3
2.0, 8.0, 4.0; 1
-1.0, -9.0, 5.0; 1
-4.0, -8.0, 5.0; 3
-3.0, -8.0, 5.0; 1
-2.0, -8.0, 5.0; 1
1.0, -8.0, 5.0; 2
2.0, -8.0, 5.0; 1
3.0, -8.0, 5.0; 1
-5.0, -7.0, 5.0; 1
-4.0, -7.0, 5.0; 2
-3.0, -7.0, 5.0; 1
-2.0, -7.0, 5.0; 5
-1.0, -7.0, 5.0; 1
2.0, -7.0, 5.0; 1
3.0, -7.0, 5.0; 1
4.0, -7.0, 5.0; 1
-7.0, -6.0, 5.0; 2
-6.0, -6.0, 5.0; 1
-5.0, -6.0, 5.0; 2
-4.0, -6.0, 5.0; 1
-3.0, -6.0, 5.0; 2
-2.0, -6.0, 5.0; 1
0.0, -6.0, 5.0; 1
3.0, -6.0, 5.0; 1
4.0, -6.0, 5.0; 1
-8.0, -5.0, 5.0; 1
-7.0, -5.0, 5.0; 2
-6.0, -5.0, 5.0; 2
-5.0, -5.0, 5.0; 6
-4.0, -5.0, 5.0; 1
-3.0, -5.0, 5.0; 3
-1.0, -5.0, 5.0; 1
0.0, -5.0, 5.0; 1
2.0, -5.0, 5.0; 3
4.0, -5.0, 5.0; 1
-5.0, -4.0, 5.0; 5
-3.0, -4.0, 5.0; 3
-2.0, -4.0, 5.0; 1
-1.0, -4.0, 5.0; 1
0.0, -4.0, 5.0; 1
-5.0, -3.0, 5.0; 1
-6.0, -2.0, 5.0; 1
-2.0, -2.0, 5.0; 2
-1.0, -2.0, 5.0; 2
7.0, -2.0, 5.0; 1
-9.0, -1.0, 5.0; 1
-6.0, -1.0, 5.0; 1
-3.0, -1.0, 5.0; 1
-2.0, -1.0, 5.0; 2
-1.0, -1.0, 5.0; 1
-7.0, 0.0, 5.0; 2
-5.0, 0.0, 5.0; 4
-3.0, 0.0, 5.0; 2
-2.0, 0.0, 5.0; 1
0.0, 0.0, 5.0; 1
1.0, 0.0, 5.0; 1
5.0, 0.0, 5.0; 1
-8.0, 1.0, 5.0; 1
-5.0, 1.0, 5.0; 1
-2.0, 1.0, 5.0; 3
0.0, 1.0, 5.0; 3
-8.0, 2.0, 5.0; 1
-7.0, 2.0, 5.0; 1
-6.0, 2.0, 5.0; 1
-3.0, 2.0, 5.0; 2
-2.0, 2.0, 5.0; 2
-1.0, 2.0, 5.0; 2
-8.0, 3.0, 5.0; 1
-7.0, 3.0, 5.0; 1
-6.0, 3.0, 5.0; 2
-5.0, 3.0, 5.0; 2
-4.0, 3.0, 5.0; 3
-3.0, 3.0, 5.0; 1
-1.0, 3.0, 5.0; 1
0.0, 3.0, 5.0; 2
1.0, 3.0, 5.0; 1
2.0, 3.0, 5.0; 1
-7.0, 4.0, 5.0; 2
-4.0, 4.0, 5.0; 2
-3.0, 4.0, 5.0; 2
-2.0, 4.0, 5.0; 2
-1.0, 4.0, 5.0; 2
0.0, 4.0, 5.0; 4
-3.0, 5.0, 5.0; 1
-2.0, 5.0, 5.0; 1
-1.0, 5.0, 5.0; 1
4.0, 5.0, 5.0; 2
-6.0, 6.0, 5.0; 1
-4.0, 6.0, 5.0; 1
-3.0, 6.0, 5.0; 1
0.0, 6.0, 5.0; 1
0.0, 8.0, 5.0; 1
-2.0, -8.0, 6.0; 1
1.0, -8.0, 6.0; 1
-3.0, -7.0, 6.0; 1
-2.0, -7.0, 6.0; 1
1.0, -7.0, 6.0; 2
3.0, -7.0, 6.0; 1
-5.0, -6.0, 6.0; 3
-4.0, -6.0, 6.0; 3
-3.0, -6.0, 6.0; 3
-2.0, -6.0, 6.0; 3
-3.0, -5.0, 6.0; 1
-2.0, -5.0, 6.0; 2
-3.0, -4.0, 6.0; 1
1.0, -4.0, 6.0; 1
3.0, -4.0, 6.0; 1
5.0, -4.0, 6.0; 1
6.0, -4.0, 6.0; 1
-5.0, -3.0, 6.0; 1
-3.0, -3.0, 6.0; 2
-1.0, -3.0, 6.0; 2
-6.0, -2.0, 6.0; 1
-1.0, -2.0, 6.0; 1
-6.0, -1.0, 6.0; 3
-4.0, -1.0, 6.0; 1
-3.0, -1.0, 6.0; 1
-2.0, -1.0, 6.0; 1
1.0, -1.0, 6.0; 1
-8.0, 0.0, 6.0; 1
-6.0, 0.0, 6.0; 1
-4.0, 0.0, 6.0; 1
-2.0, 0.0, 6.0; 2
0.0, 0.0, 6.0; 1
-7.0, 1.0, 6.0; 1
-6.0, 1.0, 6.0; 1
-2.0, 1.0, 6.0; 1
2.0, 1.0, 6.0; 1
-6.0, 2.0, 6.0; 1
-5.0, 2.0, 6.0; 1
-4.0, 2.0, 6.0; 3
-3.0, 2.0, 6.0; 2
-7.0, 3.0, 6.0; 1
-5.0, 3.0, 6.0; 1
-2.0, 3.0, 6.0; 1
0.0, 3.0, 6.0; 1
2.0, 3.0, 6.0; 1
4.0, 3.0, 6.0; 1
-1.0, 4.0, 6.0; 1
0.0, 4.0, 6.0; 4
1.0, 4.0, 6.0; 1
3.0, 4.0, 6.0; 1
-5.0, 5.0, 6.0; 1
-3.0, 5.0, 6.0; 2
-1.0, 5.0, 6.0; 1
-4.0, 6.0, 6.0; 1
1.0, 7.0, 6.0; 1
-2.0, -7.0, 7.0; 1
-5.0, -6.0, 7.0; 1
-4.0, -6.0, 7.0; 1
-3.0, -6.0, 7.0; 1
-1.0, -6.0, 7.0; 1
-2.0, -5.0, 7.0; 2
-6.0, -4.0, 7.0; 1
-2.0, -4.0, 7.0; 1
-6.0, -3.0, 7.0; 1
-5.0, -3.0, 7.0; 1
-6.0, -2.0, 7.0; 1
-4.0, -2.0, 7.0; 2
3.0, -2.0, 7.0; 1
-5.0, -1.0, 7.0; 1
-3.0, -1.0, 7.0; 1
-2.0, -1.0, 7.0; 1
-1.0, -1.0, 7.0; 2
-6.0, 1.0, 7.0; 1
-5.0, 2.0, 7.0; 1
-4.0, 2.0, 7.0; 1
-3.0, 2.0, 7.0; 2
5.0, 2.0, 7.0; 1
-3.0, 3.0, 7.0; 1
1.0, 3.0, 7.0; 1
-5.0, 5.0, 7.0; 1
-4.0, 5.0, 7.0; 1
3.0, 5.0, 7.0; 1
-3.0, -5.0, 8.0; 1
-2.0, -5.0, 8.0; 1
-4.0, -3.0, 8.0; 1
-2.0, -3.0, 8.0; 1
0.0, -3.0, 8.0; 1
4.0, -3.0, 8.0; 1
-1.0, -2.0, 8.0; 1
2.0, -1.0, 8.0; 1
0.0, 0.0, 8.0; 1
-4.0, 1.0, 8.0; 1
0.0, 1.0, 8.0; 1
1.0, -2.0, 9.0; 1
-3.0, -4.0, -10.0; 1
-2.0, -4.0, -10.0; 1
-4.0, -3.0, -10.0; 1
-2.0, -3.0, -10.0; 1
-1.0, -3.0, -10.0; 1
0.0, -3.0, -10.0; 2
1.0, -3.0, -10.0; 1
-4.0, -2.0, -10.0; 1
-3.0, -2.0, -10.0; 1
-1.0, -2.0, -10.0; 1
0.0, -2.0, -10.0; 1
1.0, -2.0, -10.0; 1
-3.0, 0.0, -10.0; 2
0.0, 0.0, -10.0; 1
2.0, 0.0, -10.0; 1
4.0, 0.0, -10.0; 1
-2.0, 1.0, -10.0; 1
0.0, 1.0, -10.0; 1
1.0, 1.0, -10.0; 1
3.0, 1.0, -10.0; 1
-2.0, 2.0, -10.0; 2
1.0, 2.0, -10.0; 1
1.0, 3.0, -10.0; 1
-3.0, -5.0, -9.0; 2
-2.0, -5.0, -9.0; 1
2.0, -5.0, -9.0; 1
-4.0, -4.0, -9.0; 1
-3.0, -4.0, -9.0; 1
-2.0, -4.0, -9.0; 2
1.0, -4.0, -9.0; 2
2.0, -4.0, -9.0; 1
-5.0, -3.0, -9.0; 1
-3.0, -3.0, -9.0; 1
-2.0, -3.0, -9.0; 1
-1.0, -3.0, -9.0; 1
0.0, -3.0, -9.0; 1
2.0, -3.0, -9.0; 2
-3.0, -2.0, -9.0; 2
-2.0, -2.0, -9.0; 1
-1.0, -2.0, -9.0; 3
0.0, -2.0, -9.0; 2
1.0, -2.0, -9.0; 2
2.0, -2.0, -9.0; 1
-4.0, -1.0, -9.0; 3
-2.0, -1.0, -9.0; 3
-1.0, -1.0, -9.0; 3
0.0, -1.0, -9.0; 2
2.0, -1.0, -9.0; 1
3.0, -1.0, -9.0; 1
4.0, -1.0, -9.0; 2
-5.0, 0.0, -9.0; 3
-4.0, 0.0, -9.0; 4
-3.0, 0.0, -9.0; 7
-2.0, 0.0, -9.0; 4
-1.0, 0.0, -9.0; 6
0.0, 0.0, -9.0; 3
2.0, 0.0, -9.0; 1
4.0, 0.0, -9.0; 1
5.0, 0.0, -9.0; 1
-4.0, 1.0, -9.0; 3
-3.0, 1.0, -9.0; 4
-2.0, 1.0, -9.0; 5
-1.0, 1.0, -9.0; 1
0.0, 1.0, -9.0; 1
2.0, 1.0, -9.0; 1
4.0, 1.0, -9.0; 2
-5.0, 2.0, -9.0; 2
-4.0, 2.0, -9.0; 2
-3.0, 2.0, -9.0; 2
-2.0, 2.0, -9.0; 4
0.0, 2.0, -9.0; 1
4.0, 2.0, -9.0; 2
-1.0, 3.0, -9.0; 3
0.0, 3.0, -9.0; 3
1.0, 3.0, -9.0; 1
2.0, 3.0, -9.0; 2
4.0, 3.0, -9.0; 1
-2.0, 4.0, -9.0; 2
-1.0, 4.0, -9.0; 2
0.0, 4.0, -9.0; 2
0.0, 5.0, -9.0; 1
1.0, 5.0, -9.0; 1
-2.0, -7.0, -8.0; 1
0.0, -7.0, -8.0; 1
1.0, -7.0, -8.0; 1
3.0, -7.0, -8.0; 1
-2.0, -6.0, -8.0; 1
-1.0, -6.0, -8.0; 2
0.0, -6.0, -8.0; 1
1.0, -6.0, -8.0; 2
-4.0, -5.0, -8.0; 3
-2.0, -5.0, -8.0; 4
-1.0, -5.0, -8.0; 2
0.0, -5.0, -8.0; 2
2.0, -5.0, -8.0; 2
3.0, -5.0, -8.0; 1
-5.0, -4.0, -8.0; 1
-4.0, -4.0, -8.0; 3
-3.0, -4.0, -8.0; 2
-1.0, -4.0, -8.0; 2
0.0, -4.0, -8.0; 2
2.0, -4.0, -8.0; 2
3.0, -4.0, -8.0; 3
5.0, -4.0, -8.0; 1
-6.0, -3.0, -8.0; 1
-5.0, -3.0, -8.0; 6
-4.0, -3.0, -8.0; 1
-3.0, -3.0, -8.0; 3
-2.0, -3.0, -8.0; 1
-1.0, -3.0, -8.0; 1
3.0, -3.0, -8.0; 2
5.0, -3.0, -8.0; 1
-7.0, -2.0, -8.0; 1
-5.0, -2.0, -8.0; 5
-4.0, -2.0, -8.0; 6
-3.0, -2.0, -8.0; 2
-2.0, -2.0, -8.0; 4
-1.0, -2.0, -8.0; 4
1.0, -2.0, -8.0; 2
4.0, -2.0, -8.0; 1
-6.0, -1.0, -8.0; 1
-5.0, -1.0, -8.0; 3
-4.0, -1.0, -8.0; 11
-3.0, -1.0, -8.0; 4
-2.0, -1.0, -8.0; 3
1.0, -1.0, -8.0; 1
2.0, -1.0, -8.0; 3
3.0, -1.0, -8.0; 2
5.0, -1.0, -8.0; 1
6.0, -1.0, -8.0; 1
-7.0, 0.0, -8.0; 1
-6.0, 0.0, -8.0; 3
-5.0, 0.0, -8.0; 1
-4.0, 0.0, -8.0; 2
-3.0, 0.0, -8.0; 1
-2.0, 0.0, -8.0; 1
-1.0, 0.0, -8.0; 1
0.0, 0.0, -8.0; 2
1.0, 0.0, -8.0; 1
3.0, 0.0, -8.0; 1
4.0, 0.0, -8.0; 1
5.0, 0.0, -8.0; 2
6.0, 0.0, -8.0; 3
-6.0, 1.0, -8.0; 3
-5.0, 1.0, -8.0; 4
-4.0, 1.0, -8.0; 5
-3.0, 1.0, -8.0; 4
-2.0, 1.0, -8.0; 6
-1.0, 1.0, -8.0; 2
0.0, 1.0, -8.0; 3
2.0, 1.0, -8.0; 2
3.0, 1.0, -8.0; 1
4.0, 1.0, -8.0; 1
5.0, 1.0, -8.0; 3
6.0, 1.0, -8.0; 4
-7.0, 2.0, -8.0; 1
-6.0, 2.0, -8.0; 1
-5.0, 2.0, -8.0; 1
-4.0, 2.0, -8.0; 2
-3.0, 2.0, -8.0; 4
0.0, 2.0, -8.0; 2
1.0, 2.0, -8.0; 1
2.0, 2.0, -8.0; 4
3.0, 2.0, -8.0; 1
4.0, 2.0, -8.0; 2
5.0, 2.0, -8.0; 3
-6.0, 3.0, -8.0; 2
-5.0, 3.0, -8.0; 3
-4.0, 3.0, -8.0; 4
-3.0, 3.0, -8.0; 2
-2.0, 3.0, -8.0; 3
0.0, 3.0, -8.0; 2
2.0, 3.0, -8.0; 3
3.0, 3.0, -8.0; 3
-4.0, 4.0, -8.0; 1
-3.0, 4.0, -8.0; 1
-2.0, 4.0, -8.0; 1
-1.0, 4.0, -8.0; 1
0.0, 4.0, -8.0; 5
1.0, 4.0, -8.0; 4
2.0, 4.0, -8.0; 1
3.0, 4.0, -8.0; 1
-3.0, 5.0, -8.0; 2
-1.0, 5.0, -8.0; 4
0.0, 5.0, -8.0; 1
2.0, 5.0, -8.0; 1
3.0, 5.0, -8.0; 2
-3.0, -8.0, -7.0; 1
-1.0, -8.0, -7.0; 1
0.0, -8.0, -7.0; 1
1.0, -8.0, -7.0; 3
-4.0, -7.0, -7.0; 4
-3.0, -7.0, -7.0; 3
-2.0, -7.0, -7.0; 4
-1.0, -7.0, -7.0; 4
0.0, -7.0, -7.0; 1
1.0, -7.0, -7.0; 7
2.0, -7.0, -7.0; 1
3.0, -7.0, -7.0; 3
-5.0, -6.0, -7.0; 4
-4.0, -6.0, -7.0; 8
-3.0, -6.0, -7.0; 2
0.0, -6.0, -7.0; 2
1.0, -6.0, -7.0; 2
2.0, -6.0, -7.0; 3
3.0, -6.0, -7.0; 1
4.0, -6.0, -7.0; 1
5.0, -6.0, -7.0; 1
-5.0, -5.0, -7.0; 10
-3.0, -5.0, -7.0; 1
-2.0, -5.0, -7.0; 3
-1.0, -5.0, -7.0; 2
2.0, -5.0, -7.0; 1
3.0, -5.0, -7.0; 2
4.0, -5.0, -7.0; 1
5.0, -5.0, -7.0; 2
-6.0, -4.0, -7.0; 10
-5.0, -4.0, -7.0; 3
-4.0, -4.0, -7.0; 1
-3.0, -4.0, -7.0; 1
-2.0, -4.0, -7.0; 2
-1.0, -4.0, -7.0; 1
0.0, -4.0, -7.0; 1
4.0, -4.0, -7.0; 1
-8.0, -3.0, -7.0; 1
-7.0, -3.0, -7.0; 1
-6.0, -3.0, -7.0; 3
-5.0, -3.0, -7.0; 8
-4.0, -3.0, -7.0; 2
-3.0, -3.0, -7.0; 2
-1.0, -3.0, -7.0; 1
3.0, -3.0, -7.0; 1
4.0, -3.0, -7.0; 2
6.0, -3.0, -7.0; 1
-8.0, -2.0, -7.0; 1
-6.0, -2.0, -7.0; 8
-5.0, -2.0, -7.0; 12
-4.0, -2.0, -7.0; 4
-3.0, -2.0, -7.0; 3
-2.0, -2.0, -7.0; 1
-1.0, -2.0, -7.0; 1
-8.0, -1.0, -7.0; 1
-7.0, -1.0, -7.0; 1
-6.0, -1.0, -7.0; 5
-5.0, -1.0, -7.0; 32
-4.0, -1.0, -7.0; 6
-3.0, -1.0, -7.0; 3
-1.0, -1.0, -7.0; 1
3.0, -1.0, -7.0; 1
6.0, -1.0, -7.0; 3
-7.0, 0.0, -7.0; 1
-6.0, 0.0, -7.0; 1
-5.0, 0.0, -7.0; 9
-4.0, 0.0, -7.0; 5
-3.0, 0.0, -7.0; 1
-2.0, 0.0, -7.0; 2
-1.0, 0.0, -7.0; 1
1.0, 0.0, -7.0; 1
2.0, 0.0, -7.0; 2
3.0, 0.0, -7.0; 4
4.0, 0.0, -7.0; 1
7.0, 0.0, -7.0; 1
-8.0, 1.0, -7.0; 1
-7.0, 1.0, -7.0; 3
-6.0, 1.0, -7.0; 4
-5.0, 1.0, -7.0; 1
-4.0, 1.0, -7.0; 2
-2.0, 1.0, -7.0; 1
0.0, 1.0, -7.0; 3
1.0, 1.0, -7.0; 2
2.0, 1.0, -7.0; 4
3.0, 1.0, -7.0; 4
5.0, 1.0, -7.0; 2
6.0, 1.0, -7.0; 1
-7.0, 2.0, -7.0; 1
-6.0, 2.0, -7.0; 2
-5.0, 2.0, -7.0; 1
-2.0, 2.0, -7.0; 2
1.0, 2.0, -7.0; 1
2.0, 2.0, -7.0; 2
3.0, 2.0, -7.0; 3
4.0, 2.0, -7.0; 1
6.0, 2.0, -7.0; 3
-7.0, 3.0, -7.0; 2
-5.0, 3.0, -7.0; 4
-4.0, 3.0, -7.0; 1
-3.0, 3.0, -7.0; 1
4.0, 3.0, -7.0; 1
6.0, 3.0, -7.0; 1
-6.0, 4.0, -7.0; 3
-5.0, 4.0, -7.0; 2
-4.0, 4.0, -7.0; 6
-3.0, 4.0, -7.0; 4
-2.0, 4.0, -7.0; 1
-1.0, 4.0, -7.0; 2
1.0, 4.0, -7.0; 1
-4.0, 5.0, -7.0; 8
-3.0, 5.0, -7.0; 12
-2.0, 5.0, -7.0; 2
-1.0, 5.0, -7.0; 2
0.0, 5.0, -7.0; 1
1.0, 5.0, -7.0; 3
2.0, 5.0, -7.0; 1
4.0, 5.0, -7.0; 1
5.0, 5.0, -7.0; 1
-4.0, 6.0, -7.0; 1
-3.0, 6.0, -7.0; 5
-2.0, 6.0, -7.0; 3
-1.0, 6.0, -7.0; 4
0.0, 6.0, -7.0; 2
-1.0, 7.0, -7.0; 5
0.0, -9.0, -6.0; 3
2.0, -9.0, -6.0; 1
-3.0, -8.0, -6.0; 1
-2.0, -8.0, -6.0; 13
-1.0, -8.0, -6.0; 24
0.0, -8.0, -6.0; 6
1.0, -8.0, -6.0; 7
2.0, -8.0, -6.0; 1
-5.0, -7.0, -6.0; 2
-4.0, -7.0, -6.0; 8
-3.0, -7.0, -6.0; 13
-2.0, -7.0, -6.0; 31
-1.0, -7.0, -6.0; 38
0.0, -7.0, -6.0; 9
1.0, -7.0, -6.0; 2
2.0, -7.0, -6.0; 2
3.0, -7.0, -6.0; 1
4.0, -7.0, -6.0; 1
-7.0, -6.0, -6.0; 2
-6.0, -6.0, -6.0; 2
-5.0, -6.0, -6.0; 7
-4.0, -6.0, -6.0; 7
-3.0, -6.0, -6.0; 4
-2.0, -6.0, -6.0; 9
-1.0, -6.0, -6.0; 6
0.0, -6.0, -6.0; 4
1.0, -6.0, -6.0; 4
2.0, -6.0, -6.0; 2
3.0, -6.0, -6.0; 2
4.0, -6.0, -6.0; 1
-7.0, -5.0, -6.0; 2
-6.0, -5.0, -6.0; 1
-5.0, -5.0, -6.0; 6
-4.0, -5.0, -6.0; 1
-3.0, -5.0, -6.0; 1
-2.0, -5.0, -6.0; 3
-1.0, -5.0, -6.0; 1
1.0, -5.0, -6.0; 1
2.0, -5.0, -6.0; 1
3.0, -5.0, -6.0; 2
4.0, -5.0, -6.0; 2
5.0, -5.0, -6.0; 1
-7.0, -4.0, -6.0; 5
-6.0, -4.0, -6.0; 5
-5.0, -4.0, -6.0; 3
-4.0, -4.0, -6.0; 3
-3.0, -4.0, -6.0; 3
-2.0, -4.0, -6.0; 2
-1.0, -4.0, -6.0; 4
0.0, -4.0, -6.0; 6
1.0, -4.0, -6.0; 3
3.0, -4.0, -6.0; 1
-8.0, -3.0, -6.0; 5
-7.0, -3.0, -6.0; 2
-6.0, -3.0, -6.0; 3
-5.0, -3.0, -6.0; 1
-4.0, -3.0, -6.0; 3
-3.0, -3.0, -6.0; 5
-2.0, -3.0, -6.0; 2
-1.0, -3.0, -6.0; 9
0.0, -3.0, -6.0; 27
1.0, -3.0, -6.0; 2
4.0, -3.0, -6.0; 1
7.0, -3.0, -6.0; 1
-9.0, -2.0, -6.0; 1
-8.0, -2.0, -6.0; 3
-7.0, -2.0, -6.0; 3
-6.0, -2.0, -6.0; 9
-5.0, -2.0, -6.0; 1
-4.0, -2.0, -6.0; 2
-3.0, -2.0, -6.0; 4
-2.0, -2.0, -6.0; 11
-1.0, -2.0, -6.0; 27
0.0, -2.0, -6.0; 33
1.0, -2.0, -6.0; 5
2.0, -2.0, -6.0; 2
4.0, -2.0, -6.0; 3
6.0, -2.0, -6.0; 1
7.0, -2.0, -6.0; 1
-9.0, -1.0, -6.0; 1
-8.0, -1.0, -6.0; 4
-7.0, -1.0, -6.0; 1
-6.0, -1.0, -6.0; 4
-5.0, -1.0, -6.0; 1
-4.0, -1.0, -6.0; 1
-3.0, -1.0, -6.0; 1
-2.0, -1.0, -6.0; 11
-1.0, -1.0, -6.0; 10
0.0, -1.0, -6.0; 10
1.0, -1.0, -6.0; 5
2.0, -1.0, -6.0; 3
3.0, -1.0, -6.0; 3
4.0, -1.0, -6.0; 8
6.0, -1.0, -6.0; 1
7.0, -1.0, -6.0; 1
-8.0, 0.0, -6.0; 1
-7.0, 0.0, -6.0; 5
-6.0, 0.0, -6.0; 10
-5.0, 0.0, -6.0; 1
-3.0, 0.0, -6.0; 3
-2.0, 0.0, -6.0; 20
-1.0, 0.0, -6.0; 24
0.0, 0.0, -6.0; 2
1.0, 0.0, -6.0; 1
3.0, 0.0, -6.0; 19
4.0, 0.0, -6.0; 3
5.0, 0.0, -6.0; 1
6.0, 0.0, -6.0; 2
7.0, 0.0, -6.0; 1
-8.0, 1.0, -6.0; 2
-7.0, 1.0, -6.0; 2
-6.0, 1.0, -6.0; 5
-5.0, 1.0, -6.0; 2
-3.0, 1.0, -6.0; 10
-2.0, 1.0, -6.0; 31
-1.0, 1.0, -6.0; 33
0.0, 1.0, -6.0; 6
1.0, 1.0, -6.0; 3
2.0, 1.0, -6.0; 6
3.0, 1.0, -6.0; 1
4.0, 1.0, -6.0; 1
5.0, 1.0, -6.0; 2
7.0, 1.0, -6.0; 1
-8.0, 2.0, -6.0; 1
-7.0, 2.0, -6.0; 2
-6.0, 2.0, -6.0; 2
-5.0, 2.0, -6.0; 1
-4.0, 2.0, -6.0; 3
-3.0, 2.0, -6.0; 2
-2.0, 2.0, -6.0; 5
-1.0, 2.0, -6.0; 15
0.0, 2.0, -6.0; 6
1.0, 2.0, -6.0; 3
2.0, 2.0, -6.0; 3
3.0, 2.0, -6.0; 3
4.0, 2.0, -6.0; 4
6.0, 2.0, -6.0; 1
-8.0, 3.0, -6.0; 2
-6.0, 3.0, -6.0; 3
-5.0, 3.0, -6.0; 1
-4.0, 3.0, -6.0; 2
-3.0, 3.0, -6.0; 2
-1.0, 3.0, -6.0; 2
0.0, 3.0, -6.0; 4
2.0, 3.0, -6.0; 1
3.0, 3.0, -6.0; 2
4.0, 3.0, -6.0; 2
5.0, 3.0, -6.0; 1
6.0, 3.0, -6.0; 1
-7.0, 4.0, -6.0; 1
-6.0, 4.0, -6.0; 1
-5.0, 4.0, -6.0; 7
-4.0, 4.0, -6.0; 5
-3.0, 4.0, -6.0; 1
-2.0, 4.0, -6.0; 2
-1.0, 4.0, -6.0; 1
0.0, 4.0, -6.0; 2
1.0, 4.0, -6.0; 1
2.0, 4.0, -6.0; 1
3.0, 4.0, -6.0; 2
5.0, 4.0, -6.0; 2
6.0, 4.0, -6.0; 1
-6.0, 5.0, -6.0; 2
-5.0, 5.0, -6.0; 10
-4.0, 5.0, -6.0; 39
-3.0, 5.0, -6.0; 18
-2.0, 5.0, -6.0; 2
1.0, 5.0, -6.0; 2
2.0, 5.0, -6.0; 1
4.0, 5.0, -6.0; 1
-5.0, 6.0, -6.0; 2
-4.0, 6.0, -6.0; 14
-3.0, 6.0, -6.0; 25
-2.0, 6.0, -6.0; 6
-1.0, 6.0, -6.0; 3
0.0, 6.0, -6.0; 3
1.0, 6.0, -6.0; 4
2.0, 6.0, -6.0; 3
3.0, 6.0, -6.0; 1
-3.0, 7.0, -6.0; 1
-2.0, 7.0, -6.0; 2
-1.0, 7.0, -6.0; 2
0.0, 7.0, -6.0; 6
1.0, 7.0, -6.0; 6
2.0, 7.0, -6.0; 1
-2.0, 8.0, -6.0; 1
-3.0, -9.0, -5.0; 1
-2.0, -9.0, -5.0; 5
-1.0, -9.0, -5.0; 4
0.0, -9.0, -5.0; 2
1.0, -9.0, -5.0; 2
2.0, -9.0, -5.0; 4
3.0, -9.0, -5.0; 1
-6.0, -8.0, -5.0; 1
-5.0, -8.0, -5.0; 1
-4.0, -8.0, -5.0; 2
-3.0, -8.0, -5.0; 6
-2.0, -8.0, -5.0; 64
-1.0, -8.0, -5.0; 186
0.0, -8.0, -5.0; 14
1.0, -8.0, -5.0; 4
2.0, -8.0, -5.0; 3
3.0, -8.0, -5.0; 1
4.0, -8.0, -5.0; 1
-6.0, -7.0, -5.0; 2
-5.0, -7.0, -5.0; 5
-4.0, -7.0, -5.0; 2
-3.0, -7.0, -5.0; 5
-2.0, -7.0, -5.0; 25
-1.0, -7.0, -5.0; 47
0.0, -7.0, -5.0; 5
1.0, -7.0, -5.0; 1
2.0, -7.0, -5.0; 2
3.0, -7.0, -5.0; 1
4.0, -7.0, -5.0; 2
5.0, -7.0, -5.0; 2
-7.0, -6.0, -5.0; 4
-6.0, -6.0, -5.0; 8
-5.0, -6.0, -5.0; 5
-4.0, -6.0, -5.0; 2
-3.0, -6.0, -5.0; 2
-2.0, -6.0, -5.0; 1
-1.0, -6.0, -5.0; 2
0.0, -6.0, -5.0; 3
1.0, -6.0, -5.0; 1
2.0, -6.0, -5.0; 3
5.0, -6.0, -5.0; 1
-8.0, -5.0, -5.0; 2
-7.0, -5.0, -5.0; 2
-6.0, -5.0, -5.0; 3
-3.0, -5.0, -5.0; 1
-2.0, -5.0, -5.0; 2
-1.0, -5.0, -5.0; 8
0.0, -5.0, -5.0; 2
1.0, -5.0, -5.0; 7
2.0, -5.0, -5.0; 3
5.0, -5.0, -5.0; 2
7.0, -5.0, -5.0; 1
-8.0, -4.0, -5.0; 2
-7.0, -4.0, -5.0; 1
-6.0, -4.0, -5.0; 3
-5.0, -4.0, -5.0; 3
-4.0, -4.0, -5.0; 8
-3.0, -4.0, -5.0; 32
-2.0, -4.0, -5.0; 56
-1.0, -4.0, -5.0; 12
0.0, -4.0, -5.0; 4
1.0, -4.0, -5.0; 34
2.0, -4.0, -5.0; 5
3.0, -4.0, -5.0; 1
5.0, -4.0, -5.0; 1
-9.0, -3.0, -5.0; 1
-8.0, -3.0, -5.0; 1
-7.0, -3.0, -5.0; 3
-6.0, -3.0, -5.0; 2
-5.0, -3.0, -5.0; 4
-4.0, -3.0, -5.0; 19
-3.0, -3.0, -5.0; 442
-2.0, -3.0, -5.0; 243
-1.0, -3.0, -5.0; 11
0.0, -3.0, -5.0; 34
1.0, -3.0, -5.0; 319
2.0, -3.0, -5.0; 12
3.0, -3.0, -5.0; 3
7.0, -3.0, -5.0; 1
8.0, -3.0, -5.0; 1
-8.0, -2.0, -5.0; 4
-7.0, -2.0, -5.0; 3
-6.0, -2.0, -5.0; 2
-5.0, -2.0, -5.0; 3
-4.0, -2.0, -5.0; 6
-3.0, -2.0, -5.0; 48
-2.0, -2.0, -5.0; 13
-1.0, -2.0, -5.0; 10
0.0, -2.0, -5.0; 43
1.0, -2.0, -5.0; 32
2.0, -2.0, -5.0; 5
3.0, -2.0, -5.0; 1
4.0, -2.0, -5.0; 3
5.0, -2.0, -5.0; 1
-8.0, -1.0, -5.0; 2
-7.0, -1.0, -5.0; 7
-4.0, -1.0, -5.0; 7
-3.0, -1.0, -5.0; 5
-2.0, -1.0, -5.0; 9
-1.0, -1.0, -5.0; 3
0.0, -1.0, -5.0; 3
1.0, -1.0, -5.0; 3
2.0, -1.0, -5.0; 2
3.0, -1.0, -5.0; 4
4.0, -1.0, -5.0; 20
6.0, -1.0, -5.0; 1
7.0, -1.0, -5.0; 1
-9.0, 0.0, -5.0; 1
-8.0, 0.0, -5.0; 1
-7.0, 0.0, -5.0; 5
-6.0, 0.0, -5.0; 1
-5.0, 0.0, -5.0; 8
-4.0, 0.0, -5.0; 5
-3.0, 0.0, -5.0; 11
-2.0, 0.0, -5.0; 21
-1.0, 0.0, -5.0; 11
0.0, 0.0, -5.0; 1
2.0, 0.0, -5.0; 1
3.0, 0.0, -5.0; 19
4.0, 0.0, -5.0; 12
5.0, 0.0, -5.0; 1
-9.0, 1.0, -5.0; 2
-8.0, 1.0, -5.0; 2
-7.0, 1.0, -5.0; 2
-6.0, 1.0, -5.0; 3
-5.0, 1.0, -5.0; 16
-4.0, 1.0, -5.0; 13
-3.0, 1.0, -5.0; 8
-2.0, 1.0, -5.0; 5
-1.0, 1.0, -5.0; 7
0.0, 1.0, -5.0; 1
1.0, 1.0, -5.0; 1
2.0, 1.0, -5.0; 1
3.0, 1.0, -5.0; 3
4.0, 1.0, -5.0; 2
5.0, 1.0, -5.0; 3
6.0, 1.0, -5.0; 2
-9.0, 2.0, -5.0; 1
-8.0, 2.0, -5.0; 3
-7.0, 2.0, -5.0; 2
-6.0, 2.0, -5.0; 7
-5.0, 2.0, -5.0; 75
-4.0, 2.0, -5.0; 76
-3.0, 2.0, -5.0; 6
-2.0, 2.0, -5.0; 1
-1.0, 2.0, -5.0; 9
0.0, 2.0, -5.0; 23
1.0, 2.0, -5.0; 7
2.0, 2.0, -5.0; 3
3.0, 2.0, -5.0; 4
4.0, 2.0, -5.0; 2
6.0, 2.0, -5.0; 1
-8.0, 3.0, -5.0; 4
-7.0, 3.0, -5.0; 1
-6.0, 3.0, -5.0; 1
-5.0, 3.0, -5.0; 10
-4.0, 3.0, -5.0; 25
-3.0, 3.0, -5.0; 2
-2.0, 3.0, -5.0; 3
-1.0, 3.0, -5.0; 10
0.0, 3.0, -5.0; 29
1.0, 3.0, -5.0; 6
3.0, 3.0, -5.0; 3
4.0, 3.0, -5.0; 4
6.0, 3.0, -5.0; 1
7.0, 3.0, -5.0; 1
-8.0, 4.0, -5.0; 2
-6.0, 4.0, -5.0; 1
-5.0, 4.0, -5.0; 2
-3.0, 4.0, -5.0; 1
-2.0, 4.0, -5.0; 6
-1.0, 4.0, -5.0; 7
0.0, 4.0, -5.0; 1
1.0, 4.0, -5.0; 2
2.0, 4.0, -5.0; 1
3.0, 4.0, -5.0; 3
-7.0, 5.0, -5.0; 2
-5.0, 5.0, -5.0; 7
-4.0, 5.0, -5.0; 2
-3.0, 5.0, -5.0; 1
-1.0, 5.0, -5.0; 3
0.0, 5.0, -5.0; 2
2.0, 5.0, -5.0; 1
3.0, 5.0, -5.0; 3
4.0, 5.0, -5.0; 2
5.0, 5.0, -5.0; 2
-7.0, 6.0, -5.0; 1
-6.0, 6.0, -5.0; 2
-5.0, 6.0, -5.0; 5
-4.0, 6.0, -5.0; 6
-3.0, 6.0, -5.0; 5
-2.0, 6.0, -5.0; 3
-1.0, 6.0, -5.0; 1
1.0, 6.0, -5.0; 1
2.0, 6.0, -5.0; 4
3.0, 6.0, -5.0; 2
-6.0, 7.0, -5.0; 1
-5.0, 7.0, -5.0; 2
-4.0, 7.0, -5.0; 2
-3.0, 7.0, -5.0; 3
-2.0, 7.0, -5.0; 3
0.0, 7.0, -5.0; 2
1.0, 7.0, -5.0; 2
2.0, 7.0, -5.0; 1
4.0, 7.0, -5.0; 1
-4.0, 8.0, -5.0; 1
-2.0, 8.0, -5.0; 1
-1.0, 8.0, -5.0; 1
0.0, 8.0, -5.0; 2
1.0, 8.0, -5.0; 2
-2.0, -10.0, -4.0; 3
-1.0, -10.0, -4.0; 5
0.0, -10.0, -4.0; 2
1.0, -10.0, -4.0; 1
-4.0, -9.0, -4.0; 2
-3.0, -9.0, -4.0; 3
-2.0, -9.0, -4.0; 5
-1.0, -9.0, -4.0; 7
0.0, -9.0, -4.0; 7
1.0, -9.0, -4.0; 7
2.0, -9.0, -4.0; 3
3.0, -9.0, -4.0; 2
-5.0, -8.0, -4.0; 2
-4.0, -8.0, -4.0; 3
-3.0, -8.0, -4.0; 5
-2.0, -8.0, -4.0; 18
-1.0, -8.0, -4.0; 44
0.0, -8.0, -4.0; 5
1.0, -8.0, -4.0; 6
2.0, -8.0, -4.0; 2
-7.0, -7.0, -4.0; 3
-6.0, -7.0, -4.0; 4
-5.0, -7.0, -4.0; 1
-4.0, -7.0, -4.0; 1
-3.0, -7.0, -4.0; 2
-2.0, -7.0, -4.0; 2
-1.0, -7.0, -4.0; 3
0.0, -7.0, -4.0; 5
1.0, -7.0, -4.0; 1
2.0, -7.0, -4.0; 2
5.0, -7.0, -4.0; 1
-8.0, -6.0, -4.0; 1
-7.0, -6.0, -4.0; 5
-4.0, -6.0, -4.0; 1
-3.0, -6.0, -4.0; 1
-2.0, -6.0, -4.0; 2
-1.0, -6.0, -4.0; 13
0.0, -6.0, -4.0; 10
1.0, -6.0, -4.0; 20
2.0, -6.0, -4.0; 2
5.0, -6.0, -4.0; 1
7.0, -6.0, -4.0; 1
-8.0, -5.0, -4.0; 3
-7.0, -5.0, -4.0; 3
-5.0, -5.0, -4.0; 1
-3.0, -5.0, -4.0; 4
-2.0, -5.0, -4.0; 10
-1.0, -5.0, -4.0; 31
0.0, -5.0, -4.0; 10
1.0, -5.0, -4.0; 38
2.0, -5.0, -4.0; 21
3.0, -5.0, -4.0; 2
4.0, -5.0, -4.0; 1
5.0, -5.0, -4.0; 7
-9.0, -4.0, -4.0; 1
-8.0, -4.0, -4.0; 2
-7.0, -4.0, -4.0; 2
-5.0, -4.0, -4.0; 4
-4.0, -4.0, -4.0; 28
-3.0, -4.0, -4.0; 20
-2.0, -4.0, -4.0; 10
-1.0, -4.0, -4.0; 9
0.0, -4.0, -4.0; 4
1.0, -4.0, -4.0; 30
2.0, -4.0, -4.0; 28
3.0, -4.0, -4.0; 7
4.0, -4.0, -4.0; 2
5.0, -4.0, -4.0; 2
6.0, -4.0, -4.0; 2
7.0, -4.0, -4.0; 1
8.0, -4.0, -4.0; 1
-9.0, -3.0, -4.0; 3
-8.0, -3.0, -4.0; 2
-7.0, -3.0, -4.0; 4
-6.0, -3.0, -4.0; 1
-5.0, -3.0, -4.0; 14
-4.0, -3.0, -4.0; 75
-3.0, -3.0, -4.0; 27
1.0, -3.0, -4.0; 101
2.0, -3.0, -4.0; 38
3.0, -3.0, -4.0; 7
4.0, -3.0, -4.0; 5
5.0, -3.0, -4.0; 2
7.0, -3.0, -4.0; 1
-8.0, -2.0, -4.0; 2
-7.0, -2.0, -4.0; 1
-6.0, -2.0, -4.0; 6
-5.0, -2.0, -4.0; 3
-4.0, -2.0, -4.0; 12
0.0, -2.0, -4.0; 2
1.0, -2.0, -4.0; 6
2.0, -2.0, -4.0; 2
4.0, -2.0, -4.0; 2
5.0, -2.0, -4.0; 2
9.0, -2.0, -4.0; 1
-9.0, -1.0, -4.0; 3
-8.0, -1.0, -4.0; 3
-7.0, -1.0, -4.0; 3
-5.0, -1.0, -4.0; 4
-4.0, -1.0, -4.0; 2
-3.0, -1.0, -4.0; 1
2.0, -1.0, -4.0; 2
4.0, -1.0, -4.0; 3
5.0, -1.0, -4.0; 2
-9.0, 0.0, -4.0; 4
-8.0, 0.0, -4.0; 2
-7.0, 0.0, -4.0; 1
-5.0, 0.0, -4.0; 6
4.0, 0.0, -4.0; 4
5.0, 0.0, -4.0; 4
7.0, 0.0, -4.0; 1
-9.0, 1.0, -4.0; 1
-8.0, 1.0, -4.0; 1
-7.0, 1.0, -4.0; 1
-6.0, 1.0, -4.0; 6
-5.0, 1.0, -4.0; 47
-4.0, 1.0, -4.0; 7
4.0, 1.0, -4.0; 1
6.0, 1.0, -4.0; 1
7.0, 1.0, -4.0; 2
-10.0, 2.0, -4.0; 1
-9.0, 2.0, -4.0; 2
-8.0, 2.0, -4.0; 2
-7.0, 2.0, -4.0; 2
-6.0, 2.0, -4.0; 12
-5.0, 2.0, -4.0; 59
-4.0, 2.0, -4.0; 11
2.0, 2.0, -4.0; 2
4.0, 2.0, -4.0; 1
5.0, 2.0, -4.0; 1
-9.0, 3.0, -4.0; 2
-8.0, 3.0, -4.0; 7
-7.0, 3.0, -4.0; 1
-6.0, 3.0, -4.0; 5
-5.0, 3.0, -4.0; 4
-3.0, 3.0, -4.0; 2
0.0, 3.0, -4.0; 38
1.0, 3.0, -4.0; 38
3.0, 3.0, -4.0; 7
4.0, 3.0, -4.0; 5
5.0, 3.0, -4.0; 1
7.0, 3.0, -4.0; 1
-9.0, 4.0, -4.0; 1
-8.0, 4.0, -4.0; 2
-7.0, 4.0, -4.0; 5
-6.0, 4.0, -4.0; 1
-5.0, 4.0, -4.0; 2
-4.0, 4.0, -4.0; 1
-3.0, 4.0, -4.0; 5
-2.0, 4.0, -4.0; 5
-1.0, 4.0, -4.0; 12
0.0, 4.0, -4.0; 21
1.0, 4.0, -4.0; 9
3.0, 4.0, -4.0; 1
4.0, 4.0, -4.0; 4
6.0, 4.0, -4.0; 1
-8.0, 5.0, -4.0; 7
-7.0, 5.0, -4.0; 5
-6.0, 5.0, -4.0; 4
-3.0, 5.0, -4.0; 5
-2.0, 5.0, -4.0; 14
-1.0, 5.0, -4.0; 27
0.0, 5.0, -4.0; 23
1.0, 5.0, -4.0; 7
3.0, 5.0, -4.0; 2
4.0, 5.0, -4.0; 4
6.0, 5.0, -4.0; 1
-7.0, 6.0, -4.0; 2
-6.0, 6.0, -4.0; 1
-5.0, 6.0, -4.0; 3
-4.0, 6.0, -4.0; 1
-3.0, 6.0, -4.0; 2
-2.0, 6.0, -4.0; 3
-1.0, 6.0, -4.0; 3
0.0, 6.0, -4.0; 4
1.0, 6.0, -4.0; 1
3.0, 6.0, -4.0; 4
6.0, 6.0, -4.0; 1
-4.0, 7.0, -4.0; 2
-3.0, 7.0, -4.0; 1
-2.0, 7.0, -4.0; 8
0.0, 7.0, -4.0; 1
1.0, 7.0, -4.0; 3
2.0, 7.0, -4.0; 2
4.0, 7.0, -4.0; 1
-5.0, 8.0, -4.0; 1
-4.0, 8.0, -4.0; 1
-3.0, 8.0, -4.0; 2
-2.0, 8.0, -4.0; 4
-1.0, 8.0, -4.0; 3
0.0, 8.0, -4.0; 3
1.0, 8.0, -4.0; 6
2.0, 8.0, -4.0; 1
-3.0, 9.0, -4.0; 1
-2.0, 9.0, -4.0; 2
-1.0, 9.0, -4.0; 3
0.0, 9.0, -4.0; 4
1.0, 9.0, -4.0; 2
-3.0, -10.0, -3.0; 5
-2.0, -10.0, -3.0; 7
-1.0, -10.0, -3.0; 8
0.0, -10.0, -3.0; 8
1.0, -10.0, -3.0; 4
2.0, -10.0, -3.0; 1
-4.0, -9.0, -3.0; 3
-3.0, -9.0, -3.0; 9
-2.0, -9.0, -3.0; 3
-1.0, -9.0, -3.0; 7
0.0, -9.0, -3.0; 7
1.0, -9.0, -3.0; 6
2.0, -9.0, -3.0; 4
3.0, -9.0, -3.0; 1
4.0, -9.0, -3.0; 1
-7.0, -8.0, -3.0; 1
-6.0, -8.0, -3.0; 2
-5.0, -8.0, -3.0; 5
-4.0, -8.0, -3.0; 1
-3.0, -8.0, -3.0; 2
-2.0, -8.0, -3.0; 5
-1.0, -8.0, -3.0; 4
0.0, -8.0, -3.0; 4
1.0, -8.0, -3.0; 2
2.0, -8.0, -3.0; 2
3.0, -8.0, -3.0; 5
4.0, -8.0, -3.0; 1
5.0, -8.0, -3.0; 2
-8.0, -7.0, -3.0; 1
-7.0, -7.0, -3.0; 8
-6.0, -7.0, -3.0; 4
-1.0, -7.0, -3.0; 2
0.0, -7.0, -3.0; 6
1.0, -7.0, -3.0; 8
2.0, -7.0, -3.0; 2
3.0, -7.0, -3.0; 2
4.0, -7.0, -3.0; 2
6.0, -7.0, -3.0; 1
-8.0, -6.0, -3.0; 4
-7.0, -6.0, -3.0; 8
-6.0, -6.0, -3.0; 2
-5.0, -6.0, -3.0; 1
-1.0, -6.0, -3.0; 12
0.0, -6.0, -3.0; 19
1.0, -6.0, -3.0; 197
2.0, -6.0, -3.0; 20
4.0, -6.0, -3.0; 3
5.0, -6.0, -3.0; 2
6.0, -6.0, -3.0; 3
-9.0, -5.0, -3.0; 2
-8.0, -5.0, -3.0; 5
-6.0, -5.0, -3.0; 1
-2.0, -5.0, -3.0; 1
-1.0, -5.0, -3.0; 5
0.0, -5.0, -3.0; 9
1.0, -5.0, -3.0; 21
2.0, -5.0, -3.0; 36
3.0, -5.0, -3.0; 7
4.0, -5.0, -3.0; 1
5.0, -5.0, -3.0; 6
6.0, -5.0, -3.0; 3
-9.0, -4.0, -3.0; 2
-8.0, -4.0, -3.0; 1
-7.0, -4.0, -3.0; 3
-6.0, -4.0, -3.0; 1
-5.0, -4.0, -3.0; 8
-3.0, -4.0, -3.0; 2
2.0, -4.0, -3.0; 11
3.0, -4.0, -3.0; 6
4.0, -4.0, -3.0; 1
6.0, -4.0, -3.0; 3
-9.0, -3.0, -3.0; 1
-8.0, -3.0, -3.0; 5
-6.0, -3.0, -3.0; 1
-5.0, -3.0, -3.0; 20
-4.0, -3.0, -3.0; 2
-3.0, -3.0, -3.0; 2
2.0, -3.0, -3.0; 2
5.0, -3.0, -3.0; 2
7.0, -3.0, -3.0; 1
-10.0, -2.0, -3.0; 1
-9.0, -2.0, -3.0; 1
-8.0, -2.0, -3.0; 2
-6.0, -2.0, -3.0; 2
-5.0, -2.0, -3.0; 7
-3.0, -2.0, -3.0; 1
4.0, -2.0, -3.0; 2
5.0, -2.0, -3.0; 1
6.0, -2.0, -3.0; 1
8.0, -2.0, -3.0; 1
9.0, -2.0, -3.0; 1
-8.0, -1.0, -3.0; 2
-7.0, -1.0, -3.0; 4
-5.0, -1.0, -3.0; 1
4.0, -1.0, -3.0; 3
5.0, -1.0, -3.0; 1
-9.0, 0.0, -3.0; 4
-8.0, 0.0, -3.0; 2
-7.0, 0.0, -3.0; 1
-6.0, 0.0, -3.0; 4
-5.0, 0.0, -3.0; 6
5.0, 0.0, -3.0; 3
6.0, 0.0, -3.0; 2
9.0, 0.0, -3.0; 1
-10.0, 1.0, -3.0; 1
-9.0, 1.0, -3.0; 2
-8.0, 1.0, -3.0; 1
-7.0, 1.0, -3.0; 2
-6.0, 1.0, -3.0; 26
-5.0, 1.0, -3.0; 11
5.0, 1.0, -3.0; 1
7.0, 1.0, -3.0; 2
-10.0, 2.0, -3.0; 2
-9.0, 2.0, -3.0; 5
-7.0, 2.0, -3.0; 9
-6.0, 2.0, -3.0; 11
-5.0, 2.0, -3.0; 6
6.0, 2.0, -3.0; 1
8.0, 2.0, -3.0; 1
-9.0, 3.0, -3.0; 2
-8.0, 3.0, -3.0; 3
-6.0, 3.0, -3.0; 9
-5.0, 3.0, -3.0; 1
1.0, 3.0, -3.0; 3
2.0, 3.0, -3.0; 2
3.0, 3.0, -3.0; 1
4.0, 3.0, -3.0; 3
5.0, 3.0, -3.0; 2
6.0, 3.0, -3.0; 1
7.0, 3.0, -3.0; 1
-9.0, 4.0, -3.0; 3
-8.0, 4.0, -3.0; 2
-6.0, 4.0, -3.0; 1
0.0, 4.0, -3.0; 1
1.0, 4.0, -3.0; 25
2.0, 4.0, -3.0; 11
4.0, 4.0, -3.0; 4
5.0, 4.0, -3.0; 2
6.0, 4.0, -3.0; 2
-8.0, 5.0, -3.0; 1
-7.0, 5.0, -3.0; 2
-6.0, 5.0, -3.0; 1
-2.0, 5.0, -3.0; 7
-1.0, 5.0, -3.0; 31
0.0, 5.0, -3.0; 44
1.0, 5.0, -3.0; 22
2.0, 5.0, -3.0; 1
3.0, 5.0, -3.0; 2
5.0, 5.0, -3.0; 2
-7.0, 6.0, -3.0; 3
-6.0, 6.0, -3.0; 2
-5.0, 6.0, -3.0; 3
-4.0, 6.0, -3.0; 1
-2.0, 6.0, -3.0; 5
-1.0, 6.0, -3.0; 28
0.0, 6.0, -3.0; 21
1.0, 6.0, -3.0; 9
2.0, 6.0, -3.0; 1
3.0, 6.0, -3.0; 1
5.0, 6.0, -3.0; 1
6.0, 6.0, -3.0; 1
-6.0, 7.0, -3.0; 2
-4.0, 7.0, -3.0; 1
-2.0, 7.0, -3.0; 1
-1.0, 7.0, -3.0; 1
1.0, 7.0, -3.0; 3
2.0, 7.0, -3.0; 5
3.0, 7.0, -3.0; 3
-4.0, 8.0, -3.0; 2
-3.0, 8.0, -3.0; 5
-2.0, 8.0, -3.0; 2
-1.0, 8.0, -3.0; 5
0.0, 8.0, -3.0; 6
1.0, 8.0, -3.0; 2
2.0, 8.0, -3.0; 1
-4.0, 9.0, -3.0; 2
-3.0, 9.0, -3.0; 2
-2.0, 9.0, -3.0; 2
-1.0, 9.0, -3.0; 4
0.0, 9.0, -3.0; 1
1.0, 9.0, -3.0; 5
2.0, 9.0, -3.0; 2
-4.0, -10.0, -2.0; 3
-3.0, -10.0, -2.0; 11
-2.0, -10.0, -2.0; 21
-1.0, -10.0, -2.0; 10
0.0, -10.0, -2.0; 14
1.0, -10.0, -2.0; 6
-6.0, -9.0, -2.0; 3
-5.0, -9.0, -2.0; 2
-4.0, -9.0, -2.0; 2
-3.0, -9.0, -2.0; 1
-2.0, -9.0, -2.0; 4
-1.0, -9.0, -2.0; 4
1.0, -9.0, -2.0; 5
2.0, -9.0, -2.0; 2
4.0, -9.0, -2.0; 1
-7.0, -8.0, -2.0; 2
-4.0, -8.0, -2.0; 2
-3.0, -8.0, -2.0; 1
-2.0, -8.0, -2.0; 1
-1.0, -8.0, -2.0; 1
0.0, -8.0, -2.0; 1
1.0, -8.0, -2.0; 1
2.0, -8.0, -2.0; 1
3.0, -8.0, -2.0; 1
4.0, -8.0, -2.0; 3
5.0, -8.0, -2.0; 1
6.0, -8.0, -2.0; 1
-8.0, -7.0, -2.0; 3
-7.0, -7.0, -2.0; 4
-6.0, -7.0, -2.0; 1
-5.0, -7.0, -2.0; 1
-4.0, -7.0, -2.0; 2
-1.0, -7.0, -2.0; 5
0.0, -7.0, -2.0; 18
1.0, -7.0, -2.0; 9
2.0, -7.0, -2.0; 1
3.0, -7.0, -2.0; 2
4.0, -7.0, -2.0; 2
5.0, -7.0, -2.0; 3
-9.0, -6.0, -2.0; 1
-8.0, -6.0, -2.0; 5
-7.0, -6.0, -2.0; 3
-2.0, -6.0, -2.0; 1
-1.0, -6.0, -2.0; 5
0.0, -6.0, -2.0; 12
1.0, -6.0, -2.0; 120
2.0, -6.0, -2.0; 24
3.0, -6.0, -2.0; 1
-8.0, -5.0, -2.0; 5
-7.0, -5.0, -2.0; 1
-5.0, -5.0, -2.0; 1
1.0, -5.0, -2.0; 4
2.0, -5.0, -2.0; 6
3.0, -5.0, -2.0; 4
5.0, -5.0, -2.0; 2
6.0, -5.0, -2.0; 1
-10.0, -4.0, -2.0; 1
-9.0, -4.0, -2.0; 3
-8.0, -4.0, -2.0; 5
-7.0, -4.0, -2.0; 2
-6.0, -4.0, -2.0; 2
2.0, -4.0, -2.0; 1
3.0, -4.0, -2.0; 1
4.0, -4.0, -2.0; 1
-10.0, -3.0, -2.0; 1
-9.0, -3.0, -2.0; 8
-8.0, -3.0, -2.0; 3
-7.0, -3.0, -2.0; 4
-6.0, -3.0, -2.0; 4
-5.0, -3.0, -2.0; 3
-4.0, -3.0, -2.0; 1
5.0, -3.0, -2.0; 2
7.0, -3.0, -2.0; 1
-10.0, -2.0, -2.0; 1
-9.0, -2.0, -2.0; 2
-8.0, -2.0, -2.0; 2
-7.0, -2.0, -2.0; 4
-6.0, -2.0, -2.0; 2
-5.0, -2.0, -2.0; 5
5.0, -2.0, -2.0; 1
9.0, -2.0, -2.0; 1
-10.0, -1.0, -2.0; 1
-9.0, -1.0, -2.0; 2
-8.0, -1.0, -2.0; 4
-7.0, -1.0, -2.0; 2
-6.0, -1.0, -2.0; 1
7.0, -1.0, -2.0; 1
8.0, -1.0, -2.0; 2
-9.0, 0.0, -2.0; 1
-8.0, 0.0, -2.0; 3
-6.0, 0.0, -2.0; 15
-5.0, 0.0, -2.0; 1
6.0, 0.0, -2.0; 1
-8.0, 1.0, -2.0; 1
-6.0, 1.0, -2.0; 220
-5.0, 1.0, -2.0; 20
7.0, 1.0, -2.0; 1
-9.0, 2.0, -2.0; 4
-8.0, 2.0, -2.0; 1
-7.0, 2.0, -2.0; 6
-6.0, 2.0, -2.0; 7
-5.0, 2.0, -2.0; 14
-4.0, 2.0, -2.0; 1
7.0, 2.0, -2.0; 1
-9.0, 3.0, -2.0; 3
-8.0, 3.0, -2.0; 2
-7.0, 3.0, -2.0; 1
-6.0, 3.0, -2.0; 9
-5.0, 3.0, -2.0; 1
4.0, 3.0, -2.0; 1
6.0, 3.0, -2.0; 1
-9.0, 4.0, -2.0; 2
-8.0, 4.0, -2.0; 2
-7.0, 4.0, -2.0; 2
-6.0, 4.0, -2.0; 2
-5.0, 4.0, -2.0; 3
1.0, 4.0, -2.0; 3
2.0, 4.0, -2.0; 9
3.0, 4.0, -2.0; 1
4.0, 4.0, -2.0; 3
5.0, 4.0, -2.0; 3
-8.0, 5.0, -2.0; 4
-7.0, 5.0, -2.0; 2
-6.0, 5.0, -2.0; 2
-5.0, 5.0, -2.0; 2
-1.0, 5.0, -2.0; 1
0.0, 5.0, -2.0; 15
1.0, 5.0, -2.0; 18
2.0, 5.0, -2.0; 7
3.0, 5.0, -2.0; 1
4.0, 5.0, -2.0; 1
5.0, 5.0, -2.0; 1
6.0, 5.0, -2.0; 1
-8.0, 6.0, -2.0; 1
-7.0, 6.0, -2.0; 10
-6.0, 6.0, -2.0; 6
-5.0, 6.0, -2.0; 3
-4.0, 6.0, -2.0; 2
-2.0, 6.0, -2.0; 8
-1.0, 6.0, -2.0; 44
0.0, 6.0, -2.0; 44
1.0, 6.0, -2.0; 19
2.0, 6.0, -2.0; 2
3.0, 6.0, -2.0; 1
4.0, 6.0, -2.0; 1
-6.0, 7.0, -2.0; 5
-5.0, 7.0, -2.0; 6
-4.0, 7.0, -2.0; 3
-3.0, 7.0, -2.0; 2
-1.0, 7.0, -2.0; 1
0.0, 7.0, -2.0; 2
1.0, 7.0, -2.0; 2
2.0, 7.0, -2.0; 2
3.0, 7.0, -2.0; 4
5.0, 7.0, -2.0; 1
6.0, 7.0, -2.0; 1
-5.0, 8.0, -2.0; 1
-4.0, 8.0, -2.0; 3
-3.0, 8.0, -2.0; 6
-2.0, 8.0, -2.0; 3
-1.0, 8.0, -2.0; 3
0.0, 8.0, -2.0; 2
1.0, 8.0, -2.0; 2
2.0, 8.0, -2.0; 3
3.0, 8.0, -2.0; 1
-4.0, 9.0, -2.0; 3
-3.0, 9.0, -2.0; 3
-2.0, 9.0, -2.0; 1
-1.0, 9.0, -2.0; 4
0.0, 9.0, -2.0; 6
1.0, 9.0, -2.0; 3
2.0, 9.0, -2.0; 1
3.0, 9.0, -2.0; 1
-4.0, -10.0, -1.0; 9
-3.0, -10.0, -1.0; 10
-2.0, -10.0, -1.0; 22
-1.0, -10.0, -1.0; 10
0.0, -10.0, -1.0; 11
1.0, -10.0, -1.0; 7
2.0, -10.0, -1.0; 1
-6.0, -9.0, -1.0; 5
-5.0, -9.0, -1.0; 10
-4.0, -9.0, -1.0; 6
-3.0, -9.0, -1.0; 3
-2.0, -9.0, -1.0; 5
-1.0, -9.0, -1.0; 2
0.0, -9.0, -1.0; 1
1.0, -9.0, -1.0; 5
2.0, -9.0, -1.0; 3
3.0, -9.0, -1.0; 2
4.0, -9.0, -1.0; 1
5.0, -9.0, -1.0; 1
-7.0, -8.0, -1.0; 5
-6.0, -8.0, -1.0; 6
-5.0, -8.0, -1.0; 3
-2.0, -8.0, -1.0; 2
-1.0, -8.0, -1.0; 13
0.0, -8.0, -1.0; 3
1.0, -8.0, -1.0; 3
3.0, -8.0, -1.0; 3
6.0, -8.0, -1.0; 1
-8.0, -7.0, -1.0; 4
-7.0, -7.0, -1.0; 4
-6.0, -7.0, -1.0; 1
-3.0, -7.0, -1.0; 1
-2.0, -7.0, -1.0; 1
-1.0, -7.0, -1.0; 32
0.0, -7.0, -1.0; 62
1.0, -7.0, -1.0; 13
3.0, -7.0, -1.0; 1
4.0, -7.0, -1.0; 2
5.0, -7.0, -1.0; 1
6.0, -7.0, -1.0; 1
-8.0, -6.0, -1.0; 4
-7.0, -6.0, -1.0; 2
-2.0, -6.0, -1.0; 2
-1.0, -6.0, -1.0; 3
0.0, -6.0, -1.0; 12
1.0, -6.0, -1.0; 16
2.0, -6.0, -1.0; 4
3.0, -6.0, -1.0; 1
5.0, -6.0, -1.0; 3
-10.0, -5.0, -1.0; 1
-9.0, -5.0, -1.0; 4
-7.0, -5.0, -1.0; 1
-6.0, -5.0, -1.0; 1
-2.0, -5.0, -1.0; 1
2.0, -5.0, -1.0; 5
3.0, -5.0, -1.0; 1
4.0, -5.0, -1.0; 2
5.0, -5.0, -1.0; 1
-10.0, -4.0, -1.0; 3
-9.0, -4.0, -1.0; 10
-8.0, -4.0, -1.0; 6
-7.0, -4.0, -1.0; 6
-6.0, -4.0, -1.0; 5
-10.0, -3.0, -1.0; 2
-9.0, -3.0, -1.0; 4
-8.0, -3.0, -1.0; 5
-7.0, -3.0, -1.0; 1
-6.0, -3.0, -1.0; 2
-5.0, -3.0, -1.0; 3
-4.0, -3.0, -1.0; 1
5.0, -3.0, -1.0; 4
-9.0, -2.0, -1.0; 5
-8.0, -2.0, -1.0; 3
-6.0, -2.0, -1.0; 2
-5.0, -2.0, -1.0; 1
5.0, -2.0, -1.0; 2
6.0, -2.0, -1.0; 1
-8.0, -1.0, -1.0; 2
-7.0, -1.0, -1.0; 5
4.0, -1.0, -1.0; 1
6.0, -1.0, -1.0; 1
8.0, -1.0, -1.0; 1
-10.0, 0.0, -1.0; 2
-9.0, 0.0, -1.0; 6
-8.0, 0.0, -1.0; 5
-7.0, 0.0, -1.0; 5
-6.0, 0.0, -1.0; 5
6.0, 0.0, -1.0; 1
-10.0, 1.0, -1.0; 1
-9.0, 1.0, -1.0; 3
-8.0, 1.0, -1.0; 1
-7.0, 1.0, -1.0; 1
-6.0, 1.0, -1.0; 549
-5.0, 1.0, -1.0; 46
6.0, 1.0, -1.0; 1
-9.0, 2.0, -1.0; 4
-7.0, 2.0, -1.0; 4
-6.0, 2.0, -1.0; 33
-5.0, 2.0, -1.0; 26
5.0, 2.0, -1.0; 2
6.0, 2.0, -1.0; 1
7.0, 2.0, -1.0; 1
8.0, 2.0, -1.0; 1
-10.0, 3.0, -1.0; 1
-9.0, 3.0, -1.0; 3
-8.0, 3.0, -1.0; 1
-7.0, 3.0, -1.0; 5
-6.0, 3.0, -1.0; 5
-5.0, 3.0, -1.0; 1
5.0, 3.0, -1.0; 4
-9.0, 4.0, -1.0; 4
-8.0, 4.0, -1.0; 2
-7.0, 4.0, -1.0; 2
-6.0, 4.0, -1.0; 1
-5.0, 4.0, -1.0; 9
1.0, 4.0, -1.0; 1
2.0, 4.0, -1.0; 5
3.0, 4.0, -1.0; 3
4.0, 4.0, -1.0; 1
5.0, 4.0, -1.0; 3
6.0, 4.0, -1.0; 1
-9.0, 5.0, -1.0; 1
-8.0, 5.0, -1.0; 1
-7.0, 5.0, -1.0; 6
-5.0, 5.0, -1.0; 3
-4.0, 5.0, -1.0; 7
-3.0, 5.0, -1.0; 1
-1.0, 5.0, -1.0; 1
0.0, 5.0, -1.0; 2
1.0, 5.0, -1.0; 5
2.0, 5.0, -1.0; 8
3.0, 5.0, -1.0; 2
4.0, 5.0, -1.0; 2
5.0, 5.0, -1.0; 2
7.0, 5.0, -1.0; 1
-8.0, 6.0, -1.0; 5
-7.0, 6.0, -1.0; 30
-6.0, 6.0, -1.0; 187
-5.0, 6.0, -1.0; 19
-4.0, 6.0, -1.0; 6
-3.0, 6.0, -1.0; 2
-2.0, 6.0, -1.0; 10
-1.0, 6.0, -1.0; 31
0.0, 6.0, -1.0; 92
1.0, 6.0, -1.0; 30
2.0, 6.0, -1.0; 1
3.0, 6.0, -1.0; 1
4.0, 6.0, -1.0; 1
6.0, 6.0, -1.0; 1
7.0, 6.0, -1.0; 1
-6.0, 7.0, -1.0; 16
-5.0, 7.0, -1.0; 24
-4.0, 7.0, -1.0; 9
-3.0, 7.0, -1.0; 2
-2.0, 7.0, -1.0; 2
-1.0, 7.0, -1.0; 12
0.0, 7.0, -1.0; 6
3.0, 7.0, -1.0; 1
4.0, 7.0, -1.0; 1
5.0, 7.0, -1.0; 1
-6.0, 8.0, -1.0; 1
-5.0, 8.0, -1.0; 3
-4.0, 8.0, -1.0; 3
-3.0, 8.0, -1.0; 7
-1.0, 8.0, -1.0; 4
0.0, 8.0, -1.0; 4
2.0, 8.0, -1.0; 1
3.0, 8.0, -1.0; 1
-4.0, 9.0, -1.0; 3
-3.0, 9.0, -1.0; 2
-2.0, 9.0, -1.0; 4
-1.0, 9.0, -1.0; 15
0.0, 9.0, -1.0; 9
1.0, 9.0, -1.0; 8
2.0, 9.0, -1.0; 1
-4.0, -10.0, 0.0; 6
-3.0, -10.0, 0.0; 5
-2.0, -10.0, 0.0; 3
-1.0, -10.0, 0.0; 8
0.0, -10.0, 0.0; 6
1.0, -10.0, 0.0; 5
2.0, -10.0, 0.0; 1
-6.0, -9.0, 0.0; 8
-5.0, -9.0, 0.0; 8
-4.0, -9.0, 0.0; 11
-3.0, -9.0, 0.0; 3
-2.0, -9.0, 0.0; 3
-1.0, -9.0, 0.0; 4
0.0, -9.0, 0.0; 2
1.0, -9.0, 0.0; 2
2.0, -9.0, 0.0; 3
3.0, -9.0, 0.0; 1
-7.0, -8.0, 0.0; 4
-6.0, -8.0, 0.0; 10
-5.0, -8.0, 0.0; 4
-4.0, -8.0, 0.0; 1
-2.0, -8.0, 0.0; 8
-1.0, -8.0, 0.0; 5
0.0, -8.0, 0.0; 3
2.0, -8.0, 0.0; 2
3.0, -8.0, 0.0; 1
4.0, -8.0, 0.0; 1
-8.0, -7.0, 0.0; 2
-7.0, -7.0, 0.0; 4
-6.0, -7.0, 0.0; 4
-4.0, -7.0, 0.0; 5
-3.0, -7.0, 0.0; 17
-2.0, -7.0, 0.0; 49
-1.0, -7.0, 0.0; 96
0.0, -7.0, 0.0; 63
1.0, -7.0, 0.0; 8
2.0, -7.0, 0.0; 1
3.0, -7.0, 0.0; 2
4.0, -7.0, 0.0; 2
-8.0, -6.0, 0.0; 5
-7.0, -6.0, 0.0; 7
-6.0, -6.0, 0.0; 1
-5.0, -6.0, 0.0; 8
-4.0, -6.0, 0.0; 4
-2.0, -6.0, 0.0; 4
-1.0, -6.0, 0.0; 7
0.0, -6.0, 0.0; 9
1.0, -6.0, 0.0; 4
2.0, -6.0, 0.0; 1
3.0, -6.0, 0.0; 1
4.0, -6.0, 0.0; 2
5.0, -6.0, 0.0; 3
6.0, -6.0, 0.0; 1
-9.0, -5.0, 0.0; 1
-8.0, -5.0, 0.0; 6
-7.0, -5.0, 0.0; 1
-6.0, -5.0, 0.0; 10
-1.0, -5.0, 0.0; 1
0.0, -5.0, 0.0; 1
3.0, -5.0, 0.0; 1
4.0, -5.0, 0.0; 1
-9.0, -4.0, 0.0; 6
-8.0, -4.0, 0.0; 5
-7.0, -4.0, 0.0; 3
-6.0, -4.0, 0.0; 10
-5.0, -4.0, 0.0; 2
3.0, -4.0, 0.0; 1
5.0, -4.0, 0.0; 1
-9.0, -3.0, 0.0; 8
-8.0, -3.0, 0.0; 6
-7.0, -3.0, 0.0; 1
-6.0, -3.0, 0.0; 3
-5.0, -3.0, 0.0; 1
-10.0, -2.0, 0.0; 1
-9.0, -2.0, 0.0; 3
-8.0, -2.0, 0.0; 3
-7.0, -2.0, 0.0; 4
5.0, -2.0, 0.0; 1
6.0, -2.0, 0.0; 1
-9.0, -1.0, 0.0; 1
-8.0, -1.0, 0.0; 2
-7.0, -1.0, 0.0; 3
-6.0, -1.0, 0.0; 1
-5.0, -1.0, 0.0; 1
9.0, -1.0, 0.0; 1
-9.0, 0.0, 0.0; 2
-8.0, 0.0, 0.0; 3
-7.0, 0.0, 0.0; 2
-6.0, 0.0, 0.0; 3
-5.0, 0.0, 0.0; 1
2.0
6.12344139651
