6.0, 0.0, 0.0; 1
-10.0, 1.0, 0.0; 4
-9.0, 1.0, 0.0; 3
-8.0, 1.0, 0.0; 6
-7.0, 1.0, 0.0; 4
-6.0, 1.0, 0.0; 108
-5.0, 1.0, 0.0; 35
8.0, 1.0, 0.0; 1
9.0, 1.0, 0.0; 1
-10.0, 2.0, 0.0; 1
-9.0, 2.0, 0.0; 7
-8.0, 2.0, 0.0; 6
-7.0, 2.0, 0.0; 4
-6.0, 2.0, 0.0; 63
-5.0, 2.0, 0.0; 96
3.0, 2.0, 0.0; 1
4.0, 2.0, 0.0; 1
5.0, 2.0, 0.0; 2
6.0, 2.0, 0.0; 4
7.0, 2.0, 0.0; 2
-10.0, 3.0, 0.0; 2
-9.0, 3.0, 0.0; 8
-8.0, 3.0, 0.0; 12
-7.0, 3.0, 0.0; 6
-6.0, 3.0, 0.0; 27
-5.0, 3.0, 0.0; 46
-4.0, 3.0, 0.0; 1
3.0, 3.0, 0.0; 1
4.0, 3.0, 0.0; 3
5.0, 3.0, 0.0; 3
6.0, 3.0, 0.0; 2
7.0, 3.0, 0.0; 1
-8.0, 4.0, 0.0; 14
-7.0, 4.0, 0.0; 13
-6.0, 4.0, 0.0; 18
-5.0, 4.0, 0.0; 78
-4.0, 4.0, 0.0; 21
1.0, 4.0, 0.0; 4
2.0, 4.0, 0.0; 17
3.0, 4.0, 0.0; 5
4.0, 4.0, 0.0; 12
5.0, 4.0, 0.0; 4
6.0, 4.0, 0.0; 2
7.0, 4.0, 0.0; 4
-9.0, 5.0, 0.0; 5
-8.0, 5.0, 0.0; 15
-7.0, 5.0, 0.0; 11
-6.0, 5.0, 0.0; 2
-5.0, 5.0, 0.0; 24
-4.0, 5.0, 0.0; 78
-3.0, 5.0, 0.0; 35
-2.0, 5.0, 0.0; 9
-1.0, 5.0, 0.0; 14
0.0, 5.0, 0.0; 26
1.0, 5.0, 0.0; 52
2.0, 5.0, 0.0; 19
3.0, 5.0, 0.0; 7
4.0, 5.0, 0.0; 17
5.0, 5.0, 0.0; 2
6.0, 5.0, 0.0; 1
7.0, 5.0, 0.0; 2
8.0, 5.0, 0.0; 1
-8.0, 6.0, 0.0; 10
-7.0, 6.0, 0.0; 56
-6.0, 6.0, 0.0; 423
-5.0, 6.0, 0.0; 121
-4.0, 6.0, 0.0; 10
-3.0, 6.0, 0.0; 27
-2.0, 6.0, 0.0; 66
-1.0, 6.0, 0.0; 141
0.0, 6.0, 0.0; 186
1.0, 6.0, 0.0; 48
2.0, 6.0, 0.0; 6
3.0, 6.0, 0.0; 15
4.0, 6.0, 0.0; 6
5.0, 6.0, 0.0; 4
6.0, 6.0, 0.0; 1
7.0, 6.0, 0.0; 2
-7.0, 7.0, 0.0; 8
-6.0, 7.0, 0.0; 34
-5.0, 7.0, 0.0; 62
-4.0, 7.0, 0.0; 12
-3.0, 7.0, 0.0; 6
-2.0, 7.0, 0.0; 28
-1.0, 7.0, 0.0; 108
0.0, 7.0, 0.0; 81
1.0, 7.0, 0.0; 3
2.0, 7.0, 0.0; 13
3.0, 7.0, 0.0; 8
4.0, 7.0, 0.0; 3
5.0, 7.0, 0.0; 3
-5.0, 8.0, 0.0; 9
-4.0, 8.0, 0.0; 12
-3.0, 8.0, 0.0; 13
-2.0, 8.0, 0.0; 19
-1.0, 8.0, 0.0; 22
0.0, 8.0, 0.0; 19
1.0, 8.0, 0.0; 17
2.0, 8.0, 0.0; 13
3.0, 8.0, 0.0; 6
4.0, 8.0, 0.0; 1
-4.0, 9.0, 0.0; 9
-3.0, 9.0, 0.0; 17
-2.0, 9.0, 0.0; 36
-1.0, 9.0, 0.0; 47
0.0, 9.0, 0.0; 34
1.0, 9.0, 0.0; 24
2.0, 9.0, 0.0; 7
-4.0, -10.0, 1.0; 6
-3.0, -10.0, 1.0; 12
-2.0, -10.0, 1.0; 24
-1.0, -10.0, 1.0; 17
0.0, -10.0, 1.0; 7
1.0, -10.0, 1.0; 4
2.0, -10.0, 1.0; 1
3.0, -10.0, 1.0; 2
-6.0, -9.0, 1.0; 6
-5.0, -9.0, 1.0; 13
-4.0, -9.0, 1.0; 31
-3.0, -9.0, 1.0; 31
-2.0, -9.0, 1.0; 21
-1.0, -9.0, 1.0; 12
0.0, -9.0, 1.0; 4
1.0, -9.0, 1.0; 5
2.0, -9.0, 1.0; 13
3.0, -9.0, 1.0; 3
4.0, -9.0, 1.0; 2
5.0, -9.0, 1.0; 1
-7.0, -8.0, 1.0; 9
-6.0, -8.0, 1.0; 24
-5.0, -8.0, 1.0; 30
-4.0, -8.0, 1.0; 8
-2.0, -8.0, 1.0; 3
-1.0, -8.0, 1.0; 2
0.0, -8.0, 1.0; 7
1.0, -8.0, 1.0; 14
2.0, -8.0, 1.0; 6
3.0, -8.0, 1.0; 2
4.0, -8.0, 1.0; 2
5.0, -8.0, 1.0; 6
6.0, -8.0, 1.0; 3
-8.0, -7.0, 1.0; 3
-7.0, -7.0, 1.0; 23
-6.0, -7.0, 1.0; 28
-5.0, -7.0, 1.0; 2
-4.0, -7.0, 1.0; 120
-3.0, -7.0, 1.0; 247
-2.0, -7.0, 1.0; 313
-1.0, -7.0, 1.0; 202
0.0, -7.0, 1.0; 48
1.0, -7.0, 1.0; 11
2.0, -7.0, 1.0; 15
3.0, -7.0, 1.0; 7
4.0, -7.0, 1.0; 2
5.0, -7.0, 1.0; 1
6.0, -7.0, 1.0; 1
7.0, -7.0, 1.0; 1
-9.0, -6.0, 1.0; 4
-8.0, -6.0, 1.0; 16
-7.0, -6.0, 1.0; 31
-6.0, -6.0, 1.0; 8
-5.0, -6.0, 1.0; 162
-4.0, -6.0, 1.0; 210
-3.0, -6.0, 1.0; 70
-2.0, -6.0, 1.0; 52
-1.0, -6.0, 1.0; 36
0.0, -6.0, 1.0; 31
1.0, -6.0, 1.0; 14
2.0, -6.0, 1.0; 20
3.0, -6.0, 1.0; 18
4.0, -6.0, 1.0; 7
5.0, -6.0, 1.0; 1
6.0, -6.0, 1.0; 1
-9.0, -5.0, 1.0; 1
-8.0, -5.0, 1.0; 30
-7.0, -5.0, 1.0; 12
-6.0, -5.0, 1.0; 64
-5.0, -5.0, 1.0; 92
-4.0, -5.0, 1.0; 7
-3.0, -5.0, 1.0; 7
-2.0, -5.0, 1.0; 4
-1.0, -5.0, 1.0; 3
0.0, -5.0, 1.0; 1
1.0, -5.0, 1.0; 1
2.0, -5.0, 1.0; 4
3.0, -5.0, 1.0; 8
4.0, -5.0, 1.0; 4
5.0, -5.0, 1.0; 1
6.0, -5.0, 1.0; 1
-9.0, -4.0, 1.0; 13
-8.0, -4.0, 1.0; 28
-7.0, -4.0, 1.0; 4
-6.0, -4.0, 1.0; 33
-5.0, -4.0, 1.0; 6
-4.0, -4.0, 1.0; 3
-3.0, -4.0, 1.0; 2
2.0, -4.0, 1.0; 1
3.0, -4.0, 1.0; 1
4.0, -4.0, 1.0; 3
5.0, -4.0, 1.0; 1
6.0, -4.0, 1.0; 2
7.0, -4.0, 1.0; 1
8.0, -4.0, 1.0; 2
-10.0, -3.0, 1.0; 5
-9.0, -3.0, 1.0; 3
-8.0, -3.0, 1.0; 19
-7.0, -3.0, 1.0; 6
-6.0, -3.0, 1.0; 7
-5.0, -3.0, 1.0; 1
-4.0, -3.0, 1.0; 1
3.0, -3.0, 1.0; 2
5.0, -3.0, 1.0; 1
9.0, -3.0, 1.0; 1
-10.0, -2.0, 1.0; 4
-9.0, -2.0, 1.0; 4
-8.0, -2.0, 1.0; 12
-7.0, -2.0, 1.0; 7
-6.0, -2.0, 1.0; 5
-5.0, -2.0, 1.0; 1
5.0, -2.0, 1.0; 1
6.0, -2.0, 1.0; 1
-10.0, -1.0, 1.0; 8
-9.0, -1.0, 1.0; 2
-8.0, -1.0, 1.0; 9
-7.0, -1.0, 1.0; 12
-6.0, -1.0, 1.0; 8
-5.0, -1.0, 1.0; 4
5.0, -1.0, 1.0; 3
6.0, -1.0, 1.0; 3
7.0, -1.0, 1.0; 1
-10.0, 0.0, 1.0; 4
-9.0, 0.0, 1.0; 3
-8.0, 0.0, 1.0; 10
-7.0, 0.0, 1.0; 11
-6.0, 0.0, 1.0; 14
-5.0, 0.0, 1.0; 6
-4.0, 0.0, 1.0; 2
5.0, 0.0, 1.0; 2
6.0, 0.0, 1.0; 3
9.0, 0.0, 1.0; 1
-10.0, 1.0, 1.0; 2
-9.0, 1.0, 1.0; 6
-8.0, 1.0, 1.0; 7
-7.0, 1.0, 1.0; 7
-6.0, 1.0, 1.0; 22
-5.0, 1.0, 1.0; 31
-4.0, 1.0, 1.0; 1
5.0, 1.0, 1.0; 2
6.0, 1.0, 1.0; 2
7.0, 1.0, 1.0; 1
-10.0, 2.0, 1.0; 1
-9.0, 2.0, 1.0; 10
-8.0, 2.0, 1.0; 6
-7.0, 2.0, 1.0; 1
-6.0, 2.0, 1.0; 12
-5.0, 2.0, 1.0; 55
-4.0, 2.0, 1.0; 8
4.0, 2.0, 1.0; 2
5.0, 2.0, 1.0; 3
6.0, 2.0, 1.0; 1
7.0, 2.0, 1.0; 1
-10.0, 3.0, 1.0; 1
-9.0, 3.0, 1.0; 3
-8.0, 3.0, 1.0; 15
-7.0, 3.0, 1.0; 6
-6.0, 3.0, 1.0; 7
-5.0, 3.0, 1.0; 31
-4.0, 3.0, 1.0; 36
-3.0, 3.0, 1.0; 1
3.0, 3.0, 1.0; 2
4.0, 3.0, 1.0; 7
5.0, 3.0, 1.0; 2
6.0, 3.0, 1.0; 2
7.0, 3.0, 1.0; 4
-9.0, 4.0, 1.0; 5
-8.0, 4.0, 1.0; 19
-7.0, 4.0, 1.0; 15
-6.0, 4.0, 1.0; 12
-5.0, 4.0, 1.0; 15
-4.0, 4.0, 1.0; 37
-3.0, 4.0, 1.0; 32
-2.0, 4.0, 1.0; 4
-1.0, 4.0, 1.0; 4
0.0, 4.0, 1.0; 1
1.0, 4.0, 1.0; 5
2.0, 4.0, 1.0; 8
3.0, 4.0, 1.0; 10
4.0, 4.0, 1.0; 11
5.0, 4.0, 1.0; 2
6.0, 4.0, 1.0; 1
8.0, 4.0, 1.0; 1
-8.0, 5.0, 1.0; 13
-7.0, 5.0, 1.0; 17
-6.0, 5.0, 1.0; 10
-5.0, 5.0, 1.0; 18
-4.0, 5.0, 1.0; 70
-3.0, 5.0, 1.0; 617
-2.0, 5.0, 1.0; 222
-1.0, 5.0, 1.0; 26
0.0, 5.0, 1.0; 33
1.0, 5.0, 1.0; 29
2.0, 5.0, 1.0; 4
3.0, 5.0, 1.0; 16
4.0, 5.0, 1.0; 14
5.0, 5.0, 1.0; 7
6.0, 5.0, 1.0; 3
7.0, 5.0, 1.0; 3
-8.0, 6.0, 1.0; 8
-7.0, 6.0, 1.0; 36
-6.0, 6.0, 1.0; 46
-5.0, 6.0, 1.0; 23
-4.0, 6.0, 1.0; 47
-3.0, 6.0, 1.0; 59
-2.0, 6.0, 1.0; 84
-1.0, 6.0, 1.0; 60
0.0, 6.0, 1.0; 24
1.0, 6.0, 1.0; 3
2.0, 6.0, 1.0; 6
3.0, 6.0, 1.0; 5
4.0, 6.0, 1.0; 12
6.0, 6.0, 1.0; 2
7.0, 6.0, 1.0; 2
-7.0, 7.0, 1.0; 9
-6.0, 7.0, 1.0; 19
-5.0, 7.0, 1.0; 21
-4.0, 7.0, 1.0; 4
-3.0, 7.0, 1.0; 4
-2.0, 7.0, 1.0; 7
-1.0, 7.0, 1.0; 27
0.0, 7.0, 1.0; 20
1.0, 7.0, 1.0; 15
2.0, 7.0, 1.0; 10
3.0, 7.0, 1.0; 7
4.0, 7.0, 1.0; 4
5.0, 7.0, 1.0; 3
-6.0, 8.0, 1.0; 2
-5.0, 8.0, 1.0; 5
-4.0, 8.0, 1.0; 6
-3.0, 8.0, 1.0; 15
-2.0, 8.0, 1.0; 19
-1.0, 8.0, 1.0; 19
0.0, 8.0, 1.0; 16
1.0, 8.0, 1.0; 15
2.0, 8.0, 1.0; 14
3.0, 8.0, 1.0; 5
4.0, 8.0, 1.0; 2
5.0, 8.0, 1.0; 1
-4.0, 9.0, 1.0; 5
-3.0, 9.0, 1.0; 20
-2.0, 9.0, 1.0; 25
-1.0, 9.0, 1.0; 29
0.0, 9.0, 1.0; 31
1.0, 9.0, 1.0; 10
2.0, 9.0, 1.0; 3
-4.0, -10.0, 2.0; 1
-3.0, -10.0, 2.0; 3
-2.0, -10.0, 2.0; 5
-1.0, -10.0, 2.0; 10
0.0, -10.0, 2.0; 6
1.0, -10.0, 2.0; 1
2.0, -10.0, 2.0; 2
3.0, -10.0, 2.0; 1
-6.0, -9.0, 2.0; 2
-5.0, -9.0, 2.0; 7
-4.0, -9.0, 2.0; 18
-3.0, -9.0, 2.0; 38
-2.0, -9.0, 2.0; 30
-1.0, -9.0, 2.0; 19
0.0, -9.0, 2.0; 5
1.0, -9.0, 2.0; 5
2.0, -9.0, 2.0; 9
3.0, -9.0, 2.0; 3
4.0, -9.0, 2.0; 3
-7.0, -8.0, 2.0; 2
-6.0, -8.0, 2.0; 11
-5.0, -8.0, 2.0; 39
-4.0, -8.0, 2.0; 18
-3.0, -8.0, 2.0; 15
-2.0, -8.0, 2.0; 11
-1.0, -8.0, 2.0; 11
0.0, -8.0, 2.0; 14
1.0, -8.0, 2.0; 17
2.0, -8.0, 2.0; 1
3.0, -8.0, 2.0; 1
4.0, -8.0, 2.0; 4
5.0, -8.0, 2.0; 2
-7.0, -7.0, 2.0; 18
-6.0, -7.0, 2.0; 43
-5.0, -7.0, 2.0; 18
-4.0, -7.0, 2.0; 6
-3.0, -7.0, 2.0; 24
-2.0, -7.0, 2.0; 25
-1.0, -7.0, 2.0; 11
0.0, -7.0, 2.0; 10
1.0, -7.0, 2.0; 26
2.0, -7.0, 2.0; 13
3.0, -7.0, 2.0; 1
4.0, -7.0, 2.0; 3
5.0, -7.0, 2.0; 4
7.0, -7.0, 2.0; 1
-8.0, -6.0, 2.0; 8
-7.0, -6.0, 2.0; 33
-6.0, -6.0, 2.0; 15
-5.0, -6.0, 2.0; 12
-4.0, -6.0, 2.0; 114
-3.0, -6.0, 2.0; 122
-2.0, -6.0, 2.0; 78
-1.0, -6.0, 2.0; 30
0.0, -6.0, 2.0; 5
1.0, -6.0, 2.0; 6
2.0, -6.0, 2.0; 6
3.0, -6.0, 2.0; 1
4.0, -6.0, 2.0; 3
5.0, -6.0, 2.0; 2
6.0, -6.0, 2.0; 1
-9.0, -5.0, 2.0; 3
-8.0, -5.0, 2.0; 12
-7.0, -5.0, 2.0; 26
-6.0, -5.0, 2.0; 3
-5.0, -5.0, 2.0; 56
-4.0, -5.0, 2.0; 74
-3.0, -5.0, 2.0; 15
-2.0, -5.0, 2.0; 5
-1.0, -5.0, 2.0; 3
0.0, -5.0, 2.0; 1
1.0, -5.0, 2.0; 5
2.0, -5.0, 2.0; 3
3.0, -5.0, 2.0; 3
4.0, -5.0, 2.0; 2
5.0, -5.0, 2.0; 1
6.0, -5.0, 2.0; 1
7.0, -5.0, 2.0; 1
-10.0, -4.0, 2.0; 2
-9.0, -4.0, 2.0; 4
-8.0, -4.0, 2.0; 17
-7.0, -4.0, 2.0; 17
-6.0, -4.0, 2.0; 9
-5.0, -4.0, 2.0; 26
-4.0, -4.0, 2.0; 4
0.0, -4.0, 2.0; 1
1.0, -4.0, 2.0; 3
2.0, -4.0, 2.0; 2
4.0, -4.0, 2.0; 1
6.0, -4.0, 2.0; 1
7.0, -4.0, 2.0; 1
8.0, -4.0, 2.0; 1
-10.0, -3.0, 2.0; 2
-9.0, -3.0, 2.0; 4
-8.0, -3.0, 2.0; 10
-7.0, -3.0, 2.0; 16
-6.0, -3.0, 2.0; 2
-5.0, -3.0, 2.0; 3
-4.0, -3.0, 2.0; 1
-1.0, -3.0, 2.0; 1
0.0, -3.0, 2.0; 1
4.0, -3.0, 2.0; 1
5.0, -3.0, 2.0; 1
7.0, -3.0, 2.0; 1
8.0, -3.0, 2.0; 1
-10.0, -2.0, 2.0; 2
-9.0, -2.0, 2.0; 4
-8.0, -2.0, 2.0; 9
-7.0, -2.0, 2.0; 16
-6.0, -2.0, 2.0; 5
-5.0, -2.0, 2.0; 4
-3.0, -2.0, 2.0; 1
3.0, -2.0, 2.0; 2
4.0, -2.0, 2.0; 1
5.0, -2.0, 2.0; 4
-10.0, -1.0, 2.0; 2
-9.0, -1.0, 2.0; 3
-8.0, -1.0, 2.0; 4
-7.0, -1.0, 2.0; 6
-6.0, -1.0, 2.0; 11
-5.0, -1.0, 2.0; 6
-4.0, -1.0, 2.0; 1
4.0, -1.0, 2.0; 1
5.0, -1.0, 2.0; 2
-10.0, 0.0, 2.0; 9
-9.0, 0.0, 2.0; 3
-8.0, 0.0, 2.0; 2
-7.0, 0.0, 2.0; 7
-6.0, 0.0, 2.0; 20
-5.0, 0.0, 2.0; 18
-4.0, 0.0, 2.0; 2
4.0, 0.0, 2.0; 1
5.0, 0.0, 2.0; 2
6.0, 0.0, 2.0; 2
8.0, 0.0, 2.0; 1
9.0, 0.0, 2.0; 1
-10.0, 1.0, 2.0; 4
-9.0, 1.0, 2.0; 3
-8.0, 1.0, 2.0; 5
-7.0, 1.0, 2.0; 5
-6.0, 1.0, 2.0; 9
-5.0, 1.0, 2.0; 242
-4.0, 1.0, 2.0; 150
-3.0, 1.0, 2.0; 2
3.0, 1.0, 2.0; 2
4.0, 1.0, 2.0; 1
5.0, 1.0, 2.0; 4
-10.0, 2.0, 2.0; 2
-9.0, 2.0, 2.0; 5
-8.0, 2.0, 2.0; 7
-7.0, 2.0, 2.0; 11
-6.0, 2.0, 2.0; 1
-5.0, 2.0, 2.0; 228
-4.0, 2.0, 2.0; 763
-3.0, 2.0, 2.0; 9
0.0, 2.0, 2.0; 1
2.0, 2.0, 2.0; 1
3.0, 2.0, 2.0; 2
4.0, 2.0, 2.0; 1
6.0, 2.0, 2.0; 3
7.0, 2.0, 2.0; 1
-9.0, 3.0, 2.0; 4
-8.0, 3.0, 2.0; 11
-7.0, 3.0, 2.0; 15
-6.0, 3.0, 2.0; 8
-5.0, 3.0, 2.0; 15
-4.0, 3.0, 2.0; 56
-3.0, 3.0, 2.0; 22
-1.0, 3.0, 2.0; 1
0.0, 3.0, 2.0; 3
2.0, 3.0, 2.0; 1
3.0, 3.0, 2.0; 7
5.0, 3.0, 2.0; 2
-9.0, 4.0, 2.0; 1
-8.0, 4.0, 2.0; 6
-7.0, 4.0, 2.0; 22
-6.0, 4.0, 2.0; 11
-5.0, 4.0, 2.0; 7
-4.0, 4.0, 2.0; 20
-3.0, 4.0, 2.0; 83
-2.0, 4.0, 2.0; 46
-1.0, 4.0, 2.0; 28
0.0, 4.0, 2.0; 13
1.0, 4.0, 2.0; 2
2.0, 4.0, 2.0; 11
3.0, 4.0, 2.0; 5
4.0, 4.0, 2.0; 6
5.0, 4.0, 2.0; 4
6.0, 4.0, 2.0; 1
7.0, 4.0, 2.0; 1
-8.0, 5.0, 2.0; 7
-7.0, 5.0, 2.0; 15
-6.0, 5.0, 2.0; 15
-5.0, 5.0, 2.0; 17
-4.0, 5.0, 2.0; 19
-3.0, 5.0, 2.0; 103
-2.0, 5.0, 2.0; 95
-1.0, 5.0, 2.0; 18
0.0, 5.0, 2.0; 11
1.0, 5.0, 2.0; 3
2.0, 5.0, 2.0; 4
3.0, 5.0, 2.0; 13
4.0, 5.0, 2.0; 11
5.0, 5.0, 2.0; 2
6.0, 5.0, 2.0; 4
7.0, 5.0, 2.0; 2
-8.0, 6.0, 2.0; 2
-7.0, 6.0, 2.0; 11
-6.0, 6.0, 2.0; 15
-5.0, 6.0, 2.0; 7
-4.0, 6.0, 2.0; 7
-3.0, 6.0, 2.0; 22
-2.0, 6.0, 2.0; 14
-1.0, 6.0, 2.0; 6
0.0, 6.0, 2.0; 3
1.0, 6.0, 2.0; 2
2.0, 6.0, 2.0; 5
3.0, 6.0, 2.0; 4
4.0, 6.0, 2.0; 3
5.0, 6.0, 2.0; 3
6.0, 6.0, 2.0; 3
-7.0, 7.0, 2.0; 3
-6.0, 7.0, 2.0; 5
-5.0, 7.0, 2.0; 11
-4.0, 7.0, 2.0; 6
-3.0, 7.0, 2.0; 9
-2.0, 7.0, 2.0; 7
-1.0, 7.0, 2.0; 27
0.0, 7.0, 2.0; 26
1.0, 7.0, 2.0; 16
2.0, 7.0, 2.0; 11
3.0, 7.0, 2.0; 2
4.0, 7.0, 2.0; 2
-5.0, 8.0, 2.0; 9
-4.0, 8.0, 2.0; 11
-3.0, 8.0, 2.0; 19
-2.0, 8.0, 2.0; 33
-1.0, 8.0, 2.0; 12
0.0, 8.0, 2.0; 15
1.0, 8.0, 2.0; 15
2.0, 8.0, 2.0; 13
3.0, 8.0, 2.0; 2
4.0, 8.0, 2.0; 1
-4.0, 9.0, 2.0; 3
-3.0, 9.0, 2.0; 8
-2.0, 9.0, 2.0; 13
-1.0, 9.0, 2.0; 16
0.0, 9.0, 2.0; 9
1.0, 9.0, 2.0; 5
2.0, 9.0, 2.0; 1
-3.0, -10.0, 3.0; 2
-1.0, -10.0, 3.0; 1
0.0, -10.0, 3.0; 1
1.0, -10.0, 3.0; 2
-5.0, -9.0, 3.0; 4
-4.0, -9.0, 3.0; 4
-3.0, -9.0, 3.0; 13
-2.0, -9.0, 3.0; 12
-1.0, -9.0, 3.0; 11
0.0, -9.0, 3.0; 2
1.0, -9.0, 3.0; 2
2.0, -9.0, 3.0; 2
3.0, -9.0, 3.0; 4
-6.0, -8.0, 3.0; 3
-5.0, -8.0, 3.0; 18
-4.0, -8.0, 3.0; 20
-3.0, -8.0, 3.0; 32
-2.0, -8.0, 3.0; 26
-1.0, -8.0, 3.0; 28
0.0, -8.0, 3.0; 16
1.0, -8.0, 3.0; 7
2.0, -8.0, 3.0; 6
3.0, -8.0, 3.0; 1
4.0, -8.0, 3.0; 2
5.0, -8.0, 3.0; 1
-8.0, -7.0, 3.0; 1
-7.0, -7.0, 3.0; 8
-6.0, -7.0, 3.0; 13
-5.0, -7.0, 3.0; 47
-4.0, -7.0, 3.0; 33
-3.0, -7.0, 3.0; 24
-2.0, -7.0, 3.0; 17
-1.0, -7.0, 3.0; 24
0.0, -7.0, 3.0; 22
1.0, -7.0, 3.0; 10
2.0, -7.0, 3.0; 4
3.0, -7.0, 3.0; 2
4.0, -7.0, 3.0; 1
5.0, -7.0, 3.0; 1
-8.0, -6.0, 3.0; 1
-7.0, -6.0, 3.0; 7
-6.0, -6.0, 3.0; 40
-5.0, -6.0, 3.0; 37
-4.0, -6.0, 3.0; 8
-3.0, -6.0, 3.0; 2
-2.0, -6.0, 3.0; 6
-1.0, -6.0, 3.0; 12
0.0, -6.0, 3.0; 20
1.0, -6.0, 3.0; 13
2.0, -6.0, 3.0; 4
3.0, -6.0, 3.0; 1
4.0, -6.0, 3.0; 2
5.0, -6.0, 3.0; 2
6.0, -6.0, 3.0; 1
-8.0, -5.0, 3.0; 4
-7.0, -5.0, 3.0; 20
-6.0, -5.0, 3.0; 29
-5.0, -5.0, 3.0; 6
-4.0, -5.0, 3.0; 5
-3.0, -5.0, 3.0; 8
-2.0, -5.0, 3.0; 3
-1.0, -5.0, 3.0; 1
0.0, -5.0, 3.0; 7
1.0, -5.0, 3.0; 6
2.0, -5.0, 3.0; 6
4.0, -5.0, 3.0; 1
5.0, -5.0, 3.0; 1
6.0, -5.0, 3.0; 1
7.0, -5.0, 3.0; 2
-9.0, -4.0, 3.0; 2
-8.0, -4.0, 3.0; 5
-7.0, -4.0, 3.0; 26
-6.0, -4.0, 3.0; 28
-5.0, -4.0, 3.0; 3
-4.0, -4.0, 3.0; 3
-3.0, -4.0, 3.0; 4
-2.0, -4.0, 3.0; 1
-1.0, -4.0, 3.0; 3
0.0, -4.0, 3.0; 5
1.0, -4.0, 3.0; 3
2.0, -4.0, 3.0; 3
3.0, -4.0, 3.0; 2
7.0, -4.0, 3.0; 1
-9.0, -3.0, 3.0; 4
-8.0, -3.0, 3.0; 4
-7.0, -3.0, 3.0; 29
-6.0, -3.0, 3.0; 24
-5.0, -3.0, 3.0; 8
-4.0, -3.0, 3.0; 2
-3.0, -3.0, 3.0; 1
-1.0, -3.0, 3.0; 2
0.0, -3.0, 3.0; 2
1.0, -3.0, 3.0; 1
2.0, -3.0, 3.0; 4
3.0, -3.0, 3.0; 1
-9.0, -2.0, 3.0; 10
-8.0, -2.0, 3.0; 7
-7.0, -2.0, 3.0; 15
-6.0, -2.0, 3.0; 24
-5.0, -2.0, 3.0; 18
-4.0, -2.0, 3.0; 6
-3.0, -2.0, 3.0; 1
-2.0, -2.0, 3.0; 4
-1.0, -2.0, 3.0; 2
0.0, -2.0, 3.0; 8
1.0, -2.0, 3.0; 10
3.0, -2.0, 3.0; 1
5.0, -2.0, 3.0; 1
-10.0, -1.0, 3.0; 1
-9.0, -1.0, 3.0; 5
-8.0, -1.0, 3.0; 3
-7.0, -1.0, 3.0; 7
-6.0, -1.0, 3.0; 11
-5.0, -1.0, 3.0; 9
-4.0, -1.0, 3.0; 4
-3.0, -1.0, 3.0; 4
-2.0, -1.0, 3.0; 7
-1.0, -1.0, 3.0; 1
0.0, -1.0, 3.0; 5
1.0, -1.0, 3.0; 12
2.0, -1.0, 3.0; 1
3.0, -1.0, 3.0; 1
-10.0, 0.0, 3.0; 1
-9.0, 0.0, 3.0; 6
-8.0, 0.0, 3.0; 3
-7.0, 0.0, 3.0; 3
-6.0, 0.0, 3.0; 8
-5.0, 0.0, 3.0; 10
-4.0, 0.0, 3.0; 15
-3.0, 0.0, 3.0; 4
-2.0, 0.0, 3.0; 1
2.0, 0.0, 3.0; 2
3.0, 0.0, 3.0; 3
6.0, 0.0, 3.0; 1
-9.0, 1.0, 3.0; 11
-8.0, 1.0, 3.0; 9
-7.0, 1.0, 3.0; 3
-6.0, 1.0, 3.0; 5
-5.0, 1.0, 3.0; 6
-4.0, 1.0, 3.0; 66
-3.0, 1.0, 3.0; 31
-2.0, 1.0, 3.0; 2
-1.0, 1.0, 3.0; 1
0.0, 1.0, 3.0; 1
1.0, 1.0, 3.0; 1
2.0, 1.0, 3.0; 2
3.0, 1.0, 3.0; 1
4.0, 1.0, 3.0; 1
5.0, 1.0, 3.0; 1
7.0, 1.0, 3.0; 1
-9.0, 2.0, 3.0; 3
-8.0, 2.0, 3.0; 15
-7.0, 2.0, 3.0; 9
-6.0, 2.0, 3.0; 5
-5.0, 2.0, 3.0; 7
-4.0, 2.0, 3.0; 84
-3.0, 2.0, 3.0; 54
-2.0, 2.0, 3.0; 12
-1.0, 2.0, 3.0; 3
1.0, 2.0, 3.0; 3
2.0, 2.0, 3.0; 8
3.0, 2.0, 3.0; 3
4.0, 2.0, 3.0; 2
8.0, 2.0, 3.0; 1
-9.0, 3.0, 3.0; 4
-8.0, 3.0, 3.0; 13
-7.0, 3.0, 3.0; 15
-6.0, 3.0, 3.0; 6
-5.0, 3.0, 3.0; 2
-4.0, 3.0, 3.0; 5
-3.0, 3.0, 3.0; 16
-2.0, 3.0, 3.0; 15
-1.0, 3.0, 3.0; 16
0.0, 3.0, 3.0; 9
1.0, 3.0, 3.0; 3
2.0, 3.0, 3.0; 3
3.0, 3.0, 3.0; 4
-9.0, 4.0, 3.0; 3
-8.0, 4.0, 3.0; 2
-7.0, 4.0, 3.0; 7
-6.0, 4.0, 3.0; 19
-5.0, 4.0, 3.0; 10
-4.0, 4.0, 3.0; 8
-3.0, 4.0, 3.0; 11
-2.0, 4.0, 3.0; 19
-1.0, 4.0, 3.0; 15
0.0, 4.0, 3.0; 4
1.0, 4.0, 3.0; 7
2.0, 4.0, 3.0; 7
3.0, 4.0, 3.0; 5
4.0, 4.0, 3.0; 1
5.0, 4.0, 3.0; 1
6.0, 4.0, 3.0; 1
8.0, 4.0, 3.0; 1
-8.0, 5.0, 3.0; 9
-7.0, 5.0, 3.0; 5
-6.0, 5.0, 3.0; 12
-5.0, 5.0, 3.0; 10
-4.0, 5.0, 3.0; 10
-3.0, 5.0, 3.0; 5
-2.0, 5.0, 3.0; 3
-1.0, 5.0, 3.0; 8
0.0, 5.0, 3.0; 2
1.0, 5.0, 3.0; 4
2.0, 5.0, 3.0; 13
3.0, 5.0, 3.0; 5
4.0, 5.0, 3.0; 2
5.0, 5.0, 3.0; 4
6.0, 5.0, 3.0; 1
-8.0, 6.0, 3.0; 4
-7.0, 6.0, 3.0; 1
-6.0, 6.0, 3.0; 7
-5.0, 6.0, 3.0; 7
-4.0, 6.0, 3.0; 6
-3.0, 6.0, 3.0; 7
-2.0, 6.0, 3.0; 4
-1.0, 6.0, 3.0; 4
0.0, 6.0, 3.0; 3
1.0, 6.0, 3.0; 5
2.0, 6.0, 3.0; 2
3.0, 6.0, 3.0; 1
4.0, 6.0, 3.0; 2
5.0, 6.0, 3.0; 1
6.0, 6.0, 3.0; 3
-7.0, 7.0, 3.0; 1
-6.0, 7.0, 3.0; 2
-5.0, 7.0, 3.0; 8
-4.0, 7.0, 3.0; 9
-3.0, 7.0, 3.0; 14
-2.0, 7.0, 3.0; 17
-1.0, 7.0, 3.0; 19
0.0, 7.0, 3.0; 16
1.0, 7.0, 3.0; 7
2.0, 7.0, 3.0; 6
3.0, 7.0, 3.0; 2
4.0, 7.0, 3.0; 1
5.0, 7.0, 3.0; 2
-5.0, 8.0, 3.0; 2
-4.0, 8.0, 3.0; 12
-3.0, 8.0, 3.0; 20
-2.0, 8.0, 3.0; 14
-1.0, 8.0, 3.0; 17
0.0, 8.0, 3.0; 14
1.0, 8.0, 3.0; 3
2.0, 8.0, 3.0; 2
3.0, 8.0, 3.0; 1
-3.0, 9.0, 3.0; 4
-2.0, 9.0, 3.0; 4
-1.0, 9.0, 3.0; 3
0.0, 9.0, 3.0; 2
1.0, 9.0, 3.0; 1
-4.0, -9.0, 4.0; 1
-3.0, -9.0, 4.0; 2
-2.0, -9.0, 4.0; 1
-1.0, -9.0, 4.0; 3
0.0, -9.0, 4.0; 4
1.0, -9.0, 4.0; 3
2.0, -9.0, 4.0; 1
3.0, -9.0, 4.0; 2
-5.0, -8.0, 4.0; 6
-4.0, -8.0, 4.0; 2
-3.0, -8.0, 4.0; 8
-2.0, -8.0, 4.0; 14
-1.0, -8.0, 4.0; 10
0.0, -8.0, 4.0; 5
1.0, -8.0, 4.0; 4
2.0, -8.0, 4.0; 4
3.0, -8.0, 4.0; 1
4.0, -8.0, 4.0; 1
-7.0, -7.0, 4.0; 1
-6.0, -7.0, 4.0; 3
-5.0, -7.0, 4.0; 12
-4.0, -7.0, 4.0; 30
-3.0, -7.0, 4.0; 38
-2.0, -7.0, 4.0; 40
-1.0, -7.0, 4.0; 21
0.0, -7.0, 4.0; 6
1.0, -7.0, 4.0; 5
2.0, -7.0, 4.0; 1
3.0, -7.0, 4.0; 1
4.0, -7.0, 4.0; 3
-7.0, -6.0, 4.0; 5
-6.0, -6.0, 4.0; 12
-5.0, -6.0, 4.0; 31
-4.0, -6.0, 4.0; 32
-3.0, -6.0, 4.0; 35
-2.0, -6.0, 4.0; 36
-1.0, -6.0, 4.0; 29
0.0, -6.0, 4.0; 5
1.0, -6.0, 4.0; 3
3.0, -6.0, 4.0; 2
6.0, -6.0, 4.0; 2
-9.0, -5.0, 4.0; 1
-8.0, -5.0, 4.0; 5
-7.0, -5.0, 4.0; 8
-6.0, -5.0, 4.0; 13
-5.0, -5.0, 4.0; 37
-4.0, -5.0, 4.0; 24
-3.0, -5.0, 4.0; 20
-2.0, -5.0, 4.0; 13
-1.0, -5.0, 4.0; 15
0.0, -5.0, 4.0; 11
1.0, -5.0, 4.0; 4
3.0, -5.0, 4.0; 2
4.0, -5.0, 4.0; 1
-9.0, -4.0, 4.0; 1
-8.0, -4.0, 4.0; 5
-7.0, -4.0, 4.0; 4
-6.0, -4.0, 4.0; 17
-5.0, -4.0, 4.0; 24
-4.0, -4.0, 4.0; 14
-3.0, -4.0, 4.0; 15
-2.0, -4.0, 4.0; 16
-1.0, -4.0, 4.0; 14
0.0, -4.0, 4.0; 5
1.0, -4.0, 4.0; 2
2.0, -4.0, 4.0; 2
3.0, -4.0, 4.0; 1
5.0, -4.0, 4.0; 1
7.0, -4.0, 4.0; 1
-9.0, -3.0, 4.0; 5
-8.0, -3.0, 4.0; 4
-7.0, -3.0, 4.0; 4
-6.0, -3.0, 4.0; 11
-5.0, -3.0, 4.0; 25
-4.0, -3.0, 4.0; 16
-3.0, -3.0, 4.0; 11
-2.0, -3.0, 4.0; 3
-1.0, -3.0, 4.0; 4
0.0, -3.0, 4.0; 5
1.0, -3.0, 4.0; 4
6.0, -3.0, 4.0; 1
8.0, -3.0, 4.0; 1
-9.0, -2.0, 4.0; 2
-8.0, -2.0, 4.0; 4
-7.0, -2.0, 4.0; 5
-6.0, -2.0, 4.0; 10
-5.0, -2.0, 4.0; 8
-4.0, -2.0, 4.0; 13
-3.0, -2.0, 4.0; 9
-2.0, -2.0, 4.0; 5
-1.0, -2.0, 4.0; 10
0.0, -2.0, 4.0; 16
1.0, -2.0, 4.0; 5
2.0, -2.0, 4.0; 1
-9.0, -1.0, 4.0; 6
-7.0, -1.0, 4.0; 6
-6.0, -1.0, 4.0; 1
-5.0, -1.0, 4.0; 4
-4.0, -1.0, 4.0; 6
-3.0, -1.0, 4.0; 9
-2.0, -1.0, 4.0; 17
-1.0, -1.0, 4.0; 27
0.0, -1.0, 4.0; 45
1.0, -1.0, 4.0; 18
3.0, -1.0, 4.0; 2
5.0, -1.0, 4.0; 1
8.0, -1.0, 4.0; 1
-9.0, 0.0, 4.0; 4
-8.0, 0.0, 4.0; 1
-7.0, 0.0, 4.0; 4
-6.0, 0.0, 4.0; 2
-5.0, 0.0, 4.0; 4
-4.0, 0.0, 4.0; 2
-3.0, 0.0, 4.0; 4
-2.0, 0.0, 4.0; 6
-1.0, 0.0, 4.0; 4
0.0, 0.0, 4.0; 1
1.0, 0.0, 4.0; 2
2.0, 0.0, 4.0; 5
3.0, 0.0, 4.0; 3
6.0, 0.0, 4.0; 1
-9.0, 1.0, 4.0; 5
-8.0, 1.0, 4.0; 3
-7.0, 1.0, 4.0; 9
-6.0, 1.0, 4.0; 7
-5.0, 1.0, 4.0; 1
-4.0, 1.0, 4.0; 6
-3.0, 1.0, 4.0; 6
-2.0, 1.0, 4.0; 6
-1.0, 1.0, 4.0; 2
0.0, 1.0, 4.0; 3
1.0, 1.0, 4.0; 3
2.0, 1.0, 4.0; 2
3.0, 1.0, 4.0; 4
6.0, 1.0, 4.0; 1
-9.0, 2.0, 4.0; 4
-8.0, 2.0, 4.0; 5
-7.0, 2.0, 4.0; 6
-6.0, 2.0, 4.0; 14
-5.0, 2.0, 4.0; 2
-4.0, 2.0, 4.0; 3
-3.0, 2.0, 4.0; 3
-2.0, 2.0, 4.0; 4
-1.0, 2.0, 4.0; 3
0.0, 2.0, 4.0; 7
1.0, 2.0, 4.0; 10
2.0, 2.0, 4.0; 4
3.0, 2.0, 4.0; 1
4.0, 2.0, 4.0; 1
6.0, 2.0, 4.0; 1
-9.0, 3.0, 4.0; 2
-8.0, 3.0, 4.0; 5
-7.0, 3.0, 4.0; 2
-6.0, 3.0, 4.0; 7
-5.0, 3.0, 4.0; 7
-4.0, 3.0, 4.0; 1
-3.0, 3.0, 4.0; 4
-2.0, 3.0, 4.0; 1
-1.0, 3.0, 4.0; 12
0.0, 3.0, 4.0; 12
1.0, 3.0, 4.0; 13
2.0, 3.0, 4.0; 4
4.0, 3.0, 4.0; 1
-8.0, 4.0, 4.0; 1
-7.0, 4.0, 4.0; 7
-6.0, 4.0, 4.0; 8
-5.0, 4.0, 4.0; 7
-4.0, 4.0, 4.0; 9
-3.0, 4.0, 4.0; 2
-2.0, 4.0, 4.0; 2
-1.0, 4.0, 4.0; 3
0.0, 4.0, 4.0; 1
1.0, 4.0, 4.0; 3
2.0, 4.0, 4.0; 3
3.0, 4.0, 4.0; 1
4.0, 4.0, 4.0; 2
5.0, 4.0, 4.0; 2
6.0, 4.0, 4.0; 3
7.0, 4.0, 4.0; 1
-7.0, 5.0, 4.0; 7
-6.0, 5.0, 4.0; 11
-5.0, 5.0, 4.0; 10
-4.0, 5.0, 4.0; 9
-3.0, 5.0, 4.0; 3
-2.0, 5.0, 4.0; 3
-1.0, 5.0, 4.0; 4
0.0, 5.0, 4.0; 7
1.0, 5.0, 4.0; 2
2.0, 5.0, 4.0; 7
3.0, 5.0, 4.0; 2
5.0, 5.0, 4.0; 1
6.0, 5.0, 4.0; 1
-6.0, 6.0, 4.0; 6
-5.0, 6.0, 4.0; 5
-4.0, 6.0, 4.0; 16
-3.0, 6.0, 4.0; 5
-2.0, 6.0, 4.0; 10
-1.0, 6.0, 4.0; 25
0.0, 6.0, 4.0; 6
1.0, 6.0, 4.0; 4
2.0, 6.0, 4.0; 1
3.0, 6.0, 4.0; 1
6.0, 6.0, 4.0; 1
-6.0, 7.0, 4.0; 2
-5.0, 7.0, 4.0; 5
-4.0, 7.0, 4.0; 9
-3.0, 7.0, 4.0; 5
-2.0, 7.0, 4.0; 11
-1.0, 7.0, 4.0; 10
0.0, 7.0, 4.0; 6
1.0, 7.0, 4.0; 7
2.0, 7.0, 4.0; 2
3.0, 7.0, 4.0; 1
4.0, 7.0, 4.0; 1
-4.0, 8.0, 4.0; 2
-3.0, 8.0, 4.0; 5
-2.0, 8.0, 4.0; 7
-1.0, 8.0, 4.0; 5
0.0, 8.0, 4.0; 4
1.0, 8.0, 4.0; 4
2.0, 8.0, 4.0; 1
-1.0, -9.0, 5.0; 1
-5.0, -8.0, 5.0; 1
-4.0, -8.0, 5.0; 2
-3.0, -8.0, 5.0; 7
-2.0, -8.0, 5.0; 10
-1.0, -8.0, 5.0; 2
0.0, -8.0, 5.0; 3
1.0, -8.0, 5.0; 1
2.0, -8.0, 5.0; 3
3.0, -8.0, 5.0; 1
-6.0, -7.0, 5.0; 3
-5.0, -7.0, 5.0; 7
-4.0, -7.0, 5.0; 6
-3.0, -7.0, 5.0; 12
-2.0, -7.0, 5.0; 6
-1.0, -7.0, 5.0; 6
0.0, -7.0, 5.0; 4
1.0, -7.0, 5.0; 7
2.0, -7.0, 5.0; 3
3.0, -7.0, 5.0; 1
4.0, -7.0, 5.0; 1
-7.0, -6.0, 5.0; 6
-6.0, -6.0, 5.0; 17
-5.0, -6.0, 5.0; 6
-4.0, -6.0, 5.0; 8
-3.0, -6.0, 5.0; 8
-2.0, -6.0, 5.0; 5
-1.0, -6.0, 5.0; 2
0.0, -6.0, 5.0; 3
1.0, -6.0, 5.0; 1
2.0, -6.0, 5.0; 1
3.0, -6.0, 5.0; 1
-8.0, -5.0, 5.0; 2
-7.0, -5.0, 5.0; 15
-6.0, -5.0, 5.0; 7
-5.0, -5.0, 5.0; 4
-4.0, -5.0, 5.0; 8
-3.0, -5.0, 5.0; 15
-2.0, -5.0, 5.0; 5
-1.0, -5.0, 5.0; 1
0.0, -5.0, 5.0; 2
2.0, -5.0, 5.0; 1
3.0, -5.0, 5.0; 2
4.0, -5.0, 5.0; 1
5.0, -5.0, 5.0; 2
-7.0, -4.0, 5.0; 6
-6.0, -4.0, 5.0; 4
-5.0, -4.0, 5.0; 9
-4.0, -4.0, 5.0; 5
-3.0, -4.0, 5.0; 9
-2.0, -4.0, 5.0; 10
-1.0, -4.0, 5.0; 3
0.0, -4.0, 5.0; 1
2.0, -4.0, 5.0; 1
-8.0, -3.0, 5.0; 11
-7.0, -3.0, 5.0; 8
-6.0, -3.0, 5.0; 4
-5.0, -3.0, 5.0; 4
-4.0, -3.0, 5.0; 5
-3.0, -3.0, 5.0; 2
-2.0, -3.0, 5.0; 3
-1.0, -3.0, 5.0; 3
0.0, -3.0, 5.0; 3
1.0, -3.0, 5.0; 1
6.0, -3.0, 5.0; 1
-9.0, -2.0, 5.0; 2
-8.0, -2.0, 5.0; 2
-7.0, -2.0, 5.0; 1
-5.0, -2.0, 5.0; 1
-4.0, -2.0, 5.0; 1
-3.0, -2.0, 5.0; 1
-1.0, -2.0, 5.0; 2
1.0, -2.0, 5.0; 1
2.0, -2.0, 5.0; 2
3.0, -2.0, 5.0; 1
5.0, -2.0, 5.0; 1
-9.0, -1.0, 5.0; 3
-8.0, -1.0, 5.0; 3
-7.0, -1.0, 5.0; 2
-6.0, -1.0, 5.0; 1
-4.0, -1.0, 5.0; 2
-3.0, -1.0, 5.0; 3
-2.0, -1.0, 5.0; 2
-1.0, -1.0, 5.0; 3
1.0, -1.0, 5.0; 1
2.0, -1.0, 5.0; 1
3.0, -1.0, 5.0; 1
4.0, -1.0, 5.0; 1
-8.0, 0.0, 5.0; 3
-7.0, 0.0, 5.0; 5
-6.0, 0.0, 5.0; 7
-5.0, 0.0, 5.0; 3
-3.0, 0.0, 5.0; 1
-2.0, 0.0, 5.0; 5
-1.0, 0.0, 5.0; 1
0.0, 0.0, 5.0; 1
1.0, 0.0, 5.0; 1
2.0, 0.0, 5.0; 2
3.0, 0.0, 5.0; 2
4.0, 0.0, 5.0; 1
5.0, 0.0, 5.0; 2
-8.0, 1.0, 5.0; 2
-7.0, 1.0, 5.0; 3
-6.0, 1.0, 5.0; 8
-5.0, 1.0, 5.0; 3
-4.0, 1.0, 5.0; 1
-3.0, 1.0, 5.0; 1
-2.0, 1.0, 5.0; 2
-1.0, 1.0, 5.0; 1
0.0, 1.0, 5.0; 3
1.0, 1.0, 5.0; 1
2.0, 1.0, 5.0; 2
3.0, 1.0, 5.0; 1
-9.0, 2.0, 5.0; 2
-8.0, 2.0, 5.0; 2
-7.0, 2.0, 5.0; 5
-6.0, 2.0, 5.0; 2
-5.0, 2.0, 5.0; 6
-4.0, 2.0, 5.0; 3
-3.0, 2.0, 5.0; 4
-2.0, 2.0, 5.0; 4
-1.0, 2.0, 5.0; 10
0.0, 2.0, 5.0; 18
1.0, 2.0, 5.0; 3
2.0, 2.0, 5.0; 2
3.0, 2.0, 5.0; 1
-8.0, 3.0, 5.0; 2
-7.0, 3.0, 5.0; 4
-6.0, 3.0, 5.0; 8
-5.0, 3.0, 5.0; 2
-4.0, 3.0, 5.0; 3
-3.0, 3.0, 5.0; 4
-2.0, 3.0, 5.0; 8
-1.0, 3.0, 5.0; 15
0.0, 3.0, 5.0; 5
1.0, 3.0, 5.0; 3
2.0, 3.0, 5.0; 1
3.0, 3.0, 5.0; 1
6.0, 3.0, 5.0; 1
-8.0, 4.0, 5.0; 1
-7.0, 4.0, 5.0; 5
-6.0, 4.0, 5.0; 4
-5.0, 4.0, 5.0; 5
-4.0, 4.0, 5.0; 7
-3.0, 4.0, 5.0; 8
-2.0, 4.0, 5.0; 2
-1.0, 4.0, 5.0; 1
0.0, 4.0, 5.0; 1
1.0, 4.0, 5.0; 4
3.0, 4.0, 5.0; 2
4.0, 4.0, 5.0; 4
5.0, 4.0, 5.0; 1
-7.0, 5.0, 5.0; 1
-6.0, 5.0, 5.0; 6
-5.0, 5.0, 5.0; 3
-4.0, 5.0, 5.0; 6
-3.0, 5.0, 5.0; 1
-2.0, 5.0, 5.0; 3
-1.0, 5.0, 5.0; 1
0.0, 5.0, 5.0; 6
1.0, 5.0, 5.0; 3
2.0, 5.0, 5.0; 1
4.0, 5.0, 5.0; 1
-6.0, 6.0, 5.0; 1
-5.0, 6.0, 5.0; 1
-4.0, 6.0, 5.0; 4
-3.0, 6.0, 5.0; 10
-2.0, 6.0, 5.0; 8
-1.0, 6.0, 5.0; 6
0.0, 6.0, 5.0; 1
2.0, 6.0, 5.0; 1
3.0, 6.0, 5.0; 2
4.0, 6.0, 5.0; 2
-4.0, 7.0, 5.0; 2
-3.0, 7.0, 5.0; 4
-2.0, 7.0, 5.0; 2
-1.0, 7.0, 5.0; 1
0.0, 7.0, 5.0; 3
1.0, 7.0, 5.0; 1
2.0, 7.0, 5.0; 2
0.0, 8.0, 5.0; 1
-2.0, -8.0, 6.0; 2
-1.0, -8.0, 6.0; 4
0.0, -8.0, 6.0; 3
1.0, -8.0, 6.0; 1
2.0, -8.0, 6.0; 1
-5.0, -7.0, 6.0; 1
-4.0, -7.0, 6.0; 8
-3.0, -7.0, 6.0; 9
-2.0, -7.0, 6.0; 4
-1.0, -7.0, 6.0; 4
0.0, -7.0, 6.0; 1
1.0, -7.0, 6.0; 2
2.0, -7.0, 6.0; 1
-6.0, -6.0, 6.0; 2
-5.0, -6.0, 6.0; 8
-4.0, -6.0, 6.0; 12
-3.0, -6.0, 6.0; 12
-2.0, -6.0, 6.0; 3
-1.0, -6.0, 6.0; 5
0.0, -6.0, 6.0; 1
1.0, -6.0, 6.0; 1
2.0, -6.0, 6.0; 3
5.0, -6.0, 6.0; 1
-6.0, -5.0, 6.0; 4
-5.0, -5.0, 6.0; 10
-4.0, -5.0, 6.0; 5
-3.0, -5.0, 6.0; 5
-2.0, -5.0, 6.0; 3
-1.0, -5.0, 6.0; 1
0.0, -5.0, 6.0; 3
1.0, -5.0, 6.0; 1
2.0, -5.0, 6.0; 2
3.0, -5.0, 6.0; 1
-8.0, -4.0, 6.0; 1
-7.0, -4.0, 6.0; 4
-6.0, -4.0, 6.0; 10
-5.0, -4.0, 6.0; 3
-4.0, -4.0, 6.0; 2
-3.0, -4.0, 6.0; 2
-2.0, -4.0, 6.0; 1
0.0, -4.0, 6.0; 1
1.0, -4.0, 6.0; 1
2.0, -4.0, 6.0; 2
3.0, -4.0, 6.0; 1
5.0, -4.0, 6.0; 2
-7.0, -3.0, 6.0; 6
-6.0, -3.0, 6.0; 4
-5.0, -3.0, 6.0; 1
-4.0, -3.0, 6.0; 3
-3.0, -3.0, 6.0; 1
-2.0, -3.0, 6.0; 2
-1.0, -3.0, 6.0; 3
0.0, -3.0, 6.0; 3
1.0, -3.0, 6.0; 1
2.0, -3.0, 6.0; 1
-7.0, -2.0, 6.0; 2
-6.0, -2.0, 6.0; 2
-5.0, -2.0, 6.0; 1
-4.0, -2.0, 6.0; 1
-3.0, -2.0, 6.0; 1
-2.0, -2.0, 6.0; 1
-1.0, -2.0, 6.0; 2
0.0, -2.0, 6.0; 2
-8.0, -1.0, 6.0; 2
-7.0, -1.0, 6.0; 2
-6.0, -1.0, 6.0; 3
-5.0, -1.0, 6.0; 1
-3.0, -1.0, 6.0; 1
0.0, -1.0, 6.0; 2
3.0, -1.0, 6.0; 2
4.0, -1.0, 6.0; 1
-7.0, 0.0, 6.0; 1
-6.0, 0.0, 6.0; 4
-5.0, 0.0, 6.0; 1
-3.0, 0.0, 6.0; 1
0.0, 0.0, 6.0; 1
1.0, 0.0, 6.0; 2
-7.0, 1.0, 6.0; 2
-6.0, 1.0, 6.0; 5
-4.0, 1.0, 6.0; 4
-3.0, 1.0, 6.0; 1
-2.0, 1.0, 6.0; 1
-1.0, 1.0, 6.0; 1
0.0, 1.0, 6.0; 1
3.0, 1.0, 6.0; 2
-8.0, 2.0, 6.0; 1
-7.0, 2.0, 6.0; 4
-6.0, 2.0, 6.0; 1
-5.0, 2.0, 6.0; 3
-4.0, 2.0, 6.0; 1
-3.0, 2.0, 6.0; 1
-2.0, 2.0, 6.0; 1
-1.0, 2.0, 6.0; 4
1.0, 2.0, 6.0; 3
3.0, 2.0, 6.0; 1
-7.0, 3.0, 6.0; 2
-6.0, 3.0, 6.0; 3
-5.0, 3.0, 6.0; 6
-4.0, 3.0, 6.0; 6
-3.0, 3.0, 6.0; 1
-2.0, 3.0, 6.0; 4
1.0, 3.0, 6.0; 2
2.0, 3.0, 6.0; 1
3.0, 3.0, 6.0; 3
5.0, 3.0, 6.0; 2
-6.0, 4.0, 6.0; 2
-5.0, 4.0, 6.0; 1
-4.0, 4.0, 6.0; 2
-3.0, 4.0, 6.0; 4
-2.0, 4.0, 6.0; 2
-1.0, 4.0, 6.0; 2
0.0, 4.0, 6.0; 1
1.0, 4.0, 6.0; 2
3.0, 4.0, 6.0; 3
4.0, 4.0, 6.0; 3
5.0, 4.0, 6.0; 1
-5.0, 5.0, 6.0; 1
-4.0, 5.0, 6.0; 5
-3.0, 5.0, 6.0; 2
-2.0, 5.0, 6.0; 2
-1.0, 5.0, 6.0; 1
0.0, 5.0, 6.0; 2
-5.0, 6.0, 6.0; 1
-4.0, 6.0, 6.0; 4
-3.0, 6.0, 6.0; 2
-2.0, 6.0, 6.0; 1
-1.0, 6.0, 6.0; 2
0.0, 6.0, 6.0; 3
1.0, 6.0, 6.0; 1
3.0, 6.0, 6.0; 1
0.0, 7.0, 6.0; 2
-3.0, -7.0, 7.0; 1
-2.0, -7.0, 7.0; 1
-1.0, -7.0, 7.0; 1
-4.0, -6.0, 7.0; 1
-3.0, -6.0, 7.0; 2
-2.0, -6.0, 7.0; 2
-1.0, -6.0, 7.0; 1
0.0, -6.0, 7.0; 2
1.0, -6.0, 7.0; 1
3.0, -6.0, 7.0; 1
-5.0, -5.0, 7.0; 6
-4.0, -5.0, 7.0; 3
-3.0, -5.0, 7.0; 4
-2.0, -5.0, 7.0; 4
-1.0, -5.0, 7.0; 2
0.0, -5.0, 7.0; 1
1.0, -5.0, 7.0; 1
2.0, -5.0, 7.0; 1
-6.0, -4.0, 7.0; 1
-5.0, -4.0, 7.0; 2
-4.0, -4.0, 7.0; 4
-3.0, -4.0, 7.0; 3
-2.0, -4.0, 7.0; 1
0.0, -4.0, 7.0; 1
2.0, -4.0, 7.0; 2
5.0, -4.0, 7.0; 1
-7.0, -3.0, 7.0; 4
-6.0, -3.0, 7.0; 3
-5.0, -3.0, 7.0; 2
-4.0, -3.0, 7.0; 2
-3.0, -3.0, 7.0; 4
-2.0, -3.0, 7.0; 1
-1.0, -3.0, 7.0; 1
0.0, -3.0, 7.0; 1
1.0, -3.0, 7.0; 3
-7.0, -2.0, 7.0; 1
-6.0, -2.0, 7.0; 2
-5.0, -2.0, 7.0; 1
-4.0, -2.0, 7.0; 2
-3.0, -2.0, 7.0; 3
-1.0, -2.0, 7.0; 1
0.0, -2.0, 7.0; 2
1.0, -2.0, 7.0; 4
2.0, -2.0, 7.0; 1
5.0, -2.0, 7.0; 1
-6.0, -1.0, 7.0; 1
-5.0, -1.0, 7.0; 2
-3.0, -1.0, 7.0; 2
-1.0, -1.0, 7.0; 1
0.0, -1.0, 7.0; 1
1.0, -1.0, 7.0; 3
-7.0, 0.0, 7.0; 2
-6.0, 0.0, 7.0; 1
-5.0, 0.0, 7.0; 2
-4.0, 0.0, 7.0; 1
-3.0, 0.0, 7.0; 2
-2.0, 0.0, 7.0; 2
-1.0, 0.0, 7.0; 2
5.0, 0.0, 7.0; 1
-6.0, 1.0, 7.0; 3
-5.0, 1.0, 7.0; 1
-4.0, 1.0, 7.0; 2
-3.0, 1.0, 7.0; 1
-2.0, 1.0, 7.0; 1
0.0, 1.0, 7.0; 1
5.0, 1.0, 7.0; 1
-7.0, 2.0, 7.0; 1
-5.0, 2.0, 7.0; 1
-4.0, 2.0, 7.0; 2
-3.0, 2.0, 7.0; 3
-2.0, 2.0, 7.0; 1
1.0, 2.0, 7.0; 1
-5.0, 3.0, 7.0; 1
-4.0, 3.0, 7.0; 1
-3.0, 3.0, 7.0; 2
-1.0, 3.0, 7.0; 3
-5.0, 4.0, 7.0; 2
-4.0, 4.0, 7.0; 2
-3.0, 4.0, 7.0; 2
-2.0, 4.0, 7.0; 1
-1.0, 4.0, 7.0; 1
0.0, 4.0, 7.0; 1
-4.0, 5.0, 7.0; 1
-3.0, 5.0, 7.0; 3
-1.0, 5.0, 7.0; 1
1.0, 5.0, 7.0; 1
-3.0, 6.0, 7.0; 1
-1.0, 6.0, 7.0; 1
-3.0, -6.0, 8.0; 1
1.0, -6.0, 8.0; 1
-4.0, -5.0, 8.0; 1
-3.0, -5.0, 8.0; 1
0.0, -5.0, 8.0; 3
-5.0, -4.0, 8.0; 1
-4.0, -4.0, 8.0; 2
-3.0, -4.0, 8.0; 3
-2.0, -4.0, 8.0; 2
-1.0, -4.0, 8.0; 1
0.0, -4.0, 8.0; 1
-4.0, -3.0, 8.0; 2
-3.0, -3.0, 8.0; 2
-2.0, -3.0, 8.0; 1
2.0, -3.0, 8.0; 1
-6.0, -2.0, 8.0; 1
-5.0, -2.0, 8.0; 1
-4.0, -2.0, 8.0; 3
2.0, -2.0, 8.0; 1
-5.0, -1.0, 8.0; 2
-3.0, -1.0, 8.0; 4
-2.0, -1.0, 8.0; 1
0.0, -1.0, 8.0; 1
2.0, -1.0, 8.0; 1
-6.0, 0.0, 8.0; 1
-5.0, 0.0, 8.0; 1
-1.0, 0.0, 8.0; 2
-4.0, 1.0, 8.0; 1
-3.0, 1.0, 8.0; 1
-1.0, 1.0, 8.0; 2
0.0, 1.0, 8.0; 1
1.0, 1.0, 8.0; 1
4.0, 1.0, 8.0; 2
-4.0, 2.0, 8.0; 2
-3.0, 2.0, 8.0; 1
-3.0, 3.0, 8.0; 4
-2.0, 3.0, 8.0; 2
2.0, 3.0, 8.0; 1
-3.0, 4.0, 8.0; 1
3.0, 4.0, 8.0; 1
0.0, 5.0, 8.0; 1
-1.0, -4.0, 9.0; 1
-2.0, -1.0, 9.0; 1
-4.0, 0.0, 9.0; 1
-2.0, 0.0, 9.0; 1
-2.0, 1.0, 9.0; 1
-3.0, 2.0, 9.0; 1
-2.0, 2.0, 9.0; 1
0.0, 2.0, 9.0; 1
-2.0, 3.0, 9.0; 1
-1.0, -4.0, -10.0; 1
0.0, -4.0, -10.0; 2
1.0, -4.0, -10.0; 1
-3.0, -3.0, -10.0; 1
-2.0, -3.0, -10.0; 1
-1.0, -3.0, -10.0; 2
-4.0, -2.0, -10.0; 1
-3.0, -2.0, -10.0; 4
-2.0, -2.0, -10.0; 5
-1.0, -2.0, -10.0; 2
0.0, -2.0, -10.0; 1
1.0, -2.0, -10.0; 1
2.0, -2.0, -10.0; 2
-4.0, -1.0, -10.0; 1
-3.0, -1.0, -10.0; 2
-2.0, -1.0, -10.0; 1
-1.0, -1.0, -10.0; 1
0.0, -1.0, -10.0; 5
1.0, -1.0, -10.0; 5
-4.0, 0.0, -10.0; 2
-3.0, 0.0, -10.0; 4
-2.0, 0.0, -10.0; 5
-1.0, 0.0, -10.0; 6
0.0, 0.0, -10.0; 3
1.0, 0.0, -10.0; 4
2.0, 0.0, -10.0; 1
3.0, 0.0, -10.0; 1
-1.0, 1.0, -10.0; 1
0.0, 1.0, -10.0; 4
2.0, 1.0, -10.0; 2
3.0, 1.0, -10.0; 1
-3.0, 2.0, -10.0; 2
-2.0, 2.0, -10.0; 1
-1.0, 2.0, -10.0; 2
1.0, 2.0, -10.0; 1
2.0, 2.0, -10.0; 2
-1.0, 3.0, -10.0; 1
0.0, 3.0, -10.0; 1
1.0, 3.0, -10.0; 1
-2.0, -6.0, -9.0; 1
-1.0, -6.0, -9.0; 5
0.0, -6.0, -9.0; 2
1.0, -6.0, -9.0; 2
-2.0, -5.0, -9.0; 2
-1.0, -5.0, -9.0; 7
0.0, -5.0, -9.0; 6
1.0, -5.0, -9.0; 4
-5.0, -4.0, -9.0; 1
-4.0, -4.0, -9.0; 2
-3.0, -4.0, -9.0; 4
-2.0, -4.0, -9.0; 4
-1.0, -4.0, -9.0; 4
0.0, -4.0, -9.0; 5
1.0, -4.0, -9.0; 5
2.0, -4.0, -9.0; 8
-5.0, -3.0, -9.0; 1
-4.0, -3.0, -9.0; 3
-3.0, -3.0, -9.0; 4
-2.0, -3.0, -9.0; 3
0.0, -3.0, -9.0; 4
1.0, -3.0, -9.0; 10
2.0, -3.0, -9.0; 5
4.0, -3.0, -9.0; 1
-5.0, -2.0, -9.0; 2
-4.0, -2.0, -9.0; 2
-3.0, -2.0, -9.0; 2
-2.0, -2.0, -9.0; 2
-1.0, -2.0, -9.0; 4
0.0, -2.0, -9.0; 6
1.0, -2.0, -9.0; 2
2.0, -2.0, -9.0; 3
3.0, -2.0, -9.0; 2
4.0, -2.0, -9.0; 1
-6.0, -1.0, -9.0; 2
-5.0, -1.0, -9.0; 4
-4.0, -1.0, -9.0; 5
-3.0, -1.0, -9.0; 6
-2.0, -1.0, -9.0; 4
-1.0, -1.0, -9.0; 2
0.0, -1.0, -9.0; 6
1.0, -1.0, -9.0; 4
2.0, -1.0, -9.0; 4
3.0, -1.0, -9.0; 3
4.0, -1.0, -9.0; 4
5.0, -1.0, -9.0; 1
-6.0, 0.0, -9.0; 1
-5.0, 0.0, -9.0; 7
-4.0, 0.0, -9.0; 5
-3.0, 0.0, -9.0; 7
-2.0, 0.0, -9.0; 9
-1.0, 0.0, -9.0; 8
0.0, 0.0, -9.0; 6
1.0, 0.0, -9.0; 3
2.0, 0.0, -9.0; 4
3.0, 0.0, -9.0; 6
4.0, 0.0, -9.0; 3
5.0, 0.0, -9.0; 1
-5.0, 1.0, -9.0; 4
-4.0, 1.0, -9.0; 11
-3.0, 1.0, -9.0; 7
-2.0, 1.0, -9.0; 14
-1.0, 1.0, -9.0; 9
0.0, 1.0, -9.0; 6
1.0, 1.0, -9.0; 4
3.0, 1.0, -9.0; 7
4.0, 1.0, -9.0; 6
5.0, 1.0, -9.0; 3
-5.0, 2.0, -9.0; 3
-4.0, 2.0, -9.0; 6
-3.0, 2.0, -9.0; 10
-2.0, 2.0, -9.0; 7
-1.0, 2.0, -9.0; 10
0.0, 2.0, -9.0; 12
1.0, 2.0, -9.0; 5
2.0, 2.0, -9.0; 2
3.0, 2.0, -9.0; 2
4.0, 2.0, -9.0; 2
-5.0, 3.0, -9.0; 2
-4.0, 3.0, -9.0; 1
-3.0, 3.0, -9.0; 5
-2.0, 3.0, -9.0; 6
-1.0, 3.0, -9.0; 6
0.0, 3.0, -9.0; 10
1.0, 3.0, -9.0; 5
2.0, 3.0, -9.0; 2
3.0, 3.0, -9.0; 2
4.0, 3.0, -9.0; 1
-4.0, 4.0, -9.0; 1
-3.0, 4.0, -9.0; 1
-2.0, 4.0, -9.0; 1
-1.0, 4.0, -9.0; 2
0.0, 4.0, -9.0; 1
1.0, 4.0, -9.0; 2
2.0, 4.0, -9.0; 1
3.0, 4.0, -9.0; 1
-3.0, 5.0, -9.0; 1
-1.0, 5.0, -9.0; 1
-2.0, -7.0, -8.0; 1
-1.0, -7.0, -8.0; 4
0.0, -7.0, -8.0; 9
1.0, -7.0, -8.0; 4
2.0, -7.0, -8.0; 1
-4.0, -6.0, -8.0; 2
-3.0, -6.0, -8.0; 5
-2.0, -6.0, -8.0; 1
-1.0, -6.0, -8.0; 11
0.0, -6.0, -8.0; 8
1.0, -6.0, -8.0; 15
2.0, -6.0, -8.0; 8
3.0, -6.0, -8.0; 1
-5.0, -5.0, -8.0; 3
-4.0, -5.0, -8.0; 8
-3.0, -5.0, -8.0; 4
-2.0, -5.0, -8.0; 3
-1.0, -5.0, -8.0; 8
0.0, -5.0, -8.0; 6
1.0, -5.0, -8.0; 13
2.0, -5.0, -8.0; 11
3.0, -5.0, -8.0; 8
-6.0, -4.0, -8.0; 2
-5.0, -4.0, -8.0; 5
-4.0, -4.0, -8.0; 10
-3.0, -4.0, -8.0; 4
-2.0, -4.0, -8.0; 5
-1.0, -4.0, -8.0; 3
1.0, -4.0, -8.0; 4
2.0, -4.0, -8.0; 10
3.0, -4.0, -8.0; 7
4.0, -4.0, -8.0; 3
-6.0, -3.0, -8.0; 3
-5.0, -3.0, -8.0; 8
-4.0, -3.0, -8.0; 14
-3.0, -3.0, -8.0; 12
-2.0, -3.0, -8.0; 7
-1.0, -3.0, -8.0; 4
0.0, -3.0, -8.0; 3
1.0, -3.0, -8.0; 2
2.0, -3.0, -8.0; 5
3.0, -3.0, -8.0; 2
4.0, -3.0, -8.0; 2
5.0, -3.0, -8.0; 1
6.0, -3.0, -8.0; 1
-7.0, -2.0, -8.0; 2
-6.0, -2.0, -8.0; 5
-5.0, -2.0, -8.0; 11
-4.0, -2.0, -8.0; 13
-3.0, -2.0, -8.0; 12
-2.0, -2.0, -8.0; 5
-1.0, -2.0, -8.0; 3
0.0, -2.0, -8.0; 3
1.0, -2.0, -8.0; 1
2.0, -2.0, -8.0; 2
3.0, -2.0, -8.0; 2
5.0, -2.0, -8.0; 6
-7.0, -1.0, -8.0; 2
-6.0, -1.0, -8.0; 5
-5.0, -1.0, -8.0; 8
-4.0, -1.0, -8.0; 22
-3.0, -1.0, -8.0; 10
-2.0, -1.0, -8.0; 6
-1.0, -1.0, -8.0; 1
0.0, -1.0, -8.0; 1
1.0, -1.0, -8.0; 3
2.0, -1.0, -8.0; 14
3.0, -1.0, -8.0; 7
4.0, -1.0, -8.0; 6
5.0, -1.0, -8.0; 6
6.0, -1.0, -8.0; 2
-7.0, 0.0, -8.0; 2
-6.0, 0.0, -8.0; 9
-5.0, 0.0, -8.0; 8
-4.0, 0.0, -8.0; 9
-3.0, 0.0, -8.0; 4
-2.0, 0.0, -8.0; 13
-1.0, 0.0, -8.0; 5
0.0, 0.0, -8.0; 11
1.0, 0.0, -8.0; 7
2.0, 0.0, -8.0; 15
3.0, 0.0, -8.0; 4
4.0, 0.0, -8.0; 3
5.0, 0.0, -8.0; 4
6.0, 0.0, -8.0; 9
-7.0, 1.0, -8.0; 5
-6.0, 1.0, -8.0; 13
-5.0, 1.0, -8.0; 15
-4.0, 1.0, -8.0; 10
-3.0, 1.0, -8.0; 8
-2.0, 1.0, -8.0; 9
-1.0, 1.0, -8.0; 7
0.0, 1.0, -8.0; 1
1.0, 1.0, -8.0; 7
2.0, 1.0, -8.0; 6
3.0, 1.0, -8.0; 3
4.0, 1.0, -8.0; 3
5.0, 1.0, -8.0; 10
6.0, 1.0, -8.0; 2
-6.0, 2.0, -8.0; 5
-5.0, 2.0, -8.0; 10
-4.0, 2.0, -8.0; 10
-3.0, 2.0, -8.0; 7
-2.0, 2.0, -8.0; 5
-1.0, 2.0, -8.0; 12
0.0, 2.0, -8.0; 9
1.0, 2.0, -8.0; 19
2.0, 2.0, -8.0; 10
3.0, 2.0, -8.0; 3
4.0, 2.0, -8.0; 5
5.0, 2.0, -8.0; 3
6.0, 2.0, -8.0; 3
-7.0, 3.0, -8.0; 1
-6.0, 3.0, -8.0; 6
-5.0, 3.0, -8.0; 9
-4.0, 3.0, -8.0; 5
-3.0, 3.0, -8.0; 3
-2.0, 3.0, -8.0; 4
-1.0, 3.0, -8.0; 7
0.0, 3.0, -8.0; 7
1.0, 3.0, -8.0; 28
2.0, 3.0, -8.0; 6
3.0, 3.0, -8.0; 4
4.0, 3.0, -8.0; 10
5.0, 3.0, -8.0; 4
-5.0, 4.0, -8.0; 1
-4.0, 4.0, -8.0; 6
-3.0, 4.0, -8.0; 3
-2.0, 4.0, -8.0; 5
-1.0, 4.0, -8.0; 14
0.0, 4.0, -8.0; 24
1.0, 4.0, -8.0; 26
2.0, 4.0, -8.0; 12
3.0, 4.0, -8.0; 2
4.0, 4.0, -8.0; 6
5.0, 4.0, -8.0; 2
-5.0, 5.0, -8.0; 1
-4.0, 5.0, -8.0; 1
-3.0, 5.0, -8.0; 12
-2.0, 5.0, -8.0; 5
-1.0, 5.0, -8.0; 9
0.0, 5.0, -8.0; 6
1.0, 5.0, -8.0; 4
2.0, 5.0, -8.0; 2
3.0, 5.0, -8.0; 1
-3.0, 6.0, -8.0; 1
-1.0, 6.0, -8.0; 3
0.0, 6.0, -8.0; 2
1.0, 6.0, -8.0; 3
2.0, 6.0, -8.0; 1
-4.0, -8.0, -7.0; 1
-3.0, -8.0, -7.0; 2
-2.0, -8.0, -7.0; 4
-1.0, -8.0, -7.0; 6
0.0, -8.0, -7.0; 6
2.0, -8.0, -7.0; 2
-5.0, -7.0, -7.0; 1
-4.0, -7.0, -7.0; 5
-3.0, -7.0, -7.0; 7
-2.0, -7.0, -7.0; 8
-1.0, -7.0, -7.0; 11
0.0, -7.0, -7.0; 14
1.0, -7.0, -7.0; 13
2.0, -7.0, -7.0; 6
3.0, -7.0, -7.0; 1
4.0, -7.0, -7.0; 1
-6.0, -6.0, -7.0; 2
-5.0, -6.0, -7.0; 6
-4.0, -6.0, -7.0; 19
-3.0, -6.0, -7.0; 25
-2.0, -6.0, -7.0; 9
-1.0, -6.0, -7.0; 9
0.0, -6.0, -7.0; 11
1.0, -6.0, -7.0; 18
2.0, -6.0, -7.0; 13
3.0, -6.0, -7.0; 6
4.0, -6.0, -7.0; 3
-7.0, -5.0, -7.0; 2
-6.0, -5.0, -7.0; 7
-5.0, -5.0, -7.0; 14
-4.0, -5.0, -7.0; 9
-3.0, -5.0, -7.0; 4
-2.0, -5.0, -7.0; 5
-1.0, -5.0, -7.0; 7
1.0, -5.0, -7.0; 5
2.0, -5.0, -7.0; 9
3.0, -5.0, -7.0; 13
4.0, -5.0, -7.0; 3
5.0, -5.0, -7.0; 3
-7.0, -4.0, -7.0; 2
-6.0, -4.0, -7.0; 17
-5.0, -4.0, -7.0; 18
-4.0, -4.0, -7.0; 10
-3.0, -4.0, -7.0; 11
-2.0, -4.0, -7.0; 7
-1.0, -4.0, -7.0; 3
0.0, -4.0, -7.0; 3
1.0, -4.0, -7.0; 7
2.0, -4.0, -7.0; 2
3.0, -4.0, -7.0; 2
4.0, -4.0, -7.0; 2
5.0, -4.0, -7.0; 2
-8.0, -3.0, -7.0; 2
-7.0, -3.0, -7.0; 5
-6.0, -3.0, -7.0; 12
-5.0, -3.0, -7.0; 13
-4.0, -3.0, -7.0; 6
-3.0, -3.0, -7.0; 2
-2.0, -3.0, -7.0; 4
-1.0, -3.0, -7.0; 2
0.0, -3.0, -7.0; 2
1.0, -3.0, -7.0; 3
2.0, -3.0, -7.0; 2
3.0, -3.0, -7.0; 1
4.0, -3.0, -7.0; 7
5.0, -3.0, -7.0; 1
6.0, -3.0, -7.0; 3
-8.0, -2.0, -7.0; 1
-7.0, -2.0, -7.0; 8
-6.0, -2.0, -7.0; 8
-5.0, -2.0, -7.0; 15
-3.0, -2.0, -7.0; 5
-2.0, -2.0, -7.0; 4
-1.0, -2.0, -7.0; 3
0.0, -2.0, -7.0; 3
1.0, -2.0, -7.0; 1
3.0, -2.0, -7.0; 5
4.0, -2.0, -7.0; 3
5.0, -2.0, -7.0; 2
6.0, -2.0, -7.0; 1
-8.0, -1.0, -7.0; 3
-7.0, -1.0, -7.0; 6
-6.0, -1.0, -7.0; 15
-5.0, -1.0, -7.0; 22
-4.0, -1.0, -7.0; 7
-3.0, -1.0, -7.0; 4
-2.0, -1.0, -7.0; 8
-1.0, -1.0, -7.0; 3
0.0, -1.0, -7.0; 5
1.0, -1.0, -7.0; 4
2.0, -1.0, -7.0; 5
3.0, -1.0, -7.0; 12
4.0, -1.0, -7.0; 7
5.0, -1.0, -7.0; 2
6.0, -1.0, -7.0; 4
7.0, -1.0, -7.0; 1
-8.0, 0.0, -7.0; 3
-7.0, 0.0, -7.0; 19
-6.0, 0.0, -7.0; 18
-5.0, 0.0, -7.0; 17
-4.0, 0.0, -7.0; 5
-3.0, 0.0, -7.0; 6
-2.0, 0.0, -7.0; 1
-1.0, 0.0, -7.0; 1
0.0, 0.0, -7.0; 4
1.0, 0.0, -7.0; 7
2.0, 0.0, -7.0; 8
3.0, 0.0, -7.0; 8
4.0, 0.0, -7.0; 3
5.0, 0.0, -7.0; 2
6.0, 0.0, -7.0; 7
-8.0, 1.0, -7.0; 3
-7.0, 1.0, -7.0; 13
-6.0, 1.0, -7.0; 22
-5.0, 1.0, -7.0; 16
-4.0, 1.0, -7.0; 1
-3.0, 1.0, -7.0; 3
-2.0, 1.0, -7.0; 2
-1.0, 1.0, -7.0; 2
0.0, 1.0, -7.0; 1
1.0, 1.0, -7.0; 5
2.0, 1.0, -7.0; 2
3.0, 1.0, -7.0; 3
4.0, 1.0, -7.0; 2
6.0, 1.0, -7.0; 4
7.0, 1.0, -7.0; 1
-8.0, 2.0, -7.0; 1
-7.0, 2.0, -7.0; 11
-6.0, 2.0, -7.0; 10
-5.0, 2.0, -7.0; 13
-4.0, 2.0, -7.0; 5
-3.0, 2.0, -7.0; 3
-2.0, 2.0, -7.0; 2
-1.0, 2.0, -7.0; 2
0.0, 2.0, -7.0; 2
1.0, 2.0, -7.0; 6
2.0, 2.0, -7.0; 9
3.0, 2.0, -7.0; 13
4.0, 2.0, -7.0; 4
5.0, 2.0, -7.0; 3
6.0, 2.0, -7.0; 9
-7.0, 3.0, -7.0; 1
-6.0, 3.0, -7.0; 15
-5.0, 3.0, -7.0; 11
-4.0, 3.0, -7.0; 5
-3.0, 3.0, -7.0; 2
-2.0, 3.0, -7.0; 3
0.0, 3.0, -7.0; 5
1.0, 3.0, -7.0; 3
2.0, 3.0, -7.0; 3
3.0, 3.0, -7.0; 5
4.0, 3.0, -7.0; 2
5.0, 3.0, -7.0; 7
6.0, 3.0, -7.0; 2
-6.0, 4.0, -7.0; 12
-5.0, 4.0, -7.0; 14
-4.0, 4.0, -7.0; 11
-3.0, 4.0, -7.0; 6
-2.0, 4.0, -7.0; 2
-1.0, 4.0, -7.0; 1
0.0, 4.0, -7.0; 6
1.0, 4.0, -7.0; 11
2.0, 4.0, -7.0; 7
3.0, 4.0, -7.0; 5
4.0, 4.0, -7.0; 3
5.0, 4.0, -7.0; 8
-6.0, 5.0, -7.0; 2
-5.0, 5.0, -7.0; 7
-4.0, 5.0, -7.0; 22
-3.0, 5.0, -7.0; 10
-2.0, 5.0, -7.0; 7
-1.0, 5.0, -7.0; 12
0.0, 5.0, -7.0; 5
1.0, 5.0, -7.0; 9
2.0, 5.0, -7.0; 3
4.0, 5.0, -7.0; 3
5.0, 5.0, -7.0; 3
-5.0, 6.0, -7.0; 1
-4.0, 6.0, -7.0; 4
-3.0, 6.0, -7.0; 5
-2.0, 6.0, -7.0; 8
-1.0, 6.0, -7.0; 6
0.0, 6.0, -7.0; 5
1.0, 6.0, -7.0; 4
2.0, 6.0, -7.0; 4
3.0, 6.0, -7.0; 2
4.0, 6.0, -7.0; 2
-3.0, 7.0, -7.0; 1
-2.0, 7.0, -7.0; 7
-1.0, 7.0, -7.0; 1
0.0, 7.0, -7.0; 1
1.0, 7.0, -7.0; 2
2.0, 7.0, -7.0; 1
-3.0, -9.0, -6.0; 1
-2.0, -9.0, -6.0; 2
-1.0, -9.0, -6.0; 1
0.0, -9.0, -6.0; 4
1.0, -9.0, -6.0; 1
2.0, -9.0, -6.0; 1
-4.0, -8.0, -6.0; 4
-3.0, -8.0, -6.0; 14
-2.0, -8.0, -6.0; 54
-1.0, -8.0, -6.0; 92
0.0, -8.0, -6.0; 29
1.0, -8.0, -6.0; 9
2.0, -8.0, -6.0; 14
3.0, -8.0, -6.0; 3
-6.0, -7.0, -6.0; 4
-5.0, -7.0, -6.0; 14
-4.0, -7.0, -6.0; 18
-3.0, -7.0, -6.0; 37
-2.0, -7.0, -6.0; 88
-1.0, -7.0, -6.0; 145
0.0, -7.0, -6.0; 41
1.0, -7.0, -6.0; 20
2.0, -7.0, -6.0; 8
3.0, -7.0, -6.0; 6
4.0, -7.0, -6.0; 2
5.0, -7.0, -6.0; 1
-7.0, -6.0, -6.0; 2
-6.0, -6.0, -6.0; 16
-5.0, -6.0, -6.0; 23
-4.0, -6.0, -6.0; 15
-3.0, -6.0, -6.0; 28
-2.0, -6.0, -6.0; 33
-1.0, -6.0, -6.0; 29
0.0, -6.0, -6.0; 16
1.0, -6.0, -6.0; 12
2.0, -6.0, -6.0; 10
3.0, -6.0, -6.0; 9
4.0, -6.0, -6.0; 2
-8.0, -5.0, -6.0; 1
-7.0, -5.0, -6.0; 5
-6.0, -5.0, -6.0; 14
-5.0, -5.0, -6.0; 15
-4.0, -5.0, -6.0; 13
-3.0, -5.0, -6.0; 28
-2.0, -5.0, -6.0; 36
-1.0, -5.0, -6.0; 9
0.0, -5.0, -6.0; 6
1.0, -5.0, -6.0; 3
2.0, -5.0, -6.0; 3
3.0, -5.0, -6.0; 6
4.0, -5.0, -6.0; 1
5.0, -5.0, -6.0; 2
6.0, -5.0, -6.0; 1
-8.0, -4.0, -6.0; 2
-7.0, -4.0, -6.0; 10
-6.0, -4.0, -6.0; 10
-5.0, -4.0, -6.0; 20
-4.0, -4.0, -6.0; 33
-3.0, -4.0, -6.0; 24
-2.0, -4.0, -6.0; 16
-1.0, -4.0, -6.0; 13
0.0, -4.0, -6.0; 9
1.0, -4.0, -6.0; 5
2.0, -4.0, -6.0; 1
3.0, -4.0, -6.0; 1
4.0, -4.0, -6.0; 5
5.0, -4.0, -6.0; 2
6.0, -4.0, -6.0; 1
-8.0, -3.0, -6.0; 5
-7.0, -3.0, -6.0; 11
-6.0, -3.0, -6.0; 9
-5.0, -3.0, -6.0; 8
-4.0, -3.0, -6.0; 10
-3.0, -3.0, -6.0; 12
-2.0, -3.0, -6.0; 17
-1.0, -3.0, -6.0; 47
0.0, -3.0, -6.0; 65
1.0, -3.0, -6.0; 22
2.0, -3.0, -6.0; 3
3.0, -3.0, -6.0; 1
4.0, -3.0, -6.0; 1
5.0, -3.0, -6.0; 4
6.0, -3.0, -6.0; 1
7.0, -3.0, -6.0; 3
-9.0, -2.0, -6.0; 1
-8.0, -2.0, -6.0; 5
-7.0, -2.0, -6.0; 17
-6.0, -2.0, -6.0; 10
-5.0, -2.0, -6.0; 8
-4.0, -2.0, -6.0; 15
-3.0, -2.0, -6.0; 25
-2.0, -2.0, -6.0; 65
-1.0, -2.0, -6.0; 134
0.0, -2.0, -6.0; 114
1.0, -2.0, -6.0; 14
2.0, -2.0, -6.0; 7
3.0, -2.0, -6.0; 2
4.0, -2.0, -6.0; 6
5.0, -2.0, -6.0; 3
7.0, -2.0, -6.0; 3
8.0, -2.0, -6.0; 1
-8.0, -1.0, -6.0; 8
-7.0, -1.0, -6.0; 12
-6.0, -1.0, -6.0; 9
-5.0, -1.0, -6.0; 2
-4.0, -1.0, -6.0; 4
-3.0, -1.0, -6.0; 31
-2.0, -1.0, -6.0; 57
-1.0, -1.0, -6.0; 72
0.0, -1.0, -6.0; 35
1.0, -1.0, -6.0; 14
2.0, -1.0, -6.0; 7
3.0, -1.0, -6.0; 13
4.0, -1.0, -6.0; 13
5.0, -1.0, -6.0; 4
-9.0, 0.0, -6.0; 2
-8.0, 0.0, -6.0; 8
-7.0, 0.0, -6.0; 14
-6.0, 0.0, -6.0; 11
-5.0, 0.0, -6.0; 2
-4.0, 0.0, -6.0; 2
-3.0, 0.0, -6.0; 8
-2.0, 0.0, -6.0; 81
-1.0, 0.0, -6.0; 148
0.0, 0.0, -6.0; 29
1.0, 0.0, -6.0; 2
2.0, 0.0, -6.0; 5
3.0, 0.0, -6.0; 13
4.0, 0.0, -6.0; 6
5.0, 0.0, -6.0; 1
7.0, 0.0, -6.0; 5
-8.0, 1.0, -6.0; 6
-7.0, 1.0, -6.0; 23
-6.0, 1.0, -6.0; 5
-5.0, 1.0, -6.0; 5
-4.0, 1.0, -6.0; 6
-3.0, 1.0, -6.0; 15
-2.0, 1.0, -6.0; 49
-1.0, 1.0, -6.0; 112
0.0, 1.0, -6.0; 55
1.0, 1.0, -6.0; 6
2.0, 1.0, -6.0; 6
3.0, 1.0, -6.0; 5
4.0, 1.0, -6.0; 4
5.0, 1.0, -6.0; 3
6.0, 1.0, -6.0; 4
7.0, 1.0, -6.0; 1
8.0, 1.0, -6.0; 1
-8.0, 2.0, -6.0; 17
-7.0, 2.0, -6.0; 15
-6.0, 2.0, -6.0; 5
-5.0, 2.0, -6.0; 21
-4.0, 2.0, -6.0; 10
-3.0, 2.0, -6.0; 11
-2.0, 2.0, -6.0; 8
-1.0, 2.0, -6.0; 30
0.0, 2.0, -6.0; 31
1.0, 2.0, -6.0; 4
2.0, 2.0, -6.0; 10
3.0, 2.0, -6.0; 5
4.0, 2.0, -6.0; 9
5.0, 2.0, -6.0; 3
6.0, 2.0, -6.0; 5
-8.0, 3.0, -6.0; 2
-7.0, 3.0, -6.0; 7
-6.0, 3.0, -6.0; 4
-5.0, 3.0, -6.0; 3
-4.0, 3.0, -6.0; 9
-3.0, 3.0, -6.0; 7
-2.0, 3.0, -6.0; 3
-1.0, 3.0, -6.0; 9
0.0, 3.0, -6.0; 8
1.0, 3.0, -6.0; 6
2.0, 3.0, -6.0; 4
3.0, 3.0, -6.0; 3
4.0, 3.0, -6.0; 1
5.0, 3.0, -6.0; 2
6.0, 3.0, -6.0; 8
-8.0, 4.0, -6.0; 1
-7.0, 4.0, -6.0; 7
-6.0, 4.0, -6.0; 11
-5.0, 4.0, -6.0; 21
-4.0, 4.0, -6.0; 10
-3.0, 4.0, -6.0; 6
-2.0, 4.0, -6.0; 5
-1.0, 4.0, -6.0; 9
0.0, 4.0, -6.0; 3
1.0, 4.0, -6.0; 4
2.0, 4.0, -6.0; 7
3.0, 4.0, -6.0; 7
4.0, 4.0, -6.0; 3
5.0, 4.0, -6.0; 7
6.0, 4.0, -6.0; 2
-7.0, 5.0, -6.0; 2
-6.0, 5.0, -6.0; 9
-5.0, 5.0, -6.0; 18
-4.0, 5.0, -6.0; 104
-3.0, 5.0, -6.0; 31
-2.0, 5.0, -6.0; 10
-1.0, 5.0, -6.0; 5
0.0, 5.0, -6.0; 5
1.0, 5.0, -6.0; 10
2.0, 5.0, -6.0; 13
3.0, 5.0, -6.0; 6
4.0, 5.0, -6.0; 5
5.0, 5.0, -6.0; 6
6.0, 5.0, -6.0; 2
-6.0, 6.0, -6.0; 1
-5.0, 6.0, -6.0; 7
-4.0, 6.0, -6.0; 12
-3.0, 6.0, -6.0; 41
-2.0, 6.0, -6.0; 18
-1.0, 6.0, -6.0; 3
0.0, 6.0, -6.0; 7
1.0, 6.0, -6.0; 6
2.0, 6.0, -6.0; 2
3.0, 6.0, -6.0; 2
4.0, 6.0, -6.0; 1
-4.0, 7.0, -6.0; 4
-3.0, 7.0, -6.0; 7
-2.0, 7.0, -6.0; 6
-1.0, 7.0, -6.0; 7
0.0, 7.0, -6.0; 6
1.0, 7.0, -6.0; 8
2.0, 7.0, -6.0; 2
3.0, 7.0, -6.0; 2
-3.0, 8.0, -6.0; 1
-2.0, 8.0, -6.0; 3
-1.0, 8.0, -6.0; 5
0.0, 8.0, -6.0; 5
1.0, 8.0, -6.0; 2
-1.0, -10.0, -5.0; 1
0.0, -10.0, -5.0; 1
-4.0, -9.0, -5.0; 2
-3.0, -9.0, -5.0; 7
-2.0, -9.0, -5.0; 3
-1.0, -9.0, -5.0; 18
0.0, -9.0, -5.0; 4
1.0, -9.0, -5.0; 13
2.0, -9.0, -5.0; 10
-6.0, -8.0, -5.0; 1
-5.0, -8.0, -5.0; 3
-4.0, -8.0, -5.0; 5
-3.0, -8.0, -5.0; 19
-2.0, -8.0, -5.0; 204
-1.0, -8.0, -5.0; 610
0.0, -8.0, -5.0; 52
1.0, -8.0, -5.0; 21
2.0, -8.0, -5.0; 10
3.0, -8.0, -5.0; 15
4.0, -8.0, -5.0; 7
-6.0, -7.0, -5.0; 18
-5.0, -7.0, -5.0; 15
-4.0, -7.0, -5.0; 16
-3.0, -7.0, -5.0; 16
-2.0, -7.0, -5.0; 45
-1.0, -7.0, -5.0; 88
0.0, -7.0, -5.0; 27
1.0, -7.0, -5.0; 19
2.0, -7.0, -5.0; 9
3.0, -7.0, -5.0; 4
4.0, -7.0, -5.0; 7
5.0, -7.0, -5.0; 2
6.0, -7.0, -5.0; 1
-7.0, -6.0, -5.0; 10
-6.0, -6.0, -5.0; 20
-5.0, -6.0, -5.0; 2
-4.0, -6.0, -5.0; 7
-3.0, -6.0, -5.0; 3
-2.0, -6.0, -5.0; 8
-1.0, -6.0, -5.0; 9
0.0, -6.0, -5.0; 31
1.0, -6.0, -5.0; 8
2.0, -6.0, -5.0; 9
3.0, -6.0, -5.0; 4
4.0, -6.0, -5.0; 3
5.0, -6.0, -5.0; 5
6.0, -6.0, -5.0; 1
7.0, -6.0, -5.0; 2
-8.0, -5.0, -5.0; 11
-7.0, -5.0, -5.0; 21
-6.0, -5.0, -5.0; 3
-5.0, -5.0, -5.0; 10
-4.0, -5.0, -5.0; 4
-3.0, -5.0, -5.0; 5
-2.0, -5.0, -5.0; 13
-1.0, -5.0, -5.0; 5
0.0, -5.0, -5.0; 13
1.0, -5.0, -5.0; 22
2.0, -5.0, -5.0; 8
3.0, -5.0, -5.0; 4
4.0, -5.0, -5.0; 3
5.0, -5.0, -5.0; 2
-9.0, -4.0, -5.0; 3
-8.0, -4.0, -5.0; 7
-7.0, -4.0, -5.0; 8
-6.0, -4.0, -5.0; 3
-5.0, -4.0, -5.0; 11
-4.0, -4.0, -5.0; 26
-3.0, -4.0, -5.0; 108
-2.0, -4.0, -5.0; 239
-1.0, -4.0, -5.0; 84
0.0, -4.0, -5.0; 22
1.0, -4.0, -5.0; 108
2.0, -4.0, -5.0; 20
3.0, -4.0, -5.0; 5
4.0, -4.0, -5.0; 3
6.0, -4.0, -5.0; 2
-9.0, -3.0, -5.0; 3
-8.0, -3.0, -5.0; 5
-7.0, -3.0, -5.0; 6
-6.0, -3.0, -5.0; 6
-5.0, -3.0, -5.0; 13
-4.0, -3.0, -5.0; 69
-3.0, -3.0, -5.0; 1084
-2.0, -3.0, -5.0; 918
-1.0, -3.0, -5.0; 49
0.0, -3.0, -5.0; 185
1.0, -3.0, -5.0; 1127
2.0, -3.0, -5.0; 51
3.0, -3.0, -5.0; 3
4.0, -3.0, -5.0; 4
5.0, -3.0, -5.0; 5
6.0, -3.0, -5.0; 1
8.0, -3.0, -5.0; 2
-9.0, -2.0, -5.0; 2
-8.0, -2.0, -5.0; 7
-7.0, -2.0, -5.0; 13
-6.0, -2.0, -5.0; 4
-5.0, -2.0, -5.0; 11
-4.0, -2.0, -5.0; 31
-3.0, -2.0, -5.0; 90
-2.0, -2.0, -5.0; 52
-1.0, -2.0, -5.0; 28
0.0, -2.0, -5.0; 143
1.0, -2.0, -5.0; 114
2.0, -2.0, -5.0; 15
3.0, -2.0, -5.0; 7
4.0, -2.0, -5.0; 4
5.0, -2.0, -5.0; 7
6.0, -2.0, -5.0; 2
7.0, -2.0, -5.0; 1
8.0, -2.0, -5.0; 1
-10.0, -1.0, -5.0; 1
-9.0, -1.0, -5.0; 5
-8.0, -1.0, -5.0; 12
-7.0, -1.0, -5.0; 14
-6.0, -1.0, -5.0; 3
-5.0, -1.0, -5.0; 5
-4.0, -1.0, -5.0; 36
-3.0, -1.0, -5.0; 36
-2.0, -1.0, -5.0; 39
-1.0, -1.0, -5.0; 47
0.0, -1.0, -5.0; 15
1.0, -1.0, -5.0; 8
2.0, -1.0, -5.0; 7
3.0, -1.0, -5.0; 6
4.0, -1.0, -5.0; 16
5.0, -1.0, -5.0; 7
6.0, -1.0, -5.0; 3
7.0, -1.0, -5.0; 1
-9.0, 0.0, -5.0; 3
-8.0, 0.0, -5.0; 8
-7.0, 0.0, -5.0; 11
-6.0, 0.0, -5.0; 2
-5.0, 0.0, -5.0; 8
-4.0, 0.0, -5.0; 25
-3.0, 0.0, -5.0; 59
-2.0, 0.0, -5.0; 76
-1.0, 0.0, -5.0; 54
0.0, 0.0, -5.0; 18
1.0, 0.0, -5.0; 4
2.0, 0.0, -5.0; 3
3.0, 0.0, -5.0; 15
4.0, 0.0, -5.0; 14
5.0, 0.0, -5.0; 6
7.0, 0.0, -5.0; 3
8.0, 0.0, -5.0; 1
-9.0, 1.0, -5.0; 8
-8.0, 1.0, -5.0; 11
-7.0, 1.0, -5.0; 7
-6.0, 1.0, -5.0; 8
-5.0, 1.0, -5.0; 35
-4.0, 1.0, -5.0; 25
-3.0, 1.0, -5.0; 19
-2.0, 1.0, -5.0; 9
-1.0, 1.0, -5.0; 17
0.0, 1.0, -5.0; 24
1.0, 1.0, -5.0; 1
2.0, 1.0, -5.0; 7
3.0, 1.0, -5.0; 8
4.0, 1.0, -5.0; 3
5.0, 1.0, -5.0; 4
6.0, 1.0, -5.0; 2
-9.0, 2.0, -5.0; 8
-8.0, 2.0, -5.0; 9
-7.0, 2.0, -5.0; 5
-6.0, 2.0, -5.0; 20
-5.0, 2.0, -5.0; 52
-4.0, 2.0, -5.0; 47
-3.0, 2.0, -5.0; 11
-2.0, 2.0, -5.0; 6
-1.0, 2.0, -5.0; 41
0.0, 2.0, -5.0; 85
1.0, 2.0, -5.0; 18
2.0, 2.0, -5.0; 12
3.0, 2.0, -5.0; 13
4.0, 2.0, -5.0; 12
5.0, 2.0, -5.0; 5
6.0, 2.0, -5.0; 2
7.0, 2.0, -5.0; 4
-9.0, 3.0, -5.0; 4
-8.0, 3.0, -5.0; 6
-7.0, 3.0, -5.0; 12
-6.0, 3.0, -5.0; 6
-5.0, 3.0, -5.0; 15
-4.0, 3.0, -5.0; 9
-3.0, 3.0, -5.0; 12
-2.0, 3.0, -5.0; 13
-1.0, 3.0, -5.0; 65
0.0, 3.0, -5.0; 202
1.0, 3.0, -5.0; 39
2.0, 3.0, -5.0; 7
3.0, 3.0, -5.0; 5
4.0, 3.0, -5.0; 10
5.0, 3.0, -5.0; 3
6.0, 3.0, -5.0; 3
7.0, 3.0, -5.0; 4
8.0, 3.0, -5.0; 1
-8.0, 4.0, -5.0; 4
-7.0, 4.0, -5.0; 18
-6.0, 4.0, -5.0; 9
-5.0, 4.0, -5.0; 3
-4.0, 4.0, -5.0; 5
-3.0, 4.0, -5.0; 10
-2.0, 4.0, -5.0; 29
-1.0, 4.0, -5.0; 22
0.0, 4.0, -5.0; 12
1.0, 4.0, -5.0; 1
2.0, 4.0, -5.0; 2
3.0, 4.0, -5.0; 6
4.0, 4.0, -5.0; 5
5.0, 4.0, -5.0; 1
6.0, 4.0, -5.0; 5
7.0, 4.0, -5.0; 3
-8.0, 5.0, -5.0; 1
-7.0, 5.0, -5.0; 9
-6.0, 5.0, -5.0; 11
-5.0, 5.0, -5.0; 9
-4.0, 5.0, -5.0; 5
-3.0, 5.0, -5.0; 5
-2.0, 5.0, -5.0; 7
-1.0, 5.0, -5.0; 6
0.0, 5.0, -5.0; 11
2.0, 5.0, -5.0; 7
3.0, 5.0, -5.0; 2
4.0, 5.0, -5.0; 6
5.0, 5.0, -5.0; 6
6.0, 5.0, -5.0; 4
-7.0, 6.0, -5.0; 1
-6.0, 6.0, -5.0; 4
-5.0, 6.0, -5.0; 8
-4.0, 6.0, -5.0; 10
-3.0, 6.0, -5.0; 14
-2.0, 6.0, -5.0; 7
-1.0, 6.0, -5.0; 2
0.0, 6.0, -5.0; 2
1.0, 6.0, -5.0; 8
2.0, 6.0, -5.0; 9
3.0, 6.0, -5.0; 5
4.0, 6.0, -5.0; 2
5.0, 6.0, -5.0; 3
-5.0, 7.0, -5.0; 3
-4.0, 7.0, -5.0; 6
-3.0, 7.0, -5.0; 15
-2.0, 7.0, -5.0; 4
-1.0, 7.0, -5.0; 7
0.0, 7.0, -5.0; 9
1.0, 7.0, -5.0; 9
2.0, 7.0, -5.0; 12
3.0, 7.0, -5.0; 5
4.0, 7.0, -5.0; 1
5.0, 7.0, -5.0; 3
-4.0, 8.0, -5.0; 1
-3.0, 8.0, -5.0; 4
-2.0, 8.0, -5.0; 12
-1.0, 8.0, -5.0; 12
0.0, 8.0, -5.0; 23
1.0, 8.0, -5.0; 10
2.0, 8.0, -5.0; 2
3.0, 8.0, -5.0; 1
-1.0, 9.0, -5.0; 2
0.0, 9.0, -5.0; 1
-3.0, -10.0, -4.0; 1
-2.0, -10.0, -4.0; 3
-1.0, -10.0, -4.0; 6
0.0, -10.0, -4.0; 12
1.0, -10.0, -4.0; 3
-5.0, -9.0, -4.0; 2
-4.0, -9.0, -4.0; 3
-3.0, -9.0, -4.0; 9
-2.0, -9.0, -4.0; 21
-1.0, -9.0, -4.0; 15
0.0, -9.0, -4.0; 16
1.0, -9.0, -4.0; 21
2.0, -9.0, -4.0; 13
3.0, -9.0, -4.0; 7
4.0, -9.0, -4.0; 1
-6.0, -8.0, -4.0; 3
-5.0, -8.0, -4.0; 8
-4.0, -8.0, -4.0; 7
-3.0, -8.0, -4.0; 12
-2.0, -8.0, -4.0; 31
-1.0, -8.0, -4.0; 94
0.0, -8.0, -4.0; 20
1.0, -8.0, -4.0; 15
2.0, -8.0, -4.0; 7
3.0, -8.0, -4.0; 14
4.0, -8.0, -4.0; 13
5.0, -8.0, -4.0; 2
6.0, -8.0, -4.0; 1
-8.0, -7.0, -4.0; 1
-7.0, -7.0, -4.0; 6
-6.0, -7.0, -4.0; 6
-5.0, -7.0, -4.0; 7
-4.0, -7.0, -4.0; 3
-3.0, -7.0, -4.0; 4
-2.0, -7.0, -4.0; 1
-1.0, -7.0, -4.0; 18
0.0, -7.0, -4.0; 31
1.0, -7.0, -4.0; 20
2.0, -7.0, -4.0; 8
3.0, -7.0, -4.0; 6
4.0, -7.0, -4.0; 3
5.0, -7.0, -4.0; 6
-8.0, -6.0, -4.0; 7
-7.0, -6.0, -4.0; 13
-6.0, -6.0, -4.0; 4
-5.0, -6.0, -4.0; 3
-4.0, -6.0, -4.0; 2
-3.0, -6.0, -4.0; 2
-2.0, -6.0, -4.0; 2
-1.0, -6.0, -4.0; 12
0.0, -6.0, -4.0; 33
1.0, -6.0, -4.0; 64
2.0, -6.0, -4.0; 12
3.0, -6.0, -4.0; 4
4.0, -6.0, -4.0; 4
5.0, -6.0, -4.0; 7
6.0, -6.0, -4.0; 4
7.0, -6.0, -4.0; 1
-8.0, -5.0, -4.0; 10
-7.0, -5.0, -4.0; 8
-6.0, -5.0, -4.0; 7
-5.0, -5.0, -4.0; 1
-4.0, -5.0, -4.0; 1
-3.0, -5.0, -4.0; 10
-2.0, -5.0, -4.0; 46
-1.0, -5.0, -4.0; 229
0.0, -5.0, -4.0; 88
1.0, -5.0, -4.0; 83
2.0, -5.0, -4.0; 51
3.0, -5.0, -4.0; 11
4.0, -5.0, -4.0; 2
5.0, -5.0, -4.0; 1
6.0, -5.0, -4.0; 3
8.0, -5.0, -4.0; 2
-9.0, -4.0, -4.0; 6
-8.0, -4.0, -4.0; 14
-7.0, -4.0, -4.0; 6
-6.0, -4.0, -4.0; 4
-5.0, -4.0, -4.0; 12
-4.0, -4.0, -4.0; 80
-3.0, -4.0, -4.0; 94
-2.0, -4.0, -4.0; 38
-1.0, -4.0, -4.0; 78
0.0, -4.0, -4.0; 22
1.0, -4.0, -4.0; 91
2.0, -4.0, -4.0; 83
3.0, -4.0, -4.0; 13
4.0, -4.0, -4.0; 6
5.0, -4.0, -4.0; 2
6.0, -4.0, -4.0; 2
7.0, -4.0, -4.0; 1
-9.0, -3.0, -4.0; 8
-8.0, -3.0, -4.0; 11
-7.0, -3.0, -4.0; 7
-6.0, -3.0, -4.0; 7
-5.0, -3.0, -4.0; 57
-4.0, -3.0, -4.0; 367
-3.0, -3.0, -4.0; 203
-2.0, -3.0, -4.0; 6
-1.0, -3.0, -4.0; 3
0.0, -3.0, -4.0; 3
1.0, -3.0, -4.0; 212
2.0, -3.0, -4.0; 118
3.0, -3.0, -4.0; 12
4.0, -3.0, -4.0; 6
5.0, -3.0, -4.0; 8
6.0, -3.0, -4.0; 3
7.0, -3.0, -4.0; 2
8.0, -3.0, -4.0; 2
-10.0, -2.0, -4.0; 2
-9.0, -2.0, -4.0; 5
-8.0, -2.0, -4.0; 8
-7.0, -2.0, -4.0; 11
-6.0, -2.0, -4.0; 14
-5.0, -2.0, -4.0; 19
-4.0, -2.0, -4.0; 84
-3.0, -2.0, -4.0; 11
0.0, -2.0, -4.0; 1
1.0, -2.0, -4.0; 2
2.0, -2.0, -4.0; 2
4.0, -2.0, -4.0; 7
5.0, -2.0, -4.0; 6
6.0, -2.0, -4.0; 1
8.0, -2.0, -4.0; 3
9.0, -2.0, -4.0; 1
-9.0, -1.0, -4.0; 2
-8.0, -1.0, -4.0; 8
-7.0, -1.0, -4.0; 16
-6.0, -1.0, -4.0; 3
-5.0, -1.0, -4.0; 5
-4.0, -1.0, -4.0; 6
-3.0, -1.0, -4.0; 1
1.0, -1.0, -4.0; 1
3.0, -1.0, -4.0; 2
4.0, -1.0, -4.0; 3
5.0, -1.0, -4.0; 7
6.0, -1.0, -4.0; 3
8.0, -1.0, -4.0; 3
-10.0, 0.0, -4.0; 1
-9.0, 0.0, -4.0; 8
-8.0, 0.0, -4.0; 11
-7.0, 0.0, -4.0; 12
-6.0, 0.0, -4.0; 7
-5.0, 0.0, -4.0; 19
-4.0, 0.0, -4.0; 4
-3.0, 0.0, -4.0; 1
2.0, 0.0, -4.0; 2
3.0, 0.0, -4.0; 1
4.0, 0.0, -4.0; 8
5.0, 0.0, -4.0; 3
6.0, 0.0, -4.0; 1
7.0, 0.0, -4.0; 2
8.0, 0.0, -4.0; 1
-10.0, 1.0, -4.0; 1
-9.0, 1.0, -4.0; 5
-8.0, 1.0, -4.0; 9
-7.0, 1.0, -4.0; 3
-6.0, 1.0, -4.0; 32
-5.0, 1.0, -4.0; 48
-4.0, 1.0, -4.0; 14
3.0, 1.0, -4.0; 2
4.0, 1.0, -4.0; 6
5.0, 1.0, -4.0; 3
6.0, 1.0, -4.0; 5
8.0, 1.0, -4.0; 1
-9.0, 2.0, -4.0; 8
-8.0, 2.0, -4.0; 10
-7.0, 2.0, -4.0; 4
-6.0, 2.0, -4.0; 64
-5.0, 2.0, -4.0; 28
-4.0, 2.0, -4.0; 20
-3.0, 2.0, -4.0; 1
0.0, 2.0, -4.0; 3
2.0, 2.0, -4.0; 3
3.0, 2.0, -4.0; 9
4.0, 2.0, -4.0; 5
5.0, 2.0, -4.0; 4
6.0, 2.0, -4.0; 5
7.0, 2.0, -4.0; 3
8.0, 2.0, -4.0; 2
-9.0, 3.0, -4.0; 7
-8.0, 3.0, -4.0; 11
-7.0, 3.0, -4.0; 5
-6.0, 3.0, -4.0; 19
-5.0, 3.0, -4.0; 5
-4.0, 3.0, -4.0; 7
-3.0, 3.0, -4.0; 2
-2.0, 3.0, -4.0; 1
-1.0, 3.0, -4.0; 3
0.0, 3.0, -4.0; 305
1.0, 3.0, -4.0; 230
2.0, 3.0, -4.0; 9
3.0, 3.0, -4.0; 8
4.0, 3.0, -4.0; 9
5.0, 3.0, -4.0; 5
6.0, 3.0, -4.0; 2
7.0, 3.0, -4.0; 4
-9.0, 4.0, -4.0; 1
-8.0, 4.0, -4.0; 25
-7.0, 4.0, -4.0; 18
-6.0, 4.0, -4.0; 3
-5.0, 4.0, -4.0; 4
-4.0, 4.0, -4.0; 5
-3.0, 4.0, -4.0; 17
-2.0, 4.0, -4.0; 38
-1.0, 4.0, -4.0; 38
0.0, 4.0, -4.0; 117
1.0, 4.0, -4.0; 100
2.0, 4.0, -4.0; 11
3.0, 4.0, -4.0; 5
4.0, 4.0, -4.0; 7
5.0, 4.0, -4.0; 2
6.0, 4.0, -4.0; 2
7.0, 4.0, -4.0; 4
-8.0, 5.0, -4.0; 3
-7.0, 5.0, -4.0; 14
-6.0, 5.0, -4.0; 9
-5.0, 5.0, -4.0; 2
-3.0, 5.0, -4.0; 7
-2.0, 5.0, -4.0; 87
-1.0, 5.0, -4.0; 150
0.0, 5.0, -4.0; 60
1.0, 5.0, -4.0; 18
2.0, 5.0, -4.0; 3
3.0, 5.0, -4.0; 6
4.0, 5.0, -4.0; 5
5.0, 5.0, -4.0; 3
6.0, 5.0, -4.0; 1
7.0, 5.0, -4.0; 2
-7.0, 6.0, -4.0; 4
-6.0, 6.0, -4.0; 13
-5.0, 6.0, -4.0; 8
-4.0, 6.0, -4.0; 2
-3.0, 6.0, -4.0; 4
-2.0, 6.0, -4.0; 3
-1.0, 6.0, -4.0; 8
0.0, 6.0, -4.0; 14
1.0, 6.0, -4.0; 3
2.0, 6.0, -4.0; 5
3.0, 6.0, -4.0; 12
4.0, 6.0, -4.0; 3
5.0, 6.0, -4.0; 3
6.0, 6.0, -4.0; 2
-6.0, 7.0, -4.0; 3
-5.0, 7.0, -4.0; 9
-4.0, 7.0, -4.0; 13
-3.0, 7.0, -4.0; 3
-2.0, 7.0, -4.0; 7
-1.0, 7.0, -4.0; 4
0.0, 7.0, -4.0; 9
1.0, 7.0, -4.0; 25
2.0, 7.0, -4.0; 11
3.0, 7.0, -4.0; 6
4.0, 7.0, -4.0; 1
5.0, 7.0, -4.0; 2
-5.0, 8.0, -4.0; 3
-4.0, 8.0, -4.0; 8
-3.0, 8.0, -4.0; 17
-2.0, 8.0, -4.0; 20
-1.0, 8.0, -4.0; 15
0.0, 8.0, -4.0; 16
1.0, 8.0, -4.0; 15
2.0, 8.0, -4.0; 11
3.0, 8.0, -4.0; 5
4.0, 8.0, -4.0; 1
-2.0, 9.0, -4.0; 8
-1.0, 9.0, -4.0; 8
0.0, 9.0, -4.0; 13
1.0, 9.0, -4.0; 8
2.0, 9.0, -4.0; 1
-4.0, -10.0, -3.0; 1
-3.0, -10.0, -3.0; 5
-2.0, -10.0, -3.0; 9
-1.0, -10.0, -3.0; 17
0.0, -10.0, -3.0; 15
1.0, -10.0, -3.0; 16
2.0, -10.0, -3.0; 7
-5.0, -9.0, -3.0; 6
-4.0, -9.0, -3.0; 6
-3.0, -9.0, -3.0; 12
-2.0, -9.0, -3.0; 13
-1.0, -9.0, -3.0; 17
0.0, -9.0, -3.0; 29
1.0, -9.0, -3.0; 18
2.0, -9.0, -3.0; 19
3.0, -9.0, -3.0; 5
4.0, -9.0, -3.0; 3
-7.0, -8.0, -3.0; 2
-6.0, -8.0, -3.0; 3
-5.0, -8.0, -3.0; 7
-4.0, -8.0, -3.0; 4
-3.0, -8.0, -3.0; 12
-2.0, -8.0, -3.0; 10
-1.0, -8.0, -3.0; 11
0.0, -8.0, -3.0; 12
1.0, -8.0, -3.0; 8
2.0, -8.0, -3.0; 7
3.0, -8.0, -3.0; 7
4.0, -8.0, -3.0; 5
5.0, -8.0, -3.0; 3
6.0, -8.0, -3.0; 1
-8.0, -7.0, -3.0; 3
-7.0, -7.0, -3.0; 10
-6.0, -7.0, -3.0; 8
-5.0, -7.0, -3.0; 3
-4.0, -7.0, -3.0; 1
-3.0, -7.0, -3.0; 5
-2.0, -7.0, -3.0; 1
-1.0, -7.0, -3.0; 4
0.0, -7.0, -3.0; 37
1.0, -7.0, -3.0; 51
2.0, -7.0, -3.0; 14
3.0, -7.0, -3.0; 8
4.0, -7.0, -3.0; 3
5.0, -7.0, -3.0; 4
6.0, -7.0, -3.0; 4
7.0, -7.0, -3.0; 1
-8.0, -6.0, -3.0; 15
-7.0, -6.0, -3.0; 4
-6.0, -6.0, -3.0; 3
-4.0, -6.0, -3.0; 1
-2.0, -6.0, -3.0; 2
-1.0, -6.0, -3.0; 42
0.0, -6.0, -3.0; 102
1.0, -6.0, -3.0; 798
2.0, -6.0, -3.0; 89
3.0, -6.0, -3.0; 4
4.0, -6.0, -3.0; 3
5.0, -6.0, -3.0; 3
6.0, -6.0, -3.0; 6
7.0, -6.0, -3.0; 2
-9.0, -5.0, -3.0; 4
-8.0, -5.0, -3.0; 14
-7.0, -5.0, -3.0; 8
-6.0, -5.0, -3.0; 2
-4.0, -5.0, -3.0; 2
-3.0, -5.0, -3.0; 1
-1.0, -5.0, -3.0; 26
0.0, -5.0, -3.0; 102
1.0, -5.0, -3.0; 80
2.0, -5.0, -3.0; 84
3.0, -5.0, -3.0; 16
4.0, -5.0, -3.0; 5
5.0, -5.0, -3.0; 4
6.0, -5.0, -3.0; 3
7.0, -5.0, -3.0; 1
8.0, -5.0, -3.0; 1
-9.0, -4.0, -3.0; 10
-8.0, -4.0, -3.0; 13
-7.0, -4.0, -3.0; 5
-6.0, -4.0, -3.0; 9
-5.0, -4.0, -3.0; 17
-3.0, -4.0, -3.0; 1
-2.0, -4.0, -3.0; 3
-1.0, -4.0, -3.0; 3
0.0, -4.0, -3.0; 1
1.0, -4.0, -3.0; 6
2.0, -4.0, -3.0; 26
3.0, -4.0, -3.0; 10
4.0, -4.0, -3.0; 4
5.0, -4.0, -3.0; 5
-9.0, -3.0, -3.0; 12
-8.0, -3.0, -3.0; 5
-7.0, -3.0, -3.0; 7
-6.0, -3.0, -3.0; 9
-5.0, -3.0, -3.0; 74
-4.0, -3.0, -3.0; 11
-3.0, -3.0, -3.0; 15
-2.0, -3.0, -3.0; 4
2.0, -3.0, -3.0; 1
3.0, -3.0, -3.0; 2
4.0, -3.0, -3.0; 4
5.0, -3.0, -3.0; 4
6.0, -3.0, -3.0; 1
7.0, -3.0, -3.0; 1
8.0, -3.0, -3.0; 1
9.0, -3.0, -3.0; 1
-10.0, -2.0, -3.0; 3
-9.0, -2.0, -3.0; 7
-8.0, -2.0, -3.0; 7
-7.0, -2.0, -3.0; 8
-6.0, -2.0, -3.0; 8
-5.0, -2.0, -3.0; 51
-4.0, -2.0, -3.0; 5
4.0, -2.0, -3.0; 2
5.0, -2.0, -3.0; 4
6.0, -2.0, -3.0; 2
-10.0, -1.0, -3.0; 2
-9.0, -1.0, -3.0; 3
-8.0, -1.0, -3.0; 13
-7.0, -1.0, -3.0; 11
-6.0, -1.0, -3.0; 2
-5.0, -1.0, -3.0; 5
-4.0, -1.0, -3.0; 1
4.0, -1.0, -3.0; 1
5.0, -1.0, -3.0; 1
6.0, -1.0, -3.0; 3
9.0, -1.0, -3.0; 1
-10.0, 0.0, -3.0; 4
-9.0, 0.0, -3.0; 7
-8.0, 0.0, -3.0; 15
-7.0, 0.0, -3.0; 5
-6.0, 0.0, -3.0; 33
-5.0, 0.0, -3.0; 15
-4.0, 0.0, -3.0; 1
4.0, 0.0, -3.0; 2
5.0, 0.0, -3.0; 5
6.0, 0.0, -3.0; 1
-10.0, 1.0, -3.0; 3
-9.0, 1.0, -3.0; 8
-8.0, 1.0, -3.0; 8
-7.0, 1.0, -3.0; 7
-6.0, 1.0, -3.0; 77
-5.0, 1.0, -3.0; 24
4.0, 1.0, -3.0; 2
5.0, 1.0, -3.0; 9
6.0, 1.0, -3.0; 5
7.0, 1.0, -3.0; 3
-10.0, 2.0, -3.0; 2
-9.0, 2.0, -3.0; 13
-8.0, 2.0, -3.0; 8
-7.0, 2.0, -3.0; 16
-6.0, 2.0, -3.0; 32
-5.0, 2.0, -3.0; 11
-4.0, 2.0, -3.0; 1
3.0, 2.0, -3.0; 2
4.0, 2.0, -3.0; 3
5.0, 2.0, -3.0; 5
6.0, 2.0, -3.0; 1
7.0, 2.0, -3.0; 4
8.0, 2.0, -3.0; 2
-10.0, 3.0, -3.0; 1
-9.0, 3.0, -3.0; 7
-8.0, 3.0, -3.0; 11
-7.0, 3.0, -3.0; 2
-6.0, 3.0, -3.0; 38
-5.0, 3.0, -3.0; 7
0.0, 3.0, -3.0; 1
1.0, 3.0, -3.0; 16
2.0, 3.0, -3.0; 12
3.0, 3.0, -3.0; 6
4.0, 3.0, -3.0; 11
5.0, 3.0, -3.0; 4
6.0, 3.0, -3.0; 4
7.0, 3.0, -3.0; 1
8.0, 3.0, -3.0; 1
-9.0, 4.0, -3.0; 2
-8.0, 4.0, -3.0; 22
-7.0, 4.0, -3.0; 8
-6.0, 4.0, -3.0; 5
-5.0, 4.0, -3.0; 6
-4.0, 4.0, -3.0; 5
-3.0, 4.0, -3.0; 1
-1.0, 4.0, -3.0; 3
0.0, 4.0, -3.0; 25
1.0, 4.0, -3.0; 147
2.0, 4.0, -3.0; 53
3.0, 4.0, -3.0; 8
4.0, 4.0, -3.0; 5
5.0, 4.0, -3.0; 1
6.0, 4.0, -3.0; 2
7.0, 4.0, -3.0; 4
8.0, 4.0, -3.0; 1
-8.0, 5.0, -3.0; 14
-7.0, 5.0, -3.0; 19
-6.0, 5.0, -3.0; 3
-5.0, 5.0, -3.0; 3
-3.0, 5.0, -3.0; 3
-2.0, 5.0, -3.0; 29
-1.0, 5.0, -3.0; 95
0.0, 5.0, -3.0; 65
1.0, 5.0, -3.0; 50
2.0, 5.0, -3.0; 8
3.0, 5.0, -3.0; 5
4.0, 5.0, -3.0; 9
5.0, 5.0, -3.0; 4
6.0, 5.0, -3.0; 4
7.0, 5.0, -3.0; 3
8.0, 5.0, -3.0; 1
-8.0, 6.0, -3.0; 1
-7.0, 6.0, -3.0; 15
-6.0, 6.0, -3.0; 13
-5.0, 6.0, -3.0; 6
-4.0, 6.0, -3.0; 1
-3.0, 6.0, -3.0; 1
-2.0, 6.0, -3.0; 24
-1.0, 6.0, -3.0; 74
0.0, 6.0, -3.0; 111
1.0, 6.0, -3.0; 27
2.0, 6.0, -3.0; 4
3.0, 6.0, -3.0; 6
4.0, 6.0, -3.0; 6
5.0, 6.0, -3.0; 2
6.0, 6.0, -3.0; 4
-7.0, 7.0, -3.0; 4
-6.0, 7.0, -3.0; 7
-5.0, 7.0, -3.0; 8
-4.0, 7.0, -3.0; 6
-3.0, 7.0, -3.0; 3
-2.0, 7.0, -3.0; 1
-1.0, 7.0, -3.0; 3
0.0, 7.0, -3.0; 10
1.0, 7.0, -3.0; 18
2.0, 7.0, -3.0; 15
3.0, 7.0, -3.0; 10
4.0, 7.0, -3.0; 2
5.0, 7.0, -3.0; 3
-5.0, 8.0, -3.0; 2
-4.0, 8.0, -3.0; 18
-3.0, 8.0, -3.0; 37
-2.0, 8.0, -3.0; 38
-1.0, 8.0, -3.0; 24
0.0, 8.0, -3.0; 30
1.0, 8.0, -3.0; 28
2.0, 8.0, -3.0; 15
3.0, 8.0, -3.0; 3
4.0, 8.0, -3.0; 1
5.0, 8.0, -3.0; 1
-3.0, 9.0, -3.0; 3
-2.0, 9.0, -3.0; 12
-1.0, 9.0, -3.0; 28
0.0, 9.0, -3.0; 31
1.0, 9.0, -3.0; 16
2.0, 9.0, -3.0; 7
3.0, 9.0, -3.0; 1
-4.0, -10.0, -2.0; 11
-3.0, -10.0, -2.0; 27
-2.0, -10.0, -2.0; 37
-1.0, -10.0, -2.0; 41
0.0, -10.0, -2.0; 37
1.0, -10.0, -2.0; 29
2.0, -10.0, -2.0; 6
3.0, -10.0, -2.0; 2
-6.0, -9.0, -2.0; 4
-5.0, -9.0, -2.0; 9
-4.0, -9.0, -2.0; 7
-3.0, -9.0, -2.0; 15
-2.0, -9.0, -2.0; 7
-1.0, -9.0, -2.0; 20
0.0, -9.0, -2.0; 13
1.0, -9.0, -2.0; 19
2.0, -9.0, -2.0; 14
3.0, -9.0, -2.0; 7
4.0, -9.0, -2.0; 8
-7.0, -8.0, -2.0; 6
-6.0, -8.0, -2.0; 8
-5.0, -8.0, -2.0; 2
-4.0, -8.0, -2.0; 2
-3.0, -8.0, -2.0; 2
-2.0, -8.0, -2.0; 3
-1.0, -8.0, -2.0; 6
0.0, -8.0, -2.0; 14
1.0, -8.0, -2.0; 5
2.0, -8.0, -2.0; 4
3.0, -8.0, -2.0; 14
4.0, -8.0, -2.0; 7
5.0, -8.0, -2.0; 3
-8.0, -7.0, -2.0; 4
-7.0, -7.0, -2.0; 7
-6.0, -7.0, -2.0; 3
-4.0, -7.0, -2.0; 1
-1.0, -7.0, -2.0; 22
0.0, -7.0, -2.0; 64
1.0, -7.0, -2.0; 43
2.0, -7.0, -2.0; 12
3.0, -7.0, -2.0; 9
4.0, -7.0, -2.0; 6
5.0, -7.0, -2.0; 2
6.0, -7.0, -2.0; 1
7.0, -7.0, -2.0; 3
-9.0, -6.0, -2.0; 1
-8.0, -6.0, -2.0; 8
-7.0, -6.0, -2.0; 7
-6.0, -6.0, -2.0; 1
-3.0, -6.0, -2.0; 1
-2.0, -6.0, -2.0; 1
-1.0, -6.0, -2.0; 19
0.0, -6.0, -2.0; 87
1.0, -6.0, -2.0; 391
2.0, -6.0, -2.0; 68
3.0, -6.0, -2.0; 8
4.0, -6.0, -2.0; 4
5.0, -6.0, -2.0; 8
6.0, -6.0, -2.0; 1
-9.0, -5.0, -2.0; 12
-8.0, -5.0, -2.0; 13
-7.0, -5.0, -2.0; 1
-6.0, -5.0, -2.0; 4
-5.0, -5.0, -2.0; 2
0.0, -5.0, -2.0; 7
1.0, -5.0, -2.0; 17
2.0, -5.0, -2.0; 52
3.0, -5.0, -2.0; 21
4.0, -5.0, -2.0; 7
5.0, -5.0, -2.0; 2
6.0, -5.0, -2.0; 3
7.0, -5.0, -2.0; 2
-10.0, -4.0, -2.0; 2
-9.0, -4.0, -2.0; 16
-8.0, -4.0, -2.0; 8
-7.0, -4.0, -2.0; 13
-6.0, -4.0, -2.0; 7
-5.0, -4.0, -2.0; 4
-4.0, -4.0, -2.0; 1
-1.0, -4.0, -2.0; 1
2.0, -4.0, -2.0; 3
3.0, -4.0, -2.0; 3
4.0, -4.0, -2.0; 5
5.0, -4.0, -2.0; 3
6.0, -4.0, -2.0; 1
7.0, -4.0, -2.0; 3
8.0, -4.0, -2.0; 2
9.0, -4.0, -2.0; 1
-10.0, -3.0, -2.0; 1
-9.0, -3.0, -2.0; 15
-8.0, -3.0, -2.0; 7
-7.0, -3.0, -2.0; 5
-6.0, -3.0, -2.0; 19
-5.0, -3.0, -2.0; 12
-4.0, -3.0, -2.0; 3
4.0, -3.0, -2.0; 2
5.0, -3.0, -2.0; 5
6.0, -3.0, -2.0; 1
8.0, -3.0, -2.0; 1
-10.0, -2.0, -2.0; 4
-9.0, -2.0, -2.0; 11
-8.0, -2.0, -2.0; 7
-7.0, -2.0, -2.0; 8
-6.0, -2.0, -2.0; 8
-5.0, -2.0, -2.0; 14
-4.0, -2.0, -2.0; 2
5.0, -2.0, -2.0; 5
6.0, -2.0, -2.0; 2
-10.0, -1.0, -2.0; 3
-9.0, -1.0, -2.0; 7
-8.0, -1.0, -2.0; 13
-7.0, -1.0, -2.0; 11
-6.0, -1.0, -2.0; 2
-5.0, -1.0, -2.0; 1
5.0, -1.0, -2.0; 2
6.0, -1.0, -2.0; 3
7.0, -1.0, -2.0; 3
8.0, -1.0, -2.0; 1
-10.0, 0.0, -2.0; 4
-9.0, 0.0, -2.0; 7
-8.0, 0.0, -2.0; 13
-7.0, 0.0, -2.0; 9
-6.0, 0.0, -2.0; 28
-5.0, 0.0, -2.0; 7
4.0, 0.0, -2.0; 2
6.0, 0.0, -2.0; 3
7.0, 0.0, -2.0; 1
8.0, 0.0, -2.0; 1
-10.0, 1.0, -2.0; 3
-9.0, 1.0, -2.0; 5
-8.0, 1.0, -2.0; 7
-7.0, 1.0, -2.0; 4
-6.0, 1.0, -2.0; 499
-5.0, 1.0, -2.0; 60
5.0, 1.0, -2.0; 2
6.0, 1.0, -2.0; 1
7.0, 1.0, -2.0; 1
-10.0, 2.0, -2.0; 1
-9.0, 2.0, -2.0; 10
-8.0, 2.0, -2.0; 9
-7.0, 2.0, -2.0; 28
-6.0, 2.0, -2.0; 41
-5.0, 2.0, -2.0; 35
-4.0, 2.0, -2.0; 1
2.0, 2.0, -2.0; 1
3.0, 2.0, -2.0; 1
4.0, 2.0, -2.0; 3
5.0, 2.0, -2.0; 4
6.0, 2.0, -2.0; 1
7.0, 2.0, -2.0; 3
8.0, 2.0, -2.0; 1
9.0, 2.0, -2.0; 1
-10.0, 3.0, -2.0; 1
-9.0, 3.0, -2.0; 7
-8.0, 3.0, -2.0; 10
-7.0, 3.0, -2.0; 13
-6.0, 3.0, -2.0; 37
-5.0, 3.0, -2.0; 7
2.0, 3.0, -2.0; 3
3.0, 3.0, -2.0; 1
4.0, 3.0, -2.0; 8
5.0, 3.0, -2.0; 4
6.0, 3.0, -2.0; 3
7.0, 3.0, -2.0; 4
8.0, 3.0, -2.0; 3
-9.0, 4.0, -2.0; 6
-8.0, 4.0, -2.0; 25
-7.0, 4.0, -2.0; 7
-6.0, 4.0, -2.0; 23
-5.0, 4.0, -2.0; 29
0.0, 4.0, -2.0; 3
1.0, 4.0, -2.0; 26
2.0, 4.0, -2.0; 110
3.0, 4.0, -2.0; 9
4.0, 4.0, -2.0; 15
5.0, 4.0, -2.0; 7
6.0, 4.0, -2.0; 3
7.0, 4.0, -2.0; 1
8.0, 4.0, -2.0; 2
-9.0, 5.0, -2.0; 4
-8.0, 5.0, -2.0; 17
-7.0, 5.0, -2.0; 15
-5.0, 5.0, -2.0; 1
-4.0, 5.0, -2.0; 2
-3.0, 5.0, -2.0; 2
-2.0, 5.0, -2.0; 4
-1.0, 5.0, -2.0; 12
0.0, 5.0, -2.0; 58
1.0, 5.0, -2.0; 87
2.0, 5.0, -2.0; 25
3.0, 5.0, -2.0; 8
4.0, 5.0, -2.0; 7
6.0, 5.0, -2.0; 6
7.0, 5.0, -2.0; 2
8.0, 5.0, -2.0; 3
-8.0, 6.0, -2.0; 3
-7.0, 6.0, -2.0; 25
-6.0, 6.0, -2.0; 25
-5.0, 6.0, -2.0; 6
-4.0, 6.0, -2.0; 2
-2.0, 6.0, -2.0; 38
-1.0, 6.0, -2.0; 187
0.0, 6.0, -2.0; 248
1.0, 6.0, -2.0; 130
2.0, 6.0, -2.0; 7
3.0, 6.0, -2.0; 10
4.0, 6.0, -2.0; 7
5.0, 6.0, -2.0; 8
6.0, 6.0, -2.0; 1
7.0, 6.0, -2.0; 1
-7.0, 7.0, -2.0; 2
-6.0, 7.0, -2.0; 14
-5.0, 7.0, -2.0; 18
-4.0, 7.0, -2.0; 12
-3.0, 7.0, -2.0; 10
-2.0, 7.0, -2.0; 3
-1.0, 7.0, -2.0; 8
0.0, 7.0, -2.0; 20
1.0, 7.0, -2.0; 8
2.0, 7.0, -2.0; 15
3.0, 7.0, -2.0; 4
4.0, 7.0, -2.0; 6
6.0, 7.0, -2.0; 1
-6.0, 8.0, -2.0; 2
-5.0, 8.0, -2.0; 10
-4.0, 8.0, -2.0; 24
-3.0, 8.0, -2.0; 33
-2.0, 8.0, -2.0; 22
-1.0, 8.0, -2.0; 22
0.0, 8.0, -2.0; 34
1.0, 8.0, -2.0; 23
2.0, 8.0, -2.0; 14
3.0, 8.0, -2.0; 8
4.0, 8.0, -2.0; 2
-4.0, 9.0, -2.0; 5
-3.0, 9.0, -2.0; 10
-2.0, 9.0, -2.0; 27
-1.0, 9.0, -2.0; 46
0.0, 9.0, -2.0; 37
1.0, 9.0, -2.0; 32
2.0, 9.0, -2.0; 14
-5.0, -10.0, -1.0; 1
-4.0, -10.0, -1.0; 22
-3.0, -10.0, -1.0; 32
-2.0, -10.0, -1.0; 38
-1.0, -10.0, -1.0; 37
0.0, -10.0, -1.0; 46
1.0, -10.0, -1.0; 10
2.0, -10.0, -1.0; 11
-6.0, -9.0, -1.0; 9
-5.0, -9.0, -1.0; 22
-4.0, -9.0, -1.0; 12
-3.0, -9.0, -1.0; 8
-2.0, -9.0, -1.0; 5
-1.0, -9.0, -1.0; 11
0.0, -9.0, -1.0; 17
1.0, -9.0, -1.0; 10
2.0, -9.0, -1.0; 12
3.0, -9.0, -1.0; 12
4.0, -9.0, -1.0; 3
5.0, -9.0, -1.0; 1
-7.0, -8.0, -1.0; 12
-6.0, -8.0, -1.0; 18
-5.0, -8.0, -1.0; 12
-3.0, -8.0, -1.0; 1
-2.0, -8.0, -1.0; 17
-1.0, -8.0, -1.0; 37
0.0, -8.0, -1.0; 12
1.0, -8.0, -1.0; 10
2.0, -8.0, -1.0; 6
3.0, -8.0, -1.0; 7
4.0, -8.0, -1.0; 11
5.0, -8.0, -1.0; 5
6.0, -8.0, -1.0; 2
-8.0, -7.0, -1.0; 6
-7.0, -7.0, -1.0; 16
-6.0, -7.0, -1.0; 13
-5.0, -7.0, -1.0; 1
-4.0, -7.0, -1.0; 2
-3.0, -7.0, -1.0; 5
-2.0, -7.0, -1.0; 39
-1.0, -7.0, -1.0; 155
0.0, -7.0, -1.0; 192
1.0, -7.0, -1.0; 66
2.0, -7.0, -1.0; 8
3.0, -7.0, -1.0; 3
4.0, -7.0, -1.0; 6
5.0, -7.0, -1.0; 2
6.0, -7.0, -1.0; 1
7.0, -7.0, -1.0; 1
-9.0, -6.0, -1.0; 4
-8.0, -6.0, -1.0; 20
-7.0, -6.0, -1.0; 6
-6.0, -6.0, -1.0; 1
-4.0, -6.0, -1.0; 1
-3.0, -6.0, -1.0; 3
-2.0, -6.0, -1.0; 19
-1.0, -6.0, -1.0; 20
0.0, -6.0, -1.0; 54
1.0, -6.0, -1.0; 50
2.0, -6.0, -1.0; 20
3.0, -6.0, -1.0; 9
4.0, -6.0, -1.0; 11
5.0, -6.0, -1.0; 6
6.0, -6.0, -1.0; 1
-9.0, -5.0, -1.0; 5
-8.0, -5.0, -1.0; 19
-7.0, -5.0, -1.0; 2
-6.0, -5.0, -1.0; 14
-2.0, -5.0, -1.0; 1
-1.0, -5.0, -1.0; 3
0.0, -5.0, -1.0; 2
1.0, -5.0, -1.0; 1
2.0, -5.0, -1.0; 19
3.0, -5.0, -1.0; 11
4.0, -5.0, -1.0; 9
5.0, -5.0, -1.0; 2
-10.0, -4.0, -1.0; 3
-9.0, -4.0, -1.0; 25
-8.0, -4.0, -1.0; 13
-7.0, -4.0, -1.0; 16
-6.0, -4.0, -1.0; 10
-5.0, -4.0, -1.0; 2
-4.0, -4.0, -1.0; 1
2.0, -4.0, -1.0; 1
3.0, -4.0, -1.0; 1
5.0, -4.0, -1.0; 6
7.0, -4.0, -1.0; 2
-10.0, -3.0, -1.0; 6
-9.0, -3.0, -1.0; 10
-8.0, -3.0, -1.0; 9
-7.0, -3.0, -1.0; 6
-6.0, -3.0, -1.0; 17
-5.0, -3.0, -1.0; 4
3.0, -3.0, -1.0; 2
5.0, -3.0, -1.0; 1
6.0, -3.0, -1.0; 2
8.0, -3.0, -1.0; 1
9.0, -3.0, -1.0; 1
-10.0, -2.0, -1.0; 6
-9.0, -2.0, -1.0; 12
-8.0, -2.0, -1.0; 12
-7.0, -2.0, -1.0; 5
-6.0, -2.0, -1.0; 11
-5.0, -2.0, -1.0; 1
4.0, -2.0, -1.0; 1
5.0, -2.0, -1.0; 1
7.0, -2.0, -1.0; 1
9.0, -2.0, -1.0; 1
-10.0, -1.0, -1.0; 5
-9.0, -1.0, -1.0; 5
-8.0, -1.0, -1.0; 12
-7.0, -1.0, -1.0; 5
-6.0, -1.0, -1.0; 1
6.0, -1.0, -1.0; 1
8.0, -1.0, -1.0; 1
-10.0, 0.0, -1.0; 3
-9.0, 0.0, -1.0; 6
-8.0, 0.0, -1.0; 4
-7.0, 0.0, -1.0; 13
-6.0, 0.0, -1.0; 21
-5.0, 0.0, -1.0; 2
5.0, 0.0, -1.0; 2
6.0, 0.0, -1.0; 4
9.0, 0.0, -1.0; 1
-10.0, 1.0, -1.0; 4
-9.0, 1.0, -1.0; 8
-8.0, 1.0, -1.0; 6
-7.0, 1.0, -1.0; 6
-6.0, 1.0, -1.0; 857
-5.0, 1.0, -1.0; 101
4.0, 1.0, -1.0; 1
5.0, 1.0, -1.0; 4
6.0, 1.0, -1.0; 3
7.0, 1.0, -1.0; 2
-10.0, 2.0, -1.0; 3
-9.0, 2.0, -1.0; 10
-8.0, 2.0, -1.0; 6
-7.0, 2.0, -1.0; 19
-6.0, 2.0, -1.0; 92
-5.0, 2.0, -1.0; 68
-4.0, 2.0, -1.0; 3
4.0, 2.0, -1.0; 6
5.0, 2.0, -1.0; 4
6.0, 2.0, -1.0; 2
7.0, 2.0, -1.0; 1
8.0, 2.0, -1.0; 2
-10.0, 3.0, -1.0; 5
-9.0, 3.0, -1.0; 14
-8.0, 3.0, -1.0; 13
-7.0, 3.0, -1.0; 12
-6.0, 3.0, -1.0; 64
-5.0, 3.0, -1.0; 5
2.0, 3.0, -1.0; 1
4.0, 3.0, -1.0; 8
5.0, 3.0, -1.0; 3
6.0, 3.0, -1.0; 3
7.0, 3.0, -1.0; 2
8.0, 3.0, -1.0; 1
-9.0, 4.0, -1.0; 7
-8.0, 4.0, -1.0; 26
-7.0, 4.0, -1.0; 4
-6.0, 4.0, -1.0; 55
-5.0, 4.0, -1.0; 102
-4.0, 4.0, -1.0; 5
-3.0, 4.0, -1.0; 1
1.0, 4.0, -1.0; 6
2.0, 4.0, -1.0; 41
3.0, 4.0, -1.0; 8
4.0, 4.0, -1.0; 5
5.0, 4.0, -1.0; 10
6.0, 4.0, -1.0; 5
7.0, 4.0, -1.0; 3
8.0, 4.0, -1.0; 2
-9.0, 5.0, -1.0; 3
-8.0, 5.0, -1.0; 14
-7.0, 5.0, -1.0; 12
-6.0, 5.0, -1.0; 10
-5.0, 5.0, -1.0; 49
-4.0, 5.0, -1.0; 55
-3.0, 5.0, -1.0; 14
-1.0, 5.0, -1.0; 6
0.0, 5.0, -1.0; 38
1.0, 5.0, -1.0; 51
2.0, 5.0, -1.0; 43
3.0, 5.0, -1.0; 11
4.0, 5.0, -1.0; 5
6.0, 5.0, -1.0; 1
7.0, 5.0, -1.0; 4
-8.0, 6.0, -1.0; 9
-7.0, 6.0, -1.0; 49
-6.0, 6.0, -1.0; 298
-5.0, 6.0, -1.0; 75
-4.0, 6.0, -1.0; 4
-3.0, 6.0, -1.0; 17
-2.0, 6.0, -1.0; 37
-1.0, 6.0, -1.0; 179
0.0, 6.0, -1.0; 452
1.0, 6.0, -1.0; 183
2.0, 6.0, -1.0; 5
3.0, 6.0, -1.0; 9
4.0, 6.0, -1.0; 7
5.0, 6.0, -1.0; 1
6.0, 6.0, -1.0; 4
7.0, 6.0, -1.0; 1
-7.0, 7.0, -1.0; 10
-6.0, 7.0, -1.0; 26
-5.0, 7.0, -1.0; 64
-4.0, 7.0, -1.0; 23
-3.0, 7.0, -1.0; 7
-2.0, 7.0, -1.0; 17
-1.0, 7.0, -1.0; 48
0.0, 7.0, -1.0; 70
1.0, 7.0, -1.0; 4
2.0, 7.0, -1.0; 13
3.0, 7.0, -1.0; 3
4.0, 7.0, -1.0; 7
6.0, 7.0, -1.0; 1
-6.0, 8.0, -1.0; 1
-5.0, 8.0, -1.0; 10
-4.0, 8.0, -1.0; 9
-3.0, 8.0, -1.0; 19
-2.0, 8.0, -1.0; 14
-1.0, 8.0, -1.0; 17
0.0, 8.0, -1.0; 27
1.0, 8.0, -1.0; 26
2.0, 8.0, -1.0; 11
3.0, 8.0, -1.0; 13
4.0, 8.0, -1.0; 1
5.0, 8.0, -1.0; 2
-4.0, 9.0, -1.0; 8
-3.0, 9.0, -1.0; 18
-2.0, 9.0, -1.0; 25
-1.0, 9.0, -1.0; 51
0.0, 9.0, -1.0; 37
1.0, 9.0, -1.0; 25
2.0, 9.0, -1.0; 7
3.0, 9.0, -1.0; 1
-4.0, -10.0, 0.0; 13
-3.0, -10.0, 0.0; 24
-2.0, -10.0, 0.0; 36
-1.0, -10.0, 0.0; 30
0.0, -10.0, 0.0; 27
1.0, -10.0, 0.0; 32
2.0, -10.0, 0.0; 6
-6.0, -9.0, 0.0; 8
-5.0, -9.0, 0.0; 18
-4.0, -9.0, 0.0; 30
-3.0, -9.0, 0.0; 17
-2.0, -9.0, 0.0; 14
-1.0, -9.0, 0.0; 5
0.0, -9.0, 0.0; 13
1.0, -9.0, 0.0; 15
2.0, -9.0, 0.0; 16
3.0, -9.0, 0.0; 5
4.0, -9.0, 0.0; 4
5.0, -9.0, 0.0; 2
-7.0, -8.0, 0.0; 11
-6.0, -8.0, 0.0; 21
-5.0, -8.0, 0.0; 11
-4.0, -8.0, 0.0; 6
-3.0, -8.0, 0.0; 3
-2.0, -8.0, 0.0; 37
-1.0, -8.0, 0.0; 49
0.0, -8.0, 0.0; 6
1.0, -8.0, 0.0; 8
2.0, -8.0, 0.0; 7
3.0, -8.0, 0.0; 3
4.0, -8.0, 0.0; 6
5.0, -8.0, 0.0; 3
-8.0, -7.0, 0.0; 5
-7.0, -7.0, 0.0; 27
-6.0, -7.0, 0.0; 10
-5.0, -7.0, 0.0; 6
-4.0, -7.0, 0.0; 22
-3.0, -7.0, 0.0; 98
-2.0, -7.0, 0.0; 297
-1.0, -7.0, 0.0; 428
0.0, -7.0, 0.0; 229
1.0, -7.0, 0.0; 25
2.0, -7.0, 0.0; 8
3.0, -7.0, 0.0; 5
4.0, -7.0, 0.0; 14
5.0, -7.0, 0.0; 2
6.0, -7.0, 0.0; 5
7.0, -7.0, 0.0; 2
-9.0, -6.0, 0.0; 1
-8.0, -6.0, 0.0; 24
-7.0, -6.0, 0.0; 14
-6.0, -6.0, 0.0; 14
-5.0, -6.0, 0.0; 30
-4.0, -6.0, 0.0; 11
-3.0, -6.0, 0.0; 12
-2.0, -6.0, 0.0; 11
-1.0, -6.0, 0.0; 30
0.0, -6.0, 0.0; 41
1.0, -6.0, 0.0; 27
2.0, -6.0, 0.0; 13
3.0, -6.0, 0.0; 11
4.0, -6.0, 0.0; 8
5.0, -6.0, 0.0; 5
6.0, -6.0, 0.0; 2
7.0, -6.0, 0.0; 1
-9.0, -5.0, 0.0; 4
-8.0, -5.0, 0.0; 25
-7.0, -5.0, 0.0; 7
-6.0, -5.0, 0.0; 62
-5.0, -5.0, 0.0; 4
-4.0, -5.0, 0.0; 5
-3.0, -5.0, 0.0; 2
-2.0, -5.0, 0.0; 1
-1.0, -5.0, 0.0; 3
0.0, -5.0, 0.0; 1
2.0, -5.0, 0.0; 11
3.0, -5.0, 0.0; 4
4.0, -5.0, 0.0; 4
5.0, -5.0, 0.0; 4
6.0, -5.0, 0.0; 1
7.0, -5.0, 0.0; 2
-9.0, -4.0, 0.0; 19
-8.0, -4.0, 0.0; 23
-7.0, -4.0, 0.0; 15
-6.0, -4.0, 0.0; 23
-5.0, -4.0, 0.0; 4
-4.0, -4.0, 0.0; 2
4.0, -4.0, 0.0; 1
5.0, -4.0, 0.0; 2
6.0, -4.0, 0.0; 2
7.0, -4.0, 0.0; 1
8.0, -4.0, 0.0; 2
-10.0, -3.0, 0.0; 3
-9.0, -3.0, 0.0; 12
-8.0, -3.0, 0.0; 10
-7.0, -3.0, 0.0; 7
-6.0, -3.0, 0.0; 11
-5.0, -3.0, 0.0; 8
5.0, -3.0, 0.0; 1
6.0, -3.0, 0.0; 1
8.0, -3.0, 0.0; 1
-10.0, -2.0, 0.0; 5
-9.0, -2.0, 0.0; 11
-8.0, -2.0, 0.0; 12
-7.0, -2.0, 0.0; 9
-6.0, -2.0, 0.0; 4
-10.0, -1.0, 0.0; 5
-9.0, -1.0, 0.0; 6
-8.0, -1.0, 0.0; 13
-7.0, -1.0, 0.0; 8
-6.0, -1.0, 0.0; 8
-5.0, -1.0, 0.0; 2
5.0, -1.0, 0.0; 3
6.0, -1.0, 0.0; 3
-10.0, 0.0, 0.0; 5
-9.0, 0.0, 0.0; 6
-8.0, 0.0, 0.0; 6
-7.0, 0.0, 0.0; 8
-6.0, 0.0, 0.0; 11
-5.0, 0.0, 0.0; 1
5.0
14.347045831
