4.0, 0.0, 0.0; 1
7.0, 0.0, 0.0; 1
8.0, 0.0, 0.0; 1
-10.0, 1.0, 0.0; 3
-9.0, 1.0, 0.0; 12
-8.0, 1.0, 0.0; 11
-7.0, 1.0, 0.0; 4
-6.0, 1.0, 0.0; 262
-5.0, 1.0, 0.0; 104
4.0, 1.0, 0.0; 1
6.0, 1.0, 0.0; 1
7.0, 1.0, 0.0; 2
8.0, 1.0, 0.0; 1
-10.0, 2.0, 0.0; 3
-9.0, 2.0, 0.0; 16
-8.0, 2.0, 0.0; 16
-7.0, 2.0, 0.0; 4
-6.0, 2.0, 0.0; 102
-5.0, 2.0, 0.0; 248
4.0, 2.0, 0.0; 1
5.0, 2.0, 0.0; 2
6.0, 2.0, 0.0; 2
7.0, 2.0, 0.0; 3
8.0, 2.0, 0.0; 3
-10.0, 3.0, 0.0; 1
-9.0, 3.0, 0.0; 12
-8.0, 3.0, 0.0; 6
-7.0, 3.0, 0.0; 9
-6.0, 3.0, 0.0; 18
-5.0, 3.0, 0.0; 92
-4.0, 3.0, 0.0; 1
-3.0, 3.0, 0.0; 3
3.0, 3.0, 0.0; 1
4.0, 3.0, 0.0; 3
5.0, 3.0, 0.0; 6
6.0, 3.0, 0.0; 3
7.0, 3.0, 0.0; 1
-9.0, 4.0, 0.0; 9
-8.0, 4.0, 0.0; 22
-7.0, 4.0, 0.0; 4
-6.0, 4.0, 0.0; 14
-5.0, 4.0, 0.0; 54
-4.0, 4.0, 0.0; 21
-3.0, 4.0, 0.0; 1
-2.0, 4.0, 0.0; 1
1.0, 4.0, 0.0; 2
2.0, 4.0, 0.0; 10
3.0, 4.0, 0.0; 3
4.0, 4.0, 0.0; 7
5.0, 4.0, 0.0; 7
6.0, 4.0, 0.0; 1
7.0, 4.0, 0.0; 4
-9.0, 5.0, 0.0; 4
-8.0, 5.0, 0.0; 27
-7.0, 5.0, 0.0; 18
-6.0, 5.0, 0.0; 7
-5.0, 5.0, 0.0; 17
-4.0, 5.0, 0.0; 59
-3.0, 5.0, 0.0; 70
-2.0, 5.0, 0.0; 20
-1.0, 5.0, 0.0; 14
0.0, 5.0, 0.0; 26
1.0, 5.0, 0.0; 52
2.0, 5.0, 0.0; 9
3.0, 5.0, 0.0; 19
4.0, 5.0, 0.0; 18
5.0, 5.0, 0.0; 8
6.0, 5.0, 0.0; 2
7.0, 5.0, 0.0; 4
-8.0, 6.0, 0.0; 21
-7.0, 6.0, 0.0; 215
-6.0, 6.0, 0.0; 1366
-5.0, 6.0, 0.0; 115
-4.0, 6.0, 0.0; 31
-3.0, 6.0, 0.0; 39
-2.0, 6.0, 0.0; 113
-1.0, 6.0, 0.0; 159
0.0, 6.0, 0.0; 167
1.0, 6.0, 0.0; 28
2.0, 6.0, 0.0; 4
3.0, 6.0, 0.0; 18
4.0, 6.0, 0.0; 6
7.0, 6.0, 0.0; 1
-7.0, 7.0, 0.0; 14
-6.0, 7.0, 0.0; 80
-5.0, 7.0, 0.0; 121
-4.0, 7.0, 0.0; 16
-3.0, 7.0, 0.0; 13
-2.0, 7.0, 0.0; 36
-1.0, 7.0, 0.0; 100
0.0, 7.0, 0.0; 28
1.0, 7.0, 0.0; 4
2.0, 7.0, 0.0; 11
3.0, 7.0, 0.0; 12
4.0, 7.0, 0.0; 2
5.0, 7.0, 0.0; 3
-5.0, 8.0, 0.0; 8
-4.0, 8.0, 0.0; 9
-3.0, 8.0, 0.0; 20
-2.0, 8.0, 0.0; 9
-1.0, 8.0, 0.0; 11
0.0, 8.0, 0.0; 14
1.0, 8.0, 0.0; 19
2.0, 8.0, 0.0; 13
3.0, 8.0, 0.0; 8
4.0, 8.0, 0.0; 2
-5.0, 9.0, 0.0; 1
-4.0, 9.0, 0.0; 15
-3.0, 9.0, 0.0; 53
-2.0, 9.0, 0.0; 104
-1.0, 9.0, 0.0; 134
0.0, 9.0, 0.0; 116
1.0, 9.0, 0.0; 37
2.0, 9.0, 0.0; 8
3.0, 9.0, 0.0; 1
-4.0, -10.0, 1.0; 13
-3.0, -10.0, 1.0; 27
-2.0, -10.0, 1.0; 37
-1.0, -10.0, 1.0; 39
0.0, -10.0, 1.0; 16
1.0, -10.0, 1.0; 7
-6.0, -9.0, 1.0; 5
-5.0, -9.0, 1.0; 25
-4.0, -9.0, 1.0; 32
-3.0, -9.0, 1.0; 27
-2.0, -9.0, 1.0; 16
-1.0, -9.0, 1.0; 20
0.0, -9.0, 1.0; 21
1.0, -9.0, 1.0; 14
2.0, -9.0, 1.0; 13
3.0, -9.0, 1.0; 4
4.0, -9.0, 1.0; 4
5.0, -9.0, 1.0; 1
-7.0, -8.0, 1.0; 6
-6.0, -8.0, 1.0; 51
-5.0, -8.0, 1.0; 33
-4.0, -8.0, 1.0; 10
-3.0, -8.0, 1.0; 2
-2.0, -8.0, 1.0; 4
-1.0, -8.0, 1.0; 3
0.0, -8.0, 1.0; 8
1.0, -8.0, 1.0; 27
2.0, -8.0, 1.0; 16
3.0, -8.0, 1.0; 7
4.0, -8.0, 1.0; 8
5.0, -8.0, 1.0; 6
-8.0, -7.0, 1.0; 5
-7.0, -7.0, 1.0; 44
-6.0, -7.0, 1.0; 33
-5.0, -7.0, 1.0; 4
-4.0, -7.0, 1.0; 107
-3.0, -7.0, 1.0; 232
-2.0, -7.0, 1.0; 289
-1.0, -7.0, 1.0; 237
0.0, -7.0, 1.0; 101
1.0, -7.0, 1.0; 15
2.0, -7.0, 1.0; 19
3.0, -7.0, 1.0; 8
5.0, -7.0, 1.0; 4
6.0, -7.0, 1.0; 1
-9.0, -6.0, 1.0; 3
-8.0, -6.0, 1.0; 22
-7.0, -6.0, 1.0; 29
-6.0, -6.0, 1.0; 8
-5.0, -6.0, 1.0; 151
-4.0, -6.0, 1.0; 191
-3.0, -6.0, 1.0; 88
-2.0, -6.0, 1.0; 71
-1.0, -6.0, 1.0; 112
0.0, -6.0, 1.0; 69
1.0, -6.0, 1.0; 52
2.0, -6.0, 1.0; 31
3.0, -6.0, 1.0; 9
4.0, -6.0, 1.0; 11
5.0, -6.0, 1.0; 1
6.0, -6.0, 1.0; 3
7.0, -6.0, 1.0; 1
-9.0, -5.0, 1.0; 16
-8.0, -5.0, 1.0; 35
-7.0, -5.0, 1.0; 9
-6.0, -5.0, 1.0; 78
-5.0, -5.0, 1.0; 99
-4.0, -5.0, 1.0; 8
-3.0, -5.0, 1.0; 9
-2.0, -5.0, 1.0; 5
-1.0, -5.0, 1.0; 5
1.0, -5.0, 1.0; 13
2.0, -5.0, 1.0; 11
3.0, -5.0, 1.0; 6
4.0, -5.0, 1.0; 7
5.0, -5.0, 1.0; 5
6.0, -5.0, 1.0; 2
7.0, -5.0, 1.0; 2
8.0, -5.0, 1.0; 1
-10.0, -4.0, 1.0; 1
-9.0, -4.0, 1.0; 20
-8.0, -4.0, 1.0; 49
-7.0, -4.0, 1.0; 6
-6.0, -4.0, 1.0; 121
-5.0, -4.0, 1.0; 19
-3.0, -4.0, 1.0; 2
5.0, -4.0, 1.0; 2
6.0, -4.0, 1.0; 2
7.0, -4.0, 1.0; 3
8.0, -4.0, 1.0; 1
-10.0, -3.0, 1.0; 3
-9.0, -3.0, 1.0; 15
-8.0, -3.0, 1.0; 27
-7.0, -3.0, 1.0; 10
-6.0, -3.0, 1.0; 11
4.0, -3.0, 1.0; 1
5.0, -3.0, 1.0; 2
6.0, -3.0, 1.0; 2
7.0, -3.0, 1.0; 3
8.0, -3.0, 1.0; 2
-10.0, -2.0, 1.0; 9
-9.0, -2.0, 1.0; 11
-8.0, -2.0, 1.0; 31
-7.0, -2.0, 1.0; 10
-6.0, -2.0, 1.0; 3
-4.0, -2.0, 1.0; 1
4.0, -2.0, 1.0; 1
5.0, -2.0, 1.0; 2
6.0, -2.0, 1.0; 3
8.0, -2.0, 1.0; 1
-10.0, -1.0, 1.0; 8
-9.0, -1.0, 1.0; 6
-8.0, -1.0, 1.0; 14
-7.0, -1.0, 1.0; 16
-6.0, -1.0, 1.0; 19
-5.0, -1.0, 1.0; 2
-4.0, -1.0, 1.0; 1
6.0, -1.0, 1.0; 1
9.0, -1.0, 1.0; 1
-10.0, 0.0, 1.0; 5
-9.0, 0.0, 1.0; 5
-8.0, 0.0, 1.0; 12
-7.0, 0.0, 1.0; 14
-6.0, 0.0, 1.0; 28
-5.0, 0.0, 1.0; 11
5.0, 0.0, 1.0; 1
6.0, 0.0, 1.0; 2
-10.0, 1.0, 1.0; 1
-9.0, 1.0, 1.0; 8
-8.0, 1.0, 1.0; 7
-7.0, 1.0, 1.0; 7
-6.0, 1.0, 1.0; 29
-5.0, 1.0, 1.0; 35
6.0, 1.0, 1.0; 3
-10.0, 2.0, 1.0; 2
-9.0, 2.0, 1.0; 8
-8.0, 2.0, 1.0; 10
-7.0, 2.0, 1.0; 8
-6.0, 2.0, 1.0; 19
-5.0, 2.0, 1.0; 119
-4.0, 2.0, 1.0; 7
4.0, 2.0, 1.0; 2
6.0, 2.0, 1.0; 1
7.0, 2.0, 1.0; 2
9.0, 2.0, 1.0; 1
-10.0, 3.0, 1.0; 3
-9.0, 3.0, 1.0; 6
-8.0, 3.0, 1.0; 18
-7.0, 3.0, 1.0; 2
-6.0, 3.0, 1.0; 6
-5.0, 3.0, 1.0; 66
-4.0, 3.0, 1.0; 45
-3.0, 3.0, 1.0; 1
1.0, 3.0, 1.0; 2
3.0, 3.0, 1.0; 2
4.0, 3.0, 1.0; 2
6.0, 3.0, 1.0; 2
7.0, 3.0, 1.0; 1
-9.0, 4.0, 1.0; 4
-8.0, 4.0, 1.0; 24
-7.0, 4.0, 1.0; 9
-6.0, 4.0, 1.0; 13
-5.0, 4.0, 1.0; 14
-4.0, 4.0, 1.0; 52
-3.0, 4.0, 1.0; 27
-2.0, 4.0, 1.0; 4
-1.0, 4.0, 1.0; 2
0.0, 4.0, 1.0; 4
1.0, 4.0, 1.0; 8
2.0, 4.0, 1.0; 3
3.0, 4.0, 1.0; 6
4.0, 4.0, 1.0; 7
5.0, 4.0, 1.0; 7
7.0, 4.0, 1.0; 1
-9.0, 5.0, 1.0; 6
-8.0, 5.0, 1.0; 16
-7.0, 5.0, 1.0; 19
-6.0, 5.0, 1.0; 6
-5.0, 5.0, 1.0; 17
-4.0, 5.0, 1.0; 91
-3.0, 5.0, 1.0; 2226
-2.0, 5.0, 1.0; 1053
-1.0, 5.0, 1.0; 46
0.0, 5.0, 1.0; 44
1.0, 5.0, 1.0; 23
2.0, 5.0, 1.0; 9
3.0, 5.0, 1.0; 10
4.0, 5.0, 1.0; 21
5.0, 5.0, 1.0; 11
-8.0, 6.0, 1.0; 9
-7.0, 6.0, 1.0; 30
-6.0, 6.0, 1.0; 139
-5.0, 6.0, 1.0; 53
-4.0, 6.0, 1.0; 38
-3.0, 6.0, 1.0; 99
-2.0, 6.0, 1.0; 88
-1.0, 6.0, 1.0; 30
0.0, 6.0, 1.0; 19
1.0, 6.0, 1.0; 2
2.0, 6.0, 1.0; 9
3.0, 6.0, 1.0; 12
4.0, 6.0, 1.0; 13
5.0, 6.0, 1.0; 3
6.0, 6.0, 1.0; 1
7.0, 6.0, 1.0; 3
-7.0, 7.0, 1.0; 6
-6.0, 7.0, 1.0; 26
-5.0, 7.0, 1.0; 25
-4.0, 7.0, 1.0; 3
-3.0, 7.0, 1.0; 5
-2.0, 7.0, 1.0; 6
-1.0, 7.0, 1.0; 9
0.0, 7.0, 1.0; 3
1.0, 7.0, 1.0; 5
2.0, 7.0, 1.0; 5
3.0, 7.0, 1.0; 7
4.0, 7.0, 1.0; 5
5.0, 7.0, 1.0; 2
6.0, 7.0, 1.0; 1
-6.0, 8.0, 1.0; 4
-5.0, 8.0, 1.0; 13
-4.0, 8.0, 1.0; 16
-3.0, 8.0, 1.0; 16
-2.0, 8.0, 1.0; 9
-1.0, 8.0, 1.0; 15
0.0, 8.0, 1.0; 14
1.0, 8.0, 1.0; 19
2.0, 8.0, 1.0; 10
3.0, 8.0, 1.0; 3
4.0, 8.0, 1.0; 1
-4.0, 9.0, 1.0; 14
-3.0, 9.0, 1.0; 55
-2.0, 9.0, 1.0; 128
-1.0, 9.0, 1.0; 99
0.0, 9.0, 1.0; 80
1.0, 9.0, 1.0; 29
2.0, 9.0, 1.0; 4
-3.0, -10.0, 2.0; 10
-2.0, -10.0, 2.0; 11
-1.0, -10.0, 2.0; 8
0.0, -10.0, 2.0; 7
-6.0, -9.0, 2.0; 1
-5.0, -9.0, 2.0; 18
-4.0, -9.0, 2.0; 21
-3.0, -9.0, 2.0; 24
-2.0, -9.0, 2.0; 19
-1.0, -9.0, 2.0; 16
0.0, -9.0, 2.0; 16
1.0, -9.0, 2.0; 9
2.0, -9.0, 2.0; 8
3.0, -9.0, 2.0; 4
5.0, -9.0, 2.0; 2
-6.0, -8.0, 2.0; 25
-5.0, -8.0, 2.0; 39
-4.0, -8.0, 2.0; 28
-3.0, -8.0, 2.0; 16
-2.0, -8.0, 2.0; 8
-1.0, -8.0, 2.0; 10
0.0, -8.0, 2.0; 26
1.0, -8.0, 2.0; 31
2.0, -8.0, 2.0; 8
3.0, -8.0, 2.0; 1
4.0, -8.0, 2.0; 3
5.0, -8.0, 2.0; 5
6.0, -8.0, 2.0; 2
-8.0, -7.0, 2.0; 4
-7.0, -7.0, 2.0; 15
-6.0, -7.0, 2.0; 61
-5.0, -7.0, 2.0; 20
-4.0, -7.0, 2.0; 5
-3.0, -7.0, 2.0; 22
-2.0, -7.0, 2.0; 17
-1.0, -7.0, 2.0; 19
0.0, -7.0, 2.0; 5
1.0, -7.0, 2.0; 7
2.0, -7.0, 2.0; 10
3.0, -7.0, 2.0; 3
4.0, -7.0, 2.0; 3
5.0, -7.0, 2.0; 2
6.0, -7.0, 2.0; 2
-8.0, -6.0, 2.0; 7
-7.0, -6.0, 2.0; 49
-6.0, -6.0, 2.0; 25
-5.0, -6.0, 2.0; 13
-4.0, -6.0, 2.0; 104
-3.0, -6.0, 2.0; 139
-2.0, -6.0, 2.0; 110
-1.0, -6.0, 2.0; 47
0.0, -6.0, 2.0; 13
1.0, -6.0, 2.0; 15
2.0, -6.0, 2.0; 9
3.0, -6.0, 2.0; 6
4.0, -6.0, 2.0; 2
5.0, -6.0, 2.0; 1
6.0, -6.0, 2.0; 4
-9.0, -5.0, 2.0; 6
-8.0, -5.0, 2.0; 24
-7.0, -5.0, 2.0; 32
-6.0, -5.0, 2.0; 4
-5.0, -5.0, 2.0; 95
-4.0, -5.0, 2.0; 108
-3.0, -5.0, 2.0; 18
-2.0, -5.0, 2.0; 18
-1.0, -5.0, 2.0; 2
0.0, -5.0, 2.0; 3
1.0, -5.0, 2.0; 11
2.0, -5.0, 2.0; 3
3.0, -5.0, 2.0; 6
4.0, -5.0, 2.0; 2
5.0, -5.0, 2.0; 1
-10.0, -4.0, 2.0; 2
-9.0, -4.0, 2.0; 13
-8.0, -4.0, 2.0; 28
-7.0, -4.0, 2.0; 21
-6.0, -4.0, 2.0; 6
-5.0, -4.0, 2.0; 48
-4.0, -4.0, 2.0; 8
-3.0, -4.0, 2.0; 2
0.0, -4.0, 2.0; 1
1.0, -4.0, 2.0; 2
4.0, -4.0, 2.0; 1
5.0, -4.0, 2.0; 2
6.0, -4.0, 2.0; 1
7.0, -4.0, 2.0; 2
9.0, -4.0, 2.0; 1
-10.0, -3.0, 2.0; 2
-9.0, -3.0, 2.0; 7
-8.0, -3.0, 2.0; 21
-7.0, -3.0, 2.0; 27
-6.0, -3.0, 2.0; 6
-5.0, -3.0, 2.0; 6
-4.0, -3.0, 2.0; 2
4.0, -3.0, 2.0; 1
5.0, -3.0, 2.0; 1
6.0, -3.0, 2.0; 1
-10.0, -2.0, 2.0; 9
-9.0, -2.0, 2.0; 8
-8.0, -2.0, 2.0; 17
-7.0, -2.0, 2.0; 26
-6.0, -2.0, 2.0; 10
-5.0, -2.0, 2.0; 3
-4.0, -2.0, 2.0; 1
-3.0, -2.0, 2.0; 1
4.0, -2.0, 2.0; 1
5.0, -2.0, 2.0; 2
-10.0, -1.0, 2.0; 7
-9.0, -1.0, 2.0; 9
-8.0, -1.0, 2.0; 13
-7.0, -1.0, 2.0; 14
-6.0, -1.0, 2.0; 21
-5.0, -1.0, 2.0; 2
-4.0, -1.0, 2.0; 2
3.0, -1.0, 2.0; 2
9.0, -1.0, 2.0; 1
-10.0, 0.0, 2.0; 6
-9.0, 0.0, 2.0; 4
-8.0, 0.0, 2.0; 9
-7.0, 0.0, 2.0; 9
-6.0, 0.0, 2.0; 31
-5.0, 0.0, 2.0; 10
-4.0, 0.0, 2.0; 4
3.0, 0.0, 2.0; 1
4.0, 0.0, 2.0; 1
5.0, 0.0, 2.0; 1
6.0, 0.0, 2.0; 1
7.0, 0.0, 2.0; 1
-10.0, 1.0, 2.0; 2
-9.0, 1.0, 2.0; 5
-8.0, 1.0, 2.0; 7
-7.0, 1.0, 2.0; 7
-6.0, 1.0, 2.0; 13
-5.0, 1.0, 2.0; 328
-4.0, 1.0, 2.0; 241
5.0, 1.0, 2.0; 2
6.0, 1.0, 2.0; 1
-10.0, 2.0, 2.0; 2
-9.0, 2.0, 2.0; 4
-8.0, 2.0, 2.0; 8
-7.0, 2.0, 2.0; 7
-6.0, 2.0, 2.0; 9
-5.0, 2.0, 2.0; 590
-4.0, 2.0, 2.0; 2012
-3.0, 2.0, 2.0; 29
-2.0, 2.0, 2.0; 1
2.0, 2.0, 2.0; 1
3.0, 2.0, 2.0; 1
5.0, 2.0, 2.0; 1
6.0, 2.0, 2.0; 2
7.0, 2.0, 2.0; 2
-10.0, 3.0, 2.0; 1
-8.0, 3.0, 2.0; 17
-7.0, 3.0, 2.0; 14
-6.0, 3.0, 2.0; 6
-5.0, 3.0, 2.0; 29
-4.0, 3.0, 2.0; 130
-3.0, 3.0, 2.0; 52
-2.0, 3.0, 2.0; 2
-1.0, 3.0, 2.0; 2
0.0, 3.0, 2.0; 2
1.0, 3.0, 2.0; 6
2.0, 3.0, 2.0; 3
3.0, 3.0, 2.0; 2
4.0, 3.0, 2.0; 3
5.0, 3.0, 2.0; 1
6.0, 3.0, 2.0; 1
7.0, 3.0, 2.0; 1
-9.0, 4.0, 2.0; 7
-8.0, 4.0, 2.0; 5
-7.0, 4.0, 2.0; 15
-6.0, 4.0, 2.0; 16
-5.0, 4.0, 2.0; 7
-4.0, 4.0, 2.0; 27
-3.0, 4.0, 2.0; 77
-2.0, 4.0, 2.0; 106
-1.0, 4.0, 2.0; 66
0.0, 4.0, 2.0; 52
1.0, 4.0, 2.0; 9
2.0, 4.0, 2.0; 5
3.0, 4.0, 2.0; 6
4.0, 4.0, 2.0; 9
5.0, 4.0, 2.0; 3
6.0, 4.0, 2.0; 1
-9.0, 5.0, 2.0; 1
-8.0, 5.0, 2.0; 21
-7.0, 5.0, 2.0; 13
-6.0, 5.0, 2.0; 14
-5.0, 5.0, 2.0; 4
-4.0, 5.0, 2.0; 9
-3.0, 5.0, 2.0; 223
-2.0, 5.0, 2.0; 268
-1.0, 5.0, 2.0; 27
0.0, 5.0, 2.0; 21
1.0, 5.0, 2.0; 5
2.0, 5.0, 2.0; 11
3.0, 5.0, 2.0; 12
4.0, 5.0, 2.0; 3
5.0, 5.0, 2.0; 4
6.0, 5.0, 2.0; 2
7.0, 5.0, 2.0; 3
-8.0, 6.0, 2.0; 2
-7.0, 6.0, 2.0; 15
-6.0, 6.0, 2.0; 15
-5.0, 6.0, 2.0; 11
-4.0, 6.0, 2.0; 3
-3.0, 6.0, 2.0; 3
-2.0, 6.0, 2.0; 7
-1.0, 6.0, 2.0; 5
0.0, 6.0, 2.0; 2
1.0, 6.0, 2.0; 6
2.0, 6.0, 2.0; 3
3.0, 6.0, 2.0; 8
4.0, 6.0, 2.0; 8
6.0, 6.0, 2.0; 2
-6.0, 7.0, 2.0; 3
-5.0, 7.0, 2.0; 11
-4.0, 7.0, 2.0; 9
-3.0, 7.0, 2.0; 5
-2.0, 7.0, 2.0; 3
-1.0, 7.0, 2.0; 1
0.0, 7.0, 2.0; 11
1.0, 7.0, 2.0; 9
2.0, 7.0, 2.0; 7
3.0, 7.0, 2.0; 4
4.0, 7.0, 2.0; 2
6.0, 7.0, 2.0; 1
-6.0, 8.0, 2.0; 1
-5.0, 8.0, 2.0; 7
-4.0, 8.0, 2.0; 31
-3.0, 8.0, 2.0; 30
-2.0, 8.0, 2.0; 22
-1.0, 8.0, 2.0; 25
0.0, 8.0, 2.0; 9
1.0, 8.0, 2.0; 11
2.0, 8.0, 2.0; 12
3.0, 8.0, 2.0; 4
-4.0, 9.0, 2.0; 7
-3.0, 9.0, 2.0; 40
-2.0, 9.0, 2.0; 63
-1.0, 9.0, 2.0; 62
0.0, 9.0, 2.0; 35
1.0, 9.0, 2.0; 16
2.0, 9.0, 2.0; 1
-3.0, -10.0, 3.0; 2
-2.0, -10.0, 3.0; 3
-1.0, -10.0, 3.0; 1
0.0, -10.0, 3.0; 1
2.0, -10.0, 3.0; 1
-5.0, -9.0, 3.0; 3
-4.0, -9.0, 3.0; 7
-3.0, -9.0, 3.0; 18
-2.0, -9.0, 3.0; 14
-1.0, -9.0, 3.0; 14
0.0, -9.0, 3.0; 8
1.0, -9.0, 3.0; 1
4.0, -9.0, 3.0; 2
-7.0, -8.0, 3.0; 1
-6.0, -8.0, 3.0; 5
-5.0, -8.0, 3.0; 14
-4.0, -8.0, 3.0; 29
-3.0, -8.0, 3.0; 29
-2.0, -8.0, 3.0; 16
-1.0, -8.0, 3.0; 15
0.0, -8.0, 3.0; 16
1.0, -8.0, 3.0; 3
2.0, -8.0, 3.0; 1
3.0, -8.0, 3.0; 1
4.0, -8.0, 3.0; 2
5.0, -8.0, 3.0; 1
-7.0, -7.0, 3.0; 10
-6.0, -7.0, 3.0; 20
-5.0, -7.0, 3.0; 31
-4.0, -7.0, 3.0; 19
-3.0, -7.0, 3.0; 8
-2.0, -7.0, 3.0; 4
-1.0, -7.0, 3.0; 8
0.0, -7.0, 3.0; 12
1.0, -7.0, 3.0; 10
2.0, -7.0, 3.0; 5
3.0, -7.0, 3.0; 1
4.0, -7.0, 3.0; 2
5.0, -7.0, 3.0; 1
6.0, -7.0, 3.0; 3
-8.0, -6.0, 3.0; 4
-7.0, -6.0, 3.0; 10
-6.0, -6.0, 3.0; 33
-5.0, -6.0, 3.0; 28
-4.0, -6.0, 3.0; 6
-3.0, -6.0, 3.0; 4
-2.0, -6.0, 3.0; 6
-1.0, -6.0, 3.0; 4
0.0, -6.0, 3.0; 7
1.0, -6.0, 3.0; 6
2.0, -6.0, 3.0; 3
4.0, -6.0, 3.0; 1
5.0, -6.0, 3.0; 2
6.0, -6.0, 3.0; 2
-8.0, -5.0, 3.0; 3
-7.0, -5.0, 3.0; 29
-6.0, -5.0, 3.0; 28
-5.0, -5.0, 3.0; 4
-4.0, -5.0, 3.0; 7
-3.0, -5.0, 3.0; 2
-2.0, -5.0, 3.0; 2
-1.0, -5.0, 3.0; 2
0.0, -5.0, 3.0; 8
1.0, -5.0, 3.0; 13
2.0, -5.0, 3.0; 4
3.0, -5.0, 3.0; 4
4.0, -5.0, 3.0; 1
5.0, -5.0, 3.0; 1
6.0, -5.0, 3.0; 1
7.0, -5.0, 3.0; 1
8.0, -5.0, 3.0; 1
-9.0, -4.0, 3.0; 3
-8.0, -4.0, 3.0; 7
-7.0, -4.0, 3.0; 18
-6.0, -4.0, 3.0; 7
-5.0, -4.0, 3.0; 8
-4.0, -4.0, 3.0; 6
-3.0, -4.0, 3.0; 2
-2.0, -4.0, 3.0; 2
-1.0, -4.0, 3.0; 1
0.0, -4.0, 3.0; 4
1.0, -4.0, 3.0; 1
3.0, -4.0, 3.0; 3
4.0, -4.0, 3.0; 1
5.0, -4.0, 3.0; 2
6.0, -4.0, 3.0; 1
7.0, -4.0, 3.0; 1
-9.0, -3.0, 3.0; 4
-8.0, -3.0, 3.0; 11
-7.0, -3.0, 3.0; 37
-6.0, -3.0, 3.0; 28
-5.0, -3.0, 3.0; 4
-4.0, -3.0, 3.0; 5
-3.0, -3.0, 3.0; 3
-1.0, -3.0, 3.0; 1
0.0, -3.0, 3.0; 1
1.0, -3.0, 3.0; 1
4.0, -3.0, 3.0; 3
7.0, -3.0, 3.0; 1
-10.0, -2.0, 3.0; 3
-9.0, -2.0, 3.0; 11
-8.0, -2.0, 3.0; 9
-7.0, -2.0, 3.0; 20
-6.0, -2.0, 3.0; 55
-5.0, -2.0, 3.0; 28
-4.0, -2.0, 3.0; 11
-1.0, -2.0, 3.0; 2
0.0, -2.0, 3.0; 2
1.0, -2.0, 3.0; 1
2.0, -2.0, 3.0; 1
5.0, -2.0, 3.0; 1
-10.0, -1.0, 3.0; 4
-9.0, -1.0, 3.0; 8
-8.0, -1.0, 3.0; 8
-7.0, -1.0, 3.0; 6
-6.0, -1.0, 3.0; 13
-5.0, -1.0, 3.0; 8
-4.0, -1.0, 3.0; 3
-3.0, -1.0, 3.0; 6
-2.0, -1.0, 3.0; 2
-1.0, -1.0, 3.0; 1
0.0, -1.0, 3.0; 1
1.0, -1.0, 3.0; 3
2.0, -1.0, 3.0; 3
4.0, -1.0, 3.0; 2
6.0, -1.0, 3.0; 1
-10.0, 0.0, 3.0; 2
-9.0, 0.0, 3.0; 13
-8.0, 0.0, 3.0; 3
-7.0, 0.0, 3.0; 6
-6.0, 0.0, 3.0; 6
-5.0, 0.0, 3.0; 10
-4.0, 0.0, 3.0; 18
-3.0, 0.0, 3.0; 5
1.0, 0.0, 3.0; 2
2.0, 0.0, 3.0; 3
3.0, 0.0, 3.0; 2
4.0, 0.0, 3.0; 1
5.0, 0.0, 3.0; 1
6.0, 0.0, 3.0; 3
7.0, 0.0, 3.0; 1
-10.0, 1.0, 3.0; 3
-9.0, 1.0, 3.0; 6
-8.0, 1.0, 3.0; 11
-7.0, 1.0, 3.0; 10
-6.0, 1.0, 3.0; 13
-5.0, 1.0, 3.0; 24
-4.0, 1.0, 3.0; 148
-3.0, 1.0, 3.0; 59
-2.0, 1.0, 3.0; 8
-1.0, 1.0, 3.0; 1
2.0, 1.0, 3.0; 1
3.0, 1.0, 3.0; 2
4.0, 1.0, 3.0; 1
-9.0, 2.0, 3.0; 7
-8.0, 2.0, 3.0; 4
-7.0, 2.0, 3.0; 10
-6.0, 2.0, 3.0; 13
-5.0, 2.0, 3.0; 5
-4.0, 2.0, 3.0; 348
-3.0, 2.0, 3.0; 238
-2.0, 2.0, 3.0; 9
-1.0, 2.0, 3.0; 2
0.0, 2.0, 3.0; 2
1.0, 2.0, 3.0; 2
2.0, 2.0, 3.0; 9
3.0, 2.0, 3.0; 3
4.0, 2.0, 3.0; 2
5.0, 2.0, 3.0; 3
7.0, 2.0, 3.0; 1
8.0, 2.0, 3.0; 1
-9.0, 3.0, 3.0; 3
-8.0, 3.0, 3.0; 9
-7.0, 3.0, 3.0; 12
-6.0, 3.0, 3.0; 9
-5.0, 3.0, 3.0; 1
-4.0, 3.0, 3.0; 16
-3.0, 3.0, 3.0; 78
-2.0, 3.0, 3.0; 59
-1.0, 3.0, 3.0; 12
0.0, 3.0, 3.0; 10
1.0, 3.0, 3.0; 10
2.0, 3.0, 3.0; 1
3.0, 3.0, 3.0; 2
5.0, 3.0, 3.0; 1
6.0, 3.0, 3.0; 1
-9.0, 4.0, 3.0; 2
-8.0, 4.0, 3.0; 6
-7.0, 4.0, 3.0; 11
-6.0, 4.0, 3.0; 9
-5.0, 4.0, 3.0; 2
-4.0, 4.0, 3.0; 9
-3.0, 4.0, 3.0; 9
-2.0, 4.0, 3.0; 25
-1.0, 4.0, 3.0; 13
0.0, 4.0, 3.0; 9
1.0, 4.0, 3.0; 2
2.0, 4.0, 3.0; 1
3.0, 4.0, 3.0; 2
4.0, 4.0, 3.0; 2
6.0, 4.0, 3.0; 3
-8.0, 5.0, 3.0; 22
-7.0, 5.0, 3.0; 14
-6.0, 5.0, 3.0; 10
-5.0, 5.0, 3.0; 7
-4.0, 5.0, 3.0; 3
-3.0, 5.0, 3.0; 1
-2.0, 5.0, 3.0; 4
-1.0, 5.0, 3.0; 1
0.0, 5.0, 3.0; 1
1.0, 5.0, 3.0; 3
2.0, 5.0, 3.0; 6
3.0, 5.0, 3.0; 8
4.0, 5.0, 3.0; 2
6.0, 5.0, 3.0; 5
7.0, 5.0, 3.0; 1
-8.0, 6.0, 3.0; 1
-7.0, 6.0, 3.0; 8
-6.0, 6.0, 3.0; 7
-5.0, 6.0, 3.0; 9
-4.0, 6.0, 3.0; 2
-3.0, 6.0, 3.0; 5
-2.0, 6.0, 3.0; 3
-1.0, 6.0, 3.0; 6
0.0, 6.0, 3.0; 7
1.0, 6.0, 3.0; 9
2.0, 6.0, 3.0; 3
3.0, 6.0, 3.0; 4
4.0, 6.0, 3.0; 6
5.0, 6.0, 3.0; 2
6.0, 6.0, 3.0; 1
-7.0, 7.0, 3.0; 1
-6.0, 7.0, 3.0; 4
-5.0, 7.0, 3.0; 6
-4.0, 7.0, 3.0; 15
-3.0, 7.0, 3.0; 10
-2.0, 7.0, 3.0; 11
-1.0, 7.0, 3.0; 9
0.0, 7.0, 3.0; 6
1.0, 7.0, 3.0; 2
2.0, 7.0, 3.0; 6
3.0, 7.0, 3.0; 1
4.0, 7.0, 3.0; 1
-5.0, 8.0, 3.0; 10
-4.0, 8.0, 3.0; 14
-3.0, 8.0, 3.0; 41
-2.0, 8.0, 3.0; 31
-1.0, 8.0, 3.0; 24
0.0, 8.0, 3.0; 22
1.0, 8.0, 3.0; 4
3.0, 8.0, 3.0; 2
4.0, 8.0, 3.0; 2
-3.0, 9.0, 3.0; 2
-2.0, 9.0, 3.0; 13
-1.0, 9.0, 3.0; 16
0.0, 9.0, 3.0; 5
-4.0, -9.0, 4.0; 1
-3.0, -9.0, 4.0; 1
-2.0, -9.0, 4.0; 4
-1.0, -9.0, 4.0; 2
0.0, -9.0, 4.0; 2
1.0, -9.0, 4.0; 4
2.0, -9.0, 4.0; 1
4.0, -9.0, 4.0; 1
-6.0, -8.0, 4.0; 2
-5.0, -8.0, 4.0; 6
-4.0, -8.0, 4.0; 10
-3.0, -8.0, 4.0; 12
-2.0, -8.0, 4.0; 13
-1.0, -8.0, 4.0; 6
0.0, -8.0, 4.0; 3
1.0, -8.0, 4.0; 1
2.0, -8.0, 4.0; 3
3.0, -8.0, 4.0; 2
4.0, -8.0, 4.0; 2
-7.0, -7.0, 4.0; 1
-6.0, -7.0, 4.0; 10
-5.0, -7.0, 4.0; 18
-4.0, -7.0, 4.0; 20
-3.0, -7.0, 4.0; 23
-2.0, -7.0, 4.0; 13
-1.0, -7.0, 4.0; 16
0.0, -7.0, 4.0; 3
1.0, -7.0, 4.0; 7
2.0, -7.0, 4.0; 2
3.0, -7.0, 4.0; 5
4.0, -7.0, 4.0; 4
5.0, -7.0, 4.0; 1
-8.0, -6.0, 4.0; 1
-7.0, -6.0, 4.0; 6
-6.0, -6.0, 4.0; 10
-5.0, -6.0, 4.0; 15
-4.0, -6.0, 4.0; 23
-3.0, -6.0, 4.0; 10
-2.0, -6.0, 4.0; 12
-1.0, -6.0, 4.0; 11
0.0, -6.0, 4.0; 6
1.0, -6.0, 4.0; 7
3.0, -6.0, 4.0; 1
4.0, -6.0, 4.0; 3
5.0, -6.0, 4.0; 2
-8.0, -5.0, 4.0; 2
-7.0, -5.0, 4.0; 11
-6.0, -5.0, 4.0; 19
-5.0, -5.0, 4.0; 23
-4.0, -5.0, 4.0; 15
-3.0, -5.0, 4.0; 10
-2.0, -5.0, 4.0; 9
-1.0, -5.0, 4.0; 12
0.0, -5.0, 4.0; 7
1.0, -5.0, 4.0; 4
2.0, -5.0, 4.0; 2
3.0, -5.0, 4.0; 1
6.0, -5.0, 4.0; 2
7.0, -5.0, 4.0; 1
-9.0, -4.0, 4.0; 1
-8.0, -4.0, 4.0; 4
-7.0, -4.0, 4.0; 10
-6.0, -4.0, 4.0; 13
-5.0, -4.0, 4.0; 24
-4.0, -4.0, 4.0; 14
-3.0, -4.0, 4.0; 15
-2.0, -4.0, 4.0; 18
-1.0, -4.0, 4.0; 12
0.0, -4.0, 4.0; 5
1.0, -4.0, 4.0; 2
2.0, -4.0, 4.0; 1
3.0, -4.0, 4.0; 1
-9.0, -3.0, 4.0; 2
-8.0, -3.0, 4.0; 4
-7.0, -3.0, 4.0; 11
-6.0, -3.0, 4.0; 17
-5.0, -3.0, 4.0; 35
-4.0, -3.0, 4.0; 22
-3.0, -3.0, 4.0; 29
-2.0, -3.0, 4.0; 21
-1.0, -3.0, 4.0; 15
0.0, -3.0, 4.0; 3
1.0, -3.0, 4.0; 2
2.0, -3.0, 4.0; 2
3.0, -3.0, 4.0; 1
5.0, -3.0, 4.0; 1
8.0, -3.0, 4.0; 1
-9.0, -2.0, 4.0; 3
-8.0, -2.0, 4.0; 6
-7.0, -2.0, 4.0; 6
-6.0, -2.0, 4.0; 15
-5.0, -2.0, 4.0; 22
-4.0, -2.0, 4.0; 35
-3.0, -2.0, 4.0; 28
-2.0, -2.0, 4.0; 6
-1.0, -2.0, 4.0; 9
0.0, -2.0, 4.0; 17
1.0, -2.0, 4.0; 9
2.0, -2.0, 4.0; 1
3.0, -2.0, 4.0; 1
4.0, -2.0, 4.0; 1
-10.0, -1.0, 4.0; 1
-9.0, -1.0, 4.0; 3
-8.0, -1.0, 4.0; 9
-7.0, -1.0, 4.0; 5
-6.0, -1.0, 4.0; 1
-5.0, -1.0, 4.0; 4
-4.0, -1.0, 4.0; 14
-3.0, -1.0, 4.0; 23
-2.0, -1.0, 4.0; 15
-1.0, -1.0, 4.0; 17
0.0, -1.0, 4.0; 22
1.0, -1.0, 4.0; 8
2.0, -1.0, 4.0; 5
3.0, -1.0, 4.0; 1
4.0, -1.0, 4.0; 3
-9.0, 0.0, 4.0; 6
-8.0, 0.0, 4.0; 3
-7.0, 0.0, 4.0; 7
-6.0, 0.0, 4.0; 5
-5.0, 0.0, 4.0; 3
-4.0, 0.0, 4.0; 4
-3.0, 0.0, 4.0; 9
-2.0, 0.0, 4.0; 5
-1.0, 0.0, 4.0; 12
1.0, 0.0, 4.0; 1
2.0, 0.0, 4.0; 5
4.0, 0.0, 4.0; 4
-9.0, 1.0, 4.0; 7
-8.0, 1.0, 4.0; 6
-7.0, 1.0, 4.0; 6
-6.0, 1.0, 4.0; 8
-5.0, 1.0, 4.0; 4
-4.0, 1.0, 4.0; 9
-3.0, 1.0, 4.0; 11
-2.0, 1.0, 4.0; 11
-1.0, 1.0, 4.0; 3
0.0, 1.0, 4.0; 3
1.0, 1.0, 4.0; 4
2.0, 1.0, 4.0; 5
3.0, 1.0, 4.0; 2
4.0, 1.0, 4.0; 1
5.0, 1.0, 4.0; 1
8.0, 1.0, 4.0; 1
-9.0, 2.0, 4.0; 1
-8.0, 2.0, 4.0; 9
-7.0, 2.0, 4.0; 3
-6.0, 2.0, 4.0; 3
-5.0, 2.0, 4.0; 8
-4.0, 2.0, 4.0; 5
-3.0, 2.0, 4.0; 5
-2.0, 2.0, 4.0; 2
-1.0, 2.0, 4.0; 11
0.0, 2.0, 4.0; 28
1.0, 2.0, 4.0; 9
3.0, 2.0, 4.0; 1
4.0, 2.0, 4.0; 1
-9.0, 3.0, 4.0; 2
-8.0, 3.0, 4.0; 3
-7.0, 3.0, 4.0; 5
-6.0, 3.0, 4.0; 5
-5.0, 3.0, 4.0; 7
-4.0, 3.0, 4.0; 7
-3.0, 3.0, 4.0; 4
-2.0, 3.0, 4.0; 3
-1.0, 3.0, 4.0; 9
0.0, 3.0, 4.0; 12
1.0, 3.0, 4.0; 5
2.0, 3.0, 4.0; 5
-8.0, 4.0, 4.0; 6
-7.0, 4.0, 4.0; 5
-6.0, 4.0, 4.0; 6
-5.0, 4.0, 4.0; 8
-4.0, 4.0, 4.0; 7
-3.0, 4.0, 4.0; 1
-2.0, 4.0, 4.0; 3
-1.0, 4.0, 4.0; 3
0.0, 4.0, 4.0; 4
1.0, 4.0, 4.0; 5
2.0, 4.0, 4.0; 2
3.0, 4.0, 4.0; 1
5.0, 4.0, 4.0; 2
6.0, 4.0, 4.0; 1
-8.0, 5.0, 4.0; 2
-7.0, 5.0, 4.0; 11
-6.0, 5.0, 4.0; 11
-5.0, 5.0, 4.0; 2
-4.0, 5.0, 4.0; 6
-3.0, 5.0, 4.0; 5
-2.0, 5.0, 4.0; 1
-1.0, 5.0, 4.0; 5
0.0, 5.0, 4.0; 6
1.0, 5.0, 4.0; 3
2.0, 5.0, 4.0; 5
3.0, 5.0, 4.0; 4
4.0, 5.0, 4.0; 1
5.0, 5.0, 4.0; 2
6.0, 5.0, 4.0; 1
-7.0, 6.0, 4.0; 7
-6.0, 6.0, 4.0; 5
-5.0, 6.0, 4.0; 7
-4.0, 6.0, 4.0; 4
-3.0, 6.0, 4.0; 5
-2.0, 6.0, 4.0; 10
-1.0, 6.0, 4.0; 10
0.0, 6.0, 4.0; 3
1.0, 6.0, 4.0; 1
2.0, 6.0, 4.0; 2
4.0, 6.0, 4.0; 1
5.0, 6.0, 4.0; 1
-6.0, 7.0, 4.0; 1
-5.0, 7.0, 4.0; 9
-4.0, 7.0, 4.0; 11
-3.0, 7.0, 4.0; 10
-2.0, 7.0, 4.0; 8
-1.0, 7.0, 4.0; 4
0.0, 7.0, 4.0; 6
1.0, 7.0, 4.0; 3
2.0, 7.0, 4.0; 2
3.0, 7.0, 4.0; 1
-4.0, 8.0, 4.0; 1
-3.0, 8.0, 4.0; 3
-2.0, 8.0, 4.0; 7
-1.0, 8.0, 4.0; 11
0.0, 8.0, 4.0; 2
-1.0, -9.0, 5.0; 1
0.0, -9.0, 5.0; 2
1.0, -9.0, 5.0; 2
2.0, -9.0, 5.0; 1
-4.0, -8.0, 5.0; 2
-3.0, -8.0, 5.0; 7
-2.0, -8.0, 5.0; 1
-1.0, -8.0, 5.0; 4
0.0, -8.0, 5.0; 2
1.0, -8.0, 5.0; 5
2.0, -8.0, 5.0; 3
3.0, -8.0, 5.0; 2
-6.0, -7.0, 5.0; 1
-5.0, -7.0, 5.0; 8
-4.0, -7.0, 5.0; 5
-3.0, -7.0, 5.0; 14
-2.0, -7.0, 5.0; 9
-1.0, -7.0, 5.0; 6
0.0, -7.0, 5.0; 3
1.0, -7.0, 5.0; 1
2.0, -7.0, 5.0; 4
3.0, -7.0, 5.0; 1
4.0, -7.0, 5.0; 2
-7.0, -6.0, 5.0; 3
-6.0, -6.0, 5.0; 9
-5.0, -6.0, 5.0; 4
-4.0, -6.0, 5.0; 13
-3.0, -6.0, 5.0; 11
-2.0, -6.0, 5.0; 3
-1.0, -6.0, 5.0; 4
0.0, -6.0, 5.0; 3
2.0, -6.0, 5.0; 3
3.0, -6.0, 5.0; 1
-8.0, -5.0, 5.0; 3
-7.0, -5.0, 5.0; 5
-6.0, -5.0, 5.0; 9
-5.0, -5.0, 5.0; 7
-4.0, -5.0, 5.0; 6
-3.0, -5.0, 5.0; 3
-2.0, -5.0, 5.0; 2
-1.0, -5.0, 5.0; 3
0.0, -5.0, 5.0; 3
1.0, -5.0, 5.0; 1
-8.0, -4.0, 5.0; 3
-7.0, -4.0, 5.0; 5
-6.0, -4.0, 5.0; 9
-5.0, -4.0, 5.0; 7
-4.0, -4.0, 5.0; 9
-3.0, -4.0, 5.0; 7
-2.0, -4.0, 5.0; 4
-1.0, -4.0, 5.0; 5
0.0, -4.0, 5.0; 1
6.0, -4.0, 5.0; 1
-8.0, -3.0, 5.0; 2
-7.0, -3.0, 5.0; 5
-6.0, -3.0, 5.0; 5
-5.0, -3.0, 5.0; 7
-4.0, -3.0, 5.0; 10
-3.0, -3.0, 5.0; 11
-2.0, -3.0, 5.0; 8
-1.0, -3.0, 5.0; 1
0.0, -3.0, 5.0; 2
1.0, -3.0, 5.0; 3
2.0, -3.0, 5.0; 2
3.0, -3.0, 5.0; 2
-9.0, -2.0, 5.0; 2
-8.0, -2.0, 5.0; 3
-7.0, -2.0, 5.0; 1
-6.0, -2.0, 5.0; 1
-5.0, -2.0, 5.0; 5
-4.0, -2.0, 5.0; 3
-3.0, -2.0, 5.0; 4
-2.0, -2.0, 5.0; 3
-1.0, -2.0, 5.0; 3
0.0, -2.0, 5.0; 3
3.0, -2.0, 5.0; 1
-9.0, -1.0, 5.0; 1
-8.0, -1.0, 5.0; 9
-7.0, -1.0, 5.0; 9
-6.0, -1.0, 5.0; 3
-5.0, -1.0, 5.0; 2
-4.0, -1.0, 5.0; 2
-3.0, -1.0, 5.0; 1
-1.0, -1.0, 5.0; 1
0.0, -1.0, 5.0; 2
1.0, -1.0, 5.0; 1
2.0, -1.0, 5.0; 1
3.0, -1.0, 5.0; 1
5.0, -1.0, 5.0; 1
-9.0, 0.0, 5.0; 3
-8.0, 0.0, 5.0; 7
-7.0, 0.0, 5.0; 4
-6.0, 0.0, 5.0; 6
-5.0, 0.0, 5.0; 2
-4.0, 0.0, 5.0; 1
-3.0, 0.0, 5.0; 1
-2.0, 0.0, 5.0; 1
0.0, 0.0, 5.0; 2
1.0, 0.0, 5.0; 1
2.0, 0.0, 5.0; 1
3.0, 0.0, 5.0; 1
-9.0, 1.0, 5.0; 1
-8.0, 1.0, 5.0; 5
-7.0, 1.0, 5.0; 10
-6.0, 1.0, 5.0; 3
-5.0, 1.0, 5.0; 1
-4.0, 1.0, 5.0; 2
-2.0, 1.0, 5.0; 1
-1.0, 1.0, 5.0; 3
0.0, 1.0, 5.0; 2
1.0, 1.0, 5.0; 1
2.0, 1.0, 5.0; 1
3.0, 1.0, 5.0; 1
-8.0, 2.0, 5.0; 5
-7.0, 2.0, 5.0; 1
-6.0, 2.0, 5.0; 4
-5.0, 2.0, 5.0; 4
-4.0, 2.0, 5.0; 8
-3.0, 2.0, 5.0; 4
-2.0, 2.0, 5.0; 6
-1.0, 2.0, 5.0; 6
0.0, 2.0, 5.0; 8
1.0, 2.0, 5.0; 2
2.0, 2.0, 5.0; 1
3.0, 2.0, 5.0; 1
-8.0, 3.0, 5.0; 3
-7.0, 3.0, 5.0; 3
-6.0, 3.0, 5.0; 3
-5.0, 3.0, 5.0; 3
-4.0, 3.0, 5.0; 8
-3.0, 3.0, 5.0; 1
-2.0, 3.0, 5.0; 4
-1.0, 3.0, 5.0; 5
0.0, 3.0, 5.0; 3
1.0, 3.0, 5.0; 4
2.0, 3.0, 5.0; 1
3.0, 3.0, 5.0; 1
5.0, 3.0, 5.0; 1
-7.0, 4.0, 5.0; 1
-6.0, 4.0, 5.0; 2
-5.0, 4.0, 5.0; 5
-4.0, 4.0, 5.0; 3
-3.0, 4.0, 5.0; 5
-2.0, 4.0, 5.0; 3
-1.0, 4.0, 5.0; 1
0.0, 4.0, 5.0; 2
1.0, 4.0, 5.0; 1
2.0, 4.0, 5.0; 2
4.0, 4.0, 5.0; 2
-7.0, 5.0, 5.0; 3
-6.0, 5.0, 5.0; 6
-5.0, 5.0, 5.0; 7
-4.0, 5.0, 5.0; 8
-2.0, 5.0, 5.0; 2
-1.0, 5.0, 5.0; 2
0.0, 5.0, 5.0; 3
1.0, 5.0, 5.0; 3
2.0, 5.0, 5.0; 1
3.0, 5.0, 5.0; 2
5.0, 5.0, 5.0; 1
-6.0, 6.0, 5.0; 1
-5.0, 6.0, 5.0; 3
-4.0, 6.0, 5.0; 2
-3.0, 6.0, 5.0; 3
-2.0, 6.0, 5.0; 4
-1.0, 6.0, 5.0; 3
0.0, 6.0, 5.0; 2
1.0, 6.0, 5.0; 3
3.0, 6.0, 5.0; 1
4.0, 6.0, 5.0; 1
-5.0, 7.0, 5.0; 1
-4.0, 7.0, 5.0; 3
-3.0, 7.0, 5.0; 10
-2.0, 7.0, 5.0; 4
-1.0, 7.0, 5.0; 2
0.0, 7.0, 5.0; 1
1.0, 7.0, 5.0; 1
3.0, 7.0, 5.0; 2
-3.0, 8.0, 5.0; 1
-2.0, 8.0, 5.0; 2
0.0, 8.0, 5.0; 1
-3.0, -8.0, 6.0; 2
-2.0, -8.0, 6.0; 2
-1.0, -8.0, 6.0; 2
1.0, -8.0, 6.0; 3
-5.0, -7.0, 6.0; 3
-4.0, -7.0, 6.0; 8
-3.0, -7.0, 6.0; 3
-2.0, -7.0, 6.0; 4
-1.0, -7.0, 6.0; 3
0.0, -7.0, 6.0; 3
1.0, -7.0, 6.0; 6
2.0, -7.0, 6.0; 1
3.0, -7.0, 6.0; 3
-6.0, -6.0, 6.0; 1
-5.0, -6.0, 6.0; 2
-4.0, -6.0, 6.0; 6
-3.0, -6.0, 6.0; 5
-2.0, -6.0, 6.0; 2
-1.0, -6.0, 6.0; 4
0.0, -6.0, 6.0; 2
1.0, -6.0, 6.0; 3
2.0, -6.0, 6.0; 2
3.0, -6.0, 6.0; 1
-7.0, -5.0, 6.0; 1
-6.0, -5.0, 6.0; 8
-5.0, -5.0, 6.0; 11
-4.0, -5.0, 6.0; 3
-3.0, -5.0, 6.0; 4
-2.0, -5.0, 6.0; 1
-1.0, -5.0, 6.0; 2
0.0, -5.0, 6.0; 2
1.0, -5.0, 6.0; 1
2.0, -5.0, 6.0; 2
-7.0, -4.0, 6.0; 4
-6.0, -4.0, 6.0; 2
-5.0, -4.0, 6.0; 8
-4.0, -4.0, 6.0; 1
-3.0, -4.0, 6.0; 3
-2.0, -4.0, 6.0; 2
1.0, -4.0, 6.0; 2
2.0, -4.0, 6.0; 1
3.0, -4.0, 6.0; 2
-8.0, -3.0, 6.0; 1
-7.0, -3.0, 6.0; 7
-6.0, -3.0, 6.0; 3
-5.0, -3.0, 6.0; 3
-2.0, -3.0, 6.0; 1
-1.0, -3.0, 6.0; 1
0.0, -3.0, 6.0; 1
1.0, -3.0, 6.0; 2
2.0, -3.0, 6.0; 2
-8.0, -2.0, 6.0; 2
-7.0, -2.0, 6.0; 1
-6.0, -2.0, 6.0; 3
-5.0, -2.0, 6.0; 4
-4.0, -2.0, 6.0; 1
-3.0, -2.0, 6.0; 1
-2.0, -2.0, 6.0; 3
-1.0, -2.0, 6.0; 1
1.0, -2.0, 6.0; 2
2.0, -2.0, 6.0; 1
-8.0, -1.0, 6.0; 3
-7.0, -1.0, 6.0; 2
-6.0, -1.0, 6.0; 3
-5.0, -1.0, 6.0; 1
-4.0, -1.0, 6.0; 5
-2.0, -1.0, 6.0; 1
0.0, -1.0, 6.0; 1
-8.0, 0.0, 6.0; 1
-7.0, 0.0, 6.0; 7
-6.0, 0.0, 6.0; 3
-5.0, 0.0, 6.0; 2
-4.0, 0.0, 6.0; 2
-3.0, 0.0, 6.0; 2
-2.0, 0.0, 6.0; 2
-1.0, 0.0, 6.0; 2
0.0, 0.0, 6.0; 2
2.0, 0.0, 6.0; 1
3.0, 0.0, 6.0; 1
-8.0, 1.0, 6.0; 6
-7.0, 1.0, 6.0; 8
-6.0, 1.0, 6.0; 9
-5.0, 1.0, 6.0; 6
-4.0, 1.0, 6.0; 1
-3.0, 1.0, 6.0; 4
-2.0, 1.0, 6.0; 4
-1.0, 1.0, 6.0; 4
0.0, 1.0, 6.0; 2
1.0, 1.0, 6.0; 1
2.0, 1.0, 6.0; 1
4.0, 1.0, 6.0; 1
-8.0, 2.0, 6.0; 3
-7.0, 2.0, 6.0; 2
-6.0, 2.0, 6.0; 4
-5.0, 2.0, 6.0; 3
-4.0, 2.0, 6.0; 1
-3.0, 2.0, 6.0; 3
-2.0, 2.0, 6.0; 2
1.0, 2.0, 6.0; 2
2.0, 2.0, 6.0; 2
3.0, 2.0, 6.0; 1
4.0, 2.0, 6.0; 1
-7.0, 3.0, 6.0; 2
-6.0, 3.0, 6.0; 4
-5.0, 3.0, 6.0; 4
-4.0, 3.0, 6.0; 5
-3.0, 3.0, 6.0; 5
-1.0, 3.0, 6.0; 3
0.0, 3.0, 6.0; 1
1.0, 3.0, 6.0; 2
-6.0, 4.0, 6.0; 2
-4.0, 4.0, 6.0; 1
-3.0, 4.0, 6.0; 1
-2.0, 4.0, 6.0; 1
-1.0, 4.0, 6.0; 1
0.0, 4.0, 6.0; 2
1.0, 4.0, 6.0; 2
-6.0, 5.0, 6.0; 2
-5.0, 5.0, 6.0; 2
-4.0, 5.0, 6.0; 2
-3.0, 5.0, 6.0; 2
-2.0, 5.0, 6.0; 2
1.0, 5.0, 6.0; 1
3.0, 5.0, 6.0; 1
4.0, 5.0, 6.0; 1
5.0, 5.0, 6.0; 1
-5.0, 6.0, 6.0; 1
-4.0, 6.0, 6.0; 1
-3.0, 6.0, 6.0; 2
-1.0, 6.0, 6.0; 2
0.0, 6.0, 6.0; 2
1.0, 6.0, 6.0; 2
2.0, 6.0, 6.0; 3
3.0, 6.0, 6.0; 1
-2.0, 7.0, 6.0; 2
-1.0, 7.0, 6.0; 3
-3.0, -7.0, 7.0; 3
-2.0, -7.0, 7.0; 1
-1.0, -7.0, 7.0; 5
1.0, -7.0, 7.0; 2
2.0, -7.0, 7.0; 1
-4.0, -6.0, 7.0; 4
-3.0, -6.0, 7.0; 6
-2.0, -6.0, 7.0; 4
-1.0, -6.0, 7.0; 3
1.0, -6.0, 7.0; 2
2.0, -6.0, 7.0; 2
3.0, -6.0, 7.0; 1
-6.0, -5.0, 7.0; 1
-5.0, -5.0, 7.0; 5
-4.0, -5.0, 7.0; 3
-3.0, -5.0, 7.0; 7
-2.0, -5.0, 7.0; 3
0.0, -5.0, 7.0; 1
1.0, -5.0, 7.0; 1
2.0, -5.0, 7.0; 1
-6.0, -4.0, 7.0; 6
-5.0, -4.0, 7.0; 5
-4.0, -4.0, 7.0; 3
-3.0, -4.0, 7.0; 2
-2.0, -4.0, 7.0; 4
-1.0, -4.0, 7.0; 4
1.0, -4.0, 7.0; 1
2.0, -4.0, 7.0; 2
3.0, -4.0, 7.0; 2
-6.0, -3.0, 7.0; 5
-5.0, -3.0, 7.0; 1
1.0, -3.0, 7.0; 1
-7.0, -2.0, 7.0; 2
-6.0, -2.0, 7.0; 4
-5.0, -2.0, 7.0; 1
-4.0, -2.0, 7.0; 4
-3.0, -2.0, 7.0; 2
-2.0, -2.0, 7.0; 1
-7.0, -1.0, 7.0; 1
-6.0, -1.0, 7.0; 3
-5.0, -1.0, 7.0; 5
-3.0, -1.0, 7.0; 3
-2.0, -1.0, 7.0; 1
0.0, -1.0, 7.0; 2
3.0, -1.0, 7.0; 1
-6.0, 0.0, 7.0; 1
-5.0, 0.0, 7.0; 3
-4.0, 0.0, 7.0; 5
-3.0, 0.0, 7.0; 2
1.0, 0.0, 7.0; 1
-7.0, 1.0, 7.0; 1
-6.0, 1.0, 7.0; 4
-4.0, 1.0, 7.0; 2
-2.0, 1.0, 7.0; 3
-1.0, 1.0, 7.0; 1
0.0, 1.0, 7.0; 1
-6.0, 2.0, 7.0; 2
-5.0, 2.0, 7.0; 1
-4.0, 2.0, 7.0; 1
-3.0, 2.0, 7.0; 3
-2.0, 2.0, 7.0; 2
-1.0, 2.0, 7.0; 2
1.0, 2.0, 7.0; 1
-6.0, 3.0, 7.0; 2
-5.0, 3.0, 7.0; 2
-4.0, 3.0, 7.0; 4
-3.0, 3.0, 7.0; 1
-2.0, 3.0, 7.0; 1
0.0, 3.0, 7.0; 1
-5.0, 4.0, 7.0; 2
-4.0, 4.0, 7.0; 1
-3.0, 4.0, 7.0; 2
-2.0, 4.0, 7.0; 1
0.0, 4.0, 7.0; 3
1.0, 4.0, 7.0; 1
-4.0, 5.0, 7.0; 1
-2.0, 5.0, 7.0; 1
1.0, 5.0, 7.0; 1
-4.0, 6.0, 7.0; 1
-2.0, 6.0, 7.0; 3
-1.0, 6.0, 7.0; 1
0.0, 6.0, 7.0; 1
1.0, 6.0, 7.0; 1
-4.0, -5.0, 8.0; 1
-2.0, -5.0, 8.0; 1
-1.0, -5.0, 8.0; 2
0.0, -5.0, 8.0; 1
2.0, -5.0, 8.0; 1
-3.0, -4.0, 8.0; 2
-2.0, -4.0, 8.0; 2
0.0, -4.0, 8.0; 1
-4.0, -3.0, 8.0; 3
-3.0, -3.0, 8.0; 1
-2.0, -3.0, 8.0; 1
-1.0, -3.0, 8.0; 1
2.0, -3.0, 8.0; 1
4.0, -3.0, 8.0; 1
-5.0, -2.0, 8.0; 1
-4.0, -2.0, 8.0; 3
3.0, -2.0, 8.0; 1
-4.0, -1.0, 8.0; 1
-3.0, -1.0, 8.0; 1
-2.0, -1.0, 8.0; 1
1.0, -1.0, 8.0; 2
3.0, -1.0, 8.0; 1
-5.0, 0.0, 8.0; 4
-3.0, 0.0, 8.0; 1
-1.0, 0.0, 8.0; 2
1.0, 0.0, 8.0; 1
-5.0, 1.0, 8.0; 1
-4.0, 1.0, 8.0; 4
-3.0, 1.0, 8.0; 1
-2.0, 1.0, 8.0; 3
0.0, 1.0, 8.0; 1
-5.0, 2.0, 8.0; 1
-4.0, 2.0, 8.0; 2
-2.0, 2.0, 8.0; 4
-1.0, 2.0, 8.0; 1
0.0, 2.0, 8.0; 1
1.0, 2.0, 8.0; 1
3.0, 2.0, 8.0; 2
-3.0, 3.0, 8.0; 2
-1.0, 3.0, 8.0; 1
1.0, 3.0, 8.0; 1
2.0, 3.0, 8.0; 1
-2.0, 4.0, 8.0; 1
-1.0, 4.0, 8.0; 1
3.0, 4.0, 8.0; 1
1.0, 5.0, 8.0; 1
1.0, -4.0, 9.0; 1
1.0, -3.0, 9.0; 1
-3.0, -2.0, 9.0; 1
-2.0, -2.0, 9.0; 1
-2.0, -1.0, 9.0; 1
0.0, -1.0, 9.0; 2
1.0, -1.0, 9.0; 1
-4.0, 0.0, 9.0; 1
-2.0, 0.0, 9.0; 1
-1.0, 0.0, 9.0; 1
1.0, 0.0, 9.0; 1
-2.0, 1.0, 9.0; 1
-1.0, 1.0, 9.0; 1
1.0, 1.0, 9.0; 1
0.0, -5.0, -10.0; 1
-2.0, -4.0, -10.0; 2
-1.0, -4.0, -10.0; 2
0.0, -4.0, -10.0; 1
-2.0, -3.0, -10.0; 3
-1.0, -3.0, -10.0; 4
0.0, -3.0, -10.0; 2
1.0, -3.0, -10.0; 1
2.0, -3.0, -10.0; 1
3.0, -3.0, -10.0; 1
-5.0, -2.0, -10.0; 1
-4.0, -2.0, -10.0; 2
-3.0, -2.0, -10.0; 4
-2.0, -2.0, -10.0; 6
-1.0, -2.0, -10.0; 5
0.0, -2.0, -10.0; 3
1.0, -2.0, -10.0; 2
-4.0, -1.0, -10.0; 3
-3.0, -1.0, -10.0; 4
-2.0, -1.0, -10.0; 4
-1.0, -1.0, -10.0; 4
0.0, -1.0, -10.0; 2
1.0, -1.0, -10.0; 5
2.0, -1.0, -10.0; 1
3.0, -1.0, -10.0; 4
-4.0, 0.0, -10.0; 1
-3.0, 0.0, -10.0; 5
-2.0, 0.0, -10.0; 7
-1.0, 0.0, -10.0; 6
0.0, 0.0, -10.0; 6
1.0, 0.0, -10.0; 5
2.0, 0.0, -10.0; 5
3.0, 0.0, -10.0; 3
-4.0, 1.0, -10.0; 1
-3.0, 1.0, -10.0; 4
-2.0, 1.0, -10.0; 2
-1.0, 1.0, -10.0; 4
0.0, 1.0, -10.0; 4
1.0, 1.0, -10.0; 3
2.0, 1.0, -10.0; 3
3.0, 1.0, -10.0; 6
-1.0, 2.0, -10.0; 3
0.0, 2.0, -10.0; 5
1.0, 2.0, -10.0; 1
2.0, 2.0, -10.0; 2
3.0, 2.0, -10.0; 1
-3.0, 3.0, -10.0; 1
-1.0, 3.0, -10.0; 3
0.0, 3.0, -10.0; 3
-1.0, -6.0, -9.0; 7
0.0, -6.0, -9.0; 6
1.0, -6.0, -9.0; 1
-4.0, -5.0, -9.0; 1
-3.0, -5.0, -9.0; 1
-2.0, -5.0, -9.0; 6
-1.0, -5.0, -9.0; 8
0.0, -5.0, -9.0; 3
1.0, -5.0, -9.0; 4
2.0, -5.0, -9.0; 3
3.0, -5.0, -9.0; 1
-4.0, -4.0, -9.0; 2
-3.0, -4.0, -9.0; 5
-2.0, -4.0, -9.0; 6
-1.0, -4.0, -9.0; 5
0.0, -4.0, -9.0; 2
1.0, -4.0, -9.0; 3
2.0, -4.0, -9.0; 3
3.0, -4.0, -9.0; 1
-6.0, -3.0, -9.0; 1
-5.0, -3.0, -9.0; 2
-4.0, -3.0, -9.0; 5
-2.0, -3.0, -9.0; 6
-1.0, -3.0, -9.0; 5
0.0, -3.0, -9.0; 10
1.0, -3.0, -9.0; 8
2.0, -3.0, -9.0; 8
-6.0, -2.0, -9.0; 1
-5.0, -2.0, -9.0; 4
-4.0, -2.0, -9.0; 8
-3.0, -2.0, -9.0; 6
-2.0, -2.0, -9.0; 3
-1.0, -2.0, -9.0; 3
0.0, -2.0, -9.0; 8
1.0, -2.0, -9.0; 9
2.0, -2.0, -9.0; 5
3.0, -2.0, -9.0; 3
4.0, -2.0, -9.0; 3
-6.0, -1.0, -9.0; 1
-5.0, -1.0, -9.0; 7
-4.0, -1.0, -9.0; 8
-3.0, -1.0, -9.0; 11
-2.0, -1.0, -9.0; 9
-1.0, -1.0, -9.0; 8
0.0, -1.0, -9.0; 13
1.0, -1.0, -9.0; 3
2.0, -1.0, -9.0; 3
3.0, -1.0, -9.0; 3
4.0, -1.0, -9.0; 5
-6.0, 0.0, -9.0; 3
-5.0, 0.0, -9.0; 5
-4.0, 0.0, -9.0; 5
-3.0, 0.0, -9.0; 31
-2.0, 0.0, -9.0; 35
-1.0, 0.0, -9.0; 13
0.0, 0.0, -9.0; 7
1.0, 0.0, -9.0; 3
2.0, 0.0, -9.0; 2
3.0, 0.0, -9.0; 6
4.0, 0.0, -9.0; 8
5.0, 0.0, -9.0; 1
-6.0, 1.0, -9.0; 1
-5.0, 1.0, -9.0; 5
-4.0, 1.0, -9.0; 5
-3.0, 1.0, -9.0; 12
-2.0, 1.0, -9.0; 13
-1.0, 1.0, -9.0; 10
0.0, 1.0, -9.0; 1
1.0, 1.0, -9.0; 3
2.0, 1.0, -9.0; 4
3.0, 1.0, -9.0; 7
4.0, 1.0, -9.0; 5
5.0, 1.0, -9.0; 1
-6.0, 2.0, -9.0; 1
-5.0, 2.0, -9.0; 2
-4.0, 2.0, -9.0; 13
-3.0, 2.0, -9.0; 15
-2.0, 2.0, -9.0; 16
-1.0, 2.0, -9.0; 8
0.0, 2.0, -9.0; 4
1.0, 2.0, -9.0; 2
2.0, 2.0, -9.0; 3
3.0, 2.0, -9.0; 12
4.0, 2.0, -9.0; 12
-5.0, 3.0, -9.0; 1
-4.0, 3.0, -9.0; 4
-3.0, 3.0, -9.0; 9
-2.0, 3.0, -9.0; 8
-1.0, 3.0, -9.0; 5
0.0, 3.0, -9.0; 9
1.0, 3.0, -9.0; 4
2.0, 3.0, -9.0; 4
3.0, 3.0, -9.0; 5
4.0, 3.0, -9.0; 1
-4.0, 4.0, -9.0; 1
-3.0, 4.0, -9.0; 4
-2.0, 4.0, -9.0; 6
-1.0, 4.0, -9.0; 8
0.0, 4.0, -9.0; 5
1.0, 4.0, -9.0; 5
2.0, 4.0, -9.0; 3
3.0, 4.0, -9.0; 1
-2.0, 5.0, -9.0; 2
0.0, 5.0, -9.0; 1
0.0, -8.0, -8.0; 1
-3.0, -7.0, -8.0; 1
-2.0, -7.0, -8.0; 6
-1.0, -7.0, -8.0; 6
0.0, -7.0, -8.0; 5
1.0, -7.0, -8.0; 22
2.0, -7.0, -8.0; 6
3.0, -7.0, -8.0; 1
-4.0, -6.0, -8.0; 1
-3.0, -6.0, -8.0; 5
-2.0, -6.0, -8.0; 2
-1.0, -6.0, -8.0; 8
0.0, -6.0, -8.0; 7
1.0, -6.0, -8.0; 8
2.0, -6.0, -8.0; 6
3.0, -6.0, -8.0; 3
-6.0, -5.0, -8.0; 1
-5.0, -5.0, -8.0; 6
-4.0, -5.0, -8.0; 6
-3.0, -5.0, -8.0; 9
-2.0, -5.0, -8.0; 6
-1.0, -5.0, -8.0; 7
0.0, -5.0, -8.0; 2
1.0, -5.0, -8.0; 4
2.0, -5.0, -8.0; 9
3.0, -5.0, -8.0; 3
4.0, -5.0, -8.0; 1
-5.0, -4.0, -8.0; 10
-4.0, -4.0, -8.0; 10
-3.0, -4.0, -8.0; 8
-2.0, -4.0, -8.0; 6
-1.0, -4.0, -8.0; 2
0.0, -4.0, -8.0; 2
1.0, -4.0, -8.0; 3
2.0, -4.0, -8.0; 4
3.0, -4.0, -8.0; 2
4.0, -4.0, -8.0; 4
-7.0, -3.0, -8.0; 2
-6.0, -3.0, -8.0; 4
-5.0, -3.0, -8.0; 13
-4.0, -3.0, -8.0; 17
-3.0, -3.0, -8.0; 5
-2.0, -3.0, -8.0; 3
-1.0, -3.0, -8.0; 3
0.0, -3.0, -8.0; 3
1.0, -3.0, -8.0; 3
2.0, -3.0, -8.0; 5
3.0, -3.0, -8.0; 9
4.0, -3.0, -8.0; 5
-7.0, -2.0, -8.0; 2
-6.0, -2.0, -8.0; 4
-5.0, -2.0, -8.0; 17
-4.0, -2.0, -8.0; 22
-3.0, -2.0, -8.0; 20
-2.0, -2.0, -8.0; 11
-1.0, -2.0, -8.0; 6
0.0, -2.0, -8.0; 5
1.0, -2.0, -8.0; 2
2.0, -2.0, -8.0; 12
3.0, -2.0, -8.0; 15
4.0, -2.0, -8.0; 2
5.0, -2.0, -8.0; 2
-7.0, -1.0, -8.0; 4
-6.0, -1.0, -8.0; 8
-5.0, -1.0, -8.0; 10
-4.0, -1.0, -8.0; 33
-3.0, -1.0, -8.0; 20
-2.0, -1.0, -8.0; 7
-1.0, -1.0, -8.0; 4
0.0, -1.0, -8.0; 8
1.0, -1.0, -8.0; 7
2.0, -1.0, -8.0; 15
3.0, -1.0, -8.0; 11
4.0, -1.0, -8.0; 6
5.0, -1.0, -8.0; 3
6.0, -1.0, -8.0; 3
-7.0, 0.0, -8.0; 3
-6.0, 0.0, -8.0; 13
-5.0, 0.0, -8.0; 17
-4.0, 0.0, -8.0; 14
-3.0, 0.0, -8.0; 10
-2.0, 0.0, -8.0; 11
-1.0, 0.0, -8.0; 5
0.0, 0.0, -8.0; 12
1.0, 0.0, -8.0; 17
2.0, 0.0, -8.0; 10
3.0, 0.0, -8.0; 4
4.0, 0.0, -8.0; 5
5.0, 0.0, -8.0; 8
6.0, 0.0, -8.0; 4
-7.0, 1.0, -8.0; 4
-6.0, 1.0, -8.0; 10
-5.0, 1.0, -8.0; 26
-4.0, 1.0, -8.0; 21
-3.0, 1.0, -8.0; 33
-2.0, 1.0, -8.0; 29
-1.0, 1.0, -8.0; 17
0.0, 1.0, -8.0; 7
1.0, 1.0, -8.0; 5
2.0, 1.0, -8.0; 8
3.0, 1.0, -8.0; 7
4.0, 1.0, -8.0; 11
5.0, 1.0, -8.0; 9
6.0, 1.0, -8.0; 3
-7.0, 2.0, -8.0; 3
-6.0, 2.0, -8.0; 12
-5.0, 2.0, -8.0; 11
-4.0, 2.0, -8.0; 18
-3.0, 2.0, -8.0; 16
-2.0, 2.0, -8.0; 11
-1.0, 2.0, -8.0; 12
0.0, 2.0, -8.0; 8
1.0, 2.0, -8.0; 18
2.0, 2.0, -8.0; 20
3.0, 2.0, -8.0; 10
4.0, 2.0, -8.0; 5
5.0, 2.0, -8.0; 10
6.0, 2.0, -8.0; 3
-7.0, 3.0, -8.0; 1
-6.0, 3.0, -8.0; 9
-5.0, 3.0, -8.0; 11
-4.0, 3.0, -8.0; 9
-3.0, 3.0, -8.0; 6
-2.0, 3.0, -8.0; 8
-1.0, 3.0, -8.0; 6
0.0, 3.0, -8.0; 11
1.0, 3.0, -8.0; 30
2.0, 3.0, -8.0; 17
3.0, 3.0, -8.0; 12
4.0, 3.0, -8.0; 6
5.0, 3.0, -8.0; 2
-6.0, 4.0, -8.0; 1
-5.0, 4.0, -8.0; 5
-4.0, 4.0, -8.0; 10
-3.0, 4.0, -8.0; 6
-2.0, 4.0, -8.0; 5
-1.0, 4.0, -8.0; 15
0.0, 4.0, -8.0; 39
1.0, 4.0, -8.0; 27
2.0, 4.0, -8.0; 5
3.0, 4.0, -8.0; 7
4.0, 4.0, -8.0; 2
5.0, 4.0, -8.0; 2
-4.0, 5.0, -8.0; 3
-3.0, 5.0, -8.0; 7
-2.0, 5.0, -8.0; 3
-1.0, 5.0, -8.0; 6
0.0, 5.0, -8.0; 8
1.0, 5.0, -8.0; 8
3.0, 5.0, -8.0; 2
-3.0, 6.0, -8.0; 3
-2.0, 6.0, -8.0; 3
-1.0, 6.0, -8.0; 2
0.0, 6.0, -8.0; 1
-3.0, -8.0, -7.0; 4
-2.0, -8.0, -7.0; 3
-1.0, -8.0, -7.0; 7
0.0, -8.0, -7.0; 6
1.0, -8.0, -7.0; 1
2.0, -8.0, -7.0; 1
-5.0, -7.0, -7.0; 3
-4.0, -7.0, -7.0; 12
-3.0, -7.0, -7.0; 12
-2.0, -7.0, -7.0; 16
-1.0, -7.0, -7.0; 27
0.0, -7.0, -7.0; 12
1.0, -7.0, -7.0; 10
2.0, -7.0, -7.0; 5
3.0, -7.0, -7.0; 1
-6.0, -6.0, -7.0; 2
-5.0, -6.0, -7.0; 13
-4.0, -6.0, -7.0; 19
-3.0, -6.0, -7.0; 13
-2.0, -6.0, -7.0; 12
-1.0, -6.0, -7.0; 12
0.0, -6.0, -7.0; 5
1.0, -6.0, -7.0; 7
2.0, -6.0, -7.0; 8
3.0, -6.0, -7.0; 4
5.0, -6.0, -7.0; 3
-6.0, -5.0, -7.0; 7
-5.0, -5.0, -7.0; 30
-4.0, -5.0, -7.0; 16
-3.0, -5.0, -7.0; 9
-2.0, -5.0, -7.0; 5
-1.0, -5.0, -7.0; 3
0.0, -5.0, -7.0; 3
1.0, -5.0, -7.0; 3
2.0, -5.0, -7.0; 3
3.0, -5.0, -7.0; 9
4.0, -5.0, -7.0; 3
5.0, -5.0, -7.0; 3
6.0, -5.0, -7.0; 1
-7.0, -4.0, -7.0; 7
-6.0, -4.0, -7.0; 19
-5.0, -4.0, -7.0; 33
-4.0, -4.0, -7.0; 9
-3.0, -4.0, -7.0; 5
-2.0, -4.0, -7.0; 10
-1.0, -4.0, -7.0; 4
0.0, -4.0, -7.0; 3
1.0, -4.0, -7.0; 1
3.0, -4.0, -7.0; 4
4.0, -4.0, -7.0; 3
5.0, -4.0, -7.0; 5
-8.0, -3.0, -7.0; 1
-7.0, -3.0, -7.0; 6
-6.0, -3.0, -7.0; 23
-5.0, -3.0, -7.0; 31
-4.0, -3.0, -7.0; 7
-3.0, -3.0, -7.0; 5
-2.0, -3.0, -7.0; 2
-1.0, -3.0, -7.0; 4
0.0, -3.0, -7.0; 3
1.0, -3.0, -7.0; 2
2.0, -3.0, -7.0; 1
3.0, -3.0, -7.0; 10
4.0, -3.0, -7.0; 3
6.0, -3.0, -7.0; 4
-8.0, -2.0, -7.0; 1
-7.0, -2.0, -7.0; 8
-6.0, -2.0, -7.0; 34
-5.0, -2.0, -7.0; 55
-4.0, -2.0, -7.0; 9
-3.0, -2.0, -7.0; 4
-2.0, -2.0, -7.0; 7
-1.0, -2.0, -7.0; 11
0.0, -2.0, -7.0; 3
1.0, -2.0, -7.0; 2
2.0, -2.0, -7.0; 2
3.0, -2.0, -7.0; 7
4.0, -2.0, -7.0; 9
5.0, -2.0, -7.0; 7
6.0, -2.0, -7.0; 2
7.0, -2.0, -7.0; 1
-8.0, -1.0, -7.0; 5
-7.0, -1.0, -7.0; 14
-6.0, -1.0, -7.0; 24
-5.0, -1.0, -7.0; 71
-4.0, -1.0, -7.0; 21
-3.0, -1.0, -7.0; 3
-2.0, -1.0, -7.0; 2
-1.0, -1.0, -7.0; 4
0.0, -1.0, -7.0; 4
1.0, -1.0, -7.0; 5
2.0, -1.0, -7.0; 7
3.0, -1.0, -7.0; 28
4.0, -1.0, -7.0; 23
5.0, -1.0, -7.0; 11
6.0, -1.0, -7.0; 1
7.0, -1.0, -7.0; 1
-8.0, 0.0, -7.0; 6
-7.0, 0.0, -7.0; 19
-6.0, 0.0, -7.0; 17
-5.0, 0.0, -7.0; 23
-4.0, 0.0, -7.0; 12
-3.0, 0.0, -7.0; 5
-2.0, 0.0, -7.0; 3
-1.0, 0.0, -7.0; 2
0.0, 0.0, -7.0; 1
1.0, 0.0, -7.0; 4
2.0, 0.0, -7.0; 16
3.0, 0.0, -7.0; 15
4.0, 0.0, -7.0; 3
5.0, 0.0, -7.0; 9
6.0, 0.0, -7.0; 5
7.0, 0.0, -7.0; 3
-8.0, 1.0, -7.0; 3
-7.0, 1.0, -7.0; 15
-6.0, 1.0, -7.0; 27
-5.0, 1.0, -7.0; 12
-4.0, 1.0, -7.0; 6
-3.0, 1.0, -7.0; 1
-2.0, 1.0, -7.0; 3
-1.0, 1.0, -7.0; 9
0.0, 1.0, -7.0; 10
1.0, 1.0, -7.0; 15
2.0, 1.0, -7.0; 9
3.0, 1.0, -7.0; 9
4.0, 1.0, -7.0; 6
5.0, 1.0, -7.0; 3
6.0, 1.0, -7.0; 14
7.0, 1.0, -7.0; 2
-8.0, 2.0, -7.0; 4
-7.0, 2.0, -7.0; 12
-6.0, 2.0, -7.0; 16
-5.0, 2.0, -7.0; 5
-4.0, 2.0, -7.0; 1
-3.0, 2.0, -7.0; 5
-2.0, 2.0, -7.0; 6
-1.0, 2.0, -7.0; 4
0.0, 2.0, -7.0; 5
1.0, 2.0, -7.0; 5
2.0, 2.0, -7.0; 6
3.0, 2.0, -7.0; 12
4.0, 2.0, -7.0; 6
5.0, 2.0, -7.0; 9
6.0, 2.0, -7.0; 4
-7.0, 3.0, -7.0; 9
-6.0, 3.0, -7.0; 17
-5.0, 3.0, -7.0; 10
-4.0, 3.0, -7.0; 8
-3.0, 3.0, -7.0; 3
-2.0, 3.0, -7.0; 4
-1.0, 3.0, -7.0; 3
0.0, 3.0, -7.0; 4
1.0, 3.0, -7.0; 9
2.0, 3.0, -7.0; 5
3.0, 3.0, -7.0; 6
4.0, 3.0, -7.0; 3
5.0, 3.0, -7.0; 2
6.0, 3.0, -7.0; 1
-7.0, 4.0, -7.0; 2
-6.0, 4.0, -7.0; 10
-5.0, 4.0, -7.0; 19
-4.0, 4.0, -7.0; 25
-3.0, 4.0, -7.0; 6
-2.0, 4.0, -7.0; 1
-1.0, 4.0, -7.0; 4
0.0, 4.0, -7.0; 7
1.0, 4.0, -7.0; 7
2.0, 4.0, -7.0; 10
3.0, 4.0, -7.0; 4
4.0, 4.0, -7.0; 8
5.0, 4.0, -7.0; 2
6.0, 4.0, -7.0; 1
-6.0, 5.0, -7.0; 3
-5.0, 5.0, -7.0; 9
-4.0, 5.0, -7.0; 48
-3.0, 5.0, -7.0; 35
-2.0, 5.0, -7.0; 6
-1.0, 5.0, -7.0; 11
0.0, 5.0, -7.0; 3
1.0, 5.0, -7.0; 15
2.0, 5.0, -7.0; 6
3.0, 5.0, -7.0; 1
4.0, 5.0, -7.0; 2
5.0, 5.0, -7.0; 3
-5.0, 6.0, -7.0; 1
-4.0, 6.0, -7.0; 10
-3.0, 6.0, -7.0; 28
-2.0, 6.0, -7.0; 10
-1.0, 6.0, -7.0; 3
0.0, 6.0, -7.0; 4
1.0, 6.0, -7.0; 3
2.0, 6.0, -7.0; 6
-3.0, 7.0, -7.0; 2
-2.0, 7.0, -7.0; 4
-1.0, 7.0, -7.0; 5
0.0, 7.0, -7.0; 1
1.0, 7.0, -7.0; 2
-3.0, -9.0, -6.0; 2
-2.0, -9.0, -6.0; 1
-1.0, -9.0, -6.0; 3
1.0, -9.0, -6.0; 2
-4.0, -8.0, -6.0; 11
-3.0, -8.0, -6.0; 22
-2.0, -8.0, -6.0; 80
-1.0, -8.0, -6.0; 111
0.0, -8.0, -6.0; 33
1.0, -8.0, -6.0; 11
2.0, -8.0, -6.0; 8
3.0, -8.0, -6.0; 3
-6.0, -7.0, -6.0; 5
-5.0, -7.0, -6.0; 21
-4.0, -7.0, -6.0; 35
-3.0, -7.0, -6.0; 41
-2.0, -7.0, -6.0; 215
-1.0, -7.0, -6.0; 260
0.0, -7.0, -6.0; 43
1.0, -7.0, -6.0; 10
2.0, -7.0, -6.0; 5
4.0, -7.0, -6.0; 3
5.0, -7.0, -6.0; 1
-7.0, -6.0, -6.0; 1
-6.0, -6.0, -6.0; 25
-5.0, -6.0, -6.0; 41
-4.0, -6.0, -6.0; 30
-3.0, -6.0, -6.0; 30
-2.0, -6.0, -6.0; 31
-1.0, -6.0, -6.0; 24
0.0, -6.0, -6.0; 12
1.0, -6.0, -6.0; 4
2.0, -6.0, -6.0; 13
3.0, -6.0, -6.0; 3
4.0, -6.0, -6.0; 6
5.0, -6.0, -6.0; 2
-8.0, -5.0, -6.0; 3
-7.0, -5.0, -6.0; 12
-6.0, -5.0, -6.0; 31
-5.0, -5.0, -6.0; 29
-4.0, -5.0, -6.0; 13
-3.0, -5.0, -6.0; 10
-2.0, -5.0, -6.0; 19
-1.0, -5.0, -6.0; 12
0.0, -5.0, -6.0; 8
1.0, -5.0, -6.0; 1
2.0, -5.0, -6.0; 4
3.0, -5.0, -6.0; 4
4.0, -5.0, -6.0; 3
6.0, -5.0, -6.0; 1
-8.0, -4.0, -6.0; 8
-7.0, -4.0, -6.0; 15
-6.0, -4.0, -6.0; 10
-5.0, -4.0, -6.0; 15
-4.0, -4.0, -6.0; 25
-3.0, -4.0, -6.0; 20
-2.0, -4.0, -6.0; 17
-1.0, -4.0, -6.0; 19
0.0, -4.0, -6.0; 23
1.0, -4.0, -6.0; 11
2.0, -4.0, -6.0; 3
3.0, -4.0, -6.0; 2
4.0, -4.0, -6.0; 4
5.0, -4.0, -6.0; 1
7.0, -4.0, -6.0; 1
-8.0, -3.0, -6.0; 8
-7.0, -3.0, -6.0; 30
-6.0, -3.0, -6.0; 22
-5.0, -3.0, -6.0; 7
-4.0, -3.0, -6.0; 26
-3.0, -3.0, -6.0; 11
-2.0, -3.0, -6.0; 25
-1.0, -3.0, -6.0; 50
0.0, -3.0, -6.0; 84
1.0, -3.0, -6.0; 30
2.0, -3.0, -6.0; 8
3.0, -3.0, -6.0; 2
4.0, -3.0, -6.0; 3
5.0, -3.0, -6.0; 3
6.0, -3.0, -6.0; 1
7.0, -3.0, -6.0; 5
-9.0, -2.0, -6.0; 2
-8.0, -2.0, -6.0; 5
-7.0, -2.0, -6.0; 22
-6.0, -2.0, -6.0; 33
-5.0, -2.0, -6.0; 4
-4.0, -2.0, -6.0; 16
-3.0, -2.0, -6.0; 16
-2.0, -2.0, -6.0; 57
-1.0, -2.0, -6.0; 115
0.0, -2.0, -6.0; 195
1.0, -2.0, -6.0; 31
2.0, -2.0, -6.0; 10
3.0, -2.0, -6.0; 8
4.0, -2.0, -6.0; 14
5.0, -2.0, -6.0; 1
6.0, -2.0, -6.0; 3
7.0, -2.0, -6.0; 3
-9.0, -1.0, -6.0; 2
-8.0, -1.0, -6.0; 11
-7.0, -1.0, -6.0; 17
-6.0, -1.0, -6.0; 33
-5.0, -1.0, -6.0; 10
-4.0, -1.0, -6.0; 3
-3.0, -1.0, -6.0; 17
-2.0, -1.0, -6.0; 46
-1.0, -1.0, -6.0; 68
0.0, -1.0, -6.0; 29
1.0, -1.0, -6.0; 26
2.0, -1.0, -6.0; 6
3.0, -1.0, -6.0; 39
4.0, -1.0, -6.0; 24
5.0, -1.0, -6.0; 3
6.0, -1.0, -6.0; 2
7.0, -1.0, -6.0; 4
-9.0, 0.0, -6.0; 2
-8.0, 0.0, -6.0; 13
-7.0, 0.0, -6.0; 14
-6.0, 0.0, -6.0; 26
-5.0, 0.0, -6.0; 5
-4.0, 0.0, -6.0; 2
-3.0, 0.0, -6.0; 8
-2.0, 0.0, -6.0; 44
-1.0, 0.0, -6.0; 73
0.0, 0.0, -6.0; 8
1.0, 0.0, -6.0; 3
2.0, 0.0, -6.0; 25
3.0, 0.0, -6.0; 85
4.0, 0.0, -6.0; 9
5.0, 0.0, -6.0; 8
6.0, 0.0, -6.0; 1
7.0, 0.0, -6.0; 4
-9.0, 1.0, -6.0; 3
-8.0, 1.0, -6.0; 11
-7.0, 1.0, -6.0; 15
-6.0, 1.0, -6.0; 9
-5.0, 1.0, -6.0; 6
-4.0, 1.0, -6.0; 6
-3.0, 1.0, -6.0; 17
-2.0, 1.0, -6.0; 29
-1.0, 1.0, -6.0; 98
0.0, 1.0, -6.0; 23
1.0, 1.0, -6.0; 10
2.0, 1.0, -6.0; 22
3.0, 1.0, -6.0; 15
4.0, 1.0, -6.0; 2
5.0, 1.0, -6.0; 6
6.0, 1.0, -6.0; 6
7.0, 1.0, -6.0; 4
8.0, 1.0, -6.0; 1
-9.0, 2.0, -6.0; 1
-8.0, 2.0, -6.0; 14
-7.0, 2.0, -6.0; 10
-6.0, 2.0, -6.0; 3
-5.0, 2.0, -6.0; 19
-4.0, 2.0, -6.0; 26
-3.0, 2.0, -6.0; 15
-2.0, 2.0, -6.0; 14
-1.0, 2.0, -6.0; 35
0.0, 2.0, -6.0; 23
1.0, 2.0, -6.0; 5
2.0, 2.0, -6.0; 13
3.0, 2.0, -6.0; 14
4.0, 2.0, -6.0; 4
5.0, 2.0, -6.0; 5
6.0, 2.0, -6.0; 5
7.0, 2.0, -6.0; 3
-8.0, 3.0, -6.0; 8
-7.0, 3.0, -6.0; 15
-6.0, 3.0, -6.0; 4
-5.0, 3.0, -6.0; 11
-4.0, 3.0, -6.0; 38
-3.0, 3.0, -6.0; 18
-2.0, 3.0, -6.0; 12
-1.0, 3.0, -6.0; 8
0.0, 3.0, -6.0; 12
1.0, 3.0, -6.0; 10
2.0, 3.0, -6.0; 12
3.0, 3.0, -6.0; 12
4.0, 3.0, -6.0; 18
5.0, 3.0, -6.0; 4
6.0, 3.0, -6.0; 6
7.0, 3.0, -6.0; 1
-8.0, 4.0, -6.0; 4
-7.0, 4.0, -6.0; 8
-6.0, 4.0, -6.0; 14
-5.0, 4.0, -6.0; 39
-4.0, 4.0, -6.0; 27
-3.0, 4.0, -6.0; 5
-2.0, 4.0, -6.0; 6
-1.0, 4.0, -6.0; 4
0.0, 4.0, -6.0; 5
1.0, 4.0, -6.0; 8
2.0, 4.0, -6.0; 9
3.0, 4.0, -6.0; 8
4.0, 4.0, -6.0; 1
5.0, 4.0, -6.0; 4
6.0, 4.0, -6.0; 2
7.0, 4.0, -6.0; 1
-7.0, 5.0, -6.0; 5
-6.0, 5.0, -6.0; 11
-5.0, 5.0, -6.0; 61
-4.0, 5.0, -6.0; 340
-3.0, 5.0, -6.0; 117
-2.0, 5.0, -6.0; 4
-1.0, 5.0, -6.0; 3
0.0, 5.0, -6.0; 8
1.0, 5.0, -6.0; 5
2.0, 5.0, -6.0; 6
3.0, 5.0, -6.0; 1
4.0, 5.0, -6.0; 4
5.0, 5.0, -6.0; 1
6.0, 5.0, -6.0; 1
-6.0, 6.0, -6.0; 6
-5.0, 6.0, -6.0; 6
-4.0, 6.0, -6.0; 41
-3.0, 6.0, -6.0; 145
-2.0, 6.0, -6.0; 35
-1.0, 6.0, -6.0; 5
0.0, 6.0, -6.0; 8
1.0, 6.0, -6.0; 7
2.0, 6.0, -6.0; 6
3.0, 6.0, -6.0; 8
4.0, 6.0, -6.0; 1
-4.0, 7.0, -6.0; 4
-3.0, 7.0, -6.0; 12
-2.0, 7.0, -6.0; 14
-1.0, 7.0, -6.0; 10
0.0, 7.0, -6.0; 5
1.0, 7.0, -6.0; 4
2.0, 7.0, -6.0; 3
-2.0, 8.0, -6.0; 3
-1.0, 8.0, -6.0; 2
0.0, 8.0, -6.0; 3
1.0, 8.0, -6.0; 2
0.0, -10.0, -5.0; 1
-4.0, -9.0, -5.0; 1
-3.0, -9.0, -5.0; 5
-2.0, -9.0, -5.0; 12
-1.0, -9.0, -5.0; 14
0.0, -9.0, -5.0; 15
1.0, -9.0, -5.0; 3
2.0, -9.0, -5.0; 3
3.0, -9.0, -5.0; 1
-5.0, -8.0, -5.0; 10
-4.0, -8.0, -5.0; 7
-3.0, -8.0, -5.0; 52
-2.0, -8.0, -5.0; 438
-1.0, -8.0, -5.0; 1074
0.0, -8.0, -5.0; 83
1.0, -8.0, -5.0; 19
2.0, -8.0, -5.0; 14
3.0, -8.0, -5.0; 10
4.0, -8.0, -5.0; 4
-7.0, -7.0, -5.0; 3
-6.0, -7.0, -5.0; 7
-5.0, -7.0, -5.0; 16
-4.0, -7.0, -5.0; 14
-3.0, -7.0, -5.0; 21
-2.0, -7.0, -5.0; 106
-1.0, -7.0, -5.0; 190
0.0, -7.0, -5.0; 30
1.0, -7.0, -5.0; 14
2.0, -7.0, -5.0; 7
3.0, -7.0, -5.0; 6
4.0, -7.0, -5.0; 5
5.0, -7.0, -5.0; 2
6.0, -7.0, -5.0; 2
-8.0, -6.0, -5.0; 1
-7.0, -6.0, -5.0; 12
-6.0, -6.0, -5.0; 15
-5.0, -6.0, -5.0; 12
-4.0, -6.0, -5.0; 5
-2.0, -6.0, -5.0; 4
-1.0, -6.0, -5.0; 12
0.0, -6.0, -5.0; 23
1.0, -6.0, -5.0; 8
2.0, -6.0, -5.0; 13
3.0, -6.0, -5.0; 2
4.0, -6.0, -5.0; 1
5.0, -6.0, -5.0; 4
6.0, -6.0, -5.0; 3
-8.0, -5.0, -5.0; 18
-7.0, -5.0, -5.0; 18
-6.0, -5.0, -5.0; 13
-5.0, -5.0, -5.0; 5
-4.0, -5.0, -5.0; 3
-3.0, -5.0, -5.0; 10
-2.0, -5.0, -5.0; 25
-1.0, -5.0, -5.0; 14
0.0, -5.0, -5.0; 9
1.0, -5.0, -5.0; 33
2.0, -5.0, -5.0; 17
3.0, -5.0, -5.0; 7
4.0, -5.0, -5.0; 3
5.0, -5.0, -5.0; 4
6.0, -5.0, -5.0; 1
7.0, -5.0, -5.0; 3
-9.0, -4.0, -5.0; 2
-8.0, -4.0, -5.0; 11
-7.0, -4.0, -5.0; 13
-6.0, -4.0, -5.0; 12
-5.0, -4.0, -5.0; 9
-4.0, -4.0, -5.0; 33
-3.0, -4.0, -5.0; 144
-2.0, -4.0, -5.0; 259
-1.0, -4.0, -5.0; 93
0.0, -4.0, -5.0; 35
1.0, -4.0, -5.0; 111
2.0, -4.0, -5.0; 29
3.0, -4.0, -5.0; 5
4.0, -4.0, -5.0; 1
5.0, -4.0, -5.0; 3
-9.0, -3.0, -5.0; 7
-8.0, -3.0, -5.0; 12
-7.0, -3.0, -5.0; 10
-6.0, -3.0, -5.0; 12
-5.0, -3.0, -5.0; 16
-4.0, -3.0, -5.0; 143
-3.0, -3.0, -5.0; 2559
-2.0, -3.0, -5.0; 1631
-1.0, -3.0, -5.0; 34
0.0, -3.0, -5.0; 184
1.0, -3.0, -5.0; 1810
2.0, -3.0, -5.0; 97
3.0, -3.0, -5.0; 12
4.0, -3.0, -5.0; 8
5.0, -3.0, -5.0; 5
6.0, -3.0, -5.0; 1
8.0, -3.0, -5.0; 4
-9.0, -2.0, -5.0; 10
-8.0, -2.0, -5.0; 10
-7.0, -2.0, -5.0; 23
-6.0, -2.0, -5.0; 8
-5.0, -2.0, -5.0; 13
-4.0, -2.0, -5.0; 28
-3.0, -2.0, -5.0; 251
-2.0, -2.0, -5.0; 110
-1.0, -2.0, -5.0; 31
0.0, -2.0, -5.0; 250
1.0, -2.0, -5.0; 204
2.0, -2.0, -5.0; 39
3.0, -2.0, -5.0; 19
4.0, -2.0, -5.0; 19
5.0, -2.0, -5.0; 7
6.0, -2.0, -5.0; 1
8.0, -2.0, -5.0; 2
-9.0, -1.0, -5.0; 4
-8.0, -1.0, -5.0; 13
-7.0, -1.0, -5.0; 40
-6.0, -1.0, -5.0; 11
-5.0, -1.0, -5.0; 4
-4.0, -1.0, -5.0; 13
-3.0, -1.0, -5.0; 36
-2.0, -1.0, -5.0; 22
-1.0, -1.0, -5.0; 39
0.0, -1.0, -5.0; 10
1.0, -1.0, -5.0; 16
2.0, -1.0, -5.0; 4
3.0, -1.0, -5.0; 11
4.0, -1.0, -5.0; 36
5.0, -1.0, -5.0; 7
6.0, -1.0, -5.0; 3
7.0, -1.0, -5.0; 2
8.0, -1.0, -5.0; 2
-9.0, 0.0, -5.0; 10
-8.0, 0.0, -5.0; 17
-7.0, 0.0, -5.0; 35
-6.0, 0.0, -5.0; 4
-5.0, 0.0, -5.0; 18
-4.0, 0.0, -5.0; 19
-3.0, 0.0, -5.0; 31
-2.0, 0.0, -5.0; 42
-1.0, 0.0, -5.0; 18
0.0, 0.0, -5.0; 1
1.0, 0.0, -5.0; 2
2.0, 0.0, -5.0; 8
3.0, 0.0, -5.0; 76
4.0, 0.0, -5.0; 33
5.0, 0.0, -5.0; 4
6.0, 0.0, -5.0; 5
7.0, 0.0, -5.0; 2
8.0, 0.0, -5.0; 1
-9.0, 1.0, -5.0; 9
-8.0, 1.0, -5.0; 14
-7.0, 1.0, -5.0; 11
-6.0, 1.0, -5.0; 10
-5.0, 1.0, -5.0; 116
-4.0, 1.0, -5.0; 58
-3.0, 1.0, -5.0; 18
-2.0, 1.0, -5.0; 10
-1.0, 1.0, -5.0; 15
0.0, 1.0, -5.0; 5
1.0, 1.0, -5.0; 3
2.0, 1.0, -5.0; 12
3.0, 1.0, -5.0; 13
4.0, 1.0, -5.0; 7
5.0, 1.0, -5.0; 8
6.0, 1.0, -5.0; 6
7.0, 1.0, -5.0; 6
8.0, 1.0, -5.0; 1
-9.0, 2.0, -5.0; 3
-8.0, 2.0, -5.0; 15
-7.0, 2.0, -5.0; 6
-6.0, 2.0, -5.0; 56
-5.0, 2.0, -5.0; 367
-4.0, 2.0, -5.0; 384
-3.0, 2.0, -5.0; 24
-2.0, 2.0, -5.0; 13
-1.0, 2.0, -5.0; 27
0.0, 2.0, -5.0; 77
1.0, 2.0, -5.0; 28
2.0, 2.0, -5.0; 5
3.0, 2.0, -5.0; 21
4.0, 2.0, -5.0; 11
5.0, 2.0, -5.0; 7
6.0, 2.0, -5.0; 12
8.0, 2.0, -5.0; 1
-9.0, 3.0, -5.0; 2
-8.0, 3.0, -5.0; 11
-7.0, 3.0, -5.0; 7
-6.0, 3.0, -5.0; 10
-5.0, 3.0, -5.0; 68
-4.0, 3.0, -5.0; 111
-3.0, 3.0, -5.0; 20
-2.0, 3.0, -5.0; 8
-1.0, 3.0, -5.0; 25
0.0, 3.0, -5.0; 151
1.0, 3.0, -5.0; 78
2.0, 3.0, -5.0; 4
3.0, 3.0, -5.0; 7
4.0, 3.0, -5.0; 17
5.0, 3.0, -5.0; 3
6.0, 3.0, -5.0; 4
7.0, 3.0, -5.0; 6
8.0, 3.0, -5.0; 1
-8.0, 4.0, -5.0; 11
-7.0, 4.0, -5.0; 12
-6.0, 4.0, -5.0; 8
-5.0, 4.0, -5.0; 20
-4.0, 4.0, -5.0; 7
-3.0, 4.0, -5.0; 11
-2.0, 4.0, -5.0; 34
-1.0, 4.0, -5.0; 33
0.0, 4.0, -5.0; 14
1.0, 4.0, -5.0; 6
2.0, 4.0, -5.0; 8
3.0, 4.0, -5.0; 13
4.0, 4.0, -5.0; 9
5.0, 4.0, -5.0; 3
6.0, 4.0, -5.0; 5
7.0, 4.0, -5.0; 8
-8.0, 5.0, -5.0; 3
-7.0, 5.0, -5.0; 17
-6.0, 5.0, -5.0; 17
-5.0, 5.0, -5.0; 46
-4.0, 5.0, -5.0; 16
-3.0, 5.0, -5.0; 3
-2.0, 5.0, -5.0; 15
-1.0, 5.0, -5.0; 12
0.0, 5.0, -5.0; 8
1.0, 5.0, -5.0; 8
2.0, 5.0, -5.0; 8
3.0, 5.0, -5.0; 13
4.0, 5.0, -5.0; 3
5.0, 5.0, -5.0; 2
6.0, 5.0, -5.0; 3
-7.0, 6.0, -5.0; 2
-6.0, 6.0, -5.0; 5
-5.0, 6.0, -5.0; 13
-4.0, 6.0, -5.0; 28
-3.0, 6.0, -5.0; 17
-2.0, 6.0, -5.0; 11
-1.0, 6.0, -5.0; 1
0.0, 6.0, -5.0; 1
1.0, 6.0, -5.0; 5
2.0, 6.0, -5.0; 10
3.0, 6.0, -5.0; 4
4.0, 6.0, -5.0; 2
5.0, 6.0, -5.0; 5
6.0, 6.0, -5.0; 1
-5.0, 7.0, -5.0; 3
-4.0, 7.0, -5.0; 14
-3.0, 7.0, -5.0; 10
-2.0, 7.0, -5.0; 9
-1.0, 7.0, -5.0; 1
0.0, 7.0, -5.0; 7
1.0, 7.0, -5.0; 12
2.0, 7.0, -5.0; 8
3.0, 7.0, -5.0; 5
-4.0, 8.0, -5.0; 1
-3.0, 8.0, -5.0; 5
-2.0, 8.0, -5.0; 10
-1.0, 8.0, -5.0; 10
0.0, 8.0, -5.0; 11
1.0, 8.0, -5.0; 12
2.0, 8.0, -5.0; 4
0.0, 9.0, -5.0; 1
-3.0, -10.0, -4.0; 1
-2.0, -10.0, -4.0; 1
-1.0, -10.0, -4.0; 9
0.0, -10.0, -4.0; 10
1.0, -10.0, -4.0; 5
-5.0, -9.0, -4.0; 4
-4.0, -9.0, -4.0; 4
-3.0, -9.0, -4.0; 19
-2.0, -9.0, -4.0; 32
-1.0, -9.0, -4.0; 28
0.0, -9.0, -4.0; 27
1.0, -9.0, -4.0; 16
2.0, -9.0, -4.0; 6
3.0, -9.0, -4.0; 8
-6.0, -8.0, -4.0; 2
-5.0, -8.0, -4.0; 13
-4.0, -8.0, -4.0; 11
-3.0, -8.0, -4.0; 18
-2.0, -8.0, -4.0; 77
-1.0, -8.0, -4.0; 199
0.0, -8.0, -4.0; 49
1.0, -8.0, -4.0; 9
2.0, -8.0, -4.0; 10
3.0, -8.0, -4.0; 4
4.0, -8.0, -4.0; 4
5.0, -8.0, -4.0; 1
-8.0, -7.0, -4.0; 1
-7.0, -7.0, -4.0; 7
-6.0, -7.0, -4.0; 13
-5.0, -7.0, -4.0; 7
-4.0, -7.0, -4.0; 2
-3.0, -7.0, -4.0; 1
-2.0, -7.0, -4.0; 4
-1.0, -7.0, -4.0; 21
0.0, -7.0, -4.0; 22
1.0, -7.0, -4.0; 25
2.0, -7.0, -4.0; 6
3.0, -7.0, -4.0; 3
4.0, -7.0, -4.0; 2
5.0, -7.0, -4.0; 4
6.0, -7.0, -4.0; 1
-8.0, -6.0, -4.0; 6
-7.0, -6.0, -4.0; 18
-6.0, -6.0, -4.0; 6
-5.0, -6.0, -4.0; 2
-4.0, -6.0, -4.0; 1
-3.0, -6.0, -4.0; 1
-2.0, -6.0, -4.0; 11
-1.0, -6.0, -4.0; 48
0.0, -6.0, -4.0; 53
1.0, -6.0, -4.0; 90
2.0, -6.0, -4.0; 8
3.0, -6.0, -4.0; 5
4.0, -6.0, -4.0; 5
5.0, -6.0, -4.0; 3
7.0, -6.0, -4.0; 2
-8.0, -5.0, -4.0; 18
-7.0, -5.0, -4.0; 14
-6.0, -5.0, -4.0; 9
-5.0, -5.0, -4.0; 1
-4.0, -5.0, -4.0; 5
-3.0, -5.0, -4.0; 12
-2.0, -5.0, -4.0; 46
-1.0, -5.0, -4.0; 143
0.0, -5.0, -4.0; 76
1.0, -5.0, -4.0; 240
2.0, -5.0, -4.0; 127
3.0, -5.0, -4.0; 11
4.0, -5.0, -4.0; 4
5.0, -5.0, -4.0; 5
6.0, -5.0, -4.0; 1
7.0, -5.0, -4.0; 1
-9.0, -4.0, -4.0; 7
-8.0, -4.0, -4.0; 32
-7.0, -4.0, -4.0; 12
-6.0, -4.0, -4.0; 5
-5.0, -4.0, -4.0; 25
-4.0, -4.0, -4.0; 152
-3.0, -4.0, -4.0; 82
-2.0, -4.0, -4.0; 38
-1.0, -4.0, -4.0; 49
0.0, -4.0, -4.0; 21
1.0, -4.0, -4.0; 136
2.0, -4.0, -4.0; 186
3.0, -4.0, -4.0; 30
4.0, -4.0, -4.0; 5
5.0, -4.0, -4.0; 5
6.0, -4.0, -4.0; 4
7.0, -4.0, -4.0; 1
-9.0, -3.0, -4.0; 8
-8.0, -3.0, -4.0; 37
-7.0, -3.0, -4.0; 11
-6.0, -3.0, -4.0; 9
-5.0, -3.0, -4.0; 69
-4.0, -3.0, -4.0; 475
-3.0, -3.0, -4.0; 140
0.0, -3.0, -4.0; 5
1.0, -3.0, -4.0; 413
2.0, -3.0, -4.0; 273
3.0, -3.0, -4.0; 35
4.0, -3.0, -4.0; 17
5.0, -3.0, -4.0; 25
6.0, -3.0, -4.0; 3
7.0, -3.0, -4.0; 2
8.0, -3.0, -4.0; 2
-10.0, -2.0, -4.0; 1
-9.0, -2.0, -4.0; 18
-8.0, -2.0, -4.0; 22
-7.0, -2.0, -4.0; 18
-6.0, -2.0, -4.0; 6
-5.0, -2.0, -4.0; 16
-4.0, -2.0, -4.0; 70
-3.0, -2.0, -4.0; 15
-2.0, -2.0, -4.0; 1
0.0, -2.0, -4.0; 1
1.0, -2.0, -4.0; 14
2.0, -2.0, -4.0; 20
3.0, -2.0, -4.0; 1
4.0, -2.0, -4.0; 7
5.0, -2.0, -4.0; 22
6.0, -2.0, -4.0; 4
8.0, -2.0, -4.0; 2
9.0, -2.0, -4.0; 1
-9.0, -1.0, -4.0; 9
-8.0, -1.0, -4.0; 13
-7.0, -1.0, -4.0; 21
-6.0, -1.0, -4.0; 2
-5.0, -1.0, -4.0; 12
-4.0, -1.0, -4.0; 8
2.0, -1.0, -4.0; 1
3.0, -1.0, -4.0; 1
4.0, -1.0, -4.0; 16
5.0, -1.0, -4.0; 8
6.0, -1.0, -4.0; 3
7.0, -1.0, -4.0; 1
8.0, -1.0, -4.0; 2
-10.0, 0.0, -4.0; 2
-9.0, 0.0, -4.0; 14
-8.0, 0.0, -4.0; 15
-7.0, 0.0, -4.0; 11
-6.0, 0.0, -4.0; 7
-5.0, 0.0, -4.0; 29
-4.0, 0.0, -4.0; 12
-3.0, 0.0, -4.0; 2
2.0, 0.0, -4.0; 2
3.0, 0.0, -4.0; 2
4.0, 0.0, -4.0; 14
5.0, 0.0, -4.0; 10
6.0, 0.0, -4.0; 6
8.0, 0.0, -4.0; 4
-10.0, 1.0, -4.0; 1
-9.0, 1.0, -4.0; 10
-8.0, 1.0, -4.0; 15
-7.0, 1.0, -4.0; 11
-6.0, 1.0, -4.0; 55
-5.0, 1.0, -4.0; 209
-4.0, 1.0, -4.0; 18
2.0, 1.0, -4.0; 2
3.0, 1.0, -4.0; 5
4.0, 1.0, -4.0; 15
5.0, 1.0, -4.0; 2
6.0, 1.0, -4.0; 7
7.0, 1.0, -4.0; 1
8.0, 1.0, -4.0; 1
-9.0, 2.0, -4.0; 9
-8.0, 2.0, -4.0; 11
-7.0, 2.0, -4.0; 8
-6.0, 2.0, -4.0; 181
-5.0, 2.0, -4.0; 316
-4.0, 2.0, -4.0; 41
-3.0, 2.0, -4.0; 1
-2.0, 2.0, -4.0; 2
0.0, 2.0, -4.0; 2
1.0, 2.0, -4.0; 2
2.0, 2.0, -4.0; 1
3.0, 2.0, -4.0; 10
4.0, 2.0, -4.0; 15
5.0, 2.0, -4.0; 7
6.0, 2.0, -4.0; 4
7.0, 2.0, -4.0; 4
8.0, 2.0, -4.0; 3
-9.0, 3.0, -4.0; 10
-8.0, 3.0, -4.0; 14
-7.0, 3.0, -4.0; 6
-6.0, 3.0, -4.0; 58
-5.0, 3.0, -4.0; 52
-4.0, 3.0, -4.0; 17
-3.0, 3.0, -4.0; 1
-2.0, 3.0, -4.0; 2
-1.0, 3.0, -4.0; 4
0.0, 3.0, -4.0; 252
1.0, 3.0, -4.0; 260
2.0, 3.0, -4.0; 10
3.0, 3.0, -4.0; 9
4.0, 3.0, -4.0; 17
5.0, 3.0, -4.0; 6
6.0, 3.0, -4.0; 7
7.0, 3.0, -4.0; 1
-9.0, 4.0, -4.0; 1
-8.0, 4.0, -4.0; 19
-7.0, 4.0, -4.0; 13
-6.0, 4.0, -4.0; 9
-5.0, 4.0, -4.0; 7
-4.0, 4.0, -4.0; 5
-3.0, 4.0, -4.0; 14
-2.0, 4.0, -4.0; 49
-1.0, 4.0, -4.0; 32
0.0, 4.0, -4.0; 80
1.0, 4.0, -4.0; 78
2.0, 4.0, -4.0; 6
3.0, 4.0, -4.0; 21
4.0, 4.0, -4.0; 21
5.0, 4.0, -4.0; 11
6.0, 4.0, -4.0; 3
7.0, 4.0, -4.0; 6
-8.0, 5.0, -4.0; 9
-7.0, 5.0, -4.0; 12
-6.0, 5.0, -4.0; 6
-5.0, 5.0, -4.0; 5
-4.0, 5.0, -4.0; 2
-3.0, 5.0, -4.0; 5
-2.0, 5.0, -4.0; 116
-1.0, 5.0, -4.0; 210
0.0, 5.0, -4.0; 125
1.0, 5.0, -4.0; 23
2.0, 5.0, -4.0; 4
3.0, 5.0, -4.0; 8
4.0, 5.0, -4.0; 16
5.0, 5.0, -4.0; 1
6.0, 5.0, -4.0; 3
7.0, 5.0, -4.0; 1
-7.0, 6.0, -4.0; 9
-6.0, 6.0, -4.0; 15
-5.0, 6.0, -4.0; 11
-4.0, 6.0, -4.0; 10
-3.0, 6.0, -4.0; 3
-2.0, 6.0, -4.0; 3
-1.0, 6.0, -4.0; 10
0.0, 6.0, -4.0; 18
1.0, 6.0, -4.0; 7
2.0, 6.0, -4.0; 7
3.0, 6.0, -4.0; 7
4.0, 6.0, -4.0; 5
5.0, 6.0, -4.0; 5
6.0, 6.0, -4.0; 2
7.0, 6.0, -4.0; 1
-6.0, 7.0, -4.0; 6
-5.0, 7.0, -4.0; 5
-4.0, 7.0, -4.0; 13
-3.0, 7.0, -4.0; 10
-2.0, 7.0, -4.0; 6
-1.0, 7.0, -4.0; 5
0.0, 7.0, -4.0; 4
1.0, 7.0, -4.0; 9
2.0, 7.0, -4.0; 10
3.0, 7.0, -4.0; 5
4.0, 7.0, -4.0; 2
5.0, 7.0, -4.0; 1
-4.0, 8.0, -4.0; 4
-3.0, 8.0, -4.0; 9
-2.0, 8.0, -4.0; 7
-1.0, 8.0, -4.0; 12
0.0, 8.0, -4.0; 18
1.0, 8.0, -4.0; 17
2.0, 8.0, -4.0; 8
3.0, 8.0, -4.0; 3
-3.0, 9.0, -4.0; 1
-2.0, 9.0, -4.0; 5
-1.0, 9.0, -4.0; 14
0.0, 9.0, -4.0; 10
1.0, 9.0, -4.0; 4
-4.0, -10.0, -3.0; 4
-3.0, -10.0, -3.0; 10
-2.0, -10.0, -3.0; 37
-1.0, -10.0, -3.0; 34
0.0, -10.0, -3.0; 45
1.0, -10.0, -3.0; 23
2.0, -10.0, -3.0; 4
-5.0, -9.0, -3.0; 7
-4.0, -9.0, -3.0; 8
-3.0, -9.0, -3.0; 17
-2.0, -9.0, -3.0; 22
-1.0, -9.0, -3.0; 40
0.0, -9.0, -3.0; 29
1.0, -9.0, -3.0; 20
2.0, -9.0, -3.0; 8
3.0, -9.0, -3.0; 8
4.0, -9.0, -3.0; 2
-7.0, -8.0, -3.0; 2
-6.0, -8.0, -3.0; 6
-5.0, -8.0, -3.0; 3
-4.0, -8.0, -3.0; 5
-3.0, -8.0, -3.0; 12
-2.0, -8.0, -3.0; 9
-1.0, -8.0, -3.0; 14
0.0, -8.0, -3.0; 19
1.0, -8.0, -3.0; 7
2.0, -8.0, -3.0; 6
3.0, -8.0, -3.0; 5
4.0, -8.0, -3.0; 3
5.0, -8.0, -3.0; 2
-8.0, -7.0, -3.0; 1
-7.0, -7.0, -3.0; 13
-6.0, -7.0, -3.0; 6
-5.0, -7.0, -3.0; 4
-2.0, -7.0, -3.0; 3
-1.0, -7.0, -3.0; 3
0.0, -7.0, -3.0; 55
1.0, -7.0, -3.0; 53
2.0, -7.0, -3.0; 12
3.0, -7.0, -3.0; 3
4.0, -7.0, -3.0; 5
5.0, -7.0, -3.0; 6
6.0, -7.0, -3.0; 6
-9.0, -6.0, -3.0; 4
-8.0, -6.0, -3.0; 19
-7.0, -6.0, -3.0; 9
-6.0, -6.0, -3.0; 2
-5.0, -6.0, -3.0; 3
-2.0, -6.0, -3.0; 2
-1.0, -6.0, -3.0; 41
0.0, -6.0, -3.0; 127
1.0, -6.0, -3.0; 1055
2.0, -6.0, -3.0; 139
3.0, -6.0, -3.0; 4
4.0, -6.0, -3.0; 4
5.0, -6.0, -3.0; 9
6.0, -6.0, -3.0; 4
7.0, -6.0, -3.0; 2
-9.0, -5.0, -3.0; 13
-8.0, -5.0, -3.0; 18
-7.0, -5.0, -3.0; 5
-6.0, -5.0, -3.0; 2
-2.0, -5.0, -3.0; 1
-1.0, -5.0, -3.0; 13
0.0, -5.0, -3.0; 60
1.0, -5.0, -3.0; 82
2.0, -5.0, -3.0; 132
3.0, -5.0, -3.0; 24
4.0, -5.0, -3.0; 10
5.0, -5.0, -3.0; 7
6.0, -5.0, -3.0; 5
-10.0, -4.0, -3.0; 1
-9.0, -4.0, -3.0; 16
-8.0, -4.0, -3.0; 24
-7.0, -4.0, -3.0; 15
-6.0, -4.0, -3.0; 6
-5.0, -4.0, -3.0; 41
-4.0, -4.0, -3.0; 2
-1.0, -4.0, -3.0; 5
1.0, -4.0, -3.0; 4
2.0, -4.0, -3.0; 58
3.0, -4.0, -3.0; 23
4.0, -4.0, -3.0; 17
5.0, -4.0, -3.0; 7
6.0, -4.0, -3.0; 3
8.0, -4.0, -3.0; 1
-10.0, -3.0, -3.0; 2
-9.0, -3.0, -3.0; 16
-8.0, -3.0, -3.0; 25
-7.0, -3.0, -3.0; 14
-6.0, -3.0, -3.0; 28
-5.0, -3.0, -3.0; 173
-4.0, -3.0, -3.0; 6
-3.0, -3.0, -3.0; 7
2.0, -3.0, -3.0; 8
3.0, -3.0, -3.0; 11
4.0, -3.0, -3.0; 3
5.0, -3.0, -3.0; 22
6.0, -3.0, -3.0; 3
8.0, -3.0, -3.0; 1
9.0, -3.0, -3.0; 1
-10.0, -2.0, -3.0; 4
-9.0, -2.0, -3.0; 27
-8.0, -2.0, -3.0; 22
-7.0, -2.0, -3.0; 17
-6.0, -2.0, -3.0; 8
-5.0, -2.0, -3.0; 44
-4.0, -2.0, -3.0; 2
-3.0, -2.0, -3.0; 1
3.0, -2.0, -3.0; 1
4.0, -2.0, -3.0; 3
5.0, -2.0, -3.0; 30
6.0, -2.0, -3.0; 8
8.0, -2.0, -3.0; 2
9.0, -2.0, -3.0; 1
-10.0, -1.0, -3.0; 3
-9.0, -1.0, -3.0; 11
-8.0, -1.0, -3.0; 17
-7.0, -1.0, -3.0; 14
-6.0, -1.0, -3.0; 6
-5.0, -1.0, -3.0; 5
-4.0, -1.0, -3.0; 1
3.0, -1.0, -3.0; 2
4.0, -1.0, -3.0; 1
5.0, -1.0, -3.0; 14
6.0, -1.0, -3.0; 2
7.0, -1.0, -3.0; 3
-10.0, 0.0, -3.0; 4
-9.0, 0.0, -3.0; 16
-8.0, 0.0, -3.0; 22
-7.0, 0.0, -3.0; 4
-6.0, 0.0, -3.0; 27
-5.0, 0.0, -3.0; 10
-4.0, 0.0, -3.0; 1
4.0, 0.0, -3.0; 1
5.0, 0.0, -3.0; 9
6.0, 0.0, -3.0; 5
7.0, 0.0, -3.0; 2
9.0, 0.0, -3.0; 1
-10.0, 1.0, -3.0; 3
-9.0, 1.0, -3.0; 8
-8.0, 1.0, -3.0; 17
-7.0, 1.0, -3.0; 16
-6.0, 1.0, -3.0; 133
-5.0, 1.0, -3.0; 41
4.0, 1.0, -3.0; 2
5.0, 1.0, -3.0; 7
6.0, 1.0, -3.0; 9
7.0, 1.0, -3.0; 5
8.0, 1.0, -3.0; 2
-10.0, 2.0, -3.0; 3
-9.0, 2.0, -3.0; 23
-8.0, 2.0, -3.0; 10
-7.0, 2.0, -3.0; 56
-6.0, 2.0, -3.0; 136
-5.0, 2.0, -3.0; 31
-4.0, 2.0, -3.0; 1
2.0, 2.0, -3.0; 3
3.0, 2.0, -3.0; 1
4.0, 2.0, -3.0; 8
5.0, 2.0, -3.0; 5
6.0, 2.0, -3.0; 10
7.0, 2.0, -3.0; 3
8.0, 2.0, -3.0; 1
9.0, 2.0, -3.0; 1
-10.0, 3.0, -3.0; 1
-9.0, 3.0, -3.0; 12
-8.0, 3.0, -3.0; 7
-7.0, 3.0, -3.0; 9
-6.0, 3.0, -3.0; 28
-5.0, 3.0, -3.0; 3
-3.0, 3.0, -3.0; 1
-2.0, 3.0, -3.0; 2
0.0, 3.0, -3.0; 1
1.0, 3.0, -3.0; 9
2.0, 3.0, -3.0; 8
3.0, 3.0, -3.0; 12
4.0, 3.0, -3.0; 15
5.0, 3.0, -3.0; 11
6.0, 3.0, -3.0; 5
7.0, 3.0, -3.0; 3
-9.0, 4.0, -3.0; 14
-8.0, 4.0, -3.0; 19
-7.0, 4.0, -3.0; 3
-6.0, 4.0, -3.0; 5
-5.0, 4.0, -3.0; 5
-4.0, 4.0, -3.0; 3
-1.0, 4.0, -3.0; 1
0.0, 4.0, -3.0; 20
1.0, 4.0, -3.0; 96
2.0, 4.0, -3.0; 46
3.0, 4.0, -3.0; 13
4.0, 4.0, -3.0; 19
5.0, 4.0, -3.0; 17
6.0, 4.0, -3.0; 1
7.0, 4.0, -3.0; 4
8.0, 4.0, -3.0; 2
-9.0, 5.0, -3.0; 2
-8.0, 5.0, -3.0; 20
-7.0, 5.0, -3.0; 18
-6.0, 5.0, -3.0; 4
-5.0, 5.0, -3.0; 2
-4.0, 5.0, -3.0; 1
-3.0, 5.0, -3.0; 3
-2.0, 5.0, -3.0; 39
-1.0, 5.0, -3.0; 223
0.0, 5.0, -3.0; 274
1.0, 5.0, -3.0; 94
2.0, 5.0, -3.0; 9
3.0, 5.0, -3.0; 10
4.0, 5.0, -3.0; 17
5.0, 5.0, -3.0; 3
6.0, 5.0, -3.0; 1
7.0, 5.0, -3.0; 1
-8.0, 6.0, -3.0; 2
-7.0, 6.0, -3.0; 23
-6.0, 6.0, -3.0; 13
-5.0, 6.0, -3.0; 7
-3.0, 6.0, -3.0; 1
-2.0, 6.0, -3.0; 27
-1.0, 6.0, -3.0; 119
0.0, 6.0, -3.0; 114
1.0, 6.0, -3.0; 30
2.0, 6.0, -3.0; 4
3.0, 6.0, -3.0; 8
4.0, 6.0, -3.0; 7
5.0, 6.0, -3.0; 3
6.0, 6.0, -3.0; 2
-6.0, 7.0, -3.0; 6
-5.0, 7.0, -3.0; 21
-4.0, 7.0, -3.0; 10
-3.0, 7.0, -3.0; 7
-2.0, 7.0, -3.0; 4
-1.0, 7.0, -3.0; 2
0.0, 7.0, -3.0; 3
1.0, 7.0, -3.0; 9
2.0, 7.0, -3.0; 8
3.0, 7.0, -3.0; 11
4.0, 7.0, -3.0; 2
6.0, 7.0, -3.0; 3
-6.0, 8.0, -3.0; 2
-5.0, 8.0, -3.0; 3
-4.0, 8.0, -3.0; 11
-3.0, 8.0, -3.0; 11
-2.0, 8.0, -3.0; 17
-1.0, 8.0, -3.0; 13
0.0, 8.0, -3.0; 9
1.0, 8.0, -3.0; 21
2.0, 8.0, -3.0; 16
3.0, 8.0, -3.0; 7
-3.0, 9.0, -3.0; 2
-2.0, 9.0, -3.0; 13
-1.0, 9.0, -3.0; 26
0.0, 9.0, -3.0; 22
1.0, 9.0, -3.0; 16
2.0, 9.0, -3.0; 7
-4.0, -10.0, -2.0; 15
-3.0, -10.0, -2.0; 83
-2.0, -10.0, -2.0; 103
-1.0, -10.0, -2.0; 71
0.0, -10.0, -2.0; 54
1.0, -10.0, -2.0; 35
2.0, -10.0, -2.0; 7
-6.0, -9.0, -2.0; 7
-5.0, -9.0, -2.0; 22
-4.0, -9.0, -2.0; 34
-3.0, -9.0, -2.0; 10
-2.0, -9.0, -2.0; 11
-1.0, -9.0, -2.0; 25
0.0, -9.0, -2.0; 26
1.0, -9.0, -2.0; 18
2.0, -9.0, -2.0; 15
3.0, -9.0, -2.0; 17
-7.0, -8.0, -2.0; 16
-6.0, -8.0, -2.0; 13
-5.0, -8.0, -2.0; 11
-4.0, -8.0, -2.0; 6
-3.0, -8.0, -2.0; 2
-2.0, -8.0, -2.0; 4
-1.0, -8.0, -2.0; 14
0.0, -8.0, -2.0; 16
1.0, -8.0, -2.0; 6
2.0, -8.0, -2.0; 8
3.0, -8.0, -2.0; 8
4.0, -8.0, -2.0; 7
5.0, -8.0, -2.0; 3
-8.0, -7.0, -2.0; 7
-7.0, -7.0, -2.0; 16
-6.0, -7.0, -2.0; 9
-5.0, -7.0, -2.0; 1
-4.0, -7.0, -2.0; 1
-3.0, -7.0, -2.0; 2
-2.0, -7.0, -2.0; 2
-1.0, -7.0, -2.0; 36
0.0, -7.0, -2.0; 147
1.0, -7.0, -2.0; 97
2.0, -7.0, -2.0; 7
3.0, -7.0, -2.0; 5
4.0, -7.0, -2.0; 4
5.0, -7.0, -2.0; 6
6.0, -7.0, -2.0; 8
7.0, -7.0, -2.0; 1
-9.0, -6.0, -2.0; 1
-8.0, -6.0, -2.0; 25
-7.0, -6.0, -2.0; 18
-6.0, -6.0, -2.0; 3
-2.0, -6.0, -2.0; 1
-1.0, -6.0, -2.0; 21
0.0, -6.0, -2.0; 74
1.0, -6.0, -2.0; 800
2.0, -6.0, -2.0; 122
3.0, -6.0, -2.0; 15
4.0, -6.0, -2.0; 10
5.0, -6.0, -2.0; 9
6.0, -6.0, -2.0; 1
7.0, -6.0, -2.0; 1
8.0, -6.0, -2.0; 1
-9.0, -5.0, -2.0; 12
-8.0, -5.0, -2.0; 23
-7.0, -5.0, -2.0; 6
-6.0, -5.0, -2.0; 3
-5.0, -5.0, -2.0; 1
-1.0, -5.0, -2.0; 1
0.0, -5.0, -2.0; 2
1.0, -5.0, -2.0; 18
2.0, -5.0, -2.0; 58
3.0, -5.0, -2.0; 11
4.0, -5.0, -2.0; 9
5.0, -5.0, -2.0; 12
6.0, -5.0, -2.0; 5
-10.0, -4.0, -2.0; 6
-9.0, -4.0, -2.0; 28
-8.0, -4.0, -2.0; 28
-7.0, -4.0, -2.0; 8
-6.0, -4.0, -2.0; 13
-5.0, -4.0, -2.0; 7
2.0, -4.0, -2.0; 4
3.0, -4.0, -2.0; 10
4.0, -4.0, -2.0; 5
5.0, -4.0, -2.0; 14
6.0, -4.0, -2.0; 8
7.0, -4.0, -2.0; 2
-10.0, -3.0, -2.0; 7
-9.0, -3.0, -2.0; 22
-8.0, -3.0, -2.0; 13
-7.0, -3.0, -2.0; 13
-6.0, -3.0, -2.0; 39
-5.0, -3.0, -2.0; 27
-4.0, -3.0, -2.0; 1
5.0, -3.0, -2.0; 21
6.0, -3.0, -2.0; 7
7.0, -3.0, -2.0; 2
8.0, -3.0, -2.0; 1
9.0, -3.0, -2.0; 1
-10.0, -2.0, -2.0; 8
-9.0, -2.0, -2.0; 18
-8.0, -2.0, -2.0; 12
-7.0, -2.0, -2.0; 12
-6.0, -2.0, -2.0; 11
-5.0, -2.0, -2.0; 27
4.0, -2.0, -2.0; 1
5.0, -2.0, -2.0; 12
6.0, -2.0, -2.0; 5
7.0, -2.0, -2.0; 2
8.0, -2.0, -2.0; 1
-10.0, -1.0, -2.0; 4
-9.0, -1.0, -2.0; 11
-8.0, -1.0, -2.0; 13
-7.0, -1.0, -2.0; 8
-6.0, -1.0, -2.0; 4
-5.0, -1.0, -2.0; 4
4.0, -1.0, -2.0; 1
5.0, -1.0, -2.0; 1
6.0, -1.0, -2.0; 5
7.0, -1.0, -2.0; 2
8.0, -1.0, -2.0; 1
9.0, -1.0, -2.0; 1
-10.0, 0.0, -2.0; 4
-9.0, 0.0, -2.0; 12
-8.0, 0.0, -2.0; 7
-7.0, 0.0, -2.0; 6
-6.0, 0.0, -2.0; 34
-5.0, 0.0, -2.0; 6
4.0, 0.0, -2.0; 2
5.0, 0.0, -2.0; 1
6.0, 0.0, -2.0; 8
7.0, 0.0, -2.0; 2
-10.0, 1.0, -2.0; 10
-9.0, 1.0, -2.0; 24
-8.0, 1.0, -2.0; 16
-7.0, 1.0, -2.0; 14
-6.0, 1.0, -2.0; 1257
-5.0, 1.0, -2.0; 126
5.0, 1.0, -2.0; 3
6.0, 1.0, -2.0; 3
7.0, 1.0, -2.0; 4
-10.0, 2.0, -2.0; 7
-9.0, 2.0, -2.0; 13
-8.0, 2.0, -2.0; 13
-7.0, 2.0, -2.0; 44
-6.0, 2.0, -2.0; 95
-5.0, 2.0, -2.0; 29
3.0, 2.0, -2.0; 1
4.0, 2.0, -2.0; 6
5.0, 2.0, -2.0; 5
6.0, 2.0, -2.0; 2
7.0, 2.0, -2.0; 2
9.0, 2.0, -2.0; 1
-10.0, 3.0, -2.0; 1
-9.0, 3.0, -2.0; 14
-8.0, 3.0, -2.0; 4
-7.0, 3.0, -2.0; 8
-6.0, 3.0, -2.0; 43
-5.0, 3.0, -2.0; 5
0.0, 3.0, -2.0; 1
1.0, 3.0, -2.0; 1
2.0, 3.0, -2.0; 3
3.0, 3.0, -2.0; 4
4.0, 3.0, -2.0; 9
5.0, 3.0, -2.0; 9
7.0, 3.0, -2.0; 5
-9.0, 4.0, -2.0; 18
-8.0, 4.0, -2.0; 17
-7.0, 4.0, -2.0; 5
-6.0, 4.0, -2.0; 15
-5.0, 4.0, -2.0; 13
-2.0, 4.0, -2.0; 3
1.0, 4.0, -2.0; 24
2.0, 4.0, -2.0; 86
3.0, 4.0, -2.0; 4
4.0, 4.0, -2.0; 19
5.0, 4.0, -2.0; 9
7.0, 4.0, -2.0; 2
8.0, 4.0, -2.0; 2
-9.0, 5.0, -2.0; 3
-8.0, 5.0, -2.0; 18
-7.0, 5.0, -2.0; 16
-5.0, 5.0, -2.0; 2
-4.0, 5.0, -2.0; 1
-3.0, 5.0, -2.0; 1
-2.0, 5.0, -2.0; 2
-1.0, 5.0, -2.0; 26
0.0, 5.0, -2.0; 94
1.0, 5.0, -2.0; 88
2.0, 5.0, -2.0; 18
3.0, 5.0, -2.0; 12
4.0, 5.0, -2.0; 25
5.0, 5.0, -2.0; 6
6.0, 5.0, -2.0; 2
7.0, 5.0, -2.0; 3
-8.0, 6.0, -2.0; 14
-7.0, 6.0, -2.0; 51
-6.0, 6.0, -2.0; 46
-5.0, 6.0, -2.0; 15
-4.0, 6.0, -2.0; 1
-3.0, 6.0, -2.0; 2
-2.0, 6.0, -2.0; 35
-1.0, 6.0, -2.0; 187
0.0, 6.0, -2.0; 383
1.0, 6.0, -2.0; 103
2.0, 6.0, -2.0; 9
3.0, 6.0, -2.0; 7
4.0, 6.0, -2.0; 4
5.0, 6.0, -2.0; 4
6.0, 6.0, -2.0; 2
-7.0, 7.0, -2.0; 3
-6.0, 7.0, -2.0; 20
-5.0, 7.0, -2.0; 33
-4.0, 7.0, -2.0; 19
-3.0, 7.0, -2.0; 3
-2.0, 7.0, -2.0; 2
-1.0, 7.0, -2.0; 6
0.0, 7.0, -2.0; 10
1.0, 7.0, -2.0; 3
2.0, 7.0, -2.0; 9
3.0, 7.0, -2.0; 6
4.0, 7.0, -2.0; 2
5.0, 7.0, -2.0; 2
6.0, 7.0, -2.0; 1
-6.0, 8.0, -2.0; 2
-5.0, 8.0, -2.0; 10
-4.0, 8.0, -2.0; 17
-3.0, 8.0, -2.0; 24
-2.0, 8.0, -2.0; 28
-1.0, 8.0, -2.0; 12
0.0, 8.0, -2.0; 20
1.0, 8.0, -2.0; 15
2.0, 8.0, -2.0; 11
3.0, 8.0, -2.0; 12
4.0, 8.0, -2.0; 2
-4.0, 9.0, -2.0; 1
-3.0, 9.0, -2.0; 8
-2.0, 9.0, -2.0; 22
-1.0, 9.0, -2.0; 37
0.0, 9.0, -2.0; 43
1.0, 9.0, -2.0; 28
2.0, 9.0, -2.0; 20
3.0, 9.0, -2.0; 2
-5.0, -10.0, -1.0; 2
-4.0, -10.0, -1.0; 55
-3.0, -10.0, -1.0; 101
-2.0, -10.0, -1.0; 98
-1.0, -10.0, -1.0; 105
0.0, -10.0, -1.0; 59
1.0, -10.0, -1.0; 31
2.0, -10.0, -1.0; 8
3.0, -10.0, -1.0; 2
-6.0, -9.0, -1.0; 30
-5.0, -9.0, -1.0; 51
-4.0, -9.0, -1.0; 28
-3.0, -9.0, -1.0; 14
-2.0, -9.0, -1.0; 19
-1.0, -9.0, -1.0; 11
0.0, -9.0, -1.0; 14
1.0, -9.0, -1.0; 13
2.0, -9.0, -1.0; 9
3.0, -9.0, -1.0; 13
4.0, -9.0, -1.0; 2
5.0, -9.0, -1.0; 1
-8.0, -8.0, -1.0; 1
-7.0, -8.0, -1.0; 27
-6.0, -8.0, -1.0; 33
-5.0, -8.0, -1.0; 10
-4.0, -8.0, -1.0; 1
-3.0, -8.0, -1.0; 1
-2.0, -8.0, -1.0; 23
-1.0, -8.0, -1.0; 46
0.0, -8.0, -1.0; 23
1.0, -8.0, -1.0; 9
2.0, -8.0, -1.0; 3
3.0, -8.0, -1.0; 2
4.0, -8.0, -1.0; 6
5.0, -8.0, -1.0; 6
-8.0, -7.0, -1.0; 21
-7.0, -7.0, -1.0; 19
-6.0, -7.0, -1.0; 7
-5.0, -7.0, -1.0; 1
-4.0, -7.0, -1.0; 3
-3.0, -7.0, -1.0; 1
-2.0, -7.0, -1.0; 28
-1.0, -7.0, -1.0; 178
0.0, -7.0, -1.0; 353
1.0, -7.0, -1.0; 110
2.0, -7.0, -1.0; 8
3.0, -7.0, -1.0; 11
4.0, -7.0, -1.0; 4
5.0, -7.0, -1.0; 7
6.0, -7.0, -1.0; 4
7.0, -7.0, -1.0; 1
-9.0, -6.0, -1.0; 10
-8.0, -6.0, -1.0; 31
-7.0, -6.0, -1.0; 10
-6.0, -6.0, -1.0; 4
-5.0, -6.0, -1.0; 2
-3.0, -6.0, -1.0; 1
-1.0, -6.0, -1.0; 8
0.0, -6.0, -1.0; 46
1.0, -6.0, -1.0; 64
2.0, -6.0, -1.0; 39
3.0, -6.0, -1.0; 15
4.0, -6.0, -1.0; 8
5.0, -6.0, -1.0; 7
6.0, -6.0, -1.0; 5
-10.0, -5.0, -1.0; 1
-9.0, -5.0, -1.0; 21
-8.0, -5.0, -1.0; 22
-7.0, -5.0, -1.0; 7
-6.0, -5.0, -1.0; 19
-5.0, -5.0, -1.0; 2
0.0, -5.0, -1.0; 1
1.0, -5.0, -1.0; 2
2.0, -5.0, -1.0; 22
3.0, -5.0, -1.0; 11
4.0, -5.0, -1.0; 8
5.0, -5.0, -1.0; 6
6.0, -5.0, -1.0; 4
8.0, -5.0, -1.0; 1
-10.0, -4.0, -1.0; 7
-9.0, -4.0, -1.0; 35
-8.0, -4.0, -1.0; 38
-7.0, -4.0, -1.0; 26
-6.0, -4.0, -1.0; 11
-5.0, -4.0, -1.0; 8
3.0, -4.0, -1.0; 1
5.0, -4.0, -1.0; 17
6.0, -4.0, -1.0; 3
7.0, -4.0, -1.0; 1
8.0, -4.0, -1.0; 1
-10.0, -3.0, -1.0; 11
-9.0, -3.0, -1.0; 25
-8.0, -3.0, -1.0; 15
-7.0, -3.0, -1.0; 13
-6.0, -3.0, -1.0; 31
-5.0, -3.0, -1.0; 8
4.0, -3.0, -1.0; 1
5.0, -3.0, -1.0; 21
6.0, -3.0, -1.0; 5
7.0, -3.0, -1.0; 2
9.0, -3.0, -1.0; 1
-10.0, -2.0, -1.0; 6
-9.0, -2.0, -1.0; 18
-8.0, -2.0, -1.0; 19
-7.0, -2.0, -1.0; 9
-6.0, -2.0, -1.0; 5
-5.0, -2.0, -1.0; 6
5.0, -2.0, -1.0; 3
6.0, -2.0, -1.0; 2
7.0, -2.0, -1.0; 2
8.0, -2.0, -1.0; 4
-10.0, -1.0, -1.0; 5
-9.0, -1.0, -1.0; 8
-8.0, -1.0, -1.0; 15
-7.0, -1.0, -1.0; 20
-6.0, -1.0, -1.0; 1
-5.0, -1.0, -1.0; 2
5.0, -1.0, -1.0; 5
6.0, -1.0, -1.0; 1
9.0, -1.0, -1.0; 2
-10.0, 0.0, -1.0; 3
-9.0, 0.0, -1.0; 10
-8.0, 0.0, -1.0; 13
-7.0, 0.0, -1.0; 8
-6.0, 0.0, -1.0; 27
-5.0, 0.0, -1.0; 5
4.0, 0.0, -1.0; 2
7.0, 0.0, -1.0; 1
-10.0, 1.0, -1.0; 8
-9.0, 1.0, -1.0; 9
-8.0, 1.0, -1.0; 15
-7.0, 1.0, -1.0; 5
-6.0, 1.0, -1.0; 3146
-5.0, 1.0, -1.0; 222
5.0, 1.0, -1.0; 1
6.0, 1.0, -1.0; 1
7.0, 1.0, -1.0; 5
8.0, 1.0, -1.0; 1
-10.0, 2.0, -1.0; 3
-9.0, 2.0, -1.0; 14
-8.0, 2.0, -1.0; 13
-7.0, 2.0, -1.0; 16
-6.0, 2.0, -1.0; 179
-5.0, 2.0, -1.0; 127
4.0, 2.0, -1.0; 1
5.0, 2.0, -1.0; 4
6.0, 2.0, -1.0; 3
7.0, 2.0, -1.0; 1
-10.0, 3.0, -1.0; 1
-9.0, 3.0, -1.0; 8
-8.0, 3.0, -1.0; 15
-7.0, 3.0, -1.0; 10
-6.0, 3.0, -1.0; 37
-5.0, 3.0, -1.0; 16
-4.0, 3.0, -1.0; 1
2.0, 3.0, -1.0; 1
4.0, 3.0, -1.0; 9
5.0, 3.0, -1.0; 8
6.0, 3.0, -1.0; 2
7.0, 3.0, -1.0; 3
-9.0, 4.0, -1.0; 12
-8.0, 4.0, -1.0; 21
-7.0, 4.0, -1.0; 3
-6.0, 4.0, -1.0; 29
-5.0, 4.0, -1.0; 35
-4.0, 4.0, -1.0; 4
-3.0, 4.0, -1.0; 1
1.0, 4.0, -1.0; 4
2.0, 4.0, -1.0; 56
3.0, 4.0, -1.0; 4
4.0, 4.0, -1.0; 17
5.0, 4.0, -1.0; 6
6.0, 4.0, -1.0; 1
7.0, 4.0, -1.0; 1
8.0, 4.0, -1.0; 1
-9.0, 5.0, -1.0; 7
-8.0, 5.0, -1.0; 26
-7.0, 5.0, -1.0; 33
-6.0, 5.0, -1.0; 2
-5.0, 5.0, -1.0; 25
-4.0, 5.0, -1.0; 38
-3.0, 5.0, -1.0; 4
-2.0, 5.0, -1.0; 1
0.0, 5.0, -1.0; 25
1.0, 5.0, -1.0; 55
2.0, 5.0, -1.0; 27
3.0, 5.0, -1.0; 12
4.0, 5.0, -1.0; 14
5.0, 5.0, -1.0; 12
6.0, 5.0, -1.0; 2
7.0, 5.0, -1.0; 2
8.0, 5.0, -1.0; 1
-8.0, 6.0, -1.0; 14
-7.0, 6.0, -1.0; 254
-6.0, 6.0, -1.0; 1027
-5.0, 6.0, -1.0; 86
-4.0, 6.0, -1.0; 14
-3.0, 6.0, -1.0; 8
-2.0, 6.0, -1.0; 40
-1.0, 6.0, -1.0; 204
0.0, 6.0, -1.0; 486
1.0, 6.0, -1.0; 154
2.0, 6.0, -1.0; 7
3.0, 6.0, -1.0; 9
4.0, 6.0, -1.0; 4
5.0, 6.0, -1.0; 8
6.0, 6.0, -1.0; 3
7.0, 6.0, -1.0; 1
-7.0, 7.0, -1.0; 10
-6.0, 7.0, -1.0; 82
-5.0, 7.0, -1.0; 136
-4.0, 7.0, -1.0; 63
-3.0, 7.0, -1.0; 11
-2.0, 7.0, -1.0; 13
-1.0, 7.0, -1.0; 55
0.0, 7.0, -1.0; 43
1.0, 7.0, -1.0; 4
2.0, 7.0, -1.0; 9
3.0, 7.0, -1.0; 6
4.0, 7.0, -1.0; 3
5.0, 7.0, -1.0; 1
6.0, 7.0, -1.0; 1
-6.0, 8.0, -1.0; 4
-5.0, 8.0, -1.0; 10
-4.0, 8.0, -1.0; 12
-3.0, 8.0, -1.0; 28
-2.0, 8.0, -1.0; 14
-1.0, 8.0, -1.0; 11
0.0, 8.0, -1.0; 9
1.0, 8.0, -1.0; 11
2.0, 8.0, -1.0; 9
3.0, 8.0, -1.0; 9
4.0, 8.0, -1.0; 5
-5.0, 9.0, -1.0; 1
-4.0, 9.0, -1.0; 8
-3.0, 9.0, -1.0; 24
-2.0, 9.0, -1.0; 46
-1.0, 9.0, -1.0; 82
0.0, 9.0, -1.0; 83
1.0, 9.0, -1.0; 53
2.0, 9.0, -1.0; 13
3.0, 9.0, -1.0; 1
-5.0, -10.0, 0.0; 7
-4.0, -10.0, 0.0; 28
-3.0, -10.0, 0.0; 52
-2.0, -10.0, 0.0; 58
-1.0, -10.0, 0.0; 55
0.0, -10.0, 0.0; 39
1.0, -10.0, 0.0; 21
2.0, -10.0, 0.0; 8
3.0, -10.0, 0.0; 2
-6.0, -9.0, 0.0; 19
-5.0, -9.0, 0.0; 49
-4.0, -9.0, 0.0; 36
-3.0, -9.0, 0.0; 21
-2.0, -9.0, 0.0; 17
-1.0, -9.0, 0.0; 12
0.0, -9.0, 0.0; 10
1.0, -9.0, 0.0; 12
2.0, -9.0, 0.0; 15
3.0, -9.0, 0.0; 5
4.0, -9.0, 0.0; 1
5.0, -9.0, 0.0; 2
-7.0, -8.0, 0.0; 16
-6.0, -8.0, 0.0; 68
-5.0, -8.0, 0.0; 25
-4.0, -8.0, 0.0; 3
-3.0, -8.0, 0.0; 1
-2.0, -8.0, 0.0; 49
-1.0, -8.0, 0.0; 35
0.0, -8.0, 0.0; 6
1.0, -8.0, 0.0; 4
2.0, -8.0, 0.0; 10
3.0, -8.0, 0.0; 10
4.0, -8.0, 0.0; 3
5.0, -8.0, 0.0; 3
6.0, -8.0, 0.0; 2
-8.0, -7.0, 0.0; 11
-7.0, -7.0, 0.0; 43
-6.0, -7.0, 0.0; 17
-5.0, -7.0, 0.0; 1
-4.0, -7.0, 0.0; 17
-3.0, -7.0, 0.0; 111
-2.0, -7.0, 0.0; 274
-1.0, -7.0, 0.0; 479
0.0, -7.0, 0.0; 341
1.0, -7.0, 0.0; 42
2.0, -7.0, 0.0; 17
3.0, -7.0, 0.0; 8
4.0, -7.0, 0.0; 7
5.0, -7.0, 0.0; 1
6.0, -7.0, 0.0; 2
7.0, -7.0, 0.0; 1
-9.0, -6.0, 0.0; 4
-8.0, -6.0, 0.0; 33
-7.0, -6.0, 0.0; 20
-6.0, -6.0, 0.0; 9
-5.0, -6.0, 0.0; 40
-4.0, -6.0, 0.0; 8
-3.0, -6.0, 0.0; 5
-2.0, -6.0, 0.0; 7
-1.0, -6.0, 0.0; 24
0.0, -6.0, 0.0; 57
1.0, -6.0, 0.0; 65
2.0, -6.0, 0.0; 17
3.0, -6.0, 0.0; 18
4.0, -6.0, 0.0; 9
5.0, -6.0, 0.0; 5
6.0, -6.0, 0.0; 2
7.0, -6.0, 0.0; 2
-9.0, -5.0, 0.0; 25
-8.0, -5.0, 0.0; 39
-7.0, -5.0, 0.0; 5
-6.0, -5.0, 0.0; 68
-5.0, -5.0, 0.0; 1
-4.0, -5.0, 0.0; 1
-3.0, -5.0, 0.0; 5
-2.0, -5.0, 0.0; 1
-1.0, -5.0, 0.0; 1
0.0, -5.0, 0.0; 3
1.0, -5.0, 0.0; 2
2.0, -5.0, 0.0; 6
3.0, -5.0, 0.0; 3
4.0, -5.0, 0.0; 5
5.0, -5.0, 0.0; 2
6.0, -5.0, 0.0; 5
7.0, -5.0, 0.0; 1
-10.0, -4.0, 0.0; 6
-9.0, -4.0, 0.0; 26
-8.0, -4.0, 0.0; 28
-7.0, -4.0, 0.0; 16
-6.0, -4.0, 0.0; 44
-5.0, -4.0, 0.0; 5
2.0, -4.0, 0.0; 1
3.0, -4.0, 0.0; 1
5.0, -4.0, 0.0; 9
6.0, -4.0, 0.0; 6
7.0, -4.0, 0.0; 4
8.0, -4.0, 0.0; 8
-10.0, -3.0, 0.0; 6
-9.0, -3.0, 0.0; 29
-8.0, -3.0, 0.0; 22
-7.0, -3.0, 0.0; 11
-6.0, -3.0, 0.0; 14
-5.0, -3.0, 0.0; 11
5.0, -3.0, 0.0; 8
6.0, -3.0, 0.0; 4
7.0, -3.0, 0.0; 1
8.0, -3.0, 0.0; 2
-10.0, -2.0, 0.0; 7
-9.0, -2.0, 0.0; 9
-8.0, -2.0, 0.0; 20
-7.0, -2.0, 0.0; 16
-6.0, -2.0, 0.0; 3
-5.0, -2.0, 0.0; 1
5.0, -2.0, 0.0; 1
6.0, -2.0, 0.0; 1
7.0, -2.0, 0.0; 2
9.0, -2.0, 0.0; 1
-10.0, -1.0, 0.0; 9
-9.0, -1.0, 0.0; 10
-8.0, -1.0, 0.0; 23
-7.0, -1.0, 0.0; 25
-6.0, -1.0, 0.0; 6
-5.0, -1.0, 0.0; 2
5.0, -1.0, 0.0; 1
6.0, -1.0, 0.0; 1
7.0, -1.0, 0.0; 1
8.0, -1.0, 0.0; 1
9.0, -1.0, 0.0; 1
-10.0, 0.0, 0.0; 5
-9.0, 0.0, 0.0; 15
-8.0, 0.0, 0.0; 12
-7.0, 0.0, 0.0; 13
-6.0, 0.0, 0.0; 13
-5.0, 0.0, 0.0; 2
6.0
21.9318860244
