5.0, 0.0, 0.0; 1
-10.0, 1.0, 0.0; 1
-9.0, 1.0, 0.0; 2
-8.0, 1.0, 0.0; 10
-7.0, 1.0, 0.0; 4
-6.0, 1.0, 0.0; 68
-5.0, 1.0, 0.0; 36
6.0, 1.0, 0.0; 3
-9.0, 2.0, 0.0; 5
-8.0, 2.0, 0.0; 5
-7.0, 2.0, 0.0; 2
-6.0, 2.0, 0.0; 33
-5.0, 2.0, 0.0; 125
3.0, 2.0, 0.0; 1
4.0, 2.0, 0.0; 1
6.0, 2.0, 0.0; 1
7.0, 2.0, 0.0; 1
8.0, 2.0, 0.0; 1
-10.0, 3.0, 0.0; 1
-9.0, 3.0, 0.0; 13
-8.0, 3.0, 0.0; 5
-7.0, 3.0, 0.0; 1
-6.0, 3.0, 0.0; 9
-5.0, 3.0, 0.0; 30
-4.0, 3.0, 0.0; 1
-3.0, 3.0, 0.0; 1
3.0, 3.0, 0.0; 1
4.0, 3.0, 0.0; 2
5.0, 3.0, 0.0; 2
7.0, 3.0, 0.0; 1
8.0, 3.0, 0.0; 3
-9.0, 4.0, 0.0; 9
-8.0, 4.0, 0.0; 8
-7.0, 4.0, 0.0; 11
-6.0, 4.0, 0.0; 8
-5.0, 4.0, 0.0; 21
-4.0, 4.0, 0.0; 7
0.0, 4.0, 0.0; 1
1.0, 4.0, 0.0; 1
2.0, 4.0, 0.0; 4
3.0, 4.0, 0.0; 3
4.0, 4.0, 0.0; 2
5.0, 4.0, 0.0; 4
7.0, 4.0, 0.0; 1
8.0, 4.0, 0.0; 1
-9.0, 5.0, 0.0; 3
-8.0, 5.0, 0.0; 8
-7.0, 5.0, 0.0; 11
-6.0, 5.0, 0.0; 5
-5.0, 5.0, 0.0; 10
-4.0, 5.0, 0.0; 17
-3.0, 5.0, 0.0; 10
-2.0, 5.0, 0.0; 7
-1.0, 5.0, 0.0; 10
0.0, 5.0, 0.0; 20
1.0, 5.0, 0.0; 23
2.0, 5.0, 0.0; 5
3.0, 5.0, 0.0; 5
4.0, 5.0, 0.0; 3
5.0, 5.0, 0.0; 1
7.0, 5.0, 0.0; 5
-8.0, 6.0, 0.0; 6
-7.0, 6.0, 0.0; 55
-6.0, 6.0, 0.0; 281
-5.0, 6.0, 0.0; 46
-4.0, 6.0, 0.0; 19
-3.0, 6.0, 0.0; 29
-2.0, 6.0, 0.0; 44
-1.0, 6.0, 0.0; 102
0.0, 6.0, 0.0; 96
1.0, 6.0, 0.0; 19
2.0, 6.0, 0.0; 3
3.0, 6.0, 0.0; 7
4.0, 6.0, 0.0; 1
6.0, 6.0, 0.0; 1
-7.0, 7.0, 0.0; 7
-6.0, 7.0, 0.0; 22
-5.0, 7.0, 0.0; 34
-4.0, 7.0, 0.0; 10
-3.0, 7.0, 0.0; 6
-2.0, 7.0, 0.0; 8
-1.0, 7.0, 0.0; 51
0.0, 7.0, 0.0; 19
1.0, 7.0, 0.0; 1
2.0, 7.0, 0.0; 5
3.0, 7.0, 0.0; 2
4.0, 7.0, 0.0; 3
5.0, 7.0, 0.0; 2
-6.0, 8.0, 0.0; 1
-5.0, 8.0, 0.0; 1
-4.0, 8.0, 0.0; 5
-3.0, 8.0, 0.0; 5
-2.0, 8.0, 0.0; 8
-1.0, 8.0, 0.0; 8
0.0, 8.0, 0.0; 9
1.0, 8.0, 0.0; 11
2.0, 8.0, 0.0; 14
3.0, 8.0, 0.0; 6
4.0, 8.0, 0.0; 1
-4.0, 9.0, 0.0; 4
-3.0, 9.0, 0.0; 21
-2.0, 9.0, 0.0; 34
-1.0, 9.0, 0.0; 37
0.0, 9.0, 0.0; 28
1.0, 9.0, 0.0; 8
2.0, 9.0, 0.0; 5
-4.0, -10.0, 1.0; 6
-3.0, -10.0, 1.0; 13
-2.0, -10.0, 1.0; 20
-1.0, -10.0, 1.0; 18
0.0, -10.0, 1.0; 13
1.0, -10.0, 1.0; 2
2.0, -10.0, 1.0; 2
-6.0, -9.0, 1.0; 4
-5.0, -9.0, 1.0; 12
-4.0, -9.0, 1.0; 14
-3.0, -9.0, 1.0; 12
-2.0, -9.0, 1.0; 10
-1.0, -9.0, 1.0; 4
0.0, -9.0, 1.0; 12
1.0, -9.0, 1.0; 3
3.0, -9.0, 1.0; 2
4.0, -9.0, 1.0; 1
-7.0, -8.0, 1.0; 11
-6.0, -8.0, 1.0; 17
-5.0, -8.0, 1.0; 13
-4.0, -8.0, 1.0; 3
-2.0, -8.0, 1.0; 1
-1.0, -8.0, 1.0; 2
0.0, -8.0, 1.0; 3
1.0, -8.0, 1.0; 2
2.0, -8.0, 1.0; 4
3.0, -8.0, 1.0; 2
4.0, -8.0, 1.0; 1
5.0, -8.0, 1.0; 4
-8.0, -7.0, 1.0; 2
-7.0, -7.0, 1.0; 9
-6.0, -7.0, 1.0; 16
-5.0, -7.0, 1.0; 3
-4.0, -7.0, 1.0; 51
-3.0, -7.0, 1.0; 144
-2.0, -7.0, 1.0; 186
-1.0, -7.0, 1.0; 145
0.0, -7.0, 1.0; 26
1.0, -7.0, 1.0; 6
2.0, -7.0, 1.0; 2
3.0, -7.0, 1.0; 5
4.0, -7.0, 1.0; 2
5.0, -7.0, 1.0; 6
6.0, -7.0, 1.0; 1
-9.0, -6.0, 1.0; 2
-8.0, -6.0, 1.0; 3
-7.0, -6.0, 1.0; 11
-6.0, -6.0, 1.0; 3
-5.0, -6.0, 1.0; 96
-4.0, -6.0, 1.0; 139
-3.0, -6.0, 1.0; 65
-2.0, -6.0, 1.0; 56
-1.0, -6.0, 1.0; 42
0.0, -6.0, 1.0; 46
1.0, -6.0, 1.0; 13
2.0, -6.0, 1.0; 15
3.0, -6.0, 1.0; 4
4.0, -6.0, 1.0; 1
-9.0, -5.0, 1.0; 2
-8.0, -5.0, 1.0; 11
-7.0, -5.0, 1.0; 5
-6.0, -5.0, 1.0; 29
-5.0, -5.0, 1.0; 55
-1.0, -5.0, 1.0; 2
0.0, -5.0, 1.0; 1
2.0, -5.0, 1.0; 7
3.0, -5.0, 1.0; 5
4.0, -5.0, 1.0; 2
5.0, -5.0, 1.0; 1
6.0, -5.0, 1.0; 1
7.0, -5.0, 1.0; 1
-10.0, -4.0, 1.0; 1
-9.0, -4.0, 1.0; 3
-8.0, -4.0, 1.0; 11
-7.0, -4.0, 1.0; 2
-6.0, -4.0, 1.0; 35
-5.0, -4.0, 1.0; 4
-4.0, -4.0, 1.0; 2
3.0, -4.0, 1.0; 1
-9.0, -3.0, 1.0; 3
-8.0, -3.0, 1.0; 10
-7.0, -3.0, 1.0; 2
-6.0, -3.0, 1.0; 5
-5.0, -3.0, 1.0; 1
6.0, -3.0, 1.0; 1
-10.0, -2.0, 1.0; 3
-9.0, -2.0, 1.0; 3
-8.0, -2.0, 1.0; 6
-7.0, -2.0, 1.0; 3
-6.0, -2.0, 1.0; 2
-9.0, -1.0, 1.0; 3
-8.0, -1.0, 1.0; 5
-7.0, -1.0, 1.0; 8
-6.0, -1.0, 1.0; 7
4.0, -1.0, 1.0; 1
-8.0, 0.0, 1.0; 6
-7.0, 0.0, 1.0; 7
-6.0, 0.0, 1.0; 14
-5.0, 0.0, 1.0; 4
5.0, 0.0, 1.0; 1
8.0, 0.0, 1.0; 2
-10.0, 1.0, 1.0; 1
-9.0, 1.0, 1.0; 2
-8.0, 1.0, 1.0; 4
-7.0, 1.0, 1.0; 4
-6.0, 1.0, 1.0; 10
-5.0, 1.0, 1.0; 18
5.0, 1.0, 1.0; 1
-9.0, 2.0, 1.0; 3
-8.0, 2.0, 1.0; 8
-7.0, 2.0, 1.0; 1
-6.0, 2.0, 1.0; 3
-5.0, 2.0, 1.0; 70
-4.0, 2.0, 1.0; 3
4.0, 2.0, 1.0; 1
5.0, 2.0, 1.0; 1
6.0, 2.0, 1.0; 3
-9.0, 3.0, 1.0; 2
-8.0, 3.0, 1.0; 7
-7.0, 3.0, 1.0; 6
-5.0, 3.0, 1.0; 23
-4.0, 3.0, 1.0; 27
-1.0, 3.0, 1.0; 1
4.0, 3.0, 1.0; 1
5.0, 3.0, 1.0; 1
-9.0, 4.0, 1.0; 1
-8.0, 4.0, 1.0; 6
-7.0, 4.0, 1.0; 7
-6.0, 4.0, 1.0; 6
-5.0, 4.0, 1.0; 9
-4.0, 4.0, 1.0; 25
-3.0, 4.0, 1.0; 16
-2.0, 4.0, 1.0; 4
-1.0, 4.0, 1.0; 1
0.0, 4.0, 1.0; 4
1.0, 4.0, 1.0; 5
2.0, 4.0, 1.0; 4
4.0, 4.0, 1.0; 3
5.0, 4.0, 1.0; 1
6.0, 4.0, 1.0; 1
-9.0, 5.0, 1.0; 1
-8.0, 5.0, 1.0; 12
-7.0, 5.0, 1.0; 6
-6.0, 5.0, 1.0; 4
-5.0, 5.0, 1.0; 6
-4.0, 5.0, 1.0; 33
-3.0, 5.0, 1.0; 519
-2.0, 5.0, 1.0; 145
-1.0, 5.0, 1.0; 17
0.0, 5.0, 1.0; 21
1.0, 5.0, 1.0; 23
2.0, 5.0, 1.0; 2
3.0, 5.0, 1.0; 2
4.0, 5.0, 1.0; 7
5.0, 5.0, 1.0; 3
6.0, 5.0, 1.0; 1
7.0, 5.0, 1.0; 1
-8.0, 6.0, 1.0; 7
-7.0, 6.0, 1.0; 17
-6.0, 6.0, 1.0; 34
-5.0, 6.0, 1.0; 10
-4.0, 6.0, 1.0; 23
-3.0, 6.0, 1.0; 48
-2.0, 6.0, 1.0; 41
-1.0, 6.0, 1.0; 24
0.0, 6.0, 1.0; 9
1.0, 6.0, 1.0; 1
2.0, 6.0, 1.0; 3
3.0, 6.0, 1.0; 5
4.0, 6.0, 1.0; 3
5.0, 6.0, 1.0; 1
6.0, 6.0, 1.0; 1
-7.0, 7.0, 1.0; 2
-6.0, 7.0, 1.0; 4
-5.0, 7.0, 1.0; 8
-4.0, 7.0, 1.0; 7
-2.0, 7.0, 1.0; 8
-1.0, 7.0, 1.0; 16
0.0, 7.0, 1.0; 1
1.0, 7.0, 1.0; 3
2.0, 7.0, 1.0; 4
3.0, 7.0, 1.0; 6
4.0, 7.0, 1.0; 1
-6.0, 8.0, 1.0; 1
-5.0, 8.0, 1.0; 3
-4.0, 8.0, 1.0; 9
-3.0, 8.0, 1.0; 7
-2.0, 8.0, 1.0; 7
-1.0, 8.0, 1.0; 8
0.0, 8.0, 1.0; 5
1.0, 8.0, 1.0; 5
2.0, 8.0, 1.0; 6
3.0, 8.0, 1.0; 5
4.0, 8.0, 1.0; 3
-4.0, 9.0, 1.0; 3
-3.0, 9.0, 1.0; 14
-2.0, 9.0, 1.0; 25
-1.0, 9.0, 1.0; 16
0.0, 9.0, 1.0; 16
1.0, 9.0, 1.0; 11
2.0, 9.0, 1.0; 2
-3.0, -10.0, 2.0; 4
-2.0, -10.0, 2.0; 6
-1.0, -10.0, 2.0; 2
0.0, -10.0, 2.0; 4
1.0, -10.0, 2.0; 1
-5.0, -9.0, 2.0; 9
-4.0, -9.0, 2.0; 10
-3.0, -9.0, 2.0; 15
-2.0, -9.0, 2.0; 12
-1.0, -9.0, 2.0; 9
0.0, -9.0, 2.0; 5
1.0, -9.0, 2.0; 5
2.0, -9.0, 2.0; 2
3.0, -9.0, 2.0; 1
-7.0, -8.0, 2.0; 2
-6.0, -8.0, 2.0; 14
-5.0, -8.0, 2.0; 15
-4.0, -8.0, 2.0; 14
-3.0, -8.0, 2.0; 4
-2.0, -8.0, 2.0; 6
-1.0, -8.0, 2.0; 4
0.0, -8.0, 2.0; 6
1.0, -8.0, 2.0; 3
2.0, -8.0, 2.0; 2
3.0, -8.0, 2.0; 1
4.0, -8.0, 2.0; 2
5.0, -8.0, 2.0; 1
-7.0, -7.0, 2.0; 8
-6.0, -7.0, 2.0; 13
-5.0, -7.0, 2.0; 6
-3.0, -7.0, 2.0; 18
-2.0, -7.0, 2.0; 14
-1.0, -7.0, 2.0; 11
0.0, -7.0, 2.0; 2
1.0, -7.0, 2.0; 5
2.0, -7.0, 2.0; 6
3.0, -7.0, 2.0; 3
5.0, -7.0, 2.0; 1
6.0, -7.0, 2.0; 1
-8.0, -6.0, 2.0; 2
-7.0, -6.0, 2.0; 11
-6.0, -6.0, 2.0; 5
-5.0, -6.0, 2.0; 3
-4.0, -6.0, 2.0; 54
-3.0, -6.0, 2.0; 93
-2.0, -6.0, 2.0; 63
-1.0, -6.0, 2.0; 13
0.0, -6.0, 2.0; 4
1.0, -6.0, 2.0; 2
2.0, -6.0, 2.0; 7
-8.0, -5.0, 2.0; 5
-7.0, -5.0, 2.0; 10
-6.0, -5.0, 2.0; 1
-5.0, -5.0, 2.0; 35
-4.0, -5.0, 2.0; 40
-3.0, -5.0, 2.0; 13
-2.0, -5.0, 2.0; 2
-1.0, -5.0, 2.0; 2
1.0, -5.0, 2.0; 1
2.0, -5.0, 2.0; 5
3.0, -5.0, 2.0; 1
4.0, -5.0, 2.0; 1
6.0, -5.0, 2.0; 1
7.0, -5.0, 2.0; 1
-9.0, -4.0, 2.0; 1
-8.0, -4.0, 2.0; 5
-7.0, -4.0, 2.0; 5
-6.0, -4.0, 2.0; 5
-5.0, -4.0, 2.0; 14
-4.0, -4.0, 2.0; 1
-2.0, -4.0, 2.0; 2
1.0, -4.0, 2.0; 1
2.0, -4.0, 2.0; 1
3.0, -4.0, 2.0; 2
4.0, -4.0, 2.0; 1
8.0, -4.0, 2.0; 1
-9.0, -3.0, 2.0; 2
-8.0, -3.0, 2.0; 6
-7.0, -3.0, 2.0; 3
-6.0, -3.0, 2.0; 1
-5.0, -3.0, 2.0; 1
2.0, -3.0, 2.0; 1
3.0, -3.0, 2.0; 1
6.0, -3.0, 2.0; 1
-10.0, -2.0, 2.0; 1
-9.0, -2.0, 2.0; 3
-8.0, -2.0, 2.0; 5
-7.0, -2.0, 2.0; 6
-6.0, -2.0, 2.0; 5
6.0, -2.0, 2.0; 1
-10.0, -1.0, 2.0; 3
-9.0, -1.0, 2.0; 2
-8.0, -1.0, 2.0; 2
-7.0, -1.0, 2.0; 6
-6.0, -1.0, 2.0; 11
-5.0, -1.0, 2.0; 2
5.0, -1.0, 2.0; 1
-10.0, 0.0, 2.0; 1
-9.0, 0.0, 2.0; 4
-8.0, 0.0, 2.0; 2
-7.0, 0.0, 2.0; 5
-6.0, 0.0, 2.0; 17
-5.0, 0.0, 2.0; 3
5.0, 0.0, 2.0; 3
-10.0, 1.0, 2.0; 2
-9.0, 1.0, 2.0; 3
-8.0, 1.0, 2.0; 4
-7.0, 1.0, 2.0; 2
-6.0, 1.0, 2.0; 8
-5.0, 1.0, 2.0; 116
-4.0, 1.0, 2.0; 58
-3.0, 1.0, 2.0; 3
4.0, 1.0, 2.0; 1
5.0, 1.0, 2.0; 1
6.0, 1.0, 2.0; 2
-10.0, 2.0, 2.0; 2
-9.0, 2.0, 2.0; 2
-8.0, 2.0, 2.0; 2
-7.0, 2.0, 2.0; 5
-6.0, 2.0, 2.0; 5
-5.0, 2.0, 2.0; 154
-4.0, 2.0, 2.0; 443
-3.0, 2.0, 2.0; 4
3.0, 2.0, 2.0; 2
4.0, 2.0, 2.0; 1
-10.0, 3.0, 2.0; 1
-9.0, 3.0, 2.0; 3
-8.0, 3.0, 2.0; 9
-7.0, 3.0, 2.0; 5
-6.0, 3.0, 2.0; 1
-5.0, 3.0, 2.0; 10
-4.0, 3.0, 2.0; 42
-3.0, 3.0, 2.0; 11
-2.0, 3.0, 2.0; 1
-1.0, 3.0, 2.0; 2
0.0, 3.0, 2.0; 2
1.0, 3.0, 2.0; 2
2.0, 3.0, 2.0; 1
3.0, 3.0, 2.0; 3
5.0, 3.0, 2.0; 3
-9.0, 4.0, 2.0; 2
-8.0, 4.0, 2.0; 4
-7.0, 4.0, 2.0; 5
-6.0, 4.0, 2.0; 5
-5.0, 4.0, 2.0; 5
-4.0, 4.0, 2.0; 26
-3.0, 4.0, 2.0; 31
-2.0, 4.0, 2.0; 44
-1.0, 4.0, 2.0; 25
0.0, 4.0, 2.0; 10
1.0, 4.0, 2.0; 2
2.0, 4.0, 2.0; 3
3.0, 4.0, 2.0; 2
4.0, 4.0, 2.0; 1
5.0, 4.0, 2.0; 1
6.0, 4.0, 2.0; 3
-9.0, 5.0, 2.0; 1
-8.0, 5.0, 2.0; 9
-7.0, 5.0, 2.0; 6
-6.0, 5.0, 2.0; 5
-5.0, 5.0, 2.0; 1
-4.0, 5.0, 2.0; 11
-3.0, 5.0, 2.0; 72
-2.0, 5.0, 2.0; 76
-1.0, 5.0, 2.0; 32
0.0, 5.0, 2.0; 11
1.0, 5.0, 2.0; 2
2.0, 5.0, 2.0; 4
3.0, 5.0, 2.0; 2
4.0, 5.0, 2.0; 2
7.0, 5.0, 2.0; 1
-8.0, 6.0, 2.0; 3
-7.0, 6.0, 2.0; 14
-6.0, 6.0, 2.0; 4
-5.0, 6.0, 2.0; 5
-4.0, 6.0, 2.0; 3
-3.0, 6.0, 2.0; 3
-2.0, 6.0, 2.0; 3
1.0, 6.0, 2.0; 1
2.0, 6.0, 2.0; 5
3.0, 6.0, 2.0; 2
4.0, 6.0, 2.0; 4
5.0, 6.0, 2.0; 2
-7.0, 7.0, 2.0; 1
-6.0, 7.0, 2.0; 3
-5.0, 7.0, 2.0; 5
-4.0, 7.0, 2.0; 6
-3.0, 7.0, 2.0; 5
-2.0, 7.0, 2.0; 2
-1.0, 7.0, 2.0; 1
0.0, 7.0, 2.0; 5
1.0, 7.0, 2.0; 7
2.0, 7.0, 2.0; 3
5.0, 7.0, 2.0; 2
-5.0, 8.0, 2.0; 6
-4.0, 8.0, 2.0; 7
-3.0, 8.0, 2.0; 3
-2.0, 8.0, 2.0; 10
-1.0, 8.0, 2.0; 6
0.0, 8.0, 2.0; 6
1.0, 8.0, 2.0; 4
2.0, 8.0, 2.0; 2
3.0, 8.0, 2.0; 2
4.0, 8.0, 2.0; 1
-4.0, 9.0, 2.0; 2
-3.0, 9.0, 2.0; 11
-2.0, 9.0, 2.0; 20
-1.0, 9.0, 2.0; 12
0.0, 9.0, 2.0; 8
1.0, 9.0, 2.0; 1
-3.0, -10.0, 3.0; 1
-2.0, -10.0, 3.0; 2
-5.0, -9.0, 3.0; 2
-4.0, -9.0, 3.0; 7
-3.0, -9.0, 3.0; 14
-2.0, -9.0, 3.0; 3
-1.0, -9.0, 3.0; 7
0.0, -9.0, 3.0; 2
1.0, -9.0, 3.0; 3
3.0, -9.0, 3.0; 1
4.0, -9.0, 3.0; 1
-6.0, -8.0, 3.0; 1
-5.0, -8.0, 3.0; 7
-4.0, -8.0, 3.0; 19
-3.0, -8.0, 3.0; 9
-2.0, -8.0, 3.0; 21
-1.0, -8.0, 3.0; 5
0.0, -8.0, 3.0; 3
1.0, -8.0, 3.0; 1
2.0, -8.0, 3.0; 3
4.0, -8.0, 3.0; 3
5.0, -8.0, 3.0; 1
-7.0, -7.0, 3.0; 5
-6.0, -7.0, 3.0; 7
-5.0, -7.0, 3.0; 12
-4.0, -7.0, 3.0; 5
-3.0, -7.0, 3.0; 5
-2.0, -7.0, 3.0; 2
-1.0, -7.0, 3.0; 4
0.0, -7.0, 3.0; 4
1.0, -7.0, 3.0; 7
2.0, -7.0, 3.0; 1
4.0, -7.0, 3.0; 1
5.0, -7.0, 3.0; 1
-8.0, -6.0, 3.0; 2
-7.0, -6.0, 3.0; 10
-6.0, -6.0, 3.0; 11
-5.0, -6.0, 3.0; 6
-4.0, -6.0, 3.0; 2
-3.0, -6.0, 3.0; 2
-2.0, -6.0, 3.0; 3
0.0, -6.0, 3.0; 5
1.0, -6.0, 3.0; 3
2.0, -6.0, 3.0; 2
3.0, -6.0, 3.0; 1
6.0, -6.0, 3.0; 1
-8.0, -5.0, 3.0; 3
-7.0, -5.0, 3.0; 11
-6.0, -5.0, 3.0; 10
-4.0, -5.0, 3.0; 1
-3.0, -5.0, 3.0; 2
-2.0, -5.0, 3.0; 1
-1.0, -5.0, 3.0; 3
0.0, -5.0, 3.0; 2
1.0, -5.0, 3.0; 3
5.0, -5.0, 3.0; 1
-8.0, -4.0, 3.0; 3
-7.0, -4.0, 3.0; 10
-6.0, -4.0, 3.0; 8
-5.0, -4.0, 3.0; 2
-4.0, -4.0, 3.0; 2
-3.0, -4.0, 3.0; 1
-2.0, -4.0, 3.0; 1
-1.0, -4.0, 3.0; 2
0.0, -4.0, 3.0; 2
1.0, -4.0, 3.0; 1
5.0, -4.0, 3.0; 1
-9.0, -3.0, 3.0; 2
-8.0, -3.0, 3.0; 3
-7.0, -3.0, 3.0; 10
-6.0, -3.0, 3.0; 6
-4.0, -3.0, 3.0; 1
-3.0, -3.0, 3.0; 2
-1.0, -3.0, 3.0; 2
0.0, -3.0, 3.0; 1
3.0, -3.0, 3.0; 1
4.0, -3.0, 3.0; 1
-9.0, -2.0, 3.0; 2
-8.0, -2.0, 3.0; 4
-7.0, -2.0, 3.0; 3
-6.0, -2.0, 3.0; 12
-5.0, -2.0, 3.0; 6
-4.0, -2.0, 3.0; 5
1.0, -2.0, 3.0; 4
2.0, -2.0, 3.0; 1
3.0, -2.0, 3.0; 1
4.0, -2.0, 3.0; 1
5.0, -2.0, 3.0; 2
-10.0, -1.0, 3.0; 1
-9.0, -1.0, 3.0; 2
-8.0, -1.0, 3.0; 2
-7.0, -1.0, 3.0; 4
-6.0, -1.0, 3.0; 4
-5.0, -1.0, 3.0; 4
-4.0, -1.0, 3.0; 3
-3.0, -1.0, 3.0; 4
-2.0, -1.0, 3.0; 1
1.0, -1.0, 3.0; 1
2.0, -1.0, 3.0; 3
4.0, -1.0, 3.0; 1
-10.0, 0.0, 3.0; 1
-9.0, 0.0, 3.0; 3
-8.0, 0.0, 3.0; 3
-7.0, 0.0, 3.0; 4
-5.0, 0.0, 3.0; 9
-4.0, 0.0, 3.0; 6
-3.0, 0.0, 3.0; 4
-2.0, 0.0, 3.0; 1
1.0, 0.0, 3.0; 1
4.0, 0.0, 3.0; 1
-9.0, 1.0, 3.0; 2
-8.0, 1.0, 3.0; 2
-7.0, 1.0, 3.0; 1
-6.0, 1.0, 3.0; 3
-5.0, 1.0, 3.0; 15
-4.0, 1.0, 3.0; 44
-3.0, 1.0, 3.0; 14
-2.0, 1.0, 3.0; 1
0.0, 1.0, 3.0; 1
1.0, 1.0, 3.0; 1
3.0, 1.0, 3.0; 1
4.0, 1.0, 3.0; 1
-9.0, 2.0, 3.0; 5
-8.0, 2.0, 3.0; 4
-7.0, 2.0, 3.0; 4
-6.0, 2.0, 3.0; 4
-5.0, 2.0, 3.0; 2
-4.0, 2.0, 3.0; 58
-3.0, 2.0, 3.0; 36
-2.0, 2.0, 3.0; 7
-1.0, 2.0, 3.0; 1
2.0, 2.0, 3.0; 6
3.0, 2.0, 3.0; 1
5.0, 2.0, 3.0; 1
-9.0, 3.0, 3.0; 1
-8.0, 3.0, 3.0; 5
-7.0, 3.0, 3.0; 9
-6.0, 3.0, 3.0; 5
-5.0, 3.0, 3.0; 1
-4.0, 3.0, 3.0; 8
-3.0, 3.0, 3.0; 17
-2.0, 3.0, 3.0; 9
-1.0, 3.0, 3.0; 5
0.0, 3.0, 3.0; 3
1.0, 3.0, 3.0; 3
2.0, 3.0, 3.0; 1
3.0, 3.0, 3.0; 1
5.0, 3.0, 3.0; 1
8.0, 3.0, 3.0; 2
-9.0, 4.0, 3.0; 1
-8.0, 4.0, 3.0; 5
-7.0, 4.0, 3.0; 11
-6.0, 4.0, 3.0; 6
-5.0, 4.0, 3.0; 5
-4.0, 4.0, 3.0; 7
-3.0, 4.0, 3.0; 6
-2.0, 4.0, 3.0; 9
-1.0, 4.0, 3.0; 5
0.0, 4.0, 3.0; 1
2.0, 4.0, 3.0; 2
5.0, 4.0, 3.0; 1
6.0, 4.0, 3.0; 2
-8.0, 5.0, 3.0; 6
-7.0, 5.0, 3.0; 8
-6.0, 5.0, 3.0; 2
-5.0, 5.0, 3.0; 2
-4.0, 5.0, 3.0; 2
-1.0, 5.0, 3.0; 2
0.0, 5.0, 3.0; 3
1.0, 5.0, 3.0; 11
2.0, 5.0, 3.0; 3
3.0, 5.0, 3.0; 1
4.0, 5.0, 3.0; 1
6.0, 5.0, 3.0; 1
-8.0, 6.0, 3.0; 1
-7.0, 6.0, 3.0; 7
-6.0, 6.0, 3.0; 6
-5.0, 6.0, 3.0; 5
-4.0, 6.0, 3.0; 4
-3.0, 6.0, 3.0; 3
-2.0, 6.0, 3.0; 2
-1.0, 6.0, 3.0; 1
1.0, 6.0, 3.0; 2
3.0, 6.0, 3.0; 1
4.0, 6.0, 3.0; 2
-6.0, 7.0, 3.0; 1
-5.0, 7.0, 3.0; 5
-4.0, 7.0, 3.0; 8
-3.0, 7.0, 3.0; 3
-2.0, 7.0, 3.0; 2
-1.0, 7.0, 3.0; 3
0.0, 7.0, 3.0; 4
1.0, 7.0, 3.0; 5
2.0, 7.0, 3.0; 2
3.0, 7.0, 3.0; 2
5.0, 7.0, 3.0; 1
-5.0, 8.0, 3.0; 3
-4.0, 8.0, 3.0; 7
-3.0, 8.0, 3.0; 12
-2.0, 8.0, 3.0; 10
-1.0, 8.0, 3.0; 9
0.0, 8.0, 3.0; 6
1.0, 8.0, 3.0; 7
2.0, 8.0, 3.0; 1
-3.0, 9.0, 3.0; 2
-2.0, 9.0, 3.0; 7
-1.0, 9.0, 3.0; 3
0.0, 9.0, 3.0; 4
-4.0, -9.0, 4.0; 1
-3.0, -9.0, 4.0; 1
-2.0, -9.0, 4.0; 3
-1.0, -9.0, 4.0; 4
2.0, -9.0, 4.0; 1
3.0, -9.0, 4.0; 1
-6.0, -8.0, 4.0; 2
-5.0, -8.0, 4.0; 3
-4.0, -8.0, 4.0; 4
-3.0, -8.0, 4.0; 8
-2.0, -8.0, 4.0; 5
-1.0, -8.0, 4.0; 2
0.0, -8.0, 4.0; 3
1.0, -8.0, 4.0; 1
2.0, -8.0, 4.0; 1
3.0, -8.0, 4.0; 1
5.0, -8.0, 4.0; 1
-6.0, -7.0, 4.0; 2
-5.0, -7.0, 4.0; 5
-4.0, -7.0, 4.0; 8
-3.0, -7.0, 4.0; 10
-2.0, -7.0, 4.0; 7
-1.0, -7.0, 4.0; 9
0.0, -7.0, 4.0; 1
5.0, -7.0, 4.0; 2
-7.0, -6.0, 4.0; 1
-6.0, -6.0, 4.0; 11
-5.0, -6.0, 4.0; 9
-4.0, -6.0, 4.0; 4
-3.0, -6.0, 4.0; 5
-2.0, -6.0, 4.0; 4
-1.0, -6.0, 4.0; 6
0.0, -6.0, 4.0; 5
1.0, -6.0, 4.0; 1
4.0, -6.0, 4.0; 2
-8.0, -5.0, 4.0; 3
-7.0, -5.0, 4.0; 1
-6.0, -5.0, 4.0; 9
-5.0, -5.0, 4.0; 6
-4.0, -5.0, 4.0; 4
-3.0, -5.0, 4.0; 8
-2.0, -5.0, 4.0; 3
-1.0, -5.0, 4.0; 3
0.0, -5.0, 4.0; 2
1.0, -5.0, 4.0; 2
6.0, -5.0, 4.0; 1
-7.0, -4.0, 4.0; 3
-6.0, -4.0, 4.0; 6
-5.0, -4.0, 4.0; 6
-4.0, -4.0, 4.0; 7
-3.0, -4.0, 4.0; 5
-2.0, -4.0, 4.0; 9
-1.0, -4.0, 4.0; 6
0.0, -4.0, 4.0; 2
1.0, -4.0, 4.0; 1
-9.0, -3.0, 4.0; 1
-8.0, -3.0, 4.0; 3
-7.0, -3.0, 4.0; 1
-6.0, -3.0, 4.0; 3
-5.0, -3.0, 4.0; 6
-4.0, -3.0, 4.0; 19
-3.0, -3.0, 4.0; 5
-2.0, -3.0, 4.0; 4
0.0, -3.0, 4.0; 3
-7.0, -2.0, 4.0; 1
-6.0, -2.0, 4.0; 5
-5.0, -2.0, 4.0; 15
-4.0, -2.0, 4.0; 14
-3.0, -2.0, 4.0; 4
-2.0, -2.0, 4.0; 4
-1.0, -2.0, 4.0; 3
0.0, -2.0, 4.0; 4
1.0, -2.0, 4.0; 1
-9.0, -1.0, 4.0; 4
-8.0, -1.0, 4.0; 2
-7.0, -1.0, 4.0; 8
-6.0, -1.0, 4.0; 3
-5.0, -1.0, 4.0; 4
-4.0, -1.0, 4.0; 5
-3.0, -1.0, 4.0; 22
-2.0, -1.0, 4.0; 16
-1.0, -1.0, 4.0; 11
0.0, -1.0, 4.0; 10
1.0, -1.0, 4.0; 7
2.0, -1.0, 4.0; 1
4.0, -1.0, 4.0; 1
-9.0, 0.0, 4.0; 1
-8.0, 0.0, 4.0; 3
-5.0, 0.0, 4.0; 3
-4.0, 0.0, 4.0; 11
-3.0, 0.0, 4.0; 9
-2.0, 0.0, 4.0; 1
-1.0, 0.0, 4.0; 4
0.0, 0.0, 4.0; 2
1.0, 0.0, 4.0; 2
2.0, 0.0, 4.0; 1
-9.0, 1.0, 4.0; 4
-8.0, 1.0, 4.0; 2
-7.0, 1.0, 4.0; 5
-6.0, 1.0, 4.0; 3
-5.0, 1.0, 4.0; 4
-4.0, 1.0, 4.0; 7
-3.0, 1.0, 4.0; 6
-2.0, 1.0, 4.0; 4
-1.0, 1.0, 4.0; 2
0.0, 1.0, 4.0; 2
1.0, 1.0, 4.0; 4
2.0, 1.0, 4.0; 3
3.0, 1.0, 4.0; 1
4.0, 1.0, 4.0; 1
-8.0, 2.0, 4.0; 1
-7.0, 2.0, 4.0; 2
-6.0, 2.0, 4.0; 5
-5.0, 2.0, 4.0; 3
-3.0, 2.0, 4.0; 4
-2.0, 2.0, 4.0; 8
-1.0, 2.0, 4.0; 4
0.0, 2.0, 4.0; 15
1.0, 2.0, 4.0; 10
2.0, 2.0, 4.0; 2
5.0, 2.0, 4.0; 1
-8.0, 3.0, 4.0; 2
-7.0, 3.0, 4.0; 1
-6.0, 3.0, 4.0; 1
-5.0, 3.0, 4.0; 4
-4.0, 3.0, 4.0; 1
-3.0, 3.0, 4.0; 4
-2.0, 3.0, 4.0; 2
-1.0, 3.0, 4.0; 2
0.0, 3.0, 4.0; 7
1.0, 3.0, 4.0; 5
3.0, 3.0, 4.0; 2
-8.0, 4.0, 4.0; 6
-7.0, 4.0, 4.0; 7
-6.0, 4.0, 4.0; 4
-5.0, 4.0, 4.0; 6
-4.0, 4.0, 4.0; 1
-3.0, 4.0, 4.0; 3
-2.0, 4.0, 4.0; 1
-1.0, 4.0, 4.0; 1
0.0, 4.0, 4.0; 2
1.0, 4.0, 4.0; 2
2.0, 4.0, 4.0; 1
5.0, 4.0, 4.0; 1
-8.0, 5.0, 4.0; 1
-7.0, 5.0, 4.0; 7
-6.0, 5.0, 4.0; 3
-5.0, 5.0, 4.0; 1
-4.0, 5.0, 4.0; 3
-3.0, 5.0, 4.0; 4
-2.0, 5.0, 4.0; 3
-1.0, 5.0, 4.0; 1
1.0, 5.0, 4.0; 1
3.0, 5.0, 4.0; 1
4.0, 5.0, 4.0; 1
-7.0, 6.0, 4.0; 3
-6.0, 6.0, 4.0; 4
-5.0, 6.0, 4.0; 4
-4.0, 6.0, 4.0; 6
-3.0, 6.0, 4.0; 6
-2.0, 6.0, 4.0; 6
-1.0, 6.0, 4.0; 3
0.0, 6.0, 4.0; 2
3.0, 6.0, 4.0; 2
5.0, 6.0, 4.0; 1
-6.0, 7.0, 4.0; 1
-5.0, 7.0, 4.0; 6
-4.0, 7.0, 4.0; 8
-3.0, 7.0, 4.0; 3
-2.0, 7.0, 4.0; 8
-1.0, 7.0, 4.0; 4
0.0, 7.0, 4.0; 2
-3.0, 8.0, 4.0; 4
-2.0, 8.0, 4.0; 5
-1.0, 8.0, 4.0; 5
0.0, 8.0, 4.0; 1
2.0, 8.0, 4.0; 1
0.0, -9.0, 5.0; 1
1.0, -9.0, 5.0; 1
-4.0, -8.0, 5.0; 1
-3.0, -8.0, 5.0; 3
-2.0, -8.0, 5.0; 1
1.0, -8.0, 5.0; 5
2.0, -8.0, 5.0; 1
-6.0, -7.0, 5.0; 1
-5.0, -7.0, 5.0; 6
-4.0, -7.0, 5.0; 4
-3.0, -7.0, 5.0; 4
-2.0, -7.0, 5.0; 2
-1.0, -7.0, 5.0; 2
0.0, -7.0, 5.0; 1
1.0, -7.0, 5.0; 2
2.0, -7.0, 5.0; 1
-6.0, -6.0, 5.0; 11
-5.0, -6.0, 5.0; 6
-4.0, -6.0, 5.0; 4
-3.0, -6.0, 5.0; 6
-2.0, -6.0, 5.0; 5
0.0, -6.0, 5.0; 1
1.0, -6.0, 5.0; 2
3.0, -6.0, 5.0; 1
4.0, -6.0, 5.0; 1
-7.0, -5.0, 5.0; 3
-6.0, -5.0, 5.0; 2
-5.0, -5.0, 5.0; 5
-4.0, -5.0, 5.0; 5
-3.0, -5.0, 5.0; 4
1.0, -5.0, 5.0; 2
4.0, -5.0, 5.0; 1
5.0, -5.0, 5.0; 1
-8.0, -4.0, 5.0; 2
-7.0, -4.0, 5.0; 2
-5.0, -4.0, 5.0; 3
-4.0, -4.0, 5.0; 2
-3.0, -4.0, 5.0; 4
-2.0, -4.0, 5.0; 5
-1.0, -4.0, 5.0; 1
-8.0, -3.0, 5.0; 1
-6.0, -3.0, 5.0; 1
-4.0, -3.0, 5.0; 3
-3.0, -3.0, 5.0; 3
-2.0, -3.0, 5.0; 5
-1.0, -3.0, 5.0; 1
3.0, -3.0, 5.0; 1
-8.0, -2.0, 5.0; 2
-6.0, -2.0, 5.0; 2
-5.0, -2.0, 5.0; 2
-4.0, -2.0, 5.0; 5
-1.0, -2.0, 5.0; 1
2.0, -2.0, 5.0; 2
3.0, -2.0, 5.0; 1
4.0, -2.0, 5.0; 1
-8.0, -1.0, 5.0; 1
-6.0, -1.0, 5.0; 1
-5.0, -1.0, 5.0; 1
-4.0, -1.0, 5.0; 2
-3.0, -1.0, 5.0; 2
-2.0, -1.0, 5.0; 1
-1.0, -1.0, 5.0; 3
1.0, -1.0, 5.0; 2
-9.0, 0.0, 5.0; 1
-8.0, 0.0, 5.0; 1
-7.0, 0.0, 5.0; 2
-6.0, 0.0, 5.0; 2
-5.0, 0.0, 5.0; 1
-4.0, 0.0, 5.0; 1
0.0, 0.0, 5.0; 1
1.0, 0.0, 5.0; 1
-9.0, 1.0, 5.0; 1
-8.0, 1.0, 5.0; 3
-7.0, 1.0, 5.0; 1
-4.0, 1.0, 5.0; 1
-3.0, 1.0, 5.0; 1
-2.0, 1.0, 5.0; 2
-1.0, 1.0, 5.0; 1
0.0, 1.0, 5.0; 2
1.0, 1.0, 5.0; 5
-8.0, 2.0, 5.0; 3
-7.0, 2.0, 5.0; 4
-6.0, 2.0, 5.0; 4
-5.0, 2.0, 5.0; 5
-4.0, 2.0, 5.0; 5
-3.0, 2.0, 5.0; 2
-2.0, 2.0, 5.0; 4
-1.0, 2.0, 5.0; 1
0.0, 2.0, 5.0; 6
1.0, 2.0, 5.0; 3
-7.0, 3.0, 5.0; 2
-6.0, 3.0, 5.0; 1
-5.0, 3.0, 5.0; 2
-4.0, 3.0, 5.0; 1
-3.0, 3.0, 5.0; 2
-2.0, 3.0, 5.0; 1
-1.0, 3.0, 5.0; 3
2.0, 3.0, 5.0; 1
4.0, 3.0, 5.0; 1
5.0, 3.0, 5.0; 1
-7.0, 4.0, 5.0; 4
-6.0, 4.0, 5.0; 1
-5.0, 4.0, 5.0; 4
-4.0, 4.0, 5.0; 2
-2.0, 4.0, 5.0; 2
-1.0, 4.0, 5.0; 1
0.0, 4.0, 5.0; 1
4.0, 4.0, 5.0; 1
5.0, 4.0, 5.0; 2
-7.0, 5.0, 5.0; 1
-6.0, 5.0, 5.0; 1
-5.0, 5.0, 5.0; 1
-4.0, 5.0, 5.0; 3
-3.0, 5.0, 5.0; 3
-2.0, 5.0, 5.0; 2
-1.0, 5.0, 5.0; 1
0.0, 5.0, 5.0; 1
4.0, 5.0, 5.0; 1
-5.0, 6.0, 5.0; 7
-4.0, 6.0, 5.0; 5
-3.0, 6.0, 5.0; 6
-2.0, 6.0, 5.0; 3
-1.0, 6.0, 5.0; 3
0.0, 6.0, 5.0; 1
1.0, 6.0, 5.0; 1
-5.0, 7.0, 5.0; 2
-4.0, 7.0, 5.0; 1
-3.0, 7.0, 5.0; 3
-2.0, 7.0, 5.0; 5
-1.0, 7.0, 5.0; 2
0.0, 7.0, 5.0; 2
1.0, 7.0, 5.0; 1
-1.0, 8.0, 5.0; 1
-3.0, -8.0, 6.0; 1
-2.0, -8.0, 6.0; 1
1.0, -8.0, 6.0; 1
-4.0, -7.0, 6.0; 2
-3.0, -7.0, 6.0; 2
-1.0, -7.0, 6.0; 1
0.0, -7.0, 6.0; 2
1.0, -7.0, 6.0; 1
2.0, -7.0, 6.0; 1
3.0, -7.0, 6.0; 2
-4.0, -6.0, 6.0; 2
-2.0, -6.0, 6.0; 1
-1.0, -6.0, 6.0; 1
2.0, -6.0, 6.0; 1
4.0, -6.0, 6.0; 1
-7.0, -5.0, 6.0; 1
-6.0, -5.0, 6.0; 1
-5.0, -5.0, 6.0; 3
-4.0, -5.0, 6.0; 1
-3.0, -5.0, 6.0; 1
0.0, -5.0, 6.0; 1
2.0, -5.0, 6.0; 1
-7.0, -4.0, 6.0; 4
-5.0, -4.0, 6.0; 4
-4.0, -4.0, 6.0; 1
-3.0, -4.0, 6.0; 2
-2.0, -4.0, 6.0; 3
0.0, -4.0, 6.0; 1
-7.0, -3.0, 6.0; 1
-6.0, -3.0, 6.0; 2
-4.0, -3.0, 6.0; 1
-2.0, -3.0, 6.0; 2
1.0, -3.0, 6.0; 2
-8.0, -2.0, 6.0; 1
-7.0, -2.0, 6.0; 2
-6.0, -2.0, 6.0; 2
-5.0, -2.0, 6.0; 1
-4.0, -2.0, 6.0; 1
-3.0, -2.0, 6.0; 1
-2.0, -2.0, 6.0; 1
-1.0, -2.0, 6.0; 1
3.0, -2.0, 6.0; 1
4.0, -2.0, 6.0; 1
-8.0, -1.0, 6.0; 1
-7.0, -1.0, 6.0; 3
-5.0, -1.0, 6.0; 1
-4.0, -1.0, 6.0; 1
-3.0, -1.0, 6.0; 1
-2.0, -1.0, 6.0; 2
-1.0, -1.0, 6.0; 2
2.0, -1.0, 6.0; 1
-8.0, 0.0, 6.0; 1
-5.0, 0.0, 6.0; 1
-2.0, 0.0, 6.0; 1
-1.0, 0.0, 6.0; 3
0.0, 0.0, 6.0; 1
1.0, 0.0, 6.0; 1
2.0, 0.0, 6.0; 1
-8.0, 1.0, 6.0; 2
-7.0, 1.0, 6.0; 1
-6.0, 1.0, 6.0; 4
-5.0, 1.0, 6.0; 3
0.0, 1.0, 6.0; 1
1.0, 1.0, 6.0; 1
2.0, 1.0, 6.0; 1
-7.0, 2.0, 6.0; 2
-6.0, 2.0, 6.0; 2
-5.0, 2.0, 6.0; 2
-4.0, 2.0, 6.0; 3
-3.0, 2.0, 6.0; 1
-2.0, 2.0, 6.0; 3
-1.0, 2.0, 6.0; 1
0.0, 2.0, 6.0; 1
1.0, 2.0, 6.0; 1
4.0, 2.0, 6.0; 1
-6.0, 3.0, 6.0; 1
-5.0, 3.0, 6.0; 1
-4.0, 3.0, 6.0; 1
-3.0, 3.0, 6.0; 2
-2.0, 3.0, 6.0; 1
0.0, 3.0, 6.0; 1
3.0, 3.0, 6.0; 1
-6.0, 4.0, 6.0; 1
-5.0, 4.0, 6.0; 2
-4.0, 4.0, 6.0; 1
-1.0, 4.0, 6.0; 3
0.0, 4.0, 6.0; 2
3.0, 4.0, 6.0; 1
-6.0, 5.0, 6.0; 1
-5.0, 5.0, 6.0; 1
-3.0, 5.0, 6.0; 1
-2.0, 5.0, 6.0; 1
3.0, 5.0, 6.0; 1
-2.0, 6.0, 6.0; 2
-1.0, 6.0, 6.0; 3
1.0, 6.0, 6.0; 1
3.0, 6.0, 6.0; 1
1.0, 7.0, 6.0; 1
-2.0, -7.0, 7.0; 2
-1.0, -7.0, 7.0; 1
0.0, -7.0, 7.0; 2
-4.0, -6.0, 7.0; 1
-3.0, -6.0, 7.0; 1
-2.0, -6.0, 7.0; 1
-1.0, -6.0, 7.0; 1
1.0, -6.0, 7.0; 1
-3.0, -5.0, 7.0; 1
-2.0, -5.0, 7.0; 3
-1.0, -5.0, 7.0; 1
0.0, -5.0, 7.0; 1
1.0, -5.0, 7.0; 1
2.0, -5.0, 7.0; 1
-6.0, -4.0, 7.0; 1
-5.0, -4.0, 7.0; 2
-4.0, -4.0, 7.0; 3
-2.0, -4.0, 7.0; 2
-6.0, -3.0, 7.0; 1
-5.0, -3.0, 7.0; 1
-4.0, -3.0, 7.0; 2
-3.0, -3.0, 7.0; 1
-1.0, -3.0, 7.0; 1
0.0, -3.0, 7.0; 2
3.0, -3.0, 7.0; 1
-7.0, -2.0, 7.0; 2
-1.0, -2.0, 7.0; 1
-7.0, -1.0, 7.0; 2
-5.0, -1.0, 7.0; 1
-4.0, -1.0, 7.0; 2
1.0, -1.0, 7.0; 1
2.0, -1.0, 7.0; 1
-6.0, 0.0, 7.0; 4
-4.0, 0.0, 7.0; 1
-3.0, 0.0, 7.0; 1
-1.0, 0.0, 7.0; 1
1.0, 0.0, 7.0; 1
-7.0, 1.0, 7.0; 1
-3.0, 1.0, 7.0; 1
0.0, 1.0, 7.0; 1
-5.0, 2.0, 7.0; 1
-4.0, 2.0, 7.0; 4
-3.0, 2.0, 7.0; 4
-2.0, 2.0, 7.0; 1
-1.0, 2.0, 7.0; 3
5.0, 2.0, 7.0; 1
-5.0, 3.0, 7.0; 1
-4.0, 3.0, 7.0; 1
-2.0, 3.0, 7.0; 2
-1.0, 3.0, 7.0; 1
2.0, 3.0, 7.0; 1
-4.0, 4.0, 7.0; 1
-2.0, 4.0, 7.0; 2
-1.0, 5.0, 7.0; 1
-3.0, -5.0, 8.0; 1
-4.0, -4.0, 8.0; 1
-2.0, -4.0, 8.0; 1
-1.0, -4.0, 8.0; 2
0.0, -4.0, 8.0; 1
2.0, -4.0, 8.0; 1
-3.0, -3.0, 8.0; 2
-2.0, -3.0, 8.0; 3
1.0, -3.0, 8.0; 2
-4.0, -2.0, 8.0; 2
-5.0, -1.0, 8.0; 1
-4.0, -1.0, 8.0; 1
-3.0, -1.0, 8.0; 1
-1.0, -1.0, 8.0; 1
-5.0, 0.0, 8.0; 1
-1.0, 0.0, 8.0; 2
1.0, 0.0, 8.0; 1
-5.0, 1.0, 8.0; 1
-3.0, 1.0, 8.0; 1
1.0, 1.0, 8.0; 1
-5.0, 2.0, 8.0; 2
-3.0, 2.0, 8.0; 2
-1.0, 2.0, 8.0; 1
0.0, 2.0, 8.0; 1
-2.0, 5.0, 8.0; 1
0.0, -1.0, 9.0; 1
-2.0, -4.0, -10.0; 2
-1.0, -4.0, -10.0; 3
1.0, -4.0, -10.0; 1
-4.0, -3.0, -10.0; 1
-2.0, -3.0, -10.0; 4
-1.0, -3.0, -10.0; 2
0.0, -3.0, -10.0; 1
-4.0, -2.0, -10.0; 1
-3.0, -2.0, -10.0; 2
-2.0, -2.0, -10.0; 3
-1.0, -2.0, -10.0; 4
2.0, -2.0, -10.0; 1
-4.0, -1.0, -10.0; 1
-3.0, -1.0, -10.0; 1
-2.0, -1.0, -10.0; 2
-1.0, -1.0, -10.0; 5
0.0, -1.0, -10.0; 4
1.0, -1.0, -10.0; 1
2.0, -1.0, -10.0; 1
3.0, -1.0, -10.0; 3
-4.0, 0.0, -10.0; 1
-3.0, 0.0, -10.0; 2
-2.0, 0.0, -10.0; 2
-1.0, 0.0, -10.0; 2
0.0, 0.0, -10.0; 3
1.0, 0.0, -10.0; 4
3.0, 0.0, -10.0; 4
-2.0, 1.0, -10.0; 1
-1.0, 1.0, -10.0; 1
2.0, 1.0, -10.0; 1
-2.0, 2.0, -10.0; 2
-1.0, 2.0, -10.0; 4
0.0, 2.0, -10.0; 1
1.0, 2.0, -10.0; 1
3.0, 2.0, -10.0; 1
-3.0, 3.0, -10.0; 1
-2.0, 3.0, -10.0; 2
-1.0, 3.0, -10.0; 1
0.0, 3.0, -10.0; 3
-1.0, -6.0, -9.0; 2
0.0, -6.0, -9.0; 2
-3.0, -5.0, -9.0; 2
0.0, -5.0, -9.0; 1
1.0, -5.0, -9.0; 1
-5.0, -4.0, -9.0; 1
-3.0, -4.0, -9.0; 2
-2.0, -4.0, -9.0; 4
-1.0, -4.0, -9.0; 1
0.0, -4.0, -9.0; 4
1.0, -4.0, -9.0; 2
2.0, -4.0, -9.0; 2
-6.0, -3.0, -9.0; 1
-5.0, -3.0, -9.0; 2
-4.0, -3.0, -9.0; 3
-3.0, -3.0, -9.0; 5
-2.0, -3.0, -9.0; 3
-1.0, -3.0, -9.0; 3
0.0, -3.0, -9.0; 4
1.0, -3.0, -9.0; 7
2.0, -3.0, -9.0; 2
3.0, -3.0, -9.0; 2
-6.0, -2.0, -9.0; 1
-4.0, -2.0, -9.0; 2
-3.0, -2.0, -9.0; 1
-2.0, -2.0, -9.0; 2
-1.0, -2.0, -9.0; 4
0.0, -2.0, -9.0; 4
1.0, -2.0, -9.0; 4
2.0, -2.0, -9.0; 1
4.0, -2.0, -9.0; 3
-6.0, -1.0, -9.0; 3
-5.0, -1.0, -9.0; 1
-4.0, -1.0, -9.0; 3
-3.0, -1.0, -9.0; 6
-2.0, -1.0, -9.0; 19
-1.0, -1.0, -9.0; 24
0.0, -1.0, -9.0; 7
1.0, -1.0, -9.0; 3
3.0, -1.0, -9.0; 3
4.0, -1.0, -9.0; 2
5.0, -1.0, -9.0; 1
-6.0, 0.0, -9.0; 1
-5.0, 0.0, -9.0; 3
-4.0, 0.0, -9.0; 5
-3.0, 0.0, -9.0; 13
-2.0, 0.0, -9.0; 59
-1.0, 0.0, -9.0; 44
0.0, 0.0, -9.0; 15
1.0, 0.0, -9.0; 3
2.0, 0.0, -9.0; 4
3.0, 0.0, -9.0; 8
4.0, 0.0, -9.0; 3
5.0, 0.0, -9.0; 2
-6.0, 1.0, -9.0; 1
-5.0, 1.0, -9.0; 1
-4.0, 1.0, -9.0; 6
-3.0, 1.0, -9.0; 6
-2.0, 1.0, -9.0; 8
-1.0, 1.0, -9.0; 7
0.0, 1.0, -9.0; 2
2.0, 1.0, -9.0; 3
3.0, 1.0, -9.0; 4
4.0, 1.0, -9.0; 4
5.0, 1.0, -9.0; 2
-4.0, 2.0, -9.0; 2
-3.0, 2.0, -9.0; 7
-2.0, 2.0, -9.0; 6
-1.0, 2.0, -9.0; 6
0.0, 2.0, -9.0; 3
1.0, 2.0, -9.0; 4
2.0, 2.0, -9.0; 5
3.0, 2.0, -9.0; 6
4.0, 2.0, -9.0; 3
-5.0, 3.0, -9.0; 1
-3.0, 3.0, -9.0; 4
-2.0, 3.0, -9.0; 2
-1.0, 3.0, -9.0; 7
0.0, 3.0, -9.0; 8
1.0, 3.0, -9.0; 3
2.0, 3.0, -9.0; 4
3.0, 3.0, -9.0; 3
4.0, 3.0, -9.0; 1
-3.0, 4.0, -9.0; 1
-2.0, 4.0, -9.0; 4
-1.0, 4.0, -9.0; 2
0.0, 4.0, -9.0; 1
2.0, 4.0, -9.0; 1
-3.0, 5.0, -9.0; 1
-2.0, 5.0, -9.0; 1
0.0, 5.0, -9.0; 2
1.0, 5.0, -9.0; 1
-2.0, -7.0, -8.0; 2
-1.0, -7.0, -8.0; 2
0.0, -7.0, -8.0; 3
1.0, -7.0, -8.0; 11
2.0, -7.0, -8.0; 1
-4.0, -6.0, -8.0; 1
-3.0, -6.0, -8.0; 1
-1.0, -6.0, -8.0; 1
0.0, -6.0, -8.0; 2
1.0, -6.0, -8.0; 3
2.0, -6.0, -8.0; 4
3.0, -6.0, -8.0; 1
-5.0, -5.0, -8.0; 2
-4.0, -5.0, -8.0; 5
-3.0, -5.0, -8.0; 6
-2.0, -5.0, -8.0; 1
-1.0, -5.0, -8.0; 4
2.0, -5.0, -8.0; 3
3.0, -5.0, -8.0; 5
4.0, -5.0, -8.0; 1
-6.0, -4.0, -8.0; 2
-5.0, -4.0, -8.0; 4
-4.0, -4.0, -8.0; 8
-3.0, -4.0, -8.0; 2
-2.0, -4.0, -8.0; 6
-1.0, -4.0, -8.0; 1
1.0, -4.0, -8.0; 3
3.0, -4.0, -8.0; 4
4.0, -4.0, -8.0; 1
5.0, -4.0, -8.0; 1
-6.0, -3.0, -8.0; 3
-5.0, -3.0, -8.0; 4
-4.0, -3.0, -8.0; 8
-3.0, -3.0, -8.0; 9
-2.0, -3.0, -8.0; 4
0.0, -3.0, -8.0; 1
2.0, -3.0, -8.0; 2
5.0, -3.0, -8.0; 1
6.0, -3.0, -8.0; 1
-7.0, -2.0, -8.0; 2
-6.0, -2.0, -8.0; 3
-5.0, -2.0, -8.0; 4
-4.0, -2.0, -8.0; 15
-3.0, -2.0, -8.0; 7
-2.0, -2.0, -8.0; 4
-1.0, -2.0, -8.0; 2
0.0, -2.0, -8.0; 1
1.0, -2.0, -8.0; 1
2.0, -2.0, -8.0; 1
3.0, -2.0, -8.0; 6
4.0, -2.0, -8.0; 3
5.0, -2.0, -8.0; 1
-7.0, -1.0, -8.0; 1
-6.0, -1.0, -8.0; 2
-5.0, -1.0, -8.0; 1
-4.0, -1.0, -8.0; 10
-3.0, -1.0, -8.0; 5
-2.0, -1.0, -8.0; 5
0.0, -1.0, -8.0; 2
1.0, -1.0, -8.0; 2
2.0, -1.0, -8.0; 5
3.0, -1.0, -8.0; 5
4.0, -1.0, -8.0; 3
6.0, -1.0, -8.0; 3
-7.0, 0.0, -8.0; 1
-6.0, 0.0, -8.0; 5
-5.0, 0.0, -8.0; 10
-4.0, 0.0, -8.0; 7
-3.0, 0.0, -8.0; 9
-2.0, 0.0, -8.0; 5
-1.0, 0.0, -8.0; 3
0.0, 0.0, -8.0; 6
1.0, 0.0, -8.0; 4
2.0, 0.0, -8.0; 7
3.0, 0.0, -8.0; 7
4.0, 0.0, -8.0; 6
5.0, 0.0, -8.0; 4
6.0, 0.0, -8.0; 8
-7.0, 1.0, -8.0; 1
-6.0, 1.0, -8.0; 7
-5.0, 1.0, -8.0; 11
-4.0, 1.0, -8.0; 10
-3.0, 1.0, -8.0; 20
-2.0, 1.0, -8.0; 14
-1.0, 1.0, -8.0; 8
0.0, 1.0, -8.0; 3
1.0, 1.0, -8.0; 4
2.0, 1.0, -8.0; 7
3.0, 1.0, -8.0; 2
4.0, 1.0, -8.0; 1
5.0, 1.0, -8.0; 4
6.0, 1.0, -8.0; 3
-7.0, 2.0, -8.0; 1
-6.0, 2.0, -8.0; 9
-5.0, 2.0, -8.0; 2
-4.0, 2.0, -8.0; 9
-3.0, 2.0, -8.0; 8
-2.0, 2.0, -8.0; 3
-1.0, 2.0, -8.0; 1
0.0, 2.0, -8.0; 5
1.0, 2.0, -8.0; 8
2.0, 2.0, -8.0; 9
3.0, 2.0, -8.0; 4
4.0, 2.0, -8.0; 3
5.0, 2.0, -8.0; 7
-6.0, 3.0, -8.0; 3
-5.0, 3.0, -8.0; 3
-4.0, 3.0, -8.0; 5
-3.0, 3.0, -8.0; 5
-2.0, 3.0, -8.0; 1
-1.0, 3.0, -8.0; 1
0.0, 3.0, -8.0; 11
1.0, 3.0, -8.0; 16
2.0, 3.0, -8.0; 8
3.0, 3.0, -8.0; 1
4.0, 3.0, -8.0; 4
5.0, 3.0, -8.0; 1
-6.0, 4.0, -8.0; 1
-5.0, 4.0, -8.0; 1
-4.0, 4.0, -8.0; 3
-3.0, 4.0, -8.0; 2
-2.0, 4.0, -8.0; 5
-1.0, 4.0, -8.0; 3
0.0, 4.0, -8.0; 12
1.0, 4.0, -8.0; 17
2.0, 4.0, -8.0; 7
3.0, 4.0, -8.0; 1
4.0, 4.0, -8.0; 1
5.0, 4.0, -8.0; 1
-4.0, 5.0, -8.0; 1
-3.0, 5.0, -8.0; 3
-2.0, 5.0, -8.0; 2
-1.0, 5.0, -8.0; 2
0.0, 5.0, -8.0; 5
2.0, 5.0, -8.0; 1
3.0, 5.0, -8.0; 1
-3.0, 6.0, -8.0; 2
-2.0, 6.0, -8.0; 1
-1.0, 6.0, -8.0; 1
0.0, 6.0, -8.0; 1
-3.0, -8.0, -7.0; 1
-1.0, -8.0, -7.0; 7
0.0, -8.0, -7.0; 4
1.0, -8.0, -7.0; 2
2.0, -8.0, -7.0; 1
-4.0, -7.0, -7.0; 1
-3.0, -7.0, -7.0; 7
-2.0, -7.0, -7.0; 8
-1.0, -7.0, -7.0; 8
0.0, -7.0, -7.0; 5
1.0, -7.0, -7.0; 7
-6.0, -6.0, -7.0; 1
-5.0, -6.0, -7.0; 11
-4.0, -6.0, -7.0; 13
-3.0, -6.0, -7.0; 6
-2.0, -6.0, -7.0; 3
-1.0, -6.0, -7.0; 2
0.0, -6.0, -7.0; 5
1.0, -6.0, -7.0; 5
3.0, -6.0, -7.0; 1
4.0, -6.0, -7.0; 1
-6.0, -5.0, -7.0; 5
-5.0, -5.0, -7.0; 25
-4.0, -5.0, -7.0; 8
-3.0, -5.0, -7.0; 3
-2.0, -5.0, -7.0; 4
-1.0, -5.0, -7.0; 5
0.0, -5.0, -7.0; 3
2.0, -5.0, -7.0; 1
3.0, -5.0, -7.0; 2
4.0, -5.0, -7.0; 3
-7.0, -4.0, -7.0; 1
-6.0, -4.0, -7.0; 18
-5.0, -4.0, -7.0; 10
-4.0, -4.0, -7.0; 4
-3.0, -4.0, -7.0; 4
-2.0, -4.0, -7.0; 2
-1.0, -4.0, -7.0; 2
0.0, -4.0, -7.0; 2
1.0, -4.0, -7.0; 1
2.0, -4.0, -7.0; 1
3.0, -4.0, -7.0; 1
4.0, -4.0, -7.0; 4
5.0, -4.0, -7.0; 1
6.0, -4.0, -7.0; 1
-7.0, -3.0, -7.0; 5
-6.0, -3.0, -7.0; 13
-5.0, -3.0, -7.0; 7
-4.0, -3.0, -7.0; 2
-1.0, -3.0, -7.0; 2
0.0, -3.0, -7.0; 1
1.0, -3.0, -7.0; 6
3.0, -3.0, -7.0; 3
4.0, -3.0, -7.0; 1
5.0, -3.0, -7.0; 1
-8.0, -2.0, -7.0; 4
-7.0, -2.0, -7.0; 5
-6.0, -2.0, -7.0; 16
-5.0, -2.0, -7.0; 20
-4.0, -2.0, -7.0; 6
-3.0, -2.0, -7.0; 4
-2.0, -2.0, -7.0; 1
-1.0, -2.0, -7.0; 3
0.0, -2.0, -7.0; 2
1.0, -2.0, -7.0; 1
3.0, -2.0, -7.0; 2
4.0, -2.0, -7.0; 4
6.0, -2.0, -7.0; 1
7.0, -2.0, -7.0; 2
-8.0, -1.0, -7.0; 3
-7.0, -1.0, -7.0; 5
-6.0, -1.0, -7.0; 5
-5.0, -1.0, -7.0; 10
-4.0, -1.0, -7.0; 4
-3.0, -1.0, -7.0; 4
-2.0, -1.0, -7.0; 3
-1.0, -1.0, -7.0; 2
0.0, -1.0, -7.0; 2
1.0, -1.0, -7.0; 2
2.0, -1.0, -7.0; 2
3.0, -1.0, -7.0; 9
4.0, -1.0, -7.0; 3
7.0, -1.0, -7.0; 4
-8.0, 0.0, -7.0; 1
-7.0, 0.0, -7.0; 10
-6.0, 0.0, -7.0; 12
-5.0, 0.0, -7.0; 9
-4.0, 0.0, -7.0; 6
-3.0, 0.0, -7.0; 5
-2.0, 0.0, -7.0; 3
-1.0, 0.0, -7.0; 1
0.0, 0.0, -7.0; 5
1.0, 0.0, -7.0; 3
2.0, 0.0, -7.0; 8
3.0, 0.0, -7.0; 5
4.0, 0.0, -7.0; 1
5.0, 0.0, -7.0; 5
7.0, 0.0, -7.0; 1
-8.0, 1.0, -7.0; 2
-7.0, 1.0, -7.0; 4
-6.0, 1.0, -7.0; 7
-5.0, 1.0, -7.0; 5
-3.0, 1.0, -7.0; 1
-2.0, 1.0, -7.0; 1
-1.0, 1.0, -7.0; 2
0.0, 1.0, -7.0; 7
1.0, 1.0, -7.0; 5
2.0, 1.0, -7.0; 3
3.0, 1.0, -7.0; 5
4.0, 1.0, -7.0; 1
5.0, 1.0, -7.0; 3
6.0, 1.0, -7.0; 7
-7.0, 2.0, -7.0; 2
-6.0, 2.0, -7.0; 7
-5.0, 2.0, -7.0; 2
-4.0, 2.0, -7.0; 6
-3.0, 2.0, -7.0; 5
-2.0, 2.0, -7.0; 1
0.0, 2.0, -7.0; 2
1.0, 2.0, -7.0; 4
2.0, 2.0, -7.0; 5
3.0, 2.0, -7.0; 7
4.0, 2.0, -7.0; 3
5.0, 2.0, -7.0; 4
6.0, 2.0, -7.0; 7
-7.0, 3.0, -7.0; 2
-6.0, 3.0, -7.0; 5
-5.0, 3.0, -7.0; 3
-4.0, 3.0, -7.0; 3
-3.0, 3.0, -7.0; 3
-2.0, 3.0, -7.0; 2
-1.0, 3.0, -7.0; 3
0.0, 3.0, -7.0; 1
2.0, 3.0, -7.0; 1
3.0, 3.0, -7.0; 9
4.0, 3.0, -7.0; 2
5.0, 3.0, -7.0; 5
6.0, 3.0, -7.0; 2
-7.0, 4.0, -7.0; 1
-4.0, 4.0, -7.0; 3
-3.0, 4.0, -7.0; 3
-2.0, 4.0, -7.0; 4
-1.0, 4.0, -7.0; 3
0.0, 4.0, -7.0; 1
1.0, 4.0, -7.0; 5
2.0, 4.0, -7.0; 5
3.0, 4.0, -7.0; 5
4.0, 4.0, -7.0; 2
5.0, 4.0, -7.0; 4
6.0, 4.0, -7.0; 1
-5.0, 5.0, -7.0; 7
-4.0, 5.0, -7.0; 17
-3.0, 5.0, -7.0; 16
-2.0, 5.0, -7.0; 3
-1.0, 5.0, -7.0; 6
0.0, 5.0, -7.0; 8
1.0, 5.0, -7.0; 3
2.0, 5.0, -7.0; 2
4.0, 5.0, -7.0; 2
-4.0, 6.0, -7.0; 2
-3.0, 6.0, -7.0; 5
-2.0, 6.0, -7.0; 4
-1.0, 6.0, -7.0; 7
0.0, 6.0, -7.0; 1
1.0, 6.0, -7.0; 1
3.0, 6.0, -7.0; 1
-2.0, 7.0, -7.0; 1
-1.0, 7.0, -7.0; 1
0.0, 7.0, -7.0; 1
2.0, 7.0, -7.0; 1
-1.0, -9.0, -6.0; 2
1.0, -9.0, -6.0; 1
-4.0, -8.0, -6.0; 4
-3.0, -8.0, -6.0; 2
-2.0, -8.0, -6.0; 36
-1.0, -8.0, -6.0; 36
0.0, -8.0, -6.0; 14
1.0, -8.0, -6.0; 4
2.0, -8.0, -6.0; 1
-6.0, -7.0, -6.0; 1
-5.0, -7.0, -6.0; 9
-4.0, -7.0, -6.0; 15
-3.0, -7.0, -6.0; 17
-2.0, -7.0, -6.0; 46
-1.0, -7.0, -6.0; 77
0.0, -7.0, -6.0; 20
1.0, -7.0, -6.0; 6
2.0, -7.0, -6.0; 3
3.0, -7.0, -6.0; 1
4.0, -7.0, -6.0; 1
5.0, -7.0, -6.0; 1
-6.0, -6.0, -6.0; 9
-5.0, -6.0, -6.0; 26
-4.0, -6.0, -6.0; 15
-3.0, -6.0, -6.0; 18
-2.0, -6.0, -6.0; 17
-1.0, -6.0, -6.0; 10
0.0, -6.0, -6.0; 7
1.0, -6.0, -6.0; 3
2.0, -6.0, -6.0; 10
4.0, -6.0, -6.0; 5
5.0, -6.0, -6.0; 1
-8.0, -5.0, -6.0; 2
-7.0, -5.0, -6.0; 2
-6.0, -5.0, -6.0; 20
-5.0, -5.0, -6.0; 19
-4.0, -5.0, -6.0; 6
-3.0, -5.0, -6.0; 9
-2.0, -5.0, -6.0; 13
-1.0, -5.0, -6.0; 2
0.0, -5.0, -6.0; 3
1.0, -5.0, -6.0; 2
4.0, -5.0, -6.0; 1
5.0, -5.0, -6.0; 2
7.0, -5.0, -6.0; 2
-8.0, -4.0, -6.0; 3
-7.0, -4.0, -6.0; 8
-6.0, -4.0, -6.0; 18
-5.0, -4.0, -6.0; 4
-4.0, -4.0, -6.0; 7
-3.0, -4.0, -6.0; 11
-2.0, -4.0, -6.0; 5
-1.0, -4.0, -6.0; 6
0.0, -4.0, -6.0; 6
1.0, -4.0, -6.0; 4
2.0, -4.0, -6.0; 1
5.0, -4.0, -6.0; 2
6.0, -4.0, -6.0; 1
7.0, -4.0, -6.0; 1
-8.0, -3.0, -6.0; 2
-7.0, -3.0, -6.0; 6
-6.0, -3.0, -6.0; 11
-5.0, -3.0, -6.0; 3
-4.0, -3.0, -6.0; 11
-3.0, -3.0, -6.0; 9
-2.0, -3.0, -6.0; 6
-1.0, -3.0, -6.0; 21
0.0, -3.0, -6.0; 37
1.0, -3.0, -6.0; 8
2.0, -3.0, -6.0; 3
3.0, -3.0, -6.0; 1
5.0, -3.0, -6.0; 1
7.0, -3.0, -6.0; 1
-9.0, -2.0, -6.0; 1
-8.0, -2.0, -6.0; 1
-7.0, -2.0, -6.0; 7
-6.0, -2.0, -6.0; 5
-5.0, -2.0, -6.0; 4
-4.0, -2.0, -6.0; 7
-3.0, -2.0, -6.0; 10
-2.0, -2.0, -6.0; 28
-1.0, -2.0, -6.0; 72
0.0, -2.0, -6.0; 57
1.0, -2.0, -6.0; 15
2.0, -2.0, -6.0; 6
3.0, -2.0, -6.0; 3
4.0, -2.0, -6.0; 4
5.0, -2.0, -6.0; 1
7.0, -2.0, -6.0; 2
-8.0, -1.0, -6.0; 8
-7.0, -1.0, -6.0; 2
-6.0, -1.0, -6.0; 17
-5.0, -1.0, -6.0; 5
-4.0, -1.0, -6.0; 1
-3.0, -1.0, -6.0; 10
-2.0, -1.0, -6.0; 35
-1.0, -1.0, -6.0; 40
0.0, -1.0, -6.0; 14
1.0, -1.0, -6.0; 7
3.0, -1.0, -6.0; 5
4.0, -1.0, -6.0; 7
5.0, -1.0, -6.0; 3
7.0, -1.0, -6.0; 2
-9.0, 0.0, -6.0; 2
-8.0, 0.0, -6.0; 4
-7.0, 0.0, -6.0; 6
-6.0, 0.0, -6.0; 6
-5.0, 0.0, -6.0; 2
-3.0, 0.0, -6.0; 7
-2.0, 0.0, -6.0; 20
-1.0, 0.0, -6.0; 28
0.0, 0.0, -6.0; 4
2.0, 0.0, -6.0; 5
3.0, 0.0, -6.0; 10
4.0, 0.0, -6.0; 3
6.0, 0.0, -6.0; 1
7.0, 0.0, -6.0; 2
8.0, 0.0, -6.0; 1
-9.0, 1.0, -6.0; 3
-8.0, 1.0, -6.0; 2
-7.0, 1.0, -6.0; 10
-6.0, 1.0, -6.0; 1
-5.0, 1.0, -6.0; 1
-4.0, 1.0, -6.0; 5
-3.0, 1.0, -6.0; 14
-2.0, 1.0, -6.0; 22
-1.0, 1.0, -6.0; 67
0.0, 1.0, -6.0; 25
1.0, 1.0, -6.0; 7
2.0, 1.0, -6.0; 7
3.0, 1.0, -6.0; 2
4.0, 1.0, -6.0; 1
6.0, 1.0, -6.0; 1
7.0, 1.0, -6.0; 2
-8.0, 2.0, -6.0; 2
-7.0, 2.0, -6.0; 7
-6.0, 2.0, -6.0; 3
-5.0, 2.0, -6.0; 9
-4.0, 2.0, -6.0; 11
-3.0, 2.0, -6.0; 5
-2.0, 2.0, -6.0; 12
-1.0, 2.0, -6.0; 21
0.0, 2.0, -6.0; 6
1.0, 2.0, -6.0; 7
2.0, 2.0, -6.0; 3
3.0, 2.0, -6.0; 7
4.0, 2.0, -6.0; 4
5.0, 2.0, -6.0; 2
6.0, 2.0, -6.0; 7
-8.0, 3.0, -6.0; 3
-7.0, 3.0, -6.0; 5
-6.0, 3.0, -6.0; 3
-5.0, 3.0, -6.0; 7
-4.0, 3.0, -6.0; 10
-3.0, 3.0, -6.0; 9
-2.0, 3.0, -6.0; 1
-1.0, 3.0, -6.0; 5
0.0, 3.0, -6.0; 8
1.0, 3.0, -6.0; 1
2.0, 3.0, -6.0; 3
3.0, 3.0, -6.0; 3
4.0, 3.0, -6.0; 1
5.0, 3.0, -6.0; 4
6.0, 3.0, -6.0; 3
7.0, 3.0, -6.0; 1
-8.0, 4.0, -6.0; 1
-7.0, 4.0, -6.0; 7
-6.0, 4.0, -6.0; 3
-5.0, 4.0, -6.0; 10
-4.0, 4.0, -6.0; 16
-3.0, 4.0, -6.0; 9
-2.0, 4.0, -6.0; 12
-1.0, 4.0, -6.0; 7
0.0, 4.0, -6.0; 4
1.0, 4.0, -6.0; 2
2.0, 4.0, -6.0; 5
3.0, 4.0, -6.0; 6
5.0, 4.0, -6.0; 3
-7.0, 5.0, -6.0; 4
-6.0, 5.0, -6.0; 1
-5.0, 5.0, -6.0; 10
-4.0, 5.0, -6.0; 70
-3.0, 5.0, -6.0; 29
-2.0, 5.0, -6.0; 2
-1.0, 5.0, -6.0; 2
0.0, 5.0, -6.0; 2
1.0, 5.0, -6.0; 1
2.0, 5.0, -6.0; 2
3.0, 5.0, -6.0; 6
5.0, 5.0, -6.0; 2
-6.0, 6.0, -6.0; 1
-5.0, 6.0, -6.0; 6
-4.0, 6.0, -6.0; 21
-3.0, 6.0, -6.0; 40
-2.0, 6.0, -6.0; 15
-1.0, 6.0, -6.0; 7
0.0, 6.0, -6.0; 4
1.0, 6.0, -6.0; 3
2.0, 6.0, -6.0; 6
4.0, 6.0, -6.0; 1
-4.0, 7.0, -6.0; 1
-3.0, 7.0, -6.0; 1
-1.0, 7.0, -6.0; 6
0.0, 7.0, -6.0; 3
1.0, 7.0, -6.0; 1
-3.0, 8.0, -6.0; 1
-2.0, 8.0, -6.0; 1
-1.0, 8.0, -6.0; 6
0.0, 8.0, -6.0; 2
-3.0, -9.0, -5.0; 1
-2.0, -9.0, -5.0; 4
-1.0, -9.0, -5.0; 10
0.0, -9.0, -5.0; 7
1.0, -9.0, -5.0; 3
2.0, -9.0, -5.0; 1
-5.0, -8.0, -5.0; 3
-4.0, -8.0, -5.0; 9
-3.0, -8.0, -5.0; 14
-2.0, -8.0, -5.0; 132
-1.0, -8.0, -5.0; 310
0.0, -8.0, -5.0; 31
1.0, -8.0, -5.0; 8
2.0, -8.0, -5.0; 4
3.0, -8.0, -5.0; 3
4.0, -8.0, -5.0; 1
5.0, -8.0, -5.0; 1
-5.0, -7.0, -5.0; 3
-4.0, -7.0, -5.0; 13
-3.0, -7.0, -5.0; 9
-2.0, -7.0, -5.0; 25
-1.0, -7.0, -5.0; 59
0.0, -7.0, -5.0; 17
1.0, -7.0, -5.0; 10
2.0, -7.0, -5.0; 5
3.0, -7.0, -5.0; 2
4.0, -7.0, -5.0; 4
5.0, -7.0, -5.0; 1
-7.0, -6.0, -5.0; 6
-6.0, -6.0, -5.0; 8
-5.0, -6.0, -5.0; 2
-4.0, -6.0, -5.0; 3
-3.0, -6.0, -5.0; 1
-2.0, -6.0, -5.0; 2
-1.0, -6.0, -5.0; 4
0.0, -6.0, -5.0; 9
1.0, -6.0, -5.0; 2
2.0, -6.0, -5.0; 3
3.0, -6.0, -5.0; 4
4.0, -6.0, -5.0; 1
5.0, -6.0, -5.0; 3
6.0, -6.0, -5.0; 1
-8.0, -5.0, -5.0; 4
-7.0, -5.0, -5.0; 9
-6.0, -5.0, -5.0; 8
-4.0, -5.0, -5.0; 2
-3.0, -5.0, -5.0; 5
-2.0, -5.0, -5.0; 5
-1.0, -5.0, -5.0; 6
0.0, -5.0, -5.0; 7
1.0, -5.0, -5.0; 24
2.0, -5.0, -5.0; 3
3.0, -5.0, -5.0; 1
5.0, -5.0, -5.0; 2
6.0, -5.0, -5.0; 1
7.0, -5.0, -5.0; 1
-9.0, -4.0, -5.0; 1
-8.0, -4.0, -5.0; 4
-7.0, -4.0, -5.0; 4
-6.0, -4.0, -5.0; 4
-5.0, -4.0, -5.0; 5
-4.0, -4.0, -5.0; 12
-3.0, -4.0, -5.0; 58
-2.0, -4.0, -5.0; 83
-1.0, -4.0, -5.0; 36
0.0, -4.0, -5.0; 7
1.0, -4.0, -5.0; 76
2.0, -4.0, -5.0; 9
3.0, -4.0, -5.0; 3
4.0, -4.0, -5.0; 1
5.0, -4.0, -5.0; 3
7.0, -4.0, -5.0; 1
8.0, -4.0, -5.0; 1
-9.0, -3.0, -5.0; 2
-8.0, -3.0, -5.0; 6
-7.0, -3.0, -5.0; 7
-6.0, -3.0, -5.0; 12
-5.0, -3.0, -5.0; 6
-4.0, -3.0, -5.0; 41
-3.0, -3.0, -5.0; 797
-2.0, -3.0, -5.0; 432
-1.0, -3.0, -5.0; 10
0.0, -3.0, -5.0; 85
1.0, -3.0, -5.0; 565
2.0, -3.0, -5.0; 26
3.0, -3.0, -5.0; 3
5.0, -3.0, -5.0; 7
-9.0, -2.0, -5.0; 3
-8.0, -2.0, -5.0; 5
-7.0, -2.0, -5.0; 6
-6.0, -2.0, -5.0; 5
-5.0, -2.0, -5.0; 5
-4.0, -2.0, -5.0; 25
-3.0, -2.0, -5.0; 64
-2.0, -2.0, -5.0; 21
-1.0, -2.0, -5.0; 22
0.0, -2.0, -5.0; 73
1.0, -2.0, -5.0; 68
2.0, -2.0, -5.0; 9
3.0, -2.0, -5.0; 4
4.0, -2.0, -5.0; 3
5.0, -2.0, -5.0; 1
6.0, -2.0, -5.0; 1
7.0, -2.0, -5.0; 1
8.0, -2.0, -5.0; 2
9.0, -2.0, -5.0; 1
-8.0, -1.0, -5.0; 4
-7.0, -1.0, -5.0; 18
-6.0, -1.0, -5.0; 4
-5.0, -1.0, -5.0; 5
-4.0, -1.0, -5.0; 9
-3.0, -1.0, -5.0; 21
-2.0, -1.0, -5.0; 22
-1.0, -1.0, -5.0; 12
0.0, -1.0, -5.0; 2
1.0, -1.0, -5.0; 2
2.0, -1.0, -5.0; 4
4.0, -1.0, -5.0; 11
5.0, -1.0, -5.0; 1
7.0, -1.0, -5.0; 2
8.0, -1.0, -5.0; 1
-9.0, 0.0, -5.0; 2
-8.0, 0.0, -5.0; 7
-7.0, 0.0, -5.0; 4
-6.0, 0.0, -5.0; 1
-5.0, 0.0, -5.0; 4
-4.0, 0.0, -5.0; 8
-3.0, 0.0, -5.0; 23
-2.0, 0.0, -5.0; 30
-1.0, 0.0, -5.0; 21
0.0, 0.0, -5.0; 5
1.0, 0.0, -5.0; 2
2.0, 0.0, -5.0; 4
3.0, 0.0, -5.0; 13
4.0, 0.0, -5.0; 8
5.0, 0.0, -5.0; 4
6.0, 0.0, -5.0; 1
7.0, 0.0, -5.0; 2
-9.0, 1.0, -5.0; 4
-8.0, 1.0, -5.0; 5
-7.0, 1.0, -5.0; 7
-6.0, 1.0, -5.0; 6
-5.0, 1.0, -5.0; 35
-4.0, 1.0, -5.0; 19
-3.0, 1.0, -5.0; 10
-2.0, 1.0, -5.0; 4
-1.0, 1.0, -5.0; 9
0.0, 1.0, -5.0; 6
1.0, 1.0, -5.0; 2
2.0, 1.0, -5.0; 8
3.0, 1.0, -5.0; 4
4.0, 1.0, -5.0; 5
5.0, 1.0, -5.0; 2
6.0, 1.0, -5.0; 3
7.0, 1.0, -5.0; 3
8.0, 1.0, -5.0; 1
-9.0, 2.0, -5.0; 3
-8.0, 2.0, -5.0; 7
-7.0, 2.0, -5.0; 2
-6.0, 2.0, -5.0; 12
-5.0, 2.0, -5.0; 94
-4.0, 2.0, -5.0; 77
-3.0, 2.0, -5.0; 7
-2.0, 2.0, -5.0; 5
-1.0, 2.0, -5.0; 16
0.0, 2.0, -5.0; 50
1.0, 2.0, -5.0; 11
2.0, 2.0, -5.0; 6
3.0, 2.0, -5.0; 4
4.0, 2.0, -5.0; 4
5.0, 2.0, -5.0; 4
6.0, 2.0, -5.0; 3
7.0, 2.0, -5.0; 1
-8.0, 3.0, -5.0; 2
-7.0, 3.0, -5.0; 4
-6.0, 3.0, -5.0; 8
-5.0, 3.0, -5.0; 24
-4.0, 3.0, -5.0; 30
-3.0, 3.0, -5.0; 8
-2.0, 3.0, -5.0; 4
-1.0, 3.0, -5.0; 17
0.0, 3.0, -5.0; 81
1.0, 3.0, -5.0; 29
2.0, 3.0, -5.0; 5
3.0, 3.0, -5.0; 3
4.0, 3.0, -5.0; 6
6.0, 3.0, -5.0; 2
7.0, 3.0, -5.0; 2
-8.0, 4.0, -5.0; 5
-7.0, 4.0, -5.0; 9
-6.0, 4.0, -5.0; 6
-5.0, 4.0, -5.0; 5
-4.0, 4.0, -5.0; 3
-3.0, 4.0, -5.0; 7
-2.0, 4.0, -5.0; 13
-1.0, 4.0, -5.0; 21
0.0, 4.0, -5.0; 4
1.0, 4.0, -5.0; 1
2.0, 4.0, -5.0; 1
3.0, 4.0, -5.0; 9
4.0, 4.0, -5.0; 5
5.0, 4.0, -5.0; 1
6.0, 4.0, -5.0; 3
7.0, 4.0, -5.0; 2
-7.0, 5.0, -5.0; 2
-6.0, 5.0, -5.0; 5
-5.0, 5.0, -5.0; 14
-4.0, 5.0, -5.0; 11
-3.0, 5.0, -5.0; 1
-2.0, 5.0, -5.0; 6
-1.0, 5.0, -5.0; 12
0.0, 5.0, -5.0; 1
1.0, 5.0, -5.0; 6
2.0, 5.0, -5.0; 7
3.0, 5.0, -5.0; 1
4.0, 5.0, -5.0; 2
5.0, 5.0, -5.0; 1
6.0, 5.0, -5.0; 4
-7.0, 6.0, -5.0; 1
-6.0, 6.0, -5.0; 4
-5.0, 6.0, -5.0; 10
-4.0, 6.0, -5.0; 8
-3.0, 6.0, -5.0; 9
-2.0, 6.0, -5.0; 2
-1.0, 6.0, -5.0; 4
0.0, 6.0, -5.0; 1
1.0, 6.0, -5.0; 5
2.0, 6.0, -5.0; 3
3.0, 6.0, -5.0; 3
4.0, 6.0, -5.0; 2
5.0, 6.0, -5.0; 3
6.0, 6.0, -5.0; 1
-6.0, 7.0, -5.0; 1
-5.0, 7.0, -5.0; 1
-4.0, 7.0, -5.0; 3
-3.0, 7.0, -5.0; 4
-2.0, 7.0, -5.0; 5
-1.0, 7.0, -5.0; 2
0.0, 7.0, -5.0; 6
1.0, 7.0, -5.0; 7
2.0, 7.0, -5.0; 3
3.0, 7.0, -5.0; 6
-4.0, 8.0, -5.0; 1
-3.0, 8.0, -5.0; 2
-2.0, 8.0, -5.0; 5
-1.0, 8.0, -5.0; 8
0.0, 8.0, -5.0; 9
1.0, 8.0, -5.0; 2
2.0, 8.0, -5.0; 3
3.0, 8.0, -5.0; 1
-1.0, 9.0, -5.0; 2
-1.0, -10.0, -4.0; 2
0.0, -10.0, -4.0; 6
1.0, -10.0, -4.0; 3
-5.0, -9.0, -4.0; 3
-3.0, -9.0, -4.0; 6
-2.0, -9.0, -4.0; 19
-1.0, -9.0, -4.0; 17
0.0, -9.0, -4.0; 14
1.0, -9.0, -4.0; 12
2.0, -9.0, -4.0; 7
4.0, -9.0, -4.0; 1
-6.0, -8.0, -4.0; 4
-5.0, -8.0, -4.0; 4
-4.0, -8.0, -4.0; 7
-3.0, -8.0, -4.0; 4
-2.0, -8.0, -4.0; 32
-1.0, -8.0, -4.0; 70
0.0, -8.0, -4.0; 19
1.0, -8.0, -4.0; 2
2.0, -8.0, -4.0; 3
3.0, -8.0, -4.0; 2
4.0, -8.0, -4.0; 2
-7.0, -7.0, -4.0; 8
-6.0, -7.0, -4.0; 6
-5.0, -7.0, -4.0; 1
-4.0, -7.0, -4.0; 2
-3.0, -7.0, -4.0; 1
-2.0, -7.0, -4.0; 1
-1.0, -7.0, -4.0; 3
0.0, -7.0, -4.0; 3
1.0, -7.0, -4.0; 6
2.0, -7.0, -4.0; 4
3.0, -7.0, -4.0; 2
4.0, -7.0, -4.0; 4
5.0, -7.0, -4.0; 3
6.0, -7.0, -4.0; 2
-8.0, -6.0, -4.0; 3
-7.0, -6.0, -4.0; 13
-6.0, -6.0, -4.0; 4
-5.0, -6.0, -4.0; 1
-2.0, -6.0, -4.0; 2
-1.0, -6.0, -4.0; 8
0.0, -6.0, -4.0; 8
1.0, -6.0, -4.0; 32
2.0, -6.0, -4.0; 11
3.0, -6.0, -4.0; 1
4.0, -6.0, -4.0; 5
5.0, -6.0, -4.0; 1
-9.0, -5.0, -4.0; 1
-8.0, -5.0, -4.0; 8
-7.0, -5.0, -4.0; 6
-6.0, -5.0, -4.0; 2
-5.0, -5.0, -4.0; 1
-3.0, -5.0, -4.0; 5
-2.0, -5.0, -4.0; 17
-1.0, -5.0, -4.0; 61
0.0, -5.0, -4.0; 33
1.0, -5.0, -4.0; 113
2.0, -5.0, -4.0; 59
3.0, -5.0, -4.0; 3
5.0, -5.0, -4.0; 1
7.0, -5.0, -4.0; 1
-9.0, -4.0, -4.0; 2
-8.0, -4.0, -4.0; 7
-6.0, -4.0, -4.0; 3
-5.0, -4.0, -4.0; 7
-4.0, -4.0, -4.0; 57
-3.0, -4.0, -4.0; 29
-2.0, -4.0, -4.0; 13
-1.0, -4.0, -4.0; 18
0.0, -4.0, -4.0; 12
1.0, -4.0, -4.0; 76
2.0, -4.0, -4.0; 68
3.0, -4.0, -4.0; 24
4.0, -4.0, -4.0; 5
5.0, -4.0, -4.0; 1
7.0, -4.0, -4.0; 1
-9.0, -3.0, -4.0; 5
-8.0, -3.0, -4.0; 9
-7.0, -3.0, -4.0; 4
-6.0, -3.0, -4.0; 4
-5.0, -3.0, -4.0; 17
-4.0, -3.0, -4.0; 171
-3.0, -3.0, -4.0; 44
-2.0, -3.0, -4.0; 1
0.0, -3.0, -4.0; 4
1.0, -3.0, -4.0; 100
2.0, -3.0, -4.0; 53
3.0, -3.0, -4.0; 8
4.0, -3.0, -4.0; 3
5.0, -3.0, -4.0; 3
6.0, -3.0, -4.0; 1
8.0, -3.0, -4.0; 1
-8.0, -2.0, -4.0; 7
-7.0, -2.0, -4.0; 7
-6.0, -2.0, -4.0; 6
-5.0, -2.0, -4.0; 16
-4.0, -2.0, -4.0; 17
-3.0, -2.0, -4.0; 5
1.0, -2.0, -4.0; 1
2.0, -2.0, -4.0; 6
3.0, -2.0, -4.0; 1
4.0, -2.0, -4.0; 5
5.0, -2.0, -4.0; 4
7.0, -2.0, -4.0; 1
8.0, -2.0, -4.0; 1
-9.0, -1.0, -4.0; 3
-8.0, -1.0, -4.0; 9
-7.0, -1.0, -4.0; 11
-6.0, -1.0, -4.0; 2
-5.0, -1.0, -4.0; 2
-4.0, -1.0, -4.0; 1
3.0, -1.0, -4.0; 1
4.0, -1.0, -4.0; 5
6.0, -1.0, -4.0; 3
8.0, -1.0, -4.0; 1
-10.0, 0.0, -4.0; 1
-9.0, 0.0, -4.0; 5
-8.0, 0.0, -4.0; 11
-7.0, 0.0, -4.0; 1
-6.0, 0.0, -4.0; 7
-5.0, 0.0, -4.0; 18
-4.0, 0.0, -4.0; 4
3.0, 0.0, -4.0; 1
4.0, 0.0, -4.0; 1
6.0, 0.0, -4.0; 3
7.0, 0.0, -4.0; 1
8.0, 0.0, -4.0; 1
9.0, 0.0, -4.0; 1
-9.0, 1.0, -4.0; 5
-8.0, 1.0, -4.0; 6
-7.0, 1.0, -4.0; 3
-6.0, 1.0, -4.0; 16
-5.0, 1.0, -4.0; 68
-4.0, 1.0, -4.0; 23
3.0, 1.0, -4.0; 1
4.0, 1.0, -4.0; 4
5.0, 1.0, -4.0; 4
6.0, 1.0, -4.0; 2
7.0, 1.0, -4.0; 2
-10.0, 2.0, -4.0; 1
-9.0, 2.0, -4.0; 7
-8.0, 2.0, -4.0; 7
-7.0, 2.0, -4.0; 3
-6.0, 2.0, -4.0; 44
-5.0, 2.0, -4.0; 72
-4.0, 2.0, -4.0; 21
-3.0, 2.0, -4.0; 1
-2.0, 2.0, -4.0; 1
0.0, 2.0, -4.0; 2
1.0, 2.0, -4.0; 2
2.0, 2.0, -4.0; 1
3.0, 2.0, -4.0; 5
4.0, 2.0, -4.0; 3
5.0, 2.0, -4.0; 4
6.0, 2.0, -4.0; 1
8.0, 2.0, -4.0; 1
-9.0, 3.0, -4.0; 3
-8.0, 3.0, -4.0; 13
-7.0, 3.0, -4.0; 2
-6.0, 3.0, -4.0; 10
-5.0, 3.0, -4.0; 10
-4.0, 3.0, -4.0; 3
-3.0, 3.0, -4.0; 2
0.0, 3.0, -4.0; 66
1.0, 3.0, -4.0; 109
2.0, 3.0, -4.0; 4
3.0, 3.0, -4.0; 7
4.0, 3.0, -4.0; 6
5.0, 3.0, -4.0; 3
6.0, 3.0, -4.0; 1
7.0, 3.0, -4.0; 2
8.0, 3.0, -4.0; 1
-9.0, 4.0, -4.0; 1
-8.0, 4.0, -4.0; 12
-7.0, 4.0, -4.0; 12
-6.0, 4.0, -4.0; 7
-5.0, 4.0, -4.0; 3
-4.0, 4.0, -4.0; 3
-3.0, 4.0, -4.0; 6
-2.0, 4.0, -4.0; 13
-1.0, 4.0, -4.0; 6
0.0, 4.0, -4.0; 30
1.0, 4.0, -4.0; 45
2.0, 4.0, -4.0; 7
3.0, 4.0, -4.0; 2
4.0, 4.0, -4.0; 4
5.0, 4.0, -4.0; 1
6.0, 4.0, -4.0; 2
7.0, 4.0, -4.0; 1
8.0, 4.0, -4.0; 1
-8.0, 5.0, -4.0; 5
-7.0, 5.0, -4.0; 9
-6.0, 5.0, -4.0; 7
-5.0, 5.0, -4.0; 3
-3.0, 5.0, -4.0; 5
-2.0, 5.0, -4.0; 46
-1.0, 5.0, -4.0; 50
0.0, 5.0, -4.0; 40
1.0, 5.0, -4.0; 13
2.0, 5.0, -4.0; 2
3.0, 5.0, -4.0; 2
4.0, 5.0, -4.0; 1
5.0, 5.0, -4.0; 2
6.0, 5.0, -4.0; 1
-7.0, 6.0, -4.0; 6
-6.0, 6.0, -4.0; 7
-5.0, 6.0, -4.0; 5
-4.0, 6.0, -4.0; 1
-1.0, 6.0, -4.0; 3
0.0, 6.0, -4.0; 7
1.0, 6.0, -4.0; 4
2.0, 6.0, -4.0; 3
3.0, 6.0, -4.0; 4
5.0, 6.0, -4.0; 1
6.0, 6.0, -4.0; 2
-6.0, 7.0, -4.0; 2
-5.0, 7.0, -4.0; 1
-4.0, 7.0, -4.0; 4
-3.0, 7.0, -4.0; 6
-2.0, 7.0, -4.0; 2
-1.0, 7.0, -4.0; 2
0.0, 7.0, -4.0; 2
1.0, 7.0, -4.0; 6
2.0, 7.0, -4.0; 8
3.0, 7.0, -4.0; 4
4.0, 7.0, -4.0; 1
5.0, 7.0, -4.0; 1
-4.0, 8.0, -4.0; 5
-3.0, 8.0, -4.0; 9
-2.0, 8.0, -4.0; 14
-1.0, 8.0, -4.0; 4
0.0, 8.0, -4.0; 5
1.0, 8.0, -4.0; 5
2.0, 8.0, -4.0; 1
4.0, 8.0, -4.0; 1
-2.0, 9.0, -4.0; 3
-1.0, 9.0, -4.0; 5
0.0, 9.0, -4.0; 4
-4.0, -10.0, -3.0; 1
-3.0, -10.0, -3.0; 3
-2.0, -10.0, -3.0; 17
-1.0, -10.0, -3.0; 39
0.0, -10.0, -3.0; 26
1.0, -10.0, -3.0; 24
2.0, -10.0, -3.0; 2
-5.0, -9.0, -3.0; 6
-4.0, -9.0, -3.0; 6
-3.0, -9.0, -3.0; 16
-2.0, -9.0, -3.0; 11
-1.0, -9.0, -3.0; 15
0.0, -9.0, -3.0; 16
1.0, -9.0, -3.0; 11
2.0, -9.0, -3.0; 11
3.0, -9.0, -3.0; 4
-6.0, -8.0, -3.0; 7
-5.0, -8.0, -3.0; 5
-4.0, -8.0, -3.0; 5
-3.0, -8.0, -3.0; 5
-2.0, -8.0, -3.0; 8
-1.0, -8.0, -3.0; 14
0.0, -8.0, -3.0; 5
1.0, -8.0, -3.0; 4
2.0, -8.0, -3.0; 3
3.0, -8.0, -3.0; 1
4.0, -8.0, -3.0; 3
5.0, -8.0, -3.0; 1
-8.0, -7.0, -3.0; 1
-7.0, -7.0, -3.0; 4
-6.0, -7.0, -3.0; 3
-4.0, -7.0, -3.0; 1
-3.0, -7.0, -3.0; 1
-1.0, -7.0, -3.0; 4
0.0, -7.0, -3.0; 12
1.0, -7.0, -3.0; 19
2.0, -7.0, -3.0; 4
4.0, -7.0, -3.0; 1
5.0, -7.0, -3.0; 5
6.0, -7.0, -3.0; 2
-8.0, -6.0, -3.0; 8
-7.0, -6.0, -3.0; 6
-6.0, -6.0, -3.0; 2
-3.0, -6.0, -3.0; 1
-1.0, -6.0, -3.0; 15
0.0, -6.0, -3.0; 48
1.0, -6.0, -3.0; 358
2.0, -6.0, -3.0; 61
4.0, -6.0, -3.0; 3
6.0, -6.0, -3.0; 1
7.0, -6.0, -3.0; 1
-9.0, -5.0, -3.0; 10
-8.0, -5.0, -3.0; 9
-7.0, -5.0, -3.0; 1
-6.0, -5.0, -3.0; 1
-5.0, -5.0, -3.0; 4
-2.0, -5.0, -3.0; 1
-1.0, -5.0, -3.0; 5
0.0, -5.0, -3.0; 22
1.0, -5.0, -3.0; 39
2.0, -5.0, -3.0; 84
3.0, -5.0, -3.0; 8
4.0, -5.0, -3.0; 5
5.0, -5.0, -3.0; 3
7.0, -5.0, -3.0; 1
-9.0, -4.0, -3.0; 6
-8.0, -4.0, -3.0; 15
-7.0, -4.0, -3.0; 2
-6.0, -4.0, -3.0; 5
-5.0, -4.0, -3.0; 6
-4.0, -4.0, -3.0; 2
-3.0, -4.0, -3.0; 1
0.0, -4.0, -3.0; 1
2.0, -4.0, -3.0; 22
3.0, -4.0, -3.0; 7
4.0, -4.0, -3.0; 5
6.0, -4.0, -3.0; 1
-10.0, -3.0, -3.0; 2
-9.0, -3.0, -3.0; 3
-8.0, -3.0, -3.0; 10
-7.0, -3.0, -3.0; 4
-6.0, -3.0, -3.0; 6
-5.0, -3.0, -3.0; 52
-4.0, -3.0, -3.0; 2
-3.0, -3.0, -3.0; 2
2.0, -3.0, -3.0; 1
3.0, -3.0, -3.0; 1
4.0, -3.0, -3.0; 3
5.0, -3.0, -3.0; 7
7.0, -3.0, -3.0; 2
9.0, -3.0, -3.0; 2
-10.0, -2.0, -3.0; 3
-9.0, -2.0, -3.0; 7
-8.0, -2.0, -3.0; 5
-7.0, -2.0, -3.0; 4
-6.0, -2.0, -3.0; 9
-5.0, -2.0, -3.0; 32
-4.0, -2.0, -3.0; 4
4.0, -2.0, -3.0; 4
5.0, -2.0, -3.0; 7
6.0, -2.0, -3.0; 2
9.0, -2.0, -3.0; 1
-9.0, -1.0, -3.0; 5
-8.0, -1.0, -3.0; 11
-7.0, -1.0, -3.0; 7
-6.0, -1.0, -3.0; 3
-5.0, -1.0, -3.0; 3
3.0, -1.0, -3.0; 1
4.0, -1.0, -3.0; 3
6.0, -1.0, -3.0; 3
7.0, -1.0, -3.0; 1
-10.0, 0.0, -3.0; 3
-9.0, 0.0, -3.0; 4
-8.0, 0.0, -3.0; 10
-7.0, 0.0, -3.0; 5
-6.0, 0.0, -3.0; 12
-5.0, 0.0, -3.0; 9
5.0, 0.0, -3.0; 2
6.0, 0.0, -3.0; 3
-10.0, 1.0, -3.0; 1
-9.0, 1.0, -3.0; 6
-8.0, 1.0, -3.0; 3
-7.0, 1.0, -3.0; 6
-6.0, 1.0, -3.0; 50
-5.0, 1.0, -3.0; 20
4.0, 1.0, -3.0; 1
5.0, 1.0, -3.0; 2
6.0, 1.0, -3.0; 2
-9.0, 2.0, -3.0; 6
-8.0, 2.0, -3.0; 4
-7.0, 2.0, -3.0; 18
-6.0, 2.0, -3.0; 28
-5.0, 2.0, -3.0; 12
3.0, 2.0, -3.0; 1
4.0, 2.0, -3.0; 2
5.0, 2.0, -3.0; 3
6.0, 2.0, -3.0; 1
7.0, 2.0, -3.0; 2
8.0, 2.0, -3.0; 1
-9.0, 3.0, -3.0; 4
-8.0, 3.0, -3.0; 7
-7.0, 3.0, -3.0; 5
-6.0, 3.0, -3.0; 21
-5.0, 3.0, -3.0; 2
1.0, 3.0, -3.0; 4
2.0, 3.0, -3.0; 3
3.0, 3.0, -3.0; 3
4.0, 3.0, -3.0; 9
5.0, 3.0, -3.0; 1
8.0, 3.0, -3.0; 1
-9.0, 4.0, -3.0; 6
-8.0, 4.0, -3.0; 15
-7.0, 4.0, -3.0; 6
-6.0, 4.0, -3.0; 3
-5.0, 4.0, -3.0; 4
-3.0, 4.0, -3.0; 1
-1.0, 4.0, -3.0; 1
0.0, 4.0, -3.0; 5
1.0, 4.0, -3.0; 69
2.0, 4.0, -3.0; 24
3.0, 4.0, -3.0; 1
4.0, 4.0, -3.0; 2
5.0, 4.0, -3.0; 4
6.0, 4.0, -3.0; 2
7.0, 4.0, -3.0; 1
-9.0, 5.0, -3.0; 1
-8.0, 5.0, -3.0; 8
-7.0, 5.0, -3.0; 6
-6.0, 5.0, -3.0; 1
-3.0, 5.0, -3.0; 1
-2.0, 5.0, -3.0; 15
-1.0, 5.0, -3.0; 52
0.0, 5.0, -3.0; 77
1.0, 5.0, -3.0; 26
2.0, 5.0, -3.0; 1
3.0, 5.0, -3.0; 1
4.0, 5.0, -3.0; 4
7.0, 5.0, -3.0; 3
8.0, 5.0, -3.0; 1
-7.0, 6.0, -3.0; 5
-6.0, 6.0, -3.0; 12
-5.0, 6.0, -3.0; 3
-4.0, 6.0, -3.0; 1
-2.0, 6.0, -3.0; 9
-1.0, 6.0, -3.0; 54
0.0, 6.0, -3.0; 63
1.0, 6.0, -3.0; 21
2.0, 6.0, -3.0; 1
3.0, 6.0, -3.0; 3
4.0, 6.0, -3.0; 4
5.0, 6.0, -3.0; 1
6.0, 6.0, -3.0; 5
-7.0, 7.0, -3.0; 2
-6.0, 7.0, -3.0; 2
-5.0, 7.0, -3.0; 3
-4.0, 7.0, -3.0; 2
-3.0, 7.0, -3.0; 2
-2.0, 7.0, -3.0; 1
-1.0, 7.0, -3.0; 2
1.0, 7.0, -3.0; 4
2.0, 7.0, -3.0; 7
3.0, 7.0, -3.0; 4
4.0, 7.0, -3.0; 2
5.0, 7.0, -3.0; 1
6.0, 7.0, -3.0; 1
-6.0, 8.0, -3.0; 1
-4.0, 8.0, -3.0; 6
-3.0, 8.0, -3.0; 15
-2.0, 8.0, -3.0; 12
-1.0, 8.0, -3.0; 13
0.0, 8.0, -3.0; 6
1.0, 8.0, -3.0; 9
2.0, 8.0, -3.0; 4
3.0, 8.0, -3.0; 1
4.0, 8.0, -3.0; 1
-3.0, 9.0, -3.0; 3
-2.0, 9.0, -3.0; 7
-1.0, 9.0, -3.0; 10
0.0, 9.0, -3.0; 9
1.0, 9.0, -3.0; 10
2.0, 9.0, -3.0; 2
-4.0, -10.0, -2.0; 13
-3.0, -10.0, -2.0; 30
-2.0, -10.0, -2.0; 51
-1.0, -10.0, -2.0; 43
0.0, -10.0, -2.0; 31
1.0, -10.0, -2.0; 13
2.0, -10.0, -2.0; 2
-6.0, -9.0, -2.0; 1
-5.0, -9.0, -2.0; 17
-4.0, -9.0, -2.0; 14
-3.0, -9.0, -2.0; 10
-2.0, -9.0, -2.0; 7
-1.0, -9.0, -2.0; 11
0.0, -9.0, -2.0; 9
1.0, -9.0, -2.0; 11
2.0, -9.0, -2.0; 7
3.0, -9.0, -2.0; 2
4.0, -9.0, -2.0; 1
-7.0, -8.0, -2.0; 8
-6.0, -8.0, -2.0; 8
-5.0, -8.0, -2.0; 1
-4.0, -8.0, -2.0; 2
-1.0, -8.0, -2.0; 4
0.0, -8.0, -2.0; 6
1.0, -8.0, -2.0; 1
2.0, -8.0, -2.0; 1
6.0, -8.0, -2.0; 1
-7.0, -7.0, -2.0; 5
-6.0, -7.0, -2.0; 1
-3.0, -7.0, -2.0; 1
-2.0, -7.0, -2.0; 1
-1.0, -7.0, -2.0; 13
0.0, -7.0, -2.0; 59
1.0, -7.0, -2.0; 39
2.0, -7.0, -2.0; 5
3.0, -7.0, -2.0; 2
4.0, -7.0, -2.0; 2
5.0, -7.0, -2.0; 1
6.0, -7.0, -2.0; 2
7.0, -7.0, -2.0; 2
-8.0, -6.0, -2.0; 11
-7.0, -6.0, -2.0; 4
-4.0, -6.0, -2.0; 1
-2.0, -6.0, -2.0; 1
-1.0, -6.0, -2.0; 17
0.0, -6.0, -2.0; 30
1.0, -6.0, -2.0; 201
2.0, -6.0, -2.0; 41
3.0, -6.0, -2.0; 2
4.0, -6.0, -2.0; 7
5.0, -6.0, -2.0; 5
6.0, -6.0, -2.0; 2
-9.0, -5.0, -2.0; 7
-8.0, -5.0, -2.0; 16
-7.0, -5.0, -2.0; 2
-5.0, -5.0, -2.0; 1
0.0, -5.0, -2.0; 2
1.0, -5.0, -2.0; 7
2.0, -5.0, -2.0; 14
3.0, -5.0, -2.0; 11
4.0, -5.0, -2.0; 3
5.0, -5.0, -2.0; 1
6.0, -5.0, -2.0; 1
-9.0, -4.0, -2.0; 10
-8.0, -4.0, -2.0; 19
-7.0, -4.0, -2.0; 4
-6.0, -4.0, -2.0; 8
-5.0, -4.0, -2.0; 8
2.0, -4.0, -2.0; 1
3.0, -4.0, -2.0; 4
4.0, -4.0, -2.0; 4
5.0, -4.0, -2.0; 4
6.0, -4.0, -2.0; 1
8.0, -4.0, -2.0; 1
-10.0, -3.0, -2.0; 4
-9.0, -3.0, -2.0; 12
-8.0, -3.0, -2.0; 5
-7.0, -3.0, -2.0; 3
-6.0, -3.0, -2.0; 11
-5.0, -3.0, -2.0; 14
5.0, -3.0, -2.0; 6
6.0, -3.0, -2.0; 1
9.0, -3.0, -2.0; 1
-10.0, -2.0, -2.0; 3
-9.0, -2.0, -2.0; 8
-8.0, -2.0, -2.0; 8
-7.0, -2.0, -2.0; 4
-6.0, -2.0, -2.0; 10
-5.0, -2.0, -2.0; 16
5.0, -2.0, -2.0; 7
-10.0, -1.0, -2.0; 2
-9.0, -1.0, -2.0; 2
-8.0, -1.0, -2.0; 10
-7.0, -1.0, -2.0; 5
-6.0, -1.0, -2.0; 3
-5.0, -1.0, -2.0; 4
7.0, -1.0, -2.0; 1
-10.0, 0.0, -2.0; 2
-9.0, 0.0, -2.0; 1
-8.0, 0.0, -2.0; 7
-7.0, 0.0, -2.0; 2
-6.0, 0.0, -2.0; 20
-5.0, 0.0, -2.0; 2
6.0, 0.0, -2.0; 1
7.0, 0.0, -2.0; 2
-10.0, 1.0, -2.0; 4
-9.0, 1.0, -2.0; 7
-8.0, 1.0, -2.0; 4
-7.0, 1.0, -2.0; 7
-6.0, 1.0, -2.0; 347
-5.0, 1.0, -2.0; 29
5.0, 1.0, -2.0; 3
6.0, 1.0, -2.0; 3
-10.0, 2.0, -2.0; 2
-9.0, 2.0, -2.0; 11
-8.0, 2.0, -2.0; 1
-7.0, 2.0, -2.0; 22
-6.0, 2.0, -2.0; 30
-5.0, 2.0, -2.0; 19
-4.0, 2.0, -2.0; 1
4.0, 2.0, -2.0; 4
6.0, 2.0, -2.0; 1
-10.0, 3.0, -2.0; 3
-9.0, 3.0, -2.0; 5
-8.0, 3.0, -2.0; 6
-7.0, 3.0, -2.0; 5
-6.0, 3.0, -2.0; 14
-5.0, 3.0, -2.0; 3
2.0, 3.0, -2.0; 1
3.0, 3.0, -2.0; 1
4.0, 3.0, -2.0; 5
5.0, 3.0, -2.0; 2
7.0, 3.0, -2.0; 1
8.0, 3.0, -2.0; 1
-9.0, 4.0, -2.0; 5
-8.0, 4.0, -2.0; 6
-7.0, 4.0, -2.0; 2
-6.0, 4.0, -2.0; 10
-5.0, 4.0, -2.0; 7
1.0, 4.0, -2.0; 15
2.0, 4.0, -2.0; 34
3.0, 4.0, -2.0; 1
4.0, 4.0, -2.0; 7
5.0, 4.0, -2.0; 5
6.0, 4.0, -2.0; 1
7.0, 4.0, -2.0; 1
8.0, 4.0, -2.0; 5
-9.0, 5.0, -2.0; 5
-8.0, 5.0, -2.0; 8
-7.0, 5.0, -2.0; 8
-4.0, 5.0, -2.0; 1
-3.0, 5.0, -2.0; 1
-1.0, 5.0, -2.0; 3
0.0, 5.0, -2.0; 40
1.0, 5.0, -2.0; 48
2.0, 5.0, -2.0; 10
3.0, 5.0, -2.0; 4
4.0, 5.0, -2.0; 5
5.0, 5.0, -2.0; 2
6.0, 5.0, -2.0; 1
-8.0, 6.0, -2.0; 1
-7.0, 6.0, -2.0; 13
-6.0, 6.0, -2.0; 19
-5.0, 6.0, -2.0; 5
-4.0, 6.0, -2.0; 2
-3.0, 6.0, -2.0; 4
-2.0, 6.0, -2.0; 24
-1.0, 6.0, -2.0; 145
0.0, 6.0, -2.0; 300
1.0, 6.0, -2.0; 68
2.0, 6.0, -2.0; 3
3.0, 6.0, -2.0; 7
4.0, 6.0, -2.0; 2
5.0, 6.0, -2.0; 1
7.0, 6.0, -2.0; 1
-7.0, 7.0, -2.0; 4
-6.0, 7.0, -2.0; 15
-5.0, 7.0, -2.0; 12
-4.0, 7.0, -2.0; 11
-3.0, 7.0, -2.0; 3
-2.0, 7.0, -2.0; 4
-1.0, 7.0, -2.0; 8
0.0, 7.0, -2.0; 8
1.0, 7.0, -2.0; 1
2.0, 7.0, -2.0; 9
3.0, 7.0, -2.0; 5
4.0, 7.0, -2.0; 5
-5.0, 8.0, -2.0; 7
-4.0, 8.0, -2.0; 13
-3.0, 8.0, -2.0; 17
-2.0, 8.0, -2.0; 8
-1.0, 8.0, -2.0; 11
0.0, 8.0, -2.0; 6
1.0, 8.0, -2.0; 8
2.0, 8.0, -2.0; 4
-4.0, 9.0, -2.0; 2
-3.0, 9.0, -2.0; 2
-2.0, 9.0, -2.0; 13
-1.0, 9.0, -2.0; 20
0.0, 9.0, -2.0; 22
1.0, 9.0, -2.0; 7
2.0, 9.0, -2.0; 7
3.0, 9.0, -2.0; 1
-5.0, -10.0, -1.0; 2
-4.0, -10.0, -1.0; 12
-3.0, -10.0, -1.0; 47
-2.0, -10.0, -1.0; 57
-1.0, -10.0, -1.0; 42
0.0, -10.0, -1.0; 40
1.0, -10.0, -1.0; 12
2.0, -10.0, -1.0; 5
4.0, -10.0, -1.0; 1
-6.0, -9.0, -1.0; 11
-5.0, -9.0, -1.0; 25
-4.0, -9.0, -1.0; 19
-3.0, -9.0, -1.0; 5
-2.0, -9.0, -1.0; 3
-1.0, -9.0, -1.0; 11
0.0, -9.0, -1.0; 4
1.0, -9.0, -1.0; 1
2.0, -9.0, -1.0; 9
3.0, -9.0, -1.0; 2
-7.0, -8.0, -1.0; 8
-6.0, -8.0, -1.0; 13
-5.0, -8.0, -1.0; 7
-4.0, -8.0, -1.0; 2
-2.0, -8.0, -1.0; 10
-1.0, -8.0, -1.0; 27
0.0, -8.0, -1.0; 2
2.0, -8.0, -1.0; 1
3.0, -8.0, -1.0; 2
4.0, -8.0, -1.0; 1
5.0, -8.0, -1.0; 1
6.0, -8.0, -1.0; 3
-8.0, -7.0, -1.0; 6
-7.0, -7.0, -1.0; 9
-4.0, -7.0, -1.0; 1
-3.0, -7.0, -1.0; 1
-2.0, -7.0, -1.0; 23
-1.0, -7.0, -1.0; 102
0.0, -7.0, -1.0; 135
1.0, -7.0, -1.0; 40
2.0, -7.0, -1.0; 2
3.0, -7.0, -1.0; 3
4.0, -7.0, -1.0; 3
5.0, -7.0, -1.0; 2
7.0, -7.0, -1.0; 1
-9.0, -6.0, -1.0; 4
-8.0, -6.0, -1.0; 9
-7.0, -6.0, -1.0; 3
-6.0, -6.0, -1.0; 1
-5.0, -6.0, -1.0; 1
-2.0, -6.0, -1.0; 2
-1.0, -6.0, -1.0; 15
0.0, -6.0, -1.0; 28
1.0, -6.0, -1.0; 35
2.0, -6.0, -1.0; 11
3.0, -6.0, -1.0; 9
4.0, -6.0, -1.0; 2
5.0, -6.0, -1.0; 6
6.0, -6.0, -1.0; 1
7.0, -6.0, -1.0; 1
-9.0, -5.0, -1.0; 11
-8.0, -5.0, -1.0; 9
-7.0, -5.0, -1.0; 2
-6.0, -5.0, -1.0; 6
-5.0, -5.0, -1.0; 1
-1.0, -5.0, -1.0; 2
0.0, -5.0, -1.0; 2
1.0, -5.0, -1.0; 2
2.0, -5.0, -1.0; 6
3.0, -5.0, -1.0; 4
4.0, -5.0, -1.0; 2
5.0, -5.0, -1.0; 7
6.0, -5.0, -1.0; 1
-10.0, -4.0, -1.0; 1
-9.0, -4.0, -1.0; 7
-8.0, -4.0, -1.0; 15
-7.0, -4.0, -1.0; 14
-6.0, -4.0, -1.0; 6
-5.0, -4.0, -1.0; 5
3.0, -4.0, -1.0; 1
4.0, -4.0, -1.0; 2
5.0, -4.0, -1.0; 6
6.0, -4.0, -1.0; 1
8.0, -4.0, -1.0; 2
-10.0, -3.0, -1.0; 3
-9.0, -3.0, -1.0; 12
-8.0, -3.0, -1.0; 3
-7.0, -3.0, -1.0; 1
-6.0, -3.0, -1.0; 9
-5.0, -3.0, -1.0; 2
-4.0, -3.0, -1.0; 1
5.0, -3.0, -1.0; 4
6.0, -3.0, -1.0; 1
-10.0, -2.0, -1.0; 2
-9.0, -2.0, -1.0; 12
-8.0, -2.0, -1.0; 10
-7.0, -2.0, -1.0; 1
-6.0, -2.0, -1.0; 9
-5.0, -2.0, -1.0; 4
-4.0, -2.0, -1.0; 1
5.0, -2.0, -1.0; 1
6.0, -2.0, -1.0; 2
-10.0, -1.0, -1.0; 4
-9.0, -1.0, -1.0; 4
-8.0, -1.0, -1.0; 10
-7.0, -1.0, -1.0; 5
-6.0, -1.0, -1.0; 1
-5.0, -1.0, -1.0; 1
6.0, -1.0, -1.0; 2
7.0, -1.0, -1.0; 2
8.0, -1.0, -1.0; 1
-10.0, 0.0, -1.0; 1
-9.0, 0.0, -1.0; 2
-8.0, 0.0, -1.0; 5
-7.0, 0.0, -1.0; 12
-6.0, 0.0, -1.0; 7
7.0, 0.0, -1.0; 1
-9.0, 1.0, -1.0; 3
-8.0, 1.0, -1.0; 10
-7.0, 1.0, -1.0; 4
-6.0, 1.0, -1.0; 716
-5.0, 1.0, -1.0; 51
6.0, 1.0, -1.0; 2
7.0, 1.0, -1.0; 1
8.0, 1.0, -1.0; 1
9.0, 1.0, -1.0; 1
-10.0, 2.0, -1.0; 2
-9.0, 2.0, -1.0; 6
-8.0, 2.0, -1.0; 7
-7.0, 2.0, -1.0; 7
-6.0, 2.0, -1.0; 60
-5.0, 2.0, -1.0; 57
4.0, 2.0, -1.0; 2
5.0, 2.0, -1.0; 3
7.0, 2.0, -1.0; 2
8.0, 2.0, -1.0; 1
-10.0, 3.0, -1.0; 2
-9.0, 3.0, -1.0; 7
-8.0, 3.0, -1.0; 7
-7.0, 3.0, -1.0; 9
-6.0, 3.0, -1.0; 20
-5.0, 3.0, -1.0; 9
4.0, 3.0, -1.0; 4
5.0, 3.0, -1.0; 2
7.0, 3.0, -1.0; 1
9.0, 3.0, -1.0; 1
-9.0, 4.0, -1.0; 2
-8.0, 4.0, -1.0; 10
-7.0, 4.0, -1.0; 2
-6.0, 4.0, -1.0; 19
-5.0, 4.0, -1.0; 32
-2.0, 4.0, -1.0; 1
1.0, 4.0, -1.0; 1
2.0, 4.0, -1.0; 26
3.0, 4.0, -1.0; 2
4.0, 4.0, -1.0; 11
5.0, 4.0, -1.0; 2
6.0, 4.0, -1.0; 1
-9.0, 5.0, -1.0; 4
-8.0, 5.0, -1.0; 9
-7.0, 5.0, -1.0; 10
-6.0, 5.0, -1.0; 2
-5.0, 5.0, -1.0; 5
-4.0, 5.0, -1.0; 6
-3.0, 5.0, -1.0; 2
-1.0, 5.0, -1.0; 4
0.0, 5.0, -1.0; 8
1.0, 5.0, -1.0; 24
2.0, 5.0, -1.0; 17
3.0, 5.0, -1.0; 10
4.0, 5.0, -1.0; 5
5.0, 5.0, -1.0; 3
8.0, 5.0, -1.0; 1
-8.0, 6.0, -1.0; 6
-7.0, 6.0, -1.0; 52
-6.0, 6.0, -1.0; 238
-5.0, 6.0, -1.0; 38
-4.0, 6.0, -1.0; 5
-3.0, 6.0, -1.0; 8
-2.0, 6.0, -1.0; 21
-1.0, 6.0, -1.0; 165
0.0, 6.0, -1.0; 322
1.0, 6.0, -1.0; 91
2.0, 6.0, -1.0; 3
3.0, 6.0, -1.0; 11
4.0, 6.0, -1.0; 3
5.0, 6.0, -1.0; 2
6.0, 6.0, -1.0; 1
7.0, 6.0, -1.0; 1
-7.0, 7.0, -1.0; 5
-6.0, 7.0, -1.0; 16
-5.0, 7.0, -1.0; 47
-4.0, 7.0, -1.0; 19
-3.0, 7.0, -1.0; 9
-2.0, 7.0, -1.0; 5
-1.0, 7.0, -1.0; 26
0.0, 7.0, -1.0; 18
1.0, 7.0, -1.0; 2
2.0, 7.0, -1.0; 2
3.0, 7.0, -1.0; 4
4.0, 7.0, -1.0; 6
5.0, 7.0, -1.0; 2
6.0, 7.0, -1.0; 2
-5.0, 8.0, -1.0; 1
-4.0, 8.0, -1.0; 9
-3.0, 8.0, -1.0; 9
-2.0, 8.0, -1.0; 8
-1.0, 8.0, -1.0; 9
0.0, 8.0, -1.0; 15
1.0, 8.0, -1.0; 10
2.0, 8.0, -1.0; 12
3.0, 8.0, -1.0; 6
4.0, 8.0, -1.0; 3
-4.0, 9.0, -1.0; 6
-3.0, 9.0, -1.0; 6
-2.0, 9.0, -1.0; 18
-1.0, 9.0, -1.0; 26
0.0, 9.0, -1.0; 34
1.0, 9.0, -1.0; 17
2.0, 9.0, -1.0; 7
3.0, 9.0, -1.0; 2
-4.0, -10.0, 0.0; 18
-3.0, -10.0, 0.0; 22
-2.0, -10.0, 0.0; 22
-1.0, -10.0, 0.0; 25
0.0, -10.0, 0.0; 26
1.0, -10.0, 0.0; 10
2.0, -10.0, 0.0; 4
-6.0, -9.0, 0.0; 8
-5.0, -9.0, 0.0; 12
-4.0, -9.0, 0.0; 13
-3.0, -9.0, 0.0; 20
-2.0, -9.0, 0.0; 7
-1.0, -9.0, 0.0; 6
0.0, -9.0, 0.0; 4
1.0, -9.0, 0.0; 9
2.0, -9.0, 0.0; 4
3.0, -9.0, 0.0; 2
5.0, -9.0, 0.0; 1
-7.0, -8.0, 0.0; 7
-6.0, -8.0, 0.0; 15
-5.0, -8.0, 0.0; 6
-4.0, -8.0, 0.0; 3
-2.0, -8.0, 0.0; 26
-1.0, -8.0, 0.0; 23
0.0, -8.0, 0.0; 3
1.0, -8.0, 0.0; 5
2.0, -8.0, 0.0; 3
3.0, -8.0, 0.0; 1
4.0, -8.0, 0.0; 1
5.0, -8.0, 0.0; 2
-8.0, -7.0, 0.0; 6
-7.0, -7.0, 0.0; 18
-6.0, -7.0, 0.0; 6
-5.0, -7.0, 0.0; 1
-4.0, -7.0, 0.0; 17
-3.0, -7.0, 0.0; 62
-2.0, -7.0, 0.0; 166
-1.0, -7.0, 0.0; 218
0.0, -7.0, 0.0; 115
1.0, -7.0, 0.0; 17
2.0, -7.0, 0.0; 7
3.0, -7.0, 0.0; 6
4.0, -7.0, 0.0; 3
5.0, -7.0, 0.0; 1
6.0, -7.0, 0.0; 3
-9.0, -6.0, 0.0; 1
-8.0, -6.0, 0.0; 9
-7.0, -6.0, 0.0; 3
-6.0, -6.0, 0.0; 4
-5.0, -6.0, 0.0; 20
-4.0, -6.0, 0.0; 7
-3.0, -6.0, 0.0; 1
-2.0, -6.0, 0.0; 6
-1.0, -6.0, 0.0; 10
0.0, -6.0, 0.0; 25
1.0, -6.0, 0.0; 28
2.0, -6.0, 0.0; 1
3.0, -6.0, 0.0; 6
4.0, -6.0, 0.0; 5
5.0, -6.0, 0.0; 4
6.0, -6.0, 0.0; 3
-9.0, -5.0, 0.0; 2
-8.0, -5.0, 0.0; 17
-7.0, -5.0, 0.0; 2
-6.0, -5.0, 0.0; 43
-5.0, -5.0, 0.0; 2
-1.0, -5.0, 0.0; 1
0.0, -5.0, 0.0; 1
2.0, -5.0, 0.0; 2
3.0, -5.0, 0.0; 2
4.0, -5.0, 0.0; 5
5.0, -5.0, 0.0; 2
8.0, -5.0, 0.0; 1
-10.0, -4.0, 0.0; 1
-9.0, -4.0, 0.0; 13
-8.0, -4.0, 0.0; 14
-7.0, -4.0, 0.0; 10
-6.0, -4.0, 0.0; 20
-5.0, -4.0, 0.0; 4
-4.0, -4.0, 0.0; 1
4.0, -4.0, 0.0; 1
5.0, -4.0, 0.0; 1
6.0, -4.0, 0.0; 1
8.0, -4.0, 0.0; 3
-9.0, -3.0, 0.0; 8
-8.0, -3.0, 0.0; 9
-7.0, -3.0, 0.0; 2
-6.0, -3.0, 0.0; 2
-5.0, -3.0, 0.0; 1
3.0, -3.0, 0.0; 1
5.0, -3.0, 0.0; 4
8.0, -3.0, 0.0; 2
-10.0, -2.0, 0.0; 5
-9.0, -2.0, 0.0; 4
-8.0, -2.0, 0.0; 11
-7.0, -2.0, 0.0; 3
-6.0, -2.0, 0.0; 3
5.0, -2.0, 0.0; 3
7.0, -2.0, 0.0; 2
8.0, -2.0, 0.0; 1
-10.0, -1.0, 0.0; 3
-9.0, -1.0, 0.0; 2
-8.0, -1.0, 0.0; 5
-7.0, -1.0, 0.0; 13
-6.0, -1.0, 0.0; 5
-5.0, -1.0, 0.0; 1
4.0, -1.0, 0.0; 1
-10.0, 0.0, 0.0; 4
-9.0, 0.0, 0.0; 4
-8.0, 0.0, 0.0; 9
-7.0, 0.0, 0.0; 3
-6.0, 0.0, 0.0; 6
-5.0, 0.0, 0.0; 1
3.0
9.72443729904
