6.0, 0.0, 0.0; 1
-10.0, 1.0, 0.0; 1
-9.0, 1.0, 0.0; 3
-8.0, 1.0, 0.0; 5
-7.0, 1.0, 0.0; 1
-6.0, 1.0, 0.0; 69
-5.0, 1.0, 0.0; 42
5.0, 1.0, 0.0; 2
6.0, 1.0, 0.0; 3
7.0, 1.0, 0.0; 1
-9.0, 2.0, 0.0; 7
-8.0, 2.0, 0.0; 6
-7.0, 2.0, 0.0; 1
-6.0, 2.0, 0.0; 39
-5.0, 2.0, 0.0; 87
5.0, 2.0, 0.0; 1
6.0, 2.0, 0.0; 4
7.0, 2.0, 0.0; 1
-10.0, 3.0, 0.0; 1
-9.0, 3.0, 0.0; 4
-8.0, 3.0, 0.0; 6
-7.0, 3.0, 0.0; 2
-6.0, 3.0, 0.0; 9
-5.0, 3.0, 0.0; 24
-4.0, 3.0, 0.0; 2
3.0, 3.0, 0.0; 1
4.0, 3.0, 0.0; 2
5.0, 3.0, 0.0; 3
-8.0, 4.0, 0.0; 17
-7.0, 4.0, 0.0; 11
-6.0, 4.0, 0.0; 9
-5.0, 4.0, 0.0; 21
-4.0, 4.0, 0.0; 18
1.0, 4.0, 0.0; 1
2.0, 4.0, 0.0; 6
3.0, 4.0, 0.0; 1
4.0, 4.0, 0.0; 7
5.0, 4.0, 0.0; 4
7.0, 4.0, 0.0; 4
-9.0, 5.0, 0.0; 1
-8.0, 5.0, 0.0; 8
-7.0, 5.0, 0.0; 16
-6.0, 5.0, 0.0; 6
-5.0, 5.0, 0.0; 11
-4.0, 5.0, 0.0; 53
-3.0, 5.0, 0.0; 15
-2.0, 5.0, 0.0; 7
-1.0, 5.0, 0.0; 7
0.0, 5.0, 0.0; 11
1.0, 5.0, 0.0; 20
2.0, 5.0, 0.0; 6
3.0, 5.0, 0.0; 13
4.0, 5.0, 0.0; 15
5.0, 5.0, 0.0; 1
7.0, 5.0, 0.0; 2
-8.0, 6.0, 0.0; 6
-7.0, 6.0, 0.0; 67
-6.0, 6.0, 0.0; 464
-5.0, 6.0, 0.0; 53
-4.0, 6.0, 0.0; 12
-3.0, 6.0, 0.0; 15
-2.0, 6.0, 0.0; 46
-1.0, 6.0, 0.0; 79
0.0, 6.0, 0.0; 98
1.0, 6.0, 0.0; 17
2.0, 6.0, 0.0; 5
3.0, 6.0, 0.0; 5
4.0, 6.0, 0.0; 1
5.0, 6.0, 0.0; 3
6.0, 6.0, 0.0; 1
7.0, 6.0, 0.0; 1
-7.0, 7.0, 0.0; 11
-6.0, 7.0, 0.0; 43
-5.0, 7.0, 0.0; 40
-4.0, 7.0, 0.0; 4
-3.0, 7.0, 0.0; 3
-2.0, 7.0, 0.0; 11
-1.0, 7.0, 0.0; 54
0.0, 7.0, 0.0; 31
1.0, 7.0, 0.0; 6
2.0, 7.0, 0.0; 6
3.0, 7.0, 0.0; 1
4.0, 7.0, 0.0; 1
-6.0, 8.0, 0.0; 1
-5.0, 8.0, 0.0; 2
-4.0, 8.0, 0.0; 7
-3.0, 8.0, 0.0; 15
-2.0, 8.0, 0.0; 2
-1.0, 8.0, 0.0; 6
0.0, 8.0, 0.0; 5
1.0, 8.0, 0.0; 13
2.0, 8.0, 0.0; 15
3.0, 8.0, 0.0; 3
4.0, 8.0, 0.0; 1
-4.0, 9.0, 0.0; 3
-3.0, 9.0, 0.0; 10
-2.0, 9.0, 0.0; 20
-1.0, 9.0, 0.0; 14
0.0, 9.0, 0.0; 16
1.0, 9.0, 0.0; 4
2.0, 9.0, 0.0; 2
-4.0, -10.0, 1.0; 5
-3.0, -10.0, 1.0; 12
-2.0, -10.0, 1.0; 6
-1.0, -10.0, 1.0; 6
0.0, -10.0, 1.0; 3
1.0, -10.0, 1.0; 3
2.0, -10.0, 1.0; 1
-6.0, -9.0, 1.0; 2
-5.0, -9.0, 1.0; 10
-4.0, -9.0, 1.0; 21
-3.0, -9.0, 1.0; 20
-2.0, -9.0, 1.0; 9
-1.0, -9.0, 1.0; 15
0.0, -9.0, 1.0; 9
1.0, -9.0, 1.0; 4
2.0, -9.0, 1.0; 3
4.0, -9.0, 1.0; 2
-7.0, -8.0, 1.0; 4
-6.0, -8.0, 1.0; 14
-5.0, -8.0, 1.0; 16
-4.0, -8.0, 1.0; 5
-3.0, -8.0, 1.0; 2
-2.0, -8.0, 1.0; 1
-1.0, -8.0, 1.0; 3
0.0, -8.0, 1.0; 3
1.0, -8.0, 1.0; 8
2.0, -8.0, 1.0; 5
3.0, -8.0, 1.0; 1
4.0, -8.0, 1.0; 1
5.0, -8.0, 1.0; 2
-8.0, -7.0, 1.0; 3
-7.0, -7.0, 1.0; 14
-6.0, -7.0, 1.0; 10
-5.0, -7.0, 1.0; 2
-4.0, -7.0, 1.0; 51
-3.0, -7.0, 1.0; 136
-2.0, -7.0, 1.0; 158
-1.0, -7.0, 1.0; 151
0.0, -7.0, 1.0; 51
1.0, -7.0, 1.0; 4
2.0, -7.0, 1.0; 4
3.0, -7.0, 1.0; 5
4.0, -7.0, 1.0; 2
6.0, -7.0, 1.0; 2
7.0, -7.0, 1.0; 1
-8.0, -6.0, 1.0; 2
-7.0, -6.0, 1.0; 27
-6.0, -6.0, 1.0; 3
-5.0, -6.0, 1.0; 69
-4.0, -6.0, 1.0; 120
-3.0, -6.0, 1.0; 39
-2.0, -6.0, 1.0; 34
-1.0, -6.0, 1.0; 37
0.0, -6.0, 1.0; 34
1.0, -6.0, 1.0; 11
2.0, -6.0, 1.0; 7
3.0, -6.0, 1.0; 13
4.0, -6.0, 1.0; 2
5.0, -6.0, 1.0; 3
6.0, -6.0, 1.0; 1
-8.0, -5.0, 1.0; 7
-7.0, -5.0, 1.0; 5
-6.0, -5.0, 1.0; 33
-5.0, -5.0, 1.0; 50
-4.0, -5.0, 1.0; 7
-3.0, -5.0, 1.0; 6
-2.0, -5.0, 1.0; 5
-1.0, -5.0, 1.0; 5
1.0, -5.0, 1.0; 2
2.0, -5.0, 1.0; 2
3.0, -5.0, 1.0; 3
4.0, -5.0, 1.0; 2
-10.0, -4.0, 1.0; 1
-9.0, -4.0, 1.0; 5
-8.0, -4.0, 1.0; 5
-7.0, -4.0, 1.0; 2
-6.0, -4.0, 1.0; 37
-5.0, -4.0, 1.0; 8
-4.0, -4.0, 1.0; 1
-3.0, -4.0, 1.0; 1
2.0, -4.0, 1.0; 2
6.0, -4.0, 1.0; 1
-10.0, -3.0, 1.0; 2
-9.0, -3.0, 1.0; 2
-8.0, -3.0, 1.0; 8
-7.0, -3.0, 1.0; 2
-6.0, -3.0, 1.0; 2
-10.0, -2.0, 1.0; 2
-9.0, -2.0, 1.0; 2
-8.0, -2.0, 1.0; 10
-6.0, -2.0, 1.0; 1
-5.0, -2.0, 1.0; 1
3.0, -2.0, 1.0; 1
-10.0, -1.0, 1.0; 5
-9.0, -1.0, 1.0; 2
-8.0, -1.0, 1.0; 6
-7.0, -1.0, 1.0; 5
-6.0, -1.0, 1.0; 11
3.0, -1.0, 1.0; 1
-10.0, 0.0, 1.0; 2
-9.0, 0.0, 1.0; 6
-8.0, 0.0, 1.0; 6
-7.0, 0.0, 1.0; 5
-6.0, 0.0, 1.0; 17
-5.0, 0.0, 1.0; 7
5.0, 0.0, 1.0; 2
-10.0, 1.0, 1.0; 2
-9.0, 1.0, 1.0; 7
-8.0, 1.0, 1.0; 5
-7.0, 1.0, 1.0; 4
-6.0, 1.0, 1.0; 13
-5.0, 1.0, 1.0; 16
4.0, 1.0, 1.0; 1
7.0, 1.0, 1.0; 1
-10.0, 2.0, 1.0; 1
-9.0, 2.0, 1.0; 5
-8.0, 2.0, 1.0; 2
-7.0, 2.0, 1.0; 3
-6.0, 2.0, 1.0; 5
-5.0, 2.0, 1.0; 39
-4.0, 2.0, 1.0; 5
5.0, 2.0, 1.0; 1
6.0, 2.0, 1.0; 2
7.0, 2.0, 1.0; 1
-9.0, 3.0, 1.0; 2
-8.0, 3.0, 1.0; 6
-7.0, 3.0, 1.0; 1
-6.0, 3.0, 1.0; 8
-5.0, 3.0, 1.0; 23
-4.0, 3.0, 1.0; 22
3.0, 3.0, 1.0; 5
4.0, 3.0, 1.0; 5
5.0, 3.0, 1.0; 3
6.0, 3.0, 1.0; 4
7.0, 3.0, 1.0; 2
-9.0, 4.0, 1.0; 2
-8.0, 4.0, 1.0; 9
-7.0, 4.0, 1.0; 9
-6.0, 4.0, 1.0; 9
-5.0, 4.0, 1.0; 7
-4.0, 4.0, 1.0; 18
-3.0, 4.0, 1.0; 11
-2.0, 4.0, 1.0; 2
0.0, 4.0, 1.0; 2
1.0, 4.0, 1.0; 3
2.0, 4.0, 1.0; 5
3.0, 4.0, 1.0; 8
4.0, 4.0, 1.0; 3
5.0, 4.0, 1.0; 3
8.0, 4.0, 1.0; 1
-9.0, 5.0, 1.0; 1
-8.0, 5.0, 1.0; 7
-7.0, 5.0, 1.0; 9
-6.0, 5.0, 1.0; 2
-5.0, 5.0, 1.0; 11
-4.0, 5.0, 1.0; 86
-3.0, 5.0, 1.0; 727
-2.0, 5.0, 1.0; 276
-1.0, 5.0, 1.0; 16
0.0, 5.0, 1.0; 19
1.0, 5.0, 1.0; 13
2.0, 5.0, 1.0; 5
3.0, 5.0, 1.0; 7
4.0, 5.0, 1.0; 8
5.0, 5.0, 1.0; 2
6.0, 5.0, 1.0; 3
8.0, 5.0, 1.0; 1
-8.0, 6.0, 1.0; 2
-7.0, 6.0, 1.0; 19
-6.0, 6.0, 1.0; 69
-5.0, 6.0, 1.0; 16
-4.0, 6.0, 1.0; 16
-3.0, 6.0, 1.0; 43
-2.0, 6.0, 1.0; 42
-1.0, 6.0, 1.0; 17
0.0, 6.0, 1.0; 8
1.0, 6.0, 1.0; 2
2.0, 6.0, 1.0; 7
3.0, 6.0, 1.0; 5
4.0, 6.0, 1.0; 2
5.0, 6.0, 1.0; 2
7.0, 6.0, 1.0; 1
-7.0, 7.0, 1.0; 5
-6.0, 7.0, 1.0; 11
-5.0, 7.0, 1.0; 10
-4.0, 7.0, 1.0; 8
-3.0, 7.0, 1.0; 4
-2.0, 7.0, 1.0; 7
-1.0, 7.0, 1.0; 17
0.0, 7.0, 1.0; 2
1.0, 7.0, 1.0; 4
2.0, 7.0, 1.0; 7
3.0, 7.0, 1.0; 3
4.0, 7.0, 1.0; 1
-6.0, 8.0, 1.0; 1
-5.0, 8.0, 1.0; 3
-4.0, 8.0, 1.0; 7
-3.0, 8.0, 1.0; 7
-2.0, 8.0, 1.0; 5
-1.0, 8.0, 1.0; 3
0.0, 8.0, 1.0; 5
1.0, 8.0, 1.0; 7
2.0, 8.0, 1.0; 8
4.0, 8.0, 1.0; 2
-3.0, 9.0, 1.0; 7
-2.0, 9.0, 1.0; 10
-1.0, 9.0, 1.0; 13
0.0, 9.0, 1.0; 6
1.0, 9.0, 1.0; 9
2.0, 9.0, 1.0; 2
-3.0, -10.0, 2.0; 2
-1.0, -10.0, 2.0; 1
0.0, -10.0, 2.0; 3
1.0, -10.0, 2.0; 1
-5.0, -9.0, 2.0; 6
-4.0, -9.0, 2.0; 8
-3.0, -9.0, 2.0; 20
-2.0, -9.0, 2.0; 16
-1.0, -9.0, 2.0; 12
0.0, -9.0, 2.0; 4
1.0, -9.0, 2.0; 5
2.0, -9.0, 2.0; 2
3.0, -9.0, 2.0; 2
-6.0, -8.0, 2.0; 13
-5.0, -8.0, 2.0; 14
-4.0, -8.0, 2.0; 13
-3.0, -8.0, 2.0; 4
-2.0, -8.0, 2.0; 3
-1.0, -8.0, 2.0; 5
0.0, -8.0, 2.0; 6
1.0, -8.0, 2.0; 8
2.0, -8.0, 2.0; 4
3.0, -8.0, 2.0; 2
4.0, -8.0, 2.0; 1
5.0, -8.0, 2.0; 2
-8.0, -7.0, 2.0; 2
-7.0, -7.0, 2.0; 12
-6.0, -7.0, 2.0; 22
-5.0, -7.0, 2.0; 12
-4.0, -7.0, 2.0; 3
-3.0, -7.0, 2.0; 16
-2.0, -7.0, 2.0; 17
-1.0, -7.0, 2.0; 7
0.0, -7.0, 2.0; 7
1.0, -7.0, 2.0; 5
2.0, -7.0, 2.0; 3
3.0, -7.0, 2.0; 2
4.0, -7.0, 2.0; 1
5.0, -7.0, 2.0; 1
6.0, -7.0, 2.0; 1
7.0, -7.0, 2.0; 1
-8.0, -6.0, 2.0; 2
-7.0, -6.0, 2.0; 16
-6.0, -6.0, 2.0; 7
-5.0, -6.0, 2.0; 6
-4.0, -6.0, 2.0; 63
-3.0, -6.0, 2.0; 96
-2.0, -6.0, 2.0; 53
-1.0, -6.0, 2.0; 22
0.0, -6.0, 2.0; 11
1.0, -6.0, 2.0; 2
2.0, -6.0, 2.0; 6
3.0, -6.0, 2.0; 2
5.0, -6.0, 2.0; 1
-8.0, -5.0, 2.0; 10
-7.0, -5.0, 2.0; 7
-6.0, -5.0, 2.0; 2
-5.0, -5.0, 2.0; 36
-4.0, -5.0, 2.0; 40
-3.0, -5.0, 2.0; 13
-2.0, -5.0, 2.0; 3
-1.0, -5.0, 2.0; 1
0.0, -5.0, 2.0; 1
1.0, -5.0, 2.0; 2
2.0, -5.0, 2.0; 3
3.0, -5.0, 2.0; 1
4.0, -5.0, 2.0; 1
7.0, -5.0, 2.0; 1
-9.0, -4.0, 2.0; 2
-8.0, -4.0, 2.0; 7
-7.0, -4.0, 2.0; 2
-6.0, -4.0, 2.0; 2
-5.0, -4.0, 2.0; 12
-4.0, -4.0, 2.0; 4
-3.0, -4.0, 2.0; 1
-2.0, -4.0, 2.0; 1
0.0, -4.0, 2.0; 1
1.0, -4.0, 2.0; 1
2.0, -4.0, 2.0; 2
6.0, -4.0, 2.0; 1
7.0, -4.0, 2.0; 1
8.0, -4.0, 2.0; 1
-10.0, -3.0, 2.0; 1
-9.0, -3.0, 2.0; 2
-8.0, -3.0, 2.0; 9
-7.0, -3.0, 2.0; 4
-6.0, -3.0, 2.0; 3
-5.0, -3.0, 2.0; 1
-4.0, -3.0, 2.0; 1
0.0, -3.0, 2.0; 1
1.0, -3.0, 2.0; 1
-10.0, -2.0, 2.0; 1
-9.0, -2.0, 2.0; 2
-8.0, -2.0, 2.0; 5
-7.0, -2.0, 2.0; 7
-6.0, -2.0, 2.0; 2
-5.0, -2.0, 2.0; 1
-4.0, -2.0, 2.0; 1
2.0, -2.0, 2.0; 1
5.0, -2.0, 2.0; 1
-10.0, -1.0, 2.0; 4
-9.0, -1.0, 2.0; 2
-8.0, -1.0, 2.0; 4
-7.0, -1.0, 2.0; 3
-6.0, -1.0, 2.0; 6
-5.0, -1.0, 2.0; 3
-3.0, -1.0, 2.0; 1
4.0, -1.0, 2.0; 2
-10.0, 0.0, 2.0; 5
-9.0, 0.0, 2.0; 4
-8.0, 0.0, 2.0; 1
-7.0, 0.0, 2.0; 3
-6.0, 0.0, 2.0; 10
-5.0, 0.0, 2.0; 13
-4.0, 0.0, 2.0; 1
4.0, 0.0, 2.0; 1
5.0, 0.0, 2.0; 1
-10.0, 1.0, 2.0; 2
-9.0, 1.0, 2.0; 2
-8.0, 1.0, 2.0; 1
-7.0, 1.0, 2.0; 9
-6.0, 1.0, 2.0; 7
-5.0, 1.0, 2.0; 122
-4.0, 1.0, 2.0; 112
4.0, 1.0, 2.0; 1
-10.0, 2.0, 2.0; 2
-9.0, 2.0, 2.0; 2
-8.0, 2.0, 2.0; 4
-7.0, 2.0, 2.0; 7
-6.0, 2.0, 2.0; 1
-5.0, 2.0, 2.0; 201
-4.0, 2.0, 2.0; 841
-3.0, 2.0, 2.0; 11
2.0, 2.0, 2.0; 2
3.0, 2.0, 2.0; 18
5.0, 2.0, 2.0; 2
6.0, 2.0, 2.0; 4
7.0, 2.0, 2.0; 1
-9.0, 3.0, 2.0; 4
-8.0, 3.0, 2.0; 8
-7.0, 3.0, 2.0; 6
-6.0, 3.0, 2.0; 1
-5.0, 3.0, 2.0; 18
-4.0, 3.0, 2.0; 63
-3.0, 3.0, 2.0; 16
-2.0, 3.0, 2.0; 3
0.0, 3.0, 2.0; 1
2.0, 3.0, 2.0; 2
3.0, 3.0, 2.0; 8
4.0, 3.0, 2.0; 2
5.0, 3.0, 2.0; 1
6.0, 3.0, 2.0; 3
-9.0, 4.0, 2.0; 2
-8.0, 4.0, 2.0; 10
-7.0, 4.0, 2.0; 6
-6.0, 4.0, 2.0; 6
-5.0, 4.0, 2.0; 9
-4.0, 4.0, 2.0; 17
-3.0, 4.0, 2.0; 24
-2.0, 4.0, 2.0; 30
-1.0, 4.0, 2.0; 19
0.0, 4.0, 2.0; 9
1.0, 4.0, 2.0; 5
2.0, 4.0, 2.0; 8
3.0, 4.0, 2.0; 7
4.0, 4.0, 2.0; 3
5.0, 4.0, 2.0; 1
6.0, 4.0, 2.0; 1
-8.0, 5.0, 2.0; 5
-7.0, 5.0, 2.0; 3
-6.0, 5.0, 2.0; 7
-5.0, 5.0, 2.0; 2
-4.0, 5.0, 2.0; 20
-3.0, 5.0, 2.0; 82
-2.0, 5.0, 2.0; 90
-1.0, 5.0, 2.0; 9
0.0, 5.0, 2.0; 4
1.0, 5.0, 2.0; 2
2.0, 5.0, 2.0; 11
3.0, 5.0, 2.0; 7
4.0, 5.0, 2.0; 4
6.0, 5.0, 2.0; 1
-8.0, 6.0, 2.0; 1
-7.0, 6.0, 2.0; 1
-6.0, 6.0, 2.0; 9
-5.0, 6.0, 2.0; 17
-4.0, 6.0, 2.0; 8
-3.0, 6.0, 2.0; 4
-2.0, 6.0, 2.0; 10
-1.0, 6.0, 2.0; 1
0.0, 6.0, 2.0; 4
2.0, 6.0, 2.0; 2
3.0, 6.0, 2.0; 2
4.0, 6.0, 2.0; 1
5.0, 6.0, 2.0; 2
6.0, 6.0, 2.0; 3
-7.0, 7.0, 2.0; 1
-6.0, 7.0, 2.0; 4
-5.0, 7.0, 2.0; 8
-4.0, 7.0, 2.0; 5
-3.0, 7.0, 2.0; 3
-2.0, 7.0, 2.0; 3
-1.0, 7.0, 2.0; 5
0.0, 7.0, 2.0; 9
1.0, 7.0, 2.0; 7
2.0, 7.0, 2.0; 7
3.0, 7.0, 2.0; 3
4.0, 7.0, 2.0; 1
5.0, 7.0, 2.0; 1
-5.0, 8.0, 2.0; 3
-4.0, 8.0, 2.0; 12
-3.0, 8.0, 2.0; 8
-2.0, 8.0, 2.0; 7
-1.0, 8.0, 2.0; 6
0.0, 8.0, 2.0; 10
1.0, 8.0, 2.0; 7
2.0, 8.0, 2.0; 4
3.0, 8.0, 2.0; 1
-4.0, 9.0, 2.0; 1
-3.0, 9.0, 2.0; 4
-2.0, 9.0, 2.0; 4
-1.0, 9.0, 2.0; 7
0.0, 9.0, 2.0; 4
1.0, 9.0, 2.0; 1
2.0, 9.0, 2.0; 1
-2.0, -10.0, 3.0; 1
-1.0, -10.0, 3.0; 1
-5.0, -9.0, 3.0; 1
-4.0, -9.0, 3.0; 2
-3.0, -9.0, 3.0; 15
-2.0, -9.0, 3.0; 7
-1.0, -9.0, 3.0; 4
0.0, -9.0, 3.0; 4
1.0, -9.0, 3.0; 1
2.0, -9.0, 3.0; 1
3.0, -9.0, 3.0; 1
-6.0, -8.0, 3.0; 3
-5.0, -8.0, 3.0; 10
-4.0, -8.0, 3.0; 17
-3.0, -8.0, 3.0; 15
-2.0, -8.0, 3.0; 13
-1.0, -8.0, 3.0; 17
0.0, -8.0, 3.0; 6
1.0, -8.0, 3.0; 6
2.0, -8.0, 3.0; 2
-7.0, -7.0, 3.0; 2
-6.0, -7.0, 3.0; 7
-5.0, -7.0, 3.0; 21
-4.0, -7.0, 3.0; 12
-3.0, -7.0, 3.0; 6
-2.0, -7.0, 3.0; 6
-1.0, -7.0, 3.0; 6
0.0, -7.0, 3.0; 9
1.0, -7.0, 3.0; 7
2.0, -7.0, 3.0; 3
3.0, -7.0, 3.0; 3
4.0, -7.0, 3.0; 1
6.0, -7.0, 3.0; 1
-8.0, -6.0, 3.0; 3
-7.0, -6.0, 3.0; 2
-6.0, -6.0, 3.0; 9
-5.0, -6.0, 3.0; 9
-4.0, -6.0, 3.0; 1
-3.0, -6.0, 3.0; 2
-2.0, -6.0, 3.0; 3
-1.0, -6.0, 3.0; 1
0.0, -6.0, 3.0; 3
1.0, -6.0, 3.0; 4
2.0, -6.0, 3.0; 2
-7.0, -5.0, 3.0; 4
-6.0, -5.0, 3.0; 12
-5.0, -5.0, 3.0; 2
-4.0, -5.0, 3.0; 1
-3.0, -5.0, 3.0; 6
0.0, -5.0, 3.0; 3
1.0, -5.0, 3.0; 4
3.0, -5.0, 3.0; 2
4.0, -5.0, 3.0; 2
8.0, -5.0, 3.0; 1
-8.0, -4.0, 3.0; 5
-7.0, -4.0, 3.0; 8
-6.0, -4.0, 3.0; 7
-4.0, -4.0, 3.0; 1
-3.0, -4.0, 3.0; 1
-1.0, -4.0, 3.0; 1
0.0, -4.0, 3.0; 1
1.0, -4.0, 3.0; 6
4.0, -4.0, 3.0; 1
5.0, -4.0, 3.0; 1
6.0, -4.0, 3.0; 1
-9.0, -3.0, 3.0; 4
-8.0, -3.0, 3.0; 4
-7.0, -3.0, 3.0; 11
-6.0, -3.0, 3.0; 6
-5.0, -3.0, 3.0; 5
-4.0, -3.0, 3.0; 2
-3.0, -3.0, 3.0; 3
-2.0, -3.0, 3.0; 2
0.0, -3.0, 3.0; 1
1.0, -3.0, 3.0; 1
-9.0, -2.0, 3.0; 2
-8.0, -2.0, 3.0; 3
-7.0, -2.0, 3.0; 6
-6.0, -2.0, 3.0; 3
-5.0, -2.0, 3.0; 12
-4.0, -2.0, 3.0; 2
-3.0, -2.0, 3.0; 1
-2.0, -2.0, 3.0; 1
-1.0, -2.0, 3.0; 2
0.0, -2.0, 3.0; 2
1.0, -2.0, 3.0; 3
2.0, -2.0, 3.0; 1
5.0, -2.0, 3.0; 1
-9.0, -1.0, 3.0; 4
-8.0, -1.0, 3.0; 4
-7.0, -1.0, 3.0; 4
-6.0, -1.0, 3.0; 3
-5.0, -1.0, 3.0; 2
-4.0, -1.0, 3.0; 1
-3.0, -1.0, 3.0; 1
-2.0, -1.0, 3.0; 3
0.0, -1.0, 3.0; 1
1.0, -1.0, 3.0; 10
2.0, -1.0, 3.0; 2
8.0, -1.0, 3.0; 1
-9.0, 0.0, 3.0; 6
-8.0, 0.0, 3.0; 3
-7.0, 0.0, 3.0; 3
-6.0, 0.0, 3.0; 2
-5.0, 0.0, 3.0; 2
-4.0, 0.0, 3.0; 3
-3.0, 0.0, 3.0; 2
-2.0, 0.0, 3.0; 2
1.0, 0.0, 3.0; 1
2.0, 0.0, 3.0; 1
-8.0, 1.0, 3.0; 2
-7.0, 1.0, 3.0; 4
-6.0, 1.0, 3.0; 5
-5.0, 1.0, 3.0; 1
-4.0, 1.0, 3.0; 47
-3.0, 1.0, 3.0; 17
-2.0, 1.0, 3.0; 1
-1.0, 1.0, 3.0; 1
2.0, 1.0, 3.0; 1
3.0, 1.0, 3.0; 1
-8.0, 2.0, 3.0; 4
-7.0, 2.0, 3.0; 4
-6.0, 2.0, 3.0; 1
-5.0, 2.0, 3.0; 2
-4.0, 2.0, 3.0; 97
-3.0, 2.0, 3.0; 61
-2.0, 2.0, 3.0; 4
-1.0, 2.0, 3.0; 2
2.0, 2.0, 3.0; 16
3.0, 2.0, 3.0; 8
4.0, 2.0, 3.0; 1
8.0, 2.0, 3.0; 1
-9.0, 3.0, 3.0; 2
-8.0, 3.0, 3.0; 1
-7.0, 3.0, 3.0; 6
-6.0, 3.0, 3.0; 3
-5.0, 3.0, 3.0; 4
-4.0, 3.0, 3.0; 2
-3.0, 3.0, 3.0; 17
-2.0, 3.0, 3.0; 12
-1.0, 3.0, 3.0; 8
1.0, 3.0, 3.0; 2
2.0, 3.0, 3.0; 5
3.0, 3.0, 3.0; 3
5.0, 3.0, 3.0; 1
-8.0, 4.0, 3.0; 2
-7.0, 4.0, 3.0; 1
-6.0, 4.0, 3.0; 1
-5.0, 4.0, 3.0; 1
-4.0, 4.0, 3.0; 2
-3.0, 4.0, 3.0; 5
-2.0, 4.0, 3.0; 15
-1.0, 4.0, 3.0; 9
0.0, 4.0, 3.0; 1
1.0, 4.0, 3.0; 9
2.0, 4.0, 3.0; 11
3.0, 4.0, 3.0; 6
-8.0, 5.0, 3.0; 10
-7.0, 5.0, 3.0; 4
-6.0, 5.0, 3.0; 5
-5.0, 5.0, 3.0; 3
-4.0, 5.0, 3.0; 5
-3.0, 5.0, 3.0; 1
-2.0, 5.0, 3.0; 2
0.0, 5.0, 3.0; 3
1.0, 5.0, 3.0; 7
2.0, 5.0, 3.0; 14
3.0, 5.0, 3.0; 4
6.0, 5.0, 3.0; 1
-8.0, 6.0, 3.0; 3
-7.0, 6.0, 3.0; 5
-6.0, 6.0, 3.0; 3
-5.0, 6.0, 3.0; 5
-4.0, 6.0, 3.0; 6
-3.0, 6.0, 3.0; 2
-2.0, 6.0, 3.0; 1
0.0, 6.0, 3.0; 1
1.0, 6.0, 3.0; 2
2.0, 6.0, 3.0; 2
3.0, 6.0, 3.0; 1
4.0, 6.0, 3.0; 1
5.0, 6.0, 3.0; 1
6.0, 6.0, 3.0; 1
-6.0, 7.0, 3.0; 1
-5.0, 7.0, 3.0; 2
-4.0, 7.0, 3.0; 6
-3.0, 7.0, 3.0; 3
-2.0, 7.0, 3.0; 5
-1.0, 7.0, 3.0; 9
0.0, 7.0, 3.0; 3
1.0, 7.0, 3.0; 3
3.0, 7.0, 3.0; 2
-5.0, 8.0, 3.0; 1
-4.0, 8.0, 3.0; 6
-3.0, 8.0, 3.0; 2
-2.0, 8.0, 3.0; 8
-1.0, 8.0, 3.0; 6
0.0, 8.0, 3.0; 3
1.0, 8.0, 3.0; 2
2.0, 8.0, 3.0; 2
-3.0, 9.0, 3.0; 1
-2.0, 9.0, 3.0; 3
-1.0, 9.0, 3.0; 3
1.0, 9.0, 3.0; 1
-3.0, -9.0, 4.0; 1
-1.0, -9.0, 4.0; 3
0.0, -9.0, 4.0; 2
1.0, -9.0, 4.0; 2
3.0, -9.0, 4.0; 1
-6.0, -8.0, 4.0; 1
-5.0, -8.0, 4.0; 2
-4.0, -8.0, 4.0; 3
-3.0, -8.0, 4.0; 9
-2.0, -8.0, 4.0; 3
-1.0, -8.0, 4.0; 5
0.0, -8.0, 4.0; 6
1.0, -8.0, 4.0; 3
2.0, -8.0, 4.0; 1
3.0, -8.0, 4.0; 2
4.0, -8.0, 4.0; 4
-7.0, -7.0, 4.0; 1
-6.0, -7.0, 4.0; 3
-5.0, -7.0, 4.0; 10
-4.0, -7.0, 4.0; 14
-3.0, -7.0, 4.0; 18
-2.0, -7.0, 4.0; 11
-1.0, -7.0, 4.0; 12
0.0, -7.0, 4.0; 1
1.0, -7.0, 4.0; 2
2.0, -7.0, 4.0; 1
4.0, -7.0, 4.0; 1
5.0, -7.0, 4.0; 1
-7.0, -6.0, 4.0; 1
-6.0, -6.0, 4.0; 2
-5.0, -6.0, 4.0; 12
-4.0, -6.0, 4.0; 6
-3.0, -6.0, 4.0; 10
-2.0, -6.0, 4.0; 3
-1.0, -6.0, 4.0; 4
0.0, -6.0, 4.0; 2
3.0, -6.0, 4.0; 1
5.0, -6.0, 4.0; 1
-8.0, -5.0, 4.0; 5
-7.0, -5.0, 4.0; 3
-6.0, -5.0, 4.0; 8
-5.0, -5.0, 4.0; 10
-4.0, -5.0, 4.0; 3
-3.0, -5.0, 4.0; 6
-2.0, -5.0, 4.0; 2
-1.0, -5.0, 4.0; 5
0.0, -5.0, 4.0; 5
1.0, -5.0, 4.0; 1
3.0, -5.0, 4.0; 1
-9.0, -4.0, 4.0; 1
-8.0, -4.0, 4.0; 6
-7.0, -4.0, 4.0; 2
-6.0, -4.0, 4.0; 5
-5.0, -4.0, 4.0; 5
-4.0, -4.0, 4.0; 8
-3.0, -4.0, 4.0; 5
-2.0, -4.0, 4.0; 8
0.0, -4.0, 4.0; 4
1.0, -4.0, 4.0; 1
-8.0, -3.0, 4.0; 4
-7.0, -3.0, 4.0; 2
-6.0, -3.0, 4.0; 3
-5.0, -3.0, 4.0; 8
-4.0, -3.0, 4.0; 6
-3.0, -3.0, 4.0; 7
-2.0, -3.0, 4.0; 3
-1.0, -3.0, 4.0; 2
0.0, -3.0, 4.0; 1
1.0, -3.0, 4.0; 3
-9.0, -2.0, 4.0; 3
-8.0, -2.0, 4.0; 4
-7.0, -2.0, 4.0; 1
-6.0, -2.0, 4.0; 4
-5.0, -2.0, 4.0; 6
-4.0, -2.0, 4.0; 7
-3.0, -2.0, 4.0; 8
-2.0, -2.0, 4.0; 2
-1.0, -2.0, 4.0; 9
0.0, -2.0, 4.0; 18
-9.0, -1.0, 4.0; 1
-8.0, -1.0, 4.0; 4
-7.0, -1.0, 4.0; 4
-6.0, -1.0, 4.0; 3
-5.0, -1.0, 4.0; 3
-4.0, -1.0, 4.0; 1
-3.0, -1.0, 4.0; 4
-2.0, -1.0, 4.0; 9
-1.0, -1.0, 4.0; 23
0.0, -1.0, 4.0; 31
1.0, -1.0, 4.0; 6
2.0, -1.0, 4.0; 1
-9.0, 0.0, 4.0; 2
-8.0, 0.0, 4.0; 2
-7.0, 0.0, 4.0; 1
-5.0, 0.0, 4.0; 2
-4.0, 0.0, 4.0; 2
-3.0, 0.0, 4.0; 2
-2.0, 0.0, 4.0; 3
-1.0, 0.0, 4.0; 2
0.0, 0.0, 4.0; 1
1.0, 0.0, 4.0; 2
4.0, 0.0, 4.0; 1
-8.0, 1.0, 4.0; 5
-7.0, 1.0, 4.0; 2
-6.0, 1.0, 4.0; 2
-5.0, 1.0, 4.0; 1
-4.0, 1.0, 4.0; 2
-3.0, 1.0, 4.0; 4
-2.0, 1.0, 4.0; 2
0.0, 1.0, 4.0; 3
1.0, 1.0, 4.0; 2
3.0, 1.0, 4.0; 2
-9.0, 2.0, 4.0; 2
-8.0, 2.0, 4.0; 4
-7.0, 2.0, 4.0; 4
-6.0, 2.0, 4.0; 3
-4.0, 2.0, 4.0; 5
-3.0, 2.0, 4.0; 1
-2.0, 2.0, 4.0; 2
-1.0, 2.0, 4.0; 4
0.0, 2.0, 4.0; 22
1.0, 2.0, 4.0; 19
2.0, 2.0, 4.0; 4
4.0, 2.0, 4.0; 2
5.0, 2.0, 4.0; 2
-9.0, 3.0, 4.0; 1
-8.0, 3.0, 4.0; 1
-7.0, 3.0, 4.0; 3
-6.0, 3.0, 4.0; 3
-5.0, 3.0, 4.0; 2
-4.0, 3.0, 4.0; 2
-3.0, 3.0, 4.0; 3
-2.0, 3.0, 4.0; 4
-1.0, 3.0, 4.0; 2
0.0, 3.0, 4.0; 6
1.0, 3.0, 4.0; 11
2.0, 3.0, 4.0; 3
4.0, 3.0, 4.0; 1
-8.0, 4.0, 4.0; 2
-7.0, 4.0, 4.0; 2
-6.0, 4.0, 4.0; 4
-5.0, 4.0, 4.0; 3
-4.0, 4.0, 4.0; 2
-3.0, 4.0, 4.0; 1
-2.0, 4.0, 4.0; 1
-1.0, 4.0, 4.0; 4
0.0, 4.0, 4.0; 7
1.0, 4.0, 4.0; 3
2.0, 4.0, 4.0; 1
6.0, 4.0, 4.0; 1
-7.0, 5.0, 4.0; 6
-6.0, 5.0, 4.0; 5
-5.0, 5.0, 4.0; 5
-4.0, 5.0, 4.0; 4
-3.0, 5.0, 4.0; 2
-2.0, 5.0, 4.0; 2
0.0, 5.0, 4.0; 1
1.0, 5.0, 4.0; 5
2.0, 5.0, 4.0; 2
5.0, 5.0, 4.0; 2
-7.0, 6.0, 4.0; 2
-6.0, 6.0, 4.0; 4
-5.0, 6.0, 4.0; 6
-4.0, 6.0, 4.0; 4
-3.0, 6.0, 4.0; 2
-2.0, 6.0, 4.0; 6
-1.0, 6.0, 4.0; 8
0.0, 6.0, 4.0; 3
1.0, 6.0, 4.0; 2
5.0, 6.0, 4.0; 2
-6.0, 7.0, 4.0; 1
-5.0, 7.0, 4.0; 4
-4.0, 7.0, 4.0; 3
-3.0, 7.0, 4.0; 5
-2.0, 7.0, 4.0; 10
-1.0, 7.0, 4.0; 1
0.0, 7.0, 4.0; 3
1.0, 7.0, 4.0; 3
3.0, 7.0, 4.0; 2
-4.0, 8.0, 4.0; 1
-3.0, 8.0, 4.0; 3
-2.0, 8.0, 4.0; 4
-1.0, 8.0, 4.0; 2
0.0, 8.0, 4.0; 3
-3.0, -9.0, 5.0; 1
-2.0, -9.0, 5.0; 2
-1.0, -9.0, 5.0; 3
-4.0, -8.0, 5.0; 3
-3.0, -8.0, 5.0; 1
-2.0, -8.0, 5.0; 1
0.0, -8.0, 5.0; 4
1.0, -8.0, 5.0; 2
2.0, -8.0, 5.0; 1
-6.0, -7.0, 5.0; 2
-5.0, -7.0, 5.0; 4
-4.0, -7.0, 5.0; 4
-3.0, -7.0, 5.0; 3
-2.0, -7.0, 5.0; 3
-1.0, -7.0, 5.0; 4
0.0, -7.0, 5.0; 2
1.0, -7.0, 5.0; 1
2.0, -7.0, 5.0; 2
3.0, -7.0, 5.0; 1
-7.0, -6.0, 5.0; 3
-6.0, -6.0, 5.0; 3
-5.0, -6.0, 5.0; 4
-4.0, -6.0, 5.0; 3
-3.0, -6.0, 5.0; 4
-2.0, -6.0, 5.0; 3
-1.0, -6.0, 5.0; 4
0.0, -6.0, 5.0; 1
1.0, -6.0, 5.0; 2
2.0, -6.0, 5.0; 1
3.0, -6.0, 5.0; 1
-7.0, -5.0, 5.0; 9
-6.0, -5.0, 5.0; 3
-5.0, -5.0, 5.0; 3
-4.0, -5.0, 5.0; 3
-3.0, -5.0, 5.0; 6
-2.0, -5.0, 5.0; 3
-1.0, -5.0, 5.0; 4
0.0, -5.0, 5.0; 3
-8.0, -4.0, 5.0; 1
-7.0, -4.0, 5.0; 6
-6.0, -4.0, 5.0; 6
-5.0, -4.0, 5.0; 7
-4.0, -4.0, 5.0; 3
-3.0, -4.0, 5.0; 5
-2.0, -4.0, 5.0; 6
-1.0, -4.0, 5.0; 1
0.0, -4.0, 5.0; 1
3.0, -4.0, 5.0; 1
-9.0, -3.0, 5.0; 1
-8.0, -3.0, 5.0; 2
-7.0, -3.0, 5.0; 4
-6.0, -3.0, 5.0; 2
-5.0, -3.0, 5.0; 2
-4.0, -3.0, 5.0; 2
-3.0, -3.0, 5.0; 2
-2.0, -3.0, 5.0; 4
-1.0, -3.0, 5.0; 2
1.0, -3.0, 5.0; 3
6.0, -3.0, 5.0; 1
-8.0, -2.0, 5.0; 1
-7.0, -2.0, 5.0; 1
-6.0, -2.0, 5.0; 5
-5.0, -2.0, 5.0; 2
-4.0, -2.0, 5.0; 3
0.0, -2.0, 5.0; 1
1.0, -2.0, 5.0; 2
2.0, -2.0, 5.0; 1
-8.0, -1.0, 5.0; 1
-7.0, -1.0, 5.0; 2
-6.0, -1.0, 5.0; 2
-5.0, -1.0, 5.0; 4
-2.0, -1.0, 5.0; 2
0.0, -1.0, 5.0; 1
1.0, -1.0, 5.0; 2
2.0, -1.0, 5.0; 1
3.0, -1.0, 5.0; 1
-8.0, 0.0, 5.0; 6
-7.0, 0.0, 5.0; 1
-6.0, 0.0, 5.0; 3
-3.0, 0.0, 5.0; 1
-1.0, 0.0, 5.0; 1
2.0, 0.0, 5.0; 2
4.0, 0.0, 5.0; 1
-8.0, 1.0, 5.0; 1
-7.0, 1.0, 5.0; 4
-5.0, 1.0, 5.0; 1
-4.0, 1.0, 5.0; 2
-2.0, 1.0, 5.0; 1
0.0, 1.0, 5.0; 3
1.0, 1.0, 5.0; 2
2.0, 1.0, 5.0; 1
3.0, 1.0, 5.0; 2
-8.0, 2.0, 5.0; 1
-7.0, 2.0, 5.0; 6
-6.0, 2.0, 5.0; 7
-5.0, 2.0, 5.0; 2
-4.0, 2.0, 5.0; 3
-3.0, 2.0, 5.0; 1
-2.0, 2.0, 5.0; 2
-1.0, 2.0, 5.0; 8
0.0, 2.0, 5.0; 5
1.0, 2.0, 5.0; 2
3.0, 2.0, 5.0; 1
5.0, 2.0, 5.0; 1
-7.0, 3.0, 5.0; 1
-6.0, 3.0, 5.0; 6
-4.0, 3.0, 5.0; 1
-3.0, 3.0, 5.0; 4
-2.0, 3.0, 5.0; 2
-1.0, 3.0, 5.0; 2
1.0, 3.0, 5.0; 2
2.0, 3.0, 5.0; 1
-7.0, 4.0, 5.0; 1
-6.0, 4.0, 5.0; 2
-5.0, 4.0, 5.0; 4
-4.0, 4.0, 5.0; 2
-3.0, 4.0, 5.0; 1
-2.0, 4.0, 5.0; 6
-1.0, 4.0, 5.0; 2
0.0, 4.0, 5.0; 2
1.0, 4.0, 5.0; 1
-7.0, 5.0, 5.0; 1
-6.0, 5.0, 5.0; 1
-5.0, 5.0, 5.0; 2
-4.0, 5.0, 5.0; 1
-3.0, 5.0, 5.0; 2
-2.0, 5.0, 5.0; 2
-1.0, 5.0, 5.0; 2
0.0, 5.0, 5.0; 2
1.0, 5.0, 5.0; 4
4.0, 5.0, 5.0; 1
5.0, 5.0, 5.0; 2
-6.0, 6.0, 5.0; 1
-4.0, 6.0, 5.0; 3
-3.0, 6.0, 5.0; 2
-2.0, 6.0, 5.0; 3
-4.0, 7.0, 5.0; 7
-3.0, 7.0, 5.0; 4
-2.0, 7.0, 5.0; 4
0.0, 7.0, 5.0; 1
1.0, 7.0, 5.0; 1
2.0, 7.0, 5.0; 1
4.0, 7.0, 5.0; 1
-1.0, 8.0, 5.0; 1
-4.0, -8.0, 6.0; 1
-3.0, -8.0, 6.0; 2
-2.0, -8.0, 6.0; 3
-1.0, -8.0, 6.0; 1
0.0, -8.0, 6.0; 1
-4.0, -7.0, 6.0; 1
-3.0, -7.0, 6.0; 4
-2.0, -7.0, 6.0; 2
-1.0, -7.0, 6.0; 3
1.0, -7.0, 6.0; 1
3.0, -7.0, 6.0; 3
-4.0, -6.0, 6.0; 5
-3.0, -6.0, 6.0; 6
-1.0, -6.0, 6.0; 1
1.0, -6.0, 6.0; 2
2.0, -6.0, 6.0; 1
3.0, -6.0, 6.0; 2
-6.0, -5.0, 6.0; 8
-5.0, -5.0, 6.0; 4
-4.0, -5.0, 6.0; 3
-3.0, -5.0, 6.0; 3
-2.0, -5.0, 6.0; 2
-1.0, -5.0, 6.0; 1
-7.0, -4.0, 6.0; 3
-6.0, -4.0, 6.0; 10
-5.0, -4.0, 6.0; 2
-4.0, -4.0, 6.0; 1
-3.0, -4.0, 6.0; 1
-2.0, -4.0, 6.0; 1
-1.0, -4.0, 6.0; 1
2.0, -4.0, 6.0; 1
5.0, -4.0, 6.0; 1
-7.0, -3.0, 6.0; 5
-6.0, -3.0, 6.0; 2
-5.0, -3.0, 6.0; 2
-2.0, -3.0, 6.0; 1
-1.0, -3.0, 6.0; 4
0.0, -3.0, 6.0; 1
1.0, -3.0, 6.0; 2
-8.0, -2.0, 6.0; 2
-7.0, -2.0, 6.0; 1
-6.0, -2.0, 6.0; 7
-5.0, -2.0, 6.0; 1
-2.0, -2.0, 6.0; 1
0.0, -2.0, 6.0; 3
1.0, -2.0, 6.0; 1
5.0, -2.0, 6.0; 1
-7.0, -1.0, 6.0; 5
-6.0, -1.0, 6.0; 2
-4.0, -1.0, 6.0; 1
-3.0, -1.0, 6.0; 1
0.0, -1.0, 6.0; 4
2.0, -1.0, 6.0; 3
-8.0, 0.0, 6.0; 1
-7.0, 0.0, 6.0; 1
-6.0, 0.0, 6.0; 3
-5.0, 0.0, 6.0; 2
-4.0, 0.0, 6.0; 1
-2.0, 0.0, 6.0; 1
-1.0, 0.0, 6.0; 1
2.0, 0.0, 6.0; 1
3.0, 0.0, 6.0; 1
-6.0, 1.0, 6.0; 1
-5.0, 1.0, 6.0; 2
-4.0, 1.0, 6.0; 1
-1.0, 1.0, 6.0; 2
-8.0, 2.0, 6.0; 1
-7.0, 2.0, 6.0; 3
-6.0, 2.0, 6.0; 3
-4.0, 2.0, 6.0; 2
-3.0, 2.0, 6.0; 3
1.0, 2.0, 6.0; 2
3.0, 2.0, 6.0; 1
-7.0, 3.0, 6.0; 2
-5.0, 3.0, 6.0; 1
-3.0, 3.0, 6.0; 2
-1.0, 3.0, 6.0; 1
0.0, 3.0, 6.0; 2
2.0, 3.0, 6.0; 1
-7.0, 4.0, 6.0; 2
-4.0, 4.0, 6.0; 5
-3.0, 4.0, 6.0; 4
-2.0, 4.0, 6.0; 1
-1.0, 4.0, 6.0; 1
0.0, 4.0, 6.0; 1
-6.0, 5.0, 6.0; 1
-5.0, 5.0, 6.0; 1
-3.0, 5.0, 6.0; 3
-2.0, 5.0, 6.0; 3
0.0, 5.0, 6.0; 1
1.0, 5.0, 6.0; 1
-4.0, 6.0, 6.0; 1
-3.0, 6.0, 6.0; 4
-1.0, 6.0, 6.0; 1
-1.0, 7.0, 6.0; 1
-2.0, -8.0, 7.0; 1
-3.0, -7.0, 7.0; 1
-4.0, -6.0, 7.0; 1
-3.0, -6.0, 7.0; 1
-2.0, -6.0, 7.0; 2
3.0, -6.0, 7.0; 1
-5.0, -5.0, 7.0; 1
-4.0, -5.0, 7.0; 6
-3.0, -5.0, 7.0; 1
-2.0, -5.0, 7.0; 1
-1.0, -5.0, 7.0; 1
0.0, -5.0, 7.0; 1
1.0, -5.0, 7.0; 2
-6.0, -4.0, 7.0; 1
-5.0, -4.0, 7.0; 4
-4.0, -4.0, 7.0; 3
-3.0, -4.0, 7.0; 1
5.0, -4.0, 7.0; 1
-6.0, -3.0, 7.0; 1
-5.0, -3.0, 7.0; 1
-4.0, -3.0, 7.0; 2
-3.0, -3.0, 7.0; 2
2.0, -3.0, 7.0; 1
3.0, -3.0, 7.0; 1
4.0, -3.0, 7.0; 1
-7.0, -2.0, 7.0; 2
-6.0, -2.0, 7.0; 2
-5.0, -2.0, 7.0; 2
-4.0, -2.0, 7.0; 2
-3.0, -2.0, 7.0; 1
-2.0, -2.0, 7.0; 4
0.0, -2.0, 7.0; 1
1.0, -2.0, 7.0; 1
2.0, -2.0, 7.0; 1
-6.0, -1.0, 7.0; 1
-5.0, -1.0, 7.0; 1
-4.0, -1.0, 7.0; 1
-1.0, -1.0, 7.0; 1
-3.0, 0.0, 7.0; 1
-1.0, 0.0, 7.0; 1
2.0, 0.0, 7.0; 1
3.0, 0.0, 7.0; 1
-3.0, 1.0, 7.0; 1
-1.0, 1.0, 7.0; 2
-7.0, 2.0, 7.0; 1
-5.0, 2.0, 7.0; 1
-4.0, 2.0, 7.0; 1
-2.0, 2.0, 7.0; 1
2.0, 2.0, 7.0; 1
3.0, 2.0, 7.0; 1
-5.0, 3.0, 7.0; 2
-4.0, 3.0, 7.0; 1
-3.0, 3.0, 7.0; 1
-1.0, 3.0, 7.0; 1
0.0, 3.0, 7.0; 3
2.0, 3.0, 7.0; 1
3.0, 3.0, 7.0; 1
-1.0, 4.0, 7.0; 1
0.0, 4.0, 7.0; 1
-2.0, 5.0, 7.0; 1
-1.0, 5.0, 7.0; 3
1.0, 5.0, 7.0; 1
3.0, 5.0, 7.0; 1
-1.0, 6.0, 7.0; 6
-2.0, -5.0, 8.0; 2
2.0, -5.0, 8.0; 1
-5.0, -4.0, 8.0; 1
-4.0, -4.0, 8.0; 1
-2.0, -4.0, 8.0; 1
-1.0, -4.0, 8.0; 2
3.0, -4.0, 8.0; 1
-4.0, -3.0, 8.0; 1
0.0, -3.0, 8.0; 1
-3.0, -2.0, 8.0; 1
-1.0, -2.0, 8.0; 1
-4.0, -1.0, 8.0; 1
-2.0, -1.0, 8.0; 1
0.0, -1.0, 8.0; 1
3.0, -1.0, 8.0; 1
-4.0, 0.0, 8.0; 1
0.0, 0.0, 8.0; 1
2.0, 1.0, 8.0; 1
3.0, 1.0, 8.0; 1
-1.0, 2.0, 8.0; 1
3.0, 2.0, 8.0; 1
-3.0, 3.0, 8.0; 1
-2.0, 3.0, 8.0; 1
0.0, 3.0, 8.0; 1
-3.0, 0.0, 9.0; 2
-1.0, -5.0, -10.0; 1
-3.0, -4.0, -10.0; 1
-2.0, -4.0, -10.0; 2
-1.0, -4.0, -10.0; 1
0.0, -4.0, -10.0; 1
1.0, -4.0, -10.0; 1
-1.0, -3.0, -10.0; 5
0.0, -3.0, -10.0; 1
-3.0, -2.0, -10.0; 1
-2.0, -2.0, -10.0; 1
-1.0, -2.0, -10.0; 4
0.0, -2.0, -10.0; 1
1.0, -2.0, -10.0; 1
2.0, -2.0, -10.0; 2
-3.0, -1.0, -10.0; 1
-1.0, -1.0, -10.0; 3
-4.0, 0.0, -10.0; 1
-3.0, 0.0, -10.0; 1
-2.0, 0.0, -10.0; 2
-1.0, 0.0, -10.0; 1
0.0, 0.0, -10.0; 2
1.0, 0.0, -10.0; 1
-4.0, 1.0, -10.0; 1
-3.0, 1.0, -10.0; 2
-2.0, 1.0, -10.0; 1
-1.0, 1.0, -10.0; 1
1.0, 1.0, -10.0; 3
2.0, 1.0, -10.0; 2
-3.0, 2.0, -10.0; 1
-1.0, 2.0, -10.0; 2
1.0, 2.0, -10.0; 1
-2.0, 3.0, -10.0; 1
0.0, 3.0, -10.0; 1
0.0, -6.0, -9.0; 2
1.0, -6.0, -9.0; 1
-2.0, -5.0, -9.0; 1
-1.0, -5.0, -9.0; 4
1.0, -5.0, -9.0; 1
-2.0, -4.0, -9.0; 1
0.0, -4.0, -9.0; 1
1.0, -4.0, -9.0; 3
2.0, -4.0, -9.0; 3
-5.0, -3.0, -9.0; 1
-4.0, -3.0, -9.0; 2
-3.0, -3.0, -9.0; 1
-2.0, -3.0, -9.0; 3
-1.0, -3.0, -9.0; 2
0.0, -3.0, -9.0; 5
1.0, -3.0, -9.0; 5
2.0, -3.0, -9.0; 3
3.0, -3.0, -9.0; 1
-6.0, -2.0, -9.0; 1
-5.0, -2.0, -9.0; 4
-3.0, -2.0, -9.0; 2
-2.0, -2.0, -9.0; 2
-1.0, -2.0, -9.0; 2
0.0, -2.0, -9.0; 1
1.0, -2.0, -9.0; 2
2.0, -2.0, -9.0; 2
3.0, -2.0, -9.0; 1
5.0, -2.0, -9.0; 1
-6.0, -1.0, -9.0; 2
-5.0, -1.0, -9.0; 2
-4.0, -1.0, -9.0; 3
-3.0, -1.0, -9.0; 2
-2.0, -1.0, -9.0; 6
-1.0, -1.0, -9.0; 2
0.0, -1.0, -9.0; 1
1.0, -1.0, -9.0; 5
-5.0, 0.0, -9.0; 1
-4.0, 0.0, -9.0; 1
-3.0, 0.0, -9.0; 2
-2.0, 0.0, -9.0; 5
-1.0, 0.0, -9.0; 3
0.0, 0.0, -9.0; 3
1.0, 0.0, -9.0; 3
2.0, 0.0, -9.0; 1
3.0, 0.0, -9.0; 2
4.0, 0.0, -9.0; 1
-6.0, 1.0, -9.0; 1
-5.0, 1.0, -9.0; 4
-4.0, 1.0, -9.0; 8
-3.0, 1.0, -9.0; 2
-2.0, 1.0, -9.0; 4
-1.0, 1.0, -9.0; 4
0.0, 1.0, -9.0; 2
1.0, 1.0, -9.0; 2
2.0, 1.0, -9.0; 2
3.0, 1.0, -9.0; 1
4.0, 1.0, -9.0; 4
5.0, 1.0, -9.0; 3
-4.0, 2.0, -9.0; 3
-3.0, 2.0, -9.0; 5
-2.0, 2.0, -9.0; 3
-1.0, 2.0, -9.0; 3
0.0, 2.0, -9.0; 1
1.0, 2.0, -9.0; 1
2.0, 2.0, -9.0; 1
3.0, 2.0, -9.0; 2
4.0, 2.0, -9.0; 2
-5.0, 3.0, -9.0; 2
-4.0, 3.0, -9.0; 3
-3.0, 3.0, -9.0; 3
-2.0, 3.0, -9.0; 3
-1.0, 3.0, -9.0; 3
0.0, 3.0, -9.0; 3
1.0, 3.0, -9.0; 2
2.0, 3.0, -9.0; 3
3.0, 3.0, -9.0; 2
4.0, 3.0, -9.0; 1
-3.0, 4.0, -9.0; 1
-2.0, 4.0, -9.0; 4
-1.0, 4.0, -9.0; 2
0.0, 4.0, -9.0; 1
1.0, 4.0, -9.0; 1
2.0, 4.0, -9.0; 4
3.0, 4.0, -9.0; 2
-1.0, 5.0, -9.0; 1
0.0, 5.0, -9.0; 1
-2.0, -7.0, -8.0; 2
-1.0, -7.0, -8.0; 2
0.0, -7.0, -8.0; 4
1.0, -7.0, -8.0; 9
2.0, -7.0, -8.0; 2
-4.0, -6.0, -8.0; 1
-2.0, -6.0, -8.0; 3
-1.0, -6.0, -8.0; 1
0.0, -6.0, -8.0; 2
1.0, -6.0, -8.0; 3
2.0, -6.0, -8.0; 2
3.0, -6.0, -8.0; 3
-5.0, -5.0, -8.0; 2
-4.0, -5.0, -8.0; 2
-3.0, -5.0, -8.0; 1
-2.0, -5.0, -8.0; 2
-1.0, -5.0, -8.0; 7
0.0, -5.0, -8.0; 1
1.0, -5.0, -8.0; 2
2.0, -5.0, -8.0; 4
3.0, -5.0, -8.0; 1
4.0, -5.0, -8.0; 1
-5.0, -4.0, -8.0; 2
-4.0, -4.0, -8.0; 5
-3.0, -4.0, -8.0; 4
-2.0, -4.0, -8.0; 1
-1.0, -4.0, -8.0; 2
2.0, -4.0, -8.0; 3
3.0, -4.0, -8.0; 4
4.0, -4.0, -8.0; 2
5.0, -4.0, -8.0; 1
-6.0, -3.0, -8.0; 3
-5.0, -3.0, -8.0; 9
-4.0, -3.0, -8.0; 6
-3.0, -3.0, -8.0; 3
-2.0, -3.0, -8.0; 2
-1.0, -3.0, -8.0; 1
0.0, -3.0, -8.0; 2
1.0, -3.0, -8.0; 2
2.0, -3.0, -8.0; 2
3.0, -3.0, -8.0; 3
4.0, -3.0, -8.0; 3
-6.0, -2.0, -8.0; 1
-5.0, -2.0, -8.0; 5
-4.0, -2.0, -8.0; 11
-3.0, -2.0, -8.0; 11
-2.0, -2.0, -8.0; 2
-1.0, -2.0, -8.0; 5
0.0, -2.0, -8.0; 1
1.0, -2.0, -8.0; 3
2.0, -2.0, -8.0; 3
3.0, -2.0, -8.0; 4
4.0, -2.0, -8.0; 1
-7.0, -1.0, -8.0; 3
-6.0, -1.0, -8.0; 3
-5.0, -1.0, -8.0; 3
-4.0, -1.0, -8.0; 8
-3.0, -1.0, -8.0; 1
-2.0, -1.0, -8.0; 1
-1.0, -1.0, -8.0; 1
0.0, -1.0, -8.0; 4
1.0, -1.0, -8.0; 2
2.0, -1.0, -8.0; 9
3.0, -1.0, -8.0; 2
4.0, -1.0, -8.0; 3
5.0, -1.0, -8.0; 1
6.0, -1.0, -8.0; 2
-7.0, 0.0, -8.0; 2
-6.0, 0.0, -8.0; 3
-5.0, 0.0, -8.0; 5
-4.0, 0.0, -8.0; 7
-3.0, 0.0, -8.0; 6
-2.0, 0.0, -8.0; 6
-1.0, 0.0, -8.0; 3
0.0, 0.0, -8.0; 2
1.0, 0.0, -8.0; 1
2.0, 0.0, -8.0; 3
3.0, 0.0, -8.0; 2
4.0, 0.0, -8.0; 3
5.0, 0.0, -8.0; 1
6.0, 0.0, -8.0; 6
-7.0, 1.0, -8.0; 2
-6.0, 1.0, -8.0; 2
-5.0, 1.0, -8.0; 7
-4.0, 1.0, -8.0; 7
-3.0, 1.0, -8.0; 12
-2.0, 1.0, -8.0; 8
-1.0, 1.0, -8.0; 9
0.0, 1.0, -8.0; 2
1.0, 1.0, -8.0; 2
2.0, 1.0, -8.0; 2
3.0, 1.0, -8.0; 2
4.0, 1.0, -8.0; 1
5.0, 1.0, -8.0; 2
6.0, 1.0, -8.0; 1
-6.0, 2.0, -8.0; 4
-5.0, 2.0, -8.0; 9
-4.0, 2.0, -8.0; 5
-3.0, 2.0, -8.0; 6
-2.0, 2.0, -8.0; 2
-1.0, 2.0, -8.0; 5
0.0, 2.0, -8.0; 1
1.0, 2.0, -8.0; 2
2.0, 2.0, -8.0; 5
3.0, 2.0, -8.0; 3
4.0, 2.0, -8.0; 4
5.0, 2.0, -8.0; 4
6.0, 2.0, -8.0; 1
-6.0, 3.0, -8.0; 1
-5.0, 3.0, -8.0; 2
-4.0, 3.0, -8.0; 2
-3.0, 3.0, -8.0; 4
-2.0, 3.0, -8.0; 4
-1.0, 3.0, -8.0; 4
0.0, 3.0, -8.0; 2
1.0, 3.0, -8.0; 5
2.0, 3.0, -8.0; 3
3.0, 3.0, -8.0; 1
4.0, 3.0, -8.0; 3
5.0, 3.0, -8.0; 3
-5.0, 4.0, -8.0; 3
-4.0, 4.0, -8.0; 5
-3.0, 4.0, -8.0; 3
-2.0, 4.0, -8.0; 4
-1.0, 4.0, -8.0; 5
0.0, 4.0, -8.0; 14
1.0, 4.0, -8.0; 14
2.0, 4.0, -8.0; 1
3.0, 4.0, -8.0; 2
4.0, 4.0, -8.0; 1
-3.0, 5.0, -8.0; 4
-2.0, 5.0, -8.0; 3
-1.0, 5.0, -8.0; 3
0.0, 5.0, -8.0; 4
1.0, 5.0, -8.0; 2
2.0, 5.0, -8.0; 1
-3.0, 6.0, -8.0; 1
-2.0, 6.0, -8.0; 4
-3.0, -8.0, -7.0; 1
-2.0, -8.0, -7.0; 7
0.0, -8.0, -7.0; 4
1.0, -8.0, -7.0; 3
-5.0, -7.0, -7.0; 1
-4.0, -7.0, -7.0; 3
-3.0, -7.0, -7.0; 2
-2.0, -7.0, -7.0; 6
-1.0, -7.0, -7.0; 8
0.0, -7.0, -7.0; 8
1.0, -7.0, -7.0; 3
2.0, -7.0, -7.0; 4
3.0, -7.0, -7.0; 1
4.0, -7.0, -7.0; 1
-6.0, -6.0, -7.0; 1
-5.0, -6.0, -7.0; 4
-4.0, -6.0, -7.0; 3
-3.0, -6.0, -7.0; 2
-2.0, -6.0, -7.0; 5
-1.0, -6.0, -7.0; 2
0.0, -6.0, -7.0; 4
1.0, -6.0, -7.0; 7
2.0, -6.0, -7.0; 3
3.0, -6.0, -7.0; 2
4.0, -6.0, -7.0; 1
-7.0, -5.0, -7.0; 1
-6.0, -5.0, -7.0; 4
-5.0, -5.0, -7.0; 10
-4.0, -5.0, -7.0; 4
-3.0, -5.0, -7.0; 1
-2.0, -5.0, -7.0; 6
2.0, -5.0, -7.0; 2
3.0, -5.0, -7.0; 2
4.0, -5.0, -7.0; 3
-7.0, -4.0, -7.0; 1
-6.0, -4.0, -7.0; 8
-5.0, -4.0, -7.0; 8
-4.0, -4.0, -7.0; 6
-3.0, -4.0, -7.0; 3
-2.0, -4.0, -7.0; 2
-1.0, -4.0, -7.0; 2
0.0, -4.0, -7.0; 3
1.0, -4.0, -7.0; 1
2.0, -4.0, -7.0; 1
3.0, -4.0, -7.0; 3
4.0, -4.0, -7.0; 2
5.0, -4.0, -7.0; 1
-7.0, -3.0, -7.0; 1
-6.0, -3.0, -7.0; 7
-5.0, -3.0, -7.0; 11
-4.0, -3.0, -7.0; 1
-3.0, -3.0, -7.0; 7
-2.0, -3.0, -7.0; 1
0.0, -3.0, -7.0; 2
1.0, -3.0, -7.0; 1
2.0, -3.0, -7.0; 1
3.0, -3.0, -7.0; 3
4.0, -3.0, -7.0; 3
7.0, -3.0, -7.0; 1
-8.0, -2.0, -7.0; 1
-7.0, -2.0, -7.0; 1
-6.0, -2.0, -7.0; 7
-5.0, -2.0, -7.0; 14
-4.0, -2.0, -7.0; 8
-3.0, -2.0, -7.0; 4
-2.0, -2.0, -7.0; 3
-1.0, -2.0, -7.0; 2
0.0, -2.0, -7.0; 3
1.0, -2.0, -7.0; 1
2.0, -2.0, -7.0; 2
3.0, -2.0, -7.0; 3
6.0, -2.0, -7.0; 1
7.0, -2.0, -7.0; 1
-8.0, -1.0, -7.0; 2
-7.0, -1.0, -7.0; 5
-6.0, -1.0, -7.0; 10
-5.0, -1.0, -7.0; 11
-4.0, -1.0, -7.0; 8
-3.0, -1.0, -7.0; 3
-2.0, -1.0, -7.0; 1
-1.0, -1.0, -7.0; 1
0.0, -1.0, -7.0; 2
1.0, -1.0, -7.0; 1
2.0, -1.0, -7.0; 5
3.0, -1.0, -7.0; 10
4.0, -1.0, -7.0; 4
5.0, -1.0, -7.0; 2
6.0, -1.0, -7.0; 3
7.0, -1.0, -7.0; 1
-8.0, 0.0, -7.0; 1
-7.0, 0.0, -7.0; 8
-6.0, 0.0, -7.0; 12
-5.0, 0.0, -7.0; 6
-4.0, 0.0, -7.0; 5
-3.0, 0.0, -7.0; 2
-2.0, 0.0, -7.0; 4
-1.0, 0.0, -7.0; 5
0.0, 0.0, -7.0; 1
1.0, 0.0, -7.0; 4
2.0, 0.0, -7.0; 2
3.0, 0.0, -7.0; 4
4.0, 0.0, -7.0; 1
5.0, 0.0, -7.0; 2
6.0, 0.0, -7.0; 1
-8.0, 1.0, -7.0; 4
-7.0, 1.0, -7.0; 6
-6.0, 1.0, -7.0; 11
-5.0, 1.0, -7.0; 6
-4.0, 1.0, -7.0; 1
-2.0, 1.0, -7.0; 2
0.0, 1.0, -7.0; 2
1.0, 1.0, -7.0; 4
2.0, 1.0, -7.0; 5
3.0, 1.0, -7.0; 1
6.0, 1.0, -7.0; 2
7.0, 1.0, -7.0; 1
-8.0, 2.0, -7.0; 2
-7.0, 2.0, -7.0; 3
-6.0, 2.0, -7.0; 5
-5.0, 2.0, -7.0; 4
-4.0, 2.0, -7.0; 2
-2.0, 2.0, -7.0; 2
-1.0, 2.0, -7.0; 2
0.0, 2.0, -7.0; 1
1.0, 2.0, -7.0; 4
2.0, 2.0, -7.0; 2
3.0, 2.0, -7.0; 1
4.0, 2.0, -7.0; 6
5.0, 2.0, -7.0; 4
6.0, 2.0, -7.0; 2
-8.0, 3.0, -7.0; 1
-7.0, 3.0, -7.0; 3
-6.0, 3.0, -7.0; 6
-5.0, 3.0, -7.0; 5
-3.0, 3.0, -7.0; 2
-1.0, 3.0, -7.0; 2
0.0, 3.0, -7.0; 1
1.0, 3.0, -7.0; 3
3.0, 3.0, -7.0; 2
4.0, 3.0, -7.0; 3
5.0, 3.0, -7.0; 1
-7.0, 4.0, -7.0; 2
-6.0, 4.0, -7.0; 5
-5.0, 4.0, -7.0; 6
-4.0, 4.0, -7.0; 20
-3.0, 4.0, -7.0; 5
-2.0, 4.0, -7.0; 1
-1.0, 4.0, -7.0; 3
0.0, 4.0, -7.0; 2
1.0, 4.0, -7.0; 4
2.0, 4.0, -7.0; 3
4.0, 4.0, -7.0; 2
5.0, 4.0, -7.0; 1
6.0, 4.0, -7.0; 1
-5.0, 5.0, -7.0; 4
-4.0, 5.0, -7.0; 33
-3.0, 5.0, -7.0; 30
-2.0, 5.0, -7.0; 4
-1.0, 5.0, -7.0; 1
0.0, 5.0, -7.0; 7
1.0, 5.0, -7.0; 7
2.0, 5.0, -7.0; 2
3.0, 5.0, -7.0; 2
4.0, 5.0, -7.0; 1
5.0, 5.0, -7.0; 1
-5.0, 6.0, -7.0; 2
-4.0, 6.0, -7.0; 3
-3.0, 6.0, -7.0; 7
-2.0, 6.0, -7.0; 9
-1.0, 6.0, -7.0; 3
0.0, 6.0, -7.0; 3
1.0, 6.0, -7.0; 2
4.0, 6.0, -7.0; 1
-3.0, 7.0, -7.0; 1
-2.0, 7.0, -7.0; 2
1.0, 7.0, -7.0; 1
-1.0, -9.0, -6.0; 1
-4.0, -8.0, -6.0; 2
-3.0, -8.0, -6.0; 10
-2.0, -8.0, -6.0; 48
-1.0, -8.0, -6.0; 56
0.0, -8.0, -6.0; 18
1.0, -8.0, -6.0; 7
2.0, -8.0, -6.0; 2
3.0, -8.0, -6.0; 1
-7.0, -7.0, -6.0; 1
-6.0, -7.0, -6.0; 2
-5.0, -7.0, -6.0; 11
-4.0, -7.0, -6.0; 10
-3.0, -7.0, -6.0; 14
-2.0, -7.0, -6.0; 64
-1.0, -7.0, -6.0; 84
0.0, -7.0, -6.0; 12
1.0, -7.0, -6.0; 5
2.0, -7.0, -6.0; 5
3.0, -7.0, -6.0; 2
4.0, -7.0, -6.0; 2
-6.0, -6.0, -6.0; 5
-5.0, -6.0, -6.0; 13
-4.0, -6.0, -6.0; 7
-3.0, -6.0, -6.0; 17
-2.0, -6.0, -6.0; 23
-1.0, -6.0, -6.0; 25
0.0, -6.0, -6.0; 6
1.0, -6.0, -6.0; 3
2.0, -6.0, -6.0; 6
3.0, -6.0, -6.0; 3
5.0, -6.0, -6.0; 1
-7.0, -5.0, -6.0; 3
-6.0, -5.0, -6.0; 13
-5.0, -5.0, -6.0; 3
-4.0, -5.0, -6.0; 7
-3.0, -5.0, -6.0; 12
-2.0, -5.0, -6.0; 16
-1.0, -5.0, -6.0; 8
0.0, -5.0, -6.0; 4
1.0, -5.0, -6.0; 2
2.0, -5.0, -6.0; 3
4.0, -5.0, -6.0; 2
5.0, -5.0, -6.0; 1
-8.0, -4.0, -6.0; 1
-7.0, -4.0, -6.0; 6
-6.0, -4.0, -6.0; 8
-5.0, -4.0, -6.0; 4
-4.0, -4.0, -6.0; 9
-3.0, -4.0, -6.0; 7
-2.0, -4.0, -6.0; 6
-1.0, -4.0, -6.0; 9
0.0, -4.0, -6.0; 5
1.0, -4.0, -6.0; 6
2.0, -4.0, -6.0; 1
5.0, -4.0, -6.0; 1
6.0, -4.0, -6.0; 1
-8.0, -3.0, -6.0; 2
-7.0, -3.0, -6.0; 4
-6.0, -3.0, -6.0; 5
-5.0, -3.0, -6.0; 2
-4.0, -3.0, -6.0; 6
-3.0, -3.0, -6.0; 6
-2.0, -3.0, -6.0; 8
-1.0, -3.0, -6.0; 23
0.0, -3.0, -6.0; 40
1.0, -3.0, -6.0; 9
2.0, -3.0, -6.0; 2
4.0, -3.0, -6.0; 4
6.0, -3.0, -6.0; 4
8.0, -3.0, -6.0; 1
-8.0, -2.0, -6.0; 2
-7.0, -2.0, -6.0; 11
-6.0, -2.0, -6.0; 10
-5.0, -2.0, -6.0; 13
-4.0, -2.0, -6.0; 8
-3.0, -2.0, -6.0; 5
-2.0, -2.0, -6.0; 12
-1.0, -2.0, -6.0; 78
0.0, -2.0, -6.0; 70
1.0, -2.0, -6.0; 7
2.0, -2.0, -6.0; 2
3.0, -2.0, -6.0; 1
4.0, -2.0, -6.0; 5
5.0, -2.0, -6.0; 1
6.0, -2.0, -6.0; 1
7.0, -2.0, -6.0; 1
-9.0, -1.0, -6.0; 2
-7.0, -1.0, -6.0; 4
-6.0, -1.0, -6.0; 13
-5.0, -1.0, -6.0; 7
-4.0, -1.0, -6.0; 2
-3.0, -1.0, -6.0; 3
-2.0, -1.0, -6.0; 16
-1.0, -1.0, -6.0; 30
0.0, -1.0, -6.0; 15
1.0, -1.0, -6.0; 4
2.0, -1.0, -6.0; 2
3.0, -1.0, -6.0; 6
4.0, -1.0, -6.0; 7
6.0, -1.0, -6.0; 1
7.0, -1.0, -6.0; 1
8.0, -1.0, -6.0; 1
-9.0, 0.0, -6.0; 1
-8.0, 0.0, -6.0; 4
-7.0, 0.0, -6.0; 6
-6.0, 0.0, -6.0; 10
-4.0, 0.0, -6.0; 1
-3.0, 0.0, -6.0; 4
-2.0, 0.0, -6.0; 90
-1.0, 0.0, -6.0; 226
0.0, 0.0, -6.0; 12
1.0, 0.0, -6.0; 1
2.0, 0.0, -6.0; 2
3.0, 0.0, -6.0; 6
4.0, 0.0, -6.0; 6
5.0, 0.0, -6.0; 1
7.0, 0.0, -6.0; 2
-8.0, 1.0, -6.0; 2
-7.0, 1.0, -6.0; 10
-6.0, 1.0, -6.0; 8
-5.0, 1.0, -6.0; 2
-4.0, 1.0, -6.0; 3
-3.0, 1.0, -6.0; 8
-2.0, 1.0, -6.0; 56
-1.0, 1.0, -6.0; 221
0.0, 1.0, -6.0; 25
1.0, 1.0, -6.0; 4
2.0, 1.0, -6.0; 5
3.0, 1.0, -6.0; 4
4.0, 1.0, -6.0; 2
5.0, 1.0, -6.0; 1
7.0, 1.0, -6.0; 1
-8.0, 2.0, -6.0; 4
-7.0, 2.0, -6.0; 15
-6.0, 2.0, -6.0; 2
-5.0, 2.0, -6.0; 7
-4.0, 2.0, -6.0; 3
-3.0, 2.0, -6.0; 5
-2.0, 2.0, -6.0; 11
-1.0, 2.0, -6.0; 13
0.0, 2.0, -6.0; 15
1.0, 2.0, -6.0; 4
2.0, 2.0, -6.0; 3
3.0, 2.0, -6.0; 2
4.0, 2.0, -6.0; 1
5.0, 2.0, -6.0; 1
6.0, 2.0, -6.0; 5
7.0, 2.0, -6.0; 1
-8.0, 3.0, -6.0; 1
-7.0, 3.0, -6.0; 2
-6.0, 3.0, -6.0; 3
-5.0, 3.0, -6.0; 4
-4.0, 3.0, -6.0; 4
-3.0, 3.0, -6.0; 7
-2.0, 3.0, -6.0; 1
0.0, 3.0, -6.0; 5
1.0, 3.0, -6.0; 3
2.0, 3.0, -6.0; 2
3.0, 3.0, -6.0; 4
4.0, 3.0, -6.0; 1
5.0, 3.0, -6.0; 6
6.0, 3.0, -6.0; 3
-7.0, 4.0, -6.0; 7
-6.0, 4.0, -6.0; 8
-5.0, 4.0, -6.0; 24
-4.0, 4.0, -6.0; 9
-3.0, 4.0, -6.0; 4
-2.0, 4.0, -6.0; 2
-1.0, 4.0, -6.0; 1
0.0, 4.0, -6.0; 2
1.0, 4.0, -6.0; 3
2.0, 4.0, -6.0; 3
3.0, 4.0, -6.0; 2
4.0, 4.0, -6.0; 2
6.0, 4.0, -6.0; 6
-7.0, 5.0, -6.0; 2
-6.0, 5.0, -6.0; 2
-5.0, 5.0, -6.0; 33
-4.0, 5.0, -6.0; 159
-3.0, 5.0, -6.0; 45
-2.0, 5.0, -6.0; 7
-1.0, 5.0, -6.0; 1
0.0, 5.0, -6.0; 2
1.0, 5.0, -6.0; 3
2.0, 5.0, -6.0; 3
3.0, 5.0, -6.0; 4
5.0, 5.0, -6.0; 2
6.0, 5.0, -6.0; 4
-6.0, 6.0, -6.0; 5
-5.0, 6.0, -6.0; 6
-4.0, 6.0, -6.0; 33
-3.0, 6.0, -6.0; 73
-2.0, 6.0, -6.0; 26
-1.0, 6.0, -6.0; 3
0.0, 6.0, -6.0; 5
1.0, 6.0, -6.0; 4
2.0, 6.0, -6.0; 2
3.0, 6.0, -6.0; 1
5.0, 6.0, -6.0; 1
-4.0, 7.0, -6.0; 2
-3.0, 7.0, -6.0; 3
-2.0, 7.0, -6.0; 2
-1.0, 7.0, -6.0; 2
0.0, 7.0, -6.0; 3
1.0, 7.0, -6.0; 5
2.0, 7.0, -6.0; 1
-3.0, 8.0, -6.0; 1
-1.0, 8.0, -6.0; 2
0.0, 8.0, -6.0; 1
1.0, 8.0, -6.0; 1
-3.0, -9.0, -5.0; 2
-2.0, -9.0, -5.0; 3
-1.0, -9.0, -5.0; 4
0.0, -9.0, -5.0; 4
1.0, -9.0, -5.0; 7
2.0, -9.0, -5.0; 6
-5.0, -8.0, -5.0; 3
-4.0, -8.0, -5.0; 8
-3.0, -8.0, -5.0; 16
-2.0, -8.0, -5.0; 155
-1.0, -8.0, -5.0; 501
0.0, -8.0, -5.0; 46
1.0, -8.0, -5.0; 10
2.0, -8.0, -5.0; 5
3.0, -8.0, -5.0; 4
4.0, -8.0, -5.0; 3
-7.0, -7.0, -5.0; 2
-6.0, -7.0, -5.0; 7
-5.0, -7.0, -5.0; 8
-4.0, -7.0, -5.0; 13
-3.0, -7.0, -5.0; 6
-2.0, -7.0, -5.0; 40
-1.0, -7.0, -5.0; 73
0.0, -7.0, -5.0; 24
1.0, -7.0, -5.0; 5
2.0, -7.0, -5.0; 4
3.0, -7.0, -5.0; 5
4.0, -7.0, -5.0; 3
5.0, -7.0, -5.0; 1
-8.0, -6.0, -5.0; 2
-7.0, -6.0, -5.0; 7
-6.0, -6.0, -5.0; 11
-5.0, -6.0, -5.0; 6
-4.0, -6.0, -5.0; 1
-2.0, -6.0, -5.0; 4
-1.0, -6.0, -5.0; 8
0.0, -6.0, -5.0; 7
1.0, -6.0, -5.0; 6
2.0, -6.0, -5.0; 4
3.0, -6.0, -5.0; 2
4.0, -6.0, -5.0; 2
5.0, -6.0, -5.0; 2
6.0, -6.0, -5.0; 2
-8.0, -5.0, -5.0; 3
-7.0, -5.0, -5.0; 7
-6.0, -5.0, -5.0; 4
-5.0, -5.0, -5.0; 4
-3.0, -5.0, -5.0; 7
-2.0, -5.0, -5.0; 3
-1.0, -5.0, -5.0; 5
0.0, -5.0, -5.0; 11
1.0, -5.0, -5.0; 10
2.0, -5.0, -5.0; 10
3.0, -5.0, -5.0; 4
4.0, -5.0, -5.0; 1
5.0, -5.0, -5.0; 1
7.0, -5.0, -5.0; 1
-8.0, -4.0, -5.0; 7
-7.0, -4.0, -5.0; 5
-6.0, -4.0, -5.0; 3
-5.0, -4.0, -5.0; 7
-4.0, -4.0, -5.0; 10
-3.0, -4.0, -5.0; 40
-2.0, -4.0, -5.0; 90
-1.0, -4.0, -5.0; 25
0.0, -4.0, -5.0; 10
1.0, -4.0, -5.0; 56
2.0, -4.0, -5.0; 15
3.0, -4.0, -5.0; 5
4.0, -4.0, -5.0; 1
5.0, -4.0, -5.0; 2
6.0, -4.0, -5.0; 1
-9.0, -3.0, -5.0; 1
-8.0, -3.0, -5.0; 10
-7.0, -3.0, -5.0; 3
-6.0, -3.0, -5.0; 4
-5.0, -3.0, -5.0; 7
-4.0, -3.0, -5.0; 45
-3.0, -3.0, -5.0; 753
-2.0, -3.0, -5.0; 478
-1.0, -3.0, -5.0; 10
0.0, -3.0, -5.0; 72
1.0, -3.0, -5.0; 719
2.0, -3.0, -5.0; 42
3.0, -3.0, -5.0; 3
4.0, -3.0, -5.0; 2
5.0, -3.0, -5.0; 1
8.0, -3.0, -5.0; 1
-8.0, -2.0, -5.0; 6
-7.0, -2.0, -5.0; 4
-6.0, -2.0, -5.0; 7
-5.0, -2.0, -5.0; 13
-4.0, -2.0, -5.0; 12
-3.0, -2.0, -5.0; 71
-2.0, -2.0, -5.0; 24
-1.0, -2.0, -5.0; 18
0.0, -2.0, -5.0; 82
1.0, -2.0, -5.0; 79
2.0, -2.0, -5.0; 4
3.0, -2.0, -5.0; 2
4.0, -2.0, -5.0; 2
7.0, -2.0, -5.0; 4
8.0, -2.0, -5.0; 1
-9.0, -1.0, -5.0; 1
-8.0, -1.0, -5.0; 9
-7.0, -1.0, -5.0; 10
-6.0, -1.0, -5.0; 2
-5.0, -1.0, -5.0; 1
-4.0, -1.0, -5.0; 8
-3.0, -1.0, -5.0; 9
-2.0, -1.0, -5.0; 16
-1.0, -1.0, -5.0; 19
0.0, -1.0, -5.0; 6
1.0, -1.0, -5.0; 1
3.0, -1.0, -5.0; 2
4.0, -1.0, -5.0; 3
5.0, -1.0, -5.0; 1
6.0, -1.0, -5.0; 1
8.0, -1.0, -5.0; 2
9.0, -1.0, -5.0; 1
-9.0, 0.0, -5.0; 2
-8.0, 0.0, -5.0; 3
-7.0, 0.0, -5.0; 10
-6.0, 0.0, -5.0; 1
-4.0, 0.0, -5.0; 19
-3.0, 0.0, -5.0; 26
-2.0, 0.0, -5.0; 237
-1.0, 0.0, -5.0; 224
0.0, 0.0, -5.0; 9
1.0, 0.0, -5.0; 2
2.0, 0.0, -5.0; 1
3.0, 0.0, -5.0; 9
4.0, 0.0, -5.0; 3
5.0, 0.0, -5.0; 1
6.0, 0.0, -5.0; 2
8.0, 0.0, -5.0; 1
-9.0, 1.0, -5.0; 3
-8.0, 1.0, -5.0; 3
-7.0, 1.0, -5.0; 5
-6.0, 1.0, -5.0; 6
-5.0, 1.0, -5.0; 13
-4.0, 1.0, -5.0; 14
-3.0, 1.0, -5.0; 13
-2.0, 1.0, -5.0; 25
-1.0, 1.0, -5.0; 75
0.0, 1.0, -5.0; 23
1.0, 1.0, -5.0; 4
2.0, 1.0, -5.0; 4
3.0, 1.0, -5.0; 4
4.0, 1.0, -5.0; 3
5.0, 1.0, -5.0; 6
6.0, 1.0, -5.0; 1
7.0, 1.0, -5.0; 1
8.0, 1.0, -5.0; 1
-9.0, 2.0, -5.0; 6
-8.0, 2.0, -5.0; 5
-7.0, 2.0, -5.0; 3
-6.0, 2.0, -5.0; 10
-5.0, 2.0, -5.0; 67
-4.0, 2.0, -5.0; 71
-3.0, 2.0, -5.0; 13
-2.0, 2.0, -5.0; 9
-1.0, 2.0, -5.0; 23
0.0, 2.0, -5.0; 54
1.0, 2.0, -5.0; 13
2.0, 2.0, -5.0; 4
3.0, 2.0, -5.0; 5
4.0, 2.0, -5.0; 1
6.0, 2.0, -5.0; 3
7.0, 2.0, -5.0; 1
-9.0, 3.0, -5.0; 3
-8.0, 3.0, -5.0; 1
-7.0, 3.0, -5.0; 5
-6.0, 3.0, -5.0; 2
-5.0, 3.0, -5.0; 9
-4.0, 3.0, -5.0; 20
-3.0, 3.0, -5.0; 8
-2.0, 3.0, -5.0; 7
-1.0, 3.0, -5.0; 28
0.0, 3.0, -5.0; 149
1.0, 3.0, -5.0; 38
2.0, 3.0, -5.0; 4
3.0, 3.0, -5.0; 4
4.0, 3.0, -5.0; 5
5.0, 3.0, -5.0; 1
6.0, 3.0, -5.0; 1
-8.0, 4.0, -5.0; 5
-7.0, 4.0, -5.0; 8
-6.0, 4.0, -5.0; 2
-5.0, 4.0, -5.0; 4
-4.0, 4.0, -5.0; 5
-3.0, 4.0, -5.0; 3
-2.0, 4.0, -5.0; 15
-1.0, 4.0, -5.0; 14
0.0, 4.0, -5.0; 7
2.0, 4.0, -5.0; 2
3.0, 4.0, -5.0; 4
4.0, 4.0, -5.0; 2
5.0, 4.0, -5.0; 2
6.0, 4.0, -5.0; 2
7.0, 4.0, -5.0; 2
-7.0, 5.0, -5.0; 5
-6.0, 5.0, -5.0; 7
-5.0, 5.0, -5.0; 11
-4.0, 5.0, -5.0; 6
-3.0, 5.0, -5.0; 6
-2.0, 5.0, -5.0; 3
-1.0, 5.0, -5.0; 3
1.0, 5.0, -5.0; 4
2.0, 5.0, -5.0; 7
3.0, 5.0, -5.0; 3
4.0, 5.0, -5.0; 1
5.0, 5.0, -5.0; 1
6.0, 5.0, -5.0; 2
-7.0, 6.0, -5.0; 3
-6.0, 6.0, -5.0; 10
-5.0, 6.0, -5.0; 5
-4.0, 6.0, -5.0; 14
-3.0, 6.0, -5.0; 8
-2.0, 6.0, -5.0; 3
-1.0, 6.0, -5.0; 2
0.0, 6.0, -5.0; 2
1.0, 6.0, -5.0; 10
2.0, 6.0, -5.0; 11
3.0, 6.0, -5.0; 5
5.0, 6.0, -5.0; 1
-6.0, 7.0, -5.0; 2
-5.0, 7.0, -5.0; 8
-4.0, 7.0, -5.0; 4
-3.0, 7.0, -5.0; 3
-2.0, 7.0, -5.0; 6
-1.0, 7.0, -5.0; 3
0.0, 7.0, -5.0; 4
1.0, 7.0, -5.0; 10
2.0, 7.0, -5.0; 4
3.0, 7.0, -5.0; 2
-4.0, 8.0, -5.0; 3
-3.0, 8.0, -5.0; 2
-2.0, 8.0, -5.0; 10
-1.0, 8.0, -5.0; 8
0.0, 8.0, -5.0; 1
1.0, 8.0, -5.0; 4
2.0, 8.0, -5.0; 2
-1.0, 9.0, -5.0; 1
-2.0, -10.0, -4.0; 1
-1.0, -10.0, -4.0; 2
0.0, -10.0, -4.0; 2
1.0, -10.0, -4.0; 2
-5.0, -9.0, -4.0; 1
-4.0, -9.0, -4.0; 1
-3.0, -9.0, -4.0; 3
-2.0, -9.0, -4.0; 19
-1.0, -9.0, -4.0; 17
0.0, -9.0, -4.0; 15
1.0, -9.0, -4.0; 9
2.0, -9.0, -4.0; 7
3.0, -9.0, -4.0; 2
-6.0, -8.0, -4.0; 4
-5.0, -8.0, -4.0; 2
-4.0, -8.0, -4.0; 4
-3.0, -8.0, -4.0; 2
-2.0, -8.0, -4.0; 25
-1.0, -8.0, -4.0; 67
0.0, -8.0, -4.0; 16
1.0, -8.0, -4.0; 5
2.0, -8.0, -4.0; 12
3.0, -8.0, -4.0; 2
4.0, -8.0, -4.0; 6
5.0, -8.0, -4.0; 3
-7.0, -7.0, -4.0; 7
-6.0, -7.0, -4.0; 5
-5.0, -7.0, -4.0; 2
-4.0, -7.0, -4.0; 2
-3.0, -7.0, -4.0; 1
-2.0, -7.0, -4.0; 1
-1.0, -7.0, -4.0; 19
0.0, -7.0, -4.0; 18
1.0, -7.0, -4.0; 28
2.0, -7.0, -4.0; 5
3.0, -7.0, -4.0; 5
4.0, -7.0, -4.0; 5
5.0, -7.0, -4.0; 2
6.0, -7.0, -4.0; 1
-8.0, -6.0, -4.0; 11
-7.0, -6.0, -4.0; 11
-6.0, -6.0, -4.0; 7
-5.0, -6.0, -4.0; 2
-2.0, -6.0, -4.0; 2
-1.0, -6.0, -4.0; 10
0.0, -6.0, -4.0; 18
1.0, -6.0, -4.0; 49
2.0, -6.0, -4.0; 12
3.0, -6.0, -4.0; 4
4.0, -6.0, -4.0; 2
5.0, -6.0, -4.0; 5
6.0, -6.0, -4.0; 2
7.0, -6.0, -4.0; 1
-8.0, -5.0, -4.0; 11
-7.0, -5.0, -4.0; 2
-6.0, -5.0, -4.0; 2
-4.0, -5.0, -4.0; 3
-3.0, -5.0, -4.0; 10
-2.0, -5.0, -4.0; 22
-1.0, -5.0, -4.0; 54
0.0, -5.0, -4.0; 25
1.0, -5.0, -4.0; 57
2.0, -5.0, -4.0; 39
3.0, -5.0, -4.0; 3
4.0, -5.0, -4.0; 1
6.0, -5.0, -4.0; 1
-9.0, -4.0, -4.0; 1
-8.0, -4.0, -4.0; 6
-7.0, -4.0, -4.0; 3
-6.0, -4.0, -4.0; 7
-5.0, -4.0, -4.0; 2
-4.0, -4.0, -4.0; 66
-3.0, -4.0, -4.0; 32
-2.0, -4.0, -4.0; 14
-1.0, -4.0, -4.0; 25
0.0, -4.0, -4.0; 6
1.0, -4.0, -4.0; 42
2.0, -4.0, -4.0; 43
3.0, -4.0, -4.0; 15
4.0, -4.0, -4.0; 1
5.0, -4.0, -4.0; 1
-9.0, -3.0, -4.0; 6
-8.0, -3.0, -4.0; 8
-7.0, -3.0, -4.0; 3
-6.0, -3.0, -4.0; 1
-5.0, -3.0, -4.0; 22
-4.0, -3.0, -4.0; 171
-3.0, -3.0, -4.0; 46
-2.0, -3.0, -4.0; 1
-1.0, -3.0, -4.0; 1
0.0, -3.0, -4.0; 1
1.0, -3.0, -4.0; 176
2.0, -3.0, -4.0; 78
3.0, -3.0, -4.0; 10
4.0, -3.0, -4.0; 4
-10.0, -2.0, -4.0; 1
-8.0, -2.0, -4.0; 2
-7.0, -2.0, -4.0; 4
-6.0, -2.0, -4.0; 3
-5.0, -2.0, -4.0; 9
-4.0, -2.0, -4.0; 13
-3.0, -2.0, -4.0; 4
0.0, -2.0, -4.0; 3
1.0, -2.0, -4.0; 3
2.0, -2.0, -4.0; 4
3.0, -2.0, -4.0; 1
4.0, -2.0, -4.0; 3
5.0, -2.0, -4.0; 3
6.0, -2.0, -4.0; 2
7.0, -2.0, -4.0; 1
8.0, -2.0, -4.0; 1
9.0, -2.0, -4.0; 1
-9.0, -1.0, -4.0; 3
-8.0, -1.0, -4.0; 7
-7.0, -1.0, -4.0; 10
-6.0, -1.0, -4.0; 1
-5.0, -1.0, -4.0; 9
-4.0, -1.0, -4.0; 7
2.0, -1.0, -4.0; 1
3.0, -1.0, -4.0; 1
4.0, -1.0, -4.0; 2
5.0, -1.0, -4.0; 1
-9.0, 0.0, -4.0; 5
-8.0, 0.0, -4.0; 9
-7.0, 0.0, -4.0; 6
-6.0, 0.0, -4.0; 4
-5.0, 0.0, -4.0; 17
-4.0, 0.0, -4.0; 4
-3.0, 0.0, -4.0; 1
1.0, 0.0, -4.0; 1
2.0, 0.0, -4.0; 1
4.0, 0.0, -4.0; 2
6.0, 0.0, -4.0; 4
-10.0, 1.0, -4.0; 1
-9.0, 1.0, -4.0; 4
-8.0, 1.0, -4.0; 3
-7.0, 1.0, -4.0; 1
-6.0, 1.0, -4.0; 12
-5.0, 1.0, -4.0; 40
-4.0, 1.0, -4.0; 8
2.0, 1.0, -4.0; 1
4.0, 1.0, -4.0; 3
5.0, 1.0, -4.0; 6
6.0, 1.0, -4.0; 4
7.0, 1.0, -4.0; 2
-9.0, 2.0, -4.0; 2
-8.0, 2.0, -4.0; 5
-7.0, 2.0, -4.0; 1
-6.0, 2.0, -4.0; 24
-5.0, 2.0, -4.0; 82
-4.0, 2.0, -4.0; 19
-3.0, 2.0, -4.0; 1
-1.0, 2.0, -4.0; 1
0.0, 2.0, -4.0; 1
1.0, 2.0, -4.0; 2
2.0, 2.0, -4.0; 1
3.0, 2.0, -4.0; 3
4.0, 2.0, -4.0; 2
5.0, 2.0, -4.0; 2
7.0, 2.0, -4.0; 2
8.0, 2.0, -4.0; 1
-9.0, 3.0, -4.0; 2
-8.0, 3.0, -4.0; 12
-7.0, 3.0, -4.0; 1
-6.0, 3.0, -4.0; 4
-5.0, 3.0, -4.0; 6
-4.0, 3.0, -4.0; 14
-3.0, 3.0, -4.0; 2
-2.0, 3.0, -4.0; 1
-1.0, 3.0, -4.0; 2
0.0, 3.0, -4.0; 213
1.0, 3.0, -4.0; 298
2.0, 3.0, -4.0; 5
3.0, 3.0, -4.0; 8
4.0, 3.0, -4.0; 4
5.0, 3.0, -4.0; 2
7.0, 3.0, -4.0; 5
-8.0, 4.0, -4.0; 3
-7.0, 4.0, -4.0; 13
-6.0, 4.0, -4.0; 4
-4.0, 4.0, -4.0; 4
-3.0, 4.0, -4.0; 9
-2.0, 4.0, -4.0; 21
-1.0, 4.0, -4.0; 26
0.0, 4.0, -4.0; 60
1.0, 4.0, -4.0; 101
2.0, 4.0, -4.0; 3
3.0, 4.0, -4.0; 2
4.0, 4.0, -4.0; 5
5.0, 4.0, -4.0; 2
6.0, 4.0, -4.0; 1
7.0, 4.0, -4.0; 3
8.0, 4.0, -4.0; 1
-8.0, 5.0, -4.0; 3
-7.0, 5.0, -4.0; 9
-6.0, 5.0, -4.0; 6
-5.0, 5.0, -4.0; 7
-3.0, 5.0, -4.0; 4
-2.0, 5.0, -4.0; 34
-1.0, 5.0, -4.0; 76
0.0, 5.0, -4.0; 33
1.0, 5.0, -4.0; 4
2.0, 5.0, -4.0; 3
3.0, 5.0, -4.0; 3
4.0, 5.0, -4.0; 3
6.0, 5.0, -4.0; 1
7.0, 5.0, -4.0; 3
-8.0, 6.0, -4.0; 1
-7.0, 6.0, -4.0; 4
-5.0, 6.0, -4.0; 14
-4.0, 6.0, -4.0; 6
-2.0, 6.0, -4.0; 2
-1.0, 6.0, -4.0; 2
0.0, 6.0, -4.0; 7
2.0, 6.0, -4.0; 2
3.0, 6.0, -4.0; 1
4.0, 6.0, -4.0; 2
5.0, 6.0, -4.0; 2
6.0, 6.0, -4.0; 2
-6.0, 7.0, -4.0; 4
-5.0, 7.0, -4.0; 5
-4.0, 7.0, -4.0; 2
-3.0, 7.0, -4.0; 2
-2.0, 7.0, -4.0; 4
0.0, 7.0, -4.0; 2
1.0, 7.0, -4.0; 2
2.0, 7.0, -4.0; 7
3.0, 7.0, -4.0; 1
-5.0, 8.0, -4.0; 1
-4.0, 8.0, -4.0; 4
-3.0, 8.0, -4.0; 8
-2.0, 8.0, -4.0; 12
-1.0, 8.0, -4.0; 8
0.0, 8.0, -4.0; 9
1.0, 8.0, -4.0; 15
2.0, 8.0, -4.0; 6
3.0, 8.0, -4.0; 1
-2.0, 9.0, -4.0; 6
-1.0, 9.0, -4.0; 7
0.0, 9.0, -4.0; 5
1.0, 9.0, -4.0; 2
-4.0, -10.0, -3.0; 1
-3.0, -10.0, -3.0; 2
-2.0, -10.0, -3.0; 14
-1.0, -10.0, -3.0; 12
0.0, -10.0, -3.0; 10
1.0, -10.0, -3.0; 6
2.0, -10.0, -3.0; 2
-6.0, -9.0, -3.0; 1
-5.0, -9.0, -3.0; 3
-4.0, -9.0, -3.0; 5
-3.0, -9.0, -3.0; 7
-2.0, -9.0, -3.0; 13
-1.0, -9.0, -3.0; 15
0.0, -9.0, -3.0; 14
1.0, -9.0, -3.0; 10
2.0, -9.0, -3.0; 12
3.0, -9.0, -3.0; 4
4.0, -9.0, -3.0; 3
-7.0, -8.0, -3.0; 1
-6.0, -8.0, -3.0; 2
-5.0, -8.0, -3.0; 2
-3.0, -8.0, -3.0; 1
-2.0, -8.0, -3.0; 6
-1.0, -8.0, -3.0; 12
0.0, -8.0, -3.0; 10
1.0, -8.0, -3.0; 5
2.0, -8.0, -3.0; 5
3.0, -8.0, -3.0; 8
4.0, -8.0, -3.0; 5
5.0, -8.0, -3.0; 3
6.0, -8.0, -3.0; 1
-7.0, -7.0, -3.0; 8
-6.0, -7.0, -3.0; 4
-5.0, -7.0, -3.0; 1
-4.0, -7.0, -3.0; 1
-2.0, -7.0, -3.0; 1
-1.0, -7.0, -3.0; 2
0.0, -7.0, -3.0; 24
1.0, -7.0, -3.0; 37
2.0, -7.0, -3.0; 5
3.0, -7.0, -3.0; 2
4.0, -7.0, -3.0; 9
5.0, -7.0, -3.0; 7
6.0, -7.0, -3.0; 2
-8.0, -6.0, -3.0; 4
-7.0, -6.0, -3.0; 6
-6.0, -6.0, -3.0; 1
-5.0, -6.0, -3.0; 2
-3.0, -6.0, -3.0; 2
-2.0, -6.0, -3.0; 2
-1.0, -6.0, -3.0; 25
0.0, -6.0, -3.0; 55
1.0, -6.0, -3.0; 589
2.0, -6.0, -3.0; 64
3.0, -6.0, -3.0; 5
4.0, -6.0, -3.0; 5
5.0, -6.0, -3.0; 3
7.0, -6.0, -3.0; 1
-9.0, -5.0, -3.0; 1
-8.0, -5.0, -3.0; 10
-7.0, -5.0, -3.0; 4
-6.0, -5.0, -3.0; 1
-5.0, -5.0, -3.0; 1
-4.0, -5.0, -3.0; 1
-3.0, -5.0, -3.0; 1
-2.0, -5.0, -3.0; 1
-1.0, -5.0, -3.0; 11
0.0, -5.0, -3.0; 31
1.0, -5.0, -3.0; 36
2.0, -5.0, -3.0; 53
3.0, -5.0, -3.0; 10
4.0, -5.0, -3.0; 3
5.0, -5.0, -3.0; 1
6.0, -5.0, -3.0; 3
-9.0, -4.0, -3.0; 9
-8.0, -4.0, -3.0; 8
-7.0, -4.0, -3.0; 4
-6.0, -4.0, -3.0; 4
-5.0, -4.0, -3.0; 13
-4.0, -4.0, -3.0; 1
-3.0, -4.0, -3.0; 1
-2.0, -4.0, -3.0; 1
1.0, -4.0, -3.0; 2
2.0, -4.0, -3.0; 19
3.0, -4.0, -3.0; 6
4.0, -4.0, -3.0; 3
5.0, -4.0, -3.0; 2
6.0, -4.0, -3.0; 2
7.0, -4.0, -3.0; 1
8.0, -4.0, -3.0; 1
-9.0, -3.0, -3.0; 5
-8.0, -3.0, -3.0; 3
-7.0, -3.0, -3.0; 6
-6.0, -3.0, -3.0; 3
-5.0, -3.0, -3.0; 40
-4.0, -3.0, -3.0; 3
-3.0, -3.0, -3.0; 2
4.0, -3.0, -3.0; 2
5.0, -3.0, -3.0; 2
6.0, -3.0, -3.0; 2
7.0, -3.0, -3.0; 2
8.0, -3.0, -3.0; 1
-10.0, -2.0, -3.0; 2
-9.0, -2.0, -3.0; 4
-8.0, -2.0, -3.0; 8
-7.0, -2.0, -3.0; 3
-6.0, -2.0, -3.0; 4
-5.0, -2.0, -3.0; 17
-4.0, -2.0, -3.0; 2
-3.0, -2.0, -3.0; 2
3.0, -2.0, -3.0; 3
4.0, -2.0, -3.0; 1
7.0, -2.0, -3.0; 2
8.0, -2.0, -3.0; 1
-10.0, -1.0, -3.0; 3
-9.0, -1.0, -3.0; 2
-8.0, -1.0, -3.0; 9
-7.0, -1.0, -3.0; 3
-6.0, -1.0, -3.0; 1
-5.0, -1.0, -3.0; 1
3.0, -1.0, -3.0; 1
4.0, -1.0, -3.0; 2
5.0, -1.0, -3.0; 1
6.0, -1.0, -3.0; 1
-9.0, 0.0, -3.0; 5
-8.0, 0.0, -3.0; 7
-7.0, 0.0, -3.0; 4
-6.0, 0.0, -3.0; 8
-5.0, 0.0, -3.0; 5
-4.0, 0.0, -3.0; 2
5.0, 0.0, -3.0; 2
-9.0, 1.0, -3.0; 5
-7.0, 1.0, -3.0; 6
-6.0, 1.0, -3.0; 34
-5.0, 1.0, -3.0; 15
-4.0, 1.0, -3.0; 3
5.0, 1.0, -3.0; 2
6.0, 1.0, -3.0; 6
-9.0, 2.0, -3.0; 4
-8.0, 2.0, -3.0; 3
-7.0, 2.0, -3.0; 6
-6.0, 2.0, -3.0; 11
-5.0, 2.0, -3.0; 6
-3.0, 2.0, -3.0; 1
3.0, 2.0, -3.0; 1
4.0, 2.0, -3.0; 3
5.0, 2.0, -3.0; 4
7.0, 2.0, -3.0; 1
8.0, 2.0, -3.0; 1
-9.0, 3.0, -3.0; 2
-8.0, 3.0, -3.0; 4
-7.0, 3.0, -3.0; 2
-6.0, 3.0, -3.0; 10
-5.0, 3.0, -3.0; 5
-4.0, 3.0, -3.0; 1
1.0, 3.0, -3.0; 12
2.0, 3.0, -3.0; 7
3.0, 3.0, -3.0; 1
4.0, 3.0, -3.0; 5
7.0, 3.0, -3.0; 1
8.0, 3.0, -3.0; 2
-9.0, 4.0, -3.0; 5
-8.0, 4.0, -3.0; 10
-7.0, 4.0, -3.0; 4
-6.0, 4.0, -3.0; 2
-5.0, 4.0, -3.0; 3
-4.0, 4.0, -3.0; 2
-3.0, 4.0, -3.0; 2
-1.0, 4.0, -3.0; 1
0.0, 4.0, -3.0; 5
1.0, 4.0, -3.0; 80
2.0, 4.0, -3.0; 22
3.0, 4.0, -3.0; 5
4.0, 4.0, -3.0; 2
5.0, 4.0, -3.0; 2
6.0, 4.0, -3.0; 2
7.0, 4.0, -3.0; 3
8.0, 4.0, -3.0; 1
-8.0, 5.0, -3.0; 4
-7.0, 5.0, -3.0; 5
-6.0, 5.0, -3.0; 4
-5.0, 5.0, -3.0; 3
-4.0, 5.0, -3.0; 1
-3.0, 5.0, -3.0; 1
-2.0, 5.0, -3.0; 34
-1.0, 5.0, -3.0; 77
0.0, 5.0, -3.0; 46
1.0, 5.0, -3.0; 29
2.0, 5.0, -3.0; 6
3.0, 5.0, -3.0; 4
4.0, 5.0, -3.0; 5
5.0, 5.0, -3.0; 1
6.0, 5.0, -3.0; 2
7.0, 5.0, -3.0; 1
-8.0, 6.0, -3.0; 2
-7.0, 6.0, -3.0; 7
-6.0, 6.0, -3.0; 9
-5.0, 6.0, -3.0; 4
-3.0, 6.0, -3.0; 1
-2.0, 6.0, -3.0; 9
-1.0, 6.0, -3.0; 42
0.0, 6.0, -3.0; 41
1.0, 6.0, -3.0; 11
2.0, 6.0, -3.0; 4
3.0, 6.0, -3.0; 6
4.0, 6.0, -3.0; 4
6.0, 6.0, -3.0; 2
-6.0, 7.0, -3.0; 5
-5.0, 7.0, -3.0; 5
-4.0, 7.0, -3.0; 6
-3.0, 7.0, -3.0; 1
-2.0, 7.0, -3.0; 5
-1.0, 7.0, -3.0; 2
0.0, 7.0, -3.0; 2
1.0, 7.0, -3.0; 8
2.0, 7.0, -3.0; 11
3.0, 7.0, -3.0; 9
4.0, 7.0, -3.0; 2
5.0, 7.0, -3.0; 3
6.0, 7.0, -3.0; 1
-5.0, 8.0, -3.0; 9
-4.0, 8.0, -3.0; 13
-3.0, 8.0, -3.0; 16
-2.0, 8.0, -3.0; 14
-1.0, 8.0, -3.0; 11
0.0, 8.0, -3.0; 8
1.0, 8.0, -3.0; 14
2.0, 8.0, -3.0; 8
-4.0, 9.0, -3.0; 2
-3.0, 9.0, -3.0; 2
-2.0, 9.0, -3.0; 8
-1.0, 9.0, -3.0; 9
0.0, 9.0, -3.0; 9
1.0, 9.0, -3.0; 7
2.0, 9.0, -3.0; 1
-4.0, -10.0, -2.0; 10
-3.0, -10.0, -2.0; 15
-2.0, -10.0, -2.0; 19
-1.0, -10.0, -2.0; 22
0.0, -10.0, -2.0; 23
1.0, -10.0, -2.0; 11
2.0, -10.0, -2.0; 5
-6.0, -9.0, -2.0; 5
-5.0, -9.0, -2.0; 9
-4.0, -9.0, -2.0; 11
-3.0, -9.0, -2.0; 7
-2.0, -9.0, -2.0; 6
-1.0, -9.0, -2.0; 12
0.0, -9.0, -2.0; 7
1.0, -9.0, -2.0; 15
2.0, -9.0, -2.0; 6
3.0, -9.0, -2.0; 1
4.0, -9.0, -2.0; 2
5.0, -9.0, -2.0; 1
-7.0, -8.0, -2.0; 4
-6.0, -8.0, -2.0; 5
-5.0, -8.0, -2.0; 1
-4.0, -8.0, -2.0; 2
-3.0, -8.0, -2.0; 2
-2.0, -8.0, -2.0; 1
-1.0, -8.0, -2.0; 4
0.0, -8.0, -2.0; 6
2.0, -8.0, -2.0; 2
3.0, -8.0, -2.0; 6
4.0, -8.0, -2.0; 5
5.0, -8.0, -2.0; 2
-8.0, -7.0, -2.0; 1
-7.0, -7.0, -2.0; 9
-6.0, -7.0, -2.0; 3
-4.0, -7.0, -2.0; 1
-1.0, -7.0, -2.0; 5
0.0, -7.0, -2.0; 40
1.0, -7.0, -2.0; 42
2.0, -7.0, -2.0; 3
3.0, -7.0, -2.0; 1
4.0, -7.0, -2.0; 4
5.0, -7.0, -2.0; 2
6.0, -7.0, -2.0; 5
7.0, -7.0, -2.0; 2
-9.0, -6.0, -2.0; 1
-8.0, -6.0, -2.0; 12
-7.0, -6.0, -2.0; 3
-5.0, -6.0, -2.0; 2
-1.0, -6.0, -2.0; 12
0.0, -6.0, -2.0; 31
1.0, -6.0, -2.0; 324
2.0, -6.0, -2.0; 49
3.0, -6.0, -2.0; 5
4.0, -6.0, -2.0; 4
5.0, -6.0, -2.0; 6
6.0, -6.0, -2.0; 2
-9.0, -5.0, -2.0; 8
-8.0, -5.0, -2.0; 10
-7.0, -5.0, -2.0; 2
-1.0, -5.0, -2.0; 1
0.0, -5.0, -2.0; 4
1.0, -5.0, -2.0; 9
2.0, -5.0, -2.0; 25
3.0, -5.0, -2.0; 7
4.0, -5.0, -2.0; 4
5.0, -5.0, -2.0; 1
6.0, -5.0, -2.0; 2
8.0, -5.0, -2.0; 1
-9.0, -4.0, -2.0; 10
-8.0, -4.0, -2.0; 3
-7.0, -4.0, -2.0; 4
-6.0, -4.0, -2.0; 7
-5.0, -4.0, -2.0; 6
3.0, -4.0, -2.0; 3
4.0, -4.0, -2.0; 4
5.0, -4.0, -2.0; 3
6.0, -4.0, -2.0; 1
-10.0, -3.0, -2.0; 1
-9.0, -3.0, -2.0; 4
-8.0, -3.0, -2.0; 2
-7.0, -3.0, -2.0; 6
-6.0, -3.0, -2.0; 17
-5.0, -3.0, -2.0; 8
3.0, -3.0, -2.0; 1
5.0, -3.0, -2.0; 1
6.0, -3.0, -2.0; 2
7.0, -3.0, -2.0; 1
-10.0, -2.0, -2.0; 1
-9.0, -2.0, -2.0; 9
-8.0, -2.0, -2.0; 2
-7.0, -2.0, -2.0; 8
-6.0, -2.0, -2.0; 9
-5.0, -2.0, -2.0; 9
5.0, -2.0, -2.0; 5
6.0, -2.0, -2.0; 1
-9.0, -1.0, -2.0; 3
-8.0, -1.0, -2.0; 8
-7.0, -1.0, -2.0; 3
-5.0, -1.0, -2.0; 2
8.0, -1.0, -2.0; 2
9.0, -1.0, -2.0; 1
-9.0, 0.0, -2.0; 5
-8.0, 0.0, -2.0; 6
-6.0, 0.0, -2.0; 17
-5.0, 0.0, -2.0; 2
5.0, 0.0, -2.0; 1
-10.0, 1.0, -2.0; 1
-9.0, 1.0, -2.0; 5
-8.0, 1.0, -2.0; 5
-7.0, 1.0, -2.0; 1
-6.0, 1.0, -2.0; 346
-5.0, 1.0, -2.0; 39
5.0, 1.0, -2.0; 3
6.0, 1.0, -2.0; 2
7.0, 1.0, -2.0; 1
-10.0, 2.0, -2.0; 1
-9.0, 2.0, -2.0; 6
-8.0, 2.0, -2.0; 6
-7.0, 2.0, -2.0; 15
-6.0, 2.0, -2.0; 26
-5.0, 2.0, -2.0; 16
4.0, 2.0, -2.0; 2
5.0, 2.0, -2.0; 3
6.0, 2.0, -2.0; 2
-9.0, 3.0, -2.0; 6
-8.0, 3.0, -2.0; 8
-7.0, 3.0, -2.0; 9
-6.0, 3.0, -2.0; 19
-5.0, 3.0, -2.0; 6
2.0, 3.0, -2.0; 1
4.0, 3.0, -2.0; 6
5.0, 3.0, -2.0; 1
6.0, 3.0, -2.0; 2
8.0, 3.0, -2.0; 1
-9.0, 4.0, -2.0; 5
-8.0, 4.0, -2.0; 10
-6.0, 4.0, -2.0; 8
-5.0, 4.0, -2.0; 11
0.0, 4.0, -2.0; 1
1.0, 4.0, -2.0; 15
2.0, 4.0, -2.0; 55
3.0, 4.0, -2.0; 1
4.0, 4.0, -2.0; 9
5.0, 4.0, -2.0; 1
7.0, 4.0, -2.0; 1
-8.0, 5.0, -2.0; 12
-7.0, 5.0, -2.0; 3
-4.0, 5.0, -2.0; 2
-2.0, 5.0, -2.0; 2
-1.0, 5.0, -2.0; 6
0.0, 5.0, -2.0; 34
1.0, 5.0, -2.0; 32
2.0, 5.0, -2.0; 16
3.0, 5.0, -2.0; 6
4.0, 5.0, -2.0; 6
5.0, 5.0, -2.0; 1
6.0, 5.0, -2.0; 1
7.0, 5.0, -2.0; 1
-8.0, 6.0, -2.0; 3
-7.0, 6.0, -2.0; 10
-6.0, 6.0, -2.0; 18
-5.0, 6.0, -2.0; 2
-4.0, 6.0, -2.0; 1
-3.0, 6.0, -2.0; 3
-2.0, 6.0, -2.0; 11
-1.0, 6.0, -2.0; 80
0.0, 6.0, -2.0; 127
1.0, 6.0, -2.0; 44
2.0, 6.0, -2.0; 1
3.0, 6.0, -2.0; 6
4.0, 6.0, -2.0; 3
-7.0, 7.0, -2.0; 4
-6.0, 7.0, -2.0; 9
-5.0, 7.0, -2.0; 12
-4.0, 7.0, -2.0; 6
-3.0, 7.0, -2.0; 2
-2.0, 7.0, -2.0; 1
-1.0, 7.0, -2.0; 3
0.0, 7.0, -2.0; 4
1.0, 7.0, -2.0; 9
2.0, 7.0, -2.0; 5
3.0, 7.0, -2.0; 5
6.0, 7.0, -2.0; 1
-6.0, 8.0, -2.0; 1
-5.0, 8.0, -2.0; 8
-4.0, 8.0, -2.0; 14
-3.0, 8.0, -2.0; 8
-2.0, 8.0, -2.0; 6
-1.0, 8.0, -2.0; 6
0.0, 8.0, -2.0; 13
1.0, 8.0, -2.0; 11
2.0, 8.0, -2.0; 7
3.0, 8.0, -2.0; 4
-4.0, 9.0, -2.0; 1
-3.0, 9.0, -2.0; 4
-2.0, 9.0, -2.0; 7
-1.0, 9.0, -2.0; 15
0.0, 9.0, -2.0; 13
1.0, 9.0, -2.0; 16
2.0, 9.0, -2.0; 3
3.0, 9.0, -2.0; 1
-5.0, -10.0, -1.0; 1
-4.0, -10.0, -1.0; 23
-3.0, -10.0, -1.0; 27
-2.0, -10.0, -1.0; 31
-1.0, -10.0, -1.0; 29
0.0, -10.0, -1.0; 12
1.0, -10.0, -1.0; 8
2.0, -10.0, -1.0; 1
-6.0, -9.0, -1.0; 3
-5.0, -9.0, -1.0; 19
-4.0, -9.0, -1.0; 17
-3.0, -9.0, -1.0; 4
-2.0, -9.0, -1.0; 2
-1.0, -9.0, -1.0; 7
0.0, -9.0, -1.0; 6
1.0, -9.0, -1.0; 10
2.0, -9.0, -1.0; 9
3.0, -9.0, -1.0; 7
4.0, -9.0, -1.0; 2
-7.0, -8.0, -1.0; 11
-6.0, -8.0, -1.0; 9
-5.0, -8.0, -1.0; 5
-3.0, -8.0, -1.0; 1
-2.0, -8.0, -1.0; 1
-1.0, -8.0, -1.0; 13
0.0, -8.0, -1.0; 5
1.0, -8.0, -1.0; 1
2.0, -8.0, -1.0; 4
3.0, -8.0, -1.0; 4
4.0, -8.0, -1.0; 2
5.0, -8.0, -1.0; 1
6.0, -8.0, -1.0; 1
-8.0, -7.0, -1.0; 4
-7.0, -7.0, -1.0; 10
-6.0, -7.0, -1.0; 3
-4.0, -7.0, -1.0; 2
-3.0, -7.0, -1.0; 2
-2.0, -7.0, -1.0; 15
-1.0, -7.0, -1.0; 89
0.0, -7.0, -1.0; 127
1.0, -7.0, -1.0; 39
2.0, -7.0, -1.0; 7
3.0, -7.0, -1.0; 2
4.0, -7.0, -1.0; 4
5.0, -7.0, -1.0; 2
6.0, -7.0, -1.0; 2
-9.0, -6.0, -1.0; 2
-8.0, -6.0, -1.0; 14
-7.0, -6.0, -1.0; 4
-6.0, -6.0, -1.0; 1
-5.0, -6.0, -1.0; 1
-4.0, -6.0, -1.0; 1
-3.0, -6.0, -1.0; 3
-2.0, -6.0, -1.0; 4
-1.0, -6.0, -1.0; 11
0.0, -6.0, -1.0; 31
1.0, -6.0, -1.0; 33
2.0, -6.0, -1.0; 18
3.0, -6.0, -1.0; 2
4.0, -6.0, -1.0; 4
5.0, -6.0, -1.0; 3
6.0, -6.0, -1.0; 1
7.0, -6.0, -1.0; 1
-9.0, -5.0, -1.0; 6
-8.0, -5.0, -1.0; 5
-7.0, -5.0, -1.0; 2
-6.0, -5.0, -1.0; 3
1.0, -5.0, -1.0; 1
2.0, -5.0, -1.0; 6
3.0, -5.0, -1.0; 5
4.0, -5.0, -1.0; 3
5.0, -5.0, -1.0; 2
6.0, -5.0, -1.0; 1
7.0, -5.0, -1.0; 2
-10.0, -4.0, -1.0; 2
-9.0, -4.0, -1.0; 10
-8.0, -4.0, -1.0; 10
-7.0, -4.0, -1.0; 6
-6.0, -4.0, -1.0; 1
-5.0, -4.0, -1.0; 5
6.0, -4.0, -1.0; 1
8.0, -4.0, -1.0; 1
-9.0, -3.0, -1.0; 6
-8.0, -3.0, -1.0; 1
-7.0, -3.0, -1.0; 8
-6.0, -3.0, -1.0; 12
-5.0, -3.0, -1.0; 4
5.0, -3.0, -1.0; 1
7.0, -3.0, -1.0; 1
8.0, -3.0, -1.0; 1
-10.0, -2.0, -1.0; 2
-9.0, -2.0, -1.0; 4
-8.0, -2.0, -1.0; 2
-7.0, -2.0, -1.0; 4
-6.0, -2.0, -1.0; 4
5.0, -2.0, -1.0; 1
8.0, -2.0, -1.0; 1
-10.0, -1.0, -1.0; 1
-9.0, -1.0, -1.0; 4
-8.0, -1.0, -1.0; 6
-7.0, -1.0, -1.0; 1
-6.0, -1.0, -1.0; 1
-5.0, -1.0, -1.0; 3
7.0, -1.0, -1.0; 2
9.0, -1.0, -1.0; 1
-10.0, 0.0, -1.0; 2
-9.0, 0.0, -1.0; 6
-8.0, 0.0, -1.0; 4
-7.0, 0.0, -1.0; 1
-6.0, 0.0, -1.0; 6
-5.0, 0.0, -1.0; 1
5.0, 0.0, -1.0; 1
6.0, 0.0, -1.0; 1
-10.0, 1.0, -1.0; 1
-9.0, 1.0, -1.0; 1
-8.0, 1.0, -1.0; 4
-7.0, 1.0, -1.0; 6
-6.0, 1.0, -1.0; 963
-5.0, 1.0, -1.0; 93
6.0, 1.0, -1.0; 1
7.0, 1.0, -1.0; 1
9.0, 1.0, -1.0; 1
-9.0, 2.0, -1.0; 11
-8.0, 2.0, -1.0; 8
-7.0, 2.0, -1.0; 4
-6.0, 2.0, -1.0; 65
-5.0, 2.0, -1.0; 45
4.0, 2.0, -1.0; 1
5.0, 2.0, -1.0; 1
6.0, 2.0, -1.0; 1
8.0, 2.0, -1.0; 1
-10.0, 3.0, -1.0; 1
-9.0, 3.0, -1.0; 7
-8.0, 3.0, -1.0; 8
-7.0, 3.0, -1.0; 4
-6.0, 3.0, -1.0; 30
-5.0, 3.0, -1.0; 13
-3.0, 3.0, -1.0; 1
2.0, 3.0, -1.0; 1
3.0, 3.0, -1.0; 3
4.0, 3.0, -1.0; 4
6.0, 3.0, -1.0; 2
7.0, 3.0, -1.0; 2
8.0, 3.0, -1.0; 1
-9.0, 4.0, -1.0; 5
-8.0, 4.0, -1.0; 9
-7.0, 4.0, -1.0; 2
-6.0, 4.0, -1.0; 17
-5.0, 4.0, -1.0; 31
1.0, 4.0, -1.0; 1
2.0, 4.0, -1.0; 23
4.0, 4.0, -1.0; 12
5.0, 4.0, -1.0; 1
8.0, 4.0, -1.0; 1
-9.0, 5.0, -1.0; 1
-8.0, 5.0, -1.0; 10
-7.0, 5.0, -1.0; 9
-6.0, 5.0, -1.0; 1
-5.0, 5.0, -1.0; 17
-4.0, 5.0, -1.0; 39
-3.0, 5.0, -1.0; 14
-2.0, 5.0, -1.0; 2
-1.0, 5.0, -1.0; 5
0.0, 5.0, -1.0; 6
1.0, 5.0, -1.0; 25
2.0, 5.0, -1.0; 9
3.0, 5.0, -1.0; 3
4.0, 5.0, -1.0; 2
5.0, 5.0, -1.0; 2
6.0, 5.0, -1.0; 4
7.0, 5.0, -1.0; 1
-8.0, 6.0, -1.0; 4
-7.0, 6.0, -1.0; 67
-6.0, 6.0, -1.0; 309
-5.0, 6.0, -1.0; 32
-4.0, 6.0, -1.0; 4
-3.0, 6.0, -1.0; 11
-2.0, 6.0, -1.0; 13
-1.0, 6.0, -1.0; 86
0.0, 6.0, -1.0; 207
1.0, 6.0, -1.0; 88
2.0, 6.0, -1.0; 8
3.0, 6.0, -1.0; 4
4.0, 6.0, -1.0; 5
5.0, 6.0, -1.0; 1
6.0, 6.0, -1.0; 2
-7.0, 7.0, -1.0; 6
-6.0, 7.0, -1.0; 16
-5.0, 7.0, -1.0; 50
-4.0, 7.0, -1.0; 12
-3.0, 7.0, -1.0; 6
-2.0, 7.0, -1.0; 6
-1.0, 7.0, -1.0; 33
0.0, 7.0, -1.0; 26
1.0, 7.0, -1.0; 4
2.0, 7.0, -1.0; 7
3.0, 7.0, -1.0; 5
4.0, 7.0, -1.0; 2
5.0, 7.0, -1.0; 2
6.0, 7.0, -1.0; 1
-6.0, 8.0, -1.0; 1
-5.0, 8.0, -1.0; 11
-4.0, 8.0, -1.0; 9
-3.0, 8.0, -1.0; 15
-2.0, 8.0, -1.0; 7
-1.0, 8.0, -1.0; 7
0.0, 8.0, -1.0; 12
1.0, 8.0, -1.0; 12
2.0, 8.0, -1.0; 7
3.0, 8.0, -1.0; 5
-4.0, 9.0, -1.0; 4
-3.0, 9.0, -1.0; 4
-2.0, 9.0, -1.0; 21
-1.0, 9.0, -1.0; 24
0.0, 9.0, -1.0; 21
1.0, 9.0, -1.0; 12
2.0, 9.0, -1.0; 4
3.0, 9.0, -1.0; 1
-5.0, -10.0, 0.0; 2
-4.0, -10.0, 0.0; 8
-3.0, -10.0, 0.0; 21
-2.0, -10.0, 0.0; 24
-1.0, -10.0, 0.0; 8
0.0, -10.0, 0.0; 11
1.0, -10.0, 0.0; 9
2.0, -10.0, 0.0; 3
3.0, -10.0, 0.0; 1
-6.0, -9.0, 0.0; 8
-5.0, -9.0, 0.0; 12
-4.0, -9.0, 0.0; 7
-3.0, -9.0, 0.0; 5
-2.0, -9.0, 0.0; 4
-1.0, -9.0, 0.0; 10
0.0, -9.0, 0.0; 5
1.0, -9.0, 0.0; 4
2.0, -9.0, 0.0; 10
3.0, -9.0, 0.0; 1
5.0, -9.0, 0.0; 1
-7.0, -8.0, 0.0; 7
-6.0, -8.0, 0.0; 11
-5.0, -8.0, 0.0; 9
-3.0, -8.0, 0.0; 2
-2.0, -8.0, 0.0; 19
-1.0, -8.0, 0.0; 12
0.0, -8.0, 0.0; 2
1.0, -8.0, 0.0; 8
2.0, -8.0, 0.0; 5
3.0, -8.0, 0.0; 6
5.0, -8.0, 0.0; 1
-8.0, -7.0, 0.0; 6
-7.0, -7.0, 0.0; 17
-6.0, -7.0, 0.0; 1
-5.0, -7.0, 0.0; 1
-4.0, -7.0, 0.0; 10
-3.0, -7.0, 0.0; 45
-2.0, -7.0, 0.0; 140
-1.0, -7.0, 0.0; 260
0.0, -7.0, 0.0; 196
1.0, -7.0, 0.0; 18
2.0, -7.0, 0.0; 10
3.0, -7.0, 0.0; 6
4.0, -7.0, 0.0; 2
5.0, -7.0, 0.0; 6
6.0, -7.0, 0.0; 1
7.0, -7.0, 0.0; 1
-9.0, -6.0, 0.0; 3
-8.0, -6.0, 0.0; 14
-7.0, -6.0, 0.0; 7
-6.0, -6.0, 0.0; 5
-5.0, -6.0, 0.0; 12
-4.0, -6.0, 0.0; 6
-3.0, -6.0, 0.0; 2
-2.0, -6.0, 0.0; 5
-1.0, -6.0, 0.0; 21
0.0, -6.0, 0.0; 41
1.0, -6.0, 0.0; 28
2.0, -6.0, 0.0; 7
3.0, -6.0, 0.0; 3
4.0, -6.0, 0.0; 4
5.0, -6.0, 0.0; 2
6.0, -6.0, 0.0; 2
-9.0, -5.0, 0.0; 7
-8.0, -5.0, 0.0; 10
-7.0, -5.0, 0.0; 2
-6.0, -5.0, 0.0; 40
-5.0, -5.0, 0.0; 1
-4.0, -5.0, 0.0; 3
-1.0, -5.0, 0.0; 2
0.0, -5.0, 0.0; 2
1.0, -5.0, 0.0; 1
2.0, -5.0, 0.0; 8
3.0, -5.0, 0.0; 5
5.0, -5.0, 0.0; 3
6.0, -5.0, 0.0; 1
-10.0, -4.0, 0.0; 1
-9.0, -4.0, 0.0; 2
-8.0, -4.0, 0.0; 10
-7.0, -4.0, 0.0; 6
-6.0, -4.0, 0.0; 17
-5.0, -4.0, 0.0; 3
4.0, -4.0, 0.0; 1
5.0, -4.0, 0.0; 1
6.0, -4.0, 0.0; 2
7.0, -4.0, 0.0; 1
8.0, -4.0, 0.0; 1
-10.0, -3.0, 0.0; 3
-9.0, -3.0, 0.0; 5
-8.0, -3.0, 0.0; 9
-7.0, -3.0, 0.0; 1
-6.0, -3.0, 0.0; 3
-5.0, -3.0, 0.0; 3
5.0, -3.0, 0.0; 2
-10.0, -2.0, 0.0; 1
-9.0, -2.0, 0.0; 2
-8.0, -2.0, 0.0; 9
-7.0, -2.0, 0.0; 1
-6.0, -2.0, 0.0; 1
-10.0, -1.0, 0.0; 5
-9.0, -1.0, 0.0; 4
-8.0, -1.0, 0.0; 9
-7.0, -1.0, 0.0; 6
-5.0, -1.0, 0.0; 2
-10.0, 0.0, 0.0; 2
-9.0, 0.0, 0.0; 2
-8.0, 0.0, 0.0; 1
-7.0, 0.0, 0.0; 5
-6.0, 0.0, 0.0; 11
-5.0, 0.0, 0.0; 2
3.0
10.412718601
