5.0, 0.0, 0.0; 1
-10.0, 1.0, 0.0; 2
-9.0, 1.0, 0.0; 5
-8.0, 1.0, 0.0; 7
-7.0, 1.0, 0.0; 1
-6.0, 1.0, 0.0; 231
-5.0, 1.0, 0.0; 93
4.0, 1.0, 0.0; 1
5.0, 1.0, 0.0; 4
6.0, 1.0, 0.0; 1
7.0, 1.0, 0.0; 1
-9.0, 2.0, 0.0; 10
-8.0, 2.0, 0.0; 5
-7.0, 2.0, 0.0; 7
-6.0, 2.0, 0.0; 75
-5.0, 2.0, 0.0; 104
3.0, 2.0, 0.0; 8
4.0, 2.0, 0.0; 29
5.0, 2.0, 0.0; 5
6.0, 2.0, 0.0; 1
-10.0, 3.0, 0.0; 1
-9.0, 3.0, 0.0; 15
-8.0, 3.0, 0.0; 19
-7.0, 3.0, 0.0; 10
-6.0, 3.0, 0.0; 23
-5.0, 3.0, 0.0; 79
-4.0, 3.0, 0.0; 7
2.0, 3.0, 0.0; 3
3.0, 3.0, 0.0; 43
4.0, 3.0, 0.0; 68
5.0, 3.0, 0.0; 4
6.0, 3.0, 0.0; 2
7.0, 3.0, 0.0; 1
-9.0, 4.0, 0.0; 9
-8.0, 4.0, 0.0; 19
-7.0, 4.0, 0.0; 15
-6.0, 4.0, 0.0; 14
-5.0, 4.0, 0.0; 35
-4.0, 4.0, 0.0; 34
-3.0, 4.0, 0.0; 1
0.0, 4.0, 0.0; 2
1.0, 4.0, 0.0; 7
2.0, 4.0, 0.0; 21
3.0, 4.0, 0.0; 51
4.0, 4.0, 0.0; 23
5.0, 4.0, 0.0; 1
6.0, 4.0, 0.0; 1
7.0, 4.0, 0.0; 1
-9.0, 5.0, 0.0; 2
-8.0, 5.0, 0.0; 19
-7.0, 5.0, 0.0; 21
-6.0, 5.0, 0.0; 9
-5.0, 5.0, 0.0; 26
-4.0, 5.0, 0.0; 92
-3.0, 5.0, 0.0; 98
-2.0, 5.0, 0.0; 14
-1.0, 5.0, 0.0; 17
0.0, 5.0, 0.0; 54
1.0, 5.0, 0.0; 76
2.0, 5.0, 0.0; 31
3.0, 5.0, 0.0; 8
4.0, 5.0, 0.0; 9
5.0, 5.0, 0.0; 1
6.0, 5.0, 0.0; 1
-8.0, 6.0, 0.0; 8
-7.0, 6.0, 0.0; 110
-6.0, 6.0, 0.0; 488
-5.0, 6.0, 0.0; 116
-4.0, 6.0, 0.0; 23
-3.0, 6.0, 0.0; 29
-2.0, 6.0, 0.0; 42
-1.0, 6.0, 0.0; 97
0.0, 6.0, 0.0; 181
1.0, 6.0, 0.0; 65
2.0, 6.0, 0.0; 3
3.0, 6.0, 0.0; 4
4.0, 6.0, 0.0; 8
5.0, 6.0, 0.0; 2
6.0, 6.0, 0.0; 2
-7.0, 7.0, 0.0; 10
-6.0, 7.0, 0.0; 49
-5.0, 7.0, 0.0; 46
-4.0, 7.0, 0.0; 21
-3.0, 7.0, 0.0; 7
-2.0, 7.0, 0.0; 24
-1.0, 7.0, 0.0; 75
0.0, 7.0, 0.0; 66
1.0, 7.0, 0.0; 8
2.0, 7.0, 0.0; 19
3.0, 7.0, 0.0; 10
4.0, 7.0, 0.0; 3
5.0, 7.0, 0.0; 2
6.0, 7.0, 0.0; 2
-6.0, 8.0, 0.0; 4
-5.0, 8.0, 0.0; 15
-4.0, 8.0, 0.0; 36
-3.0, 8.0, 0.0; 26
-2.0, 8.0, 0.0; 13
-1.0, 8.0, 0.0; 17
0.0, 8.0, 0.0; 26
1.0, 8.0, 0.0; 23
2.0, 8.0, 0.0; 20
3.0, 8.0, 0.0; 14
4.0, 8.0, 0.0; 1
5.0, 8.0, 0.0; 1
-5.0, 9.0, 0.0; 1
-4.0, 9.0, 0.0; 7
-3.0, 9.0, 0.0; 18
-2.0, 9.0, 0.0; 45
-1.0, 9.0, 0.0; 57
0.0, 9.0, 0.0; 36
1.0, 9.0, 0.0; 24
2.0, 9.0, 0.0; 4
3.0, 9.0, 0.0; 1
4.0, 9.0, 0.0; 1
-4.0, -10.0, 1.0; 10
-3.0, -10.0, 1.0; 26
-2.0, -10.0, 1.0; 34
-1.0, -10.0, 1.0; 24
0.0, -10.0, 1.0; 31
1.0, -10.0, 1.0; 13
2.0, -10.0, 1.0; 3
3.0, -10.0, 1.0; 1
-6.0, -9.0, 1.0; 10
-5.0, -9.0, 1.0; 27
-4.0, -9.0, 1.0; 28
-3.0, -9.0, 1.0; 34
-2.0, -9.0, 1.0; 22
-1.0, -9.0, 1.0; 23
0.0, -9.0, 1.0; 22
1.0, -9.0, 1.0; 19
2.0, -9.0, 1.0; 21
3.0, -9.0, 1.0; 3
4.0, -9.0, 1.0; 2
-7.0, -8.0, 1.0; 12
-6.0, -8.0, 1.0; 28
-5.0, -8.0, 1.0; 21
-4.0, -8.0, 1.0; 7
-2.0, -8.0, 1.0; 3
-1.0, -8.0, 1.0; 4
0.0, -8.0, 1.0; 5
1.0, -8.0, 1.0; 11
2.0, -8.0, 1.0; 8
3.0, -8.0, 1.0; 6
4.0, -8.0, 1.0; 2
5.0, -8.0, 1.0; 3
-8.0, -7.0, 1.0; 6
-7.0, -7.0, 1.0; 29
-6.0, -7.0, 1.0; 17
-5.0, -7.0, 1.0; 2
-4.0, -7.0, 1.0; 108
-3.0, -7.0, 1.0; 466
-2.0, -7.0, 1.0; 657
-1.0, -7.0, 1.0; 474
0.0, -7.0, 1.0; 154
1.0, -7.0, 1.0; 12
2.0, -7.0, 1.0; 6
3.0, -7.0, 1.0; 6
4.0, -7.0, 1.0; 1
5.0, -7.0, 1.0; 1
6.0, -7.0, 1.0; 2
-8.0, -6.0, 1.0; 10
-7.0, -6.0, 1.0; 13
-6.0, -6.0, 1.0; 9
-5.0, -6.0, 1.0; 257
-4.0, -6.0, 1.0; 403
-3.0, -6.0, 1.0; 225
-2.0, -6.0, 1.0; 104
-1.0, -6.0, 1.0; 96
0.0, -6.0, 1.0; 84
1.0, -6.0, 1.0; 16
2.0, -6.0, 1.0; 18
3.0, -6.0, 1.0; 15
4.0, -6.0, 1.0; 7
6.0, -6.0, 1.0; 1
7.0, -6.0, 1.0; 1
-9.0, -5.0, 1.0; 8
-8.0, -5.0, 1.0; 20
-7.0, -5.0, 1.0; 14
-6.0, -5.0, 1.0; 96
-5.0, -5.0, 1.0; 180
-4.0, -5.0, 1.0; 10
-3.0, -5.0, 1.0; 5
-2.0, -5.0, 1.0; 3
-1.0, -5.0, 1.0; 5
0.0, -5.0, 1.0; 5
1.0, -5.0, 1.0; 6
2.0, -5.0, 1.0; 3
3.0, -5.0, 1.0; 16
4.0, -5.0, 1.0; 6
5.0, -5.0, 1.0; 1
-10.0, -4.0, 1.0; 3
-9.0, -4.0, 1.0; 7
-8.0, -4.0, 1.0; 17
-7.0, -4.0, 1.0; 6
-6.0, -4.0, 1.0; 80
-5.0, -4.0, 1.0; 15
-3.0, -4.0, 1.0; 2
0.0, -4.0, 1.0; 1
2.0, -4.0, 1.0; 4
3.0, -4.0, 1.0; 4
4.0, -4.0, 1.0; 1
5.0, -4.0, 1.0; 1
6.0, -4.0, 1.0; 1
7.0, -4.0, 1.0; 1
-10.0, -3.0, 1.0; 1
-9.0, -3.0, 1.0; 7
-8.0, -3.0, 1.0; 19
-7.0, -3.0, 1.0; 6
-6.0, -3.0, 1.0; 9
-4.0, -3.0, 1.0; 1
-3.0, -3.0, 1.0; 1
4.0, -3.0, 1.0; 2
8.0, -3.0, 1.0; 1
-10.0, -2.0, 1.0; 4
-9.0, -2.0, 1.0; 8
-8.0, -2.0, 1.0; 11
-7.0, -2.0, 1.0; 7
-6.0, -2.0, 1.0; 19
-5.0, -2.0, 1.0; 1
5.0, -2.0, 1.0; 1
-10.0, -1.0, 1.0; 5
-9.0, -1.0, 1.0; 2
-8.0, -1.0, 1.0; 6
-7.0, -1.0, 1.0; 13
-6.0, -1.0, 1.0; 88
-5.0, -1.0, 1.0; 4
-4.0, -1.0, 1.0; 2
7.0, -1.0, 1.0; 1
-10.0, 0.0, 1.0; 6
-9.0, 0.0, 1.0; 2
-8.0, 0.0, 1.0; 4
-7.0, 0.0, 1.0; 9
-6.0, 0.0, 1.0; 48
-5.0, 0.0, 1.0; 11
-4.0, 0.0, 1.0; 5
5.0, 0.0, 1.0; 4
7.0, 0.0, 1.0; 2
-10.0, 1.0, 1.0; 1
-9.0, 1.0, 1.0; 7
-8.0, 1.0, 1.0; 8
-7.0, 1.0, 1.0; 7
-6.0, 1.0, 1.0; 18
-5.0, 1.0, 1.0; 58
-4.0, 1.0, 1.0; 1
3.0, 1.0, 1.0; 1
4.0, 1.0, 1.0; 1
8.0, 1.0, 1.0; 1
-10.0, 2.0, 1.0; 3
-9.0, 2.0, 1.0; 5
-8.0, 2.0, 1.0; 12
-7.0, 2.0, 1.0; 5
-6.0, 2.0, 1.0; 9
-5.0, 2.0, 1.0; 61
-4.0, 2.0, 1.0; 3
1.0, 2.0, 1.0; 2
3.0, 2.0, 1.0; 3
4.0, 2.0, 1.0; 6
6.0, 2.0, 1.0; 1
-10.0, 3.0, 1.0; 1
-9.0, 3.0, 1.0; 4
-8.0, 3.0, 1.0; 24
-7.0, 3.0, 1.0; 12
-6.0, 3.0, 1.0; 8
-5.0, 3.0, 1.0; 70
-4.0, 3.0, 1.0; 61
-3.0, 3.0, 1.0; 1
-2.0, 3.0, 1.0; 1
1.0, 3.0, 1.0; 2
2.0, 3.0, 1.0; 7
3.0, 3.0, 1.0; 32
4.0, 3.0, 1.0; 24
5.0, 3.0, 1.0; 7
6.0, 3.0, 1.0; 2
7.0, 3.0, 1.0; 1
8.0, 3.0, 1.0; 2
9.0, 3.0, 1.0; 1
-9.0, 4.0, 1.0; 7
-8.0, 4.0, 1.0; 21
-7.0, 4.0, 1.0; 14
-6.0, 4.0, 1.0; 11
-5.0, 4.0, 1.0; 11
-4.0, 4.0, 1.0; 42
-3.0, 4.0, 1.0; 35
-2.0, 4.0, 1.0; 8
-1.0, 4.0, 1.0; 2
0.0, 4.0, 1.0; 14
1.0, 4.0, 1.0; 22
2.0, 4.0, 1.0; 72
3.0, 4.0, 1.0; 134
4.0, 4.0, 1.0; 15
5.0, 4.0, 1.0; 4
6.0, 4.0, 1.0; 1
7.0, 4.0, 1.0; 2
8.0, 4.0, 1.0; 1
-9.0, 5.0, 1.0; 5
-8.0, 5.0, 1.0; 14
-7.0, 5.0, 1.0; 24
-6.0, 5.0, 1.0; 12
-5.0, 5.0, 1.0; 10
-4.0, 5.0, 1.0; 92
-3.0, 5.0, 1.0; 553
-2.0, 5.0, 1.0; 167
-1.0, 5.0, 1.0; 21
0.0, 5.0, 1.0; 34
1.0, 5.0, 1.0; 27
2.0, 5.0, 1.0; 29
3.0, 5.0, 1.0; 19
4.0, 5.0, 1.0; 11
5.0, 5.0, 1.0; 4
6.0, 5.0, 1.0; 4
-8.0, 6.0, 1.0; 9
-7.0, 6.0, 1.0; 28
-6.0, 6.0, 1.0; 76
-5.0, 6.0, 1.0; 30
-4.0, 6.0, 1.0; 23
-3.0, 6.0, 1.0; 40
-2.0, 6.0, 1.0; 56
-1.0, 6.0, 1.0; 50
0.0, 6.0, 1.0; 31
1.0, 6.0, 1.0; 4
2.0, 6.0, 1.0; 8
3.0, 6.0, 1.0; 6
4.0, 6.0, 1.0; 7
5.0, 6.0, 1.0; 2
6.0, 6.0, 1.0; 2
7.0, 6.0, 1.0; 1
-7.0, 7.0, 1.0; 6
-6.0, 7.0, 1.0; 18
-5.0, 7.0, 1.0; 26
-4.0, 7.0, 1.0; 11
-3.0, 7.0, 1.0; 4
-2.0, 7.0, 1.0; 7
-1.0, 7.0, 1.0; 18
0.0, 7.0, 1.0; 6
1.0, 7.0, 1.0; 9
2.0, 7.0, 1.0; 20
3.0, 7.0, 1.0; 18
4.0, 7.0, 1.0; 4
6.0, 7.0, 1.0; 1
-6.0, 8.0, 1.0; 1
-5.0, 8.0, 1.0; 14
-4.0, 8.0, 1.0; 13
-3.0, 8.0, 1.0; 27
-2.0, 8.0, 1.0; 20
-1.0, 8.0, 1.0; 13
0.0, 8.0, 1.0; 23
1.0, 8.0, 1.0; 17
2.0, 8.0, 1.0; 18
3.0, 8.0, 1.0; 8
4.0, 8.0, 1.0; 1
-4.0, 9.0, 1.0; 7
-3.0, 9.0, 1.0; 16
-2.0, 9.0, 1.0; 21
-1.0, 9.0, 1.0; 34
0.0, 9.0, 1.0; 17
1.0, 9.0, 1.0; 11
2.0, 9.0, 1.0; 2
-4.0, -10.0, 2.0; 2
-3.0, -10.0, 2.0; 6
-2.0, -10.0, 2.0; 14
-1.0, -10.0, 2.0; 10
0.0, -10.0, 2.0; 9
1.0, -10.0, 2.0; 3
-6.0, -9.0, 2.0; 1
-5.0, -9.0, 2.0; 12
-4.0, -9.0, 2.0; 31
-3.0, -9.0, 2.0; 36
-2.0, -9.0, 2.0; 44
-1.0, -9.0, 2.0; 22
0.0, -9.0, 2.0; 22
1.0, -9.0, 2.0; 10
2.0, -9.0, 2.0; 3
3.0, -9.0, 2.0; 3
4.0, -9.0, 2.0; 2
5.0, -9.0, 2.0; 1
-7.0, -8.0, 2.0; 7
-6.0, -8.0, 2.0; 13
-5.0, -8.0, 2.0; 30
-4.0, -8.0, 2.0; 24
-3.0, -8.0, 2.0; 8
-2.0, -8.0, 2.0; 10
-1.0, -8.0, 2.0; 9
0.0, -8.0, 2.0; 6
1.0, -8.0, 2.0; 12
2.0, -8.0, 2.0; 5
3.0, -8.0, 2.0; 2
5.0, -8.0, 2.0; 3
-8.0, -7.0, 2.0; 1
-7.0, -7.0, 2.0; 21
-6.0, -7.0, 2.0; 27
-5.0, -7.0, 2.0; 8
-4.0, -7.0, 2.0; 2
-3.0, -7.0, 2.0; 67
-2.0, -7.0, 2.0; 75
-1.0, -7.0, 2.0; 31
0.0, -7.0, 2.0; 9
1.0, -7.0, 2.0; 17
2.0, -7.0, 2.0; 9
4.0, -7.0, 2.0; 3
6.0, -7.0, 2.0; 1
-8.0, -6.0, 2.0; 4
-7.0, -6.0, 2.0; 21
-6.0, -6.0, 2.0; 15
-5.0, -6.0, 2.0; 15
-4.0, -6.0, 2.0; 270
-3.0, -6.0, 2.0; 392
-2.0, -6.0, 2.0; 217
-1.0, -6.0, 2.0; 85
0.0, -6.0, 2.0; 8
1.0, -6.0, 2.0; 7
2.0, -6.0, 2.0; 16
3.0, -6.0, 2.0; 7
6.0, -6.0, 2.0; 1
-9.0, -5.0, 2.0; 6
-8.0, -5.0, 2.0; 13
-7.0, -5.0, 2.0; 28
-6.0, -5.0, 2.0; 7
-5.0, -5.0, 2.0; 109
-4.0, -5.0, 2.0; 134
-3.0, -5.0, 2.0; 33
-2.0, -5.0, 2.0; 6
-1.0, -5.0, 2.0; 2
0.0, -5.0, 2.0; 1
1.0, -5.0, 2.0; 11
2.0, -5.0, 2.0; 3
3.0, -5.0, 2.0; 5
4.0, -5.0, 2.0; 1
6.0, -5.0, 2.0; 2
-10.0, -4.0, 2.0; 1
-9.0, -4.0, 2.0; 5
-8.0, -4.0, 2.0; 15
-7.0, -4.0, 2.0; 10
-6.0, -4.0, 2.0; 3
-5.0, -4.0, 2.0; 21
-4.0, -4.0, 2.0; 3
-3.0, -4.0, 2.0; 2
0.0, -4.0, 2.0; 1
1.0, -4.0, 2.0; 2
2.0, -4.0, 2.0; 8
3.0, -4.0, 2.0; 3
4.0, -4.0, 2.0; 4
5.0, -4.0, 2.0; 2
6.0, -4.0, 2.0; 1
-10.0, -3.0, 2.0; 3
-9.0, -3.0, 2.0; 6
-8.0, -3.0, 2.0; 13
-7.0, -3.0, 2.0; 13
-6.0, -3.0, 2.0; 9
-5.0, -3.0, 2.0; 4
0.0, -3.0, 2.0; 3
3.0, -3.0, 2.0; 1
4.0, -3.0, 2.0; 4
5.0, -3.0, 2.0; 3
6.0, -3.0, 2.0; 1
7.0, -3.0, 2.0; 1
-10.0, -2.0, 2.0; 5
-9.0, -2.0, 2.0; 4
-8.0, -2.0, 2.0; 6
-7.0, -2.0, 2.0; 10
-6.0, -2.0, 2.0; 15
-5.0, -2.0, 2.0; 11
-4.0, -2.0, 2.0; 1
-3.0, -2.0, 2.0; 1
3.0, -2.0, 2.0; 1
5.0, -2.0, 2.0; 1
6.0, -2.0, 2.0; 1
-10.0, -1.0, 2.0; 2
-9.0, -1.0, 2.0; 5
-8.0, -1.0, 2.0; 8
-7.0, -1.0, 2.0; 5
-6.0, -1.0, 2.0; 27
-5.0, -1.0, 2.0; 18
-4.0, -1.0, 2.0; 1
-3.0, -1.0, 2.0; 1
2.0, -1.0, 2.0; 1
5.0, -1.0, 2.0; 1
9.0, -1.0, 2.0; 1
-10.0, 0.0, 2.0; 3
-9.0, 0.0, 2.0; 1
-8.0, 0.0, 2.0; 7
-7.0, 0.0, 2.0; 6
-6.0, 0.0, 2.0; 42
-5.0, 0.0, 2.0; 62
-4.0, 0.0, 2.0; 11
-3.0, 0.0, 2.0; 6
5.0, 0.0, 2.0; 1
6.0, 0.0, 2.0; 2
-10.0, 1.0, 2.0; 1
-9.0, 1.0, 2.0; 6
-8.0, 1.0, 2.0; 4
-7.0, 1.0, 2.0; 10
-6.0, 1.0, 2.0; 10
-5.0, 1.0, 2.0; 156
-4.0, 1.0, 2.0; 160
-3.0, 1.0, 2.0; 8
-2.0, 1.0, 2.0; 1
3.0, 1.0, 2.0; 1
4.0, 1.0, 2.0; 1
-10.0, 2.0, 2.0; 2
-9.0, 2.0, 2.0; 3
-8.0, 2.0, 2.0; 18
-7.0, 2.0, 2.0; 8
-6.0, 2.0, 2.0; 6
-5.0, 2.0, 2.0; 107
-4.0, 2.0, 2.0; 739
-3.0, 2.0, 2.0; 29
-2.0, 2.0, 2.0; 2
0.0, 2.0, 2.0; 1
1.0, 2.0, 2.0; 1
2.0, 2.0, 2.0; 1
3.0, 2.0, 2.0; 5
4.0, 2.0, 2.0; 2
-10.0, 3.0, 2.0; 2
-9.0, 3.0, 2.0; 1
-8.0, 3.0, 2.0; 11
-7.0, 3.0, 2.0; 14
-6.0, 3.0, 2.0; 10
-5.0, 3.0, 2.0; 17
-4.0, 3.0, 2.0; 78
-3.0, 3.0, 2.0; 29
-2.0, 3.0, 2.0; 12
-1.0, 3.0, 2.0; 10
0.0, 3.0, 2.0; 11
1.0, 3.0, 2.0; 3
2.0, 3.0, 2.0; 7
3.0, 3.0, 2.0; 16
4.0, 3.0, 2.0; 3
5.0, 3.0, 2.0; 2
6.0, 3.0, 2.0; 2
7.0, 3.0, 2.0; 1
-9.0, 4.0, 2.0; 4
-8.0, 4.0, 2.0; 6
-7.0, 4.0, 2.0; 30
-6.0, 4.0, 2.0; 15
-5.0, 4.0, 2.0; 14
-4.0, 4.0, 2.0; 19
-3.0, 4.0, 2.0; 81
-2.0, 4.0, 2.0; 96
-1.0, 4.0, 2.0; 33
0.0, 4.0, 2.0; 14
1.0, 4.0, 2.0; 12
2.0, 4.0, 2.0; 133
3.0, 4.0, 2.0; 76
4.0, 4.0, 2.0; 2
5.0, 4.0, 2.0; 4
6.0, 4.0, 2.0; 1
7.0, 4.0, 2.0; 1
-8.0, 5.0, 2.0; 11
-7.0, 5.0, 2.0; 21
-6.0, 5.0, 2.0; 22
-5.0, 5.0, 2.0; 15
-4.0, 5.0, 2.0; 19
-3.0, 5.0, 2.0; 65
-2.0, 5.0, 2.0; 65
-1.0, 5.0, 2.0; 13
0.0, 5.0, 2.0; 11
1.0, 5.0, 2.0; 10
2.0, 5.0, 2.0; 37
3.0, 5.0, 2.0; 19
4.0, 5.0, 2.0; 3
5.0, 5.0, 2.0; 2
6.0, 5.0, 2.0; 2
7.0, 5.0, 2.0; 1
-7.0, 6.0, 2.0; 13
-6.0, 6.0, 2.0; 15
-5.0, 6.0, 2.0; 16
-4.0, 6.0, 2.0; 7
-3.0, 6.0, 2.0; 10
-2.0, 6.0, 2.0; 4
-1.0, 6.0, 2.0; 3
0.0, 6.0, 2.0; 3
1.0, 6.0, 2.0; 7
2.0, 6.0, 2.0; 8
3.0, 6.0, 2.0; 8
4.0, 6.0, 2.0; 4
5.0, 6.0, 2.0; 3
6.0, 6.0, 2.0; 2
-7.0, 7.0, 2.0; 1
-6.0, 7.0, 2.0; 9
-5.0, 7.0, 2.0; 14
-4.0, 7.0, 2.0; 13
-3.0, 7.0, 2.0; 7
-2.0, 7.0, 2.0; 9
-1.0, 7.0, 2.0; 5
0.0, 7.0, 2.0; 11
1.0, 7.0, 2.0; 15
2.0, 7.0, 2.0; 22
3.0, 7.0, 2.0; 8
4.0, 7.0, 2.0; 2
5.0, 7.0, 2.0; 3
6.0, 7.0, 2.0; 1
-5.0, 8.0, 2.0; 7
-4.0, 8.0, 2.0; 14
-3.0, 8.0, 2.0; 18
-2.0, 8.0, 2.0; 18
-1.0, 8.0, 2.0; 12
0.0, 8.0, 2.0; 25
1.0, 8.0, 2.0; 12
2.0, 8.0, 2.0; 9
3.0, 8.0, 2.0; 2
-4.0, 9.0, 2.0; 2
-3.0, 9.0, 2.0; 3
-2.0, 9.0, 2.0; 15
-1.0, 9.0, 2.0; 17
0.0, 9.0, 2.0; 12
1.0, 9.0, 2.0; 4
2.0, 9.0, 2.0; 5
-3.0, -10.0, 3.0; 2
-1.0, -10.0, 3.0; 1
0.0, -10.0, 3.0; 1
1.0, -10.0, 3.0; 1
2.0, -10.0, 3.0; 1
-5.0, -9.0, 3.0; 5
-4.0, -9.0, 3.0; 9
-3.0, -9.0, 3.0; 16
-2.0, -9.0, 3.0; 30
-1.0, -9.0, 3.0; 15
0.0, -9.0, 3.0; 8
1.0, -9.0, 3.0; 1
2.0, -9.0, 3.0; 2
3.0, -9.0, 3.0; 5
4.0, -9.0, 3.0; 1
-6.0, -8.0, 3.0; 10
-5.0, -8.0, 3.0; 18
-4.0, -8.0, 3.0; 27
-3.0, -8.0, 3.0; 42
-2.0, -8.0, 3.0; 42
-1.0, -8.0, 3.0; 34
0.0, -8.0, 3.0; 15
1.0, -8.0, 3.0; 7
2.0, -8.0, 3.0; 2
3.0, -8.0, 3.0; 3
4.0, -8.0, 3.0; 2
-7.0, -7.0, 3.0; 7
-6.0, -7.0, 3.0; 9
-5.0, -7.0, 3.0; 36
-4.0, -7.0, 3.0; 30
-3.0, -7.0, 3.0; 23
-2.0, -7.0, 3.0; 23
-1.0, -7.0, 3.0; 17
0.0, -7.0, 3.0; 21
1.0, -7.0, 3.0; 10
2.0, -7.0, 3.0; 4
3.0, -7.0, 3.0; 4
4.0, -7.0, 3.0; 1
5.0, -7.0, 3.0; 1
6.0, -7.0, 3.0; 1
-8.0, -6.0, 3.0; 2
-7.0, -6.0, 3.0; 9
-6.0, -6.0, 3.0; 41
-5.0, -6.0, 3.0; 19
-4.0, -6.0, 3.0; 5
-3.0, -6.0, 3.0; 1
-2.0, -6.0, 3.0; 1
-1.0, -6.0, 3.0; 8
0.0, -6.0, 3.0; 14
1.0, -6.0, 3.0; 21
2.0, -6.0, 3.0; 7
3.0, -6.0, 3.0; 2
4.0, -6.0, 3.0; 3
5.0, -6.0, 3.0; 1
6.0, -6.0, 3.0; 1
-9.0, -5.0, 3.0; 2
-8.0, -5.0, 3.0; 3
-7.0, -5.0, 3.0; 20
-6.0, -5.0, 3.0; 22
-5.0, -5.0, 3.0; 4
-4.0, -5.0, 3.0; 3
-3.0, -5.0, 3.0; 8
-2.0, -5.0, 3.0; 3
-1.0, -5.0, 3.0; 1
0.0, -5.0, 3.0; 7
1.0, -5.0, 3.0; 9
2.0, -5.0, 3.0; 11
3.0, -5.0, 3.0; 1
4.0, -5.0, 3.0; 1
5.0, -5.0, 3.0; 3
6.0, -5.0, 3.0; 2
-9.0, -4.0, 3.0; 4
-8.0, -4.0, 3.0; 6
-7.0, -4.0, 3.0; 25
-6.0, -4.0, 3.0; 13
-5.0, -4.0, 3.0; 3
-4.0, -4.0, 3.0; 2
-1.0, -4.0, 3.0; 3
0.0, -4.0, 3.0; 4
1.0, -4.0, 3.0; 6
2.0, -4.0, 3.0; 3
3.0, -4.0, 3.0; 1
8.0, -4.0, 3.0; 1
-9.0, -3.0, 3.0; 3
-8.0, -3.0, 3.0; 12
-7.0, -3.0, 3.0; 13
-6.0, -3.0, 3.0; 16
-5.0, -3.0, 3.0; 3
-4.0, -3.0, 3.0; 1
-3.0, -3.0, 3.0; 1
-2.0, -3.0, 3.0; 4
-1.0, -3.0, 3.0; 4
0.0, -3.0, 3.0; 8
1.0, -3.0, 3.0; 4
2.0, -3.0, 3.0; 2
3.0, -3.0, 3.0; 1
4.0, -3.0, 3.0; 2
6.0, -3.0, 3.0; 1
-10.0, -2.0, 3.0; 1
-9.0, -2.0, 3.0; 5
-8.0, -2.0, 3.0; 4
-7.0, -2.0, 3.0; 16
-6.0, -2.0, 3.0; 15
-5.0, -2.0, 3.0; 14
-4.0, -2.0, 3.0; 10
-3.0, -2.0, 3.0; 10
-2.0, -2.0, 3.0; 4
-1.0, -2.0, 3.0; 4
0.0, -2.0, 3.0; 2
1.0, -2.0, 3.0; 4
2.0, -2.0, 3.0; 4
3.0, -2.0, 3.0; 4
4.0, -2.0, 3.0; 1
-10.0, -1.0, 3.0; 3
-9.0, -1.0, 3.0; 4
-8.0, -1.0, 3.0; 2
-7.0, -1.0, 3.0; 4
-6.0, -1.0, 3.0; 12
-5.0, -1.0, 3.0; 13
-4.0, -1.0, 3.0; 8
-3.0, -1.0, 3.0; 14
-2.0, -1.0, 3.0; 7
-1.0, -1.0, 3.0; 2
0.0, -1.0, 3.0; 3
1.0, -1.0, 3.0; 4
2.0, -1.0, 3.0; 1
3.0, -1.0, 3.0; 2
5.0, -1.0, 3.0; 1
6.0, -1.0, 3.0; 1
7.0, -1.0, 3.0; 1
-10.0, 0.0, 3.0; 2
-9.0, 0.0, 3.0; 9
-8.0, 0.0, 3.0; 5
-7.0, 0.0, 3.0; 4
-6.0, 0.0, 3.0; 4
-5.0, 0.0, 3.0; 26
-4.0, 0.0, 3.0; 17
-3.0, 0.0, 3.0; 15
-2.0, 0.0, 3.0; 3
-1.0, 0.0, 3.0; 2
0.0, 0.0, 3.0; 1
2.0, 0.0, 3.0; 3
3.0, 0.0, 3.0; 2
4.0, 0.0, 3.0; 3
5.0, 0.0, 3.0; 1
7.0, 0.0, 3.0; 1
-9.0, 1.0, 3.0; 5
-8.0, 1.0, 3.0; 6
-7.0, 1.0, 3.0; 5
-6.0, 1.0, 3.0; 6
-5.0, 1.0, 3.0; 10
-4.0, 1.0, 3.0; 55
-3.0, 1.0, 3.0; 28
-2.0, 1.0, 3.0; 13
-1.0, 1.0, 3.0; 6
0.0, 1.0, 3.0; 2
3.0, 1.0, 3.0; 3
4.0, 1.0, 3.0; 1
7.0, 1.0, 3.0; 1
-9.0, 2.0, 3.0; 3
-8.0, 2.0, 3.0; 3
-7.0, 2.0, 3.0; 9
-6.0, 2.0, 3.0; 4
-5.0, 2.0, 3.0; 5
-4.0, 2.0, 3.0; 79
-3.0, 2.0, 3.0; 103
-2.0, 2.0, 3.0; 43
-1.0, 2.0, 3.0; 34
0.0, 2.0, 3.0; 7
1.0, 2.0, 3.0; 8
2.0, 2.0, 3.0; 7
3.0, 2.0, 3.0; 3
5.0, 2.0, 3.0; 1
7.0, 2.0, 3.0; 1
-9.0, 3.0, 3.0; 2
-8.0, 3.0, 3.0; 5
-7.0, 3.0, 3.0; 17
-6.0, 3.0, 3.0; 11
-4.0, 3.0, 3.0; 9
-3.0, 3.0, 3.0; 35
-2.0, 3.0, 3.0; 39
-1.0, 3.0, 3.0; 41
0.0, 3.0, 3.0; 17
1.0, 3.0, 3.0; 4
2.0, 3.0, 3.0; 9
3.0, 3.0, 3.0; 4
5.0, 3.0, 3.0; 1
6.0, 3.0, 3.0; 3
-9.0, 4.0, 3.0; 2
-8.0, 4.0, 3.0; 8
-7.0, 4.0, 3.0; 12
-6.0, 4.0, 3.0; 27
-5.0, 4.0, 3.0; 7
-4.0, 4.0, 3.0; 6
-3.0, 4.0, 3.0; 5
-2.0, 4.0, 3.0; 6
-1.0, 4.0, 3.0; 6
0.0, 4.0, 3.0; 5
1.0, 4.0, 3.0; 8
2.0, 4.0, 3.0; 21
3.0, 4.0, 3.0; 9
4.0, 4.0, 3.0; 7
5.0, 4.0, 3.0; 2
6.0, 4.0, 3.0; 2
7.0, 4.0, 3.0; 2
-8.0, 5.0, 3.0; 7
-7.0, 5.0, 3.0; 3
-6.0, 5.0, 3.0; 11
-5.0, 5.0, 3.0; 5
-4.0, 5.0, 3.0; 6
-3.0, 5.0, 3.0; 3
-2.0, 5.0, 3.0; 3
-1.0, 5.0, 3.0; 4
0.0, 5.0, 3.0; 4
1.0, 5.0, 3.0; 18
2.0, 5.0, 3.0; 28
3.0, 5.0, 3.0; 4
4.0, 5.0, 3.0; 3
5.0, 5.0, 3.0; 1
6.0, 5.0, 3.0; 2
7.0, 5.0, 3.0; 2
-7.0, 6.0, 3.0; 5
-6.0, 6.0, 3.0; 7
-5.0, 6.0, 3.0; 17
-4.0, 6.0, 3.0; 8
-3.0, 6.0, 3.0; 6
-2.0, 6.0, 3.0; 5
-1.0, 6.0, 3.0; 2
0.0, 6.0, 3.0; 10
1.0, 6.0, 3.0; 11
2.0, 6.0, 3.0; 9
3.0, 6.0, 3.0; 5
4.0, 6.0, 3.0; 2
5.0, 6.0, 3.0; 1
6.0, 6.0, 3.0; 1
-6.0, 7.0, 3.0; 7
-5.0, 7.0, 3.0; 13
-4.0, 7.0, 3.0; 13
-3.0, 7.0, 3.0; 17
-2.0, 7.0, 3.0; 14
-1.0, 7.0, 3.0; 14
0.0, 7.0, 3.0; 14
1.0, 7.0, 3.0; 14
2.0, 7.0, 3.0; 7
3.0, 7.0, 3.0; 3
5.0, 7.0, 3.0; 2
-5.0, 8.0, 3.0; 3
-4.0, 8.0, 3.0; 10
-3.0, 8.0, 3.0; 10
-2.0, 8.0, 3.0; 10
-1.0, 8.0, 3.0; 19
0.0, 8.0, 3.0; 16
1.0, 8.0, 3.0; 10
2.0, 8.0, 3.0; 4
-3.0, 9.0, 3.0; 2
-2.0, 9.0, 3.0; 2
-1.0, 9.0, 3.0; 7
0.0, 9.0, 3.0; 3
1.0, 9.0, 3.0; 1
-4.0, -9.0, 4.0; 1
-3.0, -9.0, 4.0; 2
-2.0, -9.0, 4.0; 6
-1.0, -9.0, 4.0; 1
1.0, -9.0, 4.0; 2
2.0, -9.0, 4.0; 2
-6.0, -8.0, 4.0; 1
-5.0, -8.0, 4.0; 7
-4.0, -8.0, 4.0; 15
-3.0, -8.0, 4.0; 19
-2.0, -8.0, 4.0; 14
-1.0, -8.0, 4.0; 10
0.0, -8.0, 4.0; 9
1.0, -8.0, 4.0; 1
2.0, -8.0, 4.0; 2
3.0, -8.0, 4.0; 2
4.0, -8.0, 4.0; 2
-6.0, -7.0, 4.0; 14
-5.0, -7.0, 4.0; 14
-4.0, -7.0, 4.0; 26
-3.0, -7.0, 4.0; 32
-2.0, -7.0, 4.0; 25
-1.0, -7.0, 4.0; 28
0.0, -7.0, 4.0; 13
1.0, -7.0, 4.0; 4
2.0, -7.0, 4.0; 2
3.0, -7.0, 4.0; 2
4.0, -7.0, 4.0; 1
-7.0, -6.0, 4.0; 10
-6.0, -6.0, 4.0; 9
-5.0, -6.0, 4.0; 27
-4.0, -6.0, 4.0; 39
-3.0, -6.0, 4.0; 33
-2.0, -6.0, 4.0; 31
-1.0, -6.0, 4.0; 30
0.0, -6.0, 4.0; 17
1.0, -6.0, 4.0; 2
2.0, -6.0, 4.0; 1
4.0, -6.0, 4.0; 1
-8.0, -5.0, 4.0; 2
-7.0, -5.0, 4.0; 3
-6.0, -5.0, 4.0; 14
-5.0, -5.0, 4.0; 38
-4.0, -5.0, 4.0; 19
-3.0, -5.0, 4.0; 16
-2.0, -5.0, 4.0; 23
-1.0, -5.0, 4.0; 23
0.0, -5.0, 4.0; 17
1.0, -5.0, 4.0; 3
3.0, -5.0, 4.0; 1
4.0, -5.0, 4.0; 1
-9.0, -4.0, 4.0; 1
-8.0, -4.0, 4.0; 6
-7.0, -4.0, 4.0; 5
-6.0, -4.0, 4.0; 16
-5.0, -4.0, 4.0; 27
-4.0, -4.0, 4.0; 25
-3.0, -4.0, 4.0; 32
-2.0, -4.0, 4.0; 22
-1.0, -4.0, 4.0; 22
0.0, -4.0, 4.0; 1
1.0, -4.0, 4.0; 5
2.0, -4.0, 4.0; 1
3.0, -4.0, 4.0; 1
4.0, -4.0, 4.0; 2
6.0, -4.0, 4.0; 2
-9.0, -3.0, 4.0; 1
-8.0, -3.0, 4.0; 4
-7.0, -3.0, 4.0; 7
-6.0, -3.0, 4.0; 7
-5.0, -3.0, 4.0; 16
-4.0, -3.0, 4.0; 16
-3.0, -3.0, 4.0; 19
-2.0, -3.0, 4.0; 14
-1.0, -3.0, 4.0; 9
0.0, -3.0, 4.0; 4
1.0, -3.0, 4.0; 4
3.0, -3.0, 4.0; 1
4.0, -3.0, 4.0; 3
6.0, -3.0, 4.0; 1
7.0, -3.0, 4.0; 1
-9.0, -2.0, 4.0; 2
-8.0, -2.0, 4.0; 6
-7.0, -2.0, 4.0; 4
-6.0, -2.0, 4.0; 7
-5.0, -2.0, 4.0; 7
-4.0, -2.0, 4.0; 14
-3.0, -2.0, 4.0; 7
-2.0, -2.0, 4.0; 12
-1.0, -2.0, 4.0; 11
0.0, -2.0, 4.0; 9
1.0, -2.0, 4.0; 3
6.0, -2.0, 4.0; 1
-10.0, -1.0, 4.0; 1
-9.0, -1.0, 4.0; 2
-8.0, -1.0, 4.0; 3
-7.0, -1.0, 4.0; 2
-6.0, -1.0, 4.0; 2
-5.0, -1.0, 4.0; 2
-4.0, -1.0, 4.0; 9
-3.0, -1.0, 4.0; 7
-2.0, -1.0, 4.0; 13
-1.0, -1.0, 4.0; 12
0.0, -1.0, 4.0; 9
1.0, -1.0, 4.0; 3
2.0, -1.0, 4.0; 1
-9.0, 0.0, 4.0; 2
-8.0, 0.0, 4.0; 6
-7.0, 0.0, 4.0; 5
-6.0, 0.0, 4.0; 2
-4.0, 0.0, 4.0; 7
-3.0, 0.0, 4.0; 2
-2.0, 0.0, 4.0; 5
-1.0, 0.0, 4.0; 3
0.0, 0.0, 4.0; 2
1.0, 0.0, 4.0; 1
2.0, 0.0, 4.0; 3
3.0, 0.0, 4.0; 1
-9.0, 1.0, 4.0; 2
-8.0, 1.0, 4.0; 2
-7.0, 1.0, 4.0; 5
-6.0, 1.0, 4.0; 8
-5.0, 1.0, 4.0; 3
-4.0, 1.0, 4.0; 5
-3.0, 1.0, 4.0; 7
-2.0, 1.0, 4.0; 5
1.0, 1.0, 4.0; 4
2.0, 1.0, 4.0; 3
3.0, 1.0, 4.0; 2
4.0, 1.0, 4.0; 4
5.0, 1.0, 4.0; 1
-9.0, 2.0, 4.0; 1
-8.0, 2.0, 4.0; 6
-7.0, 2.0, 4.0; 2
-6.0, 2.0, 4.0; 8
-5.0, 2.0, 4.0; 8
-4.0, 2.0, 4.0; 2
-3.0, 2.0, 4.0; 2
-2.0, 2.0, 4.0; 6
-1.0, 2.0, 4.0; 6
0.0, 2.0, 4.0; 18
1.0, 2.0, 4.0; 10
2.0, 2.0, 4.0; 2
6.0, 2.0, 4.0; 1
7.0, 2.0, 4.0; 1
-8.0, 3.0, 4.0; 2
-7.0, 3.0, 4.0; 10
-6.0, 3.0, 4.0; 25
-5.0, 3.0, 4.0; 14
-3.0, 3.0, 4.0; 5
-2.0, 3.0, 4.0; 5
-1.0, 3.0, 4.0; 13
0.0, 3.0, 4.0; 24
1.0, 3.0, 4.0; 6
2.0, 3.0, 4.0; 1
3.0, 3.0, 4.0; 3
4.0, 3.0, 4.0; 3
5.0, 3.0, 4.0; 1
6.0, 3.0, 4.0; 2
7.0, 3.0, 4.0; 1
-8.0, 4.0, 4.0; 4
-7.0, 4.0, 4.0; 6
-6.0, 4.0, 4.0; 16
-5.0, 4.0, 4.0; 19
-4.0, 4.0, 4.0; 6
-3.0, 4.0, 4.0; 6
-2.0, 4.0, 4.0; 2
-1.0, 4.0, 4.0; 5
0.0, 4.0, 4.0; 4
1.0, 4.0, 4.0; 5
2.0, 4.0, 4.0; 3
3.0, 4.0, 4.0; 3
4.0, 4.0, 4.0; 1
5.0, 4.0, 4.0; 2
-8.0, 5.0, 4.0; 1
-7.0, 5.0, 4.0; 7
-6.0, 5.0, 4.0; 14
-5.0, 5.0, 4.0; 10
-4.0, 5.0, 4.0; 10
-3.0, 5.0, 4.0; 6
-2.0, 5.0, 4.0; 6
-1.0, 5.0, 4.0; 7
0.0, 5.0, 4.0; 6
1.0, 5.0, 4.0; 16
2.0, 5.0, 4.0; 10
3.0, 5.0, 4.0; 2
4.0, 5.0, 4.0; 1
5.0, 5.0, 4.0; 3
7.0, 5.0, 4.0; 1
-6.0, 6.0, 4.0; 4
-5.0, 6.0, 4.0; 9
-4.0, 6.0, 4.0; 7
-3.0, 6.0, 4.0; 10
-2.0, 6.0, 4.0; 16
-1.0, 6.0, 4.0; 6
0.0, 6.0, 4.0; 10
1.0, 6.0, 4.0; 7
2.0, 6.0, 4.0; 6
3.0, 6.0, 4.0; 1
4.0, 6.0, 4.0; 1
-5.0, 7.0, 4.0; 5
-4.0, 7.0, 4.0; 14
-3.0, 7.0, 4.0; 17
-2.0, 7.0, 4.0; 12
-1.0, 7.0, 4.0; 15
0.0, 7.0, 4.0; 7
1.0, 7.0, 4.0; 6
2.0, 7.0, 4.0; 2
3.0, 7.0, 4.0; 3
4.0, 7.0, 4.0; 3
-4.0, 8.0, 4.0; 4
-3.0, 8.0, 4.0; 7
-2.0, 8.0, 4.0; 13
-1.0, 8.0, 4.0; 7
0.0, 8.0, 4.0; 5
1.0, 8.0, 4.0; 2
0.0, -9.0, 5.0; 1
2.0, -9.0, 5.0; 2
-5.0, -8.0, 5.0; 1
-4.0, -8.0, 5.0; 3
-3.0, -8.0, 5.0; 3
-2.0, -8.0, 5.0; 8
-1.0, -8.0, 5.0; 5
0.0, -8.0, 5.0; 2
1.0, -8.0, 5.0; 1
2.0, -8.0, 5.0; 2
3.0, -8.0, 5.0; 1
-6.0, -7.0, 5.0; 1
-5.0, -7.0, 5.0; 8
-4.0, -7.0, 5.0; 11
-3.0, -7.0, 5.0; 7
-2.0, -7.0, 5.0; 7
-1.0, -7.0, 5.0; 5
0.0, -7.0, 5.0; 2
1.0, -7.0, 5.0; 4
2.0, -7.0, 5.0; 4
3.0, -7.0, 5.0; 3
4.0, -7.0, 5.0; 1
-7.0, -6.0, 5.0; 2
-5.0, -6.0, 5.0; 6
-4.0, -6.0, 5.0; 8
-3.0, -6.0, 5.0; 16
-2.0, -6.0, 5.0; 13
-1.0, -6.0, 5.0; 4
0.0, -6.0, 5.0; 5
1.0, -6.0, 5.0; 1
2.0, -6.0, 5.0; 2
5.0, -6.0, 5.0; 1
-7.0, -5.0, 5.0; 9
-6.0, -5.0, 5.0; 2
-5.0, -5.0, 5.0; 5
-4.0, -5.0, 5.0; 14
-3.0, -5.0, 5.0; 15
-2.0, -5.0, 5.0; 12
-1.0, -5.0, 5.0; 7
0.0, -5.0, 5.0; 2
1.0, -5.0, 5.0; 3
2.0, -5.0, 5.0; 1
3.0, -5.0, 5.0; 2
4.0, -5.0, 5.0; 2
-8.0, -4.0, 5.0; 1
-7.0, -4.0, 5.0; 2
-6.0, -4.0, 5.0; 2
-5.0, -4.0, 5.0; 4
-4.0, -4.0, 5.0; 8
-3.0, -4.0, 5.0; 7
-2.0, -4.0, 5.0; 8
-1.0, -4.0, 5.0; 6
0.0, -4.0, 5.0; 1
1.0, -4.0, 5.0; 4
3.0, -4.0, 5.0; 2
4.0, -4.0, 5.0; 1
-8.0, -3.0, 5.0; 2
-7.0, -3.0, 5.0; 3
-6.0, -3.0, 5.0; 2
-5.0, -3.0, 5.0; 4
-4.0, -3.0, 5.0; 8
-3.0, -3.0, 5.0; 6
-2.0, -3.0, 5.0; 6
-1.0, -3.0, 5.0; 2
0.0, -3.0, 5.0; 2
1.0, -3.0, 5.0; 2
3.0, -3.0, 5.0; 1
4.0, -3.0, 5.0; 1
5.0, -3.0, 5.0; 1
-8.0, -2.0, 5.0; 8
-7.0, -2.0, 5.0; 3
-6.0, -2.0, 5.0; 1
-5.0, -2.0, 5.0; 3
-3.0, -2.0, 5.0; 3
-2.0, -2.0, 5.0; 2
-1.0, -2.0, 5.0; 3
0.0, -2.0, 5.0; 1
1.0, -2.0, 5.0; 1
4.0, -2.0, 5.0; 1
-8.0, -1.0, 5.0; 4
-7.0, -1.0, 5.0; 8
-5.0, -1.0, 5.0; 4
-4.0, -1.0, 5.0; 1
-3.0, -1.0, 5.0; 1
-2.0, -1.0, 5.0; 2
1.0, -1.0, 5.0; 1
-9.0, 0.0, 5.0; 1
-8.0, 0.0, 5.0; 5
-7.0, 0.0, 5.0; 4
-6.0, 0.0, 5.0; 3
-5.0, 0.0, 5.0; 1
-4.0, 0.0, 5.0; 1
1.0, 0.0, 5.0; 1
3.0, 0.0, 5.0; 2
-9.0, 1.0, 5.0; 2
-8.0, 1.0, 5.0; 3
-7.0, 1.0, 5.0; 7
-6.0, 1.0, 5.0; 1
-5.0, 1.0, 5.0; 4
-4.0, 1.0, 5.0; 2
-3.0, 1.0, 5.0; 2
-2.0, 1.0, 5.0; 1
-1.0, 1.0, 5.0; 2
1.0, 1.0, 5.0; 3
3.0, 1.0, 5.0; 2
-9.0, 2.0, 5.0; 1
-8.0, 2.0, 5.0; 1
-7.0, 2.0, 5.0; 8
-6.0, 2.0, 5.0; 3
-5.0, 2.0, 5.0; 2
-4.0, 2.0, 5.0; 4
-3.0, 2.0, 5.0; 7
-2.0, 2.0, 5.0; 4
-1.0, 2.0, 5.0; 14
0.0, 2.0, 5.0; 21
1.0, 2.0, 5.0; 3
5.0, 2.0, 5.0; 1
6.0, 2.0, 5.0; 1
7.0, 2.0, 5.0; 2
-8.0, 3.0, 5.0; 3
-7.0, 3.0, 5.0; 7
-6.0, 3.0, 5.0; 6
-5.0, 3.0, 5.0; 4
-4.0, 3.0, 5.0; 3
-3.0, 3.0, 5.0; 4
-2.0, 3.0, 5.0; 13
-1.0, 3.0, 5.0; 17
0.0, 3.0, 5.0; 11
2.0, 3.0, 5.0; 3
3.0, 3.0, 5.0; 1
4.0, 3.0, 5.0; 3
7.0, 3.0, 5.0; 1
-7.0, 4.0, 5.0; 4
-6.0, 4.0, 5.0; 7
-5.0, 4.0, 5.0; 7
-4.0, 4.0, 5.0; 5
-3.0, 4.0, 5.0; 3
-2.0, 4.0, 5.0; 3
-1.0, 4.0, 5.0; 3
0.0, 4.0, 5.0; 5
1.0, 4.0, 5.0; 2
2.0, 4.0, 5.0; 3
3.0, 4.0, 5.0; 2
5.0, 4.0, 5.0; 3
-7.0, 5.0, 5.0; 1
-6.0, 5.0, 5.0; 6
-5.0, 5.0, 5.0; 8
-4.0, 5.0, 5.0; 7
-3.0, 5.0, 5.0; 3
-2.0, 5.0, 5.0; 2
-1.0, 5.0, 5.0; 4
0.0, 5.0, 5.0; 6
2.0, 5.0, 5.0; 2
3.0, 5.0, 5.0; 1
4.0, 5.0, 5.0; 1
6.0, 5.0, 5.0; 1
-6.0, 6.0, 5.0; 1
-5.0, 6.0, 5.0; 4
-4.0, 6.0, 5.0; 5
-3.0, 6.0, 5.0; 6
-2.0, 6.0, 5.0; 10
-1.0, 6.0, 5.0; 4
0.0, 6.0, 5.0; 2
1.0, 6.0, 5.0; 2
2.0, 6.0, 5.0; 1
5.0, 6.0, 5.0; 1
-4.0, 7.0, 5.0; 7
-3.0, 7.0, 5.0; 10
-2.0, 7.0, 5.0; 3
-1.0, 7.0, 5.0; 3
0.0, 7.0, 5.0; 5
1.0, 7.0, 5.0; 3
2.0, 7.0, 5.0; 5
-1.0, 8.0, 5.0; 2
-4.0, -8.0, 6.0; 2
-3.0, -8.0, 6.0; 2
-2.0, -8.0, 6.0; 1
-1.0, -8.0, 6.0; 5
0.0, -8.0, 6.0; 1
1.0, -8.0, 6.0; 4
2.0, -8.0, 6.0; 2
-4.0, -7.0, 6.0; 2
-3.0, -7.0, 6.0; 6
-2.0, -7.0, 6.0; 5
-1.0, -7.0, 6.0; 2
0.0, -7.0, 6.0; 1
1.0, -7.0, 6.0; 1
2.0, -7.0, 6.0; 5
-6.0, -6.0, 6.0; 1
-5.0, -6.0, 6.0; 5
-4.0, -6.0, 6.0; 3
-3.0, -6.0, 6.0; 1
-2.0, -6.0, 6.0; 3
-1.0, -6.0, 6.0; 3
0.0, -6.0, 6.0; 1
1.0, -6.0, 6.0; 2
2.0, -6.0, 6.0; 2
3.0, -6.0, 6.0; 2
5.0, -6.0, 6.0; 1
-6.0, -5.0, 6.0; 2
-5.0, -5.0, 6.0; 6
-4.0, -5.0, 6.0; 3
-3.0, -5.0, 6.0; 2
-2.0, -5.0, 6.0; 1
-1.0, -5.0, 6.0; 2
0.0, -5.0, 6.0; 4
1.0, -5.0, 6.0; 1
3.0, -5.0, 6.0; 3
4.0, -5.0, 6.0; 1
-7.0, -4.0, 6.0; 3
-6.0, -4.0, 6.0; 4
-5.0, -4.0, 6.0; 3
-4.0, -4.0, 6.0; 4
-2.0, -4.0, 6.0; 2
-1.0, -4.0, 6.0; 1
1.0, -4.0, 6.0; 2
6.0, -4.0, 6.0; 1
-8.0, -3.0, 6.0; 1
-7.0, -3.0, 6.0; 1
-6.0, -3.0, 6.0; 2
-5.0, -3.0, 6.0; 1
-4.0, -3.0, 6.0; 1
-3.0, -3.0, 6.0; 2
-1.0, -3.0, 6.0; 5
1.0, -3.0, 6.0; 2
-7.0, -2.0, 6.0; 2
-6.0, -2.0, 6.0; 2
-5.0, -2.0, 6.0; 3
-4.0, -2.0, 6.0; 6
-3.0, -2.0, 6.0; 2
-2.0, -2.0, 6.0; 1
-1.0, -2.0, 6.0; 1
-7.0, -1.0, 6.0; 1
-6.0, -1.0, 6.0; 2
-5.0, -1.0, 6.0; 3
-4.0, -1.0, 6.0; 1
-3.0, -1.0, 6.0; 2
-2.0, -1.0, 6.0; 2
-1.0, -1.0, 6.0; 1
0.0, -1.0, 6.0; 1
3.0, -1.0, 6.0; 1
-8.0, 0.0, 6.0; 3
-7.0, 0.0, 6.0; 1
-6.0, 0.0, 6.0; 2
-5.0, 0.0, 6.0; 1
-4.0, 0.0, 6.0; 1
-3.0, 0.0, 6.0; 1
0.0, 0.0, 6.0; 2
1.0, 0.0, 6.0; 1
2.0, 0.0, 6.0; 1
3.0, 0.0, 6.0; 1
-8.0, 1.0, 6.0; 1
-7.0, 1.0, 6.0; 1
-6.0, 1.0, 6.0; 3
-5.0, 1.0, 6.0; 1
-4.0, 1.0, 6.0; 1
-3.0, 1.0, 6.0; 1
-2.0, 1.0, 6.0; 1
1.0, 1.0, 6.0; 1
2.0, 1.0, 6.0; 2
-7.0, 2.0, 6.0; 2
-6.0, 2.0, 6.0; 5
-5.0, 2.0, 6.0; 5
-4.0, 2.0, 6.0; 2
-3.0, 2.0, 6.0; 2
-2.0, 2.0, 6.0; 3
-1.0, 2.0, 6.0; 1
1.0, 2.0, 6.0; 1
3.0, 2.0, 6.0; 2
4.0, 2.0, 6.0; 1
-7.0, 3.0, 6.0; 1
-6.0, 3.0, 6.0; 6
-5.0, 3.0, 6.0; 2
-4.0, 3.0, 6.0; 3
-3.0, 3.0, 6.0; 2
-2.0, 3.0, 6.0; 5
-1.0, 3.0, 6.0; 7
0.0, 3.0, 6.0; 4
1.0, 3.0, 6.0; 2
3.0, 3.0, 6.0; 1
4.0, 3.0, 6.0; 1
-7.0, 4.0, 6.0; 2
-6.0, 4.0, 6.0; 2
-5.0, 4.0, 6.0; 5
-4.0, 4.0, 6.0; 3
-3.0, 4.0, 6.0; 5
-2.0, 4.0, 6.0; 4
-1.0, 4.0, 6.0; 1
1.0, 4.0, 6.0; 2
2.0, 4.0, 6.0; 2
4.0, 4.0, 6.0; 1
-5.0, 5.0, 6.0; 2
-4.0, 5.0, 6.0; 5
-3.0, 5.0, 6.0; 2
-2.0, 5.0, 6.0; 3
-1.0, 5.0, 6.0; 3
0.0, 5.0, 6.0; 2
2.0, 5.0, 6.0; 1
5.0, 5.0, 6.0; 1
-4.0, 6.0, 6.0; 1
-3.0, 6.0, 6.0; 3
-2.0, 6.0, 6.0; 3
-1.0, 6.0, 6.0; 1
0.0, 6.0, 6.0; 3
2.0, 6.0, 6.0; 2
-3.0, 7.0, 6.0; 1
-1.0, 7.0, 6.0; 2
0.0, 7.0, 6.0; 1
1.0, 7.0, 6.0; 4
-4.0, -7.0, 7.0; 1
-2.0, -7.0, 7.0; 1
-1.0, -7.0, 7.0; 1
0.0, -7.0, 7.0; 3
1.0, -7.0, 7.0; 2
2.0, -7.0, 7.0; 2
-4.0, -6.0, 7.0; 3
-3.0, -6.0, 7.0; 3
-2.0, -6.0, 7.0; 5
-1.0, -6.0, 7.0; 2
1.0, -6.0, 7.0; 1
2.0, -6.0, 7.0; 1
-5.0, -5.0, 7.0; 1
-4.0, -5.0, 7.0; 10
-3.0, -5.0, 7.0; 3
-2.0, -5.0, 7.0; 4
-1.0, -5.0, 7.0; 1
0.0, -5.0, 7.0; 5
1.0, -5.0, 7.0; 2
-7.0, -4.0, 7.0; 1
-6.0, -4.0, 7.0; 1
-5.0, -4.0, 7.0; 4
-4.0, -4.0, 7.0; 2
-3.0, -4.0, 7.0; 3
-2.0, -4.0, 7.0; 1
-1.0, -4.0, 7.0; 2
3.0, -4.0, 7.0; 1
4.0, -4.0, 7.0; 1
-7.0, -3.0, 7.0; 2
-5.0, -3.0, 7.0; 4
-4.0, -3.0, 7.0; 4
-3.0, -3.0, 7.0; 3
-2.0, -3.0, 7.0; 2
-1.0, -3.0, 7.0; 1
0.0, -3.0, 7.0; 1
6.0, -3.0, 7.0; 1
-7.0, -2.0, 7.0; 3
-6.0, -2.0, 7.0; 3
-5.0, -2.0, 7.0; 3
-4.0, -2.0, 7.0; 2
-3.0, -2.0, 7.0; 5
-2.0, -2.0, 7.0; 3
1.0, -2.0, 7.0; 1
3.0, -2.0, 7.0; 1
-6.0, -1.0, 7.0; 1
-5.0, -1.0, 7.0; 3
-4.0, -1.0, 7.0; 2
-2.0, -1.0, 7.0; 2
-1.0, -1.0, 7.0; 1
0.0, -1.0, 7.0; 1
-7.0, 0.0, 7.0; 1
-6.0, 0.0, 7.0; 4
-5.0, 0.0, 7.0; 3
-4.0, 0.0, 7.0; 1
-1.0, 0.0, 7.0; 2
1.0, 0.0, 7.0; 1
2.0, 0.0, 7.0; 1
-6.0, 1.0, 7.0; 2
-4.0, 1.0, 7.0; 1
-3.0, 1.0, 7.0; 2
-2.0, 1.0, 7.0; 1
-1.0, 1.0, 7.0; 1
0.0, 1.0, 7.0; 2
1.0, 1.0, 7.0; 1
-5.0, 2.0, 7.0; 3
-4.0, 2.0, 7.0; 2
-3.0, 2.0, 7.0; 3
-2.0, 2.0, 7.0; 1
1.0, 2.0, 7.0; 2
2.0, 2.0, 7.0; 2
-6.0, 3.0, 7.0; 2
-4.0, 3.0, 7.0; 2
-3.0, 3.0, 7.0; 3
-2.0, 3.0, 7.0; 2
0.0, 3.0, 7.0; 1
2.0, 3.0, 7.0; 3
-5.0, 4.0, 7.0; 1
-4.0, 4.0, 7.0; 3
-3.0, 4.0, 7.0; 2
-2.0, 4.0, 7.0; 3
2.0, 4.0, 7.0; 1
-1.0, 5.0, 7.0; 1
1.0, 5.0, 7.0; 2
2.0, 5.0, 7.0; 1
-3.0, 6.0, 7.0; 2
0.0, 6.0, 7.0; 2
1.0, 6.0, 7.0; 2
2.0, 6.0, 7.0; 1
0.0, -6.0, 8.0; 1
-2.0, -5.0, 8.0; 2
-1.0, -5.0, 8.0; 1
0.0, -5.0, 8.0; 1
-4.0, -4.0, 8.0; 1
-3.0, -4.0, 8.0; 1
-1.0, -4.0, 8.0; 1
2.0, -4.0, 8.0; 1
-4.0, -3.0, 8.0; 3
-3.0, -3.0, 8.0; 1
-2.0, -3.0, 8.0; 3
-5.0, -2.0, 8.0; 4
-4.0, -2.0, 8.0; 1
-3.0, -2.0, 8.0; 2
0.0, -2.0, 8.0; 2
1.0, -2.0, 8.0; 2
-5.0, -1.0, 8.0; 1
-2.0, -1.0, 8.0; 3
2.0, -1.0, 8.0; 1
3.0, -1.0, 8.0; 2
-3.0, 0.0, 8.0; 1
-2.0, 0.0, 8.0; 3
-1.0, 0.0, 8.0; 1
0.0, 0.0, 8.0; 1
-4.0, 1.0, 8.0; 2
-2.0, 1.0, 8.0; 1
-4.0, 2.0, 8.0; 2
-1.0, 2.0, 8.0; 1
0.0, 2.0, 8.0; 1
2.0, 2.0, 8.0; 1
4.0, 2.0, 8.0; 1
-4.0, 3.0, 8.0; 1
-1.0, 3.0, 8.0; 1
3.0, 3.0, 8.0; 1
-2.0, 4.0, 8.0; 2
1.0, 4.0, 8.0; 1
0.0, -4.0, 9.0; 1
0.0, -3.0, 9.0; 1
-2.0, -1.0, 9.0; 1
-3.0, 0.0, 9.0; 1
1.0, 0.0, 9.0; 2
-2.0, 1.0, 9.0; 2
-3.0, 2.0, 9.0; 1
-1.0, 2.0, 9.0; 1
-1.0, -4.0, -10.0; 2
0.0, -4.0, -10.0; 1
2.0, -4.0, -10.0; 1
-4.0, -3.0, -10.0; 1
-2.0, -3.0, -10.0; 1
-1.0, -3.0, -10.0; 5
0.0, -3.0, -10.0; 2
2.0, -3.0, -10.0; 1
-5.0, -2.0, -10.0; 1
-3.0, -2.0, -10.0; 3
-2.0, -2.0, -10.0; 4
-1.0, -2.0, -10.0; 1
1.0, -2.0, -10.0; 2
2.0, -2.0, -10.0; 1
3.0, -2.0, -10.0; 1
-3.0, -1.0, -10.0; 2
-2.0, -1.0, -10.0; 6
-1.0, -1.0, -10.0; 1
0.0, -1.0, -10.0; 2
1.0, -1.0, -10.0; 2
2.0, -1.0, -10.0; 1
3.0, -1.0, -10.0; 1
-5.0, 0.0, -10.0; 1
-4.0, 0.0, -10.0; 1
-3.0, 0.0, -10.0; 1
-2.0, 0.0, -10.0; 3
-1.0, 0.0, -10.0; 3
0.0, 0.0, -10.0; 4
1.0, 0.0, -10.0; 5
2.0, 0.0, -10.0; 2
3.0, 0.0, -10.0; 2
-4.0, 1.0, -10.0; 1
-3.0, 1.0, -10.0; 3
-2.0, 1.0, -10.0; 3
1.0, 1.0, -10.0; 2
3.0, 1.0, -10.0; 1
-4.0, 2.0, -10.0; 1
0.0, 2.0, -10.0; 2
1.0, 2.0, -10.0; 2
2.0, 2.0, -10.0; 1
-3.0, 3.0, -10.0; 1
-2.0, 3.0, -10.0; 2
0.0, 3.0, -10.0; 4
-2.0, -6.0, -9.0; 2
-1.0, -6.0, -9.0; 1
0.0, -6.0, -9.0; 2
1.0, -6.0, -9.0; 2
-3.0, -5.0, -9.0; 3
-2.0, -5.0, -9.0; 3
-1.0, -5.0, -9.0; 6
0.0, -5.0, -9.0; 6
1.0, -5.0, -9.0; 6
2.0, -5.0, -9.0; 4
3.0, -5.0, -9.0; 1
-4.0, -4.0, -9.0; 2
-3.0, -4.0, -9.0; 2
-2.0, -4.0, -9.0; 5
-1.0, -4.0, -9.0; 6
0.0, -4.0, -9.0; 8
1.0, -4.0, -9.0; 13
2.0, -4.0, -9.0; 7
3.0, -4.0, -9.0; 3
-4.0, -3.0, -9.0; 2
-3.0, -3.0, -9.0; 1
-2.0, -3.0, -9.0; 3
-1.0, -3.0, -9.0; 8
0.0, -3.0, -9.0; 10
1.0, -3.0, -9.0; 12
2.0, -3.0, -9.0; 13
4.0, -3.0, -9.0; 1
-6.0, -2.0, -9.0; 2
-5.0, -2.0, -9.0; 2
-4.0, -2.0, -9.0; 3
-3.0, -2.0, -9.0; 3
-2.0, -2.0, -9.0; 3
-1.0, -2.0, -9.0; 9
0.0, -2.0, -9.0; 10
1.0, -2.0, -9.0; 19
2.0, -2.0, -9.0; 4
3.0, -2.0, -9.0; 3
4.0, -2.0, -9.0; 2
-6.0, -1.0, -9.0; 2
-5.0, -1.0, -9.0; 1
-4.0, -1.0, -9.0; 6
-3.0, -1.0, -9.0; 3
-2.0, -1.0, -9.0; 4
-1.0, -1.0, -9.0; 6
0.0, -1.0, -9.0; 4
1.0, -1.0, -9.0; 5
2.0, -1.0, -9.0; 2
3.0, -1.0, -9.0; 3
4.0, -1.0, -9.0; 3
-6.0, 0.0, -9.0; 3
-5.0, 0.0, -9.0; 8
-4.0, 0.0, -9.0; 3
-3.0, 0.0, -9.0; 8
-2.0, 0.0, -9.0; 21
-1.0, 0.0, -9.0; 12
0.0, 0.0, -9.0; 11
1.0, 0.0, -9.0; 5
2.0, 0.0, -9.0; 4
3.0, 0.0, -9.0; 3
4.0, 0.0, -9.0; 3
5.0, 0.0, -9.0; 3
-6.0, 1.0, -9.0; 2
-5.0, 1.0, -9.0; 6
-4.0, 1.0, -9.0; 16
-3.0, 1.0, -9.0; 16
-2.0, 1.0, -9.0; 10
-1.0, 1.0, -9.0; 7
0.0, 1.0, -9.0; 6
1.0, 1.0, -9.0; 2
2.0, 1.0, -9.0; 5
3.0, 1.0, -9.0; 4
4.0, 1.0, -9.0; 5
5.0, 1.0, -9.0; 2
-5.0, 2.0, -9.0; 6
-4.0, 2.0, -9.0; 3
-3.0, 2.0, -9.0; 13
-2.0, 2.0, -9.0; 5
-1.0, 2.0, -9.0; 10
0.0, 2.0, -9.0; 2
1.0, 2.0, -9.0; 4
2.0, 2.0, -9.0; 4
3.0, 2.0, -9.0; 5
4.0, 2.0, -9.0; 8
5.0, 2.0, -9.0; 1
-5.0, 3.0, -9.0; 2
-4.0, 3.0, -9.0; 1
-3.0, 3.0, -9.0; 4
-2.0, 3.0, -9.0; 5
-1.0, 3.0, -9.0; 12
0.0, 3.0, -9.0; 9
1.0, 3.0, -9.0; 8
2.0, 3.0, -9.0; 3
3.0, 3.0, -9.0; 3
4.0, 3.0, -9.0; 1
-4.0, 4.0, -9.0; 2
-3.0, 4.0, -9.0; 2
-2.0, 4.0, -9.0; 2
-1.0, 4.0, -9.0; 3
0.0, 4.0, -9.0; 2
1.0, 4.0, -9.0; 4
-2.0, 5.0, -9.0; 1
-1.0, 5.0, -9.0; 1
0.0, 5.0, -9.0; 1
-2.0, -7.0, -8.0; 4
-1.0, -7.0, -8.0; 6
0.0, -7.0, -8.0; 3
1.0, -7.0, -8.0; 12
2.0, -7.0, -8.0; 1
-5.0, -6.0, -8.0; 1
-3.0, -6.0, -8.0; 5
-2.0, -6.0, -8.0; 3
-1.0, -6.0, -8.0; 9
0.0, -6.0, -8.0; 9
1.0, -6.0, -8.0; 21
2.0, -6.0, -8.0; 5
3.0, -6.0, -8.0; 2
-5.0, -5.0, -8.0; 3
-4.0, -5.0, -8.0; 5
-3.0, -5.0, -8.0; 13
-2.0, -5.0, -8.0; 6
-1.0, -5.0, -8.0; 8
0.0, -5.0, -8.0; 11
1.0, -5.0, -8.0; 8
2.0, -5.0, -8.0; 12
3.0, -5.0, -8.0; 3
4.0, -5.0, -8.0; 4
-5.0, -4.0, -8.0; 8
-4.0, -4.0, -8.0; 8
-3.0, -4.0, -8.0; 5
-2.0, -4.0, -8.0; 4
-1.0, -4.0, -8.0; 6
0.0, -4.0, -8.0; 2
1.0, -4.0, -8.0; 9
2.0, -4.0, -8.0; 5
3.0, -4.0, -8.0; 5
4.0, -4.0, -8.0; 1
-6.0, -3.0, -8.0; 4
-5.0, -3.0, -8.0; 7
-4.0, -3.0, -8.0; 9
-3.0, -3.0, -8.0; 10
-2.0, -3.0, -8.0; 9
-1.0, -3.0, -8.0; 11
0.0, -3.0, -8.0; 2
1.0, -3.0, -8.0; 3
2.0, -3.0, -8.0; 7
3.0, -3.0, -8.0; 2
4.0, -3.0, -8.0; 3
5.0, -3.0, -8.0; 2
-6.0, -2.0, -8.0; 1
-5.0, -2.0, -8.0; 7
-4.0, -2.0, -8.0; 14
-3.0, -2.0, -8.0; 13
-2.0, -2.0, -8.0; 10
-1.0, -2.0, -8.0; 3
0.0, -2.0, -8.0; 2
1.0, -2.0, -8.0; 3
2.0, -2.0, -8.0; 6
3.0, -2.0, -8.0; 7
4.0, -2.0, -8.0; 1
5.0, -2.0, -8.0; 1
6.0, -2.0, -8.0; 1
-7.0, -1.0, -8.0; 3
-6.0, -1.0, -8.0; 4
-5.0, -1.0, -8.0; 6
-4.0, -1.0, -8.0; 14
-3.0, -1.0, -8.0; 14
-2.0, -1.0, -8.0; 15
-1.0, -1.0, -8.0; 3
0.0, -1.0, -8.0; 5
1.0, -1.0, -8.0; 16
2.0, -1.0, -8.0; 12
3.0, -1.0, -8.0; 10
4.0, -1.0, -8.0; 2
5.0, -1.0, -8.0; 4
6.0, -1.0, -8.0; 6
-7.0, 0.0, -8.0; 4
-6.0, 0.0, -8.0; 7
-5.0, 0.0, -8.0; 5
-4.0, 0.0, -8.0; 9
-3.0, 0.0, -8.0; 5
-2.0, 0.0, -8.0; 4
-1.0, 0.0, -8.0; 11
0.0, 0.0, -8.0; 14
1.0, 0.0, -8.0; 7
2.0, 0.0, -8.0; 19
3.0, 0.0, -8.0; 6
4.0, 0.0, -8.0; 2
5.0, 0.0, -8.0; 2
6.0, 0.0, -8.0; 12
-7.0, 1.0, -8.0; 4
-6.0, 1.0, -8.0; 8
-5.0, 1.0, -8.0; 10
-4.0, 1.0, -8.0; 12
-3.0, 1.0, -8.0; 13
-2.0, 1.0, -8.0; 14
-1.0, 1.0, -8.0; 11
0.0, 1.0, -8.0; 10
1.0, 1.0, -8.0; 8
2.0, 1.0, -8.0; 8
3.0, 1.0, -8.0; 3
4.0, 1.0, -8.0; 3
5.0, 1.0, -8.0; 10
6.0, 1.0, -8.0; 3
-6.0, 2.0, -8.0; 6
-5.0, 2.0, -8.0; 6
-4.0, 2.0, -8.0; 19
-3.0, 2.0, -8.0; 14
-2.0, 2.0, -8.0; 12
-1.0, 2.0, -8.0; 11
0.0, 2.0, -8.0; 13
1.0, 2.0, -8.0; 7
2.0, 2.0, -8.0; 6
3.0, 2.0, -8.0; 6
4.0, 2.0, -8.0; 16
5.0, 2.0, -8.0; 12
-7.0, 3.0, -8.0; 1
-6.0, 3.0, -8.0; 6
-5.0, 3.0, -8.0; 5
-4.0, 3.0, -8.0; 8
-3.0, 3.0, -8.0; 14
-2.0, 3.0, -8.0; 10
-1.0, 3.0, -8.0; 13
0.0, 3.0, -8.0; 11
1.0, 3.0, -8.0; 18
2.0, 3.0, -8.0; 11
3.0, 3.0, -8.0; 5
4.0, 3.0, -8.0; 5
5.0, 3.0, -8.0; 2
-6.0, 4.0, -8.0; 1
-5.0, 4.0, -8.0; 5
-4.0, 4.0, -8.0; 8
-3.0, 4.0, -8.0; 3
-2.0, 4.0, -8.0; 8
-1.0, 4.0, -8.0; 19
0.0, 4.0, -8.0; 14
1.0, 4.0, -8.0; 11
2.0, 4.0, -8.0; 5
3.0, 4.0, -8.0; 3
4.0, 4.0, -8.0; 2
-5.0, 5.0, -8.0; 2
-4.0, 5.0, -8.0; 5
-3.0, 5.0, -8.0; 4
-2.0, 5.0, -8.0; 5
0.0, 5.0, -8.0; 4
1.0, 5.0, -8.0; 6
2.0, 5.0, -8.0; 1
3.0, 5.0, -8.0; 1
-2.0, 6.0, -8.0; 5
-1.0, 6.0, -8.0; 3
0.0, 6.0, -8.0; 1
1.0, 6.0, -8.0; 1
-3.0, -8.0, -7.0; 1
-1.0, -8.0, -7.0; 5
0.0, -8.0, -7.0; 12
1.0, -8.0, -7.0; 4
2.0, -8.0, -7.0; 3
-5.0, -7.0, -7.0; 4
-4.0, -7.0, -7.0; 5
-3.0, -7.0, -7.0; 14
-2.0, -7.0, -7.0; 10
-1.0, -7.0, -7.0; 16
0.0, -7.0, -7.0; 15
1.0, -7.0, -7.0; 17
2.0, -7.0, -7.0; 6
3.0, -7.0, -7.0; 10
-5.0, -6.0, -7.0; 11
-4.0, -6.0, -7.0; 26
-3.0, -6.0, -7.0; 12
-2.0, -6.0, -7.0; 9
-1.0, -6.0, -7.0; 7
0.0, -6.0, -7.0; 21
1.0, -6.0, -7.0; 39
2.0, -6.0, -7.0; 13
3.0, -6.0, -7.0; 6
4.0, -6.0, -7.0; 4
5.0, -6.0, -7.0; 2
-6.0, -5.0, -7.0; 12
-5.0, -5.0, -7.0; 23
-4.0, -5.0, -7.0; 18
-3.0, -5.0, -7.0; 8
-2.0, -5.0, -7.0; 6
-1.0, -5.0, -7.0; 5
0.0, -5.0, -7.0; 3
1.0, -5.0, -7.0; 8
2.0, -5.0, -7.0; 5
3.0, -5.0, -7.0; 6
4.0, -5.0, -7.0; 3
5.0, -5.0, -7.0; 1
6.0, -5.0, -7.0; 1
-7.0, -4.0, -7.0; 1
-6.0, -4.0, -7.0; 20
-5.0, -4.0, -7.0; 28
-4.0, -4.0, -7.0; 7
-3.0, -4.0, -7.0; 2
-2.0, -4.0, -7.0; 9
-1.0, -4.0, -7.0; 5
0.0, -4.0, -7.0; 4
1.0, -4.0, -7.0; 2
2.0, -4.0, -7.0; 3
3.0, -4.0, -7.0; 3
4.0, -4.0, -7.0; 6
5.0, -4.0, -7.0; 1
-8.0, -3.0, -7.0; 1
-7.0, -3.0, -7.0; 4
-6.0, -3.0, -7.0; 16
-5.0, -3.0, -7.0; 12
-4.0, -3.0, -7.0; 6
-3.0, -3.0, -7.0; 5
-2.0, -3.0, -7.0; 6
-1.0, -3.0, -7.0; 5
0.0, -3.0, -7.0; 5
1.0, -3.0, -7.0; 2
2.0, -3.0, -7.0; 5
3.0, -3.0, -7.0; 4
4.0, -3.0, -7.0; 7
5.0, -3.0, -7.0; 2
6.0, -3.0, -7.0; 2
7.0, -3.0, -7.0; 1
-8.0, -2.0, -7.0; 3
-7.0, -2.0, -7.0; 9
-6.0, -2.0, -7.0; 17
-5.0, -2.0, -7.0; 17
-4.0, -2.0, -7.0; 6
-3.0, -2.0, -7.0; 3
-2.0, -2.0, -7.0; 8
-1.0, -2.0, -7.0; 3
0.0, -2.0, -7.0; 7
1.0, -2.0, -7.0; 5
2.0, -2.0, -7.0; 3
3.0, -2.0, -7.0; 8
4.0, -2.0, -7.0; 5
5.0, -2.0, -7.0; 2
6.0, -2.0, -7.0; 2
7.0, -2.0, -7.0; 5
-8.0, -1.0, -7.0; 2
-7.0, -1.0, -7.0; 4
-6.0, -1.0, -7.0; 11
-5.0, -1.0, -7.0; 25
-4.0, -1.0, -7.0; 12
-3.0, -1.0, -7.0; 12
-2.0, -1.0, -7.0; 2
-1.0, -1.0, -7.0; 3
0.0, -1.0, -7.0; 6
1.0, -1.0, -7.0; 4
2.0, -1.0, -7.0; 6
3.0, -1.0, -7.0; 16
4.0, -1.0, -7.0; 5
6.0, -1.0, -7.0; 4
7.0, -1.0, -7.0; 5
-8.0, 0.0, -7.0; 1
-7.0, 0.0, -7.0; 10
-6.0, 0.0, -7.0; 10
-5.0, 0.0, -7.0; 10
-4.0, 0.0, -7.0; 17
-3.0, 0.0, -7.0; 9
-2.0, 0.0, -7.0; 6
-1.0, 0.0, -7.0; 15
0.0, 0.0, -7.0; 8
1.0, 0.0, -7.0; 9
2.0, 0.0, -7.0; 19
3.0, 0.0, -7.0; 12
4.0, 0.0, -7.0; 2
5.0, 0.0, -7.0; 4
6.0, 0.0, -7.0; 6
7.0, 0.0, -7.0; 4
-8.0, 1.0, -7.0; 5
-7.0, 1.0, -7.0; 17
-6.0, 1.0, -7.0; 8
-5.0, 1.0, -7.0; 8
-4.0, 1.0, -7.0; 4
-3.0, 1.0, -7.0; 2
-2.0, 1.0, -7.0; 3
-1.0, 1.0, -7.0; 10
0.0, 1.0, -7.0; 8
1.0, 1.0, -7.0; 10
2.0, 1.0, -7.0; 11
3.0, 1.0, -7.0; 4
4.0, 1.0, -7.0; 1
5.0, 1.0, -7.0; 3
6.0, 1.0, -7.0; 8
7.0, 1.0, -7.0; 1
-8.0, 2.0, -7.0; 3
-7.0, 2.0, -7.0; 9
-6.0, 2.0, -7.0; 9
-5.0, 2.0, -7.0; 11
-4.0, 2.0, -7.0; 9
-3.0, 2.0, -7.0; 3
-2.0, 2.0, -7.0; 1
-1.0, 2.0, -7.0; 6
0.0, 2.0, -7.0; 6
1.0, 2.0, -7.0; 3
2.0, 2.0, -7.0; 6
3.0, 2.0, -7.0; 5
4.0, 2.0, -7.0; 4
5.0, 2.0, -7.0; 3
6.0, 2.0, -7.0; 5
-7.0, 3.0, -7.0; 5
-6.0, 3.0, -7.0; 10
-5.0, 3.0, -7.0; 11
-4.0, 3.0, -7.0; 6
-3.0, 3.0, -7.0; 2
-2.0, 3.0, -7.0; 1
-1.0, 3.0, -7.0; 1
0.0, 3.0, -7.0; 3
1.0, 3.0, -7.0; 7
2.0, 3.0, -7.0; 4
3.0, 3.0, -7.0; 4
4.0, 3.0, -7.0; 2
5.0, 3.0, -7.0; 5
6.0, 3.0, -7.0; 1
-7.0, 4.0, -7.0; 1
-6.0, 4.0, -7.0; 10
-5.0, 4.0, -7.0; 13
-4.0, 4.0, -7.0; 11
-3.0, 4.0, -7.0; 2
-2.0, 4.0, -7.0; 3
-1.0, 4.0, -7.0; 10
0.0, 4.0, -7.0; 4
1.0, 4.0, -7.0; 9
2.0, 4.0, -7.0; 4
3.0, 4.0, -7.0; 2
4.0, 4.0, -7.0; 7
5.0, 4.0, -7.0; 5
6.0, 4.0, -7.0; 2
-6.0, 5.0, -7.0; 2
-5.0, 5.0, -7.0; 3
-4.0, 5.0, -7.0; 14
-3.0, 5.0, -7.0; 19
-2.0, 5.0, -7.0; 7
-1.0, 5.0, -7.0; 7
0.0, 5.0, -7.0; 9
1.0, 5.0, -7.0; 9
2.0, 5.0, -7.0; 1
3.0, 5.0, -7.0; 2
4.0, 5.0, -7.0; 16
5.0, 5.0, -7.0; 3
-5.0, 6.0, -7.0; 2
-4.0, 6.0, -7.0; 2
-3.0, 6.0, -7.0; 9
-2.0, 6.0, -7.0; 9
-1.0, 6.0, -7.0; 7
0.0, 6.0, -7.0; 7
1.0, 6.0, -7.0; 4
2.0, 6.0, -7.0; 3
3.0, 6.0, -7.0; 1
4.0, 6.0, -7.0; 5
-3.0, 7.0, -7.0; 1
-2.0, 7.0, -7.0; 2
-1.0, 7.0, -7.0; 3
0.0, 7.0, -7.0; 4
1.0, 7.0, -7.0; 4
2.0, 7.0, -7.0; 1
-2.0, -9.0, -6.0; 1
0.0, -9.0, -6.0; 8
1.0, -9.0, -6.0; 3
2.0, -9.0, -6.0; 2
-5.0, -8.0, -6.0; 1
-4.0, -8.0, -6.0; 5
-3.0, -8.0, -6.0; 12
-2.0, -8.0, -6.0; 46
-1.0, -8.0, -6.0; 68
0.0, -8.0, -6.0; 30
1.0, -8.0, -6.0; 14
2.0, -8.0, -6.0; 14
3.0, -8.0, -6.0; 15
4.0, -8.0, -6.0; 2
-6.0, -7.0, -6.0; 2
-5.0, -7.0, -6.0; 21
-4.0, -7.0, -6.0; 35
-3.0, -7.0, -6.0; 28
-2.0, -7.0, -6.0; 44
-1.0, -7.0, -6.0; 71
0.0, -7.0, -6.0; 27
1.0, -7.0, -6.0; 18
2.0, -7.0, -6.0; 12
3.0, -7.0, -6.0; 10
4.0, -7.0, -6.0; 6
5.0, -7.0, -6.0; 1
-7.0, -6.0, -6.0; 7
-6.0, -6.0, -6.0; 16
-5.0, -6.0, -6.0; 20
-4.0, -6.0, -6.0; 25
-3.0, -6.0, -6.0; 25
-2.0, -6.0, -6.0; 26
-1.0, -6.0, -6.0; 34
0.0, -6.0, -6.0; 7
1.0, -6.0, -6.0; 13
2.0, -6.0, -6.0; 17
3.0, -6.0, -6.0; 10
4.0, -6.0, -6.0; 4
5.0, -6.0, -6.0; 4
-7.0, -5.0, -6.0; 13
-6.0, -5.0, -6.0; 25
-5.0, -5.0, -6.0; 10
-4.0, -5.0, -6.0; 11
-3.0, -5.0, -6.0; 16
-2.0, -5.0, -6.0; 16
-1.0, -5.0, -6.0; 11
0.0, -5.0, -6.0; 9
1.0, -5.0, -6.0; 2
2.0, -5.0, -6.0; 1
3.0, -5.0, -6.0; 5
4.0, -5.0, -6.0; 6
5.0, -5.0, -6.0; 3
6.0, -5.0, -6.0; 3
7.0, -5.0, -6.0; 1
-8.0, -4.0, -6.0; 4
-7.0, -4.0, -6.0; 18
-6.0, -4.0, -6.0; 21
-5.0, -4.0, -6.0; 20
-4.0, -4.0, -6.0; 12
-3.0, -4.0, -6.0; 15
-2.0, -4.0, -6.0; 7
-1.0, -4.0, -6.0; 9
0.0, -4.0, -6.0; 13
1.0, -4.0, -6.0; 11
2.0, -4.0, -6.0; 3
3.0, -4.0, -6.0; 2
4.0, -4.0, -6.0; 3
5.0, -4.0, -6.0; 1
6.0, -4.0, -6.0; 2
7.0, -4.0, -6.0; 1
-9.0, -3.0, -6.0; 1
-8.0, -3.0, -6.0; 5
-7.0, -3.0, -6.0; 23
-6.0, -3.0, -6.0; 10
-5.0, -3.0, -6.0; 10
-4.0, -3.0, -6.0; 15
-3.0, -3.0, -6.0; 15
-2.0, -3.0, -6.0; 8
-1.0, -3.0, -6.0; 26
0.0, -3.0, -6.0; 69
1.0, -3.0, -6.0; 37
2.0, -3.0, -6.0; 3
3.0, -3.0, -6.0; 1
4.0, -3.0, -6.0; 6
5.0, -3.0, -6.0; 4
6.0, -3.0, -6.0; 1
7.0, -3.0, -6.0; 3
8.0, -3.0, -6.0; 1
-9.0, -2.0, -6.0; 1
-8.0, -2.0, -6.0; 5
-7.0, -2.0, -6.0; 13
-6.0, -2.0, -6.0; 6
-5.0, -2.0, -6.0; 11
-4.0, -2.0, -6.0; 20
-3.0, -2.0, -6.0; 8
-2.0, -2.0, -6.0; 15
-1.0, -2.0, -6.0; 45
0.0, -2.0, -6.0; 85
1.0, -2.0, -6.0; 37
2.0, -2.0, -6.0; 5
3.0, -2.0, -6.0; 8
4.0, -2.0, -6.0; 8
5.0, -2.0, -6.0; 1
7.0, -2.0, -6.0; 4
-9.0, -1.0, -6.0; 1
-8.0, -1.0, -6.0; 8
-7.0, -1.0, -6.0; 16
-6.0, -1.0, -6.0; 11
-5.0, -1.0, -6.0; 4
-4.0, -1.0, -6.0; 8
-3.0, -1.0, -6.0; 14
-2.0, -1.0, -6.0; 50
-1.0, -1.0, -6.0; 58
0.0, -1.0, -6.0; 42
1.0, -1.0, -6.0; 12
2.0, -1.0, -6.0; 4
3.0, -1.0, -6.0; 11
4.0, -1.0, -6.0; 13
5.0, -1.0, -6.0; 2
6.0, -1.0, -6.0; 2
7.0, -1.0, -6.0; 5
8.0, -1.0, -6.0; 1
-8.0, 0.0, -6.0; 9
-7.0, 0.0, -6.0; 5
-6.0, 0.0, -6.0; 22
-5.0, 0.0, -6.0; 5
-4.0, 0.0, -6.0; 11
-3.0, 0.0, -6.0; 6
-2.0, 0.0, -6.0; 132
-1.0, 0.0, -6.0; 173
0.0, 0.0, -6.0; 38
1.0, 0.0, -6.0; 4
2.0, 0.0, -6.0; 11
3.0, 0.0, -6.0; 26
4.0, 0.0, -6.0; 5
5.0, 0.0, -6.0; 3
6.0, 0.0, -6.0; 3
7.0, 0.0, -6.0; 4
-9.0, 1.0, -6.0; 2
-8.0, 1.0, -6.0; 18
-7.0, 1.0, -6.0; 9
-6.0, 1.0, -6.0; 11
-5.0, 1.0, -6.0; 6
-4.0, 1.0, -6.0; 7
-3.0, 1.0, -6.0; 15
-2.0, 1.0, -6.0; 82
-1.0, 1.0, -6.0; 100
0.0, 1.0, -6.0; 43
1.0, 1.0, -6.0; 16
2.0, 1.0, -6.0; 18
3.0, 1.0, -6.0; 6
4.0, 1.0, -6.0; 3
5.0, 1.0, -6.0; 1
6.0, 1.0, -6.0; 3
7.0, 1.0, -6.0; 1
-9.0, 2.0, -6.0; 2
-8.0, 2.0, -6.0; 16
-7.0, 2.0, -6.0; 8
-6.0, 2.0, -6.0; 9
-5.0, 2.0, -6.0; 14
-4.0, 2.0, -6.0; 25
-3.0, 2.0, -6.0; 11
-2.0, 2.0, -6.0; 21
-1.0, 2.0, -6.0; 20
0.0, 2.0, -6.0; 13
1.0, 2.0, -6.0; 6
2.0, 2.0, -6.0; 10
3.0, 2.0, -6.0; 6
4.0, 2.0, -6.0; 4
5.0, 2.0, -6.0; 3
6.0, 2.0, -6.0; 6
7.0, 2.0, -6.0; 3
8.0, 2.0, -6.0; 1
-8.0, 3.0, -6.0; 4
-7.0, 3.0, -6.0; 10
-6.0, 3.0, -6.0; 9
-5.0, 3.0, -6.0; 8
-4.0, 3.0, -6.0; 19
-3.0, 3.0, -6.0; 14
-2.0, 3.0, -6.0; 7
-1.0, 3.0, -6.0; 8
0.0, 3.0, -6.0; 3
1.0, 3.0, -6.0; 6
2.0, 3.0, -6.0; 8
3.0, 3.0, -6.0; 5
4.0, 3.0, -6.0; 3
6.0, 3.0, -6.0; 8
-8.0, 4.0, -6.0; 1
-7.0, 4.0, -6.0; 7
-6.0, 4.0, -6.0; 8
-5.0, 4.0, -6.0; 8
-4.0, 4.0, -6.0; 11
-3.0, 4.0, -6.0; 4
-2.0, 4.0, -6.0; 7
-1.0, 4.0, -6.0; 10
0.0, 4.0, -6.0; 11
1.0, 4.0, -6.0; 10
2.0, 4.0, -6.0; 5
3.0, 4.0, -6.0; 9
4.0, 4.0, -6.0; 3
5.0, 4.0, -6.0; 6
6.0, 4.0, -6.0; 3
-6.0, 5.0, -6.0; 7
-5.0, 5.0, -6.0; 18
-4.0, 5.0, -6.0; 57
-3.0, 5.0, -6.0; 39
-2.0, 5.0, -6.0; 4
-1.0, 5.0, -6.0; 8
0.0, 5.0, -6.0; 9
1.0, 5.0, -6.0; 15
2.0, 5.0, -6.0; 11
3.0, 5.0, -6.0; 3
4.0, 5.0, -6.0; 2
5.0, 5.0, -6.0; 5
6.0, 5.0, -6.0; 1
-5.0, 6.0, -6.0; 12
-4.0, 6.0, -6.0; 13
-3.0, 6.0, -6.0; 32
-2.0, 6.0, -6.0; 12
-1.0, 6.0, -6.0; 6
0.0, 6.0, -6.0; 14
1.0, 6.0, -6.0; 12
2.0, 6.0, -6.0; 9
3.0, 6.0, -6.0; 2
4.0, 6.0, -6.0; 3
5.0, 6.0, -6.0; 1
-4.0, 7.0, -6.0; 4
-3.0, 7.0, -6.0; 5
-2.0, 7.0, -6.0; 5
-1.0, 7.0, -6.0; 7
0.0, 7.0, -6.0; 5
1.0, 7.0, -6.0; 8
2.0, 7.0, -6.0; 2
3.0, 7.0, -6.0; 2
4.0, 7.0, -6.0; 1
-2.0, 8.0, -6.0; 7
-1.0, 8.0, -6.0; 4
0.0, 8.0, -6.0; 2
1.0, 8.0, -6.0; 7
2.0, 8.0, -6.0; 2
-5.0, -9.0, -5.0; 1
-3.0, -9.0, -5.0; 6
-2.0, -9.0, -5.0; 13
-1.0, -9.0, -5.0; 13
0.0, -9.0, -5.0; 17
1.0, -9.0, -5.0; 13
2.0, -9.0, -5.0; 14
3.0, -9.0, -5.0; 5
-5.0, -8.0, -5.0; 8
-4.0, -8.0, -5.0; 16
-3.0, -8.0, -5.0; 33
-2.0, -8.0, -5.0; 173
-1.0, -8.0, -5.0; 489
0.0, -8.0, -5.0; 53
1.0, -8.0, -5.0; 31
2.0, -8.0, -5.0; 19
3.0, -8.0, -5.0; 34
4.0, -8.0, -5.0; 6
-7.0, -7.0, -5.0; 1
-6.0, -7.0, -5.0; 18
-5.0, -7.0, -5.0; 24
-4.0, -7.0, -5.0; 18
-3.0, -7.0, -5.0; 13
-2.0, -7.0, -5.0; 26
-1.0, -7.0, -5.0; 55
0.0, -7.0, -5.0; 19
1.0, -7.0, -5.0; 19
2.0, -7.0, -5.0; 12
3.0, -7.0, -5.0; 6
4.0, -7.0, -5.0; 7
5.0, -7.0, -5.0; 5
6.0, -7.0, -5.0; 1
-7.0, -6.0, -5.0; 18
-6.0, -6.0, -5.0; 19
-5.0, -6.0, -5.0; 11
-4.0, -6.0, -5.0; 7
-3.0, -6.0, -5.0; 2
-2.0, -6.0, -5.0; 1
-1.0, -6.0, -5.0; 12
0.0, -6.0, -5.0; 15
1.0, -6.0, -5.0; 15
2.0, -6.0, -5.0; 5
3.0, -6.0, -5.0; 7
4.0, -6.0, -5.0; 5
5.0, -6.0, -5.0; 3
6.0, -6.0, -5.0; 2
7.0, -6.0, -5.0; 1
-8.0, -5.0, -5.0; 13
-7.0, -5.0, -5.0; 23
-6.0, -5.0, -5.0; 5
-5.0, -5.0, -5.0; 2
-4.0, -5.0, -5.0; 2
-3.0, -5.0, -5.0; 10
-2.0, -5.0, -5.0; 21
-1.0, -5.0, -5.0; 6
0.0, -5.0, -5.0; 12
1.0, -5.0, -5.0; 28
2.0, -5.0, -5.0; 9
3.0, -5.0, -5.0; 9
4.0, -5.0, -5.0; 1
5.0, -5.0, -5.0; 7
6.0, -5.0, -5.0; 1
7.0, -5.0, -5.0; 1
-8.0, -4.0, -5.0; 8
-7.0, -4.0, -5.0; 16
-6.0, -4.0, -5.0; 10
-5.0, -4.0, -5.0; 11
-4.0, -4.0, -5.0; 30
-3.0, -4.0, -5.0; 154
-2.0, -4.0, -5.0; 333
-1.0, -4.0, -5.0; 63
0.0, -4.0, -5.0; 11
1.0, -4.0, -5.0; 116
2.0, -4.0, -5.0; 23
3.0, -4.0, -5.0; 8
4.0, -4.0, -5.0; 3
5.0, -4.0, -5.0; 8
7.0, -4.0, -5.0; 4
8.0, -4.0, -5.0; 2
-9.0, -3.0, -5.0; 1
-8.0, -3.0, -5.0; 11
-7.0, -3.0, -5.0; 9
-6.0, -3.0, -5.0; 3
-5.0, -3.0, -5.0; 17
-4.0, -3.0, -5.0; 88
-3.0, -3.0, -5.0; 996
-2.0, -3.0, -5.0; 620
-1.0, -3.0, -5.0; 18
0.0, -3.0, -5.0; 78
1.0, -3.0, -5.0; 911
2.0, -3.0, -5.0; 69
3.0, -3.0, -5.0; 9
4.0, -3.0, -5.0; 1
5.0, -3.0, -5.0; 4
6.0, -3.0, -5.0; 4
7.0, -3.0, -5.0; 4
8.0, -3.0, -5.0; 1
-9.0, -2.0, -5.0; 6
-8.0, -2.0, -5.0; 5
-7.0, -2.0, -5.0; 12
-6.0, -2.0, -5.0; 10
-5.0, -2.0, -5.0; 12
-4.0, -2.0, -5.0; 29
-3.0, -2.0, -5.0; 62
-2.0, -2.0, -5.0; 25
-1.0, -2.0, -5.0; 8
0.0, -2.0, -5.0; 103
1.0, -2.0, -5.0; 125
2.0, -2.0, -5.0; 25
3.0, -2.0, -5.0; 4
4.0, -2.0, -5.0; 7
5.0, -2.0, -5.0; 6
7.0, -2.0, -5.0; 1
8.0, -2.0, -5.0; 1
-9.0, -1.0, -5.0; 2
-8.0, -1.0, -5.0; 6
-7.0, -1.0, -5.0; 11
-6.0, -1.0, -5.0; 9
-5.0, -1.0, -5.0; 10
-4.0, -1.0, -5.0; 12
-3.0, -1.0, -5.0; 48
-2.0, -1.0, -5.0; 92
-1.0, -1.0, -5.0; 43
0.0, -1.0, -5.0; 35
1.0, -1.0, -5.0; 9
2.0, -1.0, -5.0; 4
3.0, -1.0, -5.0; 8
4.0, -1.0, -5.0; 15
5.0, -1.0, -5.0; 3
6.0, -1.0, -5.0; 2
7.0, -1.0, -5.0; 6
8.0, -1.0, -5.0; 1
-9.0, 0.0, -5.0; 3
-8.0, 0.0, -5.0; 9
-7.0, 0.0, -5.0; 10
-6.0, 0.0, -5.0; 13
-5.0, 0.0, -5.0; 21
-4.0, 0.0, -5.0; 43
-3.0, 0.0, -5.0; 141
-2.0, 0.0, -5.0; 522
-1.0, 0.0, -5.0; 201
0.0, 0.0, -5.0; 41
1.0, 0.0, -5.0; 4
2.0, 0.0, -5.0; 2
3.0, 0.0, -5.0; 24
4.0, 0.0, -5.0; 8
5.0, 0.0, -5.0; 1
6.0, 0.0, -5.0; 1
7.0, 0.0, -5.0; 3
8.0, 0.0, -5.0; 1
-9.0, 1.0, -5.0; 8
-8.0, 1.0, -5.0; 8
-7.0, 1.0, -5.0; 5
-6.0, 1.0, -5.0; 12
-5.0, 1.0, -5.0; 20
-4.0, 1.0, -5.0; 30
-3.0, 1.0, -5.0; 38
-2.0, 1.0, -5.0; 48
-1.0, 1.0, -5.0; 72
0.0, 1.0, -5.0; 93
1.0, 1.0, -5.0; 36
2.0, 1.0, -5.0; 21
3.0, 1.0, -5.0; 14
4.0, 1.0, -5.0; 5
5.0, 1.0, -5.0; 2
6.0, 1.0, -5.0; 2
7.0, 1.0, -5.0; 1
8.0, 1.0, -5.0; 2
-9.0, 2.0, -5.0; 9
-8.0, 2.0, -5.0; 14
-7.0, 2.0, -5.0; 7
-6.0, 2.0, -5.0; 37
-5.0, 2.0, -5.0; 39
-4.0, 2.0, -5.0; 57
-3.0, 2.0, -5.0; 35
-2.0, 2.0, -5.0; 22
-1.0, 2.0, -5.0; 67
0.0, 2.0, -5.0; 78
1.0, 2.0, -5.0; 23
2.0, 2.0, -5.0; 11
3.0, 2.0, -5.0; 7
4.0, 2.0, -5.0; 3
5.0, 2.0, -5.0; 4
6.0, 2.0, -5.0; 2
7.0, 2.0, -5.0; 3
-9.0, 3.0, -5.0; 3
-8.0, 3.0, -5.0; 20
-7.0, 3.0, -5.0; 12
-6.0, 3.0, -5.0; 5
-5.0, 3.0, -5.0; 21
-4.0, 3.0, -5.0; 17
-3.0, 3.0, -5.0; 16
-2.0, 3.0, -5.0; 15
-1.0, 3.0, -5.0; 85
0.0, 3.0, -5.0; 124
1.0, 3.0, -5.0; 18
2.0, 3.0, -5.0; 12
3.0, 3.0, -5.0; 8
4.0, 3.0, -5.0; 6
5.0, 3.0, -5.0; 3
6.0, 3.0, -5.0; 2
7.0, 3.0, -5.0; 2
-8.0, 4.0, -5.0; 8
-7.0, 4.0, -5.0; 11
-6.0, 4.0, -5.0; 7
-5.0, 4.0, -5.0; 11
-4.0, 4.0, -5.0; 6
-3.0, 4.0, -5.0; 13
-2.0, 4.0, -5.0; 56
-1.0, 4.0, -5.0; 47
0.0, 4.0, -5.0; 16
1.0, 4.0, -5.0; 3
2.0, 4.0, -5.0; 4
3.0, 4.0, -5.0; 9
4.0, 4.0, -5.0; 8
5.0, 4.0, -5.0; 3
6.0, 4.0, -5.0; 5
7.0, 4.0, -5.0; 4
-7.0, 5.0, -5.0; 10
-6.0, 5.0, -5.0; 10
-5.0, 5.0, -5.0; 23
-4.0, 5.0, -5.0; 8
-3.0, 5.0, -5.0; 7
-2.0, 5.0, -5.0; 8
-1.0, 5.0, -5.0; 14
0.0, 5.0, -5.0; 5
1.0, 5.0, -5.0; 1
2.0, 5.0, -5.0; 14
3.0, 5.0, -5.0; 10
4.0, 5.0, -5.0; 4
5.0, 5.0, -5.0; 3
6.0, 5.0, -5.0; 6
-7.0, 6.0, -5.0; 2
-6.0, 6.0, -5.0; 9
-5.0, 6.0, -5.0; 15
-4.0, 6.0, -5.0; 16
-3.0, 6.0, -5.0; 10
-2.0, 6.0, -5.0; 5
-1.0, 6.0, -5.0; 5
0.0, 6.0, -5.0; 5
1.0, 6.0, -5.0; 10
2.0, 6.0, -5.0; 28
3.0, 6.0, -5.0; 16
4.0, 6.0, -5.0; 4
5.0, 6.0, -5.0; 2
-6.0, 7.0, -5.0; 1
-5.0, 7.0, -5.0; 4
-4.0, 7.0, -5.0; 3
-3.0, 7.0, -5.0; 7
-2.0, 7.0, -5.0; 12
-1.0, 7.0, -5.0; 3
0.0, 7.0, -5.0; 6
1.0, 7.0, -5.0; 18
2.0, 7.0, -5.0; 7
3.0, 7.0, -5.0; 2
4.0, 7.0, -5.0; 3
-4.0, 8.0, -5.0; 1
-3.0, 8.0, -5.0; 3
-2.0, 8.0, -5.0; 7
-1.0, 8.0, -5.0; 8
0.0, 8.0, -5.0; 14
1.0, 8.0, -5.0; 4
2.0, 8.0, -5.0; 4
-1.0, 9.0, -5.0; 3
-3.0, -10.0, -4.0; 1
-2.0, -10.0, -4.0; 10
-1.0, -10.0, -4.0; 13
0.0, -10.0, -4.0; 14
1.0, -10.0, -4.0; 7
2.0, -10.0, -4.0; 1
-5.0, -9.0, -4.0; 1
-4.0, -9.0, -4.0; 11
-3.0, -9.0, -4.0; 11
-2.0, -9.0, -4.0; 40
-1.0, -9.0, -4.0; 23
0.0, -9.0, -4.0; 31
1.0, -9.0, -4.0; 32
2.0, -9.0, -4.0; 20
3.0, -9.0, -4.0; 7
4.0, -9.0, -4.0; 3
5.0, -9.0, -4.0; 1
-6.0, -8.0, -4.0; 3
-5.0, -8.0, -4.0; 8
-4.0, -8.0, -4.0; 9
-3.0, -8.0, -4.0; 20
-2.0, -8.0, -4.0; 55
-1.0, -8.0, -4.0; 139
0.0, -8.0, -4.0; 26
1.0, -8.0, -4.0; 16
2.0, -8.0, -4.0; 25
3.0, -8.0, -4.0; 23
4.0, -8.0, -4.0; 19
5.0, -8.0, -4.0; 1
-7.0, -7.0, -4.0; 11
-6.0, -7.0, -4.0; 10
-5.0, -7.0, -4.0; 2
-4.0, -7.0, -4.0; 6
-3.0, -7.0, -4.0; 4
-2.0, -7.0, -4.0; 6
-1.0, -7.0, -4.0; 9
0.0, -7.0, -4.0; 16
1.0, -7.0, -4.0; 21
2.0, -7.0, -4.0; 5
3.0, -7.0, -4.0; 5
4.0, -7.0, -4.0; 5
5.0, -7.0, -4.0; 9
6.0, -7.0, -4.0; 3
-8.0, -6.0, -4.0; 12
-7.0, -6.0, -4.0; 30
-6.0, -6.0, -4.0; 5
-4.0, -6.0, -4.0; 4
-3.0, -6.0, -4.0; 2
-2.0, -6.0, -4.0; 9
-1.0, -6.0, -4.0; 10
0.0, -6.0, -4.0; 19
1.0, -6.0, -4.0; 68
2.0, -6.0, -4.0; 10
3.0, -6.0, -4.0; 7
4.0, -6.0, -4.0; 4
5.0, -6.0, -4.0; 3
6.0, -6.0, -4.0; 3
-8.0, -5.0, -4.0; 16
-7.0, -5.0, -4.0; 16
-6.0, -5.0, -4.0; 7
-5.0, -5.0, -4.0; 2
-4.0, -5.0, -4.0; 8
-3.0, -5.0, -4.0; 27
-2.0, -5.0, -4.0; 87
-1.0, -5.0, -4.0; 179
0.0, -5.0, -4.0; 40
1.0, -5.0, -4.0; 62
2.0, -5.0, -4.0; 49
3.0, -5.0, -4.0; 8
4.0, -5.0, -4.0; 2
5.0, -5.0, -4.0; 3
6.0, -5.0, -4.0; 2
7.0, -5.0, -4.0; 1
-9.0, -4.0, -4.0; 4
-8.0, -4.0, -4.0; 23
-7.0, -4.0, -4.0; 3
-6.0, -4.0, -4.0; 7
-5.0, -4.0, -4.0; 17
-4.0, -4.0, -4.0; 95
-3.0, -4.0, -4.0; 68
-2.0, -4.0, -4.0; 64
-1.0, -4.0, -4.0; 65
0.0, -4.0, -4.0; 22
1.0, -4.0, -4.0; 57
2.0, -4.0, -4.0; 68
3.0, -4.0, -4.0; 21
4.0, -4.0, -4.0; 6
5.0, -4.0, -4.0; 2
6.0, -4.0, -4.0; 1
7.0, -4.0, -4.0; 1
8.0, -4.0, -4.0; 1
-10.0, -3.0, -4.0; 1
-9.0, -3.0, -4.0; 9
-8.0, -3.0, -4.0; 11
-7.0, -3.0, -4.0; 4
-6.0, -3.0, -4.0; 15
-5.0, -3.0, -4.0; 72
-4.0, -3.0, -4.0; 329
-3.0, -3.0, -4.0; 70
-2.0, -3.0, -4.0; 3
0.0, -3.0, -4.0; 2
1.0, -3.0, -4.0; 145
2.0, -3.0, -4.0; 105
3.0, -3.0, -4.0; 20
4.0, -3.0, -4.0; 6
5.0, -3.0, -4.0; 4
6.0, -3.0, -4.0; 1
7.0, -3.0, -4.0; 1
8.0, -3.0, -4.0; 2
-10.0, -2.0, -4.0; 1
-9.0, -2.0, -4.0; 5
-8.0, -2.0, -4.0; 12
-7.0, -2.0, -4.0; 11
-6.0, -2.0, -4.0; 16
-5.0, -2.0, -4.0; 24
-4.0, -2.0, -4.0; 58
-3.0, -2.0, -4.0; 7
-2.0, -2.0, -4.0; 1
0.0, -2.0, -4.0; 2
1.0, -2.0, -4.0; 8
2.0, -2.0, -4.0; 16
3.0, -2.0, -4.0; 5
4.0, -2.0, -4.0; 8
5.0, -2.0, -4.0; 11
6.0, -2.0, -4.0; 3
7.0, -2.0, -4.0; 2
8.0, -2.0, -4.0; 3
-10.0, -1.0, -4.0; 2
-9.0, -1.0, -4.0; 5
-8.0, -1.0, -4.0; 7
-7.0, -1.0, -4.0; 22
-6.0, -1.0, -4.0; 4
-5.0, -1.0, -4.0; 10
-4.0, -1.0, -4.0; 7
-3.0, -1.0, -4.0; 6
-2.0, -1.0, -4.0; 1
0.0, -1.0, -4.0; 1
2.0, -1.0, -4.0; 2
3.0, -1.0, -4.0; 4
4.0, -1.0, -4.0; 17
5.0, -1.0, -4.0; 8
6.0, -1.0, -4.0; 5
7.0, -1.0, -4.0; 3
8.0, -1.0, -4.0; 3
9.0, -1.0, -4.0; 1
-10.0, 0.0, -4.0; 1
-9.0, 0.0, -4.0; 6
-8.0, 0.0, -4.0; 5
-7.0, 0.0, -4.0; 11
-6.0, 0.0, -4.0; 35
-5.0, 0.0, -4.0; 67
-4.0, 0.0, -4.0; 18
-2.0, 0.0, -4.0; 1
0.0, 0.0, -4.0; 1
1.0, 0.0, -4.0; 1
3.0, 0.0, -4.0; 6
4.0, 0.0, -4.0; 16
5.0, 0.0, -4.0; 9
6.0, 0.0, -4.0; 5
7.0, 0.0, -4.0; 4
8.0, 0.0, -4.0; 1
-9.0, 1.0, -4.0; 5
-8.0, 1.0, -4.0; 5
-7.0, 1.0, -4.0; 8
-6.0, 1.0, -4.0; 60
-5.0, 1.0, -4.0; 101
-4.0, 1.0, -4.0; 13
-3.0, 1.0, -4.0; 1
1.0, 1.0, -4.0; 1
2.0, 1.0, -4.0; 2
3.0, 1.0, -4.0; 8
4.0, 1.0, -4.0; 13
5.0, 1.0, -4.0; 2
6.0, 1.0, -4.0; 1
8.0, 1.0, -4.0; 1
-10.0, 2.0, -4.0; 1
-9.0, 2.0, -4.0; 14
-8.0, 2.0, -4.0; 9
-7.0, 2.0, -4.0; 13
-6.0, 2.0, -4.0; 69
-5.0, 2.0, -4.0; 31
-4.0, 2.0, -4.0; 8
-3.0, 2.0, -4.0; 2
-2.0, 2.0, -4.0; 1
-1.0, 2.0, -4.0; 1
0.0, 2.0, -4.0; 3
1.0, 2.0, -4.0; 20
2.0, 2.0, -4.0; 13
3.0, 2.0, -4.0; 11
4.0, 2.0, -4.0; 5
5.0, 2.0, -4.0; 3
7.0, 2.0, -4.0; 1
-9.0, 3.0, -4.0; 6
-8.0, 3.0, -4.0; 14
-7.0, 3.0, -4.0; 1
-6.0, 3.0, -4.0; 16
-5.0, 3.0, -4.0; 11
-4.0, 3.0, -4.0; 20
-3.0, 3.0, -4.0; 10
-2.0, 3.0, -4.0; 2
-1.0, 3.0, -4.0; 7
0.0, 3.0, -4.0; 157
1.0, 3.0, -4.0; 239
2.0, 3.0, -4.0; 10
3.0, 3.0, -4.0; 6
4.0, 3.0, -4.0; 4
5.0, 3.0, -4.0; 4
6.0, 3.0, -4.0; 1
7.0, 3.0, -4.0; 3
-9.0, 4.0, -4.0; 4
-8.0, 4.0, -4.0; 9
-7.0, 4.0, -4.0; 13
-6.0, 4.0, -4.0; 6
-5.0, 4.0, -4.0; 4
-4.0, 4.0, -4.0; 11
-3.0, 4.0, -4.0; 82
-2.0, 4.0, -4.0; 131
-1.0, 4.0, -4.0; 56
0.0, 4.0, -4.0; 134
1.0, 4.0, -4.0; 86
2.0, 4.0, -4.0; 2
3.0, 4.0, -4.0; 1
4.0, 4.0, -4.0; 1
5.0, 4.0, -4.0; 4
6.0, 4.0, -4.0; 3
7.0, 4.0, -4.0; 4
8.0, 4.0, -4.0; 1
-8.0, 5.0, -4.0; 2
-7.0, 5.0, -4.0; 15
-6.0, 5.0, -4.0; 10
-5.0, 5.0, -4.0; 2
-4.0, 5.0, -4.0; 2
-3.0, 5.0, -4.0; 14
-2.0, 5.0, -4.0; 193
-1.0, 5.0, -4.0; 241
0.0, 5.0, -4.0; 94
1.0, 5.0, -4.0; 13
2.0, 5.0, -4.0; 3
3.0, 5.0, -4.0; 9
4.0, 5.0, -4.0; 2
5.0, 5.0, -4.0; 5
6.0, 5.0, -4.0; 2
7.0, 5.0, -4.0; 2
-7.0, 6.0, -4.0; 3
-6.0, 6.0, -4.0; 7
-5.0, 6.0, -4.0; 6
-4.0, 6.0, -4.0; 3
-3.0, 6.0, -4.0; 3
-2.0, 6.0, -4.0; 11
-1.0, 6.0, -4.0; 11
0.0, 6.0, -4.0; 13
1.0, 6.0, -4.0; 5
2.0, 6.0, -4.0; 6
3.0, 6.0, -4.0; 14
4.0, 6.0, -4.0; 8
5.0, 6.0, -4.0; 4
6.0, 6.0, -4.0; 6
-6.0, 7.0, -4.0; 3
-5.0, 7.0, -4.0; 5
-4.0, 7.0, -4.0; 7
-3.0, 7.0, -4.0; 5
-2.0, 7.0, -4.0; 8
-1.0, 7.0, -4.0; 6
0.0, 7.0, -4.0; 11
1.0, 7.0, -4.0; 14
2.0, 7.0, -4.0; 25
3.0, 7.0, -4.0; 5
4.0, 7.0, -4.0; 3
-5.0, 8.0, -4.0; 4
-4.0, 8.0, -4.0; 16
-3.0, 8.0, -4.0; 29
-2.0, 8.0, -4.0; 23
-1.0, 8.0, -4.0; 12
0.0, 8.0, -4.0; 19
1.0, 8.0, -4.0; 12
2.0, 8.0, -4.0; 9
3.0, 8.0, -4.0; 3
-3.0, 9.0, -4.0; 1
-2.0, 9.0, -4.0; 6
-1.0, 9.0, -4.0; 14
0.0, 9.0, -4.0; 14
1.0, 9.0, -4.0; 6
2.0, 9.0, -4.0; 2
-4.0, -10.0, -3.0; 4
-3.0, -10.0, -3.0; 24
-2.0, -10.0, -3.0; 44
-1.0, -10.0, -3.0; 51
0.0, -10.0, -3.0; 43
1.0, -10.0, -3.0; 23
2.0, -10.0, -3.0; 8
-5.0, -9.0, -3.0; 9
-4.0, -9.0, -3.0; 17
-3.0, -9.0, -3.0; 16
-2.0, -9.0, -3.0; 20
-1.0, -9.0, -3.0; 20
0.0, -9.0, -3.0; 39
1.0, -9.0, -3.0; 41
2.0, -9.0, -3.0; 44
3.0, -9.0, -3.0; 14
4.0, -9.0, -3.0; 3
-7.0, -8.0, -3.0; 2
-6.0, -8.0, -3.0; 10
-5.0, -8.0, -3.0; 7
-4.0, -8.0, -3.0; 5
-3.0, -8.0, -3.0; 11
-2.0, -8.0, -3.0; 11
-1.0, -8.0, -3.0; 12
0.0, -8.0, -3.0; 9
1.0, -8.0, -3.0; 14
2.0, -8.0, -3.0; 15
3.0, -8.0, -3.0; 30
4.0, -8.0, -3.0; 9
5.0, -8.0, -3.0; 6
6.0, -8.0, -3.0; 4
-8.0, -7.0, -3.0; 1
-7.0, -7.0, -3.0; 10
-6.0, -7.0, -3.0; 8
-4.0, -7.0, -3.0; 5
-3.0, -7.0, -3.0; 2
-2.0, -7.0, -3.0; 2
-1.0, -7.0, -3.0; 6
0.0, -7.0, -3.0; 38
1.0, -7.0, -3.0; 42
2.0, -7.0, -3.0; 7
3.0, -7.0, -3.0; 10
4.0, -7.0, -3.0; 13
5.0, -7.0, -3.0; 11
6.0, -7.0, -3.0; 5
-9.0, -6.0, -3.0; 1
-8.0, -6.0, -3.0; 15
-7.0, -6.0, -3.0; 17
-6.0, -6.0, -3.0; 4
-4.0, -6.0, -3.0; 2
-3.0, -6.0, -3.0; 2
-2.0, -6.0, -3.0; 12
-1.0, -6.0, -3.0; 74
0.0, -6.0, -3.0; 81
1.0, -6.0, -3.0; 566
2.0, -6.0, -3.0; 113
3.0, -6.0, -3.0; 4
4.0, -6.0, -3.0; 3
5.0, -6.0, -3.0; 3
6.0, -6.0, -3.0; 5
7.0, -6.0, -3.0; 2
-9.0, -5.0, -3.0; 3
-8.0, -5.0, -3.0; 25
-7.0, -5.0, -3.0; 8
-6.0, -5.0, -3.0; 7
-5.0, -5.0, -3.0; 5
-4.0, -5.0, -3.0; 2
-2.0, -5.0, -3.0; 2
-1.0, -5.0, -3.0; 17
0.0, -5.0, -3.0; 44
1.0, -5.0, -3.0; 43
2.0, -5.0, -3.0; 111
3.0, -5.0, -3.0; 26
4.0, -5.0, -3.0; 3
5.0, -5.0, -3.0; 3
6.0, -5.0, -3.0; 3
7.0, -5.0, -3.0; 1
-10.0, -4.0, -3.0; 1
-9.0, -4.0, -3.0; 14
-8.0, -4.0, -3.0; 19
-7.0, -4.0, -3.0; 7
-6.0, -4.0, -3.0; 5
-5.0, -4.0, -3.0; 28
-3.0, -4.0, -3.0; 1
-2.0, -4.0, -3.0; 1
0.0, -4.0, -3.0; 1
2.0, -4.0, -3.0; 36
3.0, -4.0, -3.0; 26
4.0, -4.0, -3.0; 7
5.0, -4.0, -3.0; 1
6.0, -4.0, -3.0; 3
7.0, -4.0, -3.0; 4
8.0, -4.0, -3.0; 3
-9.0, -3.0, -3.0; 7
-8.0, -3.0, -3.0; 8
-7.0, -3.0, -3.0; 4
-6.0, -3.0, -3.0; 29
-5.0, -3.0, -3.0; 125
-4.0, -3.0, -3.0; 5
1.0, -3.0, -3.0; 1
2.0, -3.0, -3.0; 5
3.0, -3.0, -3.0; 6
4.0, -3.0, -3.0; 9
5.0, -3.0, -3.0; 8
6.0, -3.0, -3.0; 2
8.0, -3.0, -3.0; 2
-10.0, -2.0, -3.0; 4
-9.0, -2.0, -3.0; 3
-8.0, -2.0, -3.0; 11
-7.0, -2.0, -3.0; 14
-6.0, -2.0, -3.0; 14
-5.0, -2.0, -3.0; 82
-4.0, -2.0, -3.0; 9
-3.0, -2.0, -3.0; 1
3.0, -2.0, -3.0; 3
4.0, -2.0, -3.0; 39
5.0, -2.0, -3.0; 7
6.0, -2.0, -3.0; 2
7.0, -2.0, -3.0; 5
8.0, -2.0, -3.0; 5
9.0, -2.0, -3.0; 1
-10.0, -1.0, -3.0; 4
-9.0, -1.0, -3.0; 9
-8.0, -1.0, -3.0; 10
-7.0, -1.0, -3.0; 17
-6.0, -1.0, -3.0; 5
-5.0, -1.0, -3.0; 17
-4.0, -1.0, -3.0; 2
4.0, -1.0, -3.0; 8
5.0, -1.0, -3.0; 6
6.0, -1.0, -3.0; 1
7.0, -1.0, -3.0; 2
8.0, -1.0, -3.0; 2
9.0, -1.0, -3.0; 1
-10.0, 0.0, -3.0; 3
-9.0, 0.0, -3.0; 5
-8.0, 0.0, -3.0; 6
-7.0, 0.0, -3.0; 2
-6.0, 0.0, -3.0; 98
-5.0, 0.0, -3.0; 42
-4.0, 0.0, -3.0; 2
2.0, 0.0, -3.0; 1
4.0, 0.0, -3.0; 7
5.0, 0.0, -3.0; 8
6.0, 0.0, -3.0; 3
7.0, 0.0, -3.0; 1
8.0, 0.0, -3.0; 1
-10.0, 1.0, -3.0; 1
-9.0, 1.0, -3.0; 8
-8.0, 1.0, -3.0; 5
-7.0, 1.0, -3.0; 12
-6.0, 1.0, -3.0; 184
-5.0, 1.0, -3.0; 87
2.0, 1.0, -3.0; 1
3.0, 1.0, -3.0; 1
4.0, 1.0, -3.0; 12
5.0, 1.0, -3.0; 5
6.0, 1.0, -3.0; 1
8.0, 1.0, -3.0; 1
-10.0, 2.0, -3.0; 6
-9.0, 2.0, -3.0; 12
-8.0, 2.0, -3.0; 6
-7.0, 2.0, -3.0; 26
-6.0, 2.0, -3.0; 45
-5.0, 2.0, -3.0; 13
-4.0, 2.0, -3.0; 1
-3.0, 2.0, -3.0; 1
1.0, 2.0, -3.0; 1
2.0, 2.0, -3.0; 3
3.0, 2.0, -3.0; 10
4.0, 2.0, -3.0; 15
5.0, 2.0, -3.0; 1
6.0, 2.0, -3.0; 1
7.0, 2.0, -3.0; 1
-9.0, 3.0, -3.0; 13
-8.0, 3.0, -3.0; 17
-7.0, 3.0, -3.0; 8
-6.0, 3.0, -3.0; 31
-5.0, 3.0, -3.0; 10
-4.0, 3.0, -3.0; 2
-2.0, 3.0, -3.0; 1
0.0, 3.0, -3.0; 2
1.0, 3.0, -3.0; 17
2.0, 3.0, -3.0; 23
3.0, 3.0, -3.0; 13
4.0, 3.0, -3.0; 14
5.0, 3.0, -3.0; 2
6.0, 3.0, -3.0; 1
7.0, 3.0, -3.0; 3
8.0, 3.0, -3.0; 2
-9.0, 4.0, -3.0; 6
-8.0, 4.0, -3.0; 26
-7.0, 4.0, -3.0; 6
-6.0, 4.0, -3.0; 3
-5.0, 4.0, -3.0; 14
-4.0, 4.0, -3.0; 4
-3.0, 4.0, -3.0; 2
-2.0, 4.0, -3.0; 2
-1.0, 4.0, -3.0; 1
0.0, 4.0, -3.0; 18
1.0, 4.0, -3.0; 114
2.0, 4.0, -3.0; 43
3.0, 4.0, -3.0; 9
4.0, 4.0, -3.0; 5
5.0, 4.0, -3.0; 3
6.0, 4.0, -3.0; 2
7.0, 4.0, -3.0; 3
8.0, 4.0, -3.0; 2
-8.0, 5.0, -3.0; 11
-7.0, 5.0, -3.0; 19
-6.0, 5.0, -3.0; 2
-5.0, 5.0, -3.0; 5
-4.0, 5.0, -3.0; 2
-3.0, 5.0, -3.0; 6
-2.0, 5.0, -3.0; 73
-1.0, 5.0, -3.0; 148
0.0, 5.0, -3.0; 91
1.0, 5.0, -3.0; 43
2.0, 5.0, -3.0; 3
3.0, 5.0, -3.0; 7
4.0, 5.0, -3.0; 9
6.0, 5.0, -3.0; 2
7.0, 5.0, -3.0; 1
-7.0, 6.0, -3.0; 14
-6.0, 6.0, -3.0; 3
-5.0, 6.0, -3.0; 8
-4.0, 6.0, -3.0; 5
-3.0, 6.0, -3.0; 3
-2.0, 6.0, -3.0; 26
-1.0, 6.0, -3.0; 102
0.0, 6.0, -3.0; 65
1.0, 6.0, -3.0; 25
2.0, 6.0, -3.0; 12
3.0, 6.0, -3.0; 7
4.0, 6.0, -3.0; 7
5.0, 6.0, -3.0; 2
6.0, 6.0, -3.0; 4
-7.0, 7.0, -3.0; 2
-6.0, 7.0, -3.0; 15
-5.0, 7.0, -3.0; 15
-4.0, 7.0, -3.0; 11
-3.0, 7.0, -3.0; 6
-2.0, 7.0, -3.0; 4
-1.0, 7.0, -3.0; 1
0.0, 7.0, -3.0; 2
1.0, 7.0, -3.0; 7
2.0, 7.0, -3.0; 15
3.0, 7.0, -3.0; 13
4.0, 7.0, -3.0; 5
5.0, 7.0, -3.0; 4
6.0, 7.0, -3.0; 1
-6.0, 8.0, -3.0; 2
-5.0, 8.0, -3.0; 10
-4.0, 8.0, -3.0; 57
-3.0, 8.0, -3.0; 65
-2.0, 8.0, -3.0; 43
-1.0, 8.0, -3.0; 21
0.0, 8.0, -3.0; 25
1.0, 8.0, -3.0; 26
2.0, 8.0, -3.0; 17
3.0, 8.0, -3.0; 6
4.0, 8.0, -3.0; 1
-3.0, 9.0, -3.0; 13
-2.0, 9.0, -3.0; 25
-1.0, 9.0, -3.0; 23
0.0, 9.0, -3.0; 23
1.0, 9.0, -3.0; 19
2.0, 9.0, -3.0; 4
-4.0, -10.0, -2.0; 12
-3.0, -10.0, -2.0; 47
-2.0, -10.0, -2.0; 62
-1.0, -10.0, -2.0; 94
0.0, -10.0, -2.0; 66
1.0, -10.0, -2.0; 50
2.0, -10.0, -2.0; 14
-6.0, -9.0, -2.0; 2
-5.0, -9.0, -2.0; 16
-4.0, -9.0, -2.0; 10
-3.0, -9.0, -2.0; 8
-2.0, -9.0, -2.0; 14
-1.0, -9.0, -2.0; 17
0.0, -9.0, -2.0; 24
1.0, -9.0, -2.0; 63
2.0, -9.0, -2.0; 48
3.0, -9.0, -2.0; 24
4.0, -9.0, -2.0; 6
-7.0, -8.0, -2.0; 7
-6.0, -8.0, -2.0; 10
-5.0, -8.0, -2.0; 10
-4.0, -8.0, -2.0; 3
-3.0, -8.0, -2.0; 8
-2.0, -8.0, -2.0; 6
-1.0, -8.0, -2.0; 14
0.0, -8.0, -2.0; 9
1.0, -8.0, -2.0; 10
2.0, -8.0, -2.0; 16
3.0, -8.0, -2.0; 16
4.0, -8.0, -2.0; 12
5.0, -8.0, -2.0; 3
6.0, -8.0, -2.0; 1
-8.0, -7.0, -2.0; 5
-7.0, -7.0, -2.0; 12
-6.0, -7.0, -2.0; 5
-5.0, -7.0, -2.0; 1
-4.0, -7.0, -2.0; 2
-3.0, -7.0, -2.0; 1
-2.0, -7.0, -2.0; 7
-1.0, -7.0, -2.0; 28
0.0, -7.0, -2.0; 101
1.0, -7.0, -2.0; 44
2.0, -7.0, -2.0; 8
3.0, -7.0, -2.0; 6
4.0, -7.0, -2.0; 6
5.0, -7.0, -2.0; 6
6.0, -7.0, -2.0; 4
-9.0, -6.0, -2.0; 1
-8.0, -6.0, -2.0; 17
-7.0, -6.0, -2.0; 8
-6.0, -6.0, -2.0; 5
-4.0, -6.0, -2.0; 1
-3.0, -6.0, -2.0; 1
-1.0, -6.0, -2.0; 24
0.0, -6.0, -2.0; 65
1.0, -6.0, -2.0; 316
2.0, -6.0, -2.0; 97
3.0, -6.0, -2.0; 3
4.0, -6.0, -2.0; 4
5.0, -6.0, -2.0; 5
6.0, -6.0, -2.0; 4
7.0, -6.0, -2.0; 2
-9.0, -5.0, -2.0; 6
-8.0, -5.0, -2.0; 18
-7.0, -5.0, -2.0; 4
-6.0, -5.0, -2.0; 6
-5.0, -5.0, -2.0; 3
-2.0, -5.0, -2.0; 1
0.0, -5.0, -2.0; 6
1.0, -5.0, -2.0; 10
2.0, -5.0, -2.0; 79
3.0, -5.0, -2.0; 22
4.0, -5.0, -2.0; 13
5.0, -5.0, -2.0; 4
6.0, -5.0, -2.0; 2
7.0, -5.0, -2.0; 2
-10.0, -4.0, -2.0; 2
-9.0, -4.0, -2.0; 15
-8.0, -4.0, -2.0; 17
-7.0, -4.0, -2.0; 17
-6.0, -4.0, -2.0; 13
-5.0, -4.0, -2.0; 10
-1.0, -4.0, -2.0; 1
0.0, -4.0, -2.0; 1
2.0, -4.0, -2.0; 5
3.0, -4.0, -2.0; 10
4.0, -4.0, -2.0; 3
5.0, -4.0, -2.0; 9
6.0, -4.0, -2.0; 4
7.0, -4.0, -2.0; 2
8.0, -4.0, -2.0; 1
9.0, -4.0, -2.0; 1
-10.0, -3.0, -2.0; 5
-9.0, -3.0, -2.0; 13
-8.0, -3.0, -2.0; 6
-7.0, -3.0, -2.0; 20
-6.0, -3.0, -2.0; 28
-5.0, -3.0, -2.0; 33
3.0, -3.0, -2.0; 1
4.0, -3.0, -2.0; 4
5.0, -3.0, -2.0; 7
6.0, -3.0, -2.0; 2
8.0, -3.0, -2.0; 1
9.0, -3.0, -2.0; 1
-10.0, -2.0, -2.0; 9
-9.0, -2.0, -2.0; 8
-8.0, -2.0, -2.0; 8
-7.0, -2.0, -2.0; 18
-6.0, -2.0, -2.0; 25
-5.0, -2.0, -2.0; 61
-4.0, -2.0, -2.0; 1
4.0, -2.0, -2.0; 3
5.0, -2.0, -2.0; 6
6.0, -2.0, -2.0; 2
8.0, -2.0, -2.0; 1
9.0, -2.0, -2.0; 1
-10.0, -1.0, -2.0; 2
-9.0, -1.0, -2.0; 6
-8.0, -1.0, -2.0; 7
-7.0, -1.0, -2.0; 15
-6.0, -1.0, -2.0; 5
-5.0, -1.0, -2.0; 12
5.0, -1.0, -2.0; 7
6.0, -1.0, -2.0; 1
8.0, -1.0, -2.0; 1
-10.0, 0.0, -2.0; 2
-9.0, 0.0, -2.0; 7
-8.0, 0.0, -2.0; 8
-7.0, 0.0, -2.0; 6
-6.0, 0.0, -2.0; 61
-5.0, 0.0, -2.0; 14
4.0, 0.0, -2.0; 2
5.0, 0.0, -2.0; 8
7.0, 0.0, -2.0; 1
8.0, 0.0, -2.0; 1
9.0, 0.0, -2.0; 1
-10.0, 1.0, -2.0; 8
-9.0, 1.0, -2.0; 9
-8.0, 1.0, -2.0; 5
-7.0, 1.0, -2.0; 16
-6.0, 1.0, -2.0; 499
-5.0, 1.0, -2.0; 82
4.0, 1.0, -2.0; 5
5.0, 1.0, -2.0; 4
7.0, 1.0, -2.0; 1
9.0, 1.0, -2.0; 3
-10.0, 2.0, -2.0; 3
-9.0, 2.0, -2.0; 15
-8.0, 2.0, -2.0; 12
-7.0, 2.0, -2.0; 33
-6.0, 2.0, -2.0; 39
-5.0, 2.0, -2.0; 20
-4.0, 2.0, -2.0; 1
3.0, 2.0, -2.0; 5
4.0, 2.0, -2.0; 36
5.0, 2.0, -2.0; 11
6.0, 2.0, -2.0; 1
7.0, 2.0, -2.0; 1
8.0, 2.0, -2.0; 1
-10.0, 3.0, -2.0; 3
-9.0, 3.0, -2.0; 16
-8.0, 3.0, -2.0; 13
-7.0, 3.0, -2.0; 18
-6.0, 3.0, -2.0; 37
-5.0, 3.0, -2.0; 8
1.0, 3.0, -2.0; 2
2.0, 3.0, -2.0; 10
3.0, 3.0, -2.0; 16
4.0, 3.0, -2.0; 27
5.0, 3.0, -2.0; 3
6.0, 3.0, -2.0; 1
7.0, 3.0, -2.0; 2
8.0, 3.0, -2.0; 2
-9.0, 4.0, -2.0; 8
-8.0, 4.0, -2.0; 19
-7.0, 4.0, -2.0; 7
-6.0, 4.0, -2.0; 20
-5.0, 4.0, -2.0; 19
-4.0, 4.0, -2.0; 1
-3.0, 4.0, -2.0; 1
-1.0, 4.0, -2.0; 1
0.0, 4.0, -2.0; 1
1.0, 4.0, -2.0; 24
2.0, 4.0, -2.0; 86
3.0, 4.0, -2.0; 7
4.0, 4.0, -2.0; 6
5.0, 4.0, -2.0; 5
7.0, 4.0, -2.0; 3
8.0, 4.0, -2.0; 1
-9.0, 5.0, -2.0; 4
-8.0, 5.0, -2.0; 16
-7.0, 5.0, -2.0; 16
-6.0, 5.0, -2.0; 1
-5.0, 5.0, -2.0; 5
-4.0, 5.0, -2.0; 7
-3.0, 5.0, -2.0; 2
-2.0, 5.0, -2.0; 8
-1.0, 5.0, -2.0; 14
0.0, 5.0, -2.0; 43
1.0, 5.0, -2.0; 62
2.0, 5.0, -2.0; 21
3.0, 5.0, -2.0; 2
4.0, 5.0, -2.0; 5
5.0, 5.0, -2.0; 6
6.0, 5.0, -2.0; 1
7.0, 5.0, -2.0; 3
8.0, 5.0, -2.0; 1
-8.0, 6.0, -2.0; 2
-7.0, 6.0, -2.0; 20
-6.0, 6.0, -2.0; 14
-5.0, 6.0, -2.0; 7
-4.0, 6.0, -2.0; 12
-3.0, 6.0, -2.0; 34
-2.0, 6.0, -2.0; 42
-1.0, 6.0, -2.0; 140
0.0, 6.0, -2.0; 162
1.0, 6.0, -2.0; 81
2.0, 6.0, -2.0; 4
3.0, 6.0, -2.0; 13
4.0, 6.0, -2.0; 8
5.0, 6.0, -2.0; 2
6.0, 6.0, -2.0; 1
7.0, 6.0, -2.0; 3
-7.0, 7.0, -2.0; 6
-6.0, 7.0, -2.0; 16
-5.0, 7.0, -2.0; 19
-4.0, 7.0, -2.0; 10
-3.0, 7.0, -2.0; 9
-2.0, 7.0, -2.0; 8
-1.0, 7.0, -2.0; 6
0.0, 7.0, -2.0; 8
1.0, 7.0, -2.0; 4
2.0, 7.0, -2.0; 11
3.0, 7.0, -2.0; 15
4.0, 7.0, -2.0; 9
5.0, 7.0, -2.0; 1
-6.0, 8.0, -2.0; 9
-5.0, 8.0, -2.0; 28
-4.0, 8.0, -2.0; 56
-3.0, 8.0, -2.0; 62
-2.0, 8.0, -2.0; 38
-1.0, 8.0, -2.0; 29
0.0, 8.0, -2.0; 15
1.0, 8.0, -2.0; 24
2.0, 8.0, -2.0; 27
3.0, 8.0, -2.0; 13
4.0, 8.0, -2.0; 3
5.0, 8.0, -2.0; 2
-4.0, 9.0, -2.0; 14
-3.0, 9.0, -2.0; 30
-2.0, 9.0, -2.0; 53
-1.0, 9.0, -2.0; 38
0.0, 9.0, -2.0; 30
1.0, 9.0, -2.0; 37
2.0, 9.0, -2.0; 13
3.0, 9.0, -2.0; 1
-5.0, -10.0, -1.0; 2
-4.0, -10.0, -1.0; 18
-3.0, -10.0, -1.0; 61
-2.0, -10.0, -1.0; 70
-1.0, -10.0, -1.0; 90
0.0, -10.0, -1.0; 74
1.0, -10.0, -1.0; 65
2.0, -10.0, -1.0; 12
3.0, -10.0, -1.0; 2
-6.0, -9.0, -1.0; 13
-5.0, -9.0, -1.0; 34
-4.0, -9.0, -1.0; 12
-3.0, -9.0, -1.0; 12
-2.0, -9.0, -1.0; 13
-1.0, -9.0, -1.0; 20
0.0, -9.0, -1.0; 20
1.0, -9.0, -1.0; 43
2.0, -9.0, -1.0; 43
3.0, -9.0, -1.0; 15
4.0, -9.0, -1.0; 4
5.0, -9.0, -1.0; 1
-7.0, -8.0, -1.0; 11
-6.0, -8.0, -1.0; 13
-5.0, -8.0, -1.0; 3
-4.0, -8.0, -1.0; 7
-3.0, -8.0, -1.0; 3
-2.0, -8.0, -1.0; 10
-1.0, -8.0, -1.0; 51
0.0, -8.0, -1.0; 9
1.0, -8.0, -1.0; 10
2.0, -8.0, -1.0; 7
3.0, -8.0, -1.0; 13
4.0, -8.0, -1.0; 8
5.0, -8.0, -1.0; 4
6.0, -8.0, -1.0; 2
-8.0, -7.0, -1.0; 10
-7.0, -7.0, -1.0; 18
-6.0, -7.0, -1.0; 6
-5.0, -7.0, -1.0; 4
-4.0, -7.0, -1.0; 1
-3.0, -7.0, -1.0; 7
-2.0, -7.0, -1.0; 35
-1.0, -7.0, -1.0; 190
0.0, -7.0, -1.0; 256
1.0, -7.0, -1.0; 77
2.0, -7.0, -1.0; 8
3.0, -7.0, -1.0; 6
4.0, -7.0, -1.0; 5
5.0, -7.0, -1.0; 2
6.0, -7.0, -1.0; 3
7.0, -7.0, -1.0; 1
-9.0, -6.0, -1.0; 3
-8.0, -6.0, -1.0; 26
-7.0, -6.0, -1.0; 7
-5.0, -6.0, -1.0; 1
-4.0, -6.0, -1.0; 1
-3.0, -6.0, -1.0; 1
-2.0, -6.0, -1.0; 2
-1.0, -6.0, -1.0; 14
0.0, -6.0, -1.0; 74
1.0, -6.0, -1.0; 63
2.0, -6.0, -1.0; 30
3.0, -6.0, -1.0; 10
4.0, -6.0, -1.0; 3
5.0, -6.0, -1.0; 6
6.0, -6.0, -1.0; 3
7.0, -6.0, -1.0; 2
-9.0, -5.0, -1.0; 11
-8.0, -5.0, -1.0; 16
-7.0, -5.0, -1.0; 6
-6.0, -5.0, -1.0; 8
-5.0, -5.0, -1.0; 6
-3.0, -5.0, -1.0; 1
-2.0, -5.0, -1.0; 1
-1.0, -5.0, -1.0; 1
0.0, -5.0, -1.0; 6
1.0, -5.0, -1.0; 4
2.0, -5.0, -1.0; 25
3.0, -5.0, -1.0; 24
4.0, -5.0, -1.0; 10
5.0, -5.0, -1.0; 5
6.0, -5.0, -1.0; 3
7.0, -5.0, -1.0; 1
8.0, -5.0, -1.0; 3
-10.0, -4.0, -1.0; 3
-9.0, -4.0, -1.0; 13
-8.0, -4.0, -1.0; 13
-7.0, -4.0, -1.0; 20
-6.0, -4.0, -1.0; 14
-5.0, -4.0, -1.0; 1
2.0, -4.0, -1.0; 2
3.0, -4.0, -1.0; 5
4.0, -4.0, -1.0; 8
5.0, -4.0, -1.0; 10
6.0, -4.0, -1.0; 6
-10.0, -3.0, -1.0; 1
-9.0, -3.0, -1.0; 10
-8.0, -3.0, -1.0; 7
-7.0, -3.0, -1.0; 12
-6.0, -3.0, -1.0; 15
-5.0, -3.0, -1.0; 5
4.0, -3.0, -1.0; 1
5.0, -3.0, -1.0; 7
6.0, -3.0, -1.0; 3
8.0, -3.0, -1.0; 4
-10.0, -2.0, -1.0; 3
-9.0, -2.0, -1.0; 18
-8.0, -2.0, -1.0; 15
-7.0, -2.0, -1.0; 18
-6.0, -2.0, -1.0; 15
-5.0, -2.0, -1.0; 6
4.0, -2.0, -1.0; 1
5.0, -2.0, -1.0; 7
6.0, -2.0, -1.0; 2
7.0, -2.0, -1.0; 3
8.0, -2.0, -1.0; 2
-10.0, -1.0, -1.0; 3
-9.0, -1.0, -1.0; 9
-8.0, -1.0, -1.0; 11
-7.0, -1.0, -1.0; 14
-6.0, -1.0, -1.0; 15
-5.0, -1.0, -1.0; 7
5.0, -1.0, -1.0; 1
7.0, -1.0, -1.0; 1
8.0, -1.0, -1.0; 2
-10.0, 0.0, -1.0; 1
-9.0, 0.0, -1.0; 2
-8.0, 0.0, -1.0; 9
-7.0, 0.0, -1.0; 8
-6.0, 0.0, -1.0; 37
-5.0, 0.0, -1.0; 4
5.0, 0.0, -1.0; 6
6.0, 0.0, -1.0; 1
7.0, 0.0, -1.0; 3
8.0, 0.0, -1.0; 2
-10.0, 1.0, -1.0; 4
-9.0, 1.0, -1.0; 4
-8.0, 1.0, -1.0; 7
-7.0, 1.0, -1.0; 2
-6.0, 1.0, -1.0; 859
-5.0, 1.0, -1.0; 135
4.0, 1.0, -1.0; 1
5.0, 1.0, -1.0; 9
6.0, 1.0, -1.0; 2
7.0, 1.0, -1.0; 2
-10.0, 2.0, -1.0; 3
-9.0, 2.0, -1.0; 13
-8.0, 2.0, -1.0; 2
-7.0, 2.0, -1.0; 9
-6.0, 2.0, -1.0; 80
-5.0, 2.0, -1.0; 48
3.0, 2.0, -1.0; 4
4.0, 2.0, -1.0; 59
5.0, 2.0, -1.0; 3
6.0, 2.0, -1.0; 2
8.0, 2.0, -1.0; 2
9.0, 2.0, -1.0; 3
-10.0, 3.0, -1.0; 2
-9.0, 3.0, -1.0; 21
-8.0, 3.0, -1.0; 10
-7.0, 3.0, -1.0; 16
-6.0, 3.0, -1.0; 28
-5.0, 3.0, -1.0; 23
2.0, 3.0, -1.0; 2
3.0, 3.0, -1.0; 36
4.0, 3.0, -1.0; 72
5.0, 3.0, -1.0; 2
6.0, 3.0, -1.0; 1
8.0, 3.0, -1.0; 2
9.0, 3.0, -1.0; 1
-9.0, 4.0, -1.0; 11
-8.0, 4.0, -1.0; 26
-7.0, 4.0, -1.0; 8
-6.0, 4.0, -1.0; 28
-5.0, 4.0, -1.0; 45
-4.0, 4.0, -1.0; 4
-3.0, 4.0, -1.0; 2
1.0, 4.0, -1.0; 6
2.0, 4.0, -1.0; 44
3.0, 4.0, -1.0; 13
4.0, 4.0, -1.0; 21
5.0, 4.0, -1.0; 2
6.0, 4.0, -1.0; 4
7.0, 4.0, -1.0; 3
8.0, 4.0, -1.0; 2
-9.0, 5.0, -1.0; 2
-8.0, 5.0, -1.0; 11
-7.0, 5.0, -1.0; 22
-6.0, 5.0, -1.0; 8
-5.0, 5.0, -1.0; 20
-4.0, 5.0, -1.0; 57
-3.0, 5.0, -1.0; 38
-2.0, 5.0, -1.0; 7
-1.0, 5.0, -1.0; 11
0.0, 5.0, -1.0; 24
1.0, 5.0, -1.0; 61
2.0, 5.0, -1.0; 41
3.0, 5.0, -1.0; 7
4.0, 5.0, -1.0; 4
5.0, 5.0, -1.0; 1
6.0, 5.0, -1.0; 1
7.0, 5.0, -1.0; 1
-8.0, 6.0, -1.0; 6
-7.0, 6.0, -1.0; 84
-6.0, 6.0, -1.0; 246
-5.0, 6.0, -1.0; 97
-4.0, 6.0, -1.0; 27
-3.0, 6.0, -1.0; 44
-2.0, 6.0, -1.0; 71
-1.0, 6.0, -1.0; 140
0.0, 6.0, -1.0; 255
1.0, 6.0, -1.0; 148
2.0, 6.0, -1.0; 9
3.0, 6.0, -1.0; 9
4.0, 6.0, -1.0; 13
5.0, 6.0, -1.0; 2
6.0, 6.0, -1.0; 1
-8.0, 7.0, -1.0; 1
-7.0, 7.0, -1.0; 10
-6.0, 7.0, -1.0; 33
-5.0, 7.0, -1.0; 58
-4.0, 7.0, -1.0; 24
-3.0, 7.0, -1.0; 12
-2.0, 7.0, -1.0; 7
-1.0, 7.0, -1.0; 49
0.0, 7.0, -1.0; 73
1.0, 7.0, -1.0; 6
2.0, 7.0, -1.0; 13
3.0, 7.0, -1.0; 12
4.0, 7.0, -1.0; 6
5.0, 7.0, -1.0; 2
-6.0, 8.0, -1.0; 7
-5.0, 8.0, -1.0; 27
-4.0, 8.0, -1.0; 29
-3.0, 8.0, -1.0; 36
-2.0, 8.0, -1.0; 24
-1.0, 8.0, -1.0; 25
0.0, 8.0, -1.0; 11
1.0, 8.0, -1.0; 24
2.0, 8.0, -1.0; 27
3.0, 8.0, -1.0; 8
4.0, 8.0, -1.0; 3
-5.0, 9.0, -1.0; 1
-4.0, 9.0, -1.0; 13
-3.0, 9.0, -1.0; 22
-2.0, 9.0, -1.0; 45
-1.0, 9.0, -1.0; 55
0.0, 9.0, -1.0; 53
1.0, 9.0, -1.0; 34
2.0, 9.0, -1.0; 7
3.0, 9.0, -1.0; 2
-5.0, -10.0, 0.0; 2
-4.0, -10.0, 0.0; 27
-3.0, -10.0, 0.0; 48
-2.0, -10.0, 0.0; 55
-1.0, -10.0, 0.0; 54
0.0, -10.0, 0.0; 69
1.0, -10.0, 0.0; 31
2.0, -10.0, 0.0; 9
3.0, -10.0, 0.0; 2
-6.0, -9.0, 0.0; 13
-5.0, -9.0, 0.0; 28
-4.0, -9.0, 0.0; 24
-3.0, -9.0, 0.0; 11
-2.0, -9.0, 0.0; 11
-1.0, -9.0, 0.0; 9
0.0, -9.0, 0.0; 13
1.0, -9.0, 0.0; 25
2.0, -9.0, 0.0; 28
3.0, -9.0, 0.0; 12
4.0, -9.0, 0.0; 4
-7.0, -8.0, 0.0; 18
-6.0, -8.0, 0.0; 22
-5.0, -8.0, 0.0; 14
-4.0, -8.0, 0.0; 2
-3.0, -8.0, 0.0; 4
-2.0, -8.0, 0.0; 34
-1.0, -8.0, 0.0; 39
0.0, -8.0, 0.0; 10
1.0, -8.0, 0.0; 6
2.0, -8.0, 0.0; 12
3.0, -8.0, 0.0; 9
4.0, -8.0, 0.0; 3
5.0, -8.0, 0.0; 3
-8.0, -7.0, 0.0; 14
-7.0, -7.0, 0.0; 17
-6.0, -7.0, 0.0; 11
-5.0, -7.0, 0.0; 2
-4.0, -7.0, 0.0; 34
-3.0, -7.0, 0.0; 127
-2.0, -7.0, 0.0; 366
-1.0, -7.0, 0.0; 479
0.0, -7.0, 0.0; 340
1.0, -7.0, 0.0; 29
2.0, -7.0, 0.0; 4
3.0, -7.0, 0.0; 6
4.0, -7.0, 0.0; 8
5.0, -7.0, 0.0; 6
6.0, -7.0, 0.0; 1
-8.0, -6.0, 0.0; 20
-7.0, -6.0, 0.0; 8
-6.0, -6.0, 0.0; 12
-5.0, -6.0, 0.0; 44
-4.0, -6.0, 0.0; 18
-3.0, -6.0, 0.0; 4
-2.0, -6.0, 0.0; 11
-1.0, -6.0, 0.0; 37
0.0, -6.0, 0.0; 104
1.0, -6.0, 0.0; 56
2.0, -6.0, 0.0; 20
3.0, -6.0, 0.0; 18
4.0, -6.0, 0.0; 10
5.0, -6.0, 0.0; 3
6.0, -6.0, 0.0; 3
7.0, -6.0, 0.0; 2
-9.0, -5.0, 0.0; 11
-8.0, -5.0, 0.0; 15
-7.0, -5.0, 0.0; 9
-6.0, -5.0, 0.0; 91
-5.0, -5.0, 0.0; 7
-4.0, -5.0, 0.0; 3
-1.0, -5.0, 0.0; 1
0.0, -5.0, 0.0; 7
1.0, -5.0, 0.0; 1
2.0, -5.0, 0.0; 14
3.0, -5.0, 0.0; 10
4.0, -5.0, 0.0; 8
5.0, -5.0, 0.0; 1
6.0, -5.0, 0.0; 1
7.0, -5.0, 0.0; 1
8.0, -5.0, 0.0; 1
9.0, -5.0, 0.0; 1
-10.0, -4.0, 0.0; 1
-9.0, -4.0, 0.0; 11
-8.0, -4.0, 0.0; 16
-7.0, -4.0, 0.0; 22
-6.0, -4.0, 0.0; 42
-5.0, -4.0, 0.0; 1
-4.0, -4.0, 0.0; 1
3.0, -4.0, 0.0; 1
4.0, -4.0, 0.0; 5
5.0, -4.0, 0.0; 6
6.0, -4.0, 0.0; 1
7.0, -4.0, 0.0; 1
8.0, -4.0, 0.0; 2
9.0, -4.0, 0.0; 1
-10.0, -3.0, 0.0; 2
-9.0, -3.0, 0.0; 11
-8.0, -3.0, 0.0; 6
-7.0, -3.0, 0.0; 9
-6.0, -3.0, 0.0; 9
-5.0, -3.0, 0.0; 2
3.0, -3.0, 0.0; 1
4.0, -3.0, 0.0; 2
5.0, -3.0, 0.0; 3
6.0, -3.0, 0.0; 2
7.0, -3.0, 0.0; 1
8.0, -3.0, 0.0; 1
9.0, -3.0, 0.0; 1
-10.0, -2.0, 0.0; 9
-9.0, -2.0, 0.0; 9
-8.0, -2.0, 0.0; 12
-7.0, -2.0, 0.0; 7
-6.0, -2.0, 0.0; 16
-5.0, -2.0, 0.0; 1
4.0, -2.0, 0.0; 1
5.0, -2.0, 0.0; 4
6.0, -2.0, 0.0; 3
8.0, -2.0, 0.0; 1
9.0, -2.0, 0.0; 1
-10.0, -1.0, 0.0; 1
-9.0, -1.0, 0.0; 6
-8.0, -1.0, 0.0; 7
-7.0, -1.0, 0.0; 14
-6.0, -1.0, 0.0; 57
-5.0, -1.0, 0.0; 9
5.0, -1.0, 0.0; 3
6.0, -1.0, 0.0; 1
7.0, -1.0, 0.0; 3
-10.0, 0.0, 0.0; 4
-9.0, 0.0, 0.0; 8
-8.0, 0.0, 0.0; 6
-7.0, 0.0, 0.0; 9
-6.0, 0.0, 0.0; 28
-5.0, 0.0, 0.0; 10
-1.0, 0.0, 0.0; 1
6.0
16.3081270183
