-8.0, -2.0, -5.0; 1
-4.0, -2.0, -5.0; 1
-3.0, -2.0, -5.0; 30
-2.0, -2.0, -5.0; 6
-1.0, -2.0, -5.0; 2
0.0, -2.0, -5.0; 9
1.0, -2.0, -5.0; 13
2.0, -2.0, -5.0; 4
0.0, 3.0, 5.0; 1
1.0, 3.0, 5.0; 1
-6.0, 1.0, 0.0; 16
-5.0, 1.0, 0.0; 12
-8.0, -1.0, -5.0; 1
-7.0, -2.0, -6.0; 1
-6.0, -1.0, -5.0; 1
-3.0, -5.0, -4.0; 1
-3.0, -1.0, -5.0; 3
-2.0, -1.0, -5.0; 2
-5.0, 4.0, 5.0; 1
0.0, -1.0, -5.0; 1
-3.0, 4.0, 5.0; 1
-2.0, 4.0, 5.0; 2
-1.0, 4.0, 5.0; 1
0.0, 4.0, 5.0; 1
1.0, 4.0, 5.0; 1
-2.0, -3.0, -10.0; 1
-5.0, 2.0, 0.0; 11
-6.0, 3.0, 5.0; 1
-7.0, 0.0, -5.0; 1
-2.0, -6.0, -6.0; 2
-4.0, 0.0, -5.0; 2
-7.0, 5.0, 5.0; 1
-4.0, 5.0, 5.0; 1
-1.0, 1.0, -6.0; 2
0.0, 5.0, 5.0; 2
5.0, 0.0, -5.0; 1
-6.0, 3.0, 0.0; 2
-3.0, 3.0, 5.0; 1
0.0, -2.0, -10.0; 1
-9.0, 1.0, -5.0; 1
3.0, 3.0, 0.0; 1
5.0, 3.0, 0.0; 1
-2.0, 1.0, -5.0; 1
-3.0, 6.0, 5.0; 1
0.0, 6.0, 5.0; 1
1.0, 6.0, 5.0; 1
-6.0, 4.0, 0.0; 1
-4.0, 4.0, 0.0; 1
1.0, 4.0, 0.0; 3
2.0, 4.0, 0.0; 1
-5.0, 2.0, -5.0; 3
4.0, 4.0, 0.0; 2
-3.0, 2.0, -5.0; 1
-4.0, 3.0, -4.0; 1
-1.0, 7.0, 5.0; 2
-8.0, 5.0, 0.0; 1
5.0, 2.0, -5.0; 2
-6.0, 5.0, 0.0; 1
-1.0, 0.0, -10.0; 1
-3.0, 5.0, 0.0; 4
-2.0, 5.0, 0.0; 2
-1.0, 5.0, 0.0; 3
0.0, 5.0, 0.0; 3
1.0, 5.0, 0.0; 4
-6.0, 3.0, -5.0; 1
-7.0, 0.0, 4.0; 1
-3.0, 3.0, -5.0; 1
-2.0, 3.0, -5.0; 1
-1.0, 3.0, -5.0; 3
0.0, 3.0, -5.0; 3
1.0, 3.0, -5.0; 2
-7.0, 6.0, 0.0; 10
-6.0, 6.0, 0.0; 56
-5.0, 6.0, 0.0; 16
-4.0, 6.0, 0.0; 1
-3.0, 6.0, 0.0; 7
-2.0, 6.0, 0.0; 11
-1.0, 6.0, 0.0; 13
0.0, 6.0, 0.0; 10
1.0, 6.0, 0.0; 5
2.0, 6.0, 0.0; 1
3.0, 6.0, 0.0; 1
-4.0, 4.0, -5.0; 1
-2.0, 4.0, -5.0; 1
-1.0, 4.0, -5.0; 1
0.0, 4.0, -5.0; 1
4.0, 4.0, -5.0; 2
-6.0, 7.0, 0.0; 5
-5.0, 7.0, 0.0; 8
-4.0, 7.0, 0.0; 3
-3.0, 7.0, 0.0; 2
-1.0, 7.0, 0.0; 5
0.0, 7.0, 0.0; 6
-7.0, 5.0, -5.0; 1
-5.0, 5.0, -5.0; 1
-3.0, 5.0, -5.0; 1
1.0, -10.0, -2.0; 3
-4.0, 8.0, 0.0; 1
-3.0, 8.0, 0.0; 1
-1.0, 8.0, 0.0; 1
0.0, 8.0, 0.0; 2
1.0, 8.0, 0.0; 2
-1.0, -1.0, -5.0; 3
-4.0, 6.0, -5.0; 1
6.0, -6.0, -5.0; 1
-1.0, 2.0, -6.0; 2
4.0, 6.0, -5.0; 1
1.0, -1.0, -5.0; 2
-8.0, -4.0, 2.0; 1
-2.0, 9.0, 0.0; 5
-1.0, 9.0, 0.0; 2
0.0, 9.0, 0.0; 2
-10.0, 2.0, 0.0; 1
3.0, 9.0, 0.0; 1
-4.0, 7.0, -5.0; 1
-3.0, 7.0, -5.0; 1
1.0, 7.0, -5.0; 1
2.0, 7.0, -5.0; 2
-3.0, -10.0, 1.0; 1
-2.0, -10.0, 1.0; 2
-1.0, -10.0, 1.0; 1
0.0, -10.0, 1.0; 2
1.0, -10.0, 1.0; 1
-6.0, 2.0, 0.0; 1
-2.0, -8.0, 6.0; 1
-7.0, 5.0, -1.0; 1
0.0, -7.0, 6.0; 2
-6.0, -9.0, 1.0; 2
-5.0, -9.0, 1.0; 1
-4.0, -9.0, 1.0; 1
-3.0, -9.0, 1.0; 3
-2.0, -9.0, 1.0; 2
-1.0, -9.0, 1.0; 2
0.0, -9.0, 1.0; 2
-5.0, -3.0, 7.0; 2
1.0, -7.0, 3.0; 1
-4.0, -6.0, 6.0; 1
-7.0, -6.0, -3.0; 1
1.0, -6.0, 6.0; 1
-6.0, -8.0, 1.0; 2
0.0, -8.0, 1.0; 1
1.0, -8.0, 1.0; 1
2.0, -8.0, 1.0; 1
-5.0, -5.0, 6.0; 1
1.0, -10.0, -4.0; 1
-7.0, -7.0, 1.0; 3
-6.0, -7.0, 1.0; 1
3.0, -5.0, 6.0; 1
-4.0, -7.0, 1.0; 4
-3.0, -7.0, 1.0; 17
-2.0, -7.0, 1.0; 19
-1.0, -7.0, 1.0; 13
0.0, -7.0, 1.0; 3
1.0, -7.0, 1.0; 10
2.0, -7.0, 1.0; 7
-6.0, -4.0, 6.0; 2
-3.0, 0.0, -5.0; 1
4.0, 5.0, -1.0; 1
-5.0, -6.0, 1.0; 7
-4.0, -6.0, 1.0; 5
-3.0, -6.0, 1.0; 3
-2.0, -6.0, 1.0; 3
-1.0, -6.0, 1.0; 12
0.0, -6.0, 1.0; 3
1.0, -6.0, 1.0; 2
2.0, -6.0, 1.0; 10
3.0, -6.0, 1.0; 3
4.0, -6.0, 1.0; 1
-2.0, -8.0, -4.0; 3
-1.0, -8.0, -4.0; 2
0.0, -8.0, -4.0; 2
2.0, -8.0, -4.0; 2
-7.0, -5.0, 1.0; 1
-6.0, -5.0, 1.0; 3
-5.0, -5.0, 1.0; 8
-3.0, -5.0, 1.0; 1
0.0, -5.0, 1.0; 2
1.0, -5.0, 1.0; 1
-6.0, -7.0, -4.0; 1
3.0, -5.0, 1.0; 2
-4.0, -7.0, -4.0; 1
-3.0, -7.0, -4.0; 1
6.0, -5.0, 1.0; 2
-9.0, 3.0, 0.0; 1
0.0, -7.0, -4.0; 5
1.0, -7.0, -4.0; 4
2.0, -7.0, -4.0; 1
-7.0, 0.0, 1.0; 1
-8.0, -4.0, 1.0; 1
4.0, 0.0, -5.0; 2
-6.0, -4.0, 1.0; 6
-9.0, 3.0, -3.0; 1
-7.0, 3.0, 0.0; 1
3.0, -4.0, 1.0; 1
-7.0, 5.0, 0.0; 2
0.0, -6.0, -4.0; 3
1.0, -6.0, -4.0; 19
-10.0, -3.0, 1.0; 1
-5.0, 3.0, 0.0; 1
-8.0, -3.0, 1.0; 2
-7.0, -3.0, 1.0; 1
-6.0, -3.0, 1.0; 1
4.0, -1.0, 6.0; 1
-1.0, 9.0, -4.0; 1
-6.0, -5.0, -4.0; 1
5.0, -3.0, 1.0; 1
-2.0, -5.0, -4.0; 2
-1.0, -5.0, -4.0; 11
0.0, -5.0, -4.0; 4
1.0, -5.0, -4.0; 10
2.0, -5.0, -4.0; 1
-8.0, -2.0, 1.0; 1
6.0, -5.0, -4.0; 2
-7.0, -4.0, -4.0; 1
-6.0, -4.0, -4.0; 1
-5.0, -4.0, -4.0; 1
-4.0, -4.0, -4.0; 4
6.0, -2.0, 1.0; 1
-1.0, -4.0, -4.0; 3
0.0, -4.0, -4.0; 1
1.0, -4.0, -4.0; 4
2.0, -4.0, -4.0; 6
-8.0, 3.0, 5.0; 1
-6.0, -1.0, 1.0; 1
0.0, -6.0, -7.0; 1
-9.0, -3.0, -4.0; 2
-5.0, -3.0, -4.0; 1
-4.0, -3.0, -4.0; 15
-3.0, -3.0, -4.0; 2
-5.0, 2.0, 6.0; 2
-4.0, 2.0, 6.0; 1
1.0, -3.0, -4.0; 47
2.0, -3.0, -4.0; 17
3.0, -3.0, -4.0; 3
5.0, -3.0, -4.0; 2
-6.0, 0.0, 1.0; 2
-1.0, -5.0, -9.0; 1
-7.0, -2.0, -4.0; 1
-6.0, -2.0, -4.0; 1
-5.0, -2.0, -4.0; 1
-4.0, -2.0, -4.0; 2
-3.0, -2.0, -4.0; 1
-6.0, 3.0, 6.0; 1
-1.0, -2.0, -4.0; 1
2.0, -2.0, -4.0; 2
5.0, 2.0, -4.0; 1
-8.0, 1.0, 1.0; 2
-7.0, 1.0, 1.0; 1
-7.0, -5.0, 3.0; 1
8.0, -2.0, -4.0; 1
1.0, -4.0, -9.0; 1
-9.0, 1.0, 1.0; 1
-8.0, -1.0, -4.0; 1
-4.0, -1.0, -4.0; 2
4.0, -2.0, -4.0; 1
2.0, -1.0, -4.0; 1
-5.0, 2.0, 1.0; 7
0.0, -3.0, -9.0; 1
0.0, 0.0, -9.0; 1
-6.0, 0.0, -4.0; 1
-5.0, 0.0, -4.0; 3
4.0, 2.0, 1.0; 2
-5.0, -4.0, 4.0; 1
-3.0, 5.0, 6.0; 2
-4.0, -2.0, -9.0; 1
5.0, 0.0, -4.0; 1
-5.0, 3.0, 1.0; 1
-4.0, 3.0, 1.0; 1
-1.0, 1.0, -7.0; 1
-9.0, 1.0, -4.0; 1
3.0, 3.0, 1.0; 1
5.0, 3.0, 1.0; 1
-3.0, 6.0, 6.0; 1
-2.0, 6.0, 6.0; 1
-8.0, 4.0, 1.0; 1
5.0, 1.0, -4.0; 2
-6.0, 4.0, 1.0; 2
-5.0, 4.0, 1.0; 1
0.0, -1.0, -9.0; 1
-3.0, 4.0, 1.0; 2
-8.0, 2.0, -4.0; 1
1.0, 4.0, 1.0; 1
-6.0, 2.0, -4.0; 1
3.0, 4.0, 1.0; 3
-3.0, -7.0, -7.0; 1
0.0, 7.0, 6.0; 1
-3.0, 0.0, -9.0; 1
-4.0, 5.0, 1.0; 3
-3.0, 5.0, 1.0; 107
-2.0, 5.0, 1.0; 90
-1.0, 5.0, 1.0; 7
0.0, 5.0, 1.0; 7
-6.0, 3.0, -4.0; 1
3.0, 5.0, 1.0; 1
4.0, 5.0, 1.0; 1
5.0, 5.0, 1.0; 1
2.0, 4.0, 3.0; 1
-1.0, -4.0, -3.0; 1
0.0, 3.0, -4.0; 1
1.0, 3.0, -4.0; 2
-4.0, 1.0, -9.0; 1
-6.0, 6.0, 1.0; 6
-5.0, 6.0, 1.0; 2
-4.0, 6.0, 1.0; 4
-3.0, 6.0, 1.0; 4
-2.0, 6.0, 1.0; 5
-1.0, 6.0, 1.0; 8
0.0, 6.0, 1.0; 4
1.0, 6.0, 1.0; 1
2.0, 6.0, 1.0; 1
-2.0, 4.0, -4.0; 1
-1.0, 4.0, -4.0; 2
0.0, 4.0, -4.0; 5
1.0, 4.0, -4.0; 2
2.0, 4.0, -4.0; 1
-9.0, -1.0, 2.0; 1
4.0, 4.0, -4.0; 1
-6.0, 7.0, 1.0; 3
-5.0, 7.0, 1.0; 3
-4.0, 7.0, 1.0; 2
-1.0, 7.0, 1.0; 1
4.0, 2.0, -9.0; 1
-7.0, 5.0, -4.0; 1
2.0, 7.0, 1.0; 2
3.0, 7.0, 1.0; 1
4.0, 7.0, 1.0; 1
-2.0, 5.0, -4.0; 2
-1.0, 5.0, -4.0; 6
0.0, 5.0, -4.0; 3
1.0, 5.0, -4.0; 1
-4.0, 3.0, -9.0; 1
5.0, 5.0, -4.0; 1
-5.0, 8.0, 1.0; 1
-2.0, 8.0, 1.0; 3
-1.0, 8.0, 1.0; 2
0.0, 8.0, 1.0; 2
1.0, 8.0, 1.0; 1
2.0, 8.0, 1.0; 2
-5.0, 6.0, -4.0; 1
0.0, 6.0, -4.0; 1
2.0, 6.0, -4.0; 1
3.0, 6.0, -4.0; 1
-4.0, -10.0, -2.0; 1
-1.0, 4.0, -9.0; 1
-3.0, 9.0, 1.0; 3
-2.0, 9.0, 1.0; 5
-1.0, 9.0, 1.0; 9
1.0, 9.0, 1.0; 4
1.0, -4.0, 3.0; 1
-4.0, 7.0, -4.0; 1
-1.0, 7.0, -4.0; 1
7.0, 3.0, -5.0; 1
-9.0, 3.0, -4.0; 1
-1.0, -10.0, 2.0; 1
-8.0, 3.0, -5.0; 1
3.0, 4.0, -4.0; 2
-2.0, 8.0, -4.0; 1
-1.0, 8.0, -4.0; 2
2.0, 8.0, -4.0; 1
-9.0, 1.0, -1.0; 1
-5.0, 1.0, -8.0; 3
-3.0, 3.0, 4.0; 1
-4.0, -9.0, 2.0; 1
-2.0, -9.0, 2.0; 1
-1.0, -9.0, 2.0; 1
0.0, -9.0, 2.0; 1
1.0, -9.0, 2.0; 1
2.0, -9.0, 2.0; 1
3.0, -9.0, 2.0; 1
-5.0, 2.0, 7.0; 1
-2.0, -4.0, 9.0; 1
-6.0, -8.0, 2.0; 2
-5.0, -8.0, 2.0; 1
-4.0, -8.0, 2.0; 2
-3.0, 6.0, -6.0; 1
0.0, -8.0, 2.0; 1
1.0, -8.0, 2.0; 2
2.0, -8.0, 2.0; 1
3.0, -8.0, 2.0; 1
-3.0, -10.0, -3.0; 1
-1.0, -10.0, -3.0; 1
0.0, -10.0, -3.0; 3
1.0, -10.0, -3.0; 1
-2.0, -5.0, 7.0; 1
-7.0, -7.0, 2.0; 1
-6.0, -7.0, 2.0; 3
-3.0, -7.0, 2.0; 2
-2.0, -7.0, 2.0; 1
-1.0, -7.0, 2.0; 1
1.0, -7.0, 2.0; 1
3.0, -7.0, 2.0; 1
4.0, -7.0, 2.0; 2
-3.0, -9.0, -3.0; 1
-2.0, -9.0, -3.0; 1
7.0, -2.0, -6.0; 1
0.0, -9.0, -3.0; 3
1.0, -9.0, -3.0; 1
2.0, -9.0, -3.0; 1
-1.0, -4.0, 7.0; 1
-8.0, -6.0, 2.0; 3
-6.0, -6.0, 2.0; 1
-4.0, -6.0, 2.0; 4
-3.0, -6.0, 2.0; 3
-2.0, -6.0, 2.0; 3
-1.0, -6.0, 2.0; 2
1.0, -6.0, 2.0; 1
-6.0, -8.0, -3.0; 1
-5.0, -8.0, -3.0; 1
6.0, 3.0, -5.0; 1
-2.0, -8.0, -3.0; 1
-1.0, -8.0, -3.0; 2
0.0, -8.0, -3.0; 1
2.0, -8.0, -3.0; 1
3.0, -8.0, -3.0; 3
-7.0, -5.0, 2.0; 2
-5.0, -5.0, 2.0; 3
-4.0, -5.0, 2.0; 4
-3.0, -5.0, 2.0; 3
0.0, -5.0, 2.0; 1
-7.0, -7.0, -3.0; 2
3.0, -5.0, 2.0; 1
-4.0, -7.0, -3.0; 1
4.0, 3.0, -3.0; 1
-1.0, -7.0, -3.0; 1
0.0, -7.0, -3.0; 4
1.0, -7.0, -3.0; 2
2.0, -7.0, -3.0; 1
4.0, -7.0, -3.0; 1
5.0, -7.0, -3.0; 1
-5.0, -4.0, 2.0; 6
7.0, -1.0, -4.0; 1
6.0, -1.0, -5.0; 1
-8.0, -6.0, -3.0; 1
1.0, -4.0, 2.0; 1
-7.0, -1.0, 7.0; 1
-2.0, -6.0, -3.0; 2
-1.0, -6.0, -3.0; 5
0.0, -6.0, -3.0; 14
1.0, -6.0, -3.0; 137
2.0, -6.0, -3.0; 8
-5.0, 1.0, -4.0; 2
5.0, -6.0, -3.0; 1
-5.0, -3.0, 2.0; 1
-2.0, -9.0, -4.0; 1
4.0, -1.0, -3.0; 2
1.0, -3.0, 2.0; 1
-1.0, -5.0, -3.0; 1
0.0, -5.0, -3.0; 9
1.0, -5.0, -3.0; 2
2.0, -5.0, -3.0; 8
5.0, -5.0, -3.0; 1
6.0, -5.0, -3.0; 1
-5.0, -2.0, 2.0; 2
-4.0, -2.0, 2.0; 1
-8.0, -4.0, -3.0; 3
-5.0, -4.0, -3.0; 1
5.0, -2.0, 2.0; 1
-5.0, 1.0, 7.0; 1
1.0, -4.0, -3.0; 1
2.0, -4.0, -3.0; 4
3.0, -4.0, -3.0; 2
-8.0, -1.0, 2.0; 1
-5.0, -1.0, 2.0; 1
0.0, 3.0, 7.0; 1
-8.0, -3.0, -3.0; 1
-6.0, -3.0, -3.0; 1
-5.0, -3.0, -3.0; 2
0.0, 7.0, 5.0; 1
-3.0, -3.0, -3.0; 1
6.0, -1.0, 2.0; 1
7.0, -5.0, -2.0; 1
-4.0, 2.0, 7.0; 1
-2.0, 2.0, 7.0; 1
-3.0, -5.0, -8.0; 1
-6.0, 0.0, 2.0; 1
2.0, 6.0, 6.0; 1
0.0, -4.0, -8.0; 1
-5.0, -2.0, -3.0; 1
2.0, -7.0, -7.0; 1
-3.0, 3.0, 7.0; 1
-4.0, -4.0, -8.0; 1
-7.0, 1.0, 2.0; 1
-6.0, 1.0, 2.0; 1
-5.0, 1.0, 2.0; 16
-4.0, 1.0, 2.0; 21
2.0, -4.0, -8.0; 1
-9.0, 2.0, 2.0; 1
-4.0, -3.0, -8.0; 1
1.0, 4.0, 7.0; 1
-5.0, 2.0, 2.0; 35
-4.0, 2.0, 2.0; 148
-6.0, 4.0, 5.0; 1
-5.0, -2.0, -8.0; 2
-4.0, -2.0, -8.0; 2
-7.0, 3.0, 2.0; 1
-2.0, -2.0, -8.0; 1
-5.0, 3.0, 2.0; 1
-4.0, 3.0, 2.0; 13
-3.0, 3.0, 2.0; 6
3.0, -2.0, -8.0; 2
-8.0, 1.0, -3.0; 2
-3.0, 0.0, 4.0; 1
-6.0, 1.0, -3.0; 3
-5.0, 1.0, -3.0; 1
-3.0, -8.0, -5.0; 2
-4.0, -1.0, -8.0; 1
-6.0, 4.0, 2.0; 1
-5.0, 4.0, 2.0; 1
0.0, -1.0, -8.0; 1
1.0, -1.0, -8.0; 1
-2.0, 4.0, 2.0; 9
-1.0, 4.0, 2.0; 2
0.0, 4.0, 2.0; 1
-6.0, 2.0, -3.0; 3
3.0, 4.0, 2.0; 1
5.0, 4.0, 2.0; 2
8.0, 4.0, 2.0; 1
4.0, 2.0, -3.0; 1
-3.0, 0.0, -8.0; 1
-2.0, 0.0, -8.0; 2
-3.0, -6.0, -7.0; 1
-4.0, 5.0, 2.0; 2
-3.0, 5.0, 2.0; 10
-2.0, 5.0, 2.0; 16
-1.0, 5.0, 2.0; 1
-8.0, 3.0, -3.0; 1
-5.0, 1.0, 1.0; 3
-6.0, 3.0, -3.0; 3
-7.0, 5.0, 1.0; 2
-4.0, 1.0, -8.0; 1
-7.0, 6.0, 2.0; 2
-2.0, 1.0, -8.0; 1
-4.0, 6.0, 2.0; 1
-3.0, 6.0, 2.0; 3
-1.0, 6.0, 2.0; 1
6.0, 1.0, -8.0; 1
3.0, 6.0, 2.0; 1
1.0, 4.0, -3.0; 6
2.0, 4.0, -3.0; 1
3.0, 4.0, -3.0; 1
4.0, 2.0, -6.0; 1
-6.0, 7.0, 2.0; 1
-1.0, 2.0, -8.0; 1
-4.0, 7.0, 2.0; 1
-7.0, -4.0, 2.0; 1
4.0, 2.0, -8.0; 1
1.0, 7.0, 2.0; 1
2.0, 7.0, 2.0; 1
-7.0, -3.0, -2.0; 1
4.0, 7.0, 2.0; 2
-2.0, 5.0, -3.0; 2
-1.0, 5.0, -3.0; 5
0.0, 5.0, -3.0; 13
1.0, 5.0, -3.0; 4
3.0, 5.0, -3.0; 2
4.0, 5.0, -3.0; 1
4.0, 0.0, -9.0; 1
-5.0, 8.0, 2.0; 1
0.0, 3.0, -8.0; 1
-3.0, 8.0, 2.0; 2
-2.0, 8.0, 2.0; 1
-1.0, 8.0, 2.0; 3
0.0, 8.0, 2.0; 1
1.0, 8.0, 2.0; 3
-6.0, 6.0, -3.0; 1
-5.0, 6.0, -3.0; 1
2.0, 5.0, 1.0; 1
-2.0, 6.0, -3.0; 1
-1.0, 6.0, -3.0; 5
0.0, 6.0, -3.0; 7
-5.0, 4.0, -8.0; 1
4.0, 6.0, -3.0; 1
1.0, -9.0, 0.0; 1
-3.0, 9.0, 2.0; 2
2.0, 4.0, -8.0; 1
-1.0, 9.0, 2.0; 5
0.0, 9.0, 2.0; 1
3.0, 9.0, 2.0; 1
-2.0, 7.0, -3.0; 1
2.0, 7.0, -3.0; 1
3.0, 7.0, -3.0; 1
-1.0, 5.0, -8.0; 1
-1.0, -6.0, -2.0; 1
0.0, 1.0, 6.0; 1
-3.0, 8.0, -3.0; 1
0.0, 8.0, -3.0; 1
-2.0, 6.0, -8.0; 1
-7.0, 0.0, 3.0; 1
-4.0, -9.0, 3.0; 1
-3.0, -9.0, 3.0; 1
-1.0, -9.0, 3.0; 2
7.0, 2.0, -6.0; 1
-3.0, -2.0, -8.0; 1
-7.0, -3.0, 0.0; 1
1.0, 9.0, -3.0; 1
2.0, 9.0, -3.0; 1
1.0, -8.0, -6.0; 1
0.0, -5.0, -7.0; 1
-5.0, 4.0, -3.0; 1
-3.0, -8.0, 3.0; 2
-2.0, -8.0, 3.0; 1
0.0, -8.0, 3.0; 2
0.0, -2.0, -8.0; 1
4.0, -8.0, 3.0; 1
-2.0, 0.0, 3.0; 1
-2.0, -10.0, -2.0; 5
-1.0, -10.0, -2.0; 2
0.0, 1.0, -9.0; 1
3.0, -10.0, -2.0; 1
1.0, -5.0, 8.0; 1
-5.0, -7.0, 3.0; 1
-9.0, 1.0, -3.0; 1
-6.0, -5.0, -1.0; 1
2.0, -7.0, 3.0; 1
-5.0, -9.0, -2.0; 1
4.0, -7.0, 3.0; 1
-3.0, -9.0, -2.0; 1
-1.0, -9.0, -2.0; 2
0.0, -9.0, -2.0; 1
-3.0, -4.0, 8.0; 1
2.0, -9.0, -2.0; 1
3.0, -9.0, -2.0; 2
-8.0, -6.0, 3.0; 1
5.0, -9.0, -2.0; 1
-6.0, -6.0, 3.0; 1
1.0, -6.0, 3.0; 1
-6.0, -8.0, -2.0; 1
-5.0, 5.0, -1.0; 1
1.0, 9.0, 0.0; 3
0.0, -8.0, -2.0; 1
2.0, -8.0, -2.0; 1
3.0, -8.0, -2.0; 2
4.0, -8.0, -2.0; 1
5.0, -8.0, -2.0; 1
-5.0, -5.0, 3.0; 1
-3.0, -5.0, 3.0; 1
-8.0, -7.0, -2.0; 1
-7.0, -7.0, -2.0; 1
-6.0, -2.0, 8.0; 1
0.0, -7.0, -2.0; 4
1.0, -7.0, -2.0; 4
5.0, -7.0, -2.0; 2
-6.0, -4.0, 3.0; 1
-5.0, -7.0, -6.0; 1
-4.0, -4.0, 3.0; 2
-2.0, -4.0, 3.0; 1
-4.0, -7.0, -6.0; 2
5.0, -4.0, -6.0; 1
-2.0, 6.0, 7.0; 1
-5.0, -1.0, 8.0; 1
0.0, -6.0, -2.0; 7
1.0, -6.0, -2.0; 39
2.0, -6.0, -2.0; 5
3.0, -6.0, -2.0; 1
4.0, -6.0, -2.0; 1
6.0, -5.0, -1.0; 1
6.0, -6.0, -2.0; 1
-5.0, -3.0, 3.0; 1
-4.0, -3.0, 3.0; 1
1.0, -8.0, -7.0; 1
-2.0, -3.0, 4.0; 1
-9.0, -5.0, -2.0; 1
-7.0, -5.0, -2.0; 1
-6.0, -5.0, -2.0; 1
0.0, -7.0, -6.0; 2
-2.0, -5.0, -2.0; 1
2.0, -5.0, -2.0; 8
-9.0, -2.0, 3.0; 1
-4.0, -7.0, -7.0; 1
5.0, -5.0, -2.0; 1
-4.0, 4.0, 1.0; 1
-5.0, -2.0, 3.0; 2
-2.0, -2.0, 3.0; 1
-1.0, -2.0, 3.0; 2
-8.0, -4.0, -2.0; 1
-4.0, 4.0, 2.0; 1
-5.0, -4.0, -2.0; 1
-3.0, 4.0, 2.0; 7
4.0, -7.0, -6.0; 1
2.0, -4.0, -2.0; 1
3.0, -4.0, -2.0; 1
-4.0, -6.0, -7.0; 2
5.0, -4.0, -2.0; 1
-2.0, -6.0, -7.0; 1
-5.0, -1.0, 3.0; 3
-4.0, -1.0, 3.0; 1
1.0, -1.0, 3.0; 2
2.0, -1.0, 3.0; 1
-5.0, -3.0, -2.0; 4
-4.0, -3.0, -2.0; 1
-4.0, 4.0, 4.0; 1
-1.0, 2.0, 8.0; 1
-4.0, -5.0, -7.0; 1
5.0, -3.0, -2.0; 2
-5.0, -8.0, 0.0; 1
-4.0, 0.0, 3.0; 2
-3.0, 0.0, 3.0; 1
-10.0, -2.0, -2.0; 1
1.0, -8.0, -5.0; 1
-2.0, 3.0, 8.0; 1
0.0, 3.0, 8.0; 1
5.0, -2.0, -2.0; 1
-6.0, 1.0, 3.0; 1
-5.0, 1.0, 3.0; 3
-4.0, 1.0, 3.0; 20
-3.0, 1.0, 3.0; 6
-2.0, 1.0, 3.0; 1
-8.0, -1.0, -2.0; 3
-7.0, -1.0, -2.0; 1
-8.0, 4.0, -4.0; 1
-8.0, -3.0, -7.0; 1
-2.0, 1.0, 9.0; 1
-2.0, 4.0, 8.0; 1
-8.0, 2.0, 3.0; 1
-7.0, 2.0, 3.0; 3
-6.0, 2.0, 3.0; 1
-5.0, -6.0, -6.0; 1
-4.0, 2.0, 3.0; 19
-3.0, 2.0, 3.0; 24
-2.0, 2.0, 3.0; 2
5.0, -7.0, 0.0; 1
-6.0, 0.0, -2.0; 1
-6.0, -2.0, -7.0; 2
-5.0, -2.0, -7.0; 5
-4.0, -2.0, -7.0; 1
-7.0, 3.0, 3.0; 2
-6.0, 3.0, 3.0; 3
-4.0, 3.0, 3.0; 4
-3.0, 3.0, 3.0; 8
2.0, -2.0, -7.0; 1
-9.0, 1.0, -2.0; 3
-2.0, -3.0, -7.0; 1
-6.0, 1.0, -2.0; 34
-5.0, 1.0, -2.0; 6
-1.0, -3.0, -7.0; 1
-7.0, -1.0, -7.0; 1
-6.0, -1.0, -7.0; 3
-5.0, -1.0, -7.0; 2
0.0, -3.0, -7.0; 1
-1.0, -1.0, -7.0; 1
-10.0, -3.0, -1.0; 1
2.0, -1.0, -7.0; 2
-1.0, 4.0, 3.0; 1
0.0, 4.0, 3.0; 1
0.0, 0.0, -8.0; 1
-6.0, 2.0, -2.0; 2
-9.0, -3.0, -1.0; 1
-7.0, 0.0, -7.0; 2
-8.0, 5.0, 3.0; 1
-7.0, 5.0, 3.0; 1
-5.0, 5.0, 3.0; 1
2.0, 0.0, -7.0; 2
3.0, 0.0, -8.0; 1
3.0, 5.0, 3.0; 2
4.0, 5.0, 3.0; 1
4.0, 4.0, -3.0; 1
-6.0, 1.0, -7.0; 1
4.0, 3.0, -2.0; 3
2.0, -6.0, 6.0; 1
-5.0, 6.0, 3.0; 1
-4.0, 6.0, 3.0; 1
-1.0, 6.0, 3.0; 2
-6.0, 4.0, -2.0; 1
-5.0, 4.0, -2.0; 2
-6.0, 6.0, -4.0; 1
6.0, 6.0, 3.0; 1
1.0, 4.0, -2.0; 3
2.0, 4.0, -2.0; 2
-4.0, 2.0, -7.0; 1
0.0, 7.0, 3.0; 2
-1.0, 7.0, 3.0; 3
-8.0, 5.0, -2.0; 1
-6.0, -8.0, -5.0; 1
2.0, 7.0, 3.0; 1
-5.0, -3.0, 4.0; 1
-2.0, 5.0, -2.0; 2
-5.0, -8.0, -5.0; 1
0.0, 5.0, -2.0; 8
1.0, 5.0, -2.0; 7
2.0, 5.0, -2.0; 4
-4.0, 3.0, -7.0; 1
-4.0, 8.0, 3.0; 1
-3.0, 8.0, 3.0; 1
-2.0, 8.0, 3.0; 3
-1.0, 8.0, 3.0; 1
0.0, 8.0, 3.0; 3
-7.0, 6.0, -2.0; 4
-6.0, 6.0, -2.0; 2
-5.0, 6.0, -2.0; 1
-1.0, 6.0, -2.0; 8
0.0, 6.0, -2.0; 16
1.0, 6.0, -2.0; 6
3.0, 6.0, -2.0; 1
4.0, 6.0, -2.0; 1
5.0, 6.0, -2.0; 1
1.0, 4.0, -7.0; 1
-2.0, 9.0, 3.0; 1
-1.0, 9.0, 3.0; 1
0.0, 9.0, 3.0; 1
-6.0, 7.0, -2.0; 1
-5.0, 7.0, -2.0; 3
-4.0, 7.0, -2.0; 3
-3.0, 7.0, -2.0; 2
-2.0, 7.0, -2.0; 1
-1.0, 7.0, -2.0; 1
7.0, -1.0, 1.0; 1
2.0, 7.0, -2.0; 1
3.0, 7.0, -2.0; 1
4.0, 7.0, -2.0; 1
-2.0, 5.0, -7.0; 2
-8.0, 3.0, 4.0; 1
-5.0, 8.0, -2.0; 2
-4.0, 8.0, -2.0; 2
-3.0, 8.0, -2.0; 2
-2.0, 8.0, -2.0; 1
1.0, 8.0, -2.0; 2
2.0, 8.0, -2.0; 2
3.0, 8.0, -2.0; 1
-1.0, -6.0, 4.0; 1
1.0, 8.0, 5.0; 1
0.0, 9.0, -2.0; 4
1.0, 9.0, -2.0; 2
2.0, 9.0, -2.0; 1
-4.0, 1.0, 4.0; 1
3.0, 3.0, 3.0; 1
-2.0, -8.0, 4.0; 2
-3.0, -5.0, -9.0; 1
-5.0, -10.0, -1.0; 2
-4.0, -10.0, -1.0; 3
-3.0, -10.0, -1.0; 2
-2.0, -10.0, -1.0; 2
-1.0, -10.0, -1.0; 2
0.0, -10.0, -1.0; 5
-5.0, 7.0, -4.0; 1
-6.0, -7.0, 4.0; 1
-3.0, -7.0, 4.0; 1
-4.0, -4.0, -7.0; 1
-6.0, -9.0, -1.0; 1
-5.0, -9.0, -1.0; 2
4.0, -7.0, 4.0; 1
-3.0, -9.0, -1.0; 1
-1.0, -9.0, -1.0; 3
0.0, -9.0, -1.0; 1
1.0, -9.0, -1.0; 4
2.0, -9.0, -1.0; 1
-6.0, -6.0, 4.0; 1
-5.0, -6.0, 4.0; 1
-3.0, -6.0, 4.0; 1
-8.0, 4.0, -1.0; 1
0.0, -6.0, 4.0; 1
-7.0, -8.0, -1.0; 2
-1.0, -8.0, -1.0; 5
0.0, -8.0, -1.0; 3
-7.0, 4.0, -5.0; 1
-5.0, 2.0, -8.0; 1
5.0, -8.0, -1.0; 1
-6.0, -5.0, 4.0; 1
-5.0, -5.0, 4.0; 1
-4.0, -5.0, 4.0; 1
8.0, -5.0, 0.0; 1
-1.0, -5.0, 4.0; 1
0.0, -5.0, 4.0; 1
-5.0, -7.0, -1.0; 1
-4.0, -7.0, -1.0; 3
-3.0, -7.0, -1.0; 3
-2.0, -7.0, -1.0; 4
-1.0, -7.0, -1.0; 9
0.0, -7.0, -1.0; 22
1.0, -7.0, -1.0; 7
-10.0, -2.0, 0.0; 1
-9.0, -4.0, 0.0; 1
-4.0, 2.0, -9.0; 2
-1.0, -4.0, 4.0; 2
0.0, 2.0, -8.0; 1
-2.0, 4.0, 3.0; 1
-2.0, -6.0, -1.0; 1
-1.0, -6.0, -1.0; 1
0.0, -6.0, -1.0; 3
1.0, -6.0, -1.0; 5
2.0, -6.0, -1.0; 3
3.0, -1.0, -7.0; 2
-3.0, -8.0, -6.0; 1
-2.0, -8.0, -6.0; 8
-1.0, -8.0, -6.0; 2
0.0, -8.0, -6.0; 3
-3.0, -3.0, 4.0; 1
2.0, -8.0, -6.0; 1
-4.0, -2.0, 6.0; 1
1.0, 4.0, 3.0; 1
-1.0, -5.0, -1.0; 1
6.0, -1.0, -7.0; 1
2.0, -5.0, -1.0; 2
3.0, -5.0, -1.0; 2
4.0, -5.0, -1.0; 1
4.0, 1.0, -3.0; 1
-2.0, -7.0, -6.0; 7
-1.0, -7.0, -6.0; 13
-4.0, -2.0, 4.0; 3
1.0, -7.0, -6.0; 1
-2.0, -2.0, 4.0; 2
0.0, -2.0, 4.0; 3
-7.0, -4.0, -1.0; 2
-6.0, -4.0, -1.0; 1
-5.0, -4.0, -1.0; 2
4.0, -2.0, 4.0; 1
-8.0, 3.0, 0.0; 1
-6.0, -6.0, -6.0; 1
3.0, -4.0, -1.0; 1
-4.0, -6.0, -6.0; 1
-7.0, -1.0, 4.0; 1
-6.0, -1.0, 4.0; 2
-4.0, -1.0, 4.0; 2
-3.0, -1.0, 4.0; 1
-2.0, -1.0, 4.0; 3
-1.0, -1.0, 4.0; 2
0.0, -1.0, 4.0; 1
1.0, -1.0, 4.0; 1
5.0, -3.0, -1.0; 1
-2.0, -5.0, -6.0; 2
1.0, -5.0, -6.0; 1
-2.0, 0.0, 4.0; 1
-8.0, -2.0, -1.0; 1
-6.0, -2.0, -1.0; 1
-3.0, -3.0, -6.0; 1
-8.0, -4.0, -6.0; 1
-7.0, -4.0, -6.0; 1
-6.0, -4.0, -6.0; 1
-3.0, -4.0, -6.0; 2
-1.0, -4.0, -6.0; 1
0.0, -4.0, -6.0; 1
-3.0, 1.0, 4.0; 1
-7.0, -1.0, -1.0; 1
2.0, -5.0, 6.0; 1
7.0, 2.0, -2.0; 1
-6.0, -3.0, -6.0; 1
5.0, -1.0, -1.0; 1
-1.0, -3.0, -6.0; 1
0.0, -3.0, -6.0; 8
1.0, -3.0, -6.0; 3
2.0, -3.0, -6.0; 1
3.0, -3.0, -6.0; 1
0.0, 2.0, 4.0; 3
1.0, 2.0, 4.0; 1
-6.0, 0.0, -1.0; 3
4.0, 2.0, 4.0; 1
1.0, 3.0, -8.0; 1
4.0, -3.0, -6.0; 1
-6.0, -2.0, -6.0; 1
-4.0, -2.0, -6.0; 2
-7.0, 3.0, 4.0; 1
-2.0, -2.0, -6.0; 3
-1.0, -2.0, -6.0; 1
0.0, -2.0, -6.0; 5
1.0, -2.0, -6.0; 1
-2.0, 3.0, 4.0; 1
-1.0, 3.0, 4.0; 1
0.0, 3.0, 4.0; 1
-6.0, 1.0, -1.0; 135
-5.0, 1.0, -1.0; 20
6.0, 3.0, 4.0; 1
-6.0, -1.0, -6.0; 2
-7.0, 4.0, 4.0; 1
-2.0, -1.0, -6.0; 1
-1.0, -1.0, -6.0; 1
0.0, -1.0, -6.0; 3
3.0, -1.0, -6.0; 2
1.0, 4.0, 4.0; 3
-6.0, 2.0, -1.0; 13
-5.0, 2.0, -1.0; 26
8.0, -1.0, -6.0; 1
-4.0, 5.0, 4.0; 4
-3.0, 5.0, 4.0; 1
2.0, 0.0, -6.0; 1
-5.0, -8.0, -4.0; 1
0.0, 5.0, 4.0; 1
1.0, 5.0, 4.0; 2
-5.0, 3.0, -1.0; 1
6.0, 5.0, 4.0; 1
-7.0, 1.0, -6.0; 1
3.0, -8.0, -1.0; 1
4.0, 3.0, -1.0; 1
5.0, 3.0, -1.0; 1
-2.0, 1.0, -6.0; 1
-5.0, 6.0, 4.0; 2
-4.0, 6.0, 4.0; 1
-9.0, 4.0, -1.0; 1
0.0, 6.0, 4.0; 1
1.0, 6.0, 4.0; 1
6.0, 1.0, -6.0; 1
-5.0, 4.0, -1.0; 2
-3.0, -2.0, -6.0; 1
-6.0, 2.0, -6.0; 2
-4.0, 2.0, -6.0; 1
-3.0, 2.0, -6.0; 1
-2.0, 2.0, -6.0; 2
-5.0, 7.0, 4.0; 1
0.0, 2.0, -6.0; 1
2.0, 2.0, -6.0; 1
-5.0, 3.0, 4.0; 1
-8.0, 5.0, -1.0; 2
-2.0, -3.0, 6.0; 1
3.0, 7.0, 4.0; 2
-1.0, 5.0, -1.0; 1
0.0, 5.0, -1.0; 5
1.0, 5.0, -1.0; 3
2.0, 5.0, -1.0; 1
3.0, 5.0, -1.0; 1
-4.0, 3.0, -6.0; 2
5.0, 5.0, -1.0; 1
-2.0, 3.0, -6.0; 1
-2.0, 8.0, 4.0; 1
-1.0, 8.0, 4.0; 1
-8.0, 6.0, -1.0; 1
-7.0, 6.0, -1.0; 4
-6.0, 6.0, -1.0; 48
-5.0, 6.0, -1.0; 6
-3.0, 6.0, -1.0; 2
-2.0, 6.0, -1.0; 7
-1.0, 6.0, -1.0; 10
0.0, 6.0, -1.0; 34
1.0, 6.0, -1.0; 5
-5.0, 4.0, -6.0; 2
-2.0, 9.0, 2.0; 1
-1.0, 4.0, -6.0; 1
0.0, 4.0, -6.0; 1
2.0, 4.0, -6.0; 1
2.0, -6.0, 3.0; 1
-7.0, 7.0, -1.0; 1
-6.0, 7.0, -1.0; 9
-5.0, 7.0, -1.0; 11
-4.0, 7.0, -1.0; 3
-3.0, 7.0, -1.0; 3
-2.0, 7.0, -1.0; 3
-1.0, 7.0, -1.0; 3
0.0, 7.0, -1.0; 4
1.0, 7.0, -1.0; 1
2.0, 7.0, -1.0; 1
3.0, 7.0, -1.0; 1
6.0, 7.0, -1.0; 1
-1.0, -7.0, -7.0; 1
4.0, 5.0, -6.0; 1
-6.0, 8.0, -1.0; 1
-4.0, 8.0, -1.0; 1
-3.0, 8.0, -1.0; 1
-1.0, 8.0, -1.0; 1
0.0, 8.0, -1.0; 2
3.0, 8.0, -1.0; 1
-4.0, 6.0, -6.0; 1
2.0, -5.0, 1.0; 2
6.0, 3.0, -6.0; 1
-2.0, 9.0, -1.0; 3
-1.0, 9.0, -1.0; 4
1.0, 9.0, -1.0; 2
-1.0, 7.0, -6.0; 1
-2.0, -7.0, 7.0; 1
3.0, -8.0, 5.0; 1
-3.0, -10.0, 0.0; 1
-2.0, -10.0, 0.0; 2
-3.0, -5.0, 7.0; 1
0.0, -10.0, 0.0; 2
1.0, -10.0, 0.0; 2
2.0, -10.0, 0.0; 1
-1.0, -4.0, -5.0; 1
-5.0, -7.0, 5.0; 1
-5.0, 4.0, 4.0; 2
-4.0, -4.0, 1.0; 1
-6.0, -9.0, 0.0; 1
-5.0, -9.0, 0.0; 2
-4.0, -9.0, 0.0; 2
-1.0, -8.0, -2.0; 1
-1.0, -2.0, 6.0; 1
0.0, -9.0, 0.0; 3
-2.0, 1.0, 5.0; 1
2.0, -9.0, 0.0; 1
3.0, -9.0, 0.0; 1
-6.0, -6.0, 5.0; 1
-5.0, -6.0, 5.0; 2
-4.0, -6.0, 5.0; 1
-3.0, -6.0, 5.0; 1
-3.0, -9.0, 0.0; 1
-6.0, -8.0, 0.0; 1
3.0, -6.0, 5.0; 1
-2.0, -8.0, 0.0; 3
-1.0, -8.0, 0.0; 1
1.0, -8.0, 0.0; 1
2.0, -8.0, 0.0; 3
3.0, -8.0, 0.0; 2
-6.0, -5.0, 5.0; 1
-5.0, -5.0, 5.0; 2
-3.0, -5.0, 5.0; 1
-1.0, -5.0, 5.0; 1
-5.0, -7.0, 0.0; 1
-4.0, -7.0, 0.0; 11
-3.0, -7.0, 0.0; 10
-2.0, -7.0, 0.0; 11
-1.0, -7.0, 0.0; 37
0.0, -7.0, 0.0; 19
1.0, -7.0, 0.0; 3
2.0, -7.0, 0.0; 1
3.0, -7.0, 0.0; 3
4.0, -7.0, 0.0; 1
-7.0, -4.0, 5.0; 1
6.0, -7.0, 0.0; 3
-1.0, -9.0, -5.0; 1
2.0, -9.0, -5.0; 1
-8.0, -6.0, 0.0; 2
-6.0, -6.0, 0.0; 1
-5.0, -6.0, 0.0; 5
-4.0, -6.0, 0.0; 2
-1.0, -6.0, 0.0; 4
0.0, -6.0, 0.0; 3
2.0, -6.0, 0.0; 2
3.0, -6.0, 0.0; 1
-4.0, -8.0, -5.0; 1
5.0, -6.0, 0.0; 1
-2.0, -8.0, -5.0; 22
-1.0, -8.0, -5.0; 44
0.0, -8.0, -5.0; 2
-6.0, -3.0, 3.0; 1
-1.0, -3.0, 5.0; 1
-8.0, -5.0, 0.0; 1
-6.0, -5.0, 0.0; 3
-7.0, 2.0, 4.0; 1
-4.0, -5.0, 0.0; 1
6.0, -7.0, 2.0; 2
2.0, -5.0, 0.0; 1
3.0, -5.0, 0.0; 1
-2.0, -7.0, -5.0; 3
-1.0, -7.0, -5.0; 7
0.0, -7.0, -5.0; 4
1.0, -7.0, -5.0; 4
2.0, -7.0, -5.0; 2
-3.0, -3.0, -5.0; 111
-8.0, -4.0, 0.0; 1
-6.0, -4.0, 0.0; 2
-4.0, -4.0, 0.0; 1
-6.0, 2.0, 5.0; 1
-3.0, -4.0, 7.0; 1
2.0, -4.0, 0.0; 1
-5.0, -6.0, -5.0; 1
5.0, -4.0, 0.0; 1
-1.0, -6.0, -5.0; 1
0.0, -6.0, -5.0; 1
1.0, -6.0, -5.0; 2
3.0, 8.0, 0.0; 1
2.0, -6.0, -4.0; 1
-6.0, -3.0, 0.0; 1
-3.0, 2.0, 5.0; 2
-6.0, -5.0, -5.0; 1
-2.0, -5.0, -5.0; 1
-5.0, 0.0, 5.0; 2
0.0, -5.0, -5.0; 1
1.0, -5.0, -5.0; 1
-2.0, 0.0, 5.0; 2
-6.0, -3.0, -7.0; 1
4.0, -3.0, -5.0; 1
3.0, 0.0, -6.0; 1
6.0, -6.0, -4.0; 1
-8.0, -4.0, -5.0; 1
-7.0, -4.0, -5.0; 1
-4.0, -4.0, -5.0; 3
-3.0, -4.0, -5.0; 3
-2.0, -4.0, -5.0; 9
-5.0, 1.0, 5.0; 1
0.0, -4.0, -5.0; 2
1.0, -4.0, -5.0; 6
2.0, -4.0, -5.0; 1
1.0, 1.0, 5.0; 1
1.0, 8.0, 3.0; 1
3.0, 8.0, 3.0; 1
-7.0, -3.0, -5.0; 1
-5.0, -3.0, -5.0; 2
-4.0, -3.0, -5.0; 2
-7.0, 2.0, 5.0; 2
-2.0, -3.0, -5.0; 81
-1.0, -3.0, -5.0; 2
0.0, -3.0, -5.0; 10
1.0, -3.0, -5.0; 137
2.0, -3.0, -5.0; 7
-8.0, 0.0, 0.0; 1
-5.0, 0.0, 0.0; 1
1.0, -6.0, 4.0; 1
1.0
3.38240270728
