-9.0, 1.0, 0.0; 2
-8.0, 1.0, 0.0; 1
-6.0, 1.0, 0.0; 36
-5.0, 1.0, 0.0; 40
7.0, 1.0, 0.0; 1
-9.0, 2.0, 0.0; 3
-8.0, 2.0, 0.0; 2
-6.0, 2.0, 0.0; 22
-5.0, 2.0, 0.0; 92
5.0, 2.0, 0.0; 1
7.0, 2.0, 0.0; 1
-10.0, 3.0, 0.0; 1
-9.0, 3.0, 0.0; 4
-8.0, 3.0, 0.0; 3
-6.0, 3.0, 0.0; 6
-5.0, 3.0, 0.0; 15
3.0, 3.0, 0.0; 2
4.0, 3.0, 0.0; 8
5.0, 3.0, 0.0; 2
-9.0, 4.0, 0.0; 2
-8.0, 4.0, 0.0; 7
-7.0, 4.0, 0.0; 3
-6.0, 4.0, 0.0; 1
-5.0, 4.0, 0.0; 10
-4.0, 4.0, 0.0; 8
1.0, 4.0, 0.0; 1
3.0, 4.0, 0.0; 6
4.0, 4.0, 0.0; 8
5.0, 4.0, 0.0; 4
7.0, 4.0, 0.0; 1
-9.0, 5.0, 0.0; 3
-8.0, 5.0, 0.0; 5
-7.0, 5.0, 0.0; 6
-5.0, 5.0, 0.0; 3
-4.0, 5.0, 0.0; 8
-3.0, 5.0, 0.0; 7
-2.0, 5.0, 0.0; 5
-1.0, 5.0, 0.0; 19
0.0, 5.0, 0.0; 7
1.0, 5.0, 0.0; 6
2.0, 5.0, 0.0; 2
3.0, 5.0, 0.0; 3
4.0, 5.0, 0.0; 1
-7.0, 6.0, 0.0; 22
-6.0, 6.0, 0.0; 200
-5.0, 6.0, 0.0; 50
-4.0, 6.0, 0.0; 4
-3.0, 6.0, 0.0; 14
-2.0, 6.0, 0.0; 26
-1.0, 6.0, 0.0; 45
0.0, 6.0, 0.0; 67
1.0, 6.0, 0.0; 10
2.0, 6.0, 0.0; 3
3.0, 6.0, 0.0; 2
4.0, 6.0, 0.0; 2
5.0, 6.0, 0.0; 1
6.0, 6.0, 0.0; 1
-6.0, 7.0, 0.0; 23
-5.0, 7.0, 0.0; 66
-4.0, 7.0, 0.0; 8
-2.0, 7.0, 0.0; 7
-1.0, 7.0, 0.0; 27
0.0, 7.0, 0.0; 21
1.0, 7.0, 0.0; 5
2.0, 7.0, 0.0; 9
3.0, 7.0, 0.0; 6
4.0, 7.0, 0.0; 4
5.0, 7.0, 0.0; 1
-6.0, 8.0, 0.0; 1
-5.0, 8.0, 0.0; 4
-4.0, 8.0, 0.0; 4
-3.0, 8.0, 0.0; 8
-2.0, 8.0, 0.0; 9
-1.0, 8.0, 0.0; 7
0.0, 8.0, 0.0; 8
1.0, 8.0, 0.0; 7
2.0, 8.0, 0.0; 1
3.0, 8.0, 0.0; 1
-4.0, 9.0, 0.0; 3
-3.0, 9.0, 0.0; 8
-2.0, 9.0, 0.0; 5
-1.0, 9.0, 0.0; 18
0.0, 9.0, 0.0; 9
1.0, 9.0, 0.0; 2
2.0, 9.0, 0.0; 4
-4.0, -10.0, 1.0; 3
-3.0, -10.0, 1.0; 5
-2.0, -10.0, 1.0; 5
-1.0, -10.0, 1.0; 4
0.0, -10.0, 1.0; 1
1.0, -10.0, 1.0; 2
2.0, -10.0, 1.0; 1
-5.0, -9.0, 1.0; 4
-4.0, -9.0, 1.0; 4
-3.0, -9.0, 1.0; 4
-2.0, -9.0, 1.0; 4
-1.0, -9.0, 1.0; 1
0.0, -9.0, 1.0; 6
1.0, -9.0, 1.0; 5
2.0, -9.0, 1.0; 4
3.0, -9.0, 1.0; 2
4.0, -9.0, 1.0; 2
-7.0, -8.0, 1.0; 2
-6.0, -8.0, 1.0; 5
-5.0, -8.0, 1.0; 2
-4.0, -8.0, 1.0; 2
-3.0, -8.0, 1.0; 1
-2.0, -8.0, 1.0; 2
-1.0, -8.0, 1.0; 3
0.0, -8.0, 1.0; 1
1.0, -8.0, 1.0; 3
2.0, -8.0, 1.0; 2
3.0, -8.0, 1.0; 1
-7.0, -7.0, 1.0; 4
-6.0, -7.0, 1.0; 2
-4.0, -7.0, 1.0; 10
-3.0, -7.0, 1.0; 35
-2.0, -7.0, 1.0; 39
-1.0, -7.0, 1.0; 39
0.0, -7.0, 1.0; 17
1.0, -7.0, 1.0; 2
2.0, -7.0, 1.0; 2
3.0, -7.0, 1.0; 1
4.0, -7.0, 1.0; 1
6.0, -7.0, 1.0; 1
-8.0, -6.0, 1.0; 2
-7.0, -6.0, 1.0; 9
-6.0, -6.0, 1.0; 2
-5.0, -6.0, 1.0; 22
-4.0, -6.0, 1.0; 28
-3.0, -6.0, 1.0; 14
-2.0, -6.0, 1.0; 13
-1.0, -6.0, 1.0; 21
0.0, -6.0, 1.0; 14
1.0, -6.0, 1.0; 5
2.0, -6.0, 1.0; 2
3.0, -6.0, 1.0; 1
4.0, -6.0, 1.0; 3
-8.0, -5.0, 1.0; 10
-7.0, -5.0, 1.0; 4
-6.0, -5.0, 1.0; 10
-5.0, -5.0, 1.0; 20
-4.0, -5.0, 1.0; 2
-3.0, -5.0, 1.0; 6
-1.0, -5.0, 1.0; 2
2.0, -5.0, 1.0; 1
3.0, -5.0, 1.0; 2
4.0, -5.0, 1.0; 1
6.0, -5.0, 1.0; 1
7.0, -5.0, 1.0; 1
-9.0, -4.0, 1.0; 1
-8.0, -4.0, 1.0; 4
-6.0, -4.0, 1.0; 6
-5.0, -4.0, 1.0; 2
-4.0, -4.0, 1.0; 1
-2.0, -4.0, 1.0; 1
2.0, -4.0, 1.0; 1
3.0, -4.0, 1.0; 1
7.0, -4.0, 1.0; 1
-9.0, -3.0, 1.0; 2
-8.0, -3.0, 1.0; 2
-6.0, -3.0, 1.0; 1
-10.0, -2.0, 1.0; 2
-8.0, -2.0, 1.0; 1
-6.0, -2.0, 1.0; 2
4.0, -2.0, 1.0; 1
7.0, -2.0, 1.0; 1
-10.0, -1.0, 1.0; 4
-9.0, -1.0, 1.0; 2
-7.0, -1.0, 1.0; 2
-6.0, -1.0, 1.0; 2
5.0, -1.0, 1.0; 1
-8.0, 0.0, 1.0; 1
-7.0, 0.0, 1.0; 1
-6.0, 0.0, 1.0; 11
-4.0, 0.0, 1.0; 1
-10.0, 1.0, 1.0; 1
-8.0, 1.0, 1.0; 3
-7.0, 1.0, 1.0; 1
-6.0, 1.0, 1.0; 5
-5.0, 1.0, 1.0; 6
4.0, 1.0, 1.0; 1
5.0, 1.0, 1.0; 1
-9.0, 2.0, 1.0; 1
-8.0, 2.0, 1.0; 3
-6.0, 2.0, 1.0; 1
-5.0, 2.0, 1.0; 17
-4.0, 2.0, 1.0; 1
4.0, 2.0, 1.0; 1
-10.0, 3.0, 1.0; 1
-9.0, 3.0, 1.0; 2
-8.0, 3.0, 1.0; 5
-7.0, 3.0, 1.0; 9
-6.0, 3.0, 1.0; 2
-5.0, 3.0, 1.0; 11
-4.0, 3.0, 1.0; 8
3.0, 3.0, 1.0; 11
4.0, 3.0, 1.0; 3
-8.0, 4.0, 1.0; 5
-7.0, 4.0, 1.0; 9
-6.0, 4.0, 1.0; 8
-5.0, 4.0, 1.0; 7
-4.0, 4.0, 1.0; 16
-3.0, 4.0, 1.0; 6
-2.0, 4.0, 1.0; 2
-1.0, 4.0, 1.0; 1
1.0, 4.0, 1.0; 6
3.0, 4.0, 1.0; 9
4.0, 4.0, 1.0; 6
5.0, 4.0, 1.0; 2
-9.0, 5.0, 1.0; 1
-8.0, 5.0, 1.0; 1
-7.0, 5.0, 1.0; 11
-6.0, 5.0, 1.0; 3
-5.0, 5.0, 1.0; 1
-4.0, 5.0, 1.0; 17
-3.0, 5.0, 1.0; 234
-2.0, 5.0, 1.0; 181
-1.0, 5.0, 1.0; 36
0.0, 5.0, 1.0; 12
1.0, 5.0, 1.0; 3
2.0, 5.0, 1.0; 2
-8.0, 6.0, 1.0; 1
-7.0, 6.0, 1.0; 7
-6.0, 6.0, 1.0; 38
-5.0, 6.0, 1.0; 17
-4.0, 6.0, 1.0; 6
-3.0, 6.0, 1.0; 14
-2.0, 6.0, 1.0; 23
-1.0, 6.0, 1.0; 22
0.0, 6.0, 1.0; 15
1.0, 6.0, 1.0; 1
2.0, 6.0, 1.0; 2
3.0, 6.0, 1.0; 2
4.0, 6.0, 1.0; 1
5.0, 6.0, 1.0; 1
-7.0, 7.0, 1.0; 4
-6.0, 7.0, 1.0; 5
-5.0, 7.0, 1.0; 22
-4.0, 7.0, 1.0; 4
-3.0, 7.0, 1.0; 3
-2.0, 7.0, 1.0; 4
-1.0, 7.0, 1.0; 4
0.0, 7.0, 1.0; 3
1.0, 7.0, 1.0; 6
2.0, 7.0, 1.0; 11
3.0, 7.0, 1.0; 2
4.0, 7.0, 1.0; 1
5.0, 7.0, 1.0; 1
6.0, 7.0, 1.0; 1
-6.0, 8.0, 1.0; 1
-5.0, 8.0, 1.0; 4
-4.0, 8.0, 1.0; 5
-3.0, 8.0, 1.0; 6
-2.0, 8.0, 1.0; 5
-1.0, 8.0, 1.0; 4
0.0, 8.0, 1.0; 3
1.0, 8.0, 1.0; 11
2.0, 8.0, 1.0; 2
3.0, 8.0, 1.0; 1
4.0, 8.0, 1.0; 1
-4.0, 9.0, 1.0; 2
-3.0, 9.0, 1.0; 4
-2.0, 9.0, 1.0; 6
-1.0, 9.0, 1.0; 8
0.0, 9.0, 1.0; 7
1.0, 9.0, 1.0; 7
2.0, 9.0, 1.0; 1
3.0, 9.0, 1.0; 1
-2.0, -10.0, 2.0; 3
-1.0, -10.0, 2.0; 1
0.0, -10.0, 2.0; 2
1.0, -10.0, 2.0; 1
-5.0, -9.0, 2.0; 4
-4.0, -9.0, 2.0; 4
-3.0, -9.0, 2.0; 2
-2.0, -9.0, 2.0; 2
-1.0, -9.0, 2.0; 3
0.0, -9.0, 2.0; 1
1.0, -9.0, 2.0; 1
2.0, -9.0, 2.0; 3
-7.0, -8.0, 2.0; 3
-6.0, -8.0, 2.0; 3
-5.0, -8.0, 2.0; 11
-4.0, -8.0, 2.0; 6
-3.0, -8.0, 2.0; 2
-2.0, -8.0, 2.0; 3
0.0, -8.0, 2.0; 3
3.0, -8.0, 2.0; 2
-7.0, -7.0, 2.0; 1
-6.0, -7.0, 2.0; 3
-5.0, -7.0, 2.0; 3
-4.0, -7.0, 2.0; 4
-3.0, -7.0, 2.0; 1
-2.0, -7.0, 2.0; 2
-1.0, -7.0, 2.0; 4
0.0, -7.0, 2.0; 1
1.0, -7.0, 2.0; 1
2.0, -7.0, 2.0; 1
5.0, -7.0, 2.0; 2
-8.0, -6.0, 2.0; 2
-7.0, -6.0, 2.0; 7
-6.0, -6.0, 2.0; 4
-5.0, -6.0, 2.0; 2
-4.0, -6.0, 2.0; 14
-3.0, -6.0, 2.0; 13
-2.0, -6.0, 2.0; 8
-1.0, -6.0, 2.0; 4
0.0, -6.0, 2.0; 1
1.0, -6.0, 2.0; 1
3.0, -6.0, 2.0; 1
-8.0, -5.0, 2.0; 2
-7.0, -5.0, 2.0; 4
-5.0, -5.0, 2.0; 17
-4.0, -5.0, 2.0; 23
-3.0, -5.0, 2.0; 4
-2.0, -5.0, 2.0; 1
-1.0, -5.0, 2.0; 4
0.0, -5.0, 2.0; 1
1.0, -5.0, 2.0; 2
-10.0, -4.0, 2.0; 1
-8.0, -4.0, 2.0; 5
-7.0, -4.0, 2.0; 3
-5.0, -4.0, 2.0; 4
-1.0, -4.0, 2.0; 1
0.0, -4.0, 2.0; 1
3.0, -4.0, 2.0; 1
8.0, -4.0, 2.0; 1
-9.0, -3.0, 2.0; 1
-8.0, -3.0, 2.0; 2
-7.0, -3.0, 2.0; 4
-6.0, -3.0, 2.0; 2
2.0, -3.0, 2.0; 1
4.0, -3.0, 2.0; 1
8.0, -3.0, 2.0; 1
-10.0, -2.0, 2.0; 1
-9.0, -2.0, 2.0; 1
-8.0, -2.0, 2.0; 1
-7.0, -2.0, 2.0; 1
-6.0, -2.0, 2.0; 2
-5.0, -2.0, 2.0; 1
-4.0, -2.0, 2.0; 1
-10.0, -1.0, 2.0; 1
-9.0, -1.0, 2.0; 2
-8.0, -1.0, 2.0; 1
-7.0, -1.0, 2.0; 1
-6.0, -1.0, 2.0; 2
-4.0, -1.0, 2.0; 1
3.0, -1.0, 2.0; 1
-10.0, 0.0, 2.0; 2
-9.0, 0.0, 2.0; 4
-8.0, 0.0, 2.0; 2
-7.0, 0.0, 2.0; 1
-6.0, 0.0, 2.0; 10
-5.0, 0.0, 2.0; 3
-10.0, 1.0, 2.0; 1
-9.0, 1.0, 2.0; 2
-6.0, 1.0, 2.0; 4
-5.0, 1.0, 2.0; 74
-4.0, 1.0, 2.0; 51
6.0, 1.0, 2.0; 1
-10.0, 2.0, 2.0; 1
-9.0, 2.0, 2.0; 1
-8.0, 2.0, 2.0; 1
-6.0, 2.0, 2.0; 2
-5.0, 2.0, 2.0; 119
-4.0, 2.0, 2.0; 527
-3.0, 2.0, 2.0; 6
0.0, 2.0, 2.0; 1
3.0, 2.0, 2.0; 2
4.0, 2.0, 2.0; 2
5.0, 2.0, 2.0; 1
-9.0, 3.0, 2.0; 2
-8.0, 3.0, 2.0; 3
-7.0, 3.0, 2.0; 6
-6.0, 3.0, 2.0; 1
-5.0, 3.0, 2.0; 11
-4.0, 3.0, 2.0; 36
-3.0, 3.0, 2.0; 10
-2.0, 3.0, 2.0; 2
1.0, 3.0, 2.0; 1
3.0, 3.0, 2.0; 7
5.0, 3.0, 2.0; 1
-8.0, 4.0, 2.0; 2
-7.0, 4.0, 2.0; 5
-6.0, 4.0, 2.0; 4
-4.0, 4.0, 2.0; 13
-3.0, 4.0, 2.0; 24
-2.0, 4.0, 2.0; 26
-1.0, 4.0, 2.0; 18
0.0, 4.0, 2.0; 10
1.0, 4.0, 2.0; 2
2.0, 4.0, 2.0; 4
3.0, 4.0, 2.0; 10
4.0, 4.0, 2.0; 1
-9.0, 5.0, 2.0; 1
-8.0, 5.0, 2.0; 6
-7.0, 5.0, 2.0; 5
-6.0, 5.0, 2.0; 2
-5.0, 5.0, 2.0; 5
-4.0, 5.0, 2.0; 4
-3.0, 5.0, 2.0; 31
-2.0, 5.0, 2.0; 64
-1.0, 5.0, 2.0; 16
0.0, 5.0, 2.0; 4
2.0, 5.0, 2.0; 3
3.0, 5.0, 2.0; 4
4.0, 5.0, 2.0; 3
5.0, 5.0, 2.0; 2
-8.0, 6.0, 2.0; 1
-7.0, 6.0, 2.0; 5
-6.0, 6.0, 2.0; 5
-5.0, 6.0, 2.0; 2
-4.0, 6.0, 2.0; 1
-3.0, 6.0, 2.0; 5
-2.0, 6.0, 2.0; 5
-1.0, 6.0, 2.0; 3
0.0, 6.0, 2.0; 2
1.0, 6.0, 2.0; 1
2.0, 6.0, 2.0; 2
3.0, 6.0, 2.0; 1
4.0, 6.0, 2.0; 1
5.0, 6.0, 2.0; 1
-6.0, 7.0, 2.0; 5
-5.0, 7.0, 2.0; 4
-4.0, 7.0, 2.0; 7
-3.0, 7.0, 2.0; 5
-2.0, 7.0, 2.0; 1
-1.0, 7.0, 2.0; 4
0.0, 7.0, 2.0; 4
1.0, 7.0, 2.0; 5
2.0, 7.0, 2.0; 1
3.0, 7.0, 2.0; 2
4.0, 7.0, 2.0; 1
6.0, 7.0, 2.0; 1
-6.0, 8.0, 2.0; 1
-5.0, 8.0, 2.0; 2
-4.0, 8.0, 2.0; 5
-3.0, 8.0, 2.0; 11
-2.0, 8.0, 2.0; 11
-1.0, 8.0, 2.0; 10
0.0, 8.0, 2.0; 13
1.0, 8.0, 2.0; 6
-3.0, 9.0, 2.0; 1
-2.0, 9.0, 2.0; 10
-1.0, 9.0, 2.0; 6
0.0, 9.0, 2.0; 6
1.0, 9.0, 2.0; 2
-4.0, -9.0, 3.0; 2
-3.0, -9.0, 3.0; 1
-2.0, -9.0, 3.0; 4
-1.0, -9.0, 3.0; 1
0.0, -9.0, 3.0; 1
1.0, -9.0, 3.0; 1
2.0, -9.0, 3.0; 1
3.0, -9.0, 3.0; 1
-5.0, -8.0, 3.0; 4
-4.0, -8.0, 3.0; 4
-3.0, -8.0, 3.0; 4
-2.0, -8.0, 3.0; 5
-1.0, -8.0, 3.0; 7
0.0, -8.0, 3.0; 2
1.0, -8.0, 3.0; 2
2.0, -8.0, 3.0; 2
3.0, -8.0, 3.0; 2
4.0, -8.0, 3.0; 1
-7.0, -7.0, 3.0; 2
-6.0, -7.0, 3.0; 4
-5.0, -7.0, 3.0; 2
-4.0, -7.0, 3.0; 3
-3.0, -7.0, 3.0; 3
-2.0, -7.0, 3.0; 2
-1.0, -7.0, 3.0; 5
0.0, -7.0, 3.0; 5
1.0, -7.0, 3.0; 1
2.0, -7.0, 3.0; 1
3.0, -7.0, 3.0; 1
4.0, -7.0, 3.0; 1
5.0, -7.0, 3.0; 1
6.0, -7.0, 3.0; 1
-8.0, -6.0, 3.0; 1
-7.0, -6.0, 3.0; 2
-6.0, -6.0, 3.0; 3
-5.0, -6.0, 3.0; 1
-4.0, -6.0, 3.0; 2
-2.0, -6.0, 3.0; 1
1.0, -6.0, 3.0; 3
5.0, -6.0, 3.0; 2
6.0, -6.0, 3.0; 1
-8.0, -5.0, 3.0; 1
-7.0, -5.0, 3.0; 10
-6.0, -5.0, 3.0; 3
-4.0, -5.0, 3.0; 7
-3.0, -5.0, 3.0; 1
0.0, -5.0, 3.0; 1
1.0, -5.0, 3.0; 3
-8.0, -4.0, 3.0; 1
-7.0, -4.0, 3.0; 6
-6.0, -4.0, 3.0; 5
-3.0, -4.0, 3.0; 1
0.0, -4.0, 3.0; 2
2.0, -4.0, 3.0; 1
5.0, -4.0, 3.0; 1
7.0, -4.0, 3.0; 1
-9.0, -3.0, 3.0; 2
-8.0, -3.0, 3.0; 2
-7.0, -3.0, 3.0; 4
-6.0, -3.0, 3.0; 4
-5.0, -3.0, 3.0; 1
-4.0, -3.0, 3.0; 1
-3.0, -3.0, 3.0; 2
-1.0, -3.0, 3.0; 2
0.0, -3.0, 3.0; 1
-9.0, -2.0, 3.0; 3
-8.0, -2.0, 3.0; 3
-7.0, -2.0, 3.0; 1
-6.0, -2.0, 3.0; 8
-5.0, -2.0, 3.0; 10
-4.0, -2.0, 3.0; 3
-3.0, -2.0, 3.0; 1
-1.0, -2.0, 3.0; 1
0.0, -2.0, 3.0; 1
1.0, -2.0, 3.0; 1
-10.0, -1.0, 3.0; 2
-9.0, -1.0, 3.0; 2
-6.0, -1.0, 3.0; 4
-5.0, -1.0, 3.0; 3
-4.0, -1.0, 3.0; 1
-2.0, -1.0, 3.0; 1
0.0, -1.0, 3.0; 1
-8.0, 0.0, 3.0; 1
-7.0, 0.0, 3.0; 1
-6.0, 0.0, 3.0; 3
-5.0, 0.0, 3.0; 2
-4.0, 0.0, 3.0; 2
-3.0, 0.0, 3.0; 2
-8.0, 1.0, 3.0; 1
-5.0, 1.0, 3.0; 3
-4.0, 1.0, 3.0; 39
-3.0, 1.0, 3.0; 8
3.0, 1.0, 3.0; 1
5.0, 1.0, 3.0; 1
-9.0, 2.0, 3.0; 4
-8.0, 2.0, 3.0; 4
-7.0, 2.0, 3.0; 1
-4.0, 2.0, 3.0; 53
-3.0, 2.0, 3.0; 41
-2.0, 2.0, 3.0; 3
-1.0, 2.0, 3.0; 1
2.0, 2.0, 3.0; 1
3.0, 2.0, 3.0; 4
-9.0, 3.0, 3.0; 1
-8.0, 3.0, 3.0; 1
-7.0, 3.0, 3.0; 3
-6.0, 3.0, 3.0; 1
-5.0, 3.0, 3.0; 1
-4.0, 3.0, 3.0; 2
-3.0, 3.0, 3.0; 10
-2.0, 3.0, 3.0; 15
-1.0, 3.0, 3.0; 9
0.0, 3.0, 3.0; 1
1.0, 3.0, 3.0; 3
2.0, 3.0, 3.0; 4
3.0, 3.0, 3.0; 4
-8.0, 4.0, 3.0; 2
-7.0, 4.0, 3.0; 6
-6.0, 4.0, 3.0; 1
-4.0, 4.0, 3.0; 3
-2.0, 4.0, 3.0; 2
-1.0, 4.0, 3.0; 3
0.0, 4.0, 3.0; 2
1.0, 4.0, 3.0; 2
2.0, 4.0, 3.0; 8
3.0, 4.0, 3.0; 2
-8.0, 5.0, 3.0; 1
-7.0, 5.0, 3.0; 2
-6.0, 5.0, 3.0; 10
-5.0, 5.0, 3.0; 5
-4.0, 5.0, 3.0; 1
-3.0, 5.0, 3.0; 2
0.0, 5.0, 3.0; 1
1.0, 5.0, 3.0; 9
2.0, 5.0, 3.0; 7
3.0, 5.0, 3.0; 6
4.0, 5.0, 3.0; 1
5.0, 5.0, 3.0; 2
-8.0, 6.0, 3.0; 1
-7.0, 6.0, 3.0; 3
-6.0, 6.0, 3.0; 2
-5.0, 6.0, 3.0; 4
-4.0, 6.0, 3.0; 3
-3.0, 6.0, 3.0; 3
-2.0, 6.0, 3.0; 2
-1.0, 6.0, 3.0; 1
0.0, 6.0, 3.0; 1
1.0, 6.0, 3.0; 6
2.0, 6.0, 3.0; 1
3.0, 6.0, 3.0; 1
4.0, 6.0, 3.0; 1
6.0, 6.0, 3.0; 1
-6.0, 7.0, 3.0; 1
-5.0, 7.0, 3.0; 2
-4.0, 7.0, 3.0; 5
-3.0, 7.0, 3.0; 12
-2.0, 7.0, 3.0; 11
-1.0, 7.0, 3.0; 7
0.0, 7.0, 3.0; 5
1.0, 7.0, 3.0; 5
3.0, 7.0, 3.0; 1
4.0, 7.0, 3.0; 1
-5.0, 8.0, 3.0; 1
-4.0, 8.0, 3.0; 7
-3.0, 8.0, 3.0; 8
-2.0, 8.0, 3.0; 9
-1.0, 8.0, 3.0; 17
0.0, 8.0, 3.0; 6
1.0, 8.0, 3.0; 2
2.0, 8.0, 3.0; 2
-2.0, 9.0, 3.0; 2
-1.0, 9.0, 3.0; 1
0.0, 9.0, 3.0; 2
-3.0, -9.0, 4.0; 3
-1.0, -9.0, 4.0; 1
0.0, -9.0, 4.0; 1
3.0, -9.0, 4.0; 1
-5.0, -8.0, 4.0; 2
-4.0, -8.0, 4.0; 1
-3.0, -8.0, 4.0; 6
-2.0, -8.0, 4.0; 1
-1.0, -8.0, 4.0; 3
0.0, -8.0, 4.0; 4
2.0, -8.0, 4.0; 3
3.0, -8.0, 4.0; 2
-7.0, -7.0, 4.0; 1
-6.0, -7.0, 4.0; 4
-5.0, -7.0, 4.0; 7
-4.0, -7.0, 4.0; 4
-3.0, -7.0, 4.0; 1
-2.0, -7.0, 4.0; 5
-1.0, -7.0, 4.0; 6
1.0, -7.0, 4.0; 5
2.0, -7.0, 4.0; 1
3.0, -7.0, 4.0; 1
-7.0, -6.0, 4.0; 1
-6.0, -6.0, 4.0; 8
-5.0, -6.0, 4.0; 6
-4.0, -6.0, 4.0; 6
-3.0, -6.0, 4.0; 5
-2.0, -6.0, 4.0; 1
-1.0, -6.0, 4.0; 1
1.0, -6.0, 4.0; 1
2.0, -6.0, 4.0; 2
5.0, -6.0, 4.0; 1
6.0, -6.0, 4.0; 2
-8.0, -5.0, 4.0; 2
-7.0, -5.0, 4.0; 2
-6.0, -5.0, 4.0; 3
-5.0, -5.0, 4.0; 4
-4.0, -5.0, 4.0; 2
-3.0, -5.0, 4.0; 1
-2.0, -5.0, 4.0; 1
-1.0, -5.0, 4.0; 1
0.0, -5.0, 4.0; 1
1.0, -5.0, 4.0; 1
2.0, -5.0, 4.0; 1
7.0, -5.0, 4.0; 1
-7.0, -4.0, 4.0; 1
-6.0, -4.0, 4.0; 1
-5.0, -4.0, 4.0; 3
-1.0, -4.0, 4.0; 1
1.0, -4.0, 4.0; 1
-8.0, -3.0, 4.0; 1
-7.0, -3.0, 4.0; 1
-6.0, -3.0, 4.0; 3
-5.0, -3.0, 4.0; 5
-4.0, -3.0, 4.0; 2
-3.0, -3.0, 4.0; 1
-2.0, -3.0, 4.0; 1
-1.0, -3.0, 4.0; 2
0.0, -3.0, 4.0; 1
6.0, -3.0, 4.0; 1
-9.0, -2.0, 4.0; 1
-6.0, -2.0, 4.0; 1
-5.0, -2.0, 4.0; 10
-4.0, -2.0, 4.0; 6
-3.0, -2.0, 4.0; 4
-2.0, -2.0, 4.0; 1
-1.0, -2.0, 4.0; 5
0.0, -2.0, 4.0; 9
1.0, -2.0, 4.0; 1
2.0, -2.0, 4.0; 1
-8.0, -1.0, 4.0; 1
-5.0, -1.0, 4.0; 4
-4.0, -1.0, 4.0; 4
-3.0, -1.0, 4.0; 4
-2.0, -1.0, 4.0; 2
-1.0, -1.0, 4.0; 11
0.0, -1.0, 4.0; 4
1.0, -1.0, 4.0; 3
-8.0, 0.0, 4.0; 1
-7.0, 0.0, 4.0; 1
-3.0, 0.0, 4.0; 4
-2.0, 0.0, 4.0; 1
5.0, 0.0, 4.0; 1
-9.0, 1.0, 4.0; 3
-7.0, 1.0, 4.0; 1
-5.0, 1.0, 4.0; 1
-4.0, 1.0, 4.0; 1
-3.0, 1.0, 4.0; 2
0.0, 1.0, 4.0; 2
-9.0, 2.0, 4.0; 1
-8.0, 2.0, 4.0; 1
-7.0, 2.0, 4.0; 2
-6.0, 2.0, 4.0; 1
-4.0, 2.0, 4.0; 2
-3.0, 2.0, 4.0; 4
-2.0, 2.0, 4.0; 3
-1.0, 2.0, 4.0; 4
0.0, 2.0, 4.0; 10
1.0, 2.0, 4.0; 9
2.0, 2.0, 4.0; 2
3.0, 2.0, 4.0; 1
-9.0, 3.0, 4.0; 1
-8.0, 3.0, 4.0; 3
-7.0, 3.0, 4.0; 8
-6.0, 3.0, 4.0; 3
-5.0, 3.0, 4.0; 1
-4.0, 3.0, 4.0; 1
-3.0, 3.0, 4.0; 2
-2.0, 3.0, 4.0; 1
0.0, 3.0, 4.0; 5
2.0, 3.0, 4.0; 1
-8.0, 4.0, 4.0; 2
-7.0, 4.0, 4.0; 3
-6.0, 4.0, 4.0; 3
-5.0, 4.0, 4.0; 3
-4.0, 4.0, 4.0; 3
-1.0, 4.0, 4.0; 5
0.0, 4.0, 4.0; 2
1.0, 4.0, 4.0; 2
2.0, 4.0, 4.0; 5
3.0, 4.0, 4.0; 1
4.0, 4.0, 4.0; 1
-7.0, 5.0, 4.0; 1
-6.0, 5.0, 4.0; 2
-5.0, 5.0, 4.0; 7
-4.0, 5.0, 4.0; 6
-3.0, 5.0, 4.0; 5
-2.0, 5.0, 4.0; 2
-1.0, 5.0, 4.0; 2
0.0, 5.0, 4.0; 5
1.0, 5.0, 4.0; 5
2.0, 5.0, 4.0; 2
4.0, 5.0, 4.0; 1
-6.0, 6.0, 4.0; 1
-5.0, 6.0, 4.0; 1
-4.0, 6.0, 4.0; 13
-3.0, 6.0, 4.0; 9
-2.0, 6.0, 4.0; 7
-1.0, 6.0, 4.0; 10
0.0, 6.0, 4.0; 1
1.0, 6.0, 4.0; 3
-5.0, 7.0, 4.0; 1
-4.0, 7.0, 4.0; 2
-3.0, 7.0, 4.0; 5
-2.0, 7.0, 4.0; 3
-1.0, 7.0, 4.0; 11
0.0, 7.0, 4.0; 1
2.0, 7.0, 4.0; 1
3.0, 7.0, 4.0; 1
-4.0, 8.0, 4.0; 3
-3.0, 8.0, 4.0; 3
-2.0, 8.0, 4.0; 4
-1.0, 8.0, 4.0; 5
1.0, 8.0, 4.0; 1
2.0, 8.0, 4.0; 2
3.0, 8.0, 4.0; 1
-1.0, -9.0, 5.0; 1
-4.0, -8.0, 5.0; 1
-3.0, -8.0, 5.0; 2
-2.0, -8.0, 5.0; 2
0.0, -8.0, 5.0; 2
1.0, -8.0, 5.0; 1
-6.0, -7.0, 5.0; 1
-4.0, -7.0, 5.0; 2
-2.0, -7.0, 5.0; 2
-1.0, -7.0, 5.0; 1
1.0, -7.0, 5.0; 1
2.0, -7.0, 5.0; 2
3.0, -7.0, 5.0; 1
-7.0, -6.0, 5.0; 1
-6.0, -6.0, 5.0; 3
-5.0, -6.0, 5.0; 1
-4.0, -6.0, 5.0; 4
-2.0, -6.0, 5.0; 1
-1.0, -6.0, 5.0; 1
0.0, -6.0, 5.0; 1
-7.0, -5.0, 5.0; 3
-6.0, -5.0, 5.0; 3
-5.0, -5.0, 5.0; 6
-3.0, -5.0, 5.0; 1
-1.0, -5.0, 5.0; 1
0.0, -5.0, 5.0; 1
1.0, -5.0, 5.0; 1
3.0, -5.0, 5.0; 1
4.0, -5.0, 5.0; 2
-8.0, -4.0, 5.0; 1
-7.0, -4.0, 5.0; 2
-6.0, -4.0, 5.0; 2
-5.0, -4.0, 5.0; 1
-4.0, -4.0, 5.0; 1
-3.0, -4.0, 5.0; 1
-1.0, -4.0, 5.0; 1
1.0, -4.0, 5.0; 1
-8.0, -3.0, 5.0; 1
-7.0, -3.0, 5.0; 1
-4.0, -3.0, 5.0; 4
-3.0, -3.0, 5.0; 1
-2.0, -3.0, 5.0; 3
0.0, -3.0, 5.0; 1
4.0, -3.0, 5.0; 1
-9.0, -2.0, 5.0; 1
-6.0, -2.0, 5.0; 1
-5.0, -2.0, 5.0; 1
-4.0, -2.0, 5.0; 1
-1.0, -2.0, 5.0; 1
0.0, -2.0, 5.0; 1
3.0, -2.0, 5.0; 1
-8.0, -1.0, 5.0; 1
-7.0, -1.0, 5.0; 1
-6.0, -1.0, 5.0; 1
-5.0, -1.0, 5.0; 3
-4.0, -1.0, 5.0; 1
0.0, -1.0, 5.0; 1
-9.0, 0.0, 5.0; 1
-7.0, 0.0, 5.0; 2
-6.0, 0.0, 5.0; 1
-5.0, 0.0, 5.0; 1
0.0, 0.0, 5.0; 3
-8.0, 1.0, 5.0; 3
-7.0, 1.0, 5.0; 2
-6.0, 1.0, 5.0; 1
-1.0, 1.0, 5.0; 3
0.0, 1.0, 5.0; 1
1.0, 1.0, 5.0; 1
4.0, 1.0, 5.0; 1
5.0, 1.0, 5.0; 2
-8.0, 2.0, 5.0; 2
-7.0, 2.0, 5.0; 3
-6.0, 2.0, 5.0; 4
-5.0, 2.0, 5.0; 1
-3.0, 2.0, 5.0; 1
-2.0, 2.0, 5.0; 3
-1.0, 2.0, 5.0; 6
0.0, 2.0, 5.0; 4
5.0, 2.0, 5.0; 1
-8.0, 3.0, 5.0; 2
-7.0, 3.0, 5.0; 1
-6.0, 3.0, 5.0; 2
-5.0, 3.0, 5.0; 1
-4.0, 3.0, 5.0; 2
-3.0, 3.0, 5.0; 1
-2.0, 3.0, 5.0; 1
-1.0, 3.0, 5.0; 2
0.0, 3.0, 5.0; 3
1.0, 3.0, 5.0; 2
3.0, 3.0, 5.0; 1
-8.0, 4.0, 5.0; 1
-7.0, 4.0, 5.0; 1
-6.0, 4.0, 5.0; 3
-5.0, 4.0, 5.0; 3
-4.0, 4.0, 5.0; 1
-3.0, 4.0, 5.0; 2
-2.0, 4.0, 5.0; 2
-1.0, 4.0, 5.0; 2
1.0, 4.0, 5.0; 1
2.0, 4.0, 5.0; 1
3.0, 4.0, 5.0; 1
6.0, 4.0, 5.0; 1
-7.0, 5.0, 5.0; 1
-5.0, 5.0, 5.0; 5
-4.0, 5.0, 5.0; 2
-3.0, 5.0, 5.0; 5
-2.0, 5.0, 5.0; 2
-1.0, 5.0, 5.0; 3
0.0, 5.0, 5.0; 2
1.0, 5.0, 5.0; 1
2.0, 5.0, 5.0; 1
3.0, 5.0, 5.0; 2
-5.0, 6.0, 5.0; 2
-4.0, 6.0, 5.0; 1
-3.0, 6.0, 5.0; 8
-2.0, 6.0, 5.0; 3
-1.0, 6.0, 5.0; 1
0.0, 6.0, 5.0; 3
2.0, 6.0, 5.0; 1
4.0, 6.0, 5.0; 1
-4.0, 7.0, 5.0; 2
-3.0, 7.0, 5.0; 4
-2.0, 7.0, 5.0; 3
-1.0, 7.0, 5.0; 2
0.0, 7.0, 5.0; 1
-2.0, 8.0, 5.0; 2
-3.0, -8.0, 6.0; 1
-2.0, -8.0, 6.0; 1
-1.0, -8.0, 6.0; 2
1.0, -8.0, 6.0; 1
-4.0, -7.0, 6.0; 2
-3.0, -7.0, 6.0; 3
-2.0, -7.0, 6.0; 1
-1.0, -7.0, 6.0; 2
0.0, -7.0, 6.0; 3
1.0, -7.0, 6.0; 2
2.0, -7.0, 6.0; 1
-5.0, -6.0, 6.0; 1
-4.0, -6.0, 6.0; 2
-3.0, -6.0, 6.0; 3
0.0, -6.0, 6.0; 1
-6.0, -5.0, 6.0; 2
-5.0, -5.0, 6.0; 3
-3.0, -5.0, 6.0; 1
-7.0, -4.0, 6.0; 2
-6.0, -4.0, 6.0; 1
-5.0, -4.0, 6.0; 1
-2.0, -4.0, 6.0; 1
-1.0, -4.0, 6.0; 1
1.0, -4.0, 6.0; 1
-6.0, -3.0, 6.0; 2
-4.0, -3.0, 6.0; 4
-3.0, -3.0, 6.0; 1
-2.0, -3.0, 6.0; 2
-1.0, -3.0, 6.0; 1
3.0, -3.0, 6.0; 1
-8.0, -2.0, 6.0; 1
-4.0, -2.0, 6.0; 3
-3.0, -2.0, 6.0; 1
-2.0, -2.0, 6.0; 1
-1.0, -2.0, 6.0; 1
-8.0, -1.0, 6.0; 1
-6.0, -1.0, 6.0; 1
-5.0, -1.0, 6.0; 1
1.0, -1.0, 6.0; 1
-4.0, 0.0, 6.0; 3
4.0, 0.0, 6.0; 1
-8.0, 1.0, 6.0; 1
-7.0, 1.0, 6.0; 2
-6.0, 1.0, 6.0; 3
-1.0, 1.0, 6.0; 1
1.0, 1.0, 6.0; 1
3.0, 1.0, 6.0; 1
4.0, 1.0, 6.0; 1
-7.0, 2.0, 6.0; 1
-6.0, 2.0, 6.0; 3
-5.0, 2.0, 6.0; 3
-2.0, 2.0, 6.0; 3
3.0, 2.0, 6.0; 1
-6.0, 3.0, 6.0; 1
-5.0, 3.0, 6.0; 2
-2.0, 3.0, 6.0; 3
-1.0, 3.0, 6.0; 2
1.0, 3.0, 6.0; 1
2.0, 3.0, 6.0; 1
4.0, 3.0, 6.0; 1
-6.0, 4.0, 6.0; 2
-4.0, 4.0, 6.0; 1
-1.0, 4.0, 6.0; 2
1.0, 4.0, 6.0; 1
2.0, 4.0, 6.0; 1
3.0, 4.0, 6.0; 1
-4.0, 5.0, 6.0; 1
-3.0, 5.0, 6.0; 2
-2.0, 5.0, 6.0; 3
-1.0, 5.0, 6.0; 2
0.0, 5.0, 6.0; 1
1.0, 5.0, 6.0; 1
4.0, 5.0, 6.0; 1
5.0, 5.0, 6.0; 1
-4.0, 6.0, 6.0; 1
-3.0, 6.0, 6.0; 2
-2.0, 6.0, 6.0; 1
-1.0, 6.0, 6.0; 4
1.0, 6.0, 6.0; 1
2.0, 6.0, 6.0; 1
-1.0, 7.0, 6.0; 1
-2.0, -7.0, 7.0; 1
0.0, -7.0, 7.0; 1
-2.0, -6.0, 7.0; 1
-1.0, -6.0, 7.0; 1
-4.0, -5.0, 7.0; 1
-3.0, -5.0, 7.0; 2
-2.0, -5.0, 7.0; 2
-5.0, -4.0, 7.0; 1
-3.0, -4.0, 7.0; 3
4.0, -4.0, 7.0; 1
-7.0, -3.0, 7.0; 1
-6.0, -3.0, 7.0; 1
-4.0, -3.0, 7.0; 2
-4.0, -2.0, 7.0; 1
-3.0, -2.0, 7.0; 1
-2.0, -2.0, 7.0; 1
4.0, -2.0, 7.0; 1
5.0, -2.0, 7.0; 1
-7.0, -1.0, 7.0; 1
-4.0, -1.0, 7.0; 1
-3.0, -1.0, 7.0; 1
-2.0, -1.0, 7.0; 2
-6.0, 0.0, 7.0; 1
-5.0, 0.0, 7.0; 1
-4.0, 0.0, 7.0; 1
-1.0, 0.0, 7.0; 1
2.0, 0.0, 7.0; 1
-5.0, 1.0, 7.0; 3
-3.0, 1.0, 7.0; 3
-1.0, 1.0, 7.0; 1
-3.0, 2.0, 7.0; 1
1.0, 2.0, 7.0; 1
-6.0, 3.0, 7.0; 1
-4.0, 3.0, 7.0; 1
-3.0, 3.0, 7.0; 1
-2.0, 3.0, 7.0; 2
2.0, 3.0, 7.0; 1
-6.0, 4.0, 7.0; 1
-1.0, 4.0, 7.0; 2
0.0, 4.0, 7.0; 1
4.0, 4.0, 7.0; 1
-4.0, 5.0, 7.0; 1
-3.0, 5.0, 7.0; 2
-2.0, 5.0, 7.0; 1
-1.0, 5.0, 7.0; 1
2.0, 5.0, 7.0; 1
-1.0, 6.0, 7.0; 1
1.0, -5.0, 8.0; 1
-5.0, -4.0, 8.0; 1
-4.0, -4.0, 8.0; 1
-3.0, -4.0, 8.0; 1
-6.0, -3.0, 8.0; 1
0.0, -3.0, 8.0; 1
2.0, -3.0, 8.0; 1
-3.0, -2.0, 8.0; 1
-1.0, -2.0, 8.0; 1
-5.0, -1.0, 8.0; 1
0.0, -1.0, 8.0; 1
-3.0, 2.0, 8.0; 1
-2.0, 2.0, 8.0; 2
3.0, 2.0, 8.0; 1
-4.0, 3.0, 8.0; 1
-2.0, 3.0, 8.0; 2
-3.0, 4.0, 8.0; 1
-3.0, 0.0, 9.0; 1
-2.0, -4.0, -10.0; 1
0.0, -4.0, -10.0; 1
0.0, -3.0, -10.0; 2
2.0, -3.0, -10.0; 1
-2.0, -2.0, -10.0; 3
-1.0, -2.0, -10.0; 2
-4.0, -1.0, -10.0; 2
-3.0, -1.0, -10.0; 1
-2.0, -1.0, -10.0; 3
-1.0, -1.0, -10.0; 1
0.0, -1.0, -10.0; 2
-2.0, 0.0, -10.0; 1
0.0, 0.0, -10.0; 1
1.0, 0.0, -10.0; 1
-2.0, 1.0, -10.0; 1
3.0, 1.0, -10.0; 1
1.0, 2.0, -10.0; 1
2.0, 2.0, -10.0; 1
3.0, 2.0, -10.0; 1
-3.0, 3.0, -10.0; 1
-2.0, -6.0, -9.0; 2
-1.0, -6.0, -9.0; 5
-2.0, -5.0, -9.0; 1
-1.0, -5.0, -9.0; 1
1.0, -5.0, -9.0; 1
-3.0, -4.0, -9.0; 1
0.0, -4.0, -9.0; 3
1.0, -4.0, -9.0; 3
2.0, -4.0, -9.0; 2
-3.0, -3.0, -9.0; 1
-2.0, -3.0, -9.0; 1
-1.0, -3.0, -9.0; 3
0.0, -3.0, -9.0; 1
1.0, -3.0, -9.0; 3
2.0, -3.0, -9.0; 3
-5.0, -2.0, -9.0; 2
-4.0, -2.0, -9.0; 1
-1.0, -2.0, -9.0; 2
0.0, -2.0, -9.0; 3
1.0, -2.0, -9.0; 1
2.0, -2.0, -9.0; 3
-6.0, -1.0, -9.0; 1
-5.0, -1.0, -9.0; 4
-2.0, -1.0, -9.0; 2
-1.0, -1.0, -9.0; 2
0.0, -1.0, -9.0; 1
2.0, -1.0, -9.0; 1
3.0, -1.0, -9.0; 1
-6.0, 0.0, -9.0; 1
-2.0, 0.0, -9.0; 1
0.0, 0.0, -9.0; 2
2.0, 0.0, -9.0; 1
3.0, 0.0, -9.0; 2
4.0, 0.0, -9.0; 2
5.0, 0.0, -9.0; 2
-4.0, 1.0, -9.0; 1
-3.0, 1.0, -9.0; 2
-2.0, 1.0, -9.0; 1
0.0, 1.0, -9.0; 1
3.0, 1.0, -9.0; 1
4.0, 1.0, -9.0; 1
-6.0, 2.0, -9.0; 1
-4.0, 2.0, -9.0; 2
-3.0, 2.0, -9.0; 3
-2.0, 2.0, -9.0; 3
1.0, 2.0, -9.0; 4
-3.0, 3.0, -9.0; 1
-1.0, 3.0, -9.0; 2
0.0, 3.0, -9.0; 2
1.0, 3.0, -9.0; 1
-3.0, 4.0, -9.0; 1
-2.0, 4.0, -9.0; 2
0.0, 4.0, -9.0; 1
-1.0, -8.0, -8.0; 1
-2.0, -7.0, -8.0; 1
-1.0, -7.0, -8.0; 4
1.0, -7.0, -8.0; 3
-5.0, -6.0, -8.0; 1
-4.0, -6.0, -8.0; 1
-2.0, -6.0, -8.0; 1
-1.0, -6.0, -8.0; 2
0.0, -6.0, -8.0; 3
1.0, -6.0, -8.0; 1
2.0, -6.0, -8.0; 1
3.0, -6.0, -8.0; 1
-5.0, -5.0, -8.0; 1
-4.0, -5.0, -8.0; 3
-3.0, -5.0, -8.0; 2
-2.0, -5.0, -8.0; 2
-1.0, -5.0, -8.0; 1
0.0, -5.0, -8.0; 2
1.0, -5.0, -8.0; 3
2.0, -5.0, -8.0; 3
-6.0, -4.0, -8.0; 1
-5.0, -4.0, -8.0; 1
-4.0, -4.0, -8.0; 2
-3.0, -4.0, -8.0; 1
1.0, -4.0, -8.0; 1
2.0, -4.0, -8.0; 1
3.0, -4.0, -8.0; 2
4.0, -4.0, -8.0; 1
5.0, -4.0, -8.0; 1
-5.0, -3.0, -8.0; 1
-4.0, -3.0, -8.0; 3
-3.0, -3.0, -8.0; 2
-2.0, -3.0, -8.0; 1
-1.0, -3.0, -8.0; 2
2.0, -3.0, -8.0; 2
5.0, -3.0, -8.0; 1
-7.0, -2.0, -8.0; 1
-5.0, -2.0, -8.0; 1
-4.0, -2.0, -8.0; 1
-3.0, -2.0, -8.0; 5
-2.0, -2.0, -8.0; 2
-1.0, -2.0, -8.0; 1
2.0, -2.0, -8.0; 1
3.0, -2.0, -8.0; 1
4.0, -2.0, -8.0; 2
-7.0, -1.0, -8.0; 1
-4.0, -1.0, -8.0; 3
-3.0, -1.0, -8.0; 1
-2.0, -1.0, -8.0; 2
-1.0, -1.0, -8.0; 1
0.0, -1.0, -8.0; 2
2.0, -1.0, -8.0; 4
3.0, -1.0, -8.0; 3
-7.0, 0.0, -8.0; 1
-5.0, 0.0, -8.0; 1
-4.0, 0.0, -8.0; 1
-2.0, 0.0, -8.0; 1
-1.0, 0.0, -8.0; 2
2.0, 0.0, -8.0; 1
3.0, 0.0, -8.0; 1
5.0, 0.0, -8.0; 1
6.0, 0.0, -8.0; 1
-5.0, 1.0, -8.0; 4
-4.0, 1.0, -8.0; 5
-3.0, 1.0, -8.0; 2
-2.0, 1.0, -8.0; 4
0.0, 1.0, -8.0; 2
5.0, 1.0, -8.0; 1
6.0, 1.0, -8.0; 1
-6.0, 2.0, -8.0; 3
-5.0, 2.0, -8.0; 2
-4.0, 2.0, -8.0; 2
-3.0, 2.0, -8.0; 3
-1.0, 2.0, -8.0; 1
0.0, 2.0, -8.0; 1
1.0, 2.0, -8.0; 1
-5.0, 3.0, -8.0; 2
-4.0, 3.0, -8.0; 1
-1.0, 3.0, -8.0; 1
0.0, 3.0, -8.0; 1
1.0, 3.0, -8.0; 1
3.0, 3.0, -8.0; 1
4.0, 3.0, -8.0; 1
-3.0, 4.0, -8.0; 1
-2.0, 4.0, -8.0; 2
0.0, 4.0, -8.0; 2
1.0, 4.0, -8.0; 1
-4.0, 5.0, -8.0; 1
-3.0, 5.0, -8.0; 1
-1.0, 5.0, -8.0; 1
0.0, 5.0, -8.0; 2
1.0, 5.0, -8.0; 2
2.0, 5.0, -8.0; 1
4.0, 5.0, -8.0; 1
-3.0, 6.0, -8.0; 1
-4.0, -8.0, -7.0; 1
-2.0, -8.0, -7.0; 3
-1.0, -8.0, -7.0; 2
0.0, -8.0, -7.0; 7
1.0, -8.0, -7.0; 1
-4.0, -7.0, -7.0; 1
-3.0, -7.0, -7.0; 4
-2.0, -7.0, -7.0; 9
-1.0, -7.0, -7.0; 3
0.0, -7.0, -7.0; 3
1.0, -7.0, -7.0; 2
2.0, -7.0, -7.0; 3
-6.0, -6.0, -7.0; 2
-5.0, -6.0, -7.0; 8
-4.0, -6.0, -7.0; 3
-3.0, -6.0, -7.0; 3
-2.0, -6.0, -7.0; 2
-1.0, -6.0, -7.0; 3
0.0, -6.0, -7.0; 1
1.0, -6.0, -7.0; 2
2.0, -6.0, -7.0; 4
3.0, -6.0, -7.0; 1
4.0, -6.0, -7.0; 1
-6.0, -5.0, -7.0; 3
-5.0, -5.0, -7.0; 4
-4.0, -5.0, -7.0; 2
-3.0, -5.0, -7.0; 3
-1.0, -5.0, -7.0; 1
1.0, -5.0, -7.0; 1
-7.0, -4.0, -7.0; 2
-6.0, -4.0, -7.0; 7
-5.0, -4.0, -7.0; 5
-4.0, -4.0, -7.0; 2
-3.0, -4.0, -7.0; 5
-2.0, -4.0, -7.0; 7
1.0, -4.0, -7.0; 1
3.0, -4.0, -7.0; 1
4.0, -4.0, -7.0; 1
-7.0, -3.0, -7.0; 1
-6.0, -3.0, -7.0; 12
-5.0, -3.0, -7.0; 3
-3.0, -3.0, -7.0; 2
-2.0, -3.0, -7.0; 4
-1.0, -3.0, -7.0; 1
0.0, -3.0, -7.0; 1
1.0, -3.0, -7.0; 1
2.0, -3.0, -7.0; 3
3.0, -3.0, -7.0; 1
4.0, -3.0, -7.0; 1
5.0, -3.0, -7.0; 1
-8.0, -2.0, -7.0; 3
-6.0, -2.0, -7.0; 4
-5.0, -2.0, -7.0; 12
-3.0, -2.0, -7.0; 1
-2.0, -2.0, -7.0; 2
-1.0, -2.0, -7.0; 2
1.0, -2.0, -7.0; 1
2.0, -2.0, -7.0; 1
4.0, -2.0, -7.0; 1
7.0, -2.0, -7.0; 1
-7.0, -1.0, -7.0; 3
-6.0, -1.0, -7.0; 3
-5.0, -1.0, -7.0; 6
-4.0, -1.0, -7.0; 3
-3.0, -1.0, -7.0; 1
-2.0, -1.0, -7.0; 7
0.0, -1.0, -7.0; 2
2.0, -1.0, -7.0; 1
3.0, -1.0, -7.0; 7
7.0, -1.0, -7.0; 1
-7.0, 0.0, -7.0; 4
-3.0, 0.0, -7.0; 3
-2.0, 0.0, -7.0; 1
2.0, 0.0, -7.0; 1
3.0, 0.0, -7.0; 2
4.0, 0.0, -7.0; 1
-7.0, 1.0, -7.0; 2
-6.0, 1.0, -7.0; 2
-5.0, 1.0, -7.0; 3
-4.0, 1.0, -7.0; 1
-3.0, 1.0, -7.0; 2
1.0, 1.0, -7.0; 4
2.0, 1.0, -7.0; 1
4.0, 1.0, -7.0; 1
5.0, 1.0, -7.0; 1
6.0, 1.0, -7.0; 1
-5.0, 2.0, -7.0; 1
-4.0, 2.0, -7.0; 1
-3.0, 2.0, -7.0; 1
-1.0, 2.0, -7.0; 1
1.0, 2.0, -7.0; 2
-6.0, 3.0, -7.0; 4
-5.0, 3.0, -7.0; 1
1.0, 3.0, -7.0; 1
5.0, 3.0, -7.0; 2
-7.0, 4.0, -7.0; 1
-6.0, 4.0, -7.0; 3
-5.0, 4.0, -7.0; 2
-3.0, 4.0, -7.0; 3
-2.0, 4.0, -7.0; 1
0.0, 4.0, -7.0; 1
2.0, 4.0, -7.0; 1
3.0, 4.0, -7.0; 1
5.0, 4.0, -7.0; 1
-5.0, 5.0, -7.0; 1
-4.0, 5.0, -7.0; 1
-1.0, 5.0, -7.0; 1
0.0, 5.0, -7.0; 7
2.0, 5.0, -7.0; 3
-4.0, 6.0, -7.0; 1
-3.0, 6.0, -7.0; 3
-2.0, 6.0, -7.0; 1
-1.0, 6.0, -7.0; 2
0.0, 6.0, -7.0; 2
1.0, 6.0, -7.0; 1
3.0, 6.0, -7.0; 2
-3.0, 7.0, -7.0; 1
-2.0, 7.0, -7.0; 1
0.0, 7.0, -7.0; 1
1.0, 7.0, -7.0; 1
-2.0, -9.0, -6.0; 1
-1.0, -9.0, -6.0; 2
0.0, -9.0, -6.0; 3
1.0, -9.0, -6.0; 1
2.0, -9.0, -6.0; 1
-4.0, -8.0, -6.0; 1
-3.0, -8.0, -6.0; 5
-2.0, -8.0, -6.0; 35
-1.0, -8.0, -6.0; 46
0.0, -8.0, -6.0; 8
1.0, -8.0, -6.0; 5
2.0, -8.0, -6.0; 3
3.0, -8.0, -6.0; 3
-6.0, -7.0, -6.0; 2
-5.0, -7.0, -6.0; 2
-4.0, -7.0, -6.0; 13
-3.0, -7.0, -6.0; 12
-2.0, -7.0, -6.0; 78
-1.0, -7.0, -6.0; 79
0.0, -7.0, -6.0; 7
1.0, -7.0, -6.0; 3
2.0, -7.0, -6.0; 2
3.0, -7.0, -6.0; 2
4.0, -7.0, -6.0; 3
-6.0, -6.0, -6.0; 1
-5.0, -6.0, -6.0; 11
-4.0, -6.0, -6.0; 5
-3.0, -6.0, -6.0; 5
-2.0, -6.0, -6.0; 18
-1.0, -6.0, -6.0; 6
0.0, -6.0, -6.0; 3
1.0, -6.0, -6.0; 5
2.0, -6.0, -6.0; 3
3.0, -6.0, -6.0; 1
5.0, -6.0, -6.0; 1
-7.0, -5.0, -6.0; 2
-6.0, -5.0, -6.0; 12
-5.0, -5.0, -6.0; 3
-4.0, -5.0, -6.0; 5
-3.0, -5.0, -6.0; 8
-2.0, -5.0, -6.0; 7
-1.0, -5.0, -6.0; 9
0.0, -5.0, -6.0; 2
1.0, -5.0, -6.0; 1
4.0, -5.0, -6.0; 3
-7.0, -4.0, -6.0; 1
-6.0, -4.0, -6.0; 6
-5.0, -4.0, -6.0; 2
-4.0, -4.0, -6.0; 6
-3.0, -4.0, -6.0; 6
-2.0, -4.0, -6.0; 6
-1.0, -4.0, -6.0; 1
0.0, -4.0, -6.0; 2
1.0, -4.0, -6.0; 2
2.0, -4.0, -6.0; 1
4.0, -4.0, -6.0; 2
5.0, -4.0, -6.0; 1
-7.0, -3.0, -6.0; 2
-6.0, -3.0, -6.0; 4
-5.0, -3.0, -6.0; 2
-4.0, -3.0, -6.0; 3
-3.0, -3.0, -6.0; 7
-2.0, -3.0, -6.0; 6
-1.0, -3.0, -6.0; 10
0.0, -3.0, -6.0; 18
1.0, -3.0, -6.0; 6
2.0, -3.0, -6.0; 2
4.0, -3.0, -6.0; 1
8.0, -3.0, -6.0; 1
-8.0, -2.0, -6.0; 1
-7.0, -2.0, -6.0; 4
-6.0, -2.0, -6.0; 4
-5.0, -2.0, -6.0; 1
-4.0, -2.0, -6.0; 3
-3.0, -2.0, -6.0; 6
-2.0, -2.0, -6.0; 14
-1.0, -2.0, -6.0; 15
0.0, -2.0, -6.0; 15
1.0, -2.0, -6.0; 1
2.0, -2.0, -6.0; 1
4.0, -2.0, -6.0; 1
7.0, -2.0, -6.0; 1
-8.0, -1.0, -6.0; 1
-7.0, -1.0, -6.0; 1
-6.0, -1.0, -6.0; 5
-4.0, -1.0, -6.0; 1
-3.0, -1.0, -6.0; 4
-2.0, -1.0, -6.0; 11
-1.0, -1.0, -6.0; 14
0.0, -1.0, -6.0; 3
3.0, -1.0, -6.0; 2
4.0, -1.0, -6.0; 1
-8.0, 0.0, -6.0; 1
-7.0, 0.0, -6.0; 6
-6.0, 0.0, -6.0; 4
-5.0, 0.0, -6.0; 1
-3.0, 0.0, -6.0; 3
-2.0, 0.0, -6.0; 1
-1.0, 0.0, -6.0; 7
0.0, 0.0, -6.0; 2
3.0, 0.0, -6.0; 1
4.0, 0.0, -6.0; 2
5.0, 0.0, -6.0; 1
-7.0, 1.0, -6.0; 1
-6.0, 1.0, -6.0; 3
-4.0, 1.0, -6.0; 3
-3.0, 1.0, -6.0; 6
-2.0, 1.0, -6.0; 7
-1.0, 1.0, -6.0; 8
3.0, 1.0, -6.0; 1
4.0, 1.0, -6.0; 1
-8.0, 2.0, -6.0; 3
-7.0, 2.0, -6.0; 4
-6.0, 2.0, -6.0; 3
-5.0, 2.0, -6.0; 2
-4.0, 2.0, -6.0; 3
-2.0, 2.0, -6.0; 1
-1.0, 2.0, -6.0; 4
0.0, 2.0, -6.0; 2
3.0, 2.0, -6.0; 1
-7.0, 3.0, -6.0; 3
-6.0, 3.0, -6.0; 2
-5.0, 3.0, -6.0; 2
-4.0, 3.0, -6.0; 5
-2.0, 3.0, -6.0; 2
0.0, 3.0, -6.0; 1
3.0, 3.0, -6.0; 3
4.0, 3.0, -6.0; 1
5.0, 3.0, -6.0; 3
-7.0, 4.0, -6.0; 2
-6.0, 4.0, -6.0; 3
-3.0, 4.0, -6.0; 2
0.0, 4.0, -6.0; 1
2.0, 4.0, -6.0; 1
4.0, 4.0, -6.0; 1
-6.0, 5.0, -6.0; 1
-5.0, 5.0, -6.0; 1
-4.0, 5.0, -6.0; 1
-3.0, 5.0, -6.0; 1
-2.0, 5.0, -6.0; 1
0.0, 5.0, -6.0; 2
2.0, 5.0, -6.0; 2
4.0, 5.0, -6.0; 1
-5.0, 6.0, -6.0; 4
-4.0, 6.0, -6.0; 2
-3.0, 6.0, -6.0; 3
-2.0, 6.0, -6.0; 1
-1.0, 6.0, -6.0; 1
0.0, 6.0, -6.0; 2
3.0, 6.0, -6.0; 1
4.0, 6.0, -6.0; 1
-4.0, 7.0, -6.0; 1
-3.0, 7.0, -6.0; 2
-2.0, 7.0, -6.0; 2
-1.0, 7.0, -6.0; 2
1.0, 7.0, -6.0; 2
4.0, 7.0, -6.0; 1
-1.0, 8.0, -6.0; 1
0.0, 8.0, -6.0; 1
-3.0, -9.0, -5.0; 3
-2.0, -9.0, -5.0; 2
-1.0, -9.0, -5.0; 2
0.0, -9.0, -5.0; 5
1.0, -9.0, -5.0; 6
2.0, -9.0, -5.0; 1
3.0, -9.0, -5.0; 1
-5.0, -8.0, -5.0; 2
-4.0, -8.0, -5.0; 3
-3.0, -8.0, -5.0; 10
-2.0, -8.0, -5.0; 134
-1.0, -8.0, -5.0; 323
0.0, -8.0, -5.0; 32
1.0, -8.0, -5.0; 5
2.0, -8.0, -5.0; 5
3.0, -8.0, -5.0; 2
4.0, -8.0, -5.0; 2
-7.0, -7.0, -5.0; 1
-6.0, -7.0, -5.0; 3
-5.0, -7.0, -5.0; 1
-4.0, -7.0, -5.0; 7
-3.0, -7.0, -5.0; 11
-2.0, -7.0, -5.0; 31
-1.0, -7.0, -5.0; 63
0.0, -7.0, -5.0; 10
1.0, -7.0, -5.0; 7
2.0, -7.0, -5.0; 3
4.0, -7.0, -5.0; 4
5.0, -7.0, -5.0; 2
-7.0, -6.0, -5.0; 1
-6.0, -6.0, -5.0; 2
-5.0, -6.0, -5.0; 2
-4.0, -6.0, -5.0; 2
-2.0, -6.0, -5.0; 3
-1.0, -6.0, -5.0; 3
0.0, -6.0, -5.0; 7
1.0, -6.0, -5.0; 4
2.0, -6.0, -5.0; 1
3.0, -6.0, -5.0; 3
4.0, -6.0, -5.0; 3
6.0, -6.0, -5.0; 2
-8.0, -5.0, -5.0; 2
-7.0, -5.0, -5.0; 1
-6.0, -5.0, -5.0; 4
-5.0, -5.0, -5.0; 3
-4.0, -5.0, -5.0; 2
-2.0, -5.0, -5.0; 5
-1.0, -5.0, -5.0; 3
0.0, -5.0, -5.0; 3
1.0, -5.0, -5.0; 10
2.0, -5.0, -5.0; 1
3.0, -5.0, -5.0; 2
4.0, -5.0, -5.0; 1
5.0, -5.0, -5.0; 1
7.0, -5.0, -5.0; 1
-8.0, -4.0, -5.0; 2
-7.0, -4.0, -5.0; 2
-5.0, -4.0, -5.0; 3
-4.0, -4.0, -5.0; 9
-3.0, -4.0, -5.0; 37
-2.0, -4.0, -5.0; 95
-1.0, -4.0, -5.0; 20
0.0, -4.0, -5.0; 4
1.0, -4.0, -5.0; 24
2.0, -4.0, -5.0; 2
5.0, -4.0, -5.0; 1
6.0, -4.0, -5.0; 2
-9.0, -3.0, -5.0; 1
-8.0, -3.0, -5.0; 1
-7.0, -3.0, -5.0; 4
-5.0, -3.0, -5.0; 3
-4.0, -3.0, -5.0; 25
-3.0, -3.0, -5.0; 601
-2.0, -3.0, -5.0; 376
-1.0, -3.0, -5.0; 5
0.0, -3.0, -5.0; 36
1.0, -3.0, -5.0; 378
2.0, -3.0, -5.0; 13
5.0, -3.0, -5.0; 1
8.0, -3.0, -5.0; 1
-8.0, -2.0, -5.0; 2
-6.0, -2.0, -5.0; 4
-5.0, -2.0, -5.0; 4
-4.0, -2.0, -5.0; 6
-3.0, -2.0, -5.0; 89
-2.0, -2.0, -5.0; 26
-1.0, -2.0, -5.0; 4
0.0, -2.0, -5.0; 18
1.0, -2.0, -5.0; 30
2.0, -2.0, -5.0; 3
4.0, -2.0, -5.0; 1
8.0, -2.0, -5.0; 1
-9.0, -1.0, -5.0; 2
-8.0, -1.0, -5.0; 2
-7.0, -1.0, -5.0; 1
-6.0, -1.0, -5.0; 1
-5.0, -1.0, -5.0; 1
-4.0, -1.0, -5.0; 6
-3.0, -1.0, -5.0; 12
-2.0, -1.0, -5.0; 9
-1.0, -1.0, -5.0; 6
0.0, -1.0, -5.0; 2
1.0, -1.0, -5.0; 1
2.0, -1.0, -5.0; 1
4.0, -1.0, -5.0; 1
8.0, -1.0, -5.0; 1
-7.0, 0.0, -5.0; 5
-6.0, 0.0, -5.0; 3
-4.0, 0.0, -5.0; 5
-3.0, 0.0, -5.0; 8
-2.0, 0.0, -5.0; 7
-1.0, 0.0, -5.0; 2
0.0, 0.0, -5.0; 1
4.0, 0.0, -5.0; 1
-9.0, 1.0, -5.0; 2
-8.0, 1.0, -5.0; 2
-7.0, 1.0, -5.0; 2
-5.0, 1.0, -5.0; 1
-4.0, 1.0, -5.0; 4
-3.0, 1.0, -5.0; 5
-1.0, 1.0, -5.0; 5
0.0, 1.0, -5.0; 4
4.0, 1.0, -5.0; 1
5.0, 1.0, -5.0; 1
-9.0, 2.0, -5.0; 1
-8.0, 2.0, -5.0; 2
-7.0, 2.0, -5.0; 2
-6.0, 2.0, -5.0; 6
-5.0, 2.0, -5.0; 7
-4.0, 2.0, -5.0; 3
-3.0, 2.0, -5.0; 2
-2.0, 2.0, -5.0; 3
-1.0, 2.0, -5.0; 2
0.0, 2.0, -5.0; 5
1.0, 2.0, -5.0; 2
3.0, 2.0, -5.0; 1
4.0, 2.0, -5.0; 2
-8.0, 3.0, -5.0; 2
-7.0, 3.0, -5.0; 1
-5.0, 3.0, -5.0; 3
-4.0, 3.0, -5.0; 6
-3.0, 3.0, -5.0; 6
-2.0, 3.0, -5.0; 5
-1.0, 3.0, -5.0; 5
0.0, 3.0, -5.0; 13
1.0, 3.0, -5.0; 4
3.0, 3.0, -5.0; 1
4.0, 3.0, -5.0; 3
5.0, 3.0, -5.0; 1
-8.0, 4.0, -5.0; 1
-7.0, 4.0, -5.0; 5
-6.0, 4.0, -5.0; 2
-5.0, 4.0, -5.0; 1
-4.0, 4.0, -5.0; 1
-3.0, 4.0, -5.0; 1
-2.0, 4.0, -5.0; 8
-1.0, 4.0, -5.0; 13
0.0, 4.0, -5.0; 1
1.0, 4.0, -5.0; 2
2.0, 4.0, -5.0; 1
3.0, 4.0, -5.0; 2
6.0, 4.0, -5.0; 1
7.0, 4.0, -5.0; 1
-7.0, 5.0, -5.0; 1
-6.0, 5.0, -5.0; 3
-5.0, 5.0, -5.0; 3
-4.0, 5.0, -5.0; 2
1.0, 5.0, -5.0; 1
2.0, 5.0, -5.0; 1
3.0, 5.0, -5.0; 2
5.0, 5.0, -5.0; 3
6.0, 5.0, -5.0; 1
-7.0, 6.0, -5.0; 1
-5.0, 6.0, -5.0; 1
-4.0, 6.0, -5.0; 3
-3.0, 6.0, -5.0; 5
-2.0, 6.0, -5.0; 1
-1.0, 6.0, -5.0; 5
0.0, 6.0, -5.0; 3
1.0, 6.0, -5.0; 1
2.0, 6.0, -5.0; 2
3.0, 6.0, -5.0; 2
-6.0, 7.0, -5.0; 1
-5.0, 7.0, -5.0; 2
-4.0, 7.0, -5.0; 1
-3.0, 7.0, -5.0; 5
-2.0, 7.0, -5.0; 3
-1.0, 7.0, -5.0; 1
0.0, 7.0, -5.0; 2
2.0, 7.0, -5.0; 4
4.0, 7.0, -5.0; 1
-3.0, 8.0, -5.0; 2
-2.0, 8.0, -5.0; 1
-1.0, 8.0, -5.0; 1
0.0, 8.0, -5.0; 2
1.0, 8.0, -5.0; 3
2.0, 8.0, -5.0; 5
-3.0, -10.0, -4.0; 2
-2.0, -10.0, -4.0; 2
-1.0, -10.0, -4.0; 4
1.0, -10.0, -4.0; 1
2.0, -10.0, -4.0; 1
-5.0, -9.0, -4.0; 1
-3.0, -9.0, -4.0; 1
-2.0, -9.0, -4.0; 5
-1.0, -9.0, -4.0; 7
0.0, -9.0, -4.0; 1
1.0, -9.0, -4.0; 6
2.0, -9.0, -4.0; 2
3.0, -9.0, -4.0; 2
4.0, -9.0, -4.0; 1
-5.0, -8.0, -4.0; 2
-4.0, -8.0, -4.0; 1
-3.0, -8.0, -4.0; 2
-2.0, -8.0, -4.0; 11
-1.0, -8.0, -4.0; 28
0.0, -8.0, -4.0; 5
1.0, -8.0, -4.0; 3
2.0, -8.0, -4.0; 2
3.0, -8.0, -4.0; 3
4.0, -8.0, -4.0; 5
5.0, -8.0, -4.0; 2
-7.0, -7.0, -4.0; 4
-6.0, -7.0, -4.0; 5
-4.0, -7.0, -4.0; 1
-1.0, -7.0, -4.0; 7
0.0, -7.0, -4.0; 13
1.0, -7.0, -4.0; 15
2.0, -7.0, -4.0; 2
3.0, -7.0, -4.0; 2
4.0, -7.0, -4.0; 1
5.0, -7.0, -4.0; 1
-8.0, -6.0, -4.0; 1
-7.0, -6.0, -4.0; 4
-6.0, -6.0, -4.0; 2
-5.0, -6.0, -4.0; 1
-3.0, -6.0, -4.0; 2
-2.0, -6.0, -4.0; 1
-1.0, -6.0, -4.0; 7
0.0, -6.0, -4.0; 14
1.0, -6.0, -4.0; 35
2.0, -6.0, -4.0; 3
3.0, -6.0, -4.0; 4
4.0, -6.0, -4.0; 3
5.0, -6.0, -4.0; 3
-7.0, -5.0, -4.0; 2
-6.0, -5.0, -4.0; 1
-5.0, -5.0, -4.0; 1
-4.0, -5.0, -4.0; 3
-3.0, -5.0, -4.0; 6
-2.0, -5.0, -4.0; 19
-1.0, -5.0, -4.0; 75
0.0, -5.0, -4.0; 8
1.0, -5.0, -4.0; 16
2.0, -5.0, -4.0; 9
3.0, -5.0, -4.0; 2
5.0, -5.0, -4.0; 2
-8.0, -4.0, -4.0; 5
-7.0, -4.0, -4.0; 3
-6.0, -4.0, -4.0; 2
-5.0, -4.0, -4.0; 1
-4.0, -4.0, -4.0; 30
-3.0, -4.0, -4.0; 14
-2.0, -4.0, -4.0; 13
-1.0, -4.0, -4.0; 21
0.0, -4.0, -4.0; 1
1.0, -4.0, -4.0; 23
2.0, -4.0, -4.0; 20
3.0, -4.0, -4.0; 1
8.0, -4.0, -4.0; 1
-7.0, -3.0, -4.0; 2
-6.0, -3.0, -4.0; 3
-5.0, -3.0, -4.0; 15
-4.0, -3.0, -4.0; 70
-3.0, -3.0, -4.0; 23
-2.0, -3.0, -4.0; 1
-1.0, -3.0, -4.0; 1
0.0, -3.0, -4.0; 1
1.0, -3.0, -4.0; 94
2.0, -3.0, -4.0; 51
3.0, -3.0, -4.0; 5
4.0, -3.0, -4.0; 1
5.0, -3.0, -4.0; 2
6.0, -3.0, -4.0; 1
-10.0, -2.0, -4.0; 1
-9.0, -2.0, -4.0; 1
-8.0, -2.0, -4.0; 1
-7.0, -2.0, -4.0; 1
-6.0, -2.0, -4.0; 1
-5.0, -2.0, -4.0; 1
-4.0, -2.0, -4.0; 12
-3.0, -2.0, -4.0; 4
-1.0, -2.0, -4.0; 1
1.0, -2.0, -4.0; 1
2.0, -2.0, -4.0; 3
6.0, -2.0, -4.0; 1
7.0, -2.0, -4.0; 1
-10.0, -1.0, -4.0; 1
-9.0, -1.0, -4.0; 1
-7.0, -1.0, -4.0; 2
-6.0, -1.0, -4.0; 1
-4.0, -1.0, -4.0; 2
-3.0, -1.0, -4.0; 1
6.0, -1.0, -4.0; 1
-7.0, 0.0, -4.0; 2
-5.0, 0.0, -4.0; 6
5.0, 0.0, -4.0; 1
6.0, 0.0, -4.0; 2
-7.0, 1.0, -4.0; 1
-6.0, 1.0, -4.0; 7
-5.0, 1.0, -4.0; 2
-4.0, 1.0, -4.0; 1
3.0, 1.0, -4.0; 1
4.0, 1.0, -4.0; 1
5.0, 1.0, -4.0; 1
-9.0, 2.0, -4.0; 2
-8.0, 2.0, -4.0; 1
-6.0, 2.0, -4.0; 7
-5.0, 2.0, -4.0; 3
-4.0, 2.0, -4.0; 1
2.0, 2.0, -4.0; 2
3.0, 2.0, -4.0; 2
4.0, 2.0, -4.0; 2
-9.0, 3.0, -4.0; 2
-8.0, 3.0, -4.0; 3
-7.0, 3.0, -4.0; 3
-6.0, 3.0, -4.0; 1
-5.0, 3.0, -4.0; 3
-4.0, 3.0, -4.0; 2
-3.0, 3.0, -4.0; 1
0.0, 3.0, -4.0; 4
1.0, 3.0, -4.0; 6
2.0, 3.0, -4.0; 1
4.0, 3.0, -4.0; 4
5.0, 3.0, -4.0; 2
7.0, 3.0, -4.0; 1
-8.0, 4.0, -4.0; 2
-7.0, 4.0, -4.0; 4
-4.0, 4.0, -4.0; 1
-3.0, 4.0, -4.0; 5
-2.0, 4.0, -4.0; 5
-1.0, 4.0, -4.0; 9
0.0, 4.0, -4.0; 17
1.0, 4.0, -4.0; 5
3.0, 4.0, -4.0; 2
4.0, 4.0, -4.0; 2
5.0, 4.0, -4.0; 2
8.0, 4.0, -4.0; 1
-8.0, 5.0, -4.0; 1
-7.0, 5.0, -4.0; 6
-6.0, 5.0, -4.0; 2
-5.0, 5.0, -4.0; 2
-2.0, 5.0, -4.0; 20
-1.0, 5.0, -4.0; 34
0.0, 5.0, -4.0; 23
1.0, 5.0, -4.0; 6
4.0, 5.0, -4.0; 1
-7.0, 6.0, -4.0; 3
-6.0, 6.0, -4.0; 2
-5.0, 6.0, -4.0; 9
-4.0, 6.0, -4.0; 2
-2.0, 6.0, -4.0; 1
-1.0, 6.0, -4.0; 4
0.0, 6.0, -4.0; 6
1.0, 6.0, -4.0; 4
3.0, 6.0, -4.0; 1
4.0, 6.0, -4.0; 1
5.0, 6.0, -4.0; 2
6.0, 6.0, -4.0; 1
-6.0, 7.0, -4.0; 1
-5.0, 7.0, -4.0; 2
-4.0, 7.0, -4.0; 2
-3.0, 7.0, -4.0; 3
-2.0, 7.0, -4.0; 2
0.0, 7.0, -4.0; 2
1.0, 7.0, -4.0; 4
2.0, 7.0, -4.0; 4
5.0, 7.0, -4.0; 2
-4.0, 8.0, -4.0; 1
-3.0, 8.0, -4.0; 3
-2.0, 8.0, -4.0; 2
-1.0, 8.0, -4.0; 2
0.0, 8.0, -4.0; 2
1.0, 8.0, -4.0; 2
2.0, 8.0, -4.0; 2
3.0, 8.0, -4.0; 1
4.0, 8.0, -4.0; 1
0.0, 9.0, -4.0; 4
1.0, 9.0, -4.0; 2
-3.0, -10.0, -3.0; 1
-2.0, -10.0, -3.0; 2
-1.0, -10.0, -3.0; 5
0.0, -10.0, -3.0; 2
1.0, -10.0, -3.0; 6
2.0, -10.0, -3.0; 1
-5.0, -9.0, -3.0; 2
-4.0, -9.0, -3.0; 3
-3.0, -9.0, -3.0; 5
-2.0, -9.0, -3.0; 3
-1.0, -9.0, -3.0; 6
0.0, -9.0, -3.0; 8
1.0, -9.0, -3.0; 6
2.0, -9.0, -3.0; 2
3.0, -9.0, -3.0; 2
4.0, -9.0, -3.0; 1
-6.0, -8.0, -3.0; 1
-5.0, -8.0, -3.0; 1
-4.0, -8.0, -3.0; 3
-3.0, -8.0, -3.0; 5
-2.0, -8.0, -3.0; 3
-1.0, -8.0, -3.0; 5
0.0, -8.0, -3.0; 8
1.0, -8.0, -3.0; 2
3.0, -8.0, -3.0; 5
4.0, -8.0, -3.0; 2
5.0, -8.0, -3.0; 1
-7.0, -7.0, -3.0; 3
-6.0, -7.0, -3.0; 2
-5.0, -7.0, -3.0; 1
0.0, -7.0, -3.0; 28
1.0, -7.0, -3.0; 23
2.0, -7.0, -3.0; 1
3.0, -7.0, -3.0; 1
4.0, -7.0, -3.0; 2
5.0, -7.0, -3.0; 4
-8.0, -6.0, -3.0; 1
-7.0, -6.0, -3.0; 3
-2.0, -6.0, -3.0; 3
-1.0, -6.0, -3.0; 32
0.0, -6.0, -3.0; 63
1.0, -6.0, -3.0; 380
2.0, -6.0, -3.0; 31
5.0, -6.0, -3.0; 3
6.0, -6.0, -3.0; 3
-8.0, -5.0, -3.0; 6
-2.0, -5.0, -3.0; 1
-1.0, -5.0, -3.0; 7
0.0, -5.0, -3.0; 9
1.0, -5.0, -3.0; 15
2.0, -5.0, -3.0; 28
3.0, -5.0, -3.0; 2
6.0, -5.0, -3.0; 2
7.0, -5.0, -3.0; 1
-9.0, -4.0, -3.0; 1
-8.0, -4.0, -3.0; 3
-7.0, -4.0, -3.0; 3
-5.0, -4.0, -3.0; 9
-4.0, -4.0, -3.0; 2
-2.0, -4.0, -3.0; 1
1.0, -4.0, -3.0; 1
2.0, -4.0, -3.0; 11
3.0, -4.0, -3.0; 3
4.0, -4.0, -3.0; 1
5.0, -4.0, -3.0; 1
-10.0, -3.0, -3.0; 1
-9.0, -3.0, -3.0; 1
-8.0, -3.0, -3.0; 5
-6.0, -3.0, -3.0; 3
-5.0, -3.0, -3.0; 16
-3.0, -3.0, -3.0; 4
5.0, -3.0, -3.0; 1
6.0, -3.0, -3.0; 1
-10.0, -2.0, -3.0; 1
-9.0, -2.0, -3.0; 1
-6.0, -2.0, -3.0; 2
-5.0, -2.0, -3.0; 9
-10.0, -1.0, -3.0; 1
-8.0, -1.0, -3.0; 1
-7.0, -1.0, -3.0; 1
-6.0, -1.0, -3.0; 1
-5.0, -1.0, -3.0; 1
5.0, -1.0, -3.0; 1
-9.0, 0.0, -3.0; 2
-8.0, 0.0, -3.0; 4
-7.0, 0.0, -3.0; 1
-6.0, 0.0, -3.0; 4
-5.0, 0.0, -3.0; 1
4.0, 0.0, -3.0; 1
5.0, 0.0, -3.0; 2
6.0, 0.0, -3.0; 1
-9.0, 1.0, -3.0; 1
-8.0, 1.0, -3.0; 1
-7.0, 1.0, -3.0; 1
-6.0, 1.0, -3.0; 13
-5.0, 1.0, -3.0; 3
4.0, 1.0, -3.0; 1
5.0, 1.0, -3.0; 1
-10.0, 2.0, -3.0; 2
-9.0, 2.0, -3.0; 3
-8.0, 2.0, -3.0; 4
-7.0, 2.0, -3.0; 1
-6.0, 2.0, -3.0; 7
-5.0, 2.0, -3.0; 1
-10.0, 3.0, -3.0; 1
-9.0, 3.0, -3.0; 1
-8.0, 3.0, -3.0; 4
-7.0, 3.0, -3.0; 1
-6.0, 3.0, -3.0; 2
-5.0, 3.0, -3.0; 4
4.0, 3.0, -3.0; 2
5.0, 3.0, -3.0; 2
-9.0, 4.0, -3.0; 1
-8.0, 4.0, -3.0; 9
-7.0, 4.0, -3.0; 3
-6.0, 4.0, -3.0; 1
-5.0, 4.0, -3.0; 6
-4.0, 4.0, -3.0; 2
0.0, 4.0, -3.0; 4
1.0, 4.0, -3.0; 19
2.0, 4.0, -3.0; 4
4.0, 4.0, -3.0; 1
5.0, 4.0, -3.0; 1
6.0, 4.0, -3.0; 1
-8.0, 5.0, -3.0; 3
-7.0, 5.0, -3.0; 3
-2.0, 5.0, -3.0; 6
-1.0, 5.0, -3.0; 19
0.0, 5.0, -3.0; 34
1.0, 5.0, -3.0; 20
2.0, 5.0, -3.0; 5
3.0, 5.0, -3.0; 1
4.0, 5.0, -3.0; 2
5.0, 5.0, -3.0; 3
6.0, 5.0, -3.0; 1
7.0, 5.0, -3.0; 1
-8.0, 6.0, -3.0; 1
-7.0, 6.0, -3.0; 3
-5.0, 6.0, -3.0; 4
-4.0, 6.0, -3.0; 1
-2.0, 6.0, -3.0; 4
-1.0, 6.0, -3.0; 21
0.0, 6.0, -3.0; 50
1.0, 6.0, -3.0; 8
2.0, 6.0, -3.0; 1
3.0, 6.0, -3.0; 5
4.0, 6.0, -3.0; 3
6.0, 6.0, -3.0; 1
-7.0, 7.0, -3.0; 1
-6.0, 7.0, -3.0; 2
-5.0, 7.0, -3.0; 3
-4.0, 7.0, -3.0; 4
-3.0, 7.0, -3.0; 2
-2.0, 7.0, -3.0; 3
0.0, 7.0, -3.0; 3
1.0, 7.0, -3.0; 6
2.0, 7.0, -3.0; 6
3.0, 7.0, -3.0; 4
6.0, 7.0, -3.0; 3
-5.0, 8.0, -3.0; 2
-4.0, 8.0, -3.0; 2
-3.0, 8.0, -3.0; 7
-2.0, 8.0, -3.0; 5
-1.0, 8.0, -3.0; 4
0.0, 8.0, -3.0; 8
1.0, 8.0, -3.0; 3
3.0, 8.0, -3.0; 1
4.0, 8.0, -3.0; 1
-4.0, 9.0, -3.0; 1
-3.0, 9.0, -3.0; 4
-2.0, 9.0, -3.0; 1
-1.0, 9.0, -3.0; 6
0.0, 9.0, -3.0; 5
1.0, 9.0, -3.0; 3
2.0, 9.0, -3.0; 4
-4.0, -10.0, -2.0; 2
-3.0, -10.0, -2.0; 3
-2.0, -10.0, -2.0; 8
-1.0, -10.0, -2.0; 7
0.0, -10.0, -2.0; 5
1.0, -10.0, -2.0; 3
2.0, -10.0, -2.0; 1
-6.0, -9.0, -2.0; 1
-5.0, -9.0, -2.0; 5
-4.0, -9.0, -2.0; 3
-3.0, -9.0, -2.0; 2
-2.0, -9.0, -2.0; 1
-1.0, -9.0, -2.0; 8
0.0, -9.0, -2.0; 4
1.0, -9.0, -2.0; 11
2.0, -9.0, -2.0; 9
3.0, -9.0, -2.0; 4
4.0, -9.0, -2.0; 4
5.0, -9.0, -2.0; 1
-7.0, -8.0, -2.0; 1
-6.0, -8.0, -2.0; 1
-5.0, -8.0, -2.0; 1
-3.0, -8.0, -2.0; 4
-2.0, -8.0, -2.0; 2
-1.0, -8.0, -2.0; 6
0.0, -8.0, -2.0; 6
1.0, -8.0, -2.0; 3
3.0, -8.0, -2.0; 2
4.0, -8.0, -2.0; 5
5.0, -8.0, -2.0; 3
-8.0, -7.0, -2.0; 3
-7.0, -7.0, -2.0; 1
-4.0, -7.0, -2.0; 3
-3.0, -7.0, -2.0; 1
-2.0, -7.0, -2.0; 1
-1.0, -7.0, -2.0; 4
0.0, -7.0, -2.0; 25
1.0, -7.0, -2.0; 13
2.0, -7.0, -2.0; 6
3.0, -7.0, -2.0; 2
4.0, -7.0, -2.0; 1
5.0, -7.0, -2.0; 2
6.0, -7.0, -2.0; 2
-8.0, -6.0, -2.0; 5
-7.0, -6.0, -2.0; 3
-1.0, -6.0, -2.0; 10
0.0, -6.0, -2.0; 32
1.0, -6.0, -2.0; 160
2.0, -6.0, -2.0; 24
4.0, -6.0, -2.0; 1
5.0, -6.0, -2.0; 3
6.0, -6.0, -2.0; 1
7.0, -6.0, -2.0; 1
-9.0, -5.0, -2.0; 1
-8.0, -5.0, -2.0; 4
1.0, -5.0, -2.0; 1
2.0, -5.0, -2.0; 14
3.0, -5.0, -2.0; 4
5.0, -5.0, -2.0; 1
6.0, -5.0, -2.0; 2
-10.0, -4.0, -2.0; 1
-9.0, -4.0, -2.0; 4
-8.0, -4.0, -2.0; 1
-7.0, -4.0, -2.0; 5
-6.0, -4.0, -2.0; 3
-5.0, -4.0, -2.0; 4
2.0, -4.0, -2.0; 1
3.0, -4.0, -2.0; 2
5.0, -4.0, -2.0; 3
6.0, -4.0, -2.0; 2
7.0, -4.0, -2.0; 1
-9.0, -3.0, -2.0; 3
-7.0, -3.0, -2.0; 1
-6.0, -3.0, -2.0; 5
-5.0, -3.0, -2.0; 5
3.0, -3.0, -2.0; 2
7.0, -3.0, -2.0; 2
9.0, -3.0, -2.0; 2
-9.0, -2.0, -2.0; 3
-6.0, -2.0, -2.0; 1
8.0, -2.0, -2.0; 1
-10.0, -1.0, -2.0; 1
-8.0, -1.0, -2.0; 2
-7.0, -1.0, -2.0; 1
-6.0, -1.0, -2.0; 1
5.0, -1.0, -2.0; 2
-10.0, 0.0, -2.0; 1
-9.0, 0.0, -2.0; 1
-6.0, 0.0, -2.0; 7
-5.0, 0.0, -2.0; 3
5.0, 0.0, -2.0; 2
-10.0, 1.0, -2.0; 1
-7.0, 1.0, -2.0; 2
-6.0, 1.0, -2.0; 230
-5.0, 1.0, -2.0; 29
-10.0, 2.0, -2.0; 1
-9.0, 2.0, -2.0; 2
-8.0, 2.0, -2.0; 3
-7.0, 2.0, -2.0; 3
-6.0, 2.0, -2.0; 26
-5.0, 2.0, -2.0; 19
-9.0, 3.0, -2.0; 1
-8.0, 3.0, -2.0; 3
-6.0, 3.0, -2.0; 5
-5.0, 3.0, -2.0; 3
3.0, 3.0, -2.0; 1
4.0, 3.0, -2.0; 2
5.0, 3.0, -2.0; 2
8.0, 3.0, -2.0; 1
-9.0, 4.0, -2.0; 2
-8.0, 4.0, -2.0; 7
-7.0, 4.0, -2.0; 1
-6.0, 4.0, -2.0; 2
-5.0, 4.0, -2.0; 6
1.0, 4.0, -2.0; 9
2.0, 4.0, -2.0; 3
3.0, 4.0, -2.0; 2
4.0, 4.0, -2.0; 3
5.0, 4.0, -2.0; 1
6.0, 4.0, -2.0; 1
7.0, 4.0, -2.0; 1
-8.0, 5.0, -2.0; 7
-7.0, 5.0, -2.0; 6
-6.0, 5.0, -2.0; 1
-5.0, 5.0, -2.0; 1
-2.0, 5.0, -2.0; 1
-1.0, 5.0, -2.0; 3
0.0, 5.0, -2.0; 18
1.0, 5.0, -2.0; 30
2.0, 5.0, -2.0; 4
3.0, 5.0, -2.0; 3
4.0, 5.0, -2.0; 2
6.0, 5.0, -2.0; 2
7.0, 5.0, -2.0; 1
8.0, 5.0, -2.0; 1
-7.0, 6.0, -2.0; 7
-6.0, 6.0, -2.0; 7
-5.0, 6.0, -2.0; 1
-4.0, 6.0, -2.0; 2
-3.0, 6.0, -2.0; 1
-2.0, 6.0, -2.0; 8
-1.0, 6.0, -2.0; 18
0.0, 6.0, -2.0; 61
1.0, 6.0, -2.0; 33
2.0, 6.0, -2.0; 2
3.0, 6.0, -2.0; 3
4.0, 6.0, -2.0; 4
5.0, 6.0, -2.0; 1
6.0, 6.0, -2.0; 3
-6.0, 7.0, -2.0; 2
-5.0, 7.0, -2.0; 8
-4.0, 7.0, -2.0; 7
-3.0, 7.0, -2.0; 1
-1.0, 7.0, -2.0; 2
0.0, 7.0, -2.0; 2
1.0, 7.0, -2.0; 2
2.0, 7.0, -2.0; 11
3.0, 7.0, -2.0; 2
5.0, 7.0, -2.0; 2
-6.0, 8.0, -2.0; 3
-5.0, 8.0, -2.0; 5
-4.0, 8.0, -2.0; 6
-3.0, 8.0, -2.0; 5
-2.0, 8.0, -2.0; 8
-1.0, 8.0, -2.0; 8
0.0, 8.0, -2.0; 10
1.0, 8.0, -2.0; 2
2.0, 8.0, -2.0; 3
3.0, 8.0, -2.0; 2
-3.0, 9.0, -2.0; 1
-2.0, 9.0, -2.0; 1
-1.0, 9.0, -2.0; 7
0.0, 9.0, -2.0; 23
1.0, 9.0, -2.0; 8
2.0, 9.0, -2.0; 5
3.0, 9.0, -2.0; 3
-4.0, -10.0, -1.0; 5
-3.0, -10.0, -1.0; 10
-2.0, -10.0, -1.0; 19
-1.0, -10.0, -1.0; 18
0.0, -10.0, -1.0; 11
1.0, -10.0, -1.0; 12
2.0, -10.0, -1.0; 3
-6.0, -9.0, -1.0; 2
-5.0, -9.0, -1.0; 9
-4.0, -9.0, -1.0; 2
-3.0, -9.0, -1.0; 1
-2.0, -9.0, -1.0; 1
-1.0, -9.0, -1.0; 5
0.0, -9.0, -1.0; 8
1.0, -9.0, -1.0; 3
2.0, -9.0, -1.0; 2
3.0, -9.0, -1.0; 3
4.0, -9.0, -1.0; 1
-7.0, -8.0, -1.0; 4
-6.0, -8.0, -1.0; 1
-2.0, -8.0, -1.0; 2
-1.0, -8.0, -1.0; 16
0.0, -8.0, -1.0; 6
1.0, -8.0, -1.0; 10
2.0, -8.0, -1.0; 1
3.0, -8.0, -1.0; 4
4.0, -8.0, -1.0; 1
6.0, -8.0, -1.0; 1
-8.0, -7.0, -1.0; 2
-7.0, -7.0, -1.0; 1
-3.0, -7.0, -1.0; 1
-2.0, -7.0, -1.0; 3
-1.0, -7.0, -1.0; 23
0.0, -7.0, -1.0; 46
1.0, -7.0, -1.0; 7
3.0, -7.0, -1.0; 2
4.0, -7.0, -1.0; 2
5.0, -7.0, -1.0; 2
6.0, -7.0, -1.0; 2
-9.0, -6.0, -1.0; 2
-8.0, -6.0, -1.0; 8
-2.0, -6.0, -1.0; 1
-1.0, -6.0, -1.0; 10
0.0, -6.0, -1.0; 21
1.0, -6.0, -1.0; 6
2.0, -6.0, -1.0; 10
3.0, -6.0, -1.0; 1
4.0, -6.0, -1.0; 1
5.0, -6.0, -1.0; 1
6.0, -6.0, -1.0; 1
7.0, -6.0, -1.0; 1
-9.0, -5.0, -1.0; 1
-8.0, -5.0, -1.0; 6
-6.0, -5.0, -1.0; 2
-5.0, -5.0, -1.0; 1
-4.0, -5.0, -1.0; 1
-1.0, -5.0, -1.0; 2
2.0, -5.0, -1.0; 11
3.0, -5.0, -1.0; 2
4.0, -5.0, -1.0; 2
5.0, -5.0, -1.0; 3
-10.0, -4.0, -1.0; 1
-9.0, -4.0, -1.0; 3
-8.0, -4.0, -1.0; 1
-7.0, -4.0, -1.0; 8
-6.0, -4.0, -1.0; 1
-5.0, -4.0, -1.0; 1
-4.0, -4.0, -1.0; 1
2.0, -4.0, -1.0; 1
3.0, -4.0, -1.0; 1
6.0, -4.0, -1.0; 1
7.0, -4.0, -1.0; 1
8.0, -4.0, -1.0; 1
-9.0, -3.0, -1.0; 3
-8.0, -3.0, -1.0; 2
-7.0, -3.0, -1.0; 2
-6.0, -3.0, -1.0; 6
-5.0, -3.0, -1.0; 3
5.0, -3.0, -1.0; 1
-9.0, -2.0, -1.0; 3
-8.0, -2.0, -1.0; 2
-7.0, -2.0, -1.0; 1
-6.0, -2.0, -1.0; 2
-10.0, -1.0, -1.0; 1
-7.0, -1.0, -1.0; 4
6.0, -1.0, -1.0; 1
-10.0, 0.0, -1.0; 2
-7.0, 0.0, -1.0; 1
-6.0, 0.0, -1.0; 8
-8.0, 1.0, -1.0; 1
-7.0, 1.0, -1.0; 2
-6.0, 1.0, -1.0; 653
-5.0, 1.0, -1.0; 91
5.0, 1.0, -1.0; 1
-9.0, 2.0, -1.0; 2
-8.0, 2.0, -1.0; 1
-7.0, 2.0, -1.0; 2
-6.0, 2.0, -1.0; 88
-5.0, 2.0, -1.0; 103
5.0, 2.0, -1.0; 2
-9.0, 3.0, -1.0; 5
-8.0, 3.0, -1.0; 1
-6.0, 3.0, -1.0; 5
-5.0, 3.0, -1.0; 3
4.0, 3.0, -1.0; 2
8.0, 3.0, -1.0; 1
-9.0, 4.0, -1.0; 1
-8.0, 4.0, -1.0; 6
-7.0, 4.0, -1.0; 1
-6.0, 4.0, -1.0; 2
-5.0, 4.0, -1.0; 8
2.0, 4.0, -1.0; 3
3.0, 4.0, -1.0; 3
4.0, 4.0, -1.0; 1
5.0, 4.0, -1.0; 1
6.0, 4.0, -1.0; 1
7.0, 4.0, -1.0; 2
-9.0, 5.0, -1.0; 1
-8.0, 5.0, -1.0; 5
-7.0, 5.0, -1.0; 8
-5.0, 5.0, -1.0; 2
-4.0, 5.0, -1.0; 2
-2.0, 5.0, -1.0; 1
-1.0, 5.0, -1.0; 5
0.0, 5.0, -1.0; 11
1.0, 5.0, -1.0; 13
2.0, 5.0, -1.0; 7
4.0, 5.0, -1.0; 2
5.0, 5.0, -1.0; 1
6.0, 5.0, -1.0; 1
-7.0, 6.0, -1.0; 14
-6.0, 6.0, -1.0; 142
-5.0, 6.0, -1.0; 18
-4.0, 6.0, -1.0; 2
-3.0, 6.0, -1.0; 4
-2.0, 6.0, -1.0; 11
-1.0, 6.0, -1.0; 47
0.0, 6.0, -1.0; 96
1.0, 6.0, -1.0; 26
2.0, 6.0, -1.0; 2
3.0, 6.0, -1.0; 3
4.0, 6.0, -1.0; 1
-6.0, 7.0, -1.0; 14
-5.0, 7.0, -1.0; 41
-4.0, 7.0, -1.0; 11
-3.0, 7.0, -1.0; 1
-1.0, 7.0, -1.0; 2
0.0, 7.0, -1.0; 17
1.0, 7.0, -1.0; 6
2.0, 7.0, -1.0; 15
3.0, 7.0, -1.0; 6
4.0, 7.0, -1.0; 2
5.0, 7.0, -1.0; 3
-6.0, 8.0, -1.0; 2
-5.0, 8.0, -1.0; 4
-4.0, 8.0, -1.0; 3
-3.0, 8.0, -1.0; 6
-2.0, 8.0, -1.0; 11
-1.0, 8.0, -1.0; 9
0.0, 8.0, -1.0; 5
1.0, 8.0, -1.0; 10
2.0, 8.0, -1.0; 2
3.0, 8.0, -1.0; 2
4.0, 8.0, -1.0; 1
-4.0, 9.0, -1.0; 3
-3.0, 9.0, -1.0; 3
-2.0, 9.0, -1.0; 4
-1.0, 9.0, -1.0; 14
0.0, 9.0, -1.0; 11
1.0, 9.0, -1.0; 7
2.0, 9.0, -1.0; 2
-4.0, -10.0, 0.0; 4
-3.0, -10.0, 0.0; 10
-2.0, -10.0, 0.0; 12
-1.0, -10.0, 0.0; 7
0.0, -10.0, 0.0; 5
1.0, -10.0, 0.0; 6
2.0, -10.0, 0.0; 2
-6.0, -9.0, 0.0; 5
-5.0, -9.0, 0.0; 6
-4.0, -9.0, 0.0; 3
-3.0, -9.0, 0.0; 3
-1.0, -9.0, 0.0; 4
1.0, -9.0, 0.0; 1
2.0, -9.0, 0.0; 7
3.0, -9.0, 0.0; 2
5.0, -9.0, 0.0; 2
-7.0, -8.0, 0.0; 1
-6.0, -8.0, 0.0; 7
-4.0, -8.0, 0.0; 1
-2.0, -8.0, 0.0; 7
-1.0, -8.0, 0.0; 10
0.0, -8.0, 0.0; 5
1.0, -8.0, 0.0; 4
2.0, -8.0, 0.0; 2
3.0, -8.0, 0.0; 2
4.0, -8.0, 0.0; 2
-8.0, -7.0, 0.0; 4
-7.0, -7.0, 0.0; 6
-5.0, -7.0, 0.0; 2
-4.0, -7.0, 0.0; 11
-3.0, -7.0, 0.0; 15
-2.0, -7.0, 0.0; 49
-1.0, -7.0, 0.0; 114
0.0, -7.0, 0.0; 67
1.0, -7.0, 0.0; 3
2.0, -7.0, 0.0; 4
5.0, -7.0, 0.0; 3
6.0, -7.0, 0.0; 1
-8.0, -6.0, 0.0; 7
-7.0, -6.0, 0.0; 2
-6.0, -6.0, 0.0; 2
-5.0, -6.0, 0.0; 11
-3.0, -6.0, 0.0; 1
-2.0, -6.0, 0.0; 2
-1.0, -6.0, 0.0; 14
0.0, -6.0, 0.0; 8
1.0, -6.0, 0.0; 4
2.0, -6.0, 0.0; 5
4.0, -6.0, 0.0; 2
5.0, -6.0, 0.0; 1
6.0, -6.0, 0.0; 1
7.0, -6.0, 0.0; 2
-9.0, -5.0, 0.0; 1
-8.0, -5.0, 0.0; 5
-7.0, -5.0, 0.0; 1
-6.0, -5.0, 0.0; 21
-5.0, -5.0, 0.0; 1
-3.0, -5.0, 0.0; 2
-2.0, -5.0, 0.0; 1
-1.0, -5.0, 0.0; 1
1.0, -5.0, 0.0; 2
2.0, -5.0, 0.0; 5
3.0, -5.0, 0.0; 4
4.0, -5.0, 0.0; 2
-10.0, -4.0, 0.0; 1
-9.0, -4.0, 0.0; 4
-8.0, -4.0, 0.0; 1
-7.0, -4.0, 0.0; 3
-6.0, -4.0, 0.0; 3
-9.0, -3.0, 0.0; 2
-8.0, -3.0, 0.0; 1
-7.0, -3.0, 0.0; 2
-6.0, -3.0, 0.0; 1
-5.0, -3.0, 0.0; 2
7.0, -3.0, 0.0; 1
-10.0, -2.0, 0.0; 2
-9.0, -2.0, 0.0; 1
-8.0, -2.0, 0.0; 2
4.0, -2.0, 0.0; 1
5.0, -2.0, 0.0; 1
-10.0, -1.0, 0.0; 1
-9.0, -1.0, 0.0; 2
-8.0, -1.0, 0.0; 2
-7.0, -1.0, 0.0; 5
-6.0, -1.0, 0.0; 2
5.0, -1.0, 0.0; 1
7.0, -1.0, 0.0; 1
-8.0, 0.0, 0.0; 2
-7.0, 0.0, 0.0; 1
2.0
6.47075320513
