5.0, 0.0, 0.0; 1
6.0, 0.0, 0.0; 2
-10.0, 1.0, 0.0; 1
-9.0, 1.0, 0.0; 6
-8.0, 1.0, 0.0; 9
-7.0, 1.0, 0.0; 5
-6.0, 1.0, 0.0; 97
-5.0, 1.0, 0.0; 43
4.0, 1.0, 0.0; 1
7.0, 1.0, 0.0; 2
8.0, 1.0, 0.0; 2
-10.0, 2.0, 0.0; 3
-9.0, 2.0, 0.0; 11
-8.0, 2.0, 0.0; 8
-7.0, 2.0, 0.0; 5
-6.0, 2.0, 0.0; 27
-5.0, 2.0, 0.0; 70
4.0, 2.0, 0.0; 1
8.0, 2.0, 0.0; 1
-10.0, 3.0, 0.0; 1
-9.0, 3.0, 0.0; 16
-8.0, 3.0, 0.0; 10
-7.0, 3.0, 0.0; 17
-6.0, 3.0, 0.0; 57
-5.0, 3.0, 0.0; 44
-4.0, 3.0, 0.0; 4
-3.0, 3.0, 0.0; 1
2.0, 3.0, 0.0; 1
3.0, 3.0, 0.0; 1
4.0, 3.0, 0.0; 1
5.0, 3.0, 0.0; 2
6.0, 3.0, 0.0; 1
8.0, 3.0, 0.0; 2
-9.0, 4.0, 0.0; 13
-8.0, 4.0, 0.0; 23
-7.0, 4.0, 0.0; 16
-6.0, 4.0, 0.0; 58
-5.0, 4.0, 0.0; 131
-4.0, 4.0, 0.0; 41
-1.0, 4.0, 0.0; 2
1.0, 4.0, 0.0; 5
2.0, 4.0, 0.0; 12
3.0, 4.0, 0.0; 1
5.0, 4.0, 0.0; 4
8.0, 4.0, 0.0; 6
-9.0, 5.0, 0.0; 4
-8.0, 5.0, 0.0; 21
-7.0, 5.0, 0.0; 24
-6.0, 5.0, 0.0; 9
-5.0, 5.0, 0.0; 56
-4.0, 5.0, 0.0; 176
-3.0, 5.0, 0.0; 142
-2.0, 5.0, 0.0; 29
-1.0, 5.0, 0.0; 72
0.0, 5.0, 0.0; 138
1.0, 5.0, 0.0; 56
2.0, 5.0, 0.0; 6
3.0, 5.0, 0.0; 1
4.0, 5.0, 0.0; 2
5.0, 5.0, 0.0; 1
6.0, 5.0, 0.0; 3
7.0, 5.0, 0.0; 1
-8.0, 6.0, 0.0; 13
-7.0, 6.0, 0.0; 74
-6.0, 6.0, 0.0; 465
-5.0, 6.0, 0.0; 68
-4.0, 6.0, 0.0; 21
-3.0, 6.0, 0.0; 61
-2.0, 6.0, 0.0; 67
-1.0, 6.0, 0.0; 60
0.0, 6.0, 0.0; 43
1.0, 6.0, 0.0; 8
3.0, 6.0, 0.0; 1
4.0, 6.0, 0.0; 1
5.0, 6.0, 0.0; 2
6.0, 6.0, 0.0; 2
7.0, 6.0, 0.0; 1
-7.0, 7.0, 0.0; 5
-6.0, 7.0, 0.0; 38
-5.0, 7.0, 0.0; 52
-4.0, 7.0, 0.0; 9
-3.0, 7.0, 0.0; 5
-2.0, 7.0, 0.0; 10
-1.0, 7.0, 0.0; 28
0.0, 7.0, 0.0; 17
1.0, 7.0, 0.0; 1
2.0, 7.0, 0.0; 3
3.0, 7.0, 0.0; 2
5.0, 7.0, 0.0; 3
-6.0, 8.0, 0.0; 3
-5.0, 8.0, 0.0; 7
-4.0, 8.0, 0.0; 7
-3.0, 8.0, 0.0; 9
-2.0, 8.0, 0.0; 7
-1.0, 8.0, 0.0; 6
0.0, 8.0, 0.0; 11
1.0, 8.0, 0.0; 8
2.0, 8.0, 0.0; 6
3.0, 8.0, 0.0; 1
-4.0, 9.0, 0.0; 7
-3.0, 9.0, 0.0; 10
-2.0, 9.0, 0.0; 14
-1.0, 9.0, 0.0; 9
0.0, 9.0, 0.0; 15
1.0, 9.0, 0.0; 7
2.0, 9.0, 0.0; 1
-4.0, -10.0, 1.0; 3
-3.0, -10.0, 1.0; 9
-2.0, -10.0, 1.0; 14
-1.0, -10.0, 1.0; 8
0.0, -10.0, 1.0; 5
1.0, -10.0, 1.0; 2
2.0, -10.0, 1.0; 1
-6.0, -9.0, 1.0; 3
-5.0, -9.0, 1.0; 16
-4.0, -9.0, 1.0; 15
-3.0, -9.0, 1.0; 10
-2.0, -9.0, 1.0; 16
-1.0, -9.0, 1.0; 11
0.0, -9.0, 1.0; 10
1.0, -9.0, 1.0; 9
2.0, -9.0, 1.0; 3
3.0, -9.0, 1.0; 1
4.0, -9.0, 1.0; 3
-7.0, -8.0, 1.0; 15
-6.0, -8.0, 1.0; 19
-5.0, -8.0, 1.0; 12
-4.0, -8.0, 1.0; 4
-3.0, -8.0, 1.0; 2
-2.0, -8.0, 1.0; 6
-1.0, -8.0, 1.0; 2
0.0, -8.0, 1.0; 3
1.0, -8.0, 1.0; 4
2.0, -8.0, 1.0; 7
3.0, -8.0, 1.0; 1
4.0, -8.0, 1.0; 1
5.0, -8.0, 1.0; 2
6.0, -8.0, 1.0; 1
-8.0, -7.0, 1.0; 3
-7.0, -7.0, 1.0; 12
-6.0, -7.0, 1.0; 16
-5.0, -7.0, 1.0; 3
-4.0, -7.0, 1.0; 51
-3.0, -7.0, 1.0; 131
-2.0, -7.0, 1.0; 146
-1.0, -7.0, 1.0; 86
0.0, -7.0, 1.0; 19
1.0, -7.0, 1.0; 5
2.0, -7.0, 1.0; 8
3.0, -7.0, 1.0; 5
4.0, -7.0, 1.0; 2
5.0, -7.0, 1.0; 1
7.0, -7.0, 1.0; 1
-9.0, -6.0, 1.0; 1
-8.0, -6.0, 1.0; 8
-7.0, -6.0, 1.0; 12
-6.0, -6.0, 1.0; 9
-5.0, -6.0, 1.0; 105
-4.0, -6.0, 1.0; 137
-3.0, -6.0, 1.0; 65
-2.0, -6.0, 1.0; 54
-1.0, -6.0, 1.0; 39
0.0, -6.0, 1.0; 21
1.0, -6.0, 1.0; 11
2.0, -6.0, 1.0; 9
3.0, -6.0, 1.0; 7
5.0, -6.0, 1.0; 1
-9.0, -5.0, 1.0; 2
-8.0, -5.0, 1.0; 20
-7.0, -5.0, 1.0; 17
-6.0, -5.0, 1.0; 49
-5.0, -5.0, 1.0; 68
-4.0, -5.0, 1.0; 4
-3.0, -5.0, 1.0; 58
-2.0, -5.0, 1.0; 29
-1.0, -5.0, 1.0; 2
0.0, -5.0, 1.0; 5
1.0, -5.0, 1.0; 1
2.0, -5.0, 1.0; 1
3.0, -5.0, 1.0; 3
4.0, -5.0, 1.0; 3
6.0, -5.0, 1.0; 2
-10.0, -4.0, 1.0; 1
-9.0, -4.0, 1.0; 6
-8.0, -4.0, 1.0; 23
-7.0, -4.0, 1.0; 3
-6.0, -4.0, 1.0; 55
-5.0, -4.0, 1.0; 9
-4.0, -4.0, 1.0; 1
-3.0, -4.0, 1.0; 2
2.0, -4.0, 1.0; 2
3.0, -4.0, 1.0; 5
4.0, -4.0, 1.0; 1
5.0, -4.0, 1.0; 1
-10.0, -3.0, 1.0; 1
-9.0, -3.0, 1.0; 6
-8.0, -3.0, 1.0; 11
-7.0, -3.0, 1.0; 3
-6.0, -3.0, 1.0; 5
-4.0, -3.0, 1.0; 1
-3.0, -3.0, 1.0; 1
3.0, -3.0, 1.0; 1
4.0, -3.0, 1.0; 1
5.0, -3.0, 1.0; 1
-10.0, -2.0, 1.0; 4
-9.0, -2.0, 1.0; 4
-8.0, -2.0, 1.0; 4
-7.0, -2.0, 1.0; 2
-6.0, -2.0, 1.0; 24
-5.0, -2.0, 1.0; 24
4.0, -2.0, 1.0; 2
-10.0, -1.0, 1.0; 7
-9.0, -1.0, 1.0; 4
-8.0, -1.0, 1.0; 9
-7.0, -1.0, 1.0; 9
-6.0, -1.0, 1.0; 18
-5.0, -1.0, 1.0; 7
-10.0, 0.0, 1.0; 4
-9.0, 0.0, 1.0; 6
-8.0, 0.0, 1.0; 24
-7.0, 0.0, 1.0; 17
-6.0, 0.0, 1.0; 18
-5.0, 0.0, 1.0; 7
6.0, 0.0, 1.0; 1
-10.0, 1.0, 1.0; 3
-9.0, 1.0, 1.0; 7
-8.0, 1.0, 1.0; 11
-7.0, 1.0, 1.0; 4
-6.0, 1.0, 1.0; 16
-5.0, 1.0, 1.0; 16
4.0, 1.0, 1.0; 2
5.0, 1.0, 1.0; 2
6.0, 1.0, 1.0; 1
7.0, 1.0, 1.0; 1
-10.0, 2.0, 1.0; 1
-9.0, 2.0, 1.0; 8
-8.0, 2.0, 1.0; 9
-7.0, 2.0, 1.0; 5
-6.0, 2.0, 1.0; 7
-5.0, 2.0, 1.0; 54
-4.0, 2.0, 1.0; 3
4.0, 2.0, 1.0; 5
5.0, 2.0, 1.0; 1
-10.0, 3.0, 1.0; 4
-9.0, 3.0, 1.0; 17
-8.0, 3.0, 1.0; 15
-7.0, 3.0, 1.0; 15
-6.0, 3.0, 1.0; 28
-5.0, 3.0, 1.0; 44
-4.0, 3.0, 1.0; 37
-3.0, 3.0, 1.0; 2
3.0, 3.0, 1.0; 2
4.0, 3.0, 1.0; 1
5.0, 3.0, 1.0; 2
7.0, 3.0, 1.0; 1
8.0, 3.0, 1.0; 1
-9.0, 4.0, 1.0; 8
-8.0, 4.0, 1.0; 25
-7.0, 4.0, 1.0; 15
-6.0, 4.0, 1.0; 44
-5.0, 4.0, 1.0; 59
-4.0, 4.0, 1.0; 66
-3.0, 4.0, 1.0; 67
-2.0, 4.0, 1.0; 11
-1.0, 4.0, 1.0; 2
0.0, 4.0, 1.0; 6
1.0, 4.0, 1.0; 33
2.0, 4.0, 1.0; 1
3.0, 4.0, 1.0; 1
4.0, 4.0, 1.0; 4
6.0, 4.0, 1.0; 1
7.0, 4.0, 1.0; 1
8.0, 4.0, 1.0; 1
-9.0, 5.0, 1.0; 3
-8.0, 5.0, 1.0; 22
-7.0, 5.0, 1.0; 10
-6.0, 5.0, 1.0; 9
-5.0, 5.0, 1.0; 47
-4.0, 5.0, 1.0; 188
-3.0, 5.0, 1.0; 973
-2.0, 5.0, 1.0; 324
-1.0, 5.0, 1.0; 60
0.0, 5.0, 1.0; 66
1.0, 5.0, 1.0; 30
2.0, 5.0, 1.0; 2
3.0, 5.0, 1.0; 1
4.0, 5.0, 1.0; 1
5.0, 5.0, 1.0; 5
6.0, 5.0, 1.0; 2
-8.0, 6.0, 1.0; 7
-7.0, 6.0, 1.0; 30
-6.0, 6.0, 1.0; 120
-5.0, 6.0, 1.0; 35
-4.0, 6.0, 1.0; 33
-3.0, 6.0, 1.0; 50
-2.0, 6.0, 1.0; 37
-1.0, 6.0, 1.0; 20
0.0, 6.0, 1.0; 7
1.0, 6.0, 1.0; 2
2.0, 6.0, 1.0; 4
4.0, 6.0, 1.0; 1
6.0, 6.0, 1.0; 1
-7.0, 7.0, 1.0; 6
-6.0, 7.0, 1.0; 20
-5.0, 7.0, 1.0; 20
-4.0, 7.0, 1.0; 7
-3.0, 7.0, 1.0; 7
-2.0, 7.0, 1.0; 9
-1.0, 7.0, 1.0; 8
0.0, 7.0, 1.0; 2
1.0, 7.0, 1.0; 2
2.0, 7.0, 1.0; 4
3.0, 7.0, 1.0; 2
5.0, 7.0, 1.0; 1
-6.0, 8.0, 1.0; 2
-5.0, 8.0, 1.0; 10
-4.0, 8.0, 1.0; 13
-3.0, 8.0, 1.0; 9
-2.0, 8.0, 1.0; 10
-1.0, 8.0, 1.0; 8
0.0, 8.0, 1.0; 12
1.0, 8.0, 1.0; 7
2.0, 8.0, 1.0; 6
5.0, 8.0, 1.0; 1
-4.0, 9.0, 1.0; 3
-3.0, 9.0, 1.0; 5
-2.0, 9.0, 1.0; 9
-1.0, 9.0, 1.0; 9
0.0, 9.0, 1.0; 9
1.0, 9.0, 1.0; 5
2.0, 9.0, 1.0; 1
-3.0, -10.0, 2.0; 4
-2.0, -10.0, 2.0; 4
-1.0, -10.0, 2.0; 2
0.0, -10.0, 2.0; 1
1.0, -10.0, 2.0; 2
2.0, -10.0, 2.0; 3
-5.0, -9.0, 2.0; 11
-4.0, -9.0, 2.0; 16
-3.0, -9.0, 2.0; 11
-2.0, -9.0, 2.0; 16
-1.0, -9.0, 2.0; 6
0.0, -9.0, 2.0; 3
1.0, -9.0, 2.0; 1
2.0, -9.0, 2.0; 1
3.0, -9.0, 2.0; 1
-7.0, -8.0, 2.0; 3
-6.0, -8.0, 2.0; 12
-5.0, -8.0, 2.0; 17
-4.0, -8.0, 2.0; 5
-3.0, -8.0, 2.0; 6
-2.0, -8.0, 2.0; 6
-1.0, -8.0, 2.0; 10
0.0, -8.0, 2.0; 11
1.0, -8.0, 2.0; 7
2.0, -8.0, 2.0; 5
3.0, -8.0, 2.0; 1
4.0, -8.0, 2.0; 3
5.0, -8.0, 2.0; 2
-8.0, -7.0, 2.0; 2
-7.0, -7.0, 2.0; 7
-6.0, -7.0, 2.0; 16
-5.0, -7.0, 2.0; 6
-4.0, -7.0, 2.0; 3
-3.0, -7.0, 2.0; 13
-2.0, -7.0, 2.0; 20
-1.0, -7.0, 2.0; 4
0.0, -7.0, 2.0; 5
1.0, -7.0, 2.0; 2
2.0, -7.0, 2.0; 5
4.0, -7.0, 2.0; 1
6.0, -7.0, 2.0; 2
-9.0, -6.0, 2.0; 1
-8.0, -6.0, 2.0; 8
-7.0, -6.0, 2.0; 13
-6.0, -6.0, 2.0; 9
-5.0, -6.0, 2.0; 6
-4.0, -6.0, 2.0; 85
-3.0, -6.0, 2.0; 117
-2.0, -6.0, 2.0; 71
-1.0, -6.0, 2.0; 20
0.0, -6.0, 2.0; 10
1.0, -6.0, 2.0; 2
2.0, -6.0, 2.0; 7
3.0, -6.0, 2.0; 1
6.0, -6.0, 2.0; 1
7.0, -6.0, 2.0; 1
-8.0, -5.0, 2.0; 9
-7.0, -5.0, 2.0; 13
-5.0, -5.0, 2.0; 57
-4.0, -5.0, 2.0; 51
-3.0, -5.0, 2.0; 15
-2.0, -5.0, 2.0; 6
-1.0, -5.0, 2.0; 3
0.0, -5.0, 2.0; 4
1.0, -5.0, 2.0; 4
2.0, -5.0, 2.0; 3
3.0, -5.0, 2.0; 2
4.0, -5.0, 2.0; 1
5.0, -5.0, 2.0; 3
7.0, -5.0, 2.0; 1
8.0, -5.0, 2.0; 1
-9.0, -4.0, 2.0; 2
-8.0, -4.0, 2.0; 13
-7.0, -4.0, 2.0; 7
-6.0, -4.0, 2.0; 4
-5.0, -4.0, 2.0; 12
-4.0, -4.0, 2.0; 8
-3.0, -4.0, 2.0; 5
-2.0, -4.0, 2.0; 1
-1.0, -4.0, 2.0; 1
1.0, -4.0, 2.0; 1
3.0, -4.0, 2.0; 2
4.0, -4.0, 2.0; 5
5.0, -4.0, 2.0; 6
-10.0, -3.0, 2.0; 2
-9.0, -3.0, 2.0; 9
-8.0, -3.0, 2.0; 15
-7.0, -3.0, 2.0; 7
-6.0, -3.0, 2.0; 3
-5.0, -3.0, 2.0; 12
-4.0, -3.0, 2.0; 76
-3.0, -3.0, 2.0; 3
-2.0, -3.0, 2.0; 1
0.0, -3.0, 2.0; 1
1.0, -3.0, 2.0; 3
2.0, -3.0, 2.0; 1
6.0, -3.0, 2.0; 1
-10.0, -2.0, 2.0; 3
-9.0, -2.0, 2.0; 4
-8.0, -2.0, 2.0; 7
-7.0, -2.0, 2.0; 14
-6.0, -2.0, 2.0; 11
-5.0, -2.0, 2.0; 44
-4.0, -2.0, 2.0; 54
-3.0, -2.0, 2.0; 1
3.0, -2.0, 2.0; 1
-10.0, -1.0, 2.0; 3
-9.0, -1.0, 2.0; 2
-8.0, -1.0, 2.0; 5
-7.0, -1.0, 2.0; 9
-6.0, -1.0, 2.0; 21
-5.0, -1.0, 2.0; 9
-4.0, -1.0, 2.0; 14
9.0, -1.0, 2.0; 1
-10.0, 0.0, 2.0; 4
-9.0, 0.0, 2.0; 4
-8.0, 0.0, 2.0; 9
-7.0, 0.0, 2.0; 30
-6.0, 0.0, 2.0; 31
-5.0, 0.0, 2.0; 37
-4.0, 0.0, 2.0; 4
4.0, 0.0, 2.0; 2
6.0, 0.0, 2.0; 1
-10.0, 1.0, 2.0; 2
-9.0, 1.0, 2.0; 3
-8.0, 1.0, 2.0; 9
-7.0, 1.0, 2.0; 11
-6.0, 1.0, 2.0; 14
-5.0, 1.0, 2.0; 143
-4.0, 1.0, 2.0; 208
6.0, 1.0, 2.0; 1
-10.0, 2.0, 2.0; 3
-9.0, 2.0, 2.0; 6
-8.0, 2.0, 2.0; 11
-7.0, 2.0, 2.0; 10
-6.0, 2.0, 2.0; 4
-5.0, 2.0, 2.0; 198
-4.0, 2.0, 2.0; 1262
-3.0, 2.0, 2.0; 39
2.0, 2.0, 2.0; 1
3.0, 2.0, 2.0; 2
5.0, 2.0, 2.0; 1
6.0, 2.0, 2.0; 1
7.0, 2.0, 2.0; 1
-10.0, 3.0, 2.0; 1
-9.0, 3.0, 2.0; 6
-8.0, 3.0, 2.0; 21
-7.0, 3.0, 2.0; 14
-6.0, 3.0, 2.0; 7
-5.0, 3.0, 2.0; 21
-4.0, 3.0, 2.0; 92
-3.0, 3.0, 2.0; 32
-2.0, 3.0, 2.0; 4
-1.0, 3.0, 2.0; 2
0.0, 3.0, 2.0; 6
1.0, 3.0, 2.0; 10
4.0, 3.0, 2.0; 3
7.0, 3.0, 2.0; 2
8.0, 3.0, 2.0; 1
-9.0, 4.0, 2.0; 6
-8.0, 4.0, 2.0; 9
-7.0, 4.0, 2.0; 17
-6.0, 4.0, 2.0; 17
-5.0, 4.0, 2.0; 28
-4.0, 4.0, 2.0; 43
-3.0, 4.0, 2.0; 60
-2.0, 4.0, 2.0; 60
-1.0, 4.0, 2.0; 54
0.0, 4.0, 2.0; 42
1.0, 4.0, 2.0; 17
2.0, 4.0, 2.0; 1
3.0, 4.0, 2.0; 1
4.0, 4.0, 2.0; 6
-9.0, 5.0, 2.0; 1
-8.0, 5.0, 2.0; 12
-7.0, 5.0, 2.0; 11
-6.0, 5.0, 2.0; 21
-5.0, 5.0, 2.0; 13
-4.0, 5.0, 2.0; 36
-3.0, 5.0, 2.0; 124
-2.0, 5.0, 2.0; 118
-1.0, 5.0, 2.0; 19
0.0, 5.0, 2.0; 17
1.0, 5.0, 2.0; 1
2.0, 5.0, 2.0; 1
3.0, 5.0, 2.0; 1
4.0, 5.0, 2.0; 2
5.0, 5.0, 2.0; 1
-8.0, 6.0, 2.0; 3
-7.0, 6.0, 2.0; 22
-6.0, 6.0, 2.0; 27
-5.0, 6.0, 2.0; 14
-4.0, 6.0, 2.0; 7
-3.0, 6.0, 2.0; 10
-2.0, 6.0, 2.0; 8
-1.0, 6.0, 2.0; 7
0.0, 6.0, 2.0; 3
4.0, 6.0, 2.0; 4
6.0, 6.0, 2.0; 1
-7.0, 7.0, 2.0; 1
-6.0, 7.0, 2.0; 16
-5.0, 7.0, 2.0; 13
-4.0, 7.0, 2.0; 13
-3.0, 7.0, 2.0; 3
-2.0, 7.0, 2.0; 3
-1.0, 7.0, 2.0; 4
0.0, 7.0, 2.0; 2
1.0, 7.0, 2.0; 6
2.0, 7.0, 2.0; 1
3.0, 7.0, 2.0; 1
4.0, 7.0, 2.0; 1
5.0, 7.0, 2.0; 1
-6.0, 8.0, 2.0; 2
-5.0, 8.0, 2.0; 6
-4.0, 8.0, 2.0; 13
-3.0, 8.0, 2.0; 8
-2.0, 8.0, 2.0; 7
-1.0, 8.0, 2.0; 10
0.0, 8.0, 2.0; 2
1.0, 8.0, 2.0; 3
2.0, 8.0, 2.0; 4
-3.0, 9.0, 2.0; 3
-2.0, 9.0, 2.0; 8
-1.0, 9.0, 2.0; 5
0.0, 9.0, 2.0; 4
1.0, 9.0, 2.0; 2
2.0, 9.0, 2.0; 1
3.0, 9.0, 2.0; 1
-2.0, -10.0, 3.0; 2
-5.0, -9.0, 3.0; 1
-4.0, -9.0, 3.0; 6
-3.0, -9.0, 3.0; 9
-2.0, -9.0, 3.0; 4
-1.0, -9.0, 3.0; 3
0.0, -9.0, 3.0; 4
2.0, -9.0, 3.0; 1
-7.0, -8.0, 3.0; 2
-6.0, -8.0, 3.0; 3
-5.0, -8.0, 3.0; 13
-4.0, -8.0, 3.0; 18
-3.0, -8.0, 3.0; 16
-2.0, -8.0, 3.0; 11
-1.0, -8.0, 3.0; 13
0.0, -8.0, 3.0; 12
1.0, -8.0, 3.0; 4
2.0, -8.0, 3.0; 1
3.0, -8.0, 3.0; 1
4.0, -8.0, 3.0; 4
-7.0, -7.0, 3.0; 1
-6.0, -7.0, 3.0; 12
-5.0, -7.0, 3.0; 9
-4.0, -7.0, 3.0; 9
-3.0, -7.0, 3.0; 9
-2.0, -7.0, 3.0; 6
-1.0, -7.0, 3.0; 8
0.0, -7.0, 3.0; 5
1.0, -7.0, 3.0; 6
2.0, -7.0, 3.0; 4
3.0, -7.0, 3.0; 1
5.0, -7.0, 3.0; 2
-8.0, -6.0, 3.0; 4
-7.0, -6.0, 3.0; 5
-6.0, -6.0, 3.0; 21
-5.0, -6.0, 3.0; 10
-4.0, -6.0, 3.0; 4
-3.0, -6.0, 3.0; 2
-2.0, -6.0, 3.0; 2
-1.0, -6.0, 3.0; 5
0.0, -6.0, 3.0; 3
1.0, -6.0, 3.0; 5
2.0, -6.0, 3.0; 3
6.0, -6.0, 3.0; 1
-9.0, -5.0, 3.0; 3
-8.0, -5.0, 3.0; 5
-7.0, -5.0, 3.0; 15
-6.0, -5.0, 3.0; 14
-5.0, -5.0, 3.0; 1
-4.0, -5.0, 3.0; 3
-3.0, -5.0, 3.0; 7
-2.0, -5.0, 3.0; 17
-1.0, -5.0, 3.0; 13
0.0, -5.0, 3.0; 4
1.0, -5.0, 3.0; 2
2.0, -5.0, 3.0; 4
3.0, -5.0, 3.0; 1
6.0, -5.0, 3.0; 1
-9.0, -4.0, 3.0; 2
-8.0, -4.0, 3.0; 7
-7.0, -4.0, 3.0; 17
-6.0, -4.0, 3.0; 14
-5.0, -4.0, 3.0; 3
-4.0, -4.0, 3.0; 11
-3.0, -4.0, 3.0; 32
-2.0, -4.0, 3.0; 32
-1.0, -4.0, 3.0; 12
0.0, -4.0, 3.0; 5
1.0, -4.0, 3.0; 3
2.0, -4.0, 3.0; 4
3.0, -4.0, 3.0; 1
4.0, -4.0, 3.0; 3
6.0, -4.0, 3.0; 1
8.0, -4.0, 3.0; 1
-10.0, -3.0, 3.0; 1
-9.0, -3.0, 3.0; 3
-8.0, -3.0, 3.0; 2
-7.0, -3.0, 3.0; 11
-6.0, -3.0, 3.0; 10
-5.0, -3.0, 3.0; 2
-4.0, -3.0, 3.0; 43
-3.0, -3.0, 3.0; 125
-2.0, -3.0, 3.0; 33
-1.0, -3.0, 3.0; 5
0.0, -3.0, 3.0; 1
1.0, -3.0, 3.0; 1
2.0, -3.0, 3.0; 2
3.0, -3.0, 3.0; 3
7.0, -3.0, 3.0; 1
-9.0, -2.0, 3.0; 6
-8.0, -2.0, 3.0; 4
-7.0, -2.0, 3.0; 11
-6.0, -2.0, 3.0; 20
-5.0, -2.0, 3.0; 21
-4.0, -2.0, 3.0; 8
-3.0, -2.0, 3.0; 13
-2.0, -2.0, 3.0; 6
0.0, -2.0, 3.0; 5
1.0, -2.0, 3.0; 3
2.0, -2.0, 3.0; 2
3.0, -2.0, 3.0; 1
4.0, -2.0, 3.0; 4
5.0, -2.0, 3.0; 1
-10.0, -1.0, 3.0; 1
-9.0, -1.0, 3.0; 1
-8.0, -1.0, 3.0; 6
-7.0, -1.0, 3.0; 3
-6.0, -1.0, 3.0; 6
-5.0, -1.0, 3.0; 8
-4.0, -1.0, 3.0; 8
-3.0, -1.0, 3.0; 8
1.0, -1.0, 3.0; 4
2.0, -1.0, 3.0; 3
3.0, -1.0, 3.0; 3
-10.0, 0.0, 3.0; 3
-9.0, 0.0, 3.0; 8
-8.0, 0.0, 3.0; 2
-7.0, 0.0, 3.0; 11
-6.0, 0.0, 3.0; 8
-5.0, 0.0, 3.0; 17
-4.0, 0.0, 3.0; 14
-3.0, 0.0, 3.0; 9
-1.0, 0.0, 3.0; 2
2.0, 0.0, 3.0; 2
3.0, 0.0, 3.0; 1
-10.0, 1.0, 3.0; 1
-9.0, 1.0, 3.0; 7
-8.0, 1.0, 3.0; 5
-7.0, 1.0, 3.0; 7
-6.0, 1.0, 3.0; 14
-5.0, 1.0, 3.0; 25
-4.0, 1.0, 3.0; 132
-3.0, 1.0, 3.0; 40
-2.0, 1.0, 3.0; 3
0.0, 1.0, 3.0; 1
3.0, 1.0, 3.0; 4
-9.0, 2.0, 3.0; 4
-8.0, 2.0, 3.0; 4
-7.0, 2.0, 3.0; 15
-6.0, 2.0, 3.0; 9
-5.0, 2.0, 3.0; 8
-4.0, 2.0, 3.0; 259
-3.0, 2.0, 3.0; 130
-2.0, 2.0, 3.0; 18
-1.0, 2.0, 3.0; 7
0.0, 2.0, 3.0; 12
1.0, 2.0, 3.0; 1
2.0, 2.0, 3.0; 6
3.0, 2.0, 3.0; 3
4.0, 2.0, 3.0; 1
5.0, 2.0, 3.0; 1
-9.0, 3.0, 3.0; 5
-8.0, 3.0, 3.0; 4
-7.0, 3.0, 3.0; 13
-6.0, 3.0, 3.0; 6
-5.0, 3.0, 3.0; 5
-4.0, 3.0, 3.0; 18
-3.0, 3.0, 3.0; 35
-2.0, 3.0, 3.0; 21
-1.0, 3.0, 3.0; 10
0.0, 3.0, 3.0; 9
1.0, 3.0, 3.0; 7
2.0, 3.0, 3.0; 1
3.0, 3.0, 3.0; 1
-9.0, 4.0, 3.0; 2
-8.0, 4.0, 3.0; 7
-7.0, 4.0, 3.0; 10
-6.0, 4.0, 3.0; 13
-5.0, 4.0, 3.0; 11
-4.0, 4.0, 3.0; 6
-3.0, 4.0, 3.0; 10
-2.0, 4.0, 3.0; 13
-1.0, 4.0, 3.0; 19
0.0, 4.0, 3.0; 3
1.0, 4.0, 3.0; 3
2.0, 4.0, 3.0; 1
3.0, 4.0, 3.0; 3
4.0, 4.0, 3.0; 1
5.0, 4.0, 3.0; 1
-8.0, 5.0, 3.0; 17
-7.0, 5.0, 3.0; 14
-6.0, 5.0, 3.0; 12
-5.0, 5.0, 3.0; 8
-4.0, 5.0, 3.0; 4
-3.0, 5.0, 3.0; 3
-2.0, 5.0, 3.0; 6
-1.0, 5.0, 3.0; 5
0.0, 5.0, 3.0; 4
3.0, 5.0, 3.0; 1
-8.0, 6.0, 3.0; 1
-7.0, 6.0, 3.0; 6
-6.0, 6.0, 3.0; 8
-5.0, 6.0, 3.0; 19
-4.0, 6.0, 3.0; 6
-3.0, 6.0, 3.0; 7
-2.0, 6.0, 3.0; 1
-1.0, 6.0, 3.0; 4
0.0, 6.0, 3.0; 3
1.0, 6.0, 3.0; 2
2.0, 6.0, 3.0; 2
-6.0, 7.0, 3.0; 8
-5.0, 7.0, 3.0; 9
-4.0, 7.0, 3.0; 7
-3.0, 7.0, 3.0; 9
-2.0, 7.0, 3.0; 5
-1.0, 7.0, 3.0; 4
0.0, 7.0, 3.0; 5
1.0, 7.0, 3.0; 3
2.0, 7.0, 3.0; 4
3.0, 7.0, 3.0; 2
4.0, 7.0, 3.0; 4
-5.0, 8.0, 3.0; 2
-4.0, 8.0, 3.0; 5
-3.0, 8.0, 3.0; 5
-2.0, 8.0, 3.0; 13
-1.0, 8.0, 3.0; 4
0.0, 8.0, 3.0; 7
1.0, 8.0, 3.0; 3
2.0, 8.0, 3.0; 1
-2.0, 9.0, 3.0; 1
-3.0, -9.0, 4.0; 3
-2.0, -9.0, 4.0; 2
-1.0, -9.0, 4.0; 2
0.0, -9.0, 4.0; 3
1.0, -9.0, 4.0; 3
-5.0, -8.0, 4.0; 1
-4.0, -8.0, 4.0; 6
-3.0, -8.0, 4.0; 9
-2.0, -8.0, 4.0; 4
-1.0, -8.0, 4.0; 8
0.0, -8.0, 4.0; 1
1.0, -8.0, 4.0; 3
2.0, -8.0, 4.0; 2
4.0, -8.0, 4.0; 1
-6.0, -7.0, 4.0; 4
-5.0, -7.0, 4.0; 7
-4.0, -7.0, 4.0; 12
-3.0, -7.0, 4.0; 12
-2.0, -7.0, 4.0; 6
-1.0, -7.0, 4.0; 11
0.0, -7.0, 4.0; 6
1.0, -7.0, 4.0; 1
2.0, -7.0, 4.0; 1
3.0, -7.0, 4.0; 2
4.0, -7.0, 4.0; 1
-7.0, -6.0, 4.0; 1
-6.0, -6.0, 4.0; 7
-5.0, -6.0, 4.0; 4
-4.0, -6.0, 4.0; 11
-3.0, -6.0, 4.0; 12
-2.0, -6.0, 4.0; 9
-1.0, -6.0, 4.0; 7
0.0, -6.0, 4.0; 6
2.0, -6.0, 4.0; 1
4.0, -6.0, 4.0; 1
6.0, -6.0, 4.0; 1
-7.0, -5.0, 4.0; 4
-6.0, -5.0, 4.0; 7
-5.0, -5.0, 4.0; 23
-4.0, -5.0, 4.0; 14
-3.0, -5.0, 4.0; 11
-2.0, -5.0, 4.0; 10
-1.0, -5.0, 4.0; 24
0.0, -5.0, 4.0; 6
1.0, -5.0, 4.0; 2
2.0, -5.0, 4.0; 1
3.0, -5.0, 4.0; 1
-9.0, -4.0, 4.0; 2
-8.0, -4.0, 4.0; 12
-7.0, -4.0, 4.0; 6
-6.0, -4.0, 4.0; 13
-5.0, -4.0, 4.0; 18
-4.0, -4.0, 4.0; 10
-3.0, -4.0, 4.0; 10
-2.0, -4.0, 4.0; 9
-1.0, -4.0, 4.0; 7
0.0, -4.0, 4.0; 4
1.0, -4.0, 4.0; 2
3.0, -4.0, 4.0; 1
-9.0, -3.0, 4.0; 2
-8.0, -3.0, 4.0; 2
-7.0, -3.0, 4.0; 7
-6.0, -3.0, 4.0; 7
-5.0, -3.0, 4.0; 9
-4.0, -3.0, 4.0; 18
-3.0, -3.0, 4.0; 10
-2.0, -3.0, 4.0; 10
-1.0, -3.0, 4.0; 7
0.0, -3.0, 4.0; 4
1.0, -3.0, 4.0; 1
3.0, -3.0, 4.0; 1
5.0, -3.0, 4.0; 1
-10.0, -2.0, 4.0; 1
-9.0, -2.0, 4.0; 5
-8.0, -2.0, 4.0; 3
-7.0, -2.0, 4.0; 4
-6.0, -2.0, 4.0; 7
-5.0, -2.0, 4.0; 5
-4.0, -2.0, 4.0; 12
-3.0, -2.0, 4.0; 4
-2.0, -2.0, 4.0; 4
-1.0, -2.0, 4.0; 7
0.0, -2.0, 4.0; 8
1.0, -2.0, 4.0; 4
3.0, -2.0, 4.0; 1
-9.0, -1.0, 4.0; 4
-8.0, -1.0, 4.0; 3
-7.0, -1.0, 4.0; 4
-6.0, -1.0, 4.0; 1
-5.0, -1.0, 4.0; 6
-4.0, -1.0, 4.0; 8
-3.0, -1.0, 4.0; 9
-2.0, -1.0, 4.0; 9
-1.0, -1.0, 4.0; 19
0.0, -1.0, 4.0; 12
1.0, -1.0, 4.0; 9
2.0, -1.0, 4.0; 3
3.0, -1.0, 4.0; 1
-10.0, 0.0, 4.0; 1
-9.0, 0.0, 4.0; 10
-8.0, 0.0, 4.0; 4
-7.0, 0.0, 4.0; 5
-6.0, 0.0, 4.0; 3
-5.0, 0.0, 4.0; 7
-4.0, 0.0, 4.0; 7
-3.0, 0.0, 4.0; 6
-2.0, 0.0, 4.0; 3
-1.0, 0.0, 4.0; 1
0.0, 0.0, 4.0; 5
1.0, 0.0, 4.0; 3
2.0, 0.0, 4.0; 1
4.0, 0.0, 4.0; 1
-9.0, 1.0, 4.0; 2
-8.0, 1.0, 4.0; 4
-7.0, 1.0, 4.0; 6
-6.0, 1.0, 4.0; 3
-5.0, 1.0, 4.0; 11
-4.0, 1.0, 4.0; 10
-3.0, 1.0, 4.0; 7
-2.0, 1.0, 4.0; 8
-1.0, 1.0, 4.0; 6
0.0, 1.0, 4.0; 2
1.0, 1.0, 4.0; 1
2.0, 1.0, 4.0; 1
-9.0, 2.0, 4.0; 4
-8.0, 2.0, 4.0; 7
-7.0, 2.0, 4.0; 8
-6.0, 2.0, 4.0; 9
-5.0, 2.0, 4.0; 5
-4.0, 2.0, 4.0; 6
-3.0, 2.0, 4.0; 4
-2.0, 2.0, 4.0; 1
-1.0, 2.0, 4.0; 5
0.0, 2.0, 4.0; 28
1.0, 2.0, 4.0; 8
2.0, 2.0, 4.0; 5
-9.0, 3.0, 4.0; 1
-8.0, 3.0, 4.0; 10
-7.0, 3.0, 4.0; 12
-6.0, 3.0, 4.0; 7
-5.0, 3.0, 4.0; 9
-4.0, 3.0, 4.0; 6
-3.0, 3.0, 4.0; 4
-2.0, 3.0, 4.0; 5
-1.0, 3.0, 4.0; 7
0.0, 3.0, 4.0; 2
1.0, 3.0, 4.0; 3
2.0, 3.0, 4.0; 8
3.0, 3.0, 4.0; 2
-8.0, 4.0, 4.0; 1
-7.0, 4.0, 4.0; 7
-6.0, 4.0, 4.0; 8
-5.0, 4.0, 4.0; 11
-4.0, 4.0, 4.0; 7
-3.0, 4.0, 4.0; 2
-2.0, 4.0, 4.0; 1
-1.0, 4.0, 4.0; 2
0.0, 4.0, 4.0; 4
1.0, 4.0, 4.0; 2
2.0, 4.0, 4.0; 2
3.0, 4.0, 4.0; 2
4.0, 4.0, 4.0; 1
5.0, 4.0, 4.0; 2
7.0, 4.0, 4.0; 1
-7.0, 5.0, 4.0; 8
-6.0, 5.0, 4.0; 9
-5.0, 5.0, 4.0; 14
-4.0, 5.0, 4.0; 7
-3.0, 5.0, 4.0; 2
-2.0, 5.0, 4.0; 4
-1.0, 5.0, 4.0; 4
0.0, 5.0, 4.0; 3
1.0, 5.0, 4.0; 4
2.0, 5.0, 4.0; 1
3.0, 5.0, 4.0; 1
5.0, 5.0, 4.0; 1
-7.0, 6.0, 4.0; 2
-6.0, 6.0, 4.0; 4
-5.0, 6.0, 4.0; 5
-4.0, 6.0, 4.0; 4
-3.0, 6.0, 4.0; 5
-2.0, 6.0, 4.0; 6
-1.0, 6.0, 4.0; 3
0.0, 6.0, 4.0; 2
1.0, 6.0, 4.0; 3
3.0, 6.0, 4.0; 2
4.0, 6.0, 4.0; 1
-5.0, 7.0, 4.0; 3
-4.0, 7.0, 4.0; 5
-3.0, 7.0, 4.0; 3
-2.0, 7.0, 4.0; 7
-1.0, 7.0, 4.0; 3
0.0, 7.0, 4.0; 4
1.0, 7.0, 4.0; 2
2.0, 7.0, 4.0; 3
4.0, 7.0, 4.0; 2
-4.0, 8.0, 4.0; 3
-3.0, 8.0, 4.0; 2
-2.0, 8.0, 4.0; 3
-1.0, 8.0, 4.0; 5
0.0, 8.0, 4.0; 1
1.0, 8.0, 4.0; 3
2.0, 8.0, 4.0; 1
3.0, 8.0, 4.0; 1
-1.0, -9.0, 5.0; 1
0.0, -9.0, 5.0; 1
-3.0, -8.0, 5.0; 5
-2.0, -8.0, 5.0; 9
-1.0, -8.0, 5.0; 3
0.0, -8.0, 5.0; 4
1.0, -8.0, 5.0; 2
2.0, -8.0, 5.0; 1
3.0, -8.0, 5.0; 3
-6.0, -7.0, 5.0; 1
-5.0, -7.0, 5.0; 3
-4.0, -7.0, 5.0; 3
-3.0, -7.0, 5.0; 4
-1.0, -7.0, 5.0; 3
0.0, -7.0, 5.0; 3
1.0, -7.0, 5.0; 1
4.0, -7.0, 5.0; 2
-7.0, -6.0, 5.0; 3
-6.0, -6.0, 5.0; 4
-5.0, -6.0, 5.0; 4
-4.0, -6.0, 5.0; 6
-3.0, -6.0, 5.0; 16
-2.0, -6.0, 5.0; 1
-1.0, -6.0, 5.0; 1
0.0, -6.0, 5.0; 2
1.0, -6.0, 5.0; 2
3.0, -6.0, 5.0; 1
4.0, -6.0, 5.0; 1
-8.0, -5.0, 5.0; 1
-7.0, -5.0, 5.0; 6
-6.0, -5.0, 5.0; 2
-5.0, -5.0, 5.0; 6
-4.0, -5.0, 5.0; 13
-3.0, -5.0, 5.0; 10
-2.0, -5.0, 5.0; 1
0.0, -5.0, 5.0; 4
-8.0, -4.0, 5.0; 2
-7.0, -4.0, 5.0; 1
-6.0, -4.0, 5.0; 4
-5.0, -4.0, 5.0; 4
-4.0, -4.0, 5.0; 4
-3.0, -4.0, 5.0; 8
-2.0, -4.0, 5.0; 2
-1.0, -4.0, 5.0; 2
0.0, -4.0, 5.0; 2
-8.0, -3.0, 5.0; 3
-7.0, -3.0, 5.0; 6
-6.0, -3.0, 5.0; 5
-4.0, -3.0, 5.0; 2
-3.0, -3.0, 5.0; 1
-2.0, -3.0, 5.0; 2
-1.0, -3.0, 5.0; 2
0.0, -3.0, 5.0; 3
1.0, -3.0, 5.0; 1
-9.0, -2.0, 5.0; 1
-8.0, -2.0, 5.0; 5
-7.0, -2.0, 5.0; 3
-6.0, -2.0, 5.0; 1
-5.0, -2.0, 5.0; 4
-4.0, -2.0, 5.0; 1
-3.0, -2.0, 5.0; 1
-2.0, -2.0, 5.0; 2
-1.0, -2.0, 5.0; 2
0.0, -2.0, 5.0; 3
1.0, -2.0, 5.0; 1
3.0, -2.0, 5.0; 1
-8.0, -1.0, 5.0; 5
-7.0, -1.0, 5.0; 3
-6.0, -1.0, 5.0; 1
-5.0, -1.0, 5.0; 5
-3.0, -1.0, 5.0; 1
-2.0, -1.0, 5.0; 1
-1.0, -1.0, 5.0; 2
1.0, -1.0, 5.0; 5
2.0, -1.0, 5.0; 1
3.0, -1.0, 5.0; 2
-8.0, 0.0, 5.0; 3
-7.0, 0.0, 5.0; 4
-6.0, 0.0, 5.0; 4
-4.0, 0.0, 5.0; 3
-3.0, 0.0, 5.0; 1
-2.0, 0.0, 5.0; 3
-1.0, 0.0, 5.0; 2
0.0, 0.0, 5.0; 2
1.0, 0.0, 5.0; 1
2.0, 0.0, 5.0; 3
5.0, 0.0, 5.0; 1
-8.0, 1.0, 5.0; 4
-7.0, 1.0, 5.0; 9
-6.0, 1.0, 5.0; 1
-5.0, 1.0, 5.0; 3
-4.0, 1.0, 5.0; 2
-3.0, 1.0, 5.0; 1
-2.0, 1.0, 5.0; 1
-1.0, 1.0, 5.0; 1
0.0, 1.0, 5.0; 1
1.0, 1.0, 5.0; 1
-9.0, 2.0, 5.0; 1
-7.0, 2.0, 5.0; 4
-6.0, 2.0, 5.0; 3
-5.0, 2.0, 5.0; 5
-4.0, 2.0, 5.0; 4
-3.0, 2.0, 5.0; 9
-1.0, 2.0, 5.0; 7
0.0, 2.0, 5.0; 8
1.0, 2.0, 5.0; 1
3.0, 2.0, 5.0; 1
6.0, 2.0, 5.0; 1
-8.0, 3.0, 5.0; 2
-7.0, 3.0, 5.0; 3
-6.0, 3.0, 5.0; 6
-5.0, 3.0, 5.0; 4
-4.0, 3.0, 5.0; 9
-3.0, 3.0, 5.0; 5
-2.0, 3.0, 5.0; 3
-1.0, 3.0, 5.0; 9
0.0, 3.0, 5.0; 3
1.0, 3.0, 5.0; 1
2.0, 3.0, 5.0; 3
3.0, 3.0, 5.0; 1
-8.0, 4.0, 5.0; 1
-7.0, 4.0, 5.0; 6
-6.0, 4.0, 5.0; 5
-5.0, 4.0, 5.0; 4
-4.0, 4.0, 5.0; 7
-3.0, 4.0, 5.0; 3
-2.0, 4.0, 5.0; 3
-1.0, 4.0, 5.0; 2
0.0, 4.0, 5.0; 2
1.0, 4.0, 5.0; 3
2.0, 4.0, 5.0; 2
3.0, 4.0, 5.0; 1
-7.0, 5.0, 5.0; 1
-6.0, 5.0, 5.0; 1
-5.0, 5.0, 5.0; 9
-4.0, 5.0, 5.0; 9
-3.0, 5.0, 5.0; 4
-2.0, 5.0, 5.0; 8
-1.0, 5.0, 5.0; 2
0.0, 5.0, 5.0; 2
1.0, 5.0, 5.0; 1
2.0, 5.0, 5.0; 2
3.0, 5.0, 5.0; 1
4.0, 5.0, 5.0; 1
-4.0, 6.0, 5.0; 2
-3.0, 6.0, 5.0; 9
-2.0, 6.0, 5.0; 2
-1.0, 6.0, 5.0; 1
0.0, 6.0, 5.0; 3
1.0, 6.0, 5.0; 1
2.0, 6.0, 5.0; 1
3.0, 6.0, 5.0; 1
-5.0, 7.0, 5.0; 2
-4.0, 7.0, 5.0; 1
-3.0, 7.0, 5.0; 6
-2.0, 7.0, 5.0; 1
0.0, 7.0, 5.0; 5
2.0, 7.0, 5.0; 1
-3.0, 8.0, 5.0; 1
-3.0, -8.0, 6.0; 1
-2.0, -8.0, 6.0; 1
-1.0, -8.0, 6.0; 1
-5.0, -7.0, 6.0; 1
-4.0, -7.0, 6.0; 1
-3.0, -7.0, 6.0; 4
-2.0, -7.0, 6.0; 4
-1.0, -7.0, 6.0; 4
0.0, -7.0, 6.0; 1
1.0, -7.0, 6.0; 5
2.0, -7.0, 6.0; 2
3.0, -7.0, 6.0; 1
-5.0, -6.0, 6.0; 8
-4.0, -6.0, 6.0; 5
-3.0, -6.0, 6.0; 2
-2.0, -6.0, 6.0; 5
-1.0, -6.0, 6.0; 3
0.0, -6.0, 6.0; 2
1.0, -6.0, 6.0; 7
2.0, -6.0, 6.0; 1
3.0, -6.0, 6.0; 1
4.0, -6.0, 6.0; 1
-7.0, -5.0, 6.0; 1
-6.0, -5.0, 6.0; 2
-5.0, -5.0, 6.0; 6
-4.0, -5.0, 6.0; 6
-3.0, -5.0, 6.0; 2
-2.0, -5.0, 6.0; 4
0.0, -5.0, 6.0; 2
3.0, -5.0, 6.0; 1
-6.0, -4.0, 6.0; 4
-5.0, -4.0, 6.0; 8
-4.0, -4.0, 6.0; 4
-3.0, -4.0, 6.0; 8
-2.0, -4.0, 6.0; 4
-1.0, -4.0, 6.0; 1
-7.0, -3.0, 6.0; 1
-6.0, -3.0, 6.0; 2
-5.0, -3.0, 6.0; 5
-4.0, -3.0, 6.0; 2
-3.0, -3.0, 6.0; 2
-2.0, -3.0, 6.0; 2
-1.0, -3.0, 6.0; 2
0.0, -3.0, 6.0; 1
-8.0, -2.0, 6.0; 1
-6.0, -2.0, 6.0; 2
-5.0, -2.0, 6.0; 1
-4.0, -2.0, 6.0; 3
-3.0, -2.0, 6.0; 1
-1.0, -2.0, 6.0; 3
0.0, -2.0, 6.0; 2
-7.0, -1.0, 6.0; 2
-6.0, -1.0, 6.0; 2
-5.0, -1.0, 6.0; 2
-4.0, -1.0, 6.0; 3
-3.0, -1.0, 6.0; 2
-2.0, -1.0, 6.0; 3
0.0, -1.0, 6.0; 2
1.0, -1.0, 6.0; 1
2.0, -1.0, 6.0; 2
3.0, -1.0, 6.0; 1
4.0, -1.0, 6.0; 1
6.0, -1.0, 6.0; 1
-8.0, 0.0, 6.0; 2
-7.0, 0.0, 6.0; 5
-6.0, 0.0, 6.0; 3
-5.0, 0.0, 6.0; 4
-4.0, 0.0, 6.0; 7
-3.0, 0.0, 6.0; 3
-2.0, 0.0, 6.0; 2
-1.0, 0.0, 6.0; 1
3.0, 0.0, 6.0; 1
-7.0, 1.0, 6.0; 3
-6.0, 1.0, 6.0; 6
-5.0, 1.0, 6.0; 13
-4.0, 1.0, 6.0; 6
-2.0, 1.0, 6.0; 1
-1.0, 1.0, 6.0; 1
2.0, 1.0, 6.0; 1
3.0, 1.0, 6.0; 2
5.0, 1.0, 6.0; 2
-8.0, 2.0, 6.0; 1
-7.0, 2.0, 6.0; 7
-6.0, 2.0, 6.0; 4
-5.0, 2.0, 6.0; 7
-4.0, 2.0, 6.0; 1
-3.0, 2.0, 6.0; 2
-2.0, 2.0, 6.0; 3
-1.0, 2.0, 6.0; 1
0.0, 2.0, 6.0; 2
2.0, 2.0, 6.0; 1
4.0, 2.0, 6.0; 1
-7.0, 3.0, 6.0; 5
-6.0, 3.0, 6.0; 5
-5.0, 3.0, 6.0; 1
-4.0, 3.0, 6.0; 4
-3.0, 3.0, 6.0; 3
-2.0, 3.0, 6.0; 1
-1.0, 3.0, 6.0; 2
2.0, 3.0, 6.0; 1
-7.0, 4.0, 6.0; 3
-5.0, 4.0, 6.0; 4
-4.0, 4.0, 6.0; 4
-3.0, 4.0, 6.0; 1
1.0, 4.0, 6.0; 3
2.0, 4.0, 6.0; 1
-6.0, 5.0, 6.0; 1
-4.0, 5.0, 6.0; 3
-3.0, 5.0, 6.0; 3
-2.0, 5.0, 6.0; 2
-1.0, 5.0, 6.0; 1
1.0, 5.0, 6.0; 1
3.0, 5.0, 6.0; 3
-5.0, 6.0, 6.0; 1
-4.0, 6.0, 6.0; 2
-2.0, 6.0, 6.0; 2
-1.0, 6.0, 6.0; 2
1.0, 6.0, 6.0; 3
2.0, 6.0, 6.0; 1
3.0, 6.0, 6.0; 1
0.0, 7.0, 6.0; 1
-2.0, -7.0, 7.0; 2
-1.0, -7.0, 7.0; 2
-3.0, -6.0, 7.0; 2
-2.0, -6.0, 7.0; 1
-1.0, -6.0, 7.0; 1
0.0, -6.0, 7.0; 2
3.0, -6.0, 7.0; 1
-5.0, -5.0, 7.0; 1
-4.0, -5.0, 7.0; 2
-3.0, -5.0, 7.0; 2
-2.0, -5.0, 7.0; 1
-1.0, -5.0, 7.0; 2
-6.0, -4.0, 7.0; 1
-5.0, -4.0, 7.0; 3
-4.0, -4.0, 7.0; 3
-3.0, -4.0, 7.0; 3
-2.0, -4.0, 7.0; 4
4.0, -4.0, 7.0; 1
-6.0, -3.0, 7.0; 1
-5.0, -3.0, 7.0; 2
-4.0, -3.0, 7.0; 4
-3.0, -3.0, 7.0; 3
0.0, -3.0, 7.0; 1
1.0, -3.0, 7.0; 2
-7.0, -2.0, 7.0; 2
-6.0, -2.0, 7.0; 3
-5.0, -2.0, 7.0; 15
-4.0, -2.0, 7.0; 4
-3.0, -2.0, 7.0; 1
-2.0, -2.0, 7.0; 1
-1.0, -2.0, 7.0; 1
1.0, -2.0, 7.0; 1
4.0, -2.0, 7.0; 1
-6.0, -1.0, 7.0; 1
-5.0, -1.0, 7.0; 3
-4.0, -1.0, 7.0; 3
-3.0, -1.0, 7.0; 1
-2.0, -1.0, 7.0; 2
-1.0, -1.0, 7.0; 3
0.0, -1.0, 7.0; 1
3.0, -1.0, 7.0; 1
-6.0, 0.0, 7.0; 1
-5.0, 0.0, 7.0; 2
-4.0, 0.0, 7.0; 3
-3.0, 0.0, 7.0; 1
-2.0, 0.0, 7.0; 1
-1.0, 0.0, 7.0; 1
1.0, 0.0, 7.0; 1
-7.0, 1.0, 7.0; 1
-6.0, 1.0, 7.0; 1
-5.0, 1.0, 7.0; 2
-4.0, 1.0, 7.0; 2
-3.0, 1.0, 7.0; 4
-2.0, 1.0, 7.0; 2
0.0, 1.0, 7.0; 2
2.0, 1.0, 7.0; 1
-7.0, 2.0, 7.0; 1
-5.0, 2.0, 7.0; 2
-4.0, 2.0, 7.0; 1
-3.0, 2.0, 7.0; 2
-2.0, 2.0, 7.0; 2
-1.0, 2.0, 7.0; 2
0.0, 2.0, 7.0; 1
3.0, 2.0, 7.0; 2
6.0, 2.0, 7.0; 1
-4.0, 3.0, 7.0; 4
-3.0, 3.0, 7.0; 1
0.0, 3.0, 7.0; 1
1.0, 3.0, 7.0; 1
2.0, 3.0, 7.0; 1
-4.0, 4.0, 7.0; 4
-3.0, 4.0, 7.0; 1
-2.0, 4.0, 7.0; 2
-1.0, 4.0, 7.0; 2
1.0, 4.0, 7.0; 3
3.0, 4.0, 7.0; 1
-3.0, 5.0, 7.0; 4
-1.0, 5.0, 7.0; 2
0.0, 5.0, 7.0; 1
1.0, 5.0, 7.0; 1
1.0, 6.0, 7.0; 1
-2.0, -6.0, 8.0; 1
-3.0, -5.0, 8.0; 2
-2.0, -5.0, 8.0; 4
0.0, -5.0, 8.0; 1
2.0, -5.0, 8.0; 1
-5.0, -4.0, 8.0; 1
-3.0, -4.0, 8.0; 4
-2.0, -4.0, 8.0; 1
-1.0, -4.0, 8.0; 2
0.0, -4.0, 8.0; 1
1.0, -4.0, 8.0; 1
-5.0, -3.0, 8.0; 1
-2.0, -3.0, 8.0; 1
0.0, -3.0, 8.0; 1
-5.0, -2.0, 8.0; 2
-3.0, -2.0, 8.0; 2
0.0, -2.0, 8.0; 1
-5.0, -1.0, 8.0; 2
-3.0, -1.0, 8.0; 2
-1.0, -1.0, 8.0; 1
-5.0, 0.0, 8.0; 1
-4.0, 0.0, 8.0; 2
-3.0, 0.0, 8.0; 3
-2.0, 0.0, 8.0; 1
-1.0, 0.0, 8.0; 1
1.0, 0.0, 8.0; 1
-5.0, 1.0, 8.0; 1
-4.0, 1.0, 8.0; 2
-3.0, 1.0, 8.0; 2
-2.0, 1.0, 8.0; 1
-1.0, 1.0, 8.0; 1
0.0, 1.0, 8.0; 1
-3.0, 2.0, 8.0; 1
-2.0, 2.0, 8.0; 1
4.0, 2.0, 8.0; 1
-4.0, 3.0, 8.0; 2
-2.0, 3.0, 8.0; 2
2.0, 3.0, 8.0; 1
-2.0, 4.0, 8.0; 1
-1.0, 4.0, 8.0; 1
1.0, 4.0, 8.0; 1
-2.0, -4.0, 9.0; 1
-1.0, -4.0, 9.0; 1
0.0, -3.0, 9.0; 1
-3.0, -1.0, 9.0; 1
-2.0, -1.0, 9.0; 1
1.0, -1.0, 9.0; 1
0.0, 0.0, 9.0; 1
-3.0, 1.0, 9.0; 1
-3.0, 2.0, 9.0; 1
2.0, 2.0, 9.0; 1
-1.0, 3.0, 9.0; 1
0.0, 3.0, 9.0; 1
2.0, 3.0, 9.0; 1
-2.0, -4.0, -10.0; 1
-1.0, -4.0, -10.0; 2
0.0, -4.0, -10.0; 1
1.0, -4.0, -10.0; 1
-3.0, -3.0, -10.0; 5
-1.0, -3.0, -10.0; 2
0.0, -3.0, -10.0; 1
-3.0, -2.0, -10.0; 3
-2.0, -2.0, -10.0; 3
-1.0, -2.0, -10.0; 2
0.0, -2.0, -10.0; 5
-5.0, -1.0, -10.0; 1
-4.0, -1.0, -10.0; 4
-3.0, -1.0, -10.0; 1
-2.0, -1.0, -10.0; 7
-1.0, -1.0, -10.0; 3
0.0, -1.0, -10.0; 1
1.0, -1.0, -10.0; 1
-2.0, 0.0, -10.0; 4
-1.0, 0.0, -10.0; 3
1.0, 0.0, -10.0; 1
2.0, 0.0, -10.0; 2
3.0, 0.0, -10.0; 1
-4.0, 1.0, -10.0; 1
-3.0, 1.0, -10.0; 4
-2.0, 1.0, -10.0; 2
-1.0, 1.0, -10.0; 3
0.0, 1.0, -10.0; 1
1.0, 1.0, -10.0; 1
3.0, 1.0, -10.0; 1
-3.0, 2.0, -10.0; 1
-2.0, 2.0, -10.0; 4
-1.0, 2.0, -10.0; 1
0.0, 2.0, -10.0; 1
1.0, 2.0, -10.0; 1
-2.0, 3.0, -10.0; 3
1.0, 3.0, -10.0; 1
-2.0, -6.0, -9.0; 2
-1.0, -6.0, -9.0; 1
0.0, -6.0, -9.0; 1
1.0, -6.0, -9.0; 3
-3.0, -5.0, -9.0; 1
-2.0, -5.0, -9.0; 1
-1.0, -5.0, -9.0; 1
0.0, -5.0, -9.0; 8
1.0, -5.0, -9.0; 3
3.0, -5.0, -9.0; 1
-5.0, -4.0, -9.0; 1
-4.0, -4.0, -9.0; 1
-3.0, -4.0, -9.0; 6
-2.0, -4.0, -9.0; 5
-1.0, -4.0, -9.0; 7
0.0, -4.0, -9.0; 3
1.0, -4.0, -9.0; 1
2.0, -4.0, -9.0; 3
-5.0, -3.0, -9.0; 7
-4.0, -3.0, -9.0; 11
-3.0, -3.0, -9.0; 5
-2.0, -3.0, -9.0; 6
-1.0, -3.0, -9.0; 5
0.0, -3.0, -9.0; 9
1.0, -3.0, -9.0; 3
2.0, -3.0, -9.0; 6
-5.0, -2.0, -9.0; 3
-4.0, -2.0, -9.0; 4
-3.0, -2.0, -9.0; 1
-2.0, -2.0, -9.0; 4
-1.0, -2.0, -9.0; 3
1.0, -2.0, -9.0; 7
2.0, -2.0, -9.0; 1
3.0, -2.0, -9.0; 2
4.0, -2.0, -9.0; 1
-6.0, -1.0, -9.0; 1
-5.0, -1.0, -9.0; 7
-4.0, -1.0, -9.0; 1
-3.0, -1.0, -9.0; 2
-2.0, -1.0, -9.0; 5
-1.0, -1.0, -9.0; 5
0.0, -1.0, -9.0; 3
1.0, -1.0, -9.0; 2
2.0, -1.0, -9.0; 2
4.0, -1.0, -9.0; 1
-5.0, 0.0, -9.0; 8
-4.0, 0.0, -9.0; 10
-3.0, 0.0, -9.0; 3
-2.0, 0.0, -9.0; 10
-1.0, 0.0, -9.0; 14
0.0, 0.0, -9.0; 5
1.0, 0.0, -9.0; 4
2.0, 0.0, -9.0; 1
4.0, 0.0, -9.0; 4
5.0, 0.0, -9.0; 1
-5.0, 1.0, -9.0; 6
-4.0, 1.0, -9.0; 12
-3.0, 1.0, -9.0; 12
-2.0, 1.0, -9.0; 9
-1.0, 1.0, -9.0; 8
0.0, 1.0, -9.0; 6
2.0, 1.0, -9.0; 1
3.0, 1.0, -9.0; 3
4.0, 1.0, -9.0; 4
5.0, 1.0, -9.0; 1
-5.0, 2.0, -9.0; 2
-4.0, 2.0, -9.0; 10
-3.0, 2.0, -9.0; 22
-2.0, 2.0, -9.0; 16
-1.0, 2.0, -9.0; 9
0.0, 2.0, -9.0; 5
1.0, 2.0, -9.0; 3
2.0, 2.0, -9.0; 2
3.0, 2.0, -9.0; 2
4.0, 2.0, -9.0; 2
-4.0, 3.0, -9.0; 4
-3.0, 3.0, -9.0; 11
-2.0, 3.0, -9.0; 7
-1.0, 3.0, -9.0; 10
0.0, 3.0, -9.0; 6
1.0, 3.0, -9.0; 3
3.0, 3.0, -9.0; 4
4.0, 3.0, -9.0; 1
-3.0, 4.0, -9.0; 3
-2.0, 4.0, -9.0; 3
-1.0, 4.0, -9.0; 6
0.0, 4.0, -9.0; 3
1.0, 4.0, -9.0; 2
2.0, 4.0, -9.0; 1
3.0, 4.0, -9.0; 2
-3.0, 5.0, -9.0; 1
-1.0, 5.0, -9.0; 2
0.0, 5.0, -9.0; 1
-3.0, -7.0, -8.0; 1
-2.0, -7.0, -8.0; 3
-1.0, -7.0, -8.0; 1
0.0, -7.0, -8.0; 2
1.0, -7.0, -8.0; 5
2.0, -7.0, -8.0; 3
-5.0, -6.0, -8.0; 1
-4.0, -6.0, -8.0; 5
-3.0, -6.0, -8.0; 2
-2.0, -6.0, -8.0; 4
-1.0, -6.0, -8.0; 4
0.0, -6.0, -8.0; 6
1.0, -6.0, -8.0; 12
2.0, -6.0, -8.0; 2
3.0, -6.0, -8.0; 1
-6.0, -5.0, -8.0; 1
-5.0, -5.0, -8.0; 5
-4.0, -5.0, -8.0; 5
-3.0, -5.0, -8.0; 9
-2.0, -5.0, -8.0; 11
-1.0, -5.0, -8.0; 6
0.0, -5.0, -8.0; 4
1.0, -5.0, -8.0; 2
2.0, -5.0, -8.0; 4
3.0, -5.0, -8.0; 4
-7.0, -4.0, -8.0; 1
-6.0, -4.0, -8.0; 3
-5.0, -4.0, -8.0; 3
-4.0, -4.0, -8.0; 15
-3.0, -4.0, -8.0; 7
-2.0, -4.0, -8.0; 11
-1.0, -4.0, -8.0; 4
0.0, -4.0, -8.0; 4
2.0, -4.0, -8.0; 3
3.0, -4.0, -8.0; 1
4.0, -4.0, -8.0; 1
-6.0, -3.0, -8.0; 1
-5.0, -3.0, -8.0; 9
-4.0, -3.0, -8.0; 7
-3.0, -3.0, -8.0; 8
-2.0, -3.0, -8.0; 7
-1.0, -3.0, -8.0; 5
0.0, -3.0, -8.0; 3
1.0, -3.0, -8.0; 1
2.0, -3.0, -8.0; 2
3.0, -3.0, -8.0; 3
4.0, -3.0, -8.0; 1
5.0, -3.0, -8.0; 2
-7.0, -2.0, -8.0; 2
-6.0, -2.0, -8.0; 1
-5.0, -2.0, -8.0; 9
-4.0, -2.0, -8.0; 17
-3.0, -2.0, -8.0; 11
-2.0, -2.0, -8.0; 2
-1.0, -2.0, -8.0; 1
0.0, -2.0, -8.0; 2
1.0, -2.0, -8.0; 1
2.0, -2.0, -8.0; 4
3.0, -2.0, -8.0; 4
4.0, -2.0, -8.0; 2
-7.0, -1.0, -8.0; 1
-6.0, -1.0, -8.0; 2
-5.0, -1.0, -8.0; 8
-4.0, -1.0, -8.0; 14
-3.0, -1.0, -8.0; 9
-2.0, -1.0, -8.0; 4
-1.0, -1.0, -8.0; 5
0.0, -1.0, -8.0; 3
1.0, -1.0, -8.0; 4
2.0, -1.0, -8.0; 4
3.0, -1.0, -8.0; 3
4.0, -1.0, -8.0; 2
5.0, -1.0, -8.0; 1
-7.0, 0.0, -8.0; 4
-6.0, 0.0, -8.0; 4
-5.0, 0.0, -8.0; 22
-4.0, 0.0, -8.0; 14
-3.0, 0.0, -8.0; 6
-2.0, 0.0, -8.0; 4
-1.0, 0.0, -8.0; 2
1.0, 0.0, -8.0; 3
2.0, 0.0, -8.0; 7
3.0, 0.0, -8.0; 6
4.0, 0.0, -8.0; 5
5.0, 0.0, -8.0; 2
6.0, 0.0, -8.0; 1
-6.0, 1.0, -8.0; 6
-5.0, 1.0, -8.0; 16
-4.0, 1.0, -8.0; 21
-3.0, 1.0, -8.0; 8
-2.0, 1.0, -8.0; 9
-1.0, 1.0, -8.0; 3
0.0, 1.0, -8.0; 3
1.0, 1.0, -8.0; 2
2.0, 1.0, -8.0; 3
3.0, 1.0, -8.0; 4
4.0, 1.0, -8.0; 1
5.0, 1.0, -8.0; 2
-7.0, 2.0, -8.0; 1
-6.0, 2.0, -8.0; 7
-5.0, 2.0, -8.0; 20
-4.0, 2.0, -8.0; 28
-3.0, 2.0, -8.0; 18
-2.0, 2.0, -8.0; 5
-1.0, 2.0, -8.0; 3
0.0, 2.0, -8.0; 1
1.0, 2.0, -8.0; 2
2.0, 2.0, -8.0; 1
3.0, 2.0, -8.0; 7
4.0, 2.0, -8.0; 2
5.0, 2.0, -8.0; 1
-6.0, 3.0, -8.0; 4
-5.0, 3.0, -8.0; 3
-4.0, 3.0, -8.0; 14
-3.0, 3.0, -8.0; 17
-2.0, 3.0, -8.0; 11
-1.0, 3.0, -8.0; 9
0.0, 3.0, -8.0; 3
1.0, 3.0, -8.0; 1
2.0, 3.0, -8.0; 1
3.0, 3.0, -8.0; 2
-5.0, 4.0, -8.0; 2
-4.0, 4.0, -8.0; 9
-3.0, 4.0, -8.0; 15
-2.0, 4.0, -8.0; 22
-1.0, 4.0, -8.0; 14
0.0, 4.0, -8.0; 13
1.0, 4.0, -8.0; 4
2.0, 4.0, -8.0; 7
3.0, 4.0, -8.0; 2
4.0, 4.0, -8.0; 1
-5.0, 5.0, -8.0; 3
-4.0, 5.0, -8.0; 8
-3.0, 5.0, -8.0; 3
-2.0, 5.0, -8.0; 8
-1.0, 5.0, -8.0; 11
0.0, 5.0, -8.0; 9
1.0, 5.0, -8.0; 5
2.0, 5.0, -8.0; 2
3.0, 5.0, -8.0; 2
-2.0, 6.0, -8.0; 2
-1.0, 6.0, -8.0; 3
0.0, 6.0, -8.0; 6
-3.0, -8.0, -7.0; 3
-2.0, -8.0, -7.0; 2
-1.0, -8.0, -7.0; 4
1.0, -8.0, -7.0; 1
2.0, -8.0, -7.0; 3
-5.0, -7.0, -7.0; 4
-4.0, -7.0, -7.0; 7
-3.0, -7.0, -7.0; 10
-2.0, -7.0, -7.0; 11
-1.0, -7.0, -7.0; 11
0.0, -7.0, -7.0; 9
1.0, -7.0, -7.0; 4
2.0, -7.0, -7.0; 5
3.0, -7.0, -7.0; 1
-6.0, -6.0, -7.0; 4
-5.0, -6.0, -7.0; 21
-4.0, -6.0, -7.0; 24
-3.0, -6.0, -7.0; 23
-2.0, -6.0, -7.0; 15
-1.0, -6.0, -7.0; 6
0.0, -6.0, -7.0; 3
1.0, -6.0, -7.0; 5
2.0, -6.0, -7.0; 8
3.0, -6.0, -7.0; 3
4.0, -6.0, -7.0; 2
-7.0, -5.0, -7.0; 2
-6.0, -5.0, -7.0; 3
-5.0, -5.0, -7.0; 33
-4.0, -5.0, -7.0; 12
-3.0, -5.0, -7.0; 11
-2.0, -5.0, -7.0; 12
-1.0, -5.0, -7.0; 1
0.0, -5.0, -7.0; 2
1.0, -5.0, -7.0; 2
2.0, -5.0, -7.0; 2
3.0, -5.0, -7.0; 2
5.0, -5.0, -7.0; 3
-8.0, -4.0, -7.0; 1
-7.0, -4.0, -7.0; 7
-6.0, -4.0, -7.0; 27
-5.0, -4.0, -7.0; 20
-4.0, -4.0, -7.0; 7
-3.0, -4.0, -7.0; 4
-2.0, -4.0, -7.0; 3
-1.0, -4.0, -7.0; 1
0.0, -4.0, -7.0; 1
1.0, -4.0, -7.0; 2
3.0, -4.0, -7.0; 2
4.0, -4.0, -7.0; 4
-7.0, -3.0, -7.0; 6
-6.0, -3.0, -7.0; 19
-5.0, -3.0, -7.0; 10
-4.0, -3.0, -7.0; 6
-3.0, -3.0, -7.0; 5
-2.0, -3.0, -7.0; 1
1.0, -3.0, -7.0; 2
2.0, -3.0, -7.0; 1
3.0, -3.0, -7.0; 3
4.0, -3.0, -7.0; 5
5.0, -3.0, -7.0; 2
-8.0, -2.0, -7.0; 4
-7.0, -2.0, -7.0; 3
-6.0, -2.0, -7.0; 12
-5.0, -2.0, -7.0; 27
-4.0, -2.0, -7.0; 2
-2.0, -2.0, -7.0; 1
-1.0, -2.0, -7.0; 5
0.0, -2.0, -7.0; 4
1.0, -2.0, -7.0; 3
2.0, -2.0, -7.0; 1
3.0, -2.0, -7.0; 3
4.0, -2.0, -7.0; 1
5.0, -2.0, -7.0; 3
6.0, -2.0, -7.0; 1
7.0, -2.0, -7.0; 1
-8.0, -1.0, -7.0; 1
-7.0, -1.0, -7.0; 4
-6.0, -1.0, -7.0; 22
-5.0, -1.0, -7.0; 33
-4.0, -1.0, -7.0; 6
-3.0, -1.0, -7.0; 3
-2.0, -1.0, -7.0; 4
-1.0, -1.0, -7.0; 1
0.0, -1.0, -7.0; 3
1.0, -1.0, -7.0; 5
2.0, -1.0, -7.0; 2
3.0, -1.0, -7.0; 6
4.0, -1.0, -7.0; 3
5.0, -1.0, -7.0; 3
6.0, -1.0, -7.0; 2
-8.0, 0.0, -7.0; 5
-7.0, 0.0, -7.0; 10
-6.0, 0.0, -7.0; 39
-5.0, 0.0, -7.0; 22
-4.0, 0.0, -7.0; 5
-3.0, 0.0, -7.0; 2
-1.0, 0.0, -7.0; 1
0.0, 0.0, -7.0; 2
1.0, 0.0, -7.0; 3
2.0, 0.0, -7.0; 8
3.0, 0.0, -7.0; 3
4.0, 0.0, -7.0; 3
5.0, 0.0, -7.0; 5
6.0, 0.0, -7.0; 1
-8.0, 1.0, -7.0; 2
-7.0, 1.0, -7.0; 13
-6.0, 1.0, -7.0; 15
-5.0, 1.0, -7.0; 13
-4.0, 1.0, -7.0; 3
-3.0, 1.0, -7.0; 1
-1.0, 1.0, -7.0; 2
0.0, 1.0, -7.0; 2
1.0, 1.0, -7.0; 5
2.0, 1.0, -7.0; 6
3.0, 1.0, -7.0; 1
4.0, 1.0, -7.0; 2
5.0, 1.0, -7.0; 3
7.0, 1.0, -7.0; 2
-8.0, 2.0, -7.0; 2
-7.0, 2.0, -7.0; 10
-6.0, 2.0, -7.0; 7
-5.0, 2.0, -7.0; 6
-4.0, 2.0, -7.0; 5
-3.0, 2.0, -7.0; 3
-2.0, 2.0, -7.0; 3
-1.0, 2.0, -7.0; 3
0.0, 2.0, -7.0; 5
1.0, 2.0, -7.0; 2
2.0, 2.0, -7.0; 2
3.0, 2.0, -7.0; 3
4.0, 2.0, -7.0; 2
5.0, 2.0, -7.0; 1
6.0, 2.0, -7.0; 1
-7.0, 3.0, -7.0; 5
-6.0, 3.0, -7.0; 5
-5.0, 3.0, -7.0; 8
-4.0, 3.0, -7.0; 4
-3.0, 3.0, -7.0; 2
-2.0, 3.0, -7.0; 3
-1.0, 3.0, -7.0; 1
0.0, 3.0, -7.0; 2
3.0, 3.0, -7.0; 2
4.0, 3.0, -7.0; 2
5.0, 3.0, -7.0; 2
-6.0, 4.0, -7.0; 9
-5.0, 4.0, -7.0; 10
-4.0, 4.0, -7.0; 9
-3.0, 4.0, -7.0; 7
-2.0, 4.0, -7.0; 7
-1.0, 4.0, -7.0; 3
0.0, 4.0, -7.0; 4
1.0, 4.0, -7.0; 3
2.0, 4.0, -7.0; 4
3.0, 4.0, -7.0; 1
4.0, 4.0, -7.0; 1
5.0, 4.0, -7.0; 1
6.0, 4.0, -7.0; 1
-5.0, 5.0, -7.0; 3
-4.0, 5.0, -7.0; 4
-3.0, 5.0, -7.0; 11
-2.0, 5.0, -7.0; 10
-1.0, 5.0, -7.0; 8
0.0, 5.0, -7.0; 10
1.0, 5.0, -7.0; 6
2.0, 5.0, -7.0; 12
3.0, 5.0, -7.0; 4
5.0, 5.0, -7.0; 1
-5.0, 6.0, -7.0; 1
-4.0, 6.0, -7.0; 4
-3.0, 6.0, -7.0; 3
-2.0, 6.0, -7.0; 3
-1.0, 6.0, -7.0; 23
0.0, 6.0, -7.0; 22
1.0, 6.0, -7.0; 10
2.0, 6.0, -7.0; 3
3.0, 6.0, -7.0; 2
4.0, 6.0, -7.0; 1
-3.0, 7.0, -7.0; 5
-2.0, 7.0, -7.0; 3
-1.0, 7.0, -7.0; 3
1.0, 7.0, -7.0; 1
2.0, 7.0, -7.0; 1
-3.0, -9.0, -6.0; 1
-2.0, -9.0, -6.0; 1
-1.0, -9.0, -6.0; 2
0.0, -9.0, -6.0; 1
1.0, -9.0, -6.0; 1
-5.0, -8.0, -6.0; 1
-4.0, -8.0, -6.0; 8
-3.0, -8.0, -6.0; 10
-2.0, -8.0, -6.0; 41
-1.0, -8.0, -6.0; 52
0.0, -8.0, -6.0; 27
1.0, -8.0, -6.0; 5
2.0, -8.0, -6.0; 1
3.0, -8.0, -6.0; 2
4.0, -8.0, -6.0; 1
-6.0, -7.0, -6.0; 5
-5.0, -7.0, -6.0; 10
-4.0, -7.0, -6.0; 34
-3.0, -7.0, -6.0; 41
-2.0, -7.0, -6.0; 129
-1.0, -7.0, -6.0; 194
0.0, -7.0, -6.0; 43
1.0, -7.0, -6.0; 14
2.0, -7.0, -6.0; 8
3.0, -7.0, -6.0; 2
4.0, -7.0, -6.0; 1
5.0, -7.0, -6.0; 1
-7.0, -6.0, -6.0; 12
-6.0, -6.0, -6.0; 27
-5.0, -6.0, -6.0; 28
-4.0, -6.0, -6.0; 21
-3.0, -6.0, -6.0; 29
-2.0, -6.0, -6.0; 50
-1.0, -6.0, -6.0; 24
0.0, -6.0, -6.0; 12
1.0, -6.0, -6.0; 6
2.0, -6.0, -6.0; 5
3.0, -6.0, -6.0; 1
4.0, -6.0, -6.0; 3
5.0, -6.0, -6.0; 1
-8.0, -5.0, -6.0; 1
-7.0, -5.0, -6.0; 21
-6.0, -5.0, -6.0; 26
-5.0, -5.0, -6.0; 17
-4.0, -5.0, -6.0; 4
-3.0, -5.0, -6.0; 27
-2.0, -5.0, -6.0; 37
-1.0, -5.0, -6.0; 14
0.0, -5.0, -6.0; 5
1.0, -5.0, -6.0; 3
2.0, -5.0, -6.0; 1
4.0, -5.0, -6.0; 1
5.0, -5.0, -6.0; 1
-8.0, -4.0, -6.0; 6
-7.0, -4.0, -6.0; 14
-6.0, -4.0, -6.0; 20
-5.0, -4.0, -6.0; 10
-4.0, -4.0, -6.0; 23
-3.0, -4.0, -6.0; 11
-2.0, -4.0, -6.0; 10
-1.0, -4.0, -6.0; 5
0.0, -4.0, -6.0; 12
1.0, -4.0, -6.0; 2
3.0, -4.0, -6.0; 1
4.0, -4.0, -6.0; 3
6.0, -4.0, -6.0; 1
7.0, -4.0, -6.0; 1
-8.0, -3.0, -6.0; 5
-7.0, -3.0, -6.0; 22
-6.0, -3.0, -6.0; 13
-5.0, -3.0, -6.0; 6
-4.0, -3.0, -6.0; 35
-3.0, -3.0, -6.0; 28
-2.0, -3.0, -6.0; 14
-1.0, -3.0, -6.0; 39
0.0, -3.0, -6.0; 45
1.0, -3.0, -6.0; 7
4.0, -3.0, -6.0; 1
5.0, -3.0, -6.0; 2
6.0, -3.0, -6.0; 2
7.0, -3.0, -6.0; 1
-9.0, -2.0, -6.0; 1
-8.0, -2.0, -6.0; 5
-7.0, -2.0, -6.0; 15
-6.0, -2.0, -6.0; 13
-5.0, -2.0, -6.0; 5
-4.0, -2.0, -6.0; 14
-3.0, -2.0, -6.0; 16
-2.0, -2.0, -6.0; 14
-1.0, -2.0, -6.0; 38
0.0, -2.0, -6.0; 83
1.0, -2.0, -6.0; 8
2.0, -2.0, -6.0; 3
3.0, -2.0, -6.0; 1
4.0, -2.0, -6.0; 4
5.0, -2.0, -6.0; 4
6.0, -2.0, -6.0; 4
8.0, -2.0, -6.0; 1
-8.0, -1.0, -6.0; 6
-7.0, -1.0, -6.0; 13
-6.0, -1.0, -6.0; 25
-5.0, -1.0, -6.0; 9
-4.0, -1.0, -6.0; 2
-3.0, -1.0, -6.0; 9
-2.0, -1.0, -6.0; 29
-1.0, -1.0, -6.0; 22
0.0, -1.0, -6.0; 19
1.0, -1.0, -6.0; 6
2.0, -1.0, -6.0; 3
3.0, -1.0, -6.0; 6
4.0, -1.0, -6.0; 4
5.0, -1.0, -6.0; 2
-8.0, 0.0, -6.0; 7
-7.0, 0.0, -6.0; 25
-6.0, 0.0, -6.0; 27
-5.0, 0.0, -6.0; 11
-4.0, 0.0, -6.0; 3
-3.0, 0.0, -6.0; 17
-2.0, 0.0, -6.0; 23
-1.0, 0.0, -6.0; 10
0.0, 0.0, -6.0; 5
1.0, 0.0, -6.0; 3
2.0, 0.0, -6.0; 3
3.0, 0.0, -6.0; 11
5.0, 0.0, -6.0; 1
6.0, 0.0, -6.0; 1
-9.0, 1.0, -6.0; 2
-8.0, 1.0, -6.0; 8
-7.0, 1.0, -6.0; 9
-6.0, 1.0, -6.0; 14
-5.0, 1.0, -6.0; 1
-3.0, 1.0, -6.0; 11
-2.0, 1.0, -6.0; 41
-1.0, 1.0, -6.0; 23
0.0, 1.0, -6.0; 9
1.0, 1.0, -6.0; 2
2.0, 1.0, -6.0; 12
3.0, 1.0, -6.0; 1
4.0, 1.0, -6.0; 3
5.0, 1.0, -6.0; 1
6.0, 1.0, -6.0; 2
7.0, 1.0, -6.0; 1
8.0, 1.0, -6.0; 1
-9.0, 2.0, -6.0; 1
-8.0, 2.0, -6.0; 4
-7.0, 2.0, -6.0; 18
-6.0, 2.0, -6.0; 6
-5.0, 2.0, -6.0; 1
-4.0, 2.0, -6.0; 8
-3.0, 2.0, -6.0; 21
-2.0, 2.0, -6.0; 23
-1.0, 2.0, -6.0; 60
0.0, 2.0, -6.0; 9
1.0, 2.0, -6.0; 6
2.0, 2.0, -6.0; 2
3.0, 2.0, -6.0; 4
4.0, 2.0, -6.0; 1
6.0, 2.0, -6.0; 1
-8.0, 3.0, -6.0; 4
-7.0, 3.0, -6.0; 5
-6.0, 3.0, -6.0; 7
-5.0, 3.0, -6.0; 5
-4.0, 3.0, -6.0; 10
-3.0, 3.0, -6.0; 15
-2.0, 3.0, -6.0; 16
-1.0, 3.0, -6.0; 5
0.0, 3.0, -6.0; 3
1.0, 3.0, -6.0; 3
2.0, 3.0, -6.0; 3
3.0, 3.0, -6.0; 4
4.0, 3.0, -6.0; 2
5.0, 3.0, -6.0; 2
-8.0, 4.0, -6.0; 2
-7.0, 4.0, -6.0; 6
-6.0, 4.0, -6.0; 17
-5.0, 4.0, -6.0; 9
-4.0, 4.0, -6.0; 10
-3.0, 4.0, -6.0; 11
-2.0, 4.0, -6.0; 5
-1.0, 4.0, -6.0; 5
0.0, 4.0, -6.0; 5
1.0, 4.0, -6.0; 1
2.0, 4.0, -6.0; 1
3.0, 4.0, -6.0; 3
5.0, 4.0, -6.0; 2
6.0, 4.0, -6.0; 1
-7.0, 5.0, -6.0; 1
-6.0, 5.0, -6.0; 14
-5.0, 5.0, -6.0; 59
-4.0, 5.0, -6.0; 27
-3.0, 5.0, -6.0; 13
-2.0, 5.0, -6.0; 11
-1.0, 5.0, -6.0; 2
0.0, 5.0, -6.0; 2
1.0, 5.0, -6.0; 3
2.0, 5.0, -6.0; 2
3.0, 5.0, -6.0; 2
4.0, 5.0, -6.0; 6
5.0, 5.0, -6.0; 2
-6.0, 6.0, -6.0; 1
-5.0, 6.0, -6.0; 2
-4.0, 6.0, -6.0; 25
-3.0, 6.0, -6.0; 59
-2.0, 6.0, -6.0; 13
-1.0, 6.0, -6.0; 2
0.0, 6.0, -6.0; 8
1.0, 6.0, -6.0; 2
2.0, 6.0, -6.0; 11
3.0, 6.0, -6.0; 8
4.0, 6.0, -6.0; 1
-4.0, 7.0, -6.0; 3
-3.0, 7.0, -6.0; 9
-2.0, 7.0, -6.0; 12
-1.0, 7.0, -6.0; 5
0.0, 7.0, -6.0; 3
1.0, 7.0, -6.0; 12
2.0, 7.0, -6.0; 5
3.0, 7.0, -6.0; 2
4.0, 7.0, -6.0; 1
-2.0, 8.0, -6.0; 1
-1.0, 8.0, -6.0; 5
0.0, 8.0, -6.0; 2
1.0, 8.0, -6.0; 2
-3.0, -9.0, -5.0; 1
-2.0, -9.0, -5.0; 8
-1.0, -9.0, -5.0; 8
0.0, -9.0, -5.0; 5
1.0, -9.0, -5.0; 2
2.0, -9.0, -5.0; 1
3.0, -9.0, -5.0; 1
-6.0, -8.0, -5.0; 1
-5.0, -8.0, -5.0; 6
-4.0, -8.0, -5.0; 14
-3.0, -8.0, -5.0; 22
-2.0, -8.0, -5.0; 217
-1.0, -8.0, -5.0; 535
0.0, -8.0, -5.0; 61
1.0, -8.0, -5.0; 7
2.0, -8.0, -5.0; 10
3.0, -8.0, -5.0; 9
4.0, -8.0, -5.0; 2
-7.0, -7.0, -5.0; 4
-6.0, -7.0, -5.0; 14
-5.0, -7.0, -5.0; 13
-4.0, -7.0, -5.0; 21
-3.0, -7.0, -5.0; 18
-2.0, -7.0, -5.0; 59
-1.0, -7.0, -5.0; 101
0.0, -7.0, -5.0; 49
1.0, -7.0, -5.0; 10
2.0, -7.0, -5.0; 11
3.0, -7.0, -5.0; 2
4.0, -7.0, -5.0; 2
5.0, -7.0, -5.0; 2
-8.0, -6.0, -5.0; 7
-7.0, -6.0, -5.0; 14
-6.0, -6.0, -5.0; 19
-5.0, -6.0, -5.0; 15
-4.0, -6.0, -5.0; 5
-3.0, -6.0, -5.0; 4
-2.0, -6.0, -5.0; 5
-1.0, -6.0, -5.0; 7
0.0, -6.0, -5.0; 10
1.0, -6.0, -5.0; 11
2.0, -6.0, -5.0; 2
3.0, -6.0, -5.0; 3
4.0, -6.0, -5.0; 3
6.0, -6.0, -5.0; 2
-8.0, -5.0, -5.0; 13
-7.0, -5.0, -5.0; 18
-6.0, -5.0, -5.0; 11
-5.0, -5.0, -5.0; 3
-4.0, -5.0, -5.0; 3
-3.0, -5.0, -5.0; 7
-2.0, -5.0, -5.0; 6
-1.0, -5.0, -5.0; 4
0.0, -5.0, -5.0; 9
1.0, -5.0, -5.0; 16
2.0, -5.0, -5.0; 5
3.0, -5.0, -5.0; 1
4.0, -5.0, -5.0; 1
5.0, -5.0, -5.0; 1
6.0, -5.0, -5.0; 1
7.0, -5.0, -5.0; 1
-9.0, -4.0, -5.0; 7
-8.0, -4.0, -5.0; 17
-7.0, -4.0, -5.0; 14
-6.0, -4.0, -5.0; 4
-5.0, -4.0, -5.0; 13
-4.0, -4.0, -5.0; 15
-3.0, -4.0, -5.0; 61
-2.0, -4.0, -5.0; 119
-1.0, -4.0, -5.0; 31
0.0, -4.0, -5.0; 18
1.0, -4.0, -5.0; 74
2.0, -4.0, -5.0; 14
4.0, -4.0, -5.0; 1
5.0, -4.0, -5.0; 1
-9.0, -3.0, -5.0; 6
-8.0, -3.0, -5.0; 11
-7.0, -3.0, -5.0; 13
-6.0, -3.0, -5.0; 8
-5.0, -3.0, -5.0; 38
-4.0, -3.0, -5.0; 62
-3.0, -3.0, -5.0; 923
-2.0, -3.0, -5.0; 478
-1.0, -3.0, -5.0; 29
0.0, -3.0, -5.0; 80
1.0, -3.0, -5.0; 1081
2.0, -3.0, -5.0; 46
3.0, -3.0, -5.0; 4
4.0, -3.0, -5.0; 1
8.0, -3.0, -5.0; 1
-8.0, -2.0, -5.0; 9
-7.0, -2.0, -5.0; 12
-6.0, -2.0, -5.0; 8
-5.0, -2.0, -5.0; 31
-4.0, -2.0, -5.0; 39
-3.0, -2.0, -5.0; 78
-2.0, -2.0, -5.0; 28
-1.0, -2.0, -5.0; 9
0.0, -2.0, -5.0; 68
1.0, -2.0, -5.0; 132
2.0, -2.0, -5.0; 17
3.0, -2.0, -5.0; 2
4.0, -2.0, -5.0; 3
5.0, -2.0, -5.0; 3
6.0, -2.0, -5.0; 2
7.0, -2.0, -5.0; 2
8.0, -2.0, -5.0; 1
-9.0, -1.0, -5.0; 2
-8.0, -1.0, -5.0; 7
-7.0, -1.0, -5.0; 15
-6.0, -1.0, -5.0; 8
-5.0, -1.0, -5.0; 2
-4.0, -1.0, -5.0; 13
-3.0, -1.0, -5.0; 14
-2.0, -1.0, -5.0; 25
-1.0, -1.0, -5.0; 19
0.0, -1.0, -5.0; 8
1.0, -1.0, -5.0; 7
2.0, -1.0, -5.0; 1
3.0, -1.0, -5.0; 1
4.0, -1.0, -5.0; 5
5.0, -1.0, -5.0; 1
-9.0, 0.0, -5.0; 3
-8.0, 0.0, -5.0; 4
-7.0, 0.0, -5.0; 21
-6.0, 0.0, -5.0; 4
-5.0, 0.0, -5.0; 3
-4.0, 0.0, -5.0; 15
-3.0, 0.0, -5.0; 57
-2.0, 0.0, -5.0; 29
-1.0, 0.0, -5.0; 4
0.0, 0.0, -5.0; 4
3.0, 0.0, -5.0; 1
4.0, 0.0, -5.0; 7
5.0, 0.0, -5.0; 4
6.0, 0.0, -5.0; 1
-9.0, 1.0, -5.0; 6
-8.0, 1.0, -5.0; 10
-7.0, 1.0, -5.0; 8
-6.0, 1.0, -5.0; 6
-5.0, 1.0, -5.0; 11
-4.0, 1.0, -5.0; 57
-3.0, 1.0, -5.0; 180
-2.0, 1.0, -5.0; 45
-1.0, 1.0, -5.0; 14
0.0, 1.0, -5.0; 4
1.0, 1.0, -5.0; 7
3.0, 1.0, -5.0; 2
4.0, 1.0, -5.0; 6
5.0, 1.0, -5.0; 2
7.0, 1.0, -5.0; 1
8.0, 1.0, -5.0; 1
-9.0, 2.0, -5.0; 8
-8.0, 2.0, -5.0; 18
-7.0, 2.0, -5.0; 8
-6.0, 2.0, -5.0; 6
-5.0, 2.0, -5.0; 16
-4.0, 2.0, -5.0; 27
-3.0, 2.0, -5.0; 138
-2.0, 2.0, -5.0; 115
-1.0, 2.0, -5.0; 164
0.0, 2.0, -5.0; 51
1.0, 2.0, -5.0; 47
2.0, 2.0, -5.0; 3
3.0, 2.0, -5.0; 3
4.0, 2.0, -5.0; 2
6.0, 2.0, -5.0; 1
-8.0, 3.0, -5.0; 10
-7.0, 3.0, -5.0; 6
-6.0, 3.0, -5.0; 4
-5.0, 3.0, -5.0; 11
-4.0, 3.0, -5.0; 15
-3.0, 3.0, -5.0; 19
-2.0, 3.0, -5.0; 50
-1.0, 3.0, -5.0; 208
0.0, 3.0, -5.0; 201
1.0, 3.0, -5.0; 94
2.0, 3.0, -5.0; 4
4.0, 3.0, -5.0; 1
7.0, 3.0, -5.0; 1
-8.0, 4.0, -5.0; 9
-7.0, 4.0, -5.0; 16
-6.0, 4.0, -5.0; 20
-5.0, 4.0, -5.0; 4
-4.0, 4.0, -5.0; 4
-3.0, 4.0, -5.0; 7
-2.0, 4.0, -5.0; 16
-1.0, 4.0, -5.0; 26
0.0, 4.0, -5.0; 15
1.0, 4.0, -5.0; 7
2.0, 4.0, -5.0; 2
3.0, 4.0, -5.0; 3
6.0, 4.0, -5.0; 3
-8.0, 5.0, -5.0; 2
-7.0, 5.0, -5.0; 10
-6.0, 5.0, -5.0; 26
-5.0, 5.0, -5.0; 50
-4.0, 5.0, -5.0; 12
-3.0, 5.0, -5.0; 8
-2.0, 5.0, -5.0; 6
-1.0, 5.0, -5.0; 6
0.0, 5.0, -5.0; 6
1.0, 5.0, -5.0; 3
2.0, 5.0, -5.0; 4
3.0, 5.0, -5.0; 1
4.0, 5.0, -5.0; 1
5.0, 5.0, -5.0; 2
6.0, 5.0, -5.0; 3
-6.0, 6.0, -5.0; 3
-5.0, 6.0, -5.0; 17
-4.0, 6.0, -5.0; 51
-3.0, 6.0, -5.0; 53
-2.0, 6.0, -5.0; 7
-1.0, 6.0, -5.0; 1
0.0, 6.0, -5.0; 4
1.0, 6.0, -5.0; 4
2.0, 6.0, -5.0; 3
3.0, 6.0, -5.0; 5
4.0, 6.0, -5.0; 3
-4.0, 7.0, -5.0; 9
-3.0, 7.0, -5.0; 68
-2.0, 7.0, -5.0; 46
-1.0, 7.0, -5.0; 7
0.0, 7.0, -5.0; 7
1.0, 7.0, -5.0; 8
2.0, 7.0, -5.0; 8
3.0, 7.0, -5.0; 3
4.0, 7.0, -5.0; 2
-3.0, 8.0, -5.0; 3
-2.0, 8.0, -5.0; 10
-1.0, 8.0, -5.0; 7
0.0, 8.0, -5.0; 2
1.0, 8.0, -5.0; 8
2.0, 8.0, -5.0; 1
-1.0, 9.0, -5.0; 1
-2.0, -10.0, -4.0; 3
-1.0, -10.0, -4.0; 2
0.0, -10.0, -4.0; 2
-4.0, -9.0, -4.0; 2
-3.0, -9.0, -4.0; 8
-2.0, -9.0, -4.0; 9
-1.0, -9.0, -4.0; 15
0.0, -9.0, -4.0; 16
1.0, -9.0, -4.0; 7
2.0, -9.0, -4.0; 4
3.0, -9.0, -4.0; 3
4.0, -9.0, -4.0; 1
-6.0, -8.0, -4.0; 13
-5.0, -8.0, -4.0; 8
-4.0, -8.0, -4.0; 10
-3.0, -8.0, -4.0; 17
-2.0, -8.0, -4.0; 26
-1.0, -8.0, -4.0; 74
0.0, -8.0, -4.0; 26
1.0, -8.0, -4.0; 4
2.0, -8.0, -4.0; 2
3.0, -8.0, -4.0; 1
4.0, -8.0, -4.0; 2
-8.0, -7.0, -4.0; 1
-7.0, -7.0, -4.0; 11
-6.0, -7.0, -4.0; 16
-5.0, -7.0, -4.0; 2
-4.0, -7.0, -4.0; 2
-3.0, -7.0, -4.0; 4
-2.0, -7.0, -4.0; 2
-1.0, -7.0, -4.0; 19
0.0, -7.0, -4.0; 17
1.0, -7.0, -4.0; 16
2.0, -7.0, -4.0; 7
4.0, -7.0, -4.0; 4
-8.0, -6.0, -4.0; 12
-7.0, -6.0, -4.0; 21
-6.0, -6.0, -4.0; 4
-5.0, -6.0, -4.0; 4
-2.0, -6.0, -4.0; 11
-1.0, -6.0, -4.0; 29
0.0, -6.0, -4.0; 22
1.0, -6.0, -4.0; 59
2.0, -6.0, -4.0; 15
3.0, -6.0, -4.0; 2
4.0, -6.0, -4.0; 2
5.0, -6.0, -4.0; 1
6.0, -6.0, -4.0; 2
-9.0, -5.0, -4.0; 4
-8.0, -5.0, -4.0; 23
-7.0, -5.0, -4.0; 12
-6.0, -5.0, -4.0; 8
-5.0, -5.0, -4.0; 2
-4.0, -5.0, -4.0; 3
-3.0, -5.0, -4.0; 3
-2.0, -5.0, -4.0; 24
-1.0, -5.0, -4.0; 77
0.0, -5.0, -4.0; 27
1.0, -5.0, -4.0; 73
2.0, -5.0, -4.0; 48
3.0, -5.0, -4.0; 5
4.0, -5.0, -4.0; 1
5.0, -5.0, -4.0; 1
-9.0, -4.0, -4.0; 5
-8.0, -4.0, -4.0; 20
-7.0, -4.0, -4.0; 6
-6.0, -4.0, -4.0; 7
-5.0, -4.0, -4.0; 19
-4.0, -4.0, -4.0; 106
-3.0, -4.0, -4.0; 43
-2.0, -4.0, -4.0; 19
-1.0, -4.0, -4.0; 31
0.0, -4.0, -4.0; 10
1.0, -4.0, -4.0; 44
2.0, -4.0, -4.0; 74
3.0, -4.0, -4.0; 5
5.0, -4.0, -4.0; 1
6.0, -4.0, -4.0; 1
8.0, -4.0, -4.0; 2
-9.0, -3.0, -4.0; 4
-8.0, -3.0, -4.0; 16
-7.0, -3.0, -4.0; 7
-6.0, -3.0, -4.0; 50
-5.0, -3.0, -4.0; 50
-4.0, -3.0, -4.0; 264
-3.0, -3.0, -4.0; 105
-2.0, -3.0, -4.0; 5
0.0, -3.0, -4.0; 1
1.0, -3.0, -4.0; 138
2.0, -3.0, -4.0; 125
3.0, -3.0, -4.0; 2
5.0, -3.0, -4.0; 3
8.0, -3.0, -4.0; 3
-10.0, -2.0, -4.0; 1
-9.0, -2.0, -4.0; 3
-8.0, -2.0, -4.0; 12
-7.0, -2.0, -4.0; 5
-6.0, -2.0, -4.0; 33
-5.0, -2.0, -4.0; 26
-4.0, -2.0, -4.0; 37
-3.0, -2.0, -4.0; 18
-2.0, -2.0, -4.0; 1
0.0, -2.0, -4.0; 1
1.0, -2.0, -4.0; 2
2.0, -2.0, -4.0; 6
3.0, -2.0, -4.0; 1
4.0, -2.0, -4.0; 2
5.0, -2.0, -4.0; 2
6.0, -2.0, -4.0; 3
7.0, -2.0, -4.0; 1
-9.0, -1.0, -4.0; 2
-8.0, -1.0, -4.0; 13
-7.0, -1.0, -4.0; 24
-5.0, -1.0, -4.0; 6
-4.0, -1.0, -4.0; 4
-3.0, -1.0, -4.0; 3
4.0, -1.0, -4.0; 3
5.0, -1.0, -4.0; 1
6.0, -1.0, -4.0; 2
7.0, -1.0, -4.0; 1
8.0, -1.0, -4.0; 1
-10.0, 0.0, -4.0; 1
-9.0, 0.0, -4.0; 8
-8.0, 0.0, -4.0; 14
-7.0, 0.0, -4.0; 10
-6.0, 0.0, -4.0; 4
-5.0, 0.0, -4.0; 10
-4.0, 0.0, -4.0; 18
-3.0, 0.0, -4.0; 5
3.0, 0.0, -4.0; 2
4.0, 0.0, -4.0; 1
5.0, 0.0, -4.0; 5
6.0, 0.0, -4.0; 2
7.0, 0.0, -4.0; 1
-10.0, 1.0, -4.0; 1
-9.0, 1.0, -4.0; 1
-8.0, 1.0, -4.0; 2
-7.0, 1.0, -4.0; 5
-6.0, 1.0, -4.0; 20
-5.0, 1.0, -4.0; 26
-4.0, 1.0, -4.0; 22
2.0, 1.0, -4.0; 1
3.0, 1.0, -4.0; 1
4.0, 1.0, -4.0; 4
5.0, 1.0, -4.0; 5
-9.0, 2.0, -4.0; 10
-8.0, 2.0, -4.0; 10
-7.0, 2.0, -4.0; 1
-6.0, 2.0, -4.0; 27
-5.0, 2.0, -4.0; 80
-4.0, 2.0, -4.0; 14
-3.0, 2.0, -4.0; 2
-1.0, 2.0, -4.0; 1
0.0, 2.0, -4.0; 1
1.0, 2.0, -4.0; 3
2.0, 2.0, -4.0; 8
3.0, 2.0, -4.0; 9
4.0, 2.0, -4.0; 9
5.0, 2.0, -4.0; 5
6.0, 2.0, -4.0; 1
-9.0, 3.0, -4.0; 8
-8.0, 3.0, -4.0; 12
-7.0, 3.0, -4.0; 2
-6.0, 3.0, -4.0; 8
-5.0, 3.0, -4.0; 9
-4.0, 3.0, -4.0; 4
-3.0, 3.0, -4.0; 2
-2.0, 3.0, -4.0; 1
-1.0, 3.0, -4.0; 4
0.0, 3.0, -4.0; 47
1.0, 3.0, -4.0; 99
2.0, 3.0, -4.0; 34
3.0, 3.0, -4.0; 3
4.0, 3.0, -4.0; 6
5.0, 3.0, -4.0; 2
6.0, 3.0, -4.0; 3
7.0, 3.0, -4.0; 1
-9.0, 4.0, -4.0; 1
-8.0, 4.0, -4.0; 14
-7.0, 4.0, -4.0; 8
-6.0, 4.0, -4.0; 2
-5.0, 4.0, -4.0; 3
-4.0, 4.0, -4.0; 3
-3.0, 4.0, -4.0; 5
-2.0, 4.0, -4.0; 17
-1.0, 4.0, -4.0; 20
0.0, 4.0, -4.0; 89
1.0, 4.0, -4.0; 102
2.0, 4.0, -4.0; 25
3.0, 4.0, -4.0; 5
4.0, 4.0, -4.0; 4
5.0, 4.0, -4.0; 1
6.0, 4.0, -4.0; 2
-8.0, 5.0, -4.0; 6
-7.0, 5.0, -4.0; 15
-6.0, 5.0, -4.0; 7
-5.0, 5.0, -4.0; 5
-4.0, 5.0, -4.0; 4
-3.0, 5.0, -4.0; 2
-2.0, 5.0, -4.0; 21
-1.0, 5.0, -4.0; 49
0.0, 5.0, -4.0; 32
1.0, 5.0, -4.0; 8
2.0, 5.0, -4.0; 2
3.0, 5.0, -4.0; 2
6.0, 5.0, -4.0; 1
7.0, 5.0, -4.0; 2
-7.0, 6.0, -4.0; 3
-6.0, 6.0, -4.0; 7
-5.0, 6.0, -4.0; 9
-4.0, 6.0, -4.0; 10
-3.0, 6.0, -4.0; 8
-2.0, 6.0, -4.0; 1
-1.0, 6.0, -4.0; 5
0.0, 6.0, -4.0; 6
1.0, 6.0, -4.0; 4
2.0, 6.0, -4.0; 5
3.0, 6.0, -4.0; 4
4.0, 6.0, -4.0; 1
5.0, 6.0, -4.0; 2
-6.0, 7.0, -4.0; 4
-5.0, 7.0, -4.0; 4
-4.0, 7.0, -4.0; 6
-3.0, 7.0, -4.0; 29
-2.0, 7.0, -4.0; 23
-1.0, 7.0, -4.0; 8
0.0, 7.0, -4.0; 4
1.0, 7.0, -4.0; 10
2.0, 7.0, -4.0; 5
3.0, 7.0, -4.0; 3
4.0, 7.0, -4.0; 4
5.0, 7.0, -4.0; 1
-5.0, 8.0, -4.0; 1
-3.0, 8.0, -4.0; 12
-2.0, 8.0, -4.0; 17
-1.0, 8.0, -4.0; 7
0.0, 8.0, -4.0; 8
1.0, 8.0, -4.0; 8
2.0, 8.0, -4.0; 11
3.0, 8.0, -4.0; 2
-1.0, 9.0, -4.0; 5
0.0, 9.0, -4.0; 9
1.0, 9.0, -4.0; 1
-4.0, -10.0, -3.0; 2
-3.0, -10.0, -3.0; 3
-2.0, -10.0, -3.0; 6
-1.0, -10.0, -3.0; 8
0.0, -10.0, -3.0; 6
1.0, -10.0, -3.0; 2
-5.0, -9.0, -3.0; 5
-4.0, -9.0, -3.0; 6
-3.0, -9.0, -3.0; 3
-2.0, -9.0, -3.0; 9
-1.0, -9.0, -3.0; 10
0.0, -9.0, -3.0; 14
1.0, -9.0, -3.0; 11
2.0, -9.0, -3.0; 3
3.0, -9.0, -3.0; 3
4.0, -9.0, -3.0; 1
-7.0, -8.0, -3.0; 3
-6.0, -8.0, -3.0; 13
-5.0, -8.0, -3.0; 4
-4.0, -8.0, -3.0; 10
-3.0, -8.0, -3.0; 11
-2.0, -8.0, -3.0; 11
-1.0, -8.0, -3.0; 9
0.0, -8.0, -3.0; 20
1.0, -8.0, -3.0; 4
2.0, -8.0, -3.0; 2
3.0, -8.0, -3.0; 1
4.0, -8.0, -3.0; 3
5.0, -8.0, -3.0; 3
-8.0, -7.0, -3.0; 2
-7.0, -7.0, -3.0; 22
-6.0, -7.0, -3.0; 14
-3.0, -7.0, -3.0; 1
-2.0, -7.0, -3.0; 2
-1.0, -7.0, -3.0; 1
0.0, -7.0, -3.0; 23
1.0, -7.0, -3.0; 42
2.0, -7.0, -3.0; 3
3.0, -7.0, -3.0; 6
5.0, -7.0, -3.0; 6
-9.0, -6.0, -3.0; 2
-8.0, -6.0, -3.0; 13
-7.0, -6.0, -3.0; 17
-6.0, -6.0, -3.0; 3
-2.0, -6.0, -3.0; 1
-1.0, -6.0, -3.0; 38
0.0, -6.0, -3.0; 64
1.0, -6.0, -3.0; 798
2.0, -6.0, -3.0; 69
3.0, -6.0, -3.0; 4
5.0, -6.0, -3.0; 1
-9.0, -5.0, -3.0; 8
-8.0, -5.0, -3.0; 16
-7.0, -5.0, -3.0; 3
-6.0, -5.0, -3.0; 6
-1.0, -5.0, -3.0; 16
0.0, -5.0, -3.0; 37
1.0, -5.0, -3.0; 59
2.0, -5.0, -3.0; 59
3.0, -5.0, -3.0; 11
4.0, -5.0, -3.0; 3
5.0, -5.0, -3.0; 1
-9.0, -4.0, -3.0; 14
-8.0, -4.0, -3.0; 7
-7.0, -4.0, -3.0; 5
-6.0, -4.0, -3.0; 7
-5.0, -4.0, -3.0; 18
-4.0, -4.0, -3.0; 1
-3.0, -4.0, -3.0; 3
1.0, -4.0, -3.0; 3
2.0, -4.0, -3.0; 18
3.0, -4.0, -3.0; 8
4.0, -4.0, -3.0; 2
5.0, -4.0, -3.0; 2
7.0, -4.0, -3.0; 1
-10.0, -3.0, -3.0; 2
-9.0, -3.0, -3.0; 10
-8.0, -3.0, -3.0; 12
-7.0, -3.0, -3.0; 5
-6.0, -3.0, -3.0; 29
-5.0, -3.0, -3.0; 96
-4.0, -3.0, -3.0; 8
-3.0, -3.0, -3.0; 6
2.0, -3.0, -3.0; 1
3.0, -3.0, -3.0; 3
4.0, -3.0, -3.0; 1
5.0, -3.0, -3.0; 2
6.0, -3.0, -3.0; 2
7.0, -3.0, -3.0; 1
8.0, -3.0, -3.0; 2
-10.0, -2.0, -3.0; 3
-9.0, -2.0, -3.0; 8
-8.0, -2.0, -3.0; 11
-7.0, -2.0, -3.0; 12
-6.0, -2.0, -3.0; 29
-5.0, -2.0, -3.0; 32
-4.0, -2.0, -3.0; 2
3.0, -2.0, -3.0; 1
4.0, -2.0, -3.0; 2
5.0, -2.0, -3.0; 1
7.0, -2.0, -3.0; 1
-10.0, -1.0, -3.0; 2
-9.0, -1.0, -3.0; 5
-8.0, -1.0, -3.0; 16
-7.0, -1.0, -3.0; 13
-6.0, -1.0, -3.0; 3
-5.0, -1.0, -3.0; 1
5.0, -1.0, -3.0; 1
6.0, -1.0, -3.0; 2
-9.0, 0.0, -3.0; 5
-8.0, 0.0, -3.0; 9
-7.0, 0.0, -3.0; 3
-6.0, 0.0, -3.0; 21
-5.0, 0.0, -3.0; 19
-4.0, 0.0, -3.0; 3
5.0, 0.0, -3.0; 3
6.0, 0.0, -3.0; 2
7.0, 0.0, -3.0; 1
-10.0, 1.0, -3.0; 1
-9.0, 1.0, -3.0; 4
-8.0, 1.0, -3.0; 7
-7.0, 1.0, -3.0; 4
-6.0, 1.0, -3.0; 55
-5.0, 1.0, -3.0; 46
-4.0, 1.0, -3.0; 2
3.0, 1.0, -3.0; 1
4.0, 1.0, -3.0; 1
5.0, 1.0, -3.0; 2
6.0, 1.0, -3.0; 3
-9.0, 2.0, -3.0; 10
-8.0, 2.0, -3.0; 8
-7.0, 2.0, -3.0; 9
-6.0, 2.0, -3.0; 26
-5.0, 2.0, -3.0; 23
3.0, 2.0, -3.0; 3
4.0, 2.0, -3.0; 8
5.0, 2.0, -3.0; 2
6.0, 2.0, -3.0; 2
-9.0, 3.0, -3.0; 17
-8.0, 3.0, -3.0; 9
-7.0, 3.0, -3.0; 4
-6.0, 3.0, -3.0; 19
-5.0, 3.0, -3.0; 4
-4.0, 3.0, -3.0; 1
-2.0, 3.0, -3.0; 2
-1.0, 3.0, -3.0; 3
1.0, 3.0, -3.0; 2
2.0, 3.0, -3.0; 6
3.0, 3.0, -3.0; 5
4.0, 3.0, -3.0; 6
5.0, 3.0, -3.0; 1
6.0, 3.0, -3.0; 2
7.0, 3.0, -3.0; 1
-9.0, 4.0, -3.0; 4
-8.0, 4.0, -3.0; 25
-7.0, 4.0, -3.0; 7
-6.0, 4.0, -3.0; 4
-5.0, 4.0, -3.0; 10
-4.0, 4.0, -3.0; 3
-3.0, 4.0, -3.0; 2
-1.0, 4.0, -3.0; 4
0.0, 4.0, -3.0; 51
1.0, 4.0, -3.0; 93
2.0, 4.0, -3.0; 92
3.0, 4.0, -3.0; 3
4.0, 4.0, -3.0; 3
5.0, 4.0, -3.0; 5
7.0, 4.0, -3.0; 1
-8.0, 5.0, -3.0; 9
-7.0, 5.0, -3.0; 17
-6.0, 5.0, -3.0; 2
-5.0, 5.0, -3.0; 1
-4.0, 5.0, -3.0; 1
-3.0, 5.0, -3.0; 2
-2.0, 5.0, -3.0; 15
-1.0, 5.0, -3.0; 21
0.0, 5.0, -3.0; 56
1.0, 5.0, -3.0; 42
2.0, 5.0, -3.0; 6
3.0, 5.0, -3.0; 5
4.0, 5.0, -3.0; 1
5.0, 5.0, -3.0; 1
6.0, 5.0, -3.0; 1
-8.0, 6.0, -3.0; 4
-7.0, 6.0, -3.0; 15
-6.0, 6.0, -3.0; 8
-5.0, 6.0, -3.0; 4
-4.0, 6.0, -3.0; 4
-2.0, 6.0, -3.0; 8
-1.0, 6.0, -3.0; 18
0.0, 6.0, -3.0; 24
1.0, 6.0, -3.0; 14
2.0, 6.0, -3.0; 2
4.0, 6.0, -3.0; 2
5.0, 6.0, -3.0; 2
6.0, 6.0, -3.0; 1
-7.0, 7.0, -3.0; 1
-6.0, 7.0, -3.0; 9
-5.0, 7.0, -3.0; 16
-4.0, 7.0, -3.0; 6
-3.0, 7.0, -3.0; 6
-2.0, 7.0, -3.0; 4
-1.0, 7.0, -3.0; 6
0.0, 7.0, -3.0; 5
1.0, 7.0, -3.0; 9
2.0, 7.0, -3.0; 6
3.0, 7.0, -3.0; 4
4.0, 7.0, -3.0; 3
-4.0, 8.0, -3.0; 6
-3.0, 8.0, -3.0; 19
-2.0, 8.0, -3.0; 18
-1.0, 8.0, -3.0; 11
0.0, 8.0, -3.0; 3
1.0, 8.0, -3.0; 11
2.0, 8.0, -3.0; 5
3.0, 8.0, -3.0; 5
4.0, 8.0, -3.0; 1
-3.0, 9.0, -3.0; 4
-2.0, 9.0, -3.0; 3
-1.0, 9.0, -3.0; 6
0.0, 9.0, -3.0; 3
1.0, 9.0, -3.0; 3
2.0, 9.0, -3.0; 5
-4.0, -10.0, -2.0; 5
-3.0, -10.0, -2.0; 13
-2.0, -10.0, -2.0; 16
-1.0, -10.0, -2.0; 14
0.0, -10.0, -2.0; 8
1.0, -10.0, -2.0; 3
-6.0, -9.0, -2.0; 3
-5.0, -9.0, -2.0; 12
-4.0, -9.0, -2.0; 9
-3.0, -9.0, -2.0; 8
-2.0, -9.0, -2.0; 9
-1.0, -9.0, -2.0; 6
0.0, -9.0, -2.0; 7
1.0, -9.0, -2.0; 4
2.0, -9.0, -2.0; 6
3.0, -9.0, -2.0; 3
4.0, -9.0, -2.0; 1
-7.0, -8.0, -2.0; 10
-6.0, -8.0, -2.0; 18
-5.0, -8.0, -2.0; 8
-4.0, -8.0, -2.0; 4
-3.0, -8.0, -2.0; 6
-2.0, -8.0, -2.0; 1
-1.0, -8.0, -2.0; 6
0.0, -8.0, -2.0; 10
1.0, -8.0, -2.0; 7
2.0, -8.0, -2.0; 5
3.0, -8.0, -2.0; 4
4.0, -8.0, -2.0; 1
5.0, -8.0, -2.0; 1
-8.0, -7.0, -2.0; 2
-7.0, -7.0, -2.0; 13
-6.0, -7.0, -2.0; 5
-5.0, -7.0, -2.0; 4
-4.0, -7.0, -2.0; 3
-3.0, -7.0, -2.0; 1
-2.0, -7.0, -2.0; 2
-1.0, -7.0, -2.0; 8
0.0, -7.0, -2.0; 43
1.0, -7.0, -2.0; 38
2.0, -7.0, -2.0; 4
3.0, -7.0, -2.0; 3
4.0, -7.0, -2.0; 3
5.0, -7.0, -2.0; 2
6.0, -7.0, -2.0; 1
-9.0, -6.0, -2.0; 2
-8.0, -6.0, -2.0; 17
-7.0, -6.0, -2.0; 8
-6.0, -6.0, -2.0; 2
-3.0, -6.0, -2.0; 1
-1.0, -6.0, -2.0; 12
0.0, -6.0, -2.0; 54
1.0, -6.0, -2.0; 359
2.0, -6.0, -2.0; 43
3.0, -6.0, -2.0; 5
4.0, -6.0, -2.0; 2
5.0, -6.0, -2.0; 4
-9.0, -5.0, -2.0; 10
-8.0, -5.0, -2.0; 18
-7.0, -5.0, -2.0; 6
-6.0, -5.0, -2.0; 4
-5.0, -5.0, -2.0; 2
-1.0, -5.0, -2.0; 2
0.0, -5.0, -2.0; 4
1.0, -5.0, -2.0; 15
2.0, -5.0, -2.0; 29
3.0, -5.0, -2.0; 11
4.0, -5.0, -2.0; 2
5.0, -5.0, -2.0; 3
7.0, -5.0, -2.0; 1
8.0, -5.0, -2.0; 1
-10.0, -4.0, -2.0; 2
-9.0, -4.0, -2.0; 13
-8.0, -4.0, -2.0; 13
-7.0, -4.0, -2.0; 1
-6.0, -4.0, -2.0; 8
-5.0, -4.0, -2.0; 6
0.0, -4.0, -2.0; 1
2.0, -4.0, -2.0; 3
3.0, -4.0, -2.0; 5
4.0, -4.0, -2.0; 3
5.0, -4.0, -2.0; 4
6.0, -4.0, -2.0; 2
7.0, -4.0, -2.0; 2
8.0, -4.0, -2.0; 1
-10.0, -3.0, -2.0; 3
-9.0, -3.0, -2.0; 9
-8.0, -3.0, -2.0; 1
-7.0, -3.0, -2.0; 12
-6.0, -3.0, -2.0; 35
-5.0, -3.0, -2.0; 44
-4.0, -3.0, -2.0; 2
3.0, -3.0, -2.0; 4
4.0, -3.0, -2.0; 1
5.0, -3.0, -2.0; 1
-10.0, -2.0, -2.0; 4
-9.0, -2.0, -2.0; 6
-8.0, -2.0, -2.0; 6
-7.0, -2.0, -2.0; 10
-6.0, -2.0, -2.0; 25
-5.0, -2.0, -2.0; 10
-4.0, -2.0, -2.0; 1
6.0, -2.0, -2.0; 1
9.0, -2.0, -2.0; 1
-10.0, -1.0, -2.0; 3
-9.0, -1.0, -2.0; 6
-8.0, -1.0, -2.0; 15
-7.0, -1.0, -2.0; 10
-6.0, -1.0, -2.0; 3
-5.0, -1.0, -2.0; 4
6.0, -1.0, -2.0; 1
7.0, -1.0, -2.0; 1
-10.0, 0.0, -2.0; 5
-9.0, 0.0, -2.0; 5
-8.0, 0.0, -2.0; 7
-7.0, 0.0, -2.0; 3
-6.0, 0.0, -2.0; 27
-5.0, 0.0, -2.0; 3
5.0, 0.0, -2.0; 1
6.0, 0.0, -2.0; 3
-10.0, 1.0, -2.0; 4
-9.0, 1.0, -2.0; 14
-8.0, 1.0, -2.0; 4
-7.0, 1.0, -2.0; 7
-6.0, 1.0, -2.0; 301
-5.0, 1.0, -2.0; 40
6.0, 1.0, -2.0; 1
-10.0, 2.0, -2.0; 3
-9.0, 2.0, -2.0; 11
-8.0, 2.0, -2.0; 8
-7.0, 2.0, -2.0; 16
-6.0, 2.0, -2.0; 23
-5.0, 2.0, -2.0; 17
3.0, 2.0, -2.0; 1
4.0, 2.0, -2.0; 3
5.0, 2.0, -2.0; 2
-10.0, 3.0, -2.0; 2
-9.0, 3.0, -2.0; 21
-8.0, 3.0, -2.0; 17
-7.0, 3.0, -2.0; 10
-6.0, 3.0, -2.0; 35
-5.0, 3.0, -2.0; 4
3.0, 3.0, -2.0; 1
4.0, 3.0, -2.0; 2
6.0, 3.0, -2.0; 3
7.0, 3.0, -2.0; 1
-9.0, 4.0, -2.0; 18
-8.0, 4.0, -2.0; 22
-7.0, 4.0, -2.0; 1
-6.0, 4.0, -2.0; 17
-5.0, 4.0, -2.0; 11
-4.0, 4.0, -2.0; 1
0.0, 4.0, -2.0; 11
1.0, 4.0, -2.0; 40
2.0, 4.0, -2.0; 41
3.0, 4.0, -2.0; 4
4.0, 4.0, -2.0; 3
5.0, 4.0, -2.0; 4
6.0, 4.0, -2.0; 3
7.0, 4.0, -2.0; 1
-9.0, 5.0, -2.0; 2
-8.0, 5.0, -2.0; 14
-7.0, 5.0, -2.0; 15
-6.0, 5.0, -2.0; 1
-5.0, 5.0, -2.0; 6
-4.0, 5.0, -2.0; 3
-3.0, 5.0, -2.0; 5
-2.0, 5.0, -2.0; 8
-1.0, 5.0, -2.0; 9
0.0, 5.0, -2.0; 176
1.0, 5.0, -2.0; 121
2.0, 5.0, -2.0; 19
3.0, 5.0, -2.0; 2
4.0, 5.0, -2.0; 3
6.0, 5.0, -2.0; 5
-8.0, 6.0, -2.0; 5
-7.0, 6.0, -2.0; 18
-6.0, 6.0, -2.0; 16
-5.0, 6.0, -2.0; 14
-4.0, 6.0, -2.0; 3
-3.0, 6.0, -2.0; 8
-2.0, 6.0, -2.0; 20
-1.0, 6.0, -2.0; 44
0.0, 6.0, -2.0; 52
1.0, 6.0, -2.0; 43
2.0, 6.0, -2.0; 2
3.0, 6.0, -2.0; 3
4.0, 6.0, -2.0; 1
5.0, 6.0, -2.0; 3
6.0, 6.0, -2.0; 2
-7.0, 7.0, -2.0; 2
-6.0, 7.0, -2.0; 7
-5.0, 7.0, -2.0; 15
-4.0, 7.0, -2.0; 11
-3.0, 7.0, -2.0; 6
-2.0, 7.0, -2.0; 4
-1.0, 7.0, -2.0; 4
0.0, 7.0, -2.0; 7
1.0, 7.0, -2.0; 3
2.0, 7.0, -2.0; 5
3.0, 7.0, -2.0; 4
5.0, 7.0, -2.0; 1
6.0, 7.0, -2.0; 1
-6.0, 8.0, -2.0; 2
-5.0, 8.0, -2.0; 4
-4.0, 8.0, -2.0; 9
-3.0, 8.0, -2.0; 14
-2.0, 8.0, -2.0; 29
-1.0, 8.0, -2.0; 13
0.0, 8.0, -2.0; 9
1.0, 8.0, -2.0; 3
2.0, 8.0, -2.0; 9
3.0, 8.0, -2.0; 4
4.0, 8.0, -2.0; 1
-4.0, 9.0, -2.0; 2
-3.0, 9.0, -2.0; 5
-2.0, 9.0, -2.0; 12
-1.0, 9.0, -2.0; 9
0.0, 9.0, -2.0; 18
1.0, 9.0, -2.0; 9
2.0, 9.0, -2.0; 7
3.0, 9.0, -2.0; 1
-4.0, -10.0, -1.0; 7
-3.0, -10.0, -1.0; 28
-2.0, -10.0, -1.0; 22
-1.0, -10.0, -1.0; 19
0.0, -10.0, -1.0; 14
1.0, -10.0, -1.0; 8
2.0, -10.0, -1.0; 2
-6.0, -9.0, -1.0; 14
-5.0, -9.0, -1.0; 24
-4.0, -9.0, -1.0; 12
-3.0, -9.0, -1.0; 5
-2.0, -9.0, -1.0; 9
-1.0, -9.0, -1.0; 6
0.0, -9.0, -1.0; 9
1.0, -9.0, -1.0; 6
2.0, -9.0, -1.0; 4
3.0, -9.0, -1.0; 1
-7.0, -8.0, -1.0; 13
-6.0, -8.0, -1.0; 12
-5.0, -8.0, -1.0; 6
-4.0, -8.0, -1.0; 3
-3.0, -8.0, -1.0; 2
-2.0, -8.0, -1.0; 3
-1.0, -8.0, -1.0; 22
0.0, -8.0, -1.0; 6
2.0, -8.0, -1.0; 3
3.0, -8.0, -1.0; 2
4.0, -8.0, -1.0; 2
6.0, -8.0, -1.0; 2
-8.0, -7.0, -1.0; 6
-7.0, -7.0, -1.0; 18
-6.0, -7.0, -1.0; 8
-4.0, -7.0, -1.0; 1
-3.0, -7.0, -1.0; 4
-2.0, -7.0, -1.0; 19
-1.0, -7.0, -1.0; 63
0.0, -7.0, -1.0; 85
1.0, -7.0, -1.0; 28
2.0, -7.0, -1.0; 5
3.0, -7.0, -1.0; 9
4.0, -7.0, -1.0; 6
5.0, -7.0, -1.0; 2
6.0, -7.0, -1.0; 2
-9.0, -6.0, -1.0; 2
-8.0, -6.0, -1.0; 31
-7.0, -6.0, -1.0; 31
-6.0, -6.0, -1.0; 4
-5.0, -6.0, -1.0; 1
-4.0, -6.0, -1.0; 3
-3.0, -6.0, -1.0; 4
-2.0, -6.0, -1.0; 7
-1.0, -6.0, -1.0; 24
0.0, -6.0, -1.0; 35
1.0, -6.0, -1.0; 28
2.0, -6.0, -1.0; 12
3.0, -6.0, -1.0; 5
4.0, -6.0, -1.0; 4
5.0, -6.0, -1.0; 2
6.0, -6.0, -1.0; 2
7.0, -6.0, -1.0; 1
-9.0, -5.0, -1.0; 10
-8.0, -5.0, -1.0; 21
-7.0, -5.0, -1.0; 18
-6.0, -5.0, -1.0; 11
-5.0, -5.0, -1.0; 3
-4.0, -5.0, -1.0; 1
0.0, -5.0, -1.0; 1
1.0, -5.0, -1.0; 3
2.0, -5.0, -1.0; 11
3.0, -5.0, -1.0; 6
4.0, -5.0, -1.0; 1
5.0, -5.0, -1.0; 2
6.0, -5.0, -1.0; 1
7.0, -5.0, -1.0; 2
8.0, -5.0, -1.0; 2
-10.0, -4.0, -1.0; 3
-9.0, -4.0, -1.0; 13
-8.0, -4.0, -1.0; 8
-7.0, -4.0, -1.0; 21
-6.0, -4.0, -1.0; 3
-5.0, -4.0, -1.0; 10
2.0, -4.0, -1.0; 1
3.0, -4.0, -1.0; 3
4.0, -4.0, -1.0; 1
6.0, -4.0, -1.0; 1
7.0, -4.0, -1.0; 1
9.0, -4.0, -1.0; 1
-10.0, -3.0, -1.0; 4
-9.0, -3.0, -1.0; 14
-8.0, -3.0, -1.0; 4
-7.0, -3.0, -1.0; 13
-6.0, -3.0, -1.0; 31
-5.0, -3.0, -1.0; 46
-4.0, -3.0, -1.0; 1
4.0, -3.0, -1.0; 1
7.0, -3.0, -1.0; 1
-10.0, -2.0, -1.0; 3
-9.0, -2.0, -1.0; 5
-8.0, -2.0, -1.0; 9
-7.0, -2.0, -1.0; 11
-6.0, -2.0, -1.0; 15
-5.0, -2.0, -1.0; 2
4.0, -2.0, -1.0; 1
6.0, -2.0, -1.0; 1
8.0, -2.0, -1.0; 1
-10.0, -1.0, -1.0; 5
-9.0, -1.0, -1.0; 4
-8.0, -1.0, -1.0; 8
-7.0, -1.0, -1.0; 12
-6.0, -1.0, -1.0; 3
-5.0, -1.0, -1.0; 1
4.0, -1.0, -1.0; 1
6.0, -1.0, -1.0; 1
8.0, -1.0, -1.0; 1
-10.0, 0.0, -1.0; 3
-9.0, 0.0, -1.0; 10
-8.0, 0.0, -1.0; 11
-7.0, 0.0, -1.0; 5
-6.0, 0.0, -1.0; 15
-5.0, 0.0, -1.0; 1
6.0, 0.0, -1.0; 1
7.0, 0.0, -1.0; 2
-10.0, 1.0, -1.0; 3
-9.0, 1.0, -1.0; 10
-8.0, 1.0, -1.0; 5
-7.0, 1.0, -1.0; 7
-6.0, 1.0, -1.0; 852
-5.0, 1.0, -1.0; 84
-10.0, 2.0, -1.0; 6
-9.0, 2.0, -1.0; 15
-8.0, 2.0, -1.0; 10
-7.0, 2.0, -1.0; 14
-6.0, 2.0, -1.0; 68
-5.0, 2.0, -1.0; 51
5.0, 2.0, -1.0; 1
7.0, 2.0, -1.0; 1
8.0, 2.0, -1.0; 1
-10.0, 3.0, -1.0; 3
-9.0, 3.0, -1.0; 16
-8.0, 3.0, -1.0; 9
-7.0, 3.0, -1.0; 27
-6.0, 3.0, -1.0; 47
-5.0, 3.0, -1.0; 8
3.0, 3.0, -1.0; 1
4.0, 3.0, -1.0; 3
5.0, 3.0, -1.0; 3
6.0, 3.0, -1.0; 1
7.0, 3.0, -1.0; 4
8.0, 3.0, -1.0; 1
-9.0, 4.0, -1.0; 19
-8.0, 4.0, -1.0; 23
-7.0, 4.0, -1.0; 3
-6.0, 4.0, -1.0; 60
-5.0, 4.0, -1.0; 85
-4.0, 4.0, -1.0; 5
-3.0, 4.0, -1.0; 1
-2.0, 4.0, -1.0; 2
1.0, 4.0, -1.0; 3
2.0, 4.0, -1.0; 18
3.0, 4.0, -1.0; 1
4.0, 4.0, -1.0; 2
-9.0, 5.0, -1.0; 9
-8.0, 5.0, -1.0; 26
-7.0, 5.0, -1.0; 11
-6.0, 5.0, -1.0; 3
-5.0, 5.0, -1.0; 35
-4.0, 5.0, -1.0; 73
-3.0, 5.0, -1.0; 26
-2.0, 5.0, -1.0; 10
-1.0, 5.0, -1.0; 15
0.0, 5.0, -1.0; 258
1.0, 5.0, -1.0; 91
2.0, 5.0, -1.0; 15
3.0, 5.0, -1.0; 3
4.0, 5.0, -1.0; 4
6.0, 5.0, -1.0; 5
-8.0, 6.0, -1.0; 6
-7.0, 6.0, -1.0; 49
-6.0, 6.0, -1.0; 202
-5.0, 6.0, -1.0; 35
-4.0, 6.0, -1.0; 10
-3.0, 6.0, -1.0; 33
-2.0, 6.0, -1.0; 80
-1.0, 6.0, -1.0; 70
0.0, 6.0, -1.0; 82
1.0, 6.0, -1.0; 31
2.0, 6.0, -1.0; 3
3.0, 6.0, -1.0; 3
4.0, 6.0, -1.0; 2
5.0, 6.0, -1.0; 7
6.0, 6.0, -1.0; 3
-7.0, 7.0, -1.0; 1
-6.0, 7.0, -1.0; 30
-5.0, 7.0, -1.0; 39
-4.0, 7.0, -1.0; 18
-3.0, 7.0, -1.0; 4
-2.0, 7.0, -1.0; 4
-1.0, 7.0, -1.0; 24
0.0, 7.0, -1.0; 12
1.0, 7.0, -1.0; 2
2.0, 7.0, -1.0; 2
3.0, 7.0, -1.0; 7
4.0, 7.0, -1.0; 2
5.0, 7.0, -1.0; 1
-6.0, 8.0, -1.0; 2
-5.0, 8.0, -1.0; 6
-4.0, 8.0, -1.0; 16
-3.0, 8.0, -1.0; 34
-2.0, 8.0, -1.0; 14
-1.0, 8.0, -1.0; 16
0.0, 8.0, -1.0; 6
1.0, 8.0, -1.0; 10
2.0, 8.0, -1.0; 10
3.0, 8.0, -1.0; 3
-4.0, 9.0, -1.0; 1
-3.0, 9.0, -1.0; 6
-2.0, 9.0, -1.0; 6
-1.0, 9.0, -1.0; 18
0.0, 9.0, -1.0; 9
1.0, 9.0, -1.0; 9
2.0, 9.0, -1.0; 9
3.0, 9.0, -1.0; 1
-5.0, -10.0, 0.0; 1
-4.0, -10.0, 0.0; 13
-3.0, -10.0, 0.0; 21
-2.0, -10.0, 0.0; 21
-1.0, -10.0, 0.0; 10
0.0, -10.0, 0.0; 9
1.0, -10.0, 0.0; 7
2.0, -10.0, 0.0; 2
3.0, -10.0, 0.0; 3
-6.0, -9.0, 0.0; 9
-5.0, -9.0, 0.0; 25
-4.0, -9.0, 0.0; 15
-3.0, -9.0, 0.0; 8
-2.0, -9.0, 0.0; 5
-1.0, -9.0, 0.0; 6
0.0, -9.0, 0.0; 7
1.0, -9.0, 0.0; 3
2.0, -9.0, 0.0; 4
3.0, -9.0, 0.0; 1
4.0, -9.0, 0.0; 1
-7.0, -8.0, 0.0; 11
-6.0, -8.0, 0.0; 15
-5.0, -8.0, 0.0; 7
-4.0, -8.0, 0.0; 5
-3.0, -8.0, 0.0; 1
-2.0, -8.0, 0.0; 15
-1.0, -8.0, 0.0; 18
0.0, -8.0, 0.0; 6
1.0, -8.0, 0.0; 3
2.0, -8.0, 0.0; 13
3.0, -8.0, 0.0; 1
4.0, -8.0, 0.0; 3
5.0, -8.0, 0.0; 2
-8.0, -7.0, 0.0; 4
-7.0, -7.0, 0.0; 9
-6.0, -7.0, 0.0; 8
-5.0, -7.0, 0.0; 2
-4.0, -7.0, 0.0; 17
-3.0, -7.0, 0.0; 57
-2.0, -7.0, 0.0; 104
-1.0, -7.0, 0.0; 137
0.0, -7.0, 0.0; 100
1.0, -7.0, 0.0; 16
2.0, -7.0, 0.0; 9
4.0, -7.0, 0.0; 6
6.0, -7.0, 0.0; 2
7.0, -7.0, 0.0; 1
-9.0, -6.0, 0.0; 2
-8.0, -6.0, 0.0; 24
-7.0, -6.0, 0.0; 13
-6.0, -6.0, 0.0; 10
-5.0, -6.0, 0.0; 13
-4.0, -6.0, 0.0; 11
-3.0, -6.0, 0.0; 129
-2.0, -6.0, 0.0; 170
-1.0, -6.0, 0.0; 46
0.0, -6.0, 0.0; 18
1.0, -6.0, 0.0; 15
2.0, -6.0, 0.0; 7
3.0, -6.0, 0.0; 4
4.0, -6.0, 0.0; 1
5.0, -6.0, 0.0; 2
-9.0, -5.0, 0.0; 11
-8.0, -5.0, 0.0; 9
-7.0, -5.0, 0.0; 19
-6.0, -5.0, 0.0; 53
-5.0, -5.0, 0.0; 6
-4.0, -5.0, 0.0; 21
-3.0, -5.0, 0.0; 58
-2.0, -5.0, 0.0; 9
-1.0, -5.0, 0.0; 1
0.0, -5.0, 0.0; 1
1.0, -5.0, 0.0; 4
2.0, -5.0, 0.0; 5
3.0, -5.0, 0.0; 3
4.0, -5.0, 0.0; 4
5.0, -5.0, 0.0; 1
-10.0, -4.0, 0.0; 1
-9.0, -4.0, 0.0; 16
-8.0, -4.0, 0.0; 15
-7.0, -4.0, 0.0; 12
-6.0, -4.0, 0.0; 21
-5.0, -4.0, 0.0; 10
-4.0, -4.0, 0.0; 4
3.0, -4.0, 0.0; 2
5.0, -4.0, 0.0; 2
6.0, -4.0, 0.0; 2
7.0, -4.0, 0.0; 1
-10.0, -3.0, 0.0; 3
-9.0, -3.0, 0.0; 6
-8.0, -3.0, 0.0; 13
-7.0, -3.0, 0.0; 8
-6.0, -3.0, 0.0; 6
-5.0, -3.0, 0.0; 15
4.0, -3.0, 0.0; 1
6.0, -3.0, 0.0; 1
7.0, -3.0, 0.0; 2
-10.0, -2.0, 0.0; 2
-9.0, -2.0, 0.0; 5
-8.0, -2.0, 0.0; 7
-7.0, -2.0, 0.0; 9
-6.0, -2.0, 0.0; 21
-5.0, -2.0, 0.0; 2
5.0, -2.0, 0.0; 1
6.0, -2.0, 0.0; 1
-10.0, -1.0, 0.0; 4
-9.0, -1.0, 0.0; 3
-8.0, -1.0, 0.0; 12
-7.0, -1.0, 0.0; 13
-6.0, -1.0, 0.0; 15
-5.0, -1.0, 0.0; 2
5.0, -1.0, 0.0; 1
-10.0, 0.0, 0.0; 4
-9.0, 0.0, 0.0; 11
-8.0, 0.0, 0.0; 14
-7.0, 0.0, 0.0; 6
-6.0, 0.0, 0.0; 12
-5.0, 0.0, 0.0; 4
4.0
13.2039532794
