7.0, 0.0, 0.0; 1
-10.0, 1.0, 0.0; 2
-9.0, 1.0, 0.0; 4
-8.0, 1.0, 0.0; 2
-7.0, 1.0, 0.0; 3
-6.0, 1.0, 0.0; 70
-5.0, 1.0, 0.0; 53
4.0, 1.0, 0.0; 1
5.0, 1.0, 0.0; 2
6.0, 1.0, 0.0; 2
-10.0, 2.0, 0.0; 1
-9.0, 2.0, 0.0; 4
-8.0, 2.0, 0.0; 5
-7.0, 2.0, 0.0; 2
-6.0, 2.0, 0.0; 30
-5.0, 2.0, 0.0; 93
4.0, 2.0, 0.0; 1
6.0, 2.0, 0.0; 3
7.0, 2.0, 0.0; 3
-8.0, 3.0, 0.0; 6
-7.0, 3.0, 0.0; 4
-6.0, 3.0, 0.0; 6
-5.0, 3.0, 0.0; 23
-4.0, 3.0, 0.0; 1
2.0, 3.0, 0.0; 1
3.0, 3.0, 0.0; 1
4.0, 3.0, 0.0; 4
5.0, 3.0, 0.0; 2
-9.0, 4.0, 0.0; 4
-8.0, 4.0, 0.0; 8
-7.0, 4.0, 0.0; 3
-6.0, 4.0, 0.0; 6
-5.0, 4.0, 0.0; 18
-4.0, 4.0, 0.0; 8
-2.0, 4.0, 0.0; 1
1.0, 4.0, 0.0; 2
2.0, 4.0, 0.0; 9
3.0, 4.0, 0.0; 6
4.0, 4.0, 0.0; 4
5.0, 4.0, 0.0; 2
7.0, 4.0, 0.0; 2
-9.0, 5.0, 0.0; 2
-8.0, 5.0, 0.0; 6
-7.0, 5.0, 0.0; 7
-6.0, 5.0, 0.0; 2
-5.0, 5.0, 0.0; 4
-4.0, 5.0, 0.0; 28
-3.0, 5.0, 0.0; 23
-2.0, 5.0, 0.0; 15
-1.0, 5.0, 0.0; 15
0.0, 5.0, 0.0; 20
1.0, 5.0, 0.0; 17
2.0, 5.0, 0.0; 3
3.0, 5.0, 0.0; 3
4.0, 5.0, 0.0; 1
5.0, 5.0, 0.0; 1
6.0, 5.0, 0.0; 4
-8.0, 6.0, 0.0; 3
-7.0, 6.0, 0.0; 42
-6.0, 6.0, 0.0; 402
-5.0, 6.0, 0.0; 65
-4.0, 6.0, 0.0; 15
-3.0, 6.0, 0.0; 20
-2.0, 6.0, 0.0; 57
-1.0, 6.0, 0.0; 94
0.0, 6.0, 0.0; 97
1.0, 6.0, 0.0; 19
2.0, 6.0, 0.0; 3
3.0, 6.0, 0.0; 6
4.0, 6.0, 0.0; 1
-6.0, 7.0, 0.0; 47
-5.0, 7.0, 0.0; 90
-4.0, 7.0, 0.0; 12
-3.0, 7.0, 0.0; 6
-2.0, 7.0, 0.0; 23
-1.0, 7.0, 0.0; 38
0.0, 7.0, 0.0; 22
1.0, 7.0, 0.0; 3
2.0, 7.0, 0.0; 12
3.0, 7.0, 0.0; 3
5.0, 7.0, 0.0; 1
-6.0, 8.0, 0.0; 1
-5.0, 8.0, 0.0; 2
-4.0, 8.0, 0.0; 5
-3.0, 8.0, 0.0; 11
-2.0, 8.0, 0.0; 13
-1.0, 8.0, 0.0; 8
0.0, 8.0, 0.0; 4
1.0, 8.0, 0.0; 10
2.0, 8.0, 0.0; 3
3.0, 8.0, 0.0; 3
4.0, 8.0, 0.0; 1
-4.0, 9.0, 0.0; 1
-3.0, 9.0, 0.0; 7
-2.0, 9.0, 0.0; 12
-1.0, 9.0, 0.0; 22
0.0, 9.0, 0.0; 37
1.0, 9.0, 0.0; 29
2.0, 9.0, 0.0; 11
-4.0, -10.0, 1.0; 1
-3.0, -10.0, 1.0; 6
-2.0, -10.0, 1.0; 7
-1.0, -10.0, 1.0; 6
0.0, -10.0, 1.0; 3
1.0, -10.0, 1.0; 4
-6.0, -9.0, 1.0; 4
-5.0, -9.0, 1.0; 5
-4.0, -9.0, 1.0; 5
-3.0, -9.0, 1.0; 8
-2.0, -9.0, 1.0; 9
-1.0, -9.0, 1.0; 6
0.0, -9.0, 1.0; 5
1.0, -9.0, 1.0; 4
2.0, -9.0, 1.0; 3
3.0, -9.0, 1.0; 1
4.0, -9.0, 1.0; 1
5.0, -9.0, 1.0; 1
-7.0, -8.0, 1.0; 4
-6.0, -8.0, 1.0; 4
-5.0, -8.0, 1.0; 2
-4.0, -8.0, 1.0; 1
-3.0, -8.0, 1.0; 2
-1.0, -8.0, 1.0; 3
0.0, -8.0, 1.0; 1
1.0, -8.0, 1.0; 2
2.0, -8.0, 1.0; 5
3.0, -8.0, 1.0; 1
5.0, -8.0, 1.0; 6
6.0, -8.0, 1.0; 4
-8.0, -7.0, 1.0; 3
-7.0, -7.0, 1.0; 8
-6.0, -7.0, 1.0; 2
-5.0, -7.0, 1.0; 6
-4.0, -7.0, 1.0; 31
-3.0, -7.0, 1.0; 72
-2.0, -7.0, 1.0; 110
-1.0, -7.0, 1.0; 157
0.0, -7.0, 1.0; 27
1.0, -7.0, 1.0; 9
2.0, -7.0, 1.0; 10
3.0, -7.0, 1.0; 4
4.0, -7.0, 1.0; 1
5.0, -7.0, 1.0; 1
6.0, -7.0, 1.0; 3
-8.0, -6.0, 1.0; 6
-7.0, -6.0, 1.0; 6
-6.0, -6.0, 1.0; 1
-5.0, -6.0, 1.0; 37
-4.0, -6.0, 1.0; 49
-3.0, -6.0, 1.0; 23
-2.0, -6.0, 1.0; 35
-1.0, -6.0, 1.0; 38
0.0, -6.0, 1.0; 12
1.0, -6.0, 1.0; 7
2.0, -6.0, 1.0; 11
3.0, -6.0, 1.0; 3
4.0, -6.0, 1.0; 1
-9.0, -5.0, 1.0; 1
-8.0, -5.0, 1.0; 8
-7.0, -5.0, 1.0; 1
-6.0, -5.0, 1.0; 24
-5.0, -5.0, 1.0; 24
-4.0, -5.0, 1.0; 2
-3.0, -5.0, 1.0; 5
-2.0, -5.0, 1.0; 2
-1.0, -5.0, 1.0; 2
0.0, -5.0, 1.0; 2
1.0, -5.0, 1.0; 4
2.0, -5.0, 1.0; 3
3.0, -5.0, 1.0; 2
4.0, -5.0, 1.0; 1
8.0, -5.0, 1.0; 1
-9.0, -4.0, 1.0; 3
-8.0, -4.0, 1.0; 5
-7.0, -4.0, 1.0; 4
-6.0, -4.0, 1.0; 26
-5.0, -4.0, 1.0; 6
-4.0, -4.0, 1.0; 1
-3.0, -4.0, 1.0; 2
1.0, -4.0, 1.0; 1
2.0, -4.0, 1.0; 1
4.0, -4.0, 1.0; 1
7.0, -4.0, 1.0; 1
9.0, -4.0, 1.0; 1
-10.0, -3.0, 1.0; 1
-9.0, -3.0, 1.0; 4
-8.0, -3.0, 1.0; 6
-6.0, -3.0, 1.0; 2
-3.0, -3.0, 1.0; 1
4.0, -3.0, 1.0; 1
8.0, -3.0, 1.0; 1
-10.0, -2.0, 1.0; 3
-9.0, -2.0, 1.0; 4
-8.0, -2.0, 1.0; 2
-7.0, -2.0, 1.0; 2
-5.0, -2.0, 1.0; 4
4.0, -2.0, 1.0; 1
-10.0, -1.0, 1.0; 3
-9.0, -1.0, 1.0; 2
-8.0, -1.0, 1.0; 3
-7.0, -1.0, 1.0; 6
-6.0, -1.0, 1.0; 5
-5.0, -1.0, 1.0; 4
-4.0, -1.0, 1.0; 1
5.0, -1.0, 1.0; 2
7.0, -1.0, 1.0; 1
-10.0, 0.0, 1.0; 1
-9.0, 0.0, 1.0; 4
-8.0, 0.0, 1.0; 3
-7.0, 0.0, 1.0; 3
-6.0, 0.0, 1.0; 8
-5.0, 0.0, 1.0; 5
6.0, 0.0, 1.0; 1
-10.0, 1.0, 1.0; 1
-9.0, 1.0, 1.0; 1
-8.0, 1.0, 1.0; 3
-7.0, 1.0, 1.0; 2
-6.0, 1.0, 1.0; 10
-5.0, 1.0, 1.0; 20
-9.0, 2.0, 1.0; 1
-8.0, 2.0, 1.0; 6
-7.0, 2.0, 1.0; 4
-6.0, 2.0, 1.0; 9
-5.0, 2.0, 1.0; 52
-4.0, 2.0, 1.0; 2
3.0, 2.0, 1.0; 1
4.0, 2.0, 1.0; 1
5.0, 2.0, 1.0; 1
-9.0, 3.0, 1.0; 2
-8.0, 3.0, 1.0; 4
-7.0, 3.0, 1.0; 4
-6.0, 3.0, 1.0; 3
-5.0, 3.0, 1.0; 25
-4.0, 3.0, 1.0; 22
-3.0, 3.0, 1.0; 1
1.0, 3.0, 1.0; 1
2.0, 3.0, 1.0; 1
3.0, 3.0, 1.0; 1
4.0, 3.0, 1.0; 4
5.0, 3.0, 1.0; 2
6.0, 3.0, 1.0; 1
-9.0, 4.0, 1.0; 1
-8.0, 4.0, 1.0; 9
-7.0, 4.0, 1.0; 6
-6.0, 4.0, 1.0; 7
-5.0, 4.0, 1.0; 11
-4.0, 4.0, 1.0; 24
-3.0, 4.0, 1.0; 17
-2.0, 4.0, 1.0; 2
-1.0, 4.0, 1.0; 1
0.0, 4.0, 1.0; 6
1.0, 4.0, 1.0; 9
2.0, 4.0, 1.0; 2
3.0, 4.0, 1.0; 1
4.0, 4.0, 1.0; 1
5.0, 4.0, 1.0; 1
6.0, 4.0, 1.0; 1
7.0, 4.0, 1.0; 3
-9.0, 5.0, 1.0; 1
-8.0, 5.0, 1.0; 3
-7.0, 5.0, 1.0; 4
-6.0, 5.0, 1.0; 8
-5.0, 5.0, 1.0; 15
-4.0, 5.0, 1.0; 109
-3.0, 5.0, 1.0; 706
-2.0, 5.0, 1.0; 382
-1.0, 5.0, 1.0; 22
0.0, 5.0, 1.0; 28
1.0, 5.0, 1.0; 15
3.0, 5.0, 1.0; 3
4.0, 5.0, 1.0; 2
5.0, 5.0, 1.0; 1
6.0, 5.0, 1.0; 2
7.0, 5.0, 1.0; 1
-8.0, 6.0, 1.0; 3
-7.0, 6.0, 1.0; 14
-6.0, 6.0, 1.0; 73
-5.0, 6.0, 1.0; 26
-4.0, 6.0, 1.0; 18
-3.0, 6.0, 1.0; 40
-2.0, 6.0, 1.0; 32
-1.0, 6.0, 1.0; 31
0.0, 6.0, 1.0; 24
1.0, 6.0, 1.0; 5
2.0, 6.0, 1.0; 8
3.0, 6.0, 1.0; 5
4.0, 6.0, 1.0; 3
6.0, 6.0, 1.0; 1
-7.0, 7.0, 1.0; 2
-6.0, 7.0, 1.0; 13
-5.0, 7.0, 1.0; 24
-4.0, 7.0, 1.0; 5
-3.0, 7.0, 1.0; 2
-2.0, 7.0, 1.0; 7
-1.0, 7.0, 1.0; 10
0.0, 7.0, 1.0; 6
1.0, 7.0, 1.0; 10
2.0, 7.0, 1.0; 7
3.0, 7.0, 1.0; 2
4.0, 7.0, 1.0; 1
5.0, 7.0, 1.0; 2
-5.0, 8.0, 1.0; 5
-4.0, 8.0, 1.0; 10
-3.0, 8.0, 1.0; 11
-2.0, 8.0, 1.0; 12
-1.0, 8.0, 1.0; 6
0.0, 8.0, 1.0; 6
1.0, 8.0, 1.0; 10
2.0, 8.0, 1.0; 4
3.0, 8.0, 1.0; 2
-4.0, 9.0, 1.0; 1
-3.0, 9.0, 1.0; 13
-2.0, 9.0, 1.0; 13
-1.0, 9.0, 1.0; 20
0.0, 9.0, 1.0; 14
1.0, 9.0, 1.0; 10
2.0, 9.0, 1.0; 2
-3.0, -10.0, 2.0; 1
-2.0, -10.0, 2.0; 3
-1.0, -10.0, 2.0; 4
1.0, -10.0, 2.0; 1
-5.0, -9.0, 2.0; 2
-4.0, -9.0, 2.0; 7
-3.0, -9.0, 2.0; 4
-2.0, -9.0, 2.0; 6
-1.0, -9.0, 2.0; 9
0.0, -9.0, 2.0; 5
1.0, -9.0, 2.0; 2
3.0, -9.0, 2.0; 2
4.0, -9.0, 2.0; 1
-7.0, -8.0, 2.0; 1
-6.0, -8.0, 2.0; 7
-5.0, -8.0, 2.0; 5
-4.0, -8.0, 2.0; 4
-3.0, -8.0, 2.0; 6
-2.0, -8.0, 2.0; 3
-1.0, -8.0, 2.0; 4
0.0, -8.0, 2.0; 5
1.0, -8.0, 2.0; 8
2.0, -8.0, 2.0; 2
5.0, -8.0, 2.0; 3
-8.0, -7.0, 2.0; 1
-7.0, -7.0, 2.0; 3
-6.0, -7.0, 2.0; 5
-5.0, -7.0, 2.0; 5
-3.0, -7.0, 2.0; 3
-2.0, -7.0, 2.0; 8
-1.0, -7.0, 2.0; 8
0.0, -7.0, 2.0; 1
1.0, -7.0, 2.0; 7
2.0, -7.0, 2.0; 3
3.0, -7.0, 2.0; 1
5.0, -7.0, 2.0; 2
-7.0, -6.0, 2.0; 5
-6.0, -6.0, 2.0; 3
-5.0, -6.0, 2.0; 3
-4.0, -6.0, 2.0; 23
-3.0, -6.0, 2.0; 24
-2.0, -6.0, 2.0; 15
-1.0, -6.0, 2.0; 13
0.0, -6.0, 2.0; 3
1.0, -6.0, 2.0; 2
4.0, -6.0, 2.0; 2
-8.0, -5.0, 2.0; 2
-7.0, -5.0, 2.0; 5
-6.0, -5.0, 2.0; 1
-5.0, -5.0, 2.0; 23
-4.0, -5.0, 2.0; 23
-3.0, -5.0, 2.0; 5
-2.0, -5.0, 2.0; 2
-1.0, -5.0, 2.0; 2
0.0, -5.0, 2.0; 5
1.0, -5.0, 2.0; 3
2.0, -5.0, 2.0; 2
3.0, -5.0, 2.0; 1
5.0, -5.0, 2.0; 1
7.0, -5.0, 2.0; 1
-9.0, -4.0, 2.0; 1
-8.0, -4.0, 2.0; 3
-7.0, -4.0, 2.0; 7
-6.0, -4.0, 2.0; 4
-5.0, -4.0, 2.0; 5
-4.0, -4.0, 2.0; 1
-3.0, -4.0, 2.0; 1
2.0, -4.0, 2.0; 2
3.0, -4.0, 2.0; 1
5.0, -4.0, 2.0; 1
-10.0, -3.0, 2.0; 1
-8.0, -3.0, 2.0; 7
-7.0, -3.0, 2.0; 3
-6.0, -3.0, 2.0; 2
-4.0, -3.0, 2.0; 3
-2.0, -3.0, 2.0; 1
-9.0, -2.0, 2.0; 2
-8.0, -2.0, 2.0; 6
-7.0, -2.0, 2.0; 2
-6.0, -2.0, 2.0; 3
-5.0, -2.0, 2.0; 3
-4.0, -2.0, 2.0; 3
-10.0, -1.0, 2.0; 1
-9.0, -1.0, 2.0; 1
-8.0, -1.0, 2.0; 1
-7.0, -1.0, 2.0; 3
-6.0, -1.0, 2.0; 9
-5.0, -1.0, 2.0; 1
-10.0, 0.0, 2.0; 3
-8.0, 0.0, 2.0; 1
-7.0, 0.0, 2.0; 2
-6.0, 0.0, 2.0; 5
-5.0, 0.0, 2.0; 8
-4.0, 0.0, 2.0; 1
-9.0, 1.0, 2.0; 2
-8.0, 1.0, 2.0; 1
-7.0, 1.0, 2.0; 3
-6.0, 1.0, 2.0; 4
-5.0, 1.0, 2.0; 108
-4.0, 1.0, 2.0; 86
-3.0, 1.0, 2.0; 1
5.0, 1.0, 2.0; 3
-9.0, 2.0, 2.0; 1
-8.0, 2.0, 2.0; 2
-7.0, 2.0, 2.0; 1
-6.0, 2.0, 2.0; 1
-5.0, 2.0, 2.0; 292
-4.0, 2.0, 2.0; 686
-3.0, 2.0, 2.0; 7
3.0, 2.0, 2.0; 1
5.0, 2.0, 2.0; 1
6.0, 2.0, 2.0; 2
7.0, 2.0, 2.0; 1
-9.0, 3.0, 2.0; 1
-8.0, 3.0, 2.0; 4
-7.0, 3.0, 2.0; 5
-5.0, 3.0, 2.0; 11
-4.0, 3.0, 2.0; 75
-3.0, 3.0, 2.0; 22
-1.0, 3.0, 2.0; 2
0.0, 3.0, 2.0; 3
1.0, 3.0, 2.0; 2
2.0, 3.0, 2.0; 2
3.0, 3.0, 2.0; 3
-8.0, 4.0, 2.0; 2
-7.0, 4.0, 2.0; 6
-6.0, 4.0, 2.0; 3
-5.0, 4.0, 2.0; 7
-4.0, 4.0, 2.0; 11
-3.0, 4.0, 2.0; 38
-2.0, 4.0, 2.0; 56
-1.0, 4.0, 2.0; 45
0.0, 4.0, 2.0; 15
1.0, 4.0, 2.0; 7
3.0, 4.0, 2.0; 2
4.0, 4.0, 2.0; 1
7.0, 4.0, 2.0; 1
8.0, 4.0, 2.0; 1
-8.0, 5.0, 2.0; 7
-7.0, 5.0, 2.0; 3
-6.0, 5.0, 2.0; 3
-5.0, 5.0, 2.0; 6
-4.0, 5.0, 2.0; 7
-3.0, 5.0, 2.0; 70
-2.0, 5.0, 2.0; 136
-1.0, 5.0, 2.0; 24
0.0, 5.0, 2.0; 4
1.0, 5.0, 2.0; 2
2.0, 5.0, 2.0; 3
3.0, 5.0, 2.0; 4
4.0, 5.0, 2.0; 3
7.0, 5.0, 2.0; 1
-7.0, 6.0, 2.0; 2
-6.0, 6.0, 2.0; 5
-5.0, 6.0, 2.0; 3
-4.0, 6.0, 2.0; 2
-3.0, 6.0, 2.0; 6
-2.0, 6.0, 2.0; 8
-1.0, 6.0, 2.0; 6
1.0, 6.0, 2.0; 3
2.0, 6.0, 2.0; 5
4.0, 6.0, 2.0; 1
5.0, 6.0, 2.0; 2
6.0, 6.0, 2.0; 2
7.0, 6.0, 2.0; 1
-7.0, 7.0, 2.0; 2
-6.0, 7.0, 2.0; 4
-5.0, 7.0, 2.0; 7
-4.0, 7.0, 2.0; 8
-3.0, 7.0, 2.0; 3
-2.0, 7.0, 2.0; 3
-1.0, 7.0, 2.0; 6
0.0, 7.0, 2.0; 8
1.0, 7.0, 2.0; 5
2.0, 7.0, 2.0; 7
3.0, 7.0, 2.0; 2
4.0, 7.0, 2.0; 1
-4.0, 8.0, 2.0; 6
-3.0, 8.0, 2.0; 9
-2.0, 8.0, 2.0; 17
-1.0, 8.0, 2.0; 6
0.0, 8.0, 2.0; 9
1.0, 8.0, 2.0; 13
2.0, 8.0, 2.0; 4
3.0, 8.0, 2.0; 1
4.0, 8.0, 2.0; 1
-4.0, 9.0, 2.0; 1
-3.0, 9.0, 2.0; 1
-2.0, 9.0, 2.0; 7
-1.0, 9.0, 2.0; 12
0.0, 9.0, 2.0; 5
1.0, 9.0, 2.0; 11
2.0, 9.0, 2.0; 1
-4.0, -9.0, 3.0; 3
-3.0, -9.0, 3.0; 3
-2.0, -9.0, 3.0; 3
-1.0, -9.0, 3.0; 2
1.0, -9.0, 3.0; 2
2.0, -9.0, 3.0; 2
3.0, -9.0, 3.0; 2
-6.0, -8.0, 3.0; 6
-5.0, -8.0, 3.0; 8
-4.0, -8.0, 3.0; 12
-3.0, -8.0, 3.0; 9
-2.0, -8.0, 3.0; 9
-1.0, -8.0, 3.0; 6
0.0, -8.0, 3.0; 6
1.0, -8.0, 3.0; 6
2.0, -8.0, 3.0; 2
3.0, -8.0, 3.0; 2
4.0, -8.0, 3.0; 2
5.0, -8.0, 3.0; 1
-7.0, -7.0, 3.0; 5
-6.0, -7.0, 3.0; 2
-5.0, -7.0, 3.0; 5
-4.0, -7.0, 3.0; 10
-3.0, -7.0, 3.0; 5
-2.0, -7.0, 3.0; 3
-1.0, -7.0, 3.0; 4
0.0, -7.0, 3.0; 11
1.0, -7.0, 3.0; 6
2.0, -7.0, 3.0; 3
3.0, -7.0, 3.0; 1
4.0, -7.0, 3.0; 2
5.0, -7.0, 3.0; 2
6.0, -7.0, 3.0; 1
-8.0, -6.0, 3.0; 1
-7.0, -6.0, 3.0; 5
-6.0, -6.0, 3.0; 7
-5.0, -6.0, 3.0; 3
-3.0, -6.0, 3.0; 1
-2.0, -6.0, 3.0; 1
-1.0, -6.0, 3.0; 2
0.0, -6.0, 3.0; 2
1.0, -6.0, 3.0; 5
-8.0, -5.0, 3.0; 1
-7.0, -5.0, 3.0; 2
-6.0, -5.0, 3.0; 6
-4.0, -5.0, 3.0; 1
-3.0, -5.0, 3.0; 2
-1.0, -5.0, 3.0; 3
0.0, -5.0, 3.0; 2
7.0, -5.0, 3.0; 1
-8.0, -4.0, 3.0; 5
-7.0, -4.0, 3.0; 6
-6.0, -4.0, 3.0; 2
-5.0, -4.0, 3.0; 1
-3.0, -4.0, 3.0; 1
-2.0, -4.0, 3.0; 3
0.0, -4.0, 3.0; 2
2.0, -4.0, 3.0; 1
3.0, -4.0, 3.0; 1
-9.0, -3.0, 3.0; 3
-7.0, -3.0, 3.0; 2
-6.0, -3.0, 3.0; 10
-5.0, -3.0, 3.0; 1
-4.0, -3.0, 3.0; 1
-2.0, -3.0, 3.0; 1
2.0, -3.0, 3.0; 1
-9.0, -2.0, 3.0; 1
-8.0, -2.0, 3.0; 1
-7.0, -2.0, 3.0; 2
-6.0, -2.0, 3.0; 8
-5.0, -2.0, 3.0; 10
-4.0, -2.0, 3.0; 3
-10.0, -1.0, 3.0; 1
-8.0, -1.0, 3.0; 1
-7.0, -1.0, 3.0; 3
-6.0, -1.0, 3.0; 7
-5.0, -1.0, 3.0; 5
-4.0, -1.0, 3.0; 1
-3.0, -1.0, 3.0; 4
-2.0, -1.0, 3.0; 2
-1.0, -1.0, 3.0; 1
0.0, -1.0, 3.0; 2
1.0, -1.0, 3.0; 1
2.0, -1.0, 3.0; 1
-10.0, 0.0, 3.0; 2
-9.0, 0.0, 3.0; 1
-8.0, 0.0, 3.0; 1
-7.0, 0.0, 3.0; 2
-6.0, 0.0, 3.0; 1
-5.0, 0.0, 3.0; 2
-4.0, 0.0, 3.0; 3
-3.0, 0.0, 3.0; 2
-2.0, 0.0, 3.0; 3
0.0, 0.0, 3.0; 1
5.0, 0.0, 3.0; 2
-9.0, 1.0, 3.0; 1
-8.0, 1.0, 3.0; 1
-7.0, 1.0, 3.0; 1
-6.0, 1.0, 3.0; 1
-5.0, 1.0, 3.0; 12
-4.0, 1.0, 3.0; 57
-3.0, 1.0, 3.0; 18
-2.0, 1.0, 3.0; 3
3.0, 1.0, 3.0; 5
4.0, 1.0, 3.0; 1
-10.0, 2.0, 3.0; 2
-9.0, 2.0, 3.0; 2
-8.0, 2.0, 3.0; 2
-7.0, 2.0, 3.0; 6
-6.0, 2.0, 3.0; 2
-5.0, 2.0, 3.0; 4
-4.0, 2.0, 3.0; 85
-3.0, 2.0, 3.0; 62
-2.0, 2.0, 3.0; 5
-1.0, 2.0, 3.0; 5
0.0, 2.0, 3.0; 1
2.0, 2.0, 3.0; 26
3.0, 2.0, 3.0; 1
4.0, 2.0, 3.0; 1
6.0, 2.0, 3.0; 1
-9.0, 3.0, 3.0; 4
-7.0, 3.0, 3.0; 2
-6.0, 3.0, 3.0; 6
-5.0, 3.0, 3.0; 3
-4.0, 3.0, 3.0; 4
-3.0, 3.0, 3.0; 20
-2.0, 3.0, 3.0; 16
-1.0, 3.0, 3.0; 18
0.0, 3.0, 3.0; 1
1.0, 3.0, 3.0; 3
2.0, 3.0, 3.0; 9
3.0, 3.0, 3.0; 2
6.0, 3.0, 3.0; 1
-8.0, 4.0, 3.0; 1
-7.0, 4.0, 3.0; 5
-6.0, 4.0, 3.0; 4
-5.0, 4.0, 3.0; 3
-4.0, 4.0, 3.0; 1
-3.0, 4.0, 3.0; 5
-2.0, 4.0, 3.0; 11
-1.0, 4.0, 3.0; 16
0.0, 4.0, 3.0; 2
1.0, 4.0, 3.0; 1
2.0, 4.0, 3.0; 2
3.0, 4.0, 3.0; 2
6.0, 4.0, 3.0; 1
-8.0, 5.0, 3.0; 4
-7.0, 5.0, 3.0; 6
-6.0, 5.0, 3.0; 6
-5.0, 5.0, 3.0; 3
-4.0, 5.0, 3.0; 2
-3.0, 5.0, 3.0; 5
-2.0, 5.0, 3.0; 3
-1.0, 5.0, 3.0; 3
0.0, 5.0, 3.0; 1
1.0, 5.0, 3.0; 15
2.0, 5.0, 3.0; 11
5.0, 5.0, 3.0; 1
-7.0, 6.0, 3.0; 4
-6.0, 6.0, 3.0; 1
-5.0, 6.0, 3.0; 7
-4.0, 6.0, 3.0; 4
-3.0, 6.0, 3.0; 3
-1.0, 6.0, 3.0; 3
0.0, 6.0, 3.0; 1
1.0, 6.0, 3.0; 5
2.0, 6.0, 3.0; 7
3.0, 6.0, 3.0; 1
4.0, 6.0, 3.0; 3
5.0, 6.0, 3.0; 2
-6.0, 7.0, 3.0; 2
-5.0, 7.0, 3.0; 5
-4.0, 7.0, 3.0; 9
-3.0, 7.0, 3.0; 15
-2.0, 7.0, 3.0; 20
-1.0, 7.0, 3.0; 9
0.0, 7.0, 3.0; 7
1.0, 7.0, 3.0; 5
2.0, 7.0, 3.0; 6
3.0, 7.0, 3.0; 2
5.0, 7.0, 3.0; 1
-5.0, 8.0, 3.0; 2
-4.0, 8.0, 3.0; 5
-3.0, 8.0, 3.0; 12
-2.0, 8.0, 3.0; 12
-1.0, 8.0, 3.0; 12
0.0, 8.0, 3.0; 10
1.0, 8.0, 3.0; 7
2.0, 8.0, 3.0; 3
-2.0, 9.0, 3.0; 2
-1.0, 9.0, 3.0; 4
0.0, 9.0, 3.0; 1
1.0, 9.0, 3.0; 1
-3.0, -9.0, 4.0; 1
-2.0, -9.0, 4.0; 1
2.0, -9.0, 4.0; 3
-6.0, -8.0, 4.0; 1
-4.0, -8.0, 4.0; 5
-3.0, -8.0, 4.0; 2
2.0, -8.0, 4.0; 1
5.0, -8.0, 4.0; 1
-7.0, -7.0, 4.0; 1
-6.0, -7.0, 4.0; 1
-5.0, -7.0, 4.0; 5
-4.0, -7.0, 4.0; 7
-3.0, -7.0, 4.0; 6
-2.0, -7.0, 4.0; 12
-1.0, -7.0, 4.0; 1
0.0, -7.0, 4.0; 2
1.0, -7.0, 4.0; 2
2.0, -7.0, 4.0; 1
3.0, -7.0, 4.0; 2
4.0, -7.0, 4.0; 3
5.0, -7.0, 4.0; 1
-7.0, -6.0, 4.0; 3
-6.0, -6.0, 4.0; 12
-5.0, -6.0, 4.0; 6
-4.0, -6.0, 4.0; 6
-3.0, -6.0, 4.0; 3
-2.0, -6.0, 4.0; 7
-1.0, -6.0, 4.0; 1
0.0, -6.0, 4.0; 2
1.0, -6.0, 4.0; 2
2.0, -6.0, 4.0; 1
-8.0, -5.0, 4.0; 1
-7.0, -5.0, 4.0; 2
-6.0, -5.0, 4.0; 5
-5.0, -5.0, 4.0; 5
-4.0, -5.0, 4.0; 5
-3.0, -5.0, 4.0; 4
-2.0, -5.0, 4.0; 4
-1.0, -5.0, 4.0; 3
0.0, -5.0, 4.0; 1
1.0, -5.0, 4.0; 2
2.0, -5.0, 4.0; 2
-6.0, -4.0, 4.0; 5
-5.0, -4.0, 4.0; 3
-4.0, -4.0, 4.0; 1
-3.0, -4.0, 4.0; 4
-2.0, -4.0, 4.0; 4
-1.0, -4.0, 4.0; 4
0.0, -4.0, 4.0; 1
4.0, -4.0, 4.0; 1
-9.0, -3.0, 4.0; 1
-8.0, -3.0, 4.0; 3
-7.0, -3.0, 4.0; 1
-6.0, -3.0, 4.0; 4
-5.0, -3.0, 4.0; 4
-4.0, -3.0, 4.0; 7
-3.0, -3.0, 4.0; 2
-2.0, -3.0, 4.0; 3
-1.0, -3.0, 4.0; 2
0.0, -3.0, 4.0; 2
1.0, -3.0, 4.0; 2
-9.0, -2.0, 4.0; 2
-8.0, -2.0, 4.0; 1
-7.0, -2.0, 4.0; 4
-6.0, -2.0, 4.0; 2
-5.0, -2.0, 4.0; 9
-4.0, -2.0, 4.0; 7
-3.0, -2.0, 4.0; 6
-2.0, -2.0, 4.0; 2
-1.0, -2.0, 4.0; 6
0.0, -2.0, 4.0; 11
1.0, -2.0, 4.0; 2
7.0, -2.0, 4.0; 2
-9.0, -1.0, 4.0; 2
-7.0, -1.0, 4.0; 2
-6.0, -1.0, 4.0; 2
-4.0, -1.0, 4.0; 6
-3.0, -1.0, 4.0; 7
-2.0, -1.0, 4.0; 11
-1.0, -1.0, 4.0; 10
0.0, -1.0, 4.0; 25
1.0, -1.0, 4.0; 7
2.0, -1.0, 4.0; 1
5.0, -1.0, 4.0; 1
-9.0, 0.0, 4.0; 1
-8.0, 0.0, 4.0; 3
-7.0, 0.0, 4.0; 2
-5.0, 0.0, 4.0; 1
-4.0, 0.0, 4.0; 3
-3.0, 0.0, 4.0; 3
-2.0, 0.0, 4.0; 6
-1.0, 0.0, 4.0; 3
0.0, 0.0, 4.0; 4
1.0, 0.0, 4.0; 2
3.0, 0.0, 4.0; 1
4.0, 0.0, 4.0; 1
-9.0, 1.0, 4.0; 4
-8.0, 1.0, 4.0; 3
-7.0, 1.0, 4.0; 3
-5.0, 1.0, 4.0; 2
-3.0, 1.0, 4.0; 4
-2.0, 1.0, 4.0; 2
-1.0, 1.0, 4.0; 5
0.0, 1.0, 4.0; 3
1.0, 1.0, 4.0; 1
2.0, 1.0, 4.0; 1
3.0, 1.0, 4.0; 1
4.0, 1.0, 4.0; 1
-8.0, 2.0, 4.0; 2
-7.0, 2.0, 4.0; 2
-6.0, 2.0, 4.0; 2
-5.0, 2.0, 4.0; 3
-4.0, 2.0, 4.0; 3
-3.0, 2.0, 4.0; 1
-2.0, 2.0, 4.0; 3
-1.0, 2.0, 4.0; 5
0.0, 2.0, 4.0; 11
1.0, 2.0, 4.0; 11
2.0, 2.0, 4.0; 4
3.0, 2.0, 4.0; 2
-9.0, 3.0, 4.0; 1
-8.0, 3.0, 4.0; 2
-7.0, 3.0, 4.0; 1
-6.0, 3.0, 4.0; 1
-5.0, 3.0, 4.0; 1
-4.0, 3.0, 4.0; 4
-3.0, 3.0, 4.0; 1
-2.0, 3.0, 4.0; 1
-1.0, 3.0, 4.0; 4
0.0, 3.0, 4.0; 6
1.0, 3.0, 4.0; 8
4.0, 3.0, 4.0; 1
5.0, 3.0, 4.0; 1
-7.0, 4.0, 4.0; 4
-6.0, 4.0, 4.0; 1
-5.0, 4.0, 4.0; 1
-4.0, 4.0, 4.0; 5
-3.0, 4.0, 4.0; 1
0.0, 4.0, 4.0; 1
1.0, 4.0, 4.0; 1
3.0, 4.0, 4.0; 1
-7.0, 5.0, 4.0; 1
-6.0, 5.0, 4.0; 10
-5.0, 5.0, 4.0; 9
-4.0, 5.0, 4.0; 9
-3.0, 5.0, 4.0; 7
-2.0, 5.0, 4.0; 3
-1.0, 5.0, 4.0; 4
0.0, 5.0, 4.0; 8
1.0, 5.0, 4.0; 4
3.0, 5.0, 4.0; 1
4.0, 5.0, 4.0; 2
-7.0, 6.0, 4.0; 2
-6.0, 6.0, 4.0; 1
-5.0, 6.0, 4.0; 9
-4.0, 6.0, 4.0; 11
-3.0, 6.0, 4.0; 16
-2.0, 6.0, 4.0; 7
-1.0, 6.0, 4.0; 4
0.0, 6.0, 4.0; 7
1.0, 6.0, 4.0; 3
2.0, 6.0, 4.0; 5
3.0, 6.0, 4.0; 2
5.0, 6.0, 4.0; 1
6.0, 6.0, 4.0; 1
-5.0, 7.0, 4.0; 4
-4.0, 7.0, 4.0; 1
-3.0, 7.0, 4.0; 8
-2.0, 7.0, 4.0; 6
-1.0, 7.0, 4.0; 4
0.0, 7.0, 4.0; 7
1.0, 7.0, 4.0; 4
2.0, 7.0, 4.0; 3
-3.0, 8.0, 4.0; 1
-2.0, 8.0, 4.0; 7
-1.0, 8.0, 4.0; 5
0.0, 8.0, 4.0; 5
-1.0, -9.0, 5.0; 1
-5.0, -8.0, 5.0; 1
-3.0, -8.0, 5.0; 1
-2.0, -8.0, 5.0; 3
-1.0, -8.0, 5.0; 2
0.0, -8.0, 5.0; 1
1.0, -8.0, 5.0; 2
3.0, -8.0, 5.0; 1
-5.0, -7.0, 5.0; 1
-4.0, -7.0, 5.0; 1
-3.0, -7.0, 5.0; 3
-2.0, -7.0, 5.0; 5
0.0, -7.0, 5.0; 2
1.0, -7.0, 5.0; 2
-6.0, -6.0, 5.0; 2
-4.0, -6.0, 5.0; 1
-3.0, -6.0, 5.0; 4
-2.0, -6.0, 5.0; 1
-1.0, -6.0, 5.0; 1
0.0, -6.0, 5.0; 1
1.0, -6.0, 5.0; 2
4.0, -6.0, 5.0; 1
-7.0, -5.0, 5.0; 1
-6.0, -5.0, 5.0; 3
-5.0, -5.0, 5.0; 1
-4.0, -5.0, 5.0; 8
-3.0, -5.0, 5.0; 1
-2.0, -5.0, 5.0; 1
-1.0, -5.0, 5.0; 1
0.0, -5.0, 5.0; 4
1.0, -5.0, 5.0; 2
-8.0, -4.0, 5.0; 1
-7.0, -4.0, 5.0; 1
-6.0, -4.0, 5.0; 3
-5.0, -4.0, 5.0; 2
-3.0, -4.0, 5.0; 1
-2.0, -4.0, 5.0; 1
-1.0, -4.0, 5.0; 2
1.0, -4.0, 5.0; 1
6.0, -4.0, 5.0; 1
-8.0, -3.0, 5.0; 1
-7.0, -3.0, 5.0; 1
-6.0, -3.0, 5.0; 1
-4.0, -3.0, 5.0; 1
-3.0, -3.0, 5.0; 1
-2.0, -3.0, 5.0; 1
1.0, -3.0, 5.0; 1
5.0, -3.0, 5.0; 1
6.0, -3.0, 5.0; 1
-7.0, -2.0, 5.0; 2
-6.0, -2.0, 5.0; 1
-4.0, -2.0, 5.0; 4
-3.0, -2.0, 5.0; 3
-2.0, -2.0, 5.0; 1
-1.0, -2.0, 5.0; 1
-9.0, -1.0, 5.0; 1
-8.0, -1.0, 5.0; 1
-7.0, -1.0, 5.0; 1
-6.0, -1.0, 5.0; 1
-3.0, -1.0, 5.0; 2
-1.0, -1.0, 5.0; 1
0.0, -1.0, 5.0; 1
1.0, -1.0, 5.0; 4
2.0, -1.0, 5.0; 2
4.0, -1.0, 5.0; 1
5.0, -1.0, 5.0; 1
-8.0, 0.0, 5.0; 3
-7.0, 0.0, 5.0; 2
-6.0, 0.0, 5.0; 2
-3.0, 0.0, 5.0; 2
-1.0, 0.0, 5.0; 1
0.0, 0.0, 5.0; 3
1.0, 0.0, 5.0; 1
2.0, 0.0, 5.0; 1
-8.0, 1.0, 5.0; 2
-6.0, 1.0, 5.0; 1
-5.0, 1.0, 5.0; 4
-2.0, 1.0, 5.0; 3
-1.0, 1.0, 5.0; 1
1.0, 1.0, 5.0; 4
3.0, 1.0, 5.0; 1
4.0, 1.0, 5.0; 1
-9.0, 2.0, 5.0; 1
-8.0, 2.0, 5.0; 1
-7.0, 2.0, 5.0; 1
-6.0, 2.0, 5.0; 5
-5.0, 2.0, 5.0; 1
-4.0, 2.0, 5.0; 2
-3.0, 2.0, 5.0; 1
-2.0, 2.0, 5.0; 5
-1.0, 2.0, 5.0; 4
0.0, 2.0, 5.0; 9
1.0, 2.0, 5.0; 1
-7.0, 3.0, 5.0; 1
-5.0, 3.0, 5.0; 2
-3.0, 3.0, 5.0; 4
-2.0, 3.0, 5.0; 6
-1.0, 3.0, 5.0; 4
0.0, 3.0, 5.0; 2
3.0, 3.0, 5.0; 1
4.0, 3.0, 5.0; 1
-7.0, 4.0, 5.0; 1
-6.0, 4.0, 5.0; 2
-5.0, 4.0, 5.0; 2
-4.0, 4.0, 5.0; 5
-3.0, 4.0, 5.0; 4
-2.0, 4.0, 5.0; 9
-1.0, 4.0, 5.0; 5
1.0, 4.0, 5.0; 2
2.0, 4.0, 5.0; 1
4.0, 4.0, 5.0; 1
6.0, 4.0, 5.0; 1
-7.0, 5.0, 5.0; 1
-6.0, 5.0, 5.0; 1
-5.0, 5.0, 5.0; 4
-4.0, 5.0, 5.0; 3
-3.0, 5.0, 5.0; 4
-2.0, 5.0, 5.0; 2
0.0, 5.0, 5.0; 2
1.0, 5.0, 5.0; 3
2.0, 5.0, 5.0; 3
-5.0, 6.0, 5.0; 2
-4.0, 6.0, 5.0; 4
-3.0, 6.0, 5.0; 2
-2.0, 6.0, 5.0; 1
-1.0, 6.0, 5.0; 2
0.0, 6.0, 5.0; 3
1.0, 6.0, 5.0; 2
2.0, 6.0, 5.0; 1
-4.0, 7.0, 5.0; 1
-3.0, 7.0, 5.0; 2
-2.0, 7.0, 5.0; 7
-1.0, 7.0, 5.0; 3
0.0, 7.0, 5.0; 1
-1.0, 8.0, 5.0; 1
0.0, 8.0, 5.0; 2
-2.0, -8.0, 6.0; 3
0.0, -8.0, 6.0; 2
2.0, -8.0, 6.0; 1
-5.0, -7.0, 6.0; 1
-3.0, -7.0, 6.0; 1
-2.0, -7.0, 6.0; 4
-1.0, -7.0, 6.0; 1
0.0, -7.0, 6.0; 1
1.0, -7.0, 6.0; 1
3.0, -7.0, 6.0; 1
-6.0, -6.0, 6.0; 1
-5.0, -6.0, 6.0; 2
-3.0, -6.0, 6.0; 2
-2.0, -6.0, 6.0; 2
-1.0, -6.0, 6.0; 2
1.0, -6.0, 6.0; 1
-4.0, -5.0, 6.0; 1
-3.0, -5.0, 6.0; 2
-1.0, -5.0, 6.0; 1
0.0, -5.0, 6.0; 1
4.0, -5.0, 6.0; 1
-7.0, -4.0, 6.0; 1
-6.0, -4.0, 6.0; 2
-5.0, -4.0, 6.0; 1
-4.0, -4.0, 6.0; 2
-3.0, -4.0, 6.0; 1
5.0, -4.0, 6.0; 1
-7.0, -3.0, 6.0; 2
-6.0, -3.0, 6.0; 1
-4.0, -3.0, 6.0; 2
-2.0, -3.0, 6.0; 1
-1.0, -3.0, 6.0; 1
-7.0, -2.0, 6.0; 4
-6.0, -2.0, 6.0; 2
-5.0, -2.0, 6.0; 1
-4.0, -2.0, 6.0; 1
-2.0, -2.0, 6.0; 1
-1.0, -2.0, 6.0; 1
0.0, -2.0, 6.0; 2
2.0, -2.0, 6.0; 1
3.0, -2.0, 6.0; 1
-6.0, -1.0, 6.0; 2
-5.0, -1.0, 6.0; 1
-4.0, -1.0, 6.0; 1
-2.0, -1.0, 6.0; 1
-1.0, -1.0, 6.0; 1
0.0, -1.0, 6.0; 7
1.0, -1.0, 6.0; 8
-8.0, 0.0, 6.0; 1
-7.0, 0.0, 6.0; 1
-6.0, 0.0, 6.0; 1
-5.0, 0.0, 6.0; 2
-4.0, 0.0, 6.0; 2
-2.0, 0.0, 6.0; 1
-1.0, 0.0, 6.0; 1
0.0, 0.0, 6.0; 3
1.0, 0.0, 6.0; 1
-6.0, 1.0, 6.0; 1
-3.0, 1.0, 6.0; 2
-2.0, 1.0, 6.0; 1
1.0, 1.0, 6.0; 2
-6.0, 2.0, 6.0; 2
-5.0, 2.0, 6.0; 2
-3.0, 2.0, 6.0; 2
-1.0, 2.0, 6.0; 1
-6.0, 3.0, 6.0; 2
-5.0, 3.0, 6.0; 3
-4.0, 3.0, 6.0; 1
-3.0, 3.0, 6.0; 1
-2.0, 3.0, 6.0; 1
-1.0, 3.0, 6.0; 1
2.0, 3.0, 6.0; 1
3.0, 3.0, 6.0; 2
-5.0, 4.0, 6.0; 2
-4.0, 4.0, 6.0; 2
-3.0, 4.0, 6.0; 1
-2.0, 4.0, 6.0; 1
-1.0, 4.0, 6.0; 1
0.0, 4.0, 6.0; 1
3.0, 4.0, 6.0; 2
-4.0, 5.0, 6.0; 1
-3.0, 5.0, 6.0; 3
-1.0, 5.0, 6.0; 1
2.0, 5.0, 6.0; 1
-3.0, 6.0, 6.0; 2
0.0, 6.0, 6.0; 3
2.0, 6.0, 6.0; 1
4.0, 6.0, 6.0; 1
-3.0, 7.0, 6.0; 1
-2.0, 7.0, 6.0; 1
0.0, 7.0, 6.0; 1
0.0, -7.0, 7.0; 1
-4.0, -6.0, 7.0; 1
-3.0, -6.0, 7.0; 1
-2.0, -6.0, 7.0; 3
-1.0, -6.0, 7.0; 2
1.0, -6.0, 7.0; 1
-6.0, -5.0, 7.0; 1
-5.0, -5.0, 7.0; 1
-4.0, -5.0, 7.0; 2
-3.0, -5.0, 7.0; 2
0.0, -5.0, 7.0; 1
-5.0, -4.0, 7.0; 2
-4.0, -4.0, 7.0; 1
-1.0, -4.0, 7.0; 1
-6.0, -3.0, 7.0; 2
-5.0, -3.0, 7.0; 2
-4.0, -3.0, 7.0; 1
-3.0, -3.0, 7.0; 3
-2.0, -3.0, 7.0; 1
4.0, -3.0, 7.0; 1
-5.0, -2.0, 7.0; 1
-2.0, -2.0, 7.0; 2
-4.0, -1.0, 7.0; 4
-3.0, -1.0, 7.0; 2
0.0, -1.0, 7.0; 3
1.0, -1.0, 7.0; 2
-5.0, 0.0, 7.0; 3
-4.0, 0.0, 7.0; 1
-3.0, 0.0, 7.0; 1
-2.0, 0.0, 7.0; 1
-1.0, 0.0, 7.0; 1
1.0, 0.0, 7.0; 1
-6.0, 1.0, 7.0; 2
-4.0, 1.0, 7.0; 2
-3.0, 1.0, 7.0; 2
4.0, 1.0, 7.0; 1
-6.0, 2.0, 7.0; 1
-4.0, 2.0, 7.0; 1
-3.0, 2.0, 7.0; 4
-2.0, 2.0, 7.0; 1
3.0, 2.0, 7.0; 1
4.0, 2.0, 7.0; 1
-4.0, 3.0, 7.0; 2
-3.0, 3.0, 7.0; 1
-2.0, 3.0, 7.0; 3
0.0, 3.0, 7.0; 1
1.0, 3.0, 7.0; 1
-6.0, 4.0, 7.0; 1
-5.0, 4.0, 7.0; 1
-4.0, 4.0, 7.0; 1
-3.0, 4.0, 7.0; 1
-2.0, 4.0, 7.0; 1
-1.0, 4.0, 7.0; 2
1.0, 4.0, 7.0; 1
4.0, 4.0, 7.0; 1
-3.0, 5.0, 7.0; 1
-1.0, 5.0, 7.0; 1
1.0, 5.0, 7.0; 1
2.0, 6.0, 7.0; 1
-3.0, -5.0, 8.0; 1
-2.0, -5.0, 8.0; 1
-4.0, -4.0, 8.0; 1
-3.0, -4.0, 8.0; 1
-1.0, -4.0, 8.0; 2
-4.0, -2.0, 8.0; 1
-2.0, -2.0, 8.0; 1
0.0, -1.0, 8.0; 1
-3.0, 0.0, 8.0; 1
2.0, 1.0, 8.0; 1
-3.0, 2.0, 8.0; 1
-2.0, 2.0, 8.0; 1
0.0, 2.0, 8.0; 2
-4.0, 3.0, 8.0; 1
0.0, 3.0, 8.0; 1
-3.0, 4.0, 8.0; 1
-2.0, 4.0, 8.0; 1
-1.0, 4.0, 8.0; 2
0.0, 5.0, 8.0; 1
2.0, 0.0, 9.0; 1
0.0, 3.0, 9.0; 1
-2.0, -4.0, -10.0; 2
0.0, -4.0, -10.0; 2
1.0, -4.0, -10.0; 1
-2.0, -3.0, -10.0; 1
0.0, -3.0, -10.0; 1
-3.0, -2.0, -10.0; 1
-2.0, -2.0, -10.0; 1
-1.0, -2.0, -10.0; 1
0.0, -2.0, -10.0; 1
3.0, -2.0, -10.0; 1
-3.0, -1.0, -10.0; 1
-2.0, -1.0, -10.0; 2
-1.0, -1.0, -10.0; 1
0.0, -1.0, -10.0; 1
1.0, -1.0, -10.0; 1
-3.0, 0.0, -10.0; 1
-1.0, 0.0, -10.0; 3
0.0, 0.0, -10.0; 1
1.0, 0.0, -10.0; 1
-4.0, 1.0, -10.0; 1
-3.0, 1.0, -10.0; 1
-2.0, 1.0, -10.0; 1
0.0, 1.0, -10.0; 1
1.0, 1.0, -10.0; 2
2.0, 1.0, -10.0; 3
-1.0, 2.0, -10.0; 1
3.0, 2.0, -10.0; 1
-2.0, 3.0, -10.0; 3
0.0, 3.0, -10.0; 1
1.0, 3.0, -10.0; 1
2.0, 3.0, -10.0; 1
0.0, -6.0, -9.0; 2
-2.0, -5.0, -9.0; 2
-1.0, -5.0, -9.0; 6
0.0, -5.0, -9.0; 2
1.0, -5.0, -9.0; 4
2.0, -5.0, -9.0; 2
3.0, -5.0, -9.0; 1
-2.0, -4.0, -9.0; 2
-1.0, -4.0, -9.0; 1
0.0, -4.0, -9.0; 2
1.0, -4.0, -9.0; 1
2.0, -4.0, -9.0; 1
-4.0, -3.0, -9.0; 1
-3.0, -3.0, -9.0; 2
-1.0, -3.0, -9.0; 1
0.0, -3.0, -9.0; 1
1.0, -3.0, -9.0; 3
2.0, -3.0, -9.0; 1
3.0, -3.0, -9.0; 2
4.0, -3.0, -9.0; 1
-5.0, -2.0, -9.0; 1
-4.0, -2.0, -9.0; 1
-3.0, -2.0, -9.0; 3
-2.0, -2.0, -9.0; 1
0.0, -2.0, -9.0; 2
1.0, -2.0, -9.0; 5
2.0, -2.0, -9.0; 2
3.0, -2.0, -9.0; 1
-4.0, -1.0, -9.0; 4
-3.0, -1.0, -9.0; 2
-2.0, -1.0, -9.0; 4
-1.0, -1.0, -9.0; 2
0.0, -1.0, -9.0; 3
1.0, -1.0, -9.0; 4
-5.0, 0.0, -9.0; 3
-4.0, 0.0, -9.0; 3
-3.0, 0.0, -9.0; 3
-2.0, 0.0, -9.0; 2
-1.0, 0.0, -9.0; 1
0.0, 0.0, -9.0; 7
1.0, 0.0, -9.0; 2
3.0, 0.0, -9.0; 1
4.0, 0.0, -9.0; 1
5.0, 0.0, -9.0; 1
-5.0, 1.0, -9.0; 2
-4.0, 1.0, -9.0; 4
-3.0, 1.0, -9.0; 4
-2.0, 1.0, -9.0; 4
-1.0, 1.0, -9.0; 5
0.0, 1.0, -9.0; 2
1.0, 1.0, -9.0; 2
2.0, 1.0, -9.0; 1
3.0, 1.0, -9.0; 2
4.0, 1.0, -9.0; 1
-5.0, 2.0, -9.0; 1
-4.0, 2.0, -9.0; 2
-3.0, 2.0, -9.0; 8
-2.0, 2.0, -9.0; 2
-1.0, 2.0, -9.0; 3
1.0, 2.0, -9.0; 3
2.0, 2.0, -9.0; 2
3.0, 2.0, -9.0; 2
4.0, 2.0, -9.0; 2
-4.0, 3.0, -9.0; 4
-3.0, 3.0, -9.0; 2
-1.0, 3.0, -9.0; 1
0.0, 3.0, -9.0; 1
1.0, 3.0, -9.0; 2
2.0, 3.0, -9.0; 2
3.0, 3.0, -9.0; 2
-3.0, 4.0, -9.0; 1
-2.0, 4.0, -9.0; 1
-1.0, 4.0, -9.0; 1
0.0, 4.0, -9.0; 3
-3.0, 5.0, -9.0; 1
1.0, 5.0, -9.0; 1
-3.0, -7.0, -8.0; 3
-2.0, -7.0, -8.0; 5
-1.0, -7.0, -8.0; 5
0.0, -7.0, -8.0; 4
1.0, -7.0, -8.0; 6
2.0, -7.0, -8.0; 3
-4.0, -6.0, -8.0; 2
-3.0, -6.0, -8.0; 5
-2.0, -6.0, -8.0; 1
-1.0, -6.0, -8.0; 4
0.0, -6.0, -8.0; 2
1.0, -6.0, -8.0; 5
2.0, -6.0, -8.0; 1
3.0, -6.0, -8.0; 2
-5.0, -5.0, -8.0; 1
-4.0, -5.0, -8.0; 4
-3.0, -5.0, -8.0; 2
-2.0, -5.0, -8.0; 2
-1.0, -5.0, -8.0; 2
0.0, -5.0, -8.0; 4
1.0, -5.0, -8.0; 4
2.0, -5.0, -8.0; 6
3.0, -5.0, -8.0; 4
5.0, -5.0, -8.0; 2
-6.0, -4.0, -8.0; 2
-5.0, -4.0, -8.0; 2
-4.0, -4.0, -8.0; 5
-3.0, -4.0, -8.0; 5
-2.0, -4.0, -8.0; 2
-1.0, -4.0, -8.0; 1
0.0, -4.0, -8.0; 2
1.0, -4.0, -8.0; 3
2.0, -4.0, -8.0; 3
3.0, -4.0, -8.0; 2
4.0, -4.0, -8.0; 2
-5.0, -3.0, -8.0; 3
-4.0, -3.0, -8.0; 7
-3.0, -3.0, -8.0; 8
-2.0, -3.0, -8.0; 1
-1.0, -3.0, -8.0; 1
1.0, -3.0, -8.0; 1
2.0, -3.0, -8.0; 1
3.0, -3.0, -8.0; 1
4.0, -3.0, -8.0; 2
-7.0, -2.0, -8.0; 1
-5.0, -2.0, -8.0; 2
-4.0, -2.0, -8.0; 4
-3.0, -2.0, -8.0; 5
-2.0, -2.0, -8.0; 2
-1.0, -2.0, -8.0; 4
0.0, -2.0, -8.0; 1
1.0, -2.0, -8.0; 1
2.0, -2.0, -8.0; 2
3.0, -2.0, -8.0; 1
5.0, -2.0, -8.0; 1
6.0, -2.0, -8.0; 1
-6.0, -1.0, -8.0; 3
-5.0, -1.0, -8.0; 1
-4.0, -1.0, -8.0; 6
-3.0, -1.0, -8.0; 5
-2.0, -1.0, -8.0; 3
-1.0, -1.0, -8.0; 1
1.0, -1.0, -8.0; 2
2.0, -1.0, -8.0; 4
3.0, -1.0, -8.0; 2
6.0, -1.0, -8.0; 1
-6.0, 0.0, -8.0; 6
-5.0, 0.0, -8.0; 3
-4.0, 0.0, -8.0; 3
-3.0, 0.0, -8.0; 1
-2.0, 0.0, -8.0; 3
-1.0, 0.0, -8.0; 1
0.0, 0.0, -8.0; 4
1.0, 0.0, -8.0; 4
2.0, 0.0, -8.0; 4
3.0, 0.0, -8.0; 1
4.0, 0.0, -8.0; 1
-7.0, 1.0, -8.0; 1
-6.0, 1.0, -8.0; 4
-5.0, 1.0, -8.0; 4
-4.0, 1.0, -8.0; 3
-3.0, 1.0, -8.0; 3
-2.0, 1.0, -8.0; 6
0.0, 1.0, -8.0; 2
1.0, 1.0, -8.0; 3
3.0, 1.0, -8.0; 2
4.0, 1.0, -8.0; 1
5.0, 1.0, -8.0; 1
6.0, 1.0, -8.0; 2
-7.0, 2.0, -8.0; 1
-6.0, 2.0, -8.0; 2
-5.0, 2.0, -8.0; 2
-3.0, 2.0, -8.0; 9
-2.0, 2.0, -8.0; 3
-1.0, 2.0, -8.0; 1
0.0, 2.0, -8.0; 3
1.0, 2.0, -8.0; 3
2.0, 2.0, -8.0; 4
-6.0, 3.0, -8.0; 5
-5.0, 3.0, -8.0; 1
-4.0, 3.0, -8.0; 3
-3.0, 3.0, -8.0; 6
-2.0, 3.0, -8.0; 2
-1.0, 3.0, -8.0; 3
0.0, 3.0, -8.0; 3
1.0, 3.0, -8.0; 2
2.0, 3.0, -8.0; 3
3.0, 3.0, -8.0; 1
4.0, 3.0, -8.0; 1
-5.0, 4.0, -8.0; 2
-4.0, 4.0, -8.0; 3
-3.0, 4.0, -8.0; 1
-2.0, 4.0, -8.0; 5
-1.0, 4.0, -8.0; 4
0.0, 4.0, -8.0; 1
1.0, 4.0, -8.0; 4
2.0, 4.0, -8.0; 2
3.0, 4.0, -8.0; 2
4.0, 4.0, -8.0; 2
-3.0, 5.0, -8.0; 1
-2.0, 5.0, -8.0; 4
-1.0, 5.0, -8.0; 4
-1.0, 6.0, -8.0; 2
0.0, 6.0, -8.0; 1
1.0, 6.0, -8.0; 1
-3.0, -8.0, -7.0; 2
-2.0, -8.0, -7.0; 10
0.0, -8.0, -7.0; 8
1.0, -8.0, -7.0; 3
-4.0, -7.0, -7.0; 3
-3.0, -7.0, -7.0; 8
-2.0, -7.0, -7.0; 10
-1.0, -7.0, -7.0; 8
0.0, -7.0, -7.0; 3
1.0, -7.0, -7.0; 8
2.0, -7.0, -7.0; 4
3.0, -7.0, -7.0; 2
4.0, -7.0, -7.0; 1
-6.0, -6.0, -7.0; 1
-5.0, -6.0, -7.0; 1
-4.0, -6.0, -7.0; 6
-3.0, -6.0, -7.0; 8
-2.0, -6.0, -7.0; 15
-1.0, -6.0, -7.0; 3
0.0, -6.0, -7.0; 4
1.0, -6.0, -7.0; 7
2.0, -6.0, -7.0; 5
3.0, -6.0, -7.0; 4
4.0, -6.0, -7.0; 2
-6.0, -5.0, -7.0; 6
-5.0, -5.0, -7.0; 9
-4.0, -5.0, -7.0; 10
-3.0, -5.0, -7.0; 5
-2.0, -5.0, -7.0; 1
-1.0, -5.0, -7.0; 4
0.0, -5.0, -7.0; 5
1.0, -5.0, -7.0; 2
2.0, -5.0, -7.0; 4
3.0, -5.0, -7.0; 1
4.0, -5.0, -7.0; 3
-7.0, -4.0, -7.0; 2
-6.0, -4.0, -7.0; 7
-5.0, -4.0, -7.0; 7
-4.0, -4.0, -7.0; 6
-3.0, -4.0, -7.0; 4
-2.0, -4.0, -7.0; 7
-1.0, -4.0, -7.0; 3
0.0, -4.0, -7.0; 1
2.0, -4.0, -7.0; 1
-8.0, -3.0, -7.0; 2
-7.0, -3.0, -7.0; 1
-6.0, -3.0, -7.0; 8
-5.0, -3.0, -7.0; 13
-4.0, -3.0, -7.0; 2
-3.0, -3.0, -7.0; 7
-2.0, -3.0, -7.0; 4
-1.0, -3.0, -7.0; 4
0.0, -3.0, -7.0; 1
1.0, -3.0, -7.0; 2
2.0, -3.0, -7.0; 1
3.0, -3.0, -7.0; 1
4.0, -3.0, -7.0; 2
-8.0, -2.0, -7.0; 2
-7.0, -2.0, -7.0; 1
-6.0, -2.0, -7.0; 6
-5.0, -2.0, -7.0; 7
-4.0, -2.0, -7.0; 3
-3.0, -2.0, -7.0; 1
-2.0, -2.0, -7.0; 3
-1.0, -2.0, -7.0; 4
2.0, -2.0, -7.0; 1
3.0, -2.0, -7.0; 4
5.0, -2.0, -7.0; 1
6.0, -2.0, -7.0; 1
-8.0, -1.0, -7.0; 1
-7.0, -1.0, -7.0; 2
-6.0, -1.0, -7.0; 4
-5.0, -1.0, -7.0; 10
-4.0, -1.0, -7.0; 5
-2.0, -1.0, -7.0; 1
-1.0, -1.0, -7.0; 2
0.0, -1.0, -7.0; 2
1.0, -1.0, -7.0; 1
2.0, -1.0, -7.0; 3
3.0, -1.0, -7.0; 4
5.0, -1.0, -7.0; 1
6.0, -1.0, -7.0; 1
7.0, -1.0, -7.0; 2
-7.0, 0.0, -7.0; 2
-6.0, 0.0, -7.0; 4
-5.0, 0.0, -7.0; 8
-4.0, 0.0, -7.0; 1
-3.0, 0.0, -7.0; 2
-1.0, 0.0, -7.0; 1
0.0, 0.0, -7.0; 1
1.0, 0.0, -7.0; 1
2.0, 0.0, -7.0; 6
3.0, 0.0, -7.0; 2
5.0, 0.0, -7.0; 1
6.0, 0.0, -7.0; 2
7.0, 0.0, -7.0; 1
-8.0, 1.0, -7.0; 3
-7.0, 1.0, -7.0; 2
-6.0, 1.0, -7.0; 7
-5.0, 1.0, -7.0; 7
-4.0, 1.0, -7.0; 1
-2.0, 1.0, -7.0; 1
-1.0, 1.0, -7.0; 1
0.0, 1.0, -7.0; 2
1.0, 1.0, -7.0; 3
3.0, 1.0, -7.0; 1
4.0, 1.0, -7.0; 3
5.0, 1.0, -7.0; 2
-7.0, 2.0, -7.0; 3
-6.0, 2.0, -7.0; 3
-5.0, 2.0, -7.0; 2
-4.0, 2.0, -7.0; 5
-3.0, 2.0, -7.0; 2
-2.0, 2.0, -7.0; 1
-1.0, 2.0, -7.0; 1
0.0, 2.0, -7.0; 1
1.0, 2.0, -7.0; 2
2.0, 2.0, -7.0; 2
4.0, 2.0, -7.0; 1
5.0, 2.0, -7.0; 1
-7.0, 3.0, -7.0; 1
-6.0, 3.0, -7.0; 1
-5.0, 3.0, -7.0; 2
-4.0, 3.0, -7.0; 1
-3.0, 3.0, -7.0; 1
-2.0, 3.0, -7.0; 1
1.0, 3.0, -7.0; 2
3.0, 3.0, -7.0; 4
4.0, 3.0, -7.0; 1
-6.0, 4.0, -7.0; 6
-5.0, 4.0, -7.0; 6
-4.0, 4.0, -7.0; 2
-3.0, 4.0, -7.0; 4
-2.0, 4.0, -7.0; 1
-1.0, 4.0, -7.0; 2
0.0, 4.0, -7.0; 1
1.0, 4.0, -7.0; 1
3.0, 4.0, -7.0; 1
4.0, 4.0, -7.0; 2
6.0, 4.0, -7.0; 1
-6.0, 5.0, -7.0; 1
-5.0, 5.0, -7.0; 1
-4.0, 5.0, -7.0; 8
-3.0, 5.0, -7.0; 6
-2.0, 5.0, -7.0; 8
-1.0, 5.0, -7.0; 2
0.0, 5.0, -7.0; 3
1.0, 5.0, -7.0; 5
2.0, 5.0, -7.0; 2
3.0, 5.0, -7.0; 5
4.0, 5.0, -7.0; 1
-5.0, 6.0, -7.0; 1
-4.0, 6.0, -7.0; 1
-3.0, 6.0, -7.0; 4
-2.0, 6.0, -7.0; 3
-1.0, 6.0, -7.0; 3
0.0, 6.0, -7.0; 4
1.0, 6.0, -7.0; 2
0.0, 7.0, -7.0; 1
-2.0, -9.0, -6.0; 3
0.0, -9.0, -6.0; 1
1.0, -9.0, -6.0; 2
2.0, -9.0, -6.0; 1
-4.0, -8.0, -6.0; 2
-3.0, -8.0, -6.0; 5
-2.0, -8.0, -6.0; 63
-1.0, -8.0, -6.0; 62
0.0, -8.0, -6.0; 19
1.0, -8.0, -6.0; 3
2.0, -8.0, -6.0; 5
3.0, -8.0, -6.0; 2
4.0, -8.0, -6.0; 1
-5.0, -7.0, -6.0; 3
-4.0, -7.0, -6.0; 6
-3.0, -7.0, -6.0; 38
-2.0, -7.0, -6.0; 127
-1.0, -7.0, -6.0; 104
0.0, -7.0, -6.0; 11
1.0, -7.0, -6.0; 13
2.0, -7.0, -6.0; 5
3.0, -7.0, -6.0; 1
-7.0, -6.0, -6.0; 2
-6.0, -6.0, -6.0; 7
-5.0, -6.0, -6.0; 10
-4.0, -6.0, -6.0; 7
-3.0, -6.0, -6.0; 18
-2.0, -6.0, -6.0; 32
-1.0, -6.0, -6.0; 23
0.0, -6.0, -6.0; 10
1.0, -6.0, -6.0; 5
2.0, -6.0, -6.0; 6
3.0, -6.0, -6.0; 4
4.0, -6.0, -6.0; 3
5.0, -6.0, -6.0; 1
-6.0, -5.0, -6.0; 8
-5.0, -5.0, -6.0; 4
-4.0, -5.0, -6.0; 7
-3.0, -5.0, -6.0; 17
-2.0, -5.0, -6.0; 13
-1.0, -5.0, -6.0; 5
0.0, -5.0, -6.0; 5
1.0, -5.0, -6.0; 6
2.0, -5.0, -6.0; 1
4.0, -5.0, -6.0; 2
5.0, -5.0, -6.0; 1
-8.0, -4.0, -6.0; 1
-7.0, -4.0, -6.0; 5
-6.0, -4.0, -6.0; 10
-5.0, -4.0, -6.0; 6
-4.0, -4.0, -6.0; 9
-3.0, -4.0, -6.0; 26
-2.0, -4.0, -6.0; 11
-1.0, -4.0, -6.0; 6
0.0, -4.0, -6.0; 11
2.0, -4.0, -6.0; 1
3.0, -4.0, -6.0; 2
4.0, -4.0, -6.0; 1
5.0, -4.0, -6.0; 1
-9.0, -3.0, -6.0; 1
-8.0, -3.0, -6.0; 2
-7.0, -3.0, -6.0; 9
-6.0, -3.0, -6.0; 8
-5.0, -3.0, -6.0; 2
-4.0, -3.0, -6.0; 9
-3.0, -3.0, -6.0; 3
-2.0, -3.0, -6.0; 9
-1.0, -3.0, -6.0; 22
0.0, -3.0, -6.0; 36
1.0, -3.0, -6.0; 18
2.0, -3.0, -6.0; 5
4.0, -3.0, -6.0; 1
5.0, -3.0, -6.0; 2
6.0, -3.0, -6.0; 1
7.0, -3.0, -6.0; 1
-9.0, -2.0, -6.0; 2
-8.0, -2.0, -6.0; 1
-7.0, -2.0, -6.0; 1
-6.0, -2.0, -6.0; 3
-5.0, -2.0, -6.0; 1
-4.0, -2.0, -6.0; 1
-3.0, -2.0, -6.0; 13
-2.0, -2.0, -6.0; 41
-1.0, -2.0, -6.0; 76
0.0, -2.0, -6.0; 56
1.0, -2.0, -6.0; 13
2.0, -2.0, -6.0; 1
3.0, -2.0, -6.0; 2
4.0, -2.0, -6.0; 5
6.0, -2.0, -6.0; 1
8.0, -2.0, -6.0; 1
-9.0, -1.0, -6.0; 1
-8.0, -1.0, -6.0; 1
-7.0, -1.0, -6.0; 6
-6.0, -1.0, -6.0; 7
-5.0, -1.0, -6.0; 4
-4.0, -1.0, -6.0; 2
-3.0, -1.0, -6.0; 11
-2.0, -1.0, -6.0; 71
-1.0, -1.0, -6.0; 29
0.0, -1.0, -6.0; 10
1.0, -1.0, -6.0; 3
3.0, -1.0, -6.0; 6
4.0, -1.0, -6.0; 3
5.0, -1.0, -6.0; 1
6.0, -1.0, -6.0; 1
8.0, -1.0, -6.0; 1
-8.0, 0.0, -6.0; 2
-7.0, 0.0, -6.0; 3
-6.0, 0.0, -6.0; 2
-5.0, 0.0, -6.0; 1
-3.0, 0.0, -6.0; 2
-2.0, 0.0, -6.0; 5
-1.0, 0.0, -6.0; 6
0.0, 0.0, -6.0; 2
1.0, 0.0, -6.0; 1
2.0, 0.0, -6.0; 2
3.0, 0.0, -6.0; 9
5.0, 0.0, -6.0; 1
6.0, 0.0, -6.0; 1
7.0, 0.0, -6.0; 2
-9.0, 1.0, -6.0; 5
-8.0, 1.0, -6.0; 2
-7.0, 1.0, -6.0; 5
-6.0, 1.0, -6.0; 5
-5.0, 1.0, -6.0; 1
-4.0, 1.0, -6.0; 1
-3.0, 1.0, -6.0; 2
-2.0, 1.0, -6.0; 7
-1.0, 1.0, -6.0; 7
0.0, 1.0, -6.0; 5
2.0, 1.0, -6.0; 3
3.0, 1.0, -6.0; 6
-8.0, 2.0, -6.0; 4
-7.0, 2.0, -6.0; 4
-6.0, 2.0, -6.0; 3
-5.0, 2.0, -6.0; 4
-4.0, 2.0, -6.0; 8
-3.0, 2.0, -6.0; 7
-2.0, 2.0, -6.0; 10
-1.0, 2.0, -6.0; 10
0.0, 2.0, -6.0; 3
1.0, 2.0, -6.0; 2
2.0, 2.0, -6.0; 1
3.0, 2.0, -6.0; 3
4.0, 2.0, -6.0; 2
5.0, 2.0, -6.0; 2
7.0, 2.0, -6.0; 1
-8.0, 3.0, -6.0; 2
-7.0, 3.0, -6.0; 3
-6.0, 3.0, -6.0; 5
-5.0, 3.0, -6.0; 1
-4.0, 3.0, -6.0; 5
-3.0, 3.0, -6.0; 12
-2.0, 3.0, -6.0; 6
-1.0, 3.0, -6.0; 1
0.0, 3.0, -6.0; 2
2.0, 3.0, -6.0; 2
3.0, 3.0, -6.0; 3
4.0, 3.0, -6.0; 1
5.0, 3.0, -6.0; 2
7.0, 3.0, -6.0; 1
-8.0, 4.0, -6.0; 1
-7.0, 4.0, -6.0; 7
-6.0, 4.0, -6.0; 5
-5.0, 4.0, -6.0; 4
-4.0, 4.0, -6.0; 3
-3.0, 4.0, -6.0; 4
-2.0, 4.0, -6.0; 5
-1.0, 4.0, -6.0; 8
0.0, 4.0, -6.0; 2
1.0, 4.0, -6.0; 1
2.0, 4.0, -6.0; 1
3.0, 4.0, -6.0; 4
4.0, 4.0, -6.0; 4
5.0, 4.0, -6.0; 3
6.0, 4.0, -6.0; 1
-7.0, 5.0, -6.0; 2
-6.0, 5.0, -6.0; 5
-5.0, 5.0, -6.0; 10
-4.0, 5.0, -6.0; 4
-3.0, 5.0, -6.0; 3
-2.0, 5.0, -6.0; 6
0.0, 5.0, -6.0; 1
2.0, 5.0, -6.0; 1
3.0, 5.0, -6.0; 2
5.0, 5.0, -6.0; 1
6.0, 5.0, -6.0; 1
-5.0, 6.0, -6.0; 1
-4.0, 6.0, -6.0; 4
-3.0, 6.0, -6.0; 9
-2.0, 6.0, -6.0; 7
-1.0, 6.0, -6.0; 3
0.0, 6.0, -6.0; 6
1.0, 6.0, -6.0; 3
2.0, 6.0, -6.0; 1
3.0, 6.0, -6.0; 2
-3.0, 7.0, -6.0; 3
-2.0, 7.0, -6.0; 6
-1.0, 7.0, -6.0; 2
0.0, 7.0, -6.0; 4
1.0, 7.0, -6.0; 2
2.0, 7.0, -6.0; 1
-1.0, 8.0, -6.0; 2
0.0, 8.0, -6.0; 6
1.0, 8.0, -6.0; 4
-3.0, -9.0, -5.0; 2
-2.0, -9.0, -5.0; 1
-1.0, -9.0, -5.0; 7
0.0, -9.0, -5.0; 4
1.0, -9.0, -5.0; 2
2.0, -9.0, -5.0; 6
3.0, -9.0, -5.0; 2
-5.0, -8.0, -5.0; 1
-4.0, -8.0, -5.0; 2
-3.0, -8.0, -5.0; 14
-2.0, -8.0, -5.0; 206
-1.0, -8.0, -5.0; 404
0.0, -8.0, -5.0; 36
1.0, -8.0, -5.0; 12
2.0, -8.0, -5.0; 4
3.0, -8.0, -5.0; 4
4.0, -8.0, -5.0; 1
-7.0, -7.0, -5.0; 1
-6.0, -7.0, -5.0; 1
-5.0, -7.0, -5.0; 14
-4.0, -7.0, -5.0; 7
-3.0, -7.0, -5.0; 7
-2.0, -7.0, -5.0; 43
-1.0, -7.0, -5.0; 54
0.0, -7.0, -5.0; 30
1.0, -7.0, -5.0; 17
2.0, -7.0, -5.0; 15
3.0, -7.0, -5.0; 3
4.0, -7.0, -5.0; 3
5.0, -7.0, -5.0; 1
-8.0, -6.0, -5.0; 1
-7.0, -6.0, -5.0; 6
-6.0, -6.0, -5.0; 9
-5.0, -6.0, -5.0; 4
-4.0, -6.0, -5.0; 5
-3.0, -6.0, -5.0; 2
-2.0, -6.0, -5.0; 3
-1.0, -6.0, -5.0; 10
0.0, -6.0, -5.0; 14
1.0, -6.0, -5.0; 18
2.0, -6.0, -5.0; 12
3.0, -6.0, -5.0; 6
4.0, -6.0, -5.0; 3
6.0, -6.0, -5.0; 1
-8.0, -5.0, -5.0; 3
-7.0, -5.0, -5.0; 6
-6.0, -5.0, -5.0; 6
-4.0, -5.0, -5.0; 2
-3.0, -5.0, -5.0; 5
-2.0, -5.0, -5.0; 3
-1.0, -5.0, -5.0; 4
0.0, -5.0, -5.0; 4
1.0, -5.0, -5.0; 11
2.0, -5.0, -5.0; 4
3.0, -5.0, -5.0; 1
4.0, -5.0, -5.0; 7
5.0, -5.0, -5.0; 2
-8.0, -4.0, -5.0; 4
-7.0, -4.0, -5.0; 4
-6.0, -4.0, -5.0; 5
-5.0, -4.0, -5.0; 3
-4.0, -4.0, -5.0; 10
-3.0, -4.0, -5.0; 60
-2.0, -4.0, -5.0; 106
-1.0, -4.0, -5.0; 23
0.0, -4.0, -5.0; 14
1.0, -4.0, -5.0; 73
2.0, -4.0, -5.0; 8
3.0, -4.0, -5.0; 1
5.0, -4.0, -5.0; 1
6.0, -4.0, -5.0; 2
-9.0, -3.0, -5.0; 1
-8.0, -3.0, -5.0; 9
-7.0, -3.0, -5.0; 14
-6.0, -3.0, -5.0; 3
-5.0, -3.0, -5.0; 4
-4.0, -3.0, -5.0; 61
-3.0, -3.0, -5.0; 835
-2.0, -3.0, -5.0; 562
-1.0, -3.0, -5.0; 6
0.0, -3.0, -5.0; 74
1.0, -3.0, -5.0; 701
2.0, -3.0, -5.0; 42
3.0, -3.0, -5.0; 3
4.0, -3.0, -5.0; 3
6.0, -3.0, -5.0; 2
7.0, -3.0, -5.0; 1
8.0, -3.0, -5.0; 1
-9.0, -2.0, -5.0; 3
-8.0, -2.0, -5.0; 5
-7.0, -2.0, -5.0; 2
-6.0, -2.0, -5.0; 2
-5.0, -2.0, -5.0; 8
-4.0, -2.0, -5.0; 14
-3.0, -2.0, -5.0; 141
-2.0, -2.0, -5.0; 41
-1.0, -2.0, -5.0; 18
0.0, -2.0, -5.0; 30
1.0, -2.0, -5.0; 57
2.0, -2.0, -5.0; 15
3.0, -2.0, -5.0; 1
4.0, -2.0, -5.0; 7
8.0, -2.0, -5.0; 2
-9.0, -1.0, -5.0; 3
-8.0, -1.0, -5.0; 4
-7.0, -1.0, -5.0; 6
-6.0, -1.0, -5.0; 5
-5.0, -1.0, -5.0; 3
-4.0, -1.0, -5.0; 12
-3.0, -1.0, -5.0; 33
-2.0, -1.0, -5.0; 53
-1.0, -1.0, -5.0; 29
0.0, -1.0, -5.0; 6
1.0, -1.0, -5.0; 4
2.0, -1.0, -5.0; 4
4.0, -1.0, -5.0; 10
5.0, -1.0, -5.0; 2
-9.0, 0.0, -5.0; 4
-8.0, 0.0, -5.0; 2
-7.0, 0.0, -5.0; 6
-5.0, 0.0, -5.0; 3
-4.0, 0.0, -5.0; 20
-3.0, 0.0, -5.0; 31
-2.0, 0.0, -5.0; 20
-1.0, 0.0, -5.0; 4
1.0, 0.0, -5.0; 1
3.0, 0.0, -5.0; 2
4.0, 0.0, -5.0; 7
5.0, 0.0, -5.0; 3
-9.0, 1.0, -5.0; 2
-8.0, 1.0, -5.0; 3
-7.0, 1.0, -5.0; 3
-6.0, 1.0, -5.0; 1
-5.0, 1.0, -5.0; 8
-4.0, 1.0, -5.0; 18
-3.0, 1.0, -5.0; 8
-2.0, 1.0, -5.0; 2
0.0, 1.0, -5.0; 4
1.0, 1.0, -5.0; 2
2.0, 1.0, -5.0; 4
3.0, 1.0, -5.0; 5
4.0, 1.0, -5.0; 3
5.0, 1.0, -5.0; 2
6.0, 1.0, -5.0; 1
7.0, 1.0, -5.0; 1
-8.0, 2.0, -5.0; 5
-6.0, 2.0, -5.0; 3
-5.0, 2.0, -5.0; 8
-4.0, 2.0, -5.0; 11
-3.0, 2.0, -5.0; 10
-2.0, 2.0, -5.0; 8
-1.0, 2.0, -5.0; 18
0.0, 2.0, -5.0; 8
1.0, 2.0, -5.0; 14
2.0, 2.0, -5.0; 2
3.0, 2.0, -5.0; 5
4.0, 2.0, -5.0; 5
7.0, 2.0, -5.0; 1
8.0, 2.0, -5.0; 1
-8.0, 3.0, -5.0; 5
-7.0, 3.0, -5.0; 1
-6.0, 3.0, -5.0; 2
-5.0, 3.0, -5.0; 7
-4.0, 3.0, -5.0; 4
-3.0, 3.0, -5.0; 6
-2.0, 3.0, -5.0; 12
-1.0, 3.0, -5.0; 26
0.0, 3.0, -5.0; 28
1.0, 3.0, -5.0; 5
2.0, 3.0, -5.0; 2
3.0, 3.0, -5.0; 6
4.0, 3.0, -5.0; 7
6.0, 3.0, -5.0; 1
7.0, 3.0, -5.0; 1
-8.0, 4.0, -5.0; 5
-7.0, 4.0, -5.0; 6
-6.0, 4.0, -5.0; 2
-5.0, 4.0, -5.0; 1
-4.0, 4.0, -5.0; 1
-3.0, 4.0, -5.0; 5
-2.0, 4.0, -5.0; 9
-1.0, 4.0, -5.0; 10
0.0, 4.0, -5.0; 2
2.0, 4.0, -5.0; 2
3.0, 4.0, -5.0; 2
4.0, 4.0, -5.0; 2
5.0, 4.0, -5.0; 1
6.0, 4.0, -5.0; 2
-8.0, 5.0, -5.0; 1
-7.0, 5.0, -5.0; 3
-6.0, 5.0, -5.0; 5
-5.0, 5.0, -5.0; 12
-4.0, 5.0, -5.0; 3
-3.0, 5.0, -5.0; 3
-2.0, 5.0, -5.0; 6
-1.0, 5.0, -5.0; 1
0.0, 5.0, -5.0; 3
1.0, 5.0, -5.0; 2
2.0, 5.0, -5.0; 3
3.0, 5.0, -5.0; 2
4.0, 5.0, -5.0; 2
5.0, 5.0, -5.0; 1
6.0, 5.0, -5.0; 1
7.0, 5.0, -5.0; 2
-6.0, 6.0, -5.0; 5
-5.0, 6.0, -5.0; 2
-4.0, 6.0, -5.0; 10
-3.0, 6.0, -5.0; 5
-2.0, 6.0, -5.0; 5
-1.0, 6.0, -5.0; 2
1.0, 6.0, -5.0; 2
2.0, 6.0, -5.0; 3
3.0, 6.0, -5.0; 3
4.0, 6.0, -5.0; 1
5.0, 6.0, -5.0; 3
-4.0, 7.0, -5.0; 3
-3.0, 7.0, -5.0; 9
-2.0, 7.0, -5.0; 3
-1.0, 7.0, -5.0; 1
0.0, 7.0, -5.0; 3
1.0, 7.0, -5.0; 8
2.0, 7.0, -5.0; 6
3.0, 7.0, -5.0; 3
-4.0, 8.0, -5.0; 1
-3.0, 8.0, -5.0; 1
-2.0, 8.0, -5.0; 4
-1.0, 8.0, -5.0; 11
0.0, 8.0, -5.0; 5
1.0, 8.0, -5.0; 3
2.0, 8.0, -5.0; 4
3.0, 8.0, -5.0; 2
-1.0, 9.0, -5.0; 1
-2.0, -10.0, -4.0; 2
-1.0, -10.0, -4.0; 7
0.0, -10.0, -4.0; 5
1.0, -10.0, -4.0; 4
-5.0, -9.0, -4.0; 1
-4.0, -9.0, -4.0; 1
-3.0, -9.0, -4.0; 4
-2.0, -9.0, -4.0; 8
-1.0, -9.0, -4.0; 8
0.0, -9.0, -4.0; 7
1.0, -9.0, -4.0; 6
2.0, -9.0, -4.0; 4
-6.0, -8.0, -4.0; 4
-5.0, -8.0, -4.0; 2
-4.0, -8.0, -4.0; 5
-3.0, -8.0, -4.0; 2
-2.0, -8.0, -4.0; 24
-1.0, -8.0, -4.0; 60
0.0, -8.0, -4.0; 18
1.0, -8.0, -4.0; 11
2.0, -8.0, -4.0; 5
3.0, -8.0, -4.0; 7
4.0, -8.0, -4.0; 5
5.0, -8.0, -4.0; 2
-7.0, -7.0, -4.0; 7
-6.0, -7.0, -4.0; 6
-3.0, -7.0, -4.0; 4
-2.0, -7.0, -4.0; 3
-1.0, -7.0, -4.0; 12
0.0, -7.0, -4.0; 29
1.0, -7.0, -4.0; 28
2.0, -7.0, -4.0; 7
3.0, -7.0, -4.0; 8
4.0, -7.0, -4.0; 1
5.0, -7.0, -4.0; 5
6.0, -7.0, -4.0; 2
-8.0, -6.0, -4.0; 3
-7.0, -6.0, -4.0; 8
-5.0, -6.0, -4.0; 2
-3.0, -6.0, -4.0; 1
-2.0, -6.0, -4.0; 4
-1.0, -6.0, -4.0; 8
0.0, -6.0, -4.0; 18
1.0, -6.0, -4.0; 53
2.0, -6.0, -4.0; 17
3.0, -6.0, -4.0; 7
4.0, -6.0, -4.0; 2
5.0, -6.0, -4.0; 3
7.0, -6.0, -4.0; 1
-8.0, -5.0, -4.0; 6
-7.0, -5.0, -4.0; 4
-6.0, -5.0, -4.0; 1
-4.0, -5.0, -4.0; 6
-3.0, -5.0, -4.0; 4
-2.0, -5.0, -4.0; 22
-1.0, -5.0, -4.0; 75
0.0, -5.0, -4.0; 15
1.0, -5.0, -4.0; 34
2.0, -5.0, -4.0; 12
5.0, -5.0, -4.0; 1
7.0, -5.0, -4.0; 2
-9.0, -4.0, -4.0; 6
-8.0, -4.0, -4.0; 3
-6.0, -4.0, -4.0; 2
-5.0, -4.0, -4.0; 15
-4.0, -4.0, -4.0; 108
-3.0, -4.0, -4.0; 17
-2.0, -4.0, -4.0; 10
-1.0, -4.0, -4.0; 15
0.0, -4.0, -4.0; 1
1.0, -4.0, -4.0; 29
2.0, -4.0, -4.0; 29
3.0, -4.0, -4.0; 4
4.0, -4.0, -4.0; 1
5.0, -4.0, -4.0; 3
-9.0, -3.0, -4.0; 5
-8.0, -3.0, -4.0; 11
-7.0, -3.0, -4.0; 5
-6.0, -3.0, -4.0; 5
-5.0, -3.0, -4.0; 46
-4.0, -3.0, -4.0; 199
-3.0, -3.0, -4.0; 74
-1.0, -3.0, -4.0; 1
0.0, -3.0, -4.0; 2
1.0, -3.0, -4.0; 171
2.0, -3.0, -4.0; 100
3.0, -3.0, -4.0; 3
5.0, -3.0, -4.0; 2
-9.0, -2.0, -4.0; 3
-8.0, -2.0, -4.0; 1
-7.0, -2.0, -4.0; 1
-6.0, -2.0, -4.0; 3
-5.0, -2.0, -4.0; 8
-4.0, -2.0, -4.0; 43
-3.0, -2.0, -4.0; 17
-2.0, -2.0, -4.0; 1
0.0, -2.0, -4.0; 1
1.0, -2.0, -4.0; 6
2.0, -2.0, -4.0; 9
3.0, -2.0, -4.0; 3
4.0, -2.0, -4.0; 2
5.0, -2.0, -4.0; 1
-9.0, -1.0, -4.0; 1
-8.0, -1.0, -4.0; 5
-7.0, -1.0, -4.0; 11
-6.0, -1.0, -4.0; 3
-5.0, -1.0, -4.0; 5
-4.0, -1.0, -4.0; 7
2.0, -1.0, -4.0; 1
4.0, -1.0, -4.0; 5
5.0, -1.0, -4.0; 2
6.0, -1.0, -4.0; 2
-10.0, 0.0, -4.0; 1
-9.0, 0.0, -4.0; 4
-8.0, 0.0, -4.0; 2
-7.0, 0.0, -4.0; 2
-6.0, 0.0, -4.0; 5
-5.0, 0.0, -4.0; 7
-4.0, 0.0, -4.0; 7
-3.0, 0.0, -4.0; 4
3.0, 0.0, -4.0; 1
5.0, 0.0, -4.0; 3
6.0, 0.0, -4.0; 2
-9.0, 1.0, -4.0; 1
-8.0, 1.0, -4.0; 2
-7.0, 1.0, -4.0; 1
-6.0, 1.0, -4.0; 3
-5.0, 1.0, -4.0; 6
-4.0, 1.0, -4.0; 5
3.0, 1.0, -4.0; 3
4.0, 1.0, -4.0; 2
5.0, 1.0, -4.0; 3
6.0, 1.0, -4.0; 1
7.0, 1.0, -4.0; 1
-9.0, 2.0, -4.0; 6
-8.0, 2.0, -4.0; 2
-7.0, 2.0, -4.0; 1
-6.0, 2.0, -4.0; 11
-5.0, 2.0, -4.0; 3
-4.0, 2.0, -4.0; 11
-3.0, 2.0, -4.0; 3
1.0, 2.0, -4.0; 2
2.0, 2.0, -4.0; 1
3.0, 2.0, -4.0; 4
4.0, 2.0, -4.0; 3
5.0, 2.0, -4.0; 4
6.0, 2.0, -4.0; 1
-9.0, 3.0, -4.0; 3
-8.0, 3.0, -4.0; 7
-6.0, 3.0, -4.0; 9
-5.0, 3.0, -4.0; 5
-4.0, 3.0, -4.0; 3
-3.0, 3.0, -4.0; 2
0.0, 3.0, -4.0; 7
1.0, 3.0, -4.0; 11
2.0, 3.0, -4.0; 3
3.0, 3.0, -4.0; 4
4.0, 3.0, -4.0; 5
5.0, 3.0, -4.0; 1
6.0, 3.0, -4.0; 2
7.0, 3.0, -4.0; 2
-9.0, 4.0, -4.0; 1
-8.0, 4.0, -4.0; 3
-7.0, 4.0, -4.0; 1
-5.0, 4.0, -4.0; 3
-3.0, 4.0, -4.0; 11
-2.0, 4.0, -4.0; 15
-1.0, 4.0, -4.0; 34
0.0, 4.0, -4.0; 32
1.0, 4.0, -4.0; 16
2.0, 4.0, -4.0; 2
4.0, 4.0, -4.0; 4
5.0, 4.0, -4.0; 2
6.0, 4.0, -4.0; 3
8.0, 4.0, -4.0; 1
-8.0, 5.0, -4.0; 3
-7.0, 5.0, -4.0; 3
-6.0, 5.0, -4.0; 7
-5.0, 5.0, -4.0; 3
-4.0, 5.0, -4.0; 1
-3.0, 5.0, -4.0; 2
-2.0, 5.0, -4.0; 28
-1.0, 5.0, -4.0; 73
0.0, 5.0, -4.0; 59
1.0, 5.0, -4.0; 7
2.0, 5.0, -4.0; 2
3.0, 5.0, -4.0; 1
6.0, 5.0, -4.0; 3
-7.0, 6.0, -4.0; 2
-6.0, 6.0, -4.0; 3
-5.0, 6.0, -4.0; 6
-2.0, 6.0, -4.0; 1
-1.0, 6.0, -4.0; 4
0.0, 6.0, -4.0; 5
1.0, 6.0, -4.0; 1
2.0, 6.0, -4.0; 2
3.0, 6.0, -4.0; 2
4.0, 6.0, -4.0; 3
5.0, 6.0, -4.0; 1
6.0, 6.0, -4.0; 2
-5.0, 7.0, -4.0; 2
-4.0, 7.0, -4.0; 2
-3.0, 7.0, -4.0; 9
-2.0, 7.0, -4.0; 8
-1.0, 7.0, -4.0; 2
0.0, 7.0, -4.0; 3
1.0, 7.0, -4.0; 4
2.0, 7.0, -4.0; 5
3.0, 7.0, -4.0; 1
4.0, 7.0, -4.0; 5
5.0, 7.0, -4.0; 2
-3.0, 8.0, -4.0; 7
-2.0, 8.0, -4.0; 7
-1.0, 8.0, -4.0; 7
0.0, 8.0, -4.0; 8
1.0, 8.0, -4.0; 9
2.0, 8.0, -4.0; 4
3.0, 8.0, -4.0; 4
-1.0, 9.0, -4.0; 7
0.0, 9.0, -4.0; 6
1.0, 9.0, -4.0; 9
-4.0, -10.0, -3.0; 2
-3.0, -10.0, -3.0; 4
-2.0, -10.0, -3.0; 9
-1.0, -10.0, -3.0; 17
0.0, -10.0, -3.0; 13
1.0, -10.0, -3.0; 9
2.0, -10.0, -3.0; 3
-5.0, -9.0, -3.0; 2
-4.0, -9.0, -3.0; 5
-3.0, -9.0, -3.0; 3
-2.0, -9.0, -3.0; 7
-1.0, -9.0, -3.0; 4
0.0, -9.0, -3.0; 4
1.0, -9.0, -3.0; 9
2.0, -9.0, -3.0; 4
3.0, -9.0, -3.0; 4
4.0, -9.0, -3.0; 3
-7.0, -8.0, -3.0; 1
-6.0, -8.0, -3.0; 4
-4.0, -8.0, -3.0; 2
-3.0, -8.0, -3.0; 2
-2.0, -8.0, -3.0; 1
-1.0, -8.0, -3.0; 3
0.0, -8.0, -3.0; 14
1.0, -8.0, -3.0; 6
2.0, -8.0, -3.0; 3
3.0, -8.0, -3.0; 4
4.0, -8.0, -3.0; 9
5.0, -8.0, -3.0; 3
-8.0, -7.0, -3.0; 1
-7.0, -7.0, -3.0; 4
-6.0, -7.0, -3.0; 2
-5.0, -7.0, -3.0; 1
-2.0, -7.0, -3.0; 1
-1.0, -7.0, -3.0; 6
0.0, -7.0, -3.0; 38
1.0, -7.0, -3.0; 26
2.0, -7.0, -3.0; 3
3.0, -7.0, -3.0; 4
4.0, -7.0, -3.0; 2
5.0, -7.0, -3.0; 6
-8.0, -6.0, -3.0; 8
-7.0, -6.0, -3.0; 12
-2.0, -6.0, -3.0; 1
-1.0, -6.0, -3.0; 60
0.0, -6.0, -3.0; 68
1.0, -6.0, -3.0; 520
2.0, -6.0, -3.0; 32
3.0, -6.0, -3.0; 5
5.0, -6.0, -3.0; 1
6.0, -6.0, -3.0; 1
7.0, -6.0, -3.0; 1
-9.0, -5.0, -3.0; 1
-8.0, -5.0, -3.0; 13
-6.0, -5.0, -3.0; 1
-1.0, -5.0, -3.0; 9
0.0, -5.0, -3.0; 18
1.0, -5.0, -3.0; 21
2.0, -5.0, -3.0; 34
3.0, -5.0, -3.0; 3
4.0, -5.0, -3.0; 2
5.0, -5.0, -3.0; 1
6.0, -5.0, -3.0; 3
-9.0, -4.0, -3.0; 5
-8.0, -4.0, -3.0; 9
-7.0, -4.0, -3.0; 3
-5.0, -4.0, -3.0; 15
-4.0, -4.0, -3.0; 4
-2.0, -4.0, -3.0; 1
1.0, -4.0, -3.0; 1
2.0, -4.0, -3.0; 10
3.0, -4.0, -3.0; 9
4.0, -4.0, -3.0; 1
5.0, -4.0, -3.0; 2
-9.0, -3.0, -3.0; 4
-8.0, -3.0, -3.0; 3
-7.0, -3.0, -3.0; 4
-5.0, -3.0, -3.0; 86
-4.0, -3.0, -3.0; 5
-3.0, -3.0, -3.0; 3
2.0, -3.0, -3.0; 2
3.0, -3.0, -3.0; 10
4.0, -3.0, -3.0; 2
5.0, -3.0, -3.0; 1
-9.0, -2.0, -3.0; 1
-8.0, -2.0, -3.0; 7
-7.0, -2.0, -3.0; 3
-6.0, -2.0, -3.0; 2
-5.0, -2.0, -3.0; 25
-4.0, -2.0, -3.0; 1
-3.0, -2.0, -3.0; 6
4.0, -2.0, -3.0; 2
5.0, -2.0, -3.0; 3
6.0, -2.0, -3.0; 3
-9.0, -1.0, -3.0; 2
-8.0, -1.0, -3.0; 4
-7.0, -1.0, -3.0; 1
-6.0, -1.0, -3.0; 2
-5.0, -1.0, -3.0; 4
5.0, -1.0, -3.0; 3
-10.0, 0.0, -3.0; 1
-8.0, 0.0, -3.0; 2
-6.0, 0.0, -3.0; 12
-5.0, 0.0, -3.0; 2
5.0, 0.0, -3.0; 2
-9.0, 1.0, -3.0; 4
-8.0, 1.0, -3.0; 2
-7.0, 1.0, -3.0; 2
-6.0, 1.0, -3.0; 36
-5.0, 1.0, -3.0; 10
-4.0, 1.0, -3.0; 1
4.0, 1.0, -3.0; 5
5.0, 1.0, -3.0; 5
7.0, 1.0, -3.0; 2
-10.0, 2.0, -3.0; 1
-9.0, 2.0, -3.0; 2
-8.0, 2.0, -3.0; 4
-7.0, 2.0, -3.0; 3
-6.0, 2.0, -3.0; 14
-5.0, 2.0, -3.0; 10
3.0, 2.0, -3.0; 4
4.0, 2.0, -3.0; 5
5.0, 2.0, -3.0; 2
-9.0, 3.0, -3.0; 3
-8.0, 3.0, -3.0; 4
-7.0, 3.0, -3.0; 2
-6.0, 3.0, -3.0; 11
-5.0, 3.0, -3.0; 5
-4.0, 3.0, -3.0; 1
2.0, 3.0, -3.0; 2
3.0, 3.0, -3.0; 2
4.0, 3.0, -3.0; 7
5.0, 3.0, -3.0; 2
6.0, 3.0, -3.0; 1
-9.0, 4.0, -3.0; 2
-8.0, 4.0, -3.0; 5
-6.0, 4.0, -3.0; 4
-5.0, 4.0, -3.0; 6
-4.0, 4.0, -3.0; 1
0.0, 4.0, -3.0; 13
1.0, 4.0, -3.0; 32
2.0, 4.0, -3.0; 10
3.0, 4.0, -3.0; 3
4.0, 4.0, -3.0; 6
5.0, 4.0, -3.0; 1
6.0, 4.0, -3.0; 1
7.0, 4.0, -3.0; 1
-9.0, 5.0, -3.0; 1
-8.0, 5.0, -3.0; 5
-6.0, 5.0, -3.0; 1
-3.0, 5.0, -3.0; 1
-2.0, 5.0, -3.0; 7
-1.0, 5.0, -3.0; 29
0.0, 5.0, -3.0; 61
1.0, 5.0, -3.0; 49
2.0, 5.0, -3.0; 4
4.0, 5.0, -3.0; 1
5.0, 5.0, -3.0; 1
6.0, 5.0, -3.0; 2
7.0, 5.0, -3.0; 3
-8.0, 6.0, -3.0; 2
-7.0, 6.0, -3.0; 9
-6.0, 6.0, -3.0; 6
-5.0, 6.0, -3.0; 3
-4.0, 6.0, -3.0; 3
-3.0, 6.0, -3.0; 1
-2.0, 6.0, -3.0; 7
-1.0, 6.0, -3.0; 31
0.0, 6.0, -3.0; 55
1.0, 6.0, -3.0; 21
2.0, 6.0, -3.0; 1
3.0, 6.0, -3.0; 6
4.0, 6.0, -3.0; 4
5.0, 6.0, -3.0; 1
6.0, 6.0, -3.0; 2
-5.0, 7.0, -3.0; 3
-4.0, 7.0, -3.0; 2
-3.0, 7.0, -3.0; 3
-2.0, 7.0, -3.0; 1
-1.0, 7.0, -3.0; 2
0.0, 7.0, -3.0; 5
1.0, 7.0, -3.0; 1
2.0, 7.0, -3.0; 4
3.0, 7.0, -3.0; 4
4.0, 7.0, -3.0; 3
5.0, 7.0, -3.0; 3
-5.0, 8.0, -3.0; 3
-4.0, 8.0, -3.0; 5
-3.0, 8.0, -3.0; 10
-2.0, 8.0, -3.0; 10
-1.0, 8.0, -3.0; 5
0.0, 8.0, -3.0; 12
1.0, 8.0, -3.0; 10
2.0, 8.0, -3.0; 11
3.0, 8.0, -3.0; 3
-2.0, 9.0, -3.0; 1
-1.0, 9.0, -3.0; 8
0.0, 9.0, -3.0; 13
1.0, 9.0, -3.0; 8
2.0, 9.0, -3.0; 6
3.0, 9.0, -3.0; 1
-5.0, -10.0, -2.0; 1
-4.0, -10.0, -2.0; 8
-3.0, -10.0, -2.0; 20
-2.0, -10.0, -2.0; 34
-1.0, -10.0, -2.0; 34
0.0, -10.0, -2.0; 25
1.0, -10.0, -2.0; 11
2.0, -10.0, -2.0; 4
3.0, -10.0, -2.0; 1
-6.0, -9.0, -2.0; 2
-5.0, -9.0, -2.0; 8
-4.0, -9.0, -2.0; 6
-3.0, -9.0, -2.0; 3
-2.0, -9.0, -2.0; 4
-1.0, -9.0, -2.0; 4
0.0, -9.0, -2.0; 7
1.0, -9.0, -2.0; 8
2.0, -9.0, -2.0; 5
3.0, -9.0, -2.0; 8
4.0, -9.0, -2.0; 1
-7.0, -8.0, -2.0; 3
-6.0, -8.0, -2.0; 2
-5.0, -8.0, -2.0; 2
-4.0, -8.0, -2.0; 2
-3.0, -8.0, -2.0; 2
-2.0, -8.0, -2.0; 1
-1.0, -8.0, -2.0; 5
0.0, -8.0, -2.0; 8
1.0, -8.0, -2.0; 4
2.0, -8.0, -2.0; 1
3.0, -8.0, -2.0; 4
4.0, -8.0, -2.0; 6
5.0, -8.0, -2.0; 5
6.0, -8.0, -2.0; 2
-8.0, -7.0, -2.0; 3
-7.0, -7.0, -2.0; 2
-5.0, -7.0, -2.0; 1
-2.0, -7.0, -2.0; 1
-1.0, -7.0, -2.0; 1
0.0, -7.0, -2.0; 41
1.0, -7.0, -2.0; 31
3.0, -7.0, -2.0; 1
4.0, -7.0, -2.0; 2
5.0, -7.0, -2.0; 6
6.0, -7.0, -2.0; 1
7.0, -7.0, -2.0; 1
-8.0, -6.0, -2.0; 9
-7.0, -6.0, -2.0; 2
-1.0, -6.0, -2.0; 19
0.0, -6.0, -2.0; 47
1.0, -6.0, -2.0; 259
2.0, -6.0, -2.0; 40
3.0, -6.0, -2.0; 2
4.0, -6.0, -2.0; 1
5.0, -6.0, -2.0; 3
-9.0, -5.0, -2.0; 3
-8.0, -5.0, -2.0; 7
-7.0, -5.0, -2.0; 1
-4.0, -5.0, -2.0; 1
0.0, -5.0, -2.0; 3
1.0, -5.0, -2.0; 2
2.0, -5.0, -2.0; 19
3.0, -5.0, -2.0; 5
5.0, -5.0, -2.0; 1
6.0, -5.0, -2.0; 3
7.0, -5.0, -2.0; 2
-9.0, -4.0, -2.0; 7
-7.0, -4.0, -2.0; 2
-6.0, -4.0, -2.0; 1
-5.0, -4.0, -2.0; 4
2.0, -4.0, -2.0; 5
3.0, -4.0, -2.0; 3
4.0, -4.0, -2.0; 1
5.0, -4.0, -2.0; 1
6.0, -4.0, -2.0; 2
7.0, -4.0, -2.0; 1
8.0, -4.0, -2.0; 1
-9.0, -3.0, -2.0; 12
-8.0, -3.0, -2.0; 8
-7.0, -3.0, -2.0; 3
-6.0, -3.0, -2.0; 9
-5.0, -3.0, -2.0; 8
-4.0, -3.0, -2.0; 1
3.0, -3.0, -2.0; 1
5.0, -3.0, -2.0; 2
6.0, -3.0, -2.0; 2
-10.0, -2.0, -2.0; 1
-9.0, -2.0, -2.0; 11
-8.0, -2.0, -2.0; 2
-7.0, -2.0, -2.0; 3
-6.0, -2.0, -2.0; 5
-5.0, -2.0, -2.0; 3
-4.0, -2.0, -2.0; 1
4.0, -2.0, -2.0; 1
6.0, -2.0, -2.0; 1
-10.0, -1.0, -2.0; 2
-9.0, -1.0, -2.0; 4
-8.0, -1.0, -2.0; 5
-7.0, -1.0, -2.0; 4
-5.0, -1.0, -2.0; 1
4.0, -1.0, -2.0; 1
5.0, -1.0, -2.0; 3
6.0, -1.0, -2.0; 1
-8.0, 0.0, -2.0; 1
-7.0, 0.0, -2.0; 1
-6.0, 0.0, -2.0; 11
-5.0, 0.0, -2.0; 2
4.0, 0.0, -2.0; 1
5.0, 0.0, -2.0; 5
6.0, 0.0, -2.0; 3
-9.0, 1.0, -2.0; 3
-8.0, 1.0, -2.0; 2
-7.0, 1.0, -2.0; 4
-6.0, 1.0, -2.0; 543
-5.0, 1.0, -2.0; 65
5.0, 1.0, -2.0; 2
-9.0, 2.0, -2.0; 3
-8.0, 2.0, -2.0; 3
-7.0, 2.0, -2.0; 6
-6.0, 2.0, -2.0; 47
-5.0, 2.0, -2.0; 25
3.0, 2.0, -2.0; 1
5.0, 2.0, -2.0; 3
-9.0, 3.0, -2.0; 5
-8.0, 3.0, -2.0; 6
-7.0, 3.0, -2.0; 6
-6.0, 3.0, -2.0; 14
-5.0, 3.0, -2.0; 3
3.0, 3.0, -2.0; 1
4.0, 3.0, -2.0; 2
5.0, 3.0, -2.0; 4
6.0, 3.0, -2.0; 1
-9.0, 4.0, -2.0; 3
-8.0, 4.0, -2.0; 9
-7.0, 4.0, -2.0; 1
-6.0, 4.0, -2.0; 6
-5.0, 4.0, -2.0; 11
1.0, 4.0, -2.0; 11
2.0, 4.0, -2.0; 17
4.0, 4.0, -2.0; 10
5.0, 4.0, -2.0; 2
7.0, 4.0, -2.0; 1
8.0, 4.0, -2.0; 1
-9.0, 5.0, -2.0; 2
-8.0, 5.0, -2.0; 8
-7.0, 5.0, -2.0; 6
-6.0, 5.0, -2.0; 1
-5.0, 5.0, -2.0; 2
-4.0, 5.0, -2.0; 2
-2.0, 5.0, -2.0; 3
-1.0, 5.0, -2.0; 4
0.0, 5.0, -2.0; 26
1.0, 5.0, -2.0; 44
2.0, 5.0, -2.0; 25
3.0, 5.0, -2.0; 4
4.0, 5.0, -2.0; 2
5.0, 5.0, -2.0; 1
6.0, 5.0, -2.0; 4
7.0, 5.0, -2.0; 1
8.0, 5.0, -2.0; 1
-7.0, 6.0, -2.0; 13
-6.0, 6.0, -2.0; 14
-5.0, 6.0, -2.0; 4
-4.0, 6.0, -2.0; 3
-3.0, 6.0, -2.0; 6
-2.0, 6.0, -2.0; 16
-1.0, 6.0, -2.0; 28
0.0, 6.0, -2.0; 98
1.0, 6.0, -2.0; 71
2.0, 6.0, -2.0; 6
4.0, 6.0, -2.0; 3
5.0, 6.0, -2.0; 1
-7.0, 7.0, -2.0; 1
-6.0, 7.0, -2.0; 7
-5.0, 7.0, -2.0; 9
-4.0, 7.0, -2.0; 10
-3.0, 7.0, -2.0; 8
-2.0, 7.0, -2.0; 2
-1.0, 7.0, -2.0; 4
0.0, 7.0, -2.0; 5
1.0, 7.0, -2.0; 2
2.0, 7.0, -2.0; 7
3.0, 7.0, -2.0; 4
4.0, 7.0, -2.0; 3
5.0, 7.0, -2.0; 2
-6.0, 8.0, -2.0; 1
-5.0, 8.0, -2.0; 4
-4.0, 8.0, -2.0; 7
-3.0, 8.0, -2.0; 21
-2.0, 8.0, -2.0; 11
-1.0, 8.0, -2.0; 11
0.0, 8.0, -2.0; 14
1.0, 8.0, -2.0; 6
2.0, 8.0, -2.0; 5
3.0, 8.0, -2.0; 8
4.0, 8.0, -2.0; 1
5.0, 8.0, -2.0; 2
-3.0, 9.0, -2.0; 3
-2.0, 9.0, -2.0; 8
-1.0, 9.0, -2.0; 23
0.0, 9.0, -2.0; 15
1.0, 9.0, -2.0; 23
2.0, 9.0, -2.0; 13
3.0, 9.0, -2.0; 3
-5.0, -10.0, -1.0; 1
-4.0, -10.0, -1.0; 16
-3.0, -10.0, -1.0; 26
-2.0, -10.0, -1.0; 37
-1.0, -10.0, -1.0; 29
0.0, -10.0, -1.0; 34
1.0, -10.0, -1.0; 12
2.0, -10.0, -1.0; 4
-6.0, -9.0, -1.0; 1
-5.0, -9.0, -1.0; 13
-4.0, -9.0, -1.0; 4
-3.0, -9.0, -1.0; 3
-2.0, -9.0, -1.0; 1
-1.0, -9.0, -1.0; 6
0.0, -9.0, -1.0; 5
1.0, -9.0, -1.0; 5
2.0, -9.0, -1.0; 9
3.0, -9.0, -1.0; 8
4.0, -9.0, -1.0; 2
5.0, -9.0, -1.0; 1
-7.0, -8.0, -1.0; 2
-6.0, -8.0, -1.0; 2
-5.0, -8.0, -1.0; 1
-3.0, -8.0, -1.0; 2
-2.0, -8.0, -1.0; 3
-1.0, -8.0, -1.0; 15
0.0, -8.0, -1.0; 9
1.0, -8.0, -1.0; 5
2.0, -8.0, -1.0; 13
3.0, -8.0, -1.0; 5
4.0, -8.0, -1.0; 2
5.0, -8.0, -1.0; 5
6.0, -8.0, -1.0; 2
-8.0, -7.0, -1.0; 1
-7.0, -7.0, -1.0; 5
-2.0, -7.0, -1.0; 11
-1.0, -7.0, -1.0; 86
0.0, -7.0, -1.0; 138
1.0, -7.0, -1.0; 21
3.0, -7.0, -1.0; 1
4.0, -7.0, -1.0; 1
5.0, -7.0, -1.0; 3
6.0, -7.0, -1.0; 1
7.0, -7.0, -1.0; 2
-8.0, -6.0, -1.0; 10
-7.0, -6.0, -1.0; 2
-5.0, -6.0, -1.0; 1
-2.0, -6.0, -1.0; 6
-1.0, -6.0, -1.0; 13
0.0, -6.0, -1.0; 12
1.0, -6.0, -1.0; 8
2.0, -6.0, -1.0; 5
3.0, -6.0, -1.0; 2
4.0, -6.0, -1.0; 3
5.0, -6.0, -1.0; 1
7.0, -6.0, -1.0; 2
-9.0, -5.0, -1.0; 6
-8.0, -5.0, -1.0; 5
-6.0, -5.0, -1.0; 5
-2.0, -5.0, -1.0; 1
-1.0, -5.0, -1.0; 1
1.0, -5.0, -1.0; 1
2.0, -5.0, -1.0; 4
3.0, -5.0, -1.0; 7
6.0, -5.0, -1.0; 2
7.0, -5.0, -1.0; 1
-9.0, -4.0, -1.0; 7
-8.0, -4.0, -1.0; 4
-7.0, -4.0, -1.0; 8
-6.0, -4.0, -1.0; 4
-5.0, -4.0, -1.0; 2
3.0, -4.0, -1.0; 4
4.0, -4.0, -1.0; 1
6.0, -4.0, -1.0; 1
-10.0, -3.0, -1.0; 2
-9.0, -3.0, -1.0; 12
-8.0, -3.0, -1.0; 2
-7.0, -3.0, -1.0; 9
-6.0, -3.0, -1.0; 11
-5.0, -3.0, -1.0; 5
4.0, -3.0, -1.0; 2
5.0, -3.0, -1.0; 1
-10.0, -2.0, -1.0; 3
-9.0, -2.0, -1.0; 5
-7.0, -2.0, -1.0; 5
-6.0, -2.0, -1.0; 2
-5.0, -2.0, -1.0; 1
5.0, -2.0, -1.0; 2
-10.0, -1.0, -1.0; 1
-9.0, -1.0, -1.0; 7
-8.0, -1.0, -1.0; 1
-7.0, -1.0, -1.0; 2
5.0, -1.0, -1.0; 4
6.0, -1.0, -1.0; 1
8.0, -1.0, -1.0; 1
-10.0, 0.0, -1.0; 1
-9.0, 0.0, -1.0; 1
-8.0, 0.0, -1.0; 4
-6.0, 0.0, -1.0; 9
5.0, 0.0, -1.0; 2
6.0, 0.0, -1.0; 3
-9.0, 1.0, -1.0; 8
-8.0, 1.0, -1.0; 6
-7.0, 1.0, -1.0; 1
-6.0, 1.0, -1.0; 942
-5.0, 1.0, -1.0; 153
5.0, 1.0, -1.0; 2
6.0, 1.0, -1.0; 2
7.0, 1.0, -1.0; 1
-10.0, 2.0, -1.0; 1
-9.0, 2.0, -1.0; 5
-8.0, 2.0, -1.0; 4
-7.0, 2.0, -1.0; 8
-6.0, 2.0, -1.0; 74
-5.0, 2.0, -1.0; 85
4.0, 2.0, -1.0; 1
9.0, 2.0, -1.0; 1
-9.0, 3.0, -1.0; 4
-8.0, 3.0, -1.0; 2
-7.0, 3.0, -1.0; 3
-6.0, 3.0, -1.0; 9
-5.0, 3.0, -1.0; 2
2.0, 3.0, -1.0; 2
3.0, 3.0, -1.0; 1
4.0, 3.0, -1.0; 2
5.0, 3.0, -1.0; 1
7.0, 3.0, -1.0; 2
-9.0, 4.0, -1.0; 7
-8.0, 4.0, -1.0; 7
-7.0, 4.0, -1.0; 4
-6.0, 4.0, -1.0; 10
-5.0, 4.0, -1.0; 21
-4.0, 4.0, -1.0; 2
1.0, 4.0, -1.0; 2
2.0, 4.0, -1.0; 9
3.0, 4.0, -1.0; 1
4.0, 4.0, -1.0; 2
-9.0, 5.0, -1.0; 2
-8.0, 5.0, -1.0; 12
-7.0, 5.0, -1.0; 12
-6.0, 5.0, -1.0; 2
-5.0, 5.0, -1.0; 6
-4.0, 5.0, -1.0; 14
-3.0, 5.0, -1.0; 5
-1.0, 5.0, -1.0; 6
0.0, 5.0, -1.0; 21
1.0, 5.0, -1.0; 36
2.0, 5.0, -1.0; 18
3.0, 5.0, -1.0; 5
4.0, 5.0, -1.0; 2
6.0, 5.0, -1.0; 1
7.0, 5.0, -1.0; 1
8.0, 5.0, -1.0; 1
-8.0, 6.0, -1.0; 1
-7.0, 6.0, -1.0; 47
-6.0, 6.0, -1.0; 319
-5.0, 6.0, -1.0; 42
-4.0, 6.0, -1.0; 10
-3.0, 6.0, -1.0; 11
-2.0, 6.0, -1.0; 16
-1.0, 6.0, -1.0; 79
0.0, 6.0, -1.0; 148
1.0, 6.0, -1.0; 72
2.0, 6.0, -1.0; 3
3.0, 6.0, -1.0; 6
4.0, 6.0, -1.0; 3
5.0, 6.0, -1.0; 3
6.0, 6.0, -1.0; 2
7.0, 6.0, -1.0; 1
-7.0, 7.0, -1.0; 2
-6.0, 7.0, -1.0; 37
-5.0, 7.0, -1.0; 68
-4.0, 7.0, -1.0; 16
-3.0, 7.0, -1.0; 5
-2.0, 7.0, -1.0; 3
-1.0, 7.0, -1.0; 18
0.0, 7.0, -1.0; 27
1.0, 7.0, -1.0; 8
2.0, 7.0, -1.0; 6
3.0, 7.0, -1.0; 3
5.0, 7.0, -1.0; 3
6.0, 7.0, -1.0; 1
-5.0, 8.0, -1.0; 5
-4.0, 8.0, -1.0; 8
-3.0, 8.0, -1.0; 19
-2.0, 8.0, -1.0; 19
-1.0, 8.0, -1.0; 14
0.0, 8.0, -1.0; 12
1.0, 8.0, -1.0; 16
2.0, 8.0, -1.0; 11
3.0, 8.0, -1.0; 9
-4.0, 9.0, -1.0; 7
-3.0, 9.0, -1.0; 9
-2.0, 9.0, -1.0; 12
-1.0, 9.0, -1.0; 20
0.0, 9.0, -1.0; 36
1.0, 9.0, -1.0; 27
2.0, 9.0, -1.0; 14
-5.0, -10.0, 0.0; 1
-4.0, -10.0, 0.0; 8
-3.0, -10.0, 0.0; 18
-2.0, -10.0, 0.0; 21
-1.0, -10.0, 0.0; 21
0.0, -10.0, 0.0; 12
1.0, -10.0, 0.0; 4
2.0, -10.0, 0.0; 1
3.0, -10.0, 0.0; 1
-6.0, -9.0, 0.0; 8
-5.0, -9.0, 0.0; 10
-4.0, -9.0, 0.0; 16
-3.0, -9.0, 0.0; 9
-2.0, -9.0, 0.0; 1
-1.0, -9.0, 0.0; 3
0.0, -9.0, 0.0; 5
1.0, -9.0, 0.0; 6
2.0, -9.0, 0.0; 6
3.0, -9.0, 0.0; 7
4.0, -9.0, 0.0; 3
5.0, -9.0, 0.0; 2
-7.0, -8.0, 0.0; 4
-6.0, -8.0, 0.0; 4
-5.0, -8.0, 0.0; 3
-4.0, -8.0, 0.0; 2
-3.0, -8.0, 0.0; 1
-2.0, -8.0, 0.0; 16
-1.0, -8.0, 0.0; 24
0.0, -8.0, 0.0; 4
1.0, -8.0, 0.0; 4
2.0, -8.0, 0.0; 5
3.0, -8.0, 0.0; 1
4.0, -8.0, 0.0; 4
5.0, -8.0, 0.0; 4
6.0, -8.0, 0.0; 3
-8.0, -7.0, 0.0; 5
-7.0, -7.0, 0.0; 7
-6.0, -7.0, 0.0; 2
-5.0, -7.0, 0.0; 1
-4.0, -7.0, 0.0; 11
-3.0, -7.0, 0.0; 26
-2.0, -7.0, 0.0; 105
-1.0, -7.0, 0.0; 411
0.0, -7.0, 0.0; 181
1.0, -7.0, 0.0; 17
2.0, -7.0, 0.0; 5
3.0, -7.0, 0.0; 4
4.0, -7.0, 0.0; 2
6.0, -7.0, 0.0; 3
-8.0, -6.0, 0.0; 4
-7.0, -6.0, 0.0; 8
-6.0, -6.0, 0.0; 4
-5.0, -6.0, 0.0; 16
-4.0, -6.0, 0.0; 7
-3.0, -6.0, 0.0; 5
-2.0, -6.0, 0.0; 11
-1.0, -6.0, 0.0; 15
0.0, -6.0, 0.0; 19
1.0, -6.0, 0.0; 10
2.0, -6.0, 0.0; 2
3.0, -6.0, 0.0; 1
5.0, -6.0, 0.0; 1
6.0, -6.0, 0.0; 1
-9.0, -5.0, 0.0; 3
-8.0, -5.0, 0.0; 4
-7.0, -5.0, 0.0; 1
-6.0, -5.0, 0.0; 27
-5.0, -5.0, 0.0; 1
-4.0, -5.0, 0.0; 3
-3.0, -5.0, 0.0; 1
-2.0, -5.0, 0.0; 1
-1.0, -5.0, 0.0; 1
2.0, -5.0, 0.0; 2
3.0, -5.0, 0.0; 4
4.0, -5.0, 0.0; 2
5.0, -5.0, 0.0; 1
8.0, -5.0, 0.0; 2
-9.0, -4.0, 0.0; 4
-8.0, -4.0, 0.0; 9
-7.0, -4.0, 0.0; 5
-6.0, -4.0, 0.0; 11
-5.0, -4.0, 0.0; 3
2.0, -4.0, 0.0; 2
3.0, -4.0, 0.0; 2
5.0, -4.0, 0.0; 2
9.0, -4.0, 0.0; 1
-10.0, -3.0, 0.0; 4
-9.0, -3.0, 0.0; 4
-8.0, -3.0, 0.0; 6
-7.0, -3.0, 0.0; 1
-6.0, -3.0, 0.0; 4
-5.0, -3.0, 0.0; 2
5.0, -3.0, 0.0; 1
7.0, -3.0, 0.0; 2
-10.0, -2.0, 0.0; 4
-9.0, -2.0, 0.0; 4
-8.0, -2.0, 0.0; 3
-7.0, -2.0, 0.0; 2
-6.0, -2.0, 0.0; 3
-5.0, -2.0, 0.0; 1
5.0, -2.0, 0.0; 1
6.0, -2.0, 0.0; 2
-10.0, -1.0, 0.0; 2
-9.0, -1.0, 0.0; 2
-8.0, -1.0, 0.0; 4
-7.0, -1.0, 0.0; 5
5.0, -1.0, 0.0; 2
-9.0, 0.0, 0.0; 1
-8.0, 0.0, 0.0; 5
-7.0, 0.0, 0.0; 2
-6.0, 0.0, 0.0; 2
-5.0, 0.0, 0.0; 2
3.0
9.66158536585
