4.0, 0.0, 0.0; 2
5.0, 0.0, 0.0; 2
6.0, 0.0, 0.0; 1
8.0, 0.0, 0.0; 1
-10.0, 1.0, 0.0; 2
-9.0, 1.0, 0.0; 6
-8.0, 1.0, 0.0; 8
-7.0, 1.0, 0.0; 1
-6.0, 1.0, 0.0; 154
-5.0, 1.0, 0.0; 92
4.0, 1.0, 0.0; 1
5.0, 1.0, 0.0; 3
6.0, 1.0, 0.0; 1
-9.0, 2.0, 0.0; 10
-8.0, 2.0, 0.0; 3
-7.0, 2.0, 0.0; 3
-6.0, 2.0, 0.0; 50
-5.0, 2.0, 0.0; 137
3.0, 2.0, 0.0; 1
4.0, 2.0, 0.0; 1
5.0, 2.0, 0.0; 5
6.0, 2.0, 0.0; 4
7.0, 2.0, 0.0; 4
-9.0, 3.0, 0.0; 13
-8.0, 3.0, 0.0; 11
-7.0, 3.0, 0.0; 5
-6.0, 3.0, 0.0; 12
-5.0, 3.0, 0.0; 24
-4.0, 3.0, 0.0; 1
3.0, 3.0, 0.0; 1
4.0, 3.0, 0.0; 12
5.0, 3.0, 0.0; 7
6.0, 3.0, 0.0; 3
7.0, 3.0, 0.0; 1
-9.0, 4.0, 0.0; 3
-8.0, 4.0, 0.0; 13
-7.0, 4.0, 0.0; 8
-6.0, 4.0, 0.0; 17
-5.0, 4.0, 0.0; 16
-4.0, 4.0, 0.0; 9
1.0, 4.0, 0.0; 2
2.0, 4.0, 0.0; 5
3.0, 4.0, 0.0; 11
4.0, 4.0, 0.0; 44
5.0, 4.0, 0.0; 17
6.0, 4.0, 0.0; 1
7.0, 4.0, 0.0; 6
8.0, 4.0, 0.0; 1
-9.0, 5.0, 0.0; 4
-8.0, 5.0, 0.0; 8
-7.0, 5.0, 0.0; 22
-6.0, 5.0, 0.0; 7
-5.0, 5.0, 0.0; 9
-4.0, 5.0, 0.0; 21
-3.0, 5.0, 0.0; 48
-2.0, 5.0, 0.0; 40
-1.0, 5.0, 0.0; 33
0.0, 5.0, 0.0; 173
1.0, 5.0, 0.0; 186
2.0, 5.0, 0.0; 16
3.0, 5.0, 0.0; 52
4.0, 5.0, 0.0; 62
5.0, 5.0, 0.0; 21
6.0, 5.0, 0.0; 2
7.0, 5.0, 0.0; 1
-8.0, 6.0, 0.0; 5
-7.0, 6.0, 0.0; 105
-6.0, 6.0, 0.0; 1939
-5.0, 6.0, 0.0; 354
-4.0, 6.0, 0.0; 24
-3.0, 6.0, 0.0; 83
-2.0, 6.0, 0.0; 206
-1.0, 6.0, 0.0; 396
0.0, 6.0, 0.0; 370
1.0, 6.0, 0.0; 72
2.0, 6.0, 0.0; 25
3.0, 6.0, 0.0; 36
4.0, 6.0, 0.0; 25
5.0, 6.0, 0.0; 8
6.0, 6.0, 0.0; 7
-7.0, 7.0, 0.0; 6
-6.0, 7.0, 0.0; 64
-5.0, 7.0, 0.0; 229
-4.0, 7.0, 0.0; 25
-3.0, 7.0, 0.0; 10
-2.0, 7.0, 0.0; 54
-1.0, 7.0, 0.0; 171
0.0, 7.0, 0.0; 50
1.0, 7.0, 0.0; 9
2.0, 7.0, 0.0; 16
3.0, 7.0, 0.0; 12
4.0, 7.0, 0.0; 1
5.0, 7.0, 0.0; 4
6.0, 7.0, 0.0; 5
-6.0, 8.0, 0.0; 4
-5.0, 8.0, 0.0; 11
-4.0, 8.0, 0.0; 16
-3.0, 8.0, 0.0; 30
-2.0, 8.0, 0.0; 36
-1.0, 8.0, 0.0; 40
0.0, 8.0, 0.0; 50
1.0, 8.0, 0.0; 38
2.0, 8.0, 0.0; 18
3.0, 8.0, 0.0; 6
4.0, 8.0, 0.0; 7
5.0, 8.0, 0.0; 3
-4.0, 9.0, 0.0; 10
-3.0, 9.0, 0.0; 45
-2.0, 9.0, 0.0; 110
-1.0, 9.0, 0.0; 152
0.0, 9.0, 0.0; 95
1.0, 9.0, 0.0; 60
2.0, 9.0, 0.0; 14
3.0, 9.0, 0.0; 4
-4.0, -10.0, 1.0; 5
-3.0, -10.0, 1.0; 17
-2.0, -10.0, 1.0; 29
-1.0, -10.0, 1.0; 34
0.0, -10.0, 1.0; 16
1.0, -10.0, 1.0; 22
2.0, -10.0, 1.0; 7
-6.0, -9.0, 1.0; 4
-5.0, -9.0, 1.0; 16
-4.0, -9.0, 1.0; 27
-3.0, -9.0, 1.0; 21
-2.0, -9.0, 1.0; 19
-1.0, -9.0, 1.0; 16
0.0, -9.0, 1.0; 18
1.0, -9.0, 1.0; 13
2.0, -9.0, 1.0; 10
3.0, -9.0, 1.0; 10
4.0, -9.0, 1.0; 12
5.0, -9.0, 1.0; 4
-7.0, -8.0, 1.0; 8
-6.0, -8.0, 1.0; 28
-5.0, -8.0, 1.0; 29
-4.0, -8.0, 1.0; 5
-3.0, -8.0, 1.0; 2
-2.0, -8.0, 1.0; 3
-1.0, -8.0, 1.0; 3
0.0, -8.0, 1.0; 11
1.0, -8.0, 1.0; 7
2.0, -8.0, 1.0; 11
3.0, -8.0, 1.0; 11
4.0, -8.0, 1.0; 3
5.0, -8.0, 1.0; 19
6.0, -8.0, 1.0; 2
-8.0, -7.0, 1.0; 5
-7.0, -7.0, 1.0; 17
-6.0, -7.0, 1.0; 29
-5.0, -7.0, 1.0; 2
-4.0, -7.0, 1.0; 94
-3.0, -7.0, 1.0; 255
-2.0, -7.0, 1.0; 321
-1.0, -7.0, 1.0; 378
0.0, -7.0, 1.0; 127
1.0, -7.0, 1.0; 47
2.0, -7.0, 1.0; 57
3.0, -7.0, 1.0; 15
4.0, -7.0, 1.0; 8
5.0, -7.0, 1.0; 2
6.0, -7.0, 1.0; 9
7.0, -7.0, 1.0; 4
-9.0, -6.0, 1.0; 1
-8.0, -6.0, 1.0; 26
-7.0, -6.0, 1.0; 23
-6.0, -6.0, 1.0; 11
-5.0, -6.0, 1.0; 120
-4.0, -6.0, 1.0; 173
-3.0, -6.0, 1.0; 128
-2.0, -6.0, 1.0; 92
-1.0, -6.0, 1.0; 112
0.0, -6.0, 1.0; 121
1.0, -6.0, 1.0; 46
2.0, -6.0, 1.0; 67
3.0, -6.0, 1.0; 47
4.0, -6.0, 1.0; 12
5.0, -6.0, 1.0; 6
6.0, -6.0, 1.0; 1
7.0, -6.0, 1.0; 3
-9.0, -5.0, 1.0; 3
-8.0, -5.0, 1.0; 18
-7.0, -5.0, 1.0; 6
-6.0, -5.0, 1.0; 71
-5.0, -5.0, 1.0; 84
-4.0, -5.0, 1.0; 1
-3.0, -5.0, 1.0; 3
-2.0, -5.0, 1.0; 3
-1.0, -5.0, 1.0; 5
1.0, -5.0, 1.0; 3
2.0, -5.0, 1.0; 14
3.0, -5.0, 1.0; 4
4.0, -5.0, 1.0; 1
5.0, -5.0, 1.0; 6
6.0, -5.0, 1.0; 1
7.0, -5.0, 1.0; 2
8.0, -5.0, 1.0; 1
-9.0, -4.0, 1.0; 4
-8.0, -4.0, 1.0; 9
-7.0, -4.0, 1.0; 4
-6.0, -4.0, 1.0; 79
-5.0, -4.0, 1.0; 4
-4.0, -4.0, 1.0; 2
-3.0, -4.0, 1.0; 1
-2.0, -4.0, 1.0; 1
1.0, -4.0, 1.0; 1
2.0, -4.0, 1.0; 1
3.0, -4.0, 1.0; 1
5.0, -4.0, 1.0; 4
6.0, -4.0, 1.0; 3
7.0, -4.0, 1.0; 1
-10.0, -3.0, 1.0; 3
-9.0, -3.0, 1.0; 7
-8.0, -3.0, 1.0; 10
-7.0, -3.0, 1.0; 6
-6.0, -3.0, 1.0; 4
-5.0, -3.0, 1.0; 1
8.0, -3.0, 1.0; 1
-10.0, -2.0, 1.0; 6
-9.0, -2.0, 1.0; 7
-8.0, -2.0, 1.0; 14
-7.0, -2.0, 1.0; 3
-6.0, -2.0, 1.0; 5
8.0, -2.0, 1.0; 1
-10.0, -1.0, 1.0; 4
-9.0, -1.0, 1.0; 6
-8.0, -1.0, 1.0; 2
-7.0, -1.0, 1.0; 10
-6.0, -1.0, 1.0; 18
-5.0, -1.0, 1.0; 9
3.0, -1.0, 1.0; 1
4.0, -1.0, 1.0; 1
5.0, -1.0, 1.0; 1
6.0, -1.0, 1.0; 1
-10.0, 0.0, 1.0; 3
-9.0, 0.0, 1.0; 1
-8.0, 0.0, 1.0; 2
-7.0, 0.0, 1.0; 5
-6.0, 0.0, 1.0; 22
-5.0, 0.0, 1.0; 4
-4.0, 0.0, 1.0; 1
5.0, 0.0, 1.0; 1
-10.0, 1.0, 1.0; 1
-9.0, 1.0, 1.0; 5
-8.0, 1.0, 1.0; 5
-7.0, 1.0, 1.0; 3
-6.0, 1.0, 1.0; 29
-5.0, 1.0, 1.0; 20
-4.0, 1.0, 1.0; 1
5.0, 1.0, 1.0; 4
6.0, 1.0, 1.0; 1
-10.0, 2.0, 1.0; 1
-9.0, 2.0, 1.0; 6
-8.0, 2.0, 1.0; 6
-7.0, 2.0, 1.0; 4
-6.0, 2.0, 1.0; 7
-5.0, 2.0, 1.0; 52
-4.0, 2.0, 1.0; 8
3.0, 2.0, 1.0; 1
5.0, 2.0, 1.0; 4
6.0, 2.0, 1.0; 1
7.0, 2.0, 1.0; 1
8.0, 2.0, 1.0; 1
-9.0, 3.0, 1.0; 6
-8.0, 3.0, 1.0; 11
-7.0, 3.0, 1.0; 4
-6.0, 3.0, 1.0; 16
-5.0, 3.0, 1.0; 25
-4.0, 3.0, 1.0; 21
-3.0, 3.0, 1.0; 2
3.0, 3.0, 1.0; 2
4.0, 3.0, 1.0; 7
5.0, 3.0, 1.0; 12
6.0, 3.0, 1.0; 5
7.0, 3.0, 1.0; 3
-9.0, 4.0, 1.0; 3
-8.0, 4.0, 1.0; 8
-7.0, 4.0, 1.0; 14
-6.0, 4.0, 1.0; 16
-5.0, 4.0, 1.0; 15
-4.0, 4.0, 1.0; 36
-3.0, 4.0, 1.0; 28
-2.0, 4.0, 1.0; 3
0.0, 4.0, 1.0; 6
1.0, 4.0, 1.0; 7
2.0, 4.0, 1.0; 12
3.0, 4.0, 1.0; 22
4.0, 4.0, 1.0; 31
5.0, 4.0, 1.0; 21
6.0, 4.0, 1.0; 4
7.0, 4.0, 1.0; 1
8.0, 4.0, 1.0; 1
-9.0, 5.0, 1.0; 2
-8.0, 5.0, 1.0; 9
-7.0, 5.0, 1.0; 10
-6.0, 5.0, 1.0; 9
-5.0, 5.0, 1.0; 17
-4.0, 5.0, 1.0; 116
-3.0, 5.0, 1.0; 2493
-2.0, 5.0, 1.0; 1310
-1.0, 5.0, 1.0; 76
0.0, 5.0, 1.0; 178
1.0, 5.0, 1.0; 105
2.0, 5.0, 1.0; 61
3.0, 5.0, 1.0; 58
4.0, 5.0, 1.0; 69
5.0, 5.0, 1.0; 4
6.0, 5.0, 1.0; 5
7.0, 5.0, 1.0; 2
8.0, 5.0, 1.0; 1
-8.0, 6.0, 1.0; 10
-7.0, 6.0, 1.0; 25
-6.0, 6.0, 1.0; 117
-5.0, 6.0, 1.0; 53
-4.0, 6.0, 1.0; 38
-3.0, 6.0, 1.0; 105
-2.0, 6.0, 1.0; 129
-1.0, 6.0, 1.0; 73
0.0, 6.0, 1.0; 24
1.0, 6.0, 1.0; 14
2.0, 6.0, 1.0; 40
3.0, 6.0, 1.0; 24
4.0, 6.0, 1.0; 27
5.0, 6.0, 1.0; 5
6.0, 6.0, 1.0; 3
7.0, 6.0, 1.0; 1
-7.0, 7.0, 1.0; 5
-6.0, 7.0, 1.0; 25
-5.0, 7.0, 1.0; 27
-4.0, 7.0, 1.0; 14
-3.0, 7.0, 1.0; 2
-2.0, 7.0, 1.0; 10
-1.0, 7.0, 1.0; 24
0.0, 7.0, 1.0; 18
1.0, 7.0, 1.0; 28
2.0, 7.0, 1.0; 19
3.0, 7.0, 1.0; 15
4.0, 7.0, 1.0; 3
5.0, 7.0, 1.0; 5
6.0, 7.0, 1.0; 4
-6.0, 8.0, 1.0; 4
-5.0, 8.0, 1.0; 13
-4.0, 8.0, 1.0; 20
-3.0, 8.0, 1.0; 33
-2.0, 8.0, 1.0; 21
-1.0, 8.0, 1.0; 50
0.0, 8.0, 1.0; 61
1.0, 8.0, 1.0; 15
2.0, 8.0, 1.0; 11
3.0, 8.0, 1.0; 3
4.0, 8.0, 1.0; 2
5.0, 8.0, 1.0; 3
-5.0, 9.0, 1.0; 1
-4.0, 9.0, 1.0; 15
-3.0, 9.0, 1.0; 40
-2.0, 9.0, 1.0; 98
-1.0, 9.0, 1.0; 87
0.0, 9.0, 1.0; 55
1.0, 9.0, 1.0; 29
2.0, 9.0, 1.0; 6
3.0, 9.0, 1.0; 3
-3.0, -10.0, 2.0; 10
-2.0, -10.0, 2.0; 6
-1.0, -10.0, 2.0; 6
0.0, -10.0, 2.0; 8
1.0, -10.0, 2.0; 5
2.0, -10.0, 2.0; 2
-5.0, -9.0, 2.0; 9
-4.0, -9.0, 2.0; 18
-3.0, -9.0, 2.0; 40
-2.0, -9.0, 2.0; 37
-1.0, -9.0, 2.0; 20
0.0, -9.0, 2.0; 10
1.0, -9.0, 2.0; 6
2.0, -9.0, 2.0; 4
3.0, -9.0, 2.0; 8
4.0, -9.0, 2.0; 9
5.0, -9.0, 2.0; 1
-7.0, -8.0, 2.0; 5
-6.0, -8.0, 2.0; 16
-5.0, -8.0, 2.0; 46
-4.0, -8.0, 2.0; 49
-3.0, -8.0, 2.0; 11
-2.0, -8.0, 2.0; 10
-1.0, -8.0, 2.0; 6
0.0, -8.0, 2.0; 4
1.0, -8.0, 2.0; 10
2.0, -8.0, 2.0; 7
3.0, -8.0, 2.0; 2
4.0, -8.0, 2.0; 5
5.0, -8.0, 2.0; 13
6.0, -8.0, 2.0; 1
-8.0, -7.0, 2.0; 3
-7.0, -7.0, 2.0; 8
-6.0, -7.0, 2.0; 29
-5.0, -7.0, 2.0; 10
-4.0, -7.0, 2.0; 2
-3.0, -7.0, 2.0; 9
-2.0, -7.0, 2.0; 27
-1.0, -7.0, 2.0; 16
0.0, -7.0, 2.0; 22
1.0, -7.0, 2.0; 49
2.0, -7.0, 2.0; 37
3.0, -7.0, 2.0; 4
4.0, -7.0, 2.0; 5
5.0, -7.0, 2.0; 7
6.0, -7.0, 2.0; 2
-8.0, -6.0, 2.0; 5
-7.0, -6.0, 2.0; 23
-6.0, -6.0, 2.0; 20
-5.0, -6.0, 2.0; 3
-4.0, -6.0, 2.0; 69
-3.0, -6.0, 2.0; 178
-2.0, -6.0, 2.0; 123
-1.0, -6.0, 2.0; 49
0.0, -6.0, 2.0; 11
1.0, -6.0, 2.0; 87
2.0, -6.0, 2.0; 92
3.0, -6.0, 2.0; 22
4.0, -6.0, 2.0; 4
5.0, -6.0, 2.0; 2
6.0, -6.0, 2.0; 2
7.0, -6.0, 2.0; 3
-9.0, -5.0, 2.0; 2
-8.0, -5.0, 2.0; 8
-7.0, -5.0, 2.0; 22
-5.0, -5.0, 2.0; 61
-4.0, -5.0, 2.0; 86
-3.0, -5.0, 2.0; 25
-2.0, -5.0, 2.0; 9
-1.0, -5.0, 2.0; 4
0.0, -5.0, 2.0; 2
1.0, -5.0, 2.0; 11
2.0, -5.0, 2.0; 7
3.0, -5.0, 2.0; 3
4.0, -5.0, 2.0; 1
5.0, -5.0, 2.0; 6
6.0, -5.0, 2.0; 1
8.0, -5.0, 2.0; 1
-9.0, -4.0, 2.0; 3
-8.0, -4.0, 2.0; 19
-7.0, -4.0, 2.0; 2
-6.0, -4.0, 2.0; 7
-5.0, -4.0, 2.0; 28
-4.0, -4.0, 2.0; 4
0.0, -4.0, 2.0; 1
1.0, -4.0, 2.0; 1
3.0, -4.0, 2.0; 3
4.0, -4.0, 2.0; 2
6.0, -4.0, 2.0; 2
7.0, -4.0, 2.0; 1
8.0, -4.0, 2.0; 1
-10.0, -3.0, 2.0; 1
-9.0, -3.0, 2.0; 5
-8.0, -3.0, 2.0; 6
-7.0, -3.0, 2.0; 10
-6.0, -3.0, 2.0; 4
-5.0, -3.0, 2.0; 5
1.0, -3.0, 2.0; 1
2.0, -3.0, 2.0; 1
5.0, -3.0, 2.0; 2
6.0, -3.0, 2.0; 2
7.0, -3.0, 2.0; 1
-10.0, -2.0, 2.0; 3
-9.0, -2.0, 2.0; 7
-8.0, -2.0, 2.0; 9
-7.0, -2.0, 2.0; 19
-6.0, -2.0, 2.0; 9
-5.0, -2.0, 2.0; 4
-4.0, -2.0, 2.0; 2
3.0, -2.0, 2.0; 1
5.0, -2.0, 2.0; 2
7.0, -2.0, 2.0; 1
-10.0, -1.0, 2.0; 6
-9.0, -1.0, 2.0; 4
-8.0, -1.0, 2.0; 4
-7.0, -1.0, 2.0; 8
-6.0, -1.0, 2.0; 11
-5.0, -1.0, 2.0; 5
-4.0, -1.0, 2.0; 1
3.0, -1.0, 2.0; 1
6.0, -1.0, 2.0; 1
7.0, -1.0, 2.0; 1
-10.0, 0.0, 2.0; 3
-8.0, 0.0, 2.0; 1
-7.0, 0.0, 2.0; 5
-6.0, 0.0, 2.0; 32
-5.0, 0.0, 2.0; 25
-4.0, 0.0, 2.0; 6
4.0, 0.0, 2.0; 3
6.0, 0.0, 2.0; 2
8.0, 0.0, 2.0; 1
-10.0, 1.0, 2.0; 7
-9.0, 1.0, 2.0; 3
-8.0, 1.0, 2.0; 7
-7.0, 1.0, 2.0; 2
-6.0, 1.0, 2.0; 10
-5.0, 1.0, 2.0; 396
-4.0, 1.0, 2.0; 618
-3.0, 1.0, 2.0; 3
0.0, 1.0, 2.0; 1
5.0, 1.0, 2.0; 3
6.0, 1.0, 2.0; 1
8.0, 1.0, 2.0; 1
-10.0, 2.0, 2.0; 4
-9.0, 2.0, 2.0; 5
-8.0, 2.0, 2.0; 4
-7.0, 2.0, 2.0; 4
-6.0, 2.0, 2.0; 2
-5.0, 2.0, 2.0; 682
-4.0, 2.0, 2.0; 4235
-3.0, 2.0, 2.0; 35
0.0, 2.0, 2.0; 1
3.0, 2.0, 2.0; 3
4.0, 2.0, 2.0; 3
5.0, 2.0, 2.0; 6
6.0, 2.0, 2.0; 1
8.0, 2.0, 2.0; 1
-10.0, 3.0, 2.0; 1
-9.0, 3.0, 2.0; 1
-8.0, 3.0, 2.0; 7
-7.0, 3.0, 2.0; 11
-6.0, 3.0, 2.0; 5
-5.0, 3.0, 2.0; 19
-4.0, 3.0, 2.0; 108
-3.0, 3.0, 2.0; 36
-2.0, 3.0, 2.0; 5
-1.0, 3.0, 2.0; 1
0.0, 3.0, 2.0; 2
1.0, 3.0, 2.0; 1
2.0, 3.0, 2.0; 1
3.0, 3.0, 2.0; 4
4.0, 3.0, 2.0; 6
5.0, 3.0, 2.0; 8
7.0, 3.0, 2.0; 2
8.0, 3.0, 2.0; 1
-9.0, 4.0, 2.0; 2
-8.0, 4.0, 2.0; 6
-7.0, 4.0, 2.0; 8
-6.0, 4.0, 2.0; 13
-5.0, 4.0, 2.0; 14
-4.0, 4.0, 2.0; 33
-3.0, 4.0, 2.0; 93
-2.0, 4.0, 2.0; 131
-1.0, 4.0, 2.0; 49
0.0, 4.0, 2.0; 21
1.0, 4.0, 2.0; 11
2.0, 4.0, 2.0; 17
3.0, 4.0, 2.0; 18
4.0, 4.0, 2.0; 5
5.0, 4.0, 2.0; 3
6.0, 4.0, 2.0; 3
7.0, 4.0, 2.0; 1
8.0, 4.0, 2.0; 1
-8.0, 5.0, 2.0; 16
-7.0, 5.0, 2.0; 7
-6.0, 5.0, 2.0; 6
-5.0, 5.0, 2.0; 9
-4.0, 5.0, 2.0; 25
-3.0, 5.0, 2.0; 192
-2.0, 5.0, 2.0; 264
-1.0, 5.0, 2.0; 45
0.0, 5.0, 2.0; 15
1.0, 5.0, 2.0; 27
2.0, 5.0, 2.0; 72
3.0, 5.0, 2.0; 22
4.0, 5.0, 2.0; 30
5.0, 5.0, 2.0; 3
6.0, 5.0, 2.0; 6
7.0, 5.0, 2.0; 3
-8.0, 6.0, 2.0; 5
-7.0, 6.0, 2.0; 13
-6.0, 6.0, 2.0; 18
-5.0, 6.0, 2.0; 8
-4.0, 6.0, 2.0; 11
-3.0, 6.0, 2.0; 21
-2.0, 6.0, 2.0; 11
-1.0, 6.0, 2.0; 1
0.0, 6.0, 2.0; 4
1.0, 6.0, 2.0; 20
2.0, 6.0, 2.0; 22
3.0, 6.0, 2.0; 16
4.0, 6.0, 2.0; 10
5.0, 6.0, 2.0; 5
6.0, 6.0, 2.0; 4
7.0, 6.0, 2.0; 1
-7.0, 7.0, 2.0; 3
-6.0, 7.0, 2.0; 9
-5.0, 7.0, 2.0; 16
-4.0, 7.0, 2.0; 22
-3.0, 7.0, 2.0; 4
-2.0, 7.0, 2.0; 11
-1.0, 7.0, 2.0; 30
0.0, 7.0, 2.0; 34
1.0, 7.0, 2.0; 24
2.0, 7.0, 2.0; 9
3.0, 7.0, 2.0; 7
4.0, 7.0, 2.0; 2
5.0, 7.0, 2.0; 4
6.0, 7.0, 2.0; 2
-6.0, 8.0, 2.0; 1
-5.0, 8.0, 2.0; 14
-4.0, 8.0, 2.0; 39
-3.0, 8.0, 2.0; 49
-2.0, 8.0, 2.0; 49
-1.0, 8.0, 2.0; 56
0.0, 8.0, 2.0; 39
1.0, 8.0, 2.0; 18
2.0, 8.0, 2.0; 6
3.0, 8.0, 2.0; 6
4.0, 8.0, 2.0; 5
-4.0, 9.0, 2.0; 7
-3.0, 9.0, 2.0; 21
-2.0, 9.0, 2.0; 68
-1.0, 9.0, 2.0; 50
0.0, 9.0, 2.0; 24
1.0, 9.0, 2.0; 4
-2.0, -10.0, 3.0; 2
-1.0, -10.0, 3.0; 2
0.0, -10.0, 3.0; 5
-5.0, -9.0, 3.0; 2
-4.0, -9.0, 3.0; 12
-3.0, -9.0, 3.0; 13
-2.0, -9.0, 3.0; 26
-1.0, -9.0, 3.0; 13
0.0, -9.0, 3.0; 6
1.0, -9.0, 3.0; 4
2.0, -9.0, 3.0; 7
3.0, -9.0, 3.0; 4
4.0, -9.0, 3.0; 5
-6.0, -8.0, 3.0; 11
-5.0, -8.0, 3.0; 21
-4.0, -8.0, 3.0; 29
-3.0, -8.0, 3.0; 28
-2.0, -8.0, 3.0; 22
-1.0, -8.0, 3.0; 14
0.0, -8.0, 3.0; 19
1.0, -8.0, 3.0; 6
2.0, -8.0, 3.0; 8
3.0, -8.0, 3.0; 6
4.0, -8.0, 3.0; 8
5.0, -8.0, 3.0; 4
-7.0, -7.0, 3.0; 7
-6.0, -7.0, 3.0; 25
-5.0, -7.0, 3.0; 25
-4.0, -7.0, 3.0; 18
-3.0, -7.0, 3.0; 10
-2.0, -7.0, 3.0; 9
-1.0, -7.0, 3.0; 26
0.0, -7.0, 3.0; 60
1.0, -7.0, 3.0; 41
2.0, -7.0, 3.0; 5
3.0, -7.0, 3.0; 4
4.0, -7.0, 3.0; 7
5.0, -7.0, 3.0; 3
6.0, -7.0, 3.0; 1
-8.0, -6.0, 3.0; 3
-7.0, -6.0, 3.0; 3
-6.0, -6.0, 3.0; 27
-5.0, -6.0, 3.0; 8
-4.0, -6.0, 3.0; 1
-3.0, -6.0, 3.0; 2
-2.0, -6.0, 3.0; 2
-1.0, -6.0, 3.0; 7
0.0, -6.0, 3.0; 48
1.0, -6.0, 3.0; 79
2.0, -6.0, 3.0; 17
3.0, -6.0, 3.0; 1
5.0, -6.0, 3.0; 3
6.0, -6.0, 3.0; 1
7.0, -6.0, 3.0; 1
-9.0, -5.0, 3.0; 1
-8.0, -5.0, 3.0; 3
-7.0, -5.0, 3.0; 14
-6.0, -5.0, 3.0; 10
-5.0, -5.0, 3.0; 1
-4.0, -5.0, 3.0; 5
-3.0, -5.0, 3.0; 5
-2.0, -5.0, 3.0; 3
-1.0, -5.0, 3.0; 5
0.0, -5.0, 3.0; 4
1.0, -5.0, 3.0; 13
2.0, -5.0, 3.0; 8
3.0, -5.0, 3.0; 4
4.0, -5.0, 3.0; 5
5.0, -5.0, 3.0; 2
6.0, -5.0, 3.0; 1
7.0, -5.0, 3.0; 1
-9.0, -4.0, 3.0; 6
-8.0, -4.0, 3.0; 4
-7.0, -4.0, 3.0; 12
-6.0, -4.0, 3.0; 11
-5.0, -4.0, 3.0; 5
-4.0, -4.0, 3.0; 5
-3.0, -4.0, 3.0; 3
-2.0, -4.0, 3.0; 2
-1.0, -4.0, 3.0; 5
0.0, -4.0, 3.0; 7
1.0, -4.0, 3.0; 4
3.0, -4.0, 3.0; 1
4.0, -4.0, 3.0; 1
5.0, -4.0, 3.0; 5
6.0, -4.0, 3.0; 3
7.0, -4.0, 3.0; 1
8.0, -4.0, 3.0; 1
-10.0, -3.0, 3.0; 1
-9.0, -3.0, 3.0; 3
-8.0, -3.0, 3.0; 2
-7.0, -3.0, 3.0; 16
-6.0, -3.0, 3.0; 23
-5.0, -3.0, 3.0; 2
-4.0, -3.0, 3.0; 3
-3.0, -3.0, 3.0; 5
-2.0, -3.0, 3.0; 2
-1.0, -3.0, 3.0; 5
0.0, -3.0, 3.0; 4
1.0, -3.0, 3.0; 4
2.0, -3.0, 3.0; 3
3.0, -3.0, 3.0; 2
4.0, -3.0, 3.0; 3
5.0, -3.0, 3.0; 1
-10.0, -2.0, 3.0; 1
-9.0, -2.0, 3.0; 6
-8.0, -2.0, 3.0; 3
-7.0, -2.0, 3.0; 11
-6.0, -2.0, 3.0; 26
-5.0, -2.0, 3.0; 41
-4.0, -2.0, 3.0; 6
-3.0, -2.0, 3.0; 2
-2.0, -2.0, 3.0; 1
-1.0, -2.0, 3.0; 2
0.0, -2.0, 3.0; 4
1.0, -2.0, 3.0; 4
3.0, -2.0, 3.0; 1
5.0, -2.0, 3.0; 1
6.0, -2.0, 3.0; 1
-9.0, -1.0, 3.0; 2
-7.0, -1.0, 3.0; 2
-6.0, -1.0, 3.0; 11
-5.0, -1.0, 3.0; 15
-4.0, -1.0, 3.0; 9
-3.0, -1.0, 3.0; 6
-2.0, -1.0, 3.0; 11
-1.0, -1.0, 3.0; 2
0.0, -1.0, 3.0; 6
1.0, -1.0, 3.0; 12
3.0, -1.0, 3.0; 1
4.0, -1.0, 3.0; 2
6.0, -1.0, 3.0; 1
8.0, -1.0, 3.0; 1
-9.0, 0.0, 3.0; 4
-8.0, 0.0, 3.0; 2
-7.0, 0.0, 3.0; 1
-6.0, 0.0, 3.0; 5
-5.0, 0.0, 3.0; 11
-4.0, 0.0, 3.0; 15
-3.0, 0.0, 3.0; 7
-2.0, 0.0, 3.0; 5
-1.0, 0.0, 3.0; 3
0.0, 0.0, 3.0; 1
1.0, 0.0, 3.0; 1
3.0, 0.0, 3.0; 2
4.0, 0.0, 3.0; 1
5.0, 0.0, 3.0; 1
-10.0, 1.0, 3.0; 1
-9.0, 1.0, 3.0; 5
-8.0, 1.0, 3.0; 4
-7.0, 1.0, 3.0; 6
-6.0, 1.0, 3.0; 3
-5.0, 1.0, 3.0; 13
-4.0, 1.0, 3.0; 193
-3.0, 1.0, 3.0; 42
-2.0, 1.0, 3.0; 8
0.0, 1.0, 3.0; 1
2.0, 1.0, 3.0; 4
3.0, 1.0, 3.0; 4
4.0, 1.0, 3.0; 1
5.0, 1.0, 3.0; 1
7.0, 1.0, 3.0; 1
-9.0, 2.0, 3.0; 6
-8.0, 2.0, 3.0; 8
-7.0, 2.0, 3.0; 3
-6.0, 2.0, 3.0; 2
-5.0, 2.0, 3.0; 6
-4.0, 2.0, 3.0; 433
-3.0, 2.0, 3.0; 189
-2.0, 2.0, 3.0; 18
-1.0, 2.0, 3.0; 7
0.0, 2.0, 3.0; 5
1.0, 2.0, 3.0; 3
2.0, 2.0, 3.0; 12
3.0, 2.0, 3.0; 6
4.0, 2.0, 3.0; 5
5.0, 2.0, 3.0; 4
6.0, 2.0, 3.0; 4
-8.0, 3.0, 3.0; 8
-7.0, 3.0, 3.0; 13
-6.0, 3.0, 3.0; 8
-5.0, 3.0, 3.0; 1
-4.0, 3.0, 3.0; 17
-3.0, 3.0, 3.0; 52
-2.0, 3.0, 3.0; 30
-1.0, 3.0, 3.0; 25
0.0, 3.0, 3.0; 17
1.0, 3.0, 3.0; 7
2.0, 3.0, 3.0; 7
3.0, 3.0, 3.0; 2
4.0, 3.0, 3.0; 3
5.0, 3.0, 3.0; 6
7.0, 3.0, 3.0; 1
-9.0, 4.0, 3.0; 5
-8.0, 4.0, 3.0; 8
-7.0, 4.0, 3.0; 12
-6.0, 4.0, 3.0; 9
-5.0, 4.0, 3.0; 3
-4.0, 4.0, 3.0; 4
-3.0, 4.0, 3.0; 7
-2.0, 4.0, 3.0; 27
-1.0, 4.0, 3.0; 17
0.0, 4.0, 3.0; 4
1.0, 4.0, 3.0; 22
2.0, 4.0, 3.0; 11
3.0, 4.0, 3.0; 6
4.0, 4.0, 3.0; 1
5.0, 4.0, 3.0; 2
6.0, 4.0, 3.0; 2
7.0, 4.0, 3.0; 2
-8.0, 5.0, 3.0; 36
-7.0, 5.0, 3.0; 24
-6.0, 5.0, 3.0; 17
-5.0, 5.0, 3.0; 7
-4.0, 5.0, 3.0; 3
-3.0, 5.0, 3.0; 4
-2.0, 5.0, 3.0; 2
-1.0, 5.0, 3.0; 3
0.0, 5.0, 3.0; 2
1.0, 5.0, 3.0; 13
2.0, 5.0, 3.0; 16
3.0, 5.0, 3.0; 10
4.0, 5.0, 3.0; 9
5.0, 5.0, 3.0; 4
6.0, 5.0, 3.0; 7
7.0, 5.0, 3.0; 1
-8.0, 6.0, 3.0; 5
-7.0, 6.0, 3.0; 18
-6.0, 6.0, 3.0; 15
-5.0, 6.0, 3.0; 10
-4.0, 6.0, 3.0; 12
-3.0, 6.0, 3.0; 6
-2.0, 6.0, 3.0; 3
-1.0, 6.0, 3.0; 8
0.0, 6.0, 3.0; 4
1.0, 6.0, 3.0; 11
2.0, 6.0, 3.0; 6
3.0, 6.0, 3.0; 7
4.0, 6.0, 3.0; 9
5.0, 6.0, 3.0; 4
6.0, 6.0, 3.0; 3
7.0, 6.0, 3.0; 1
-6.0, 7.0, 3.0; 11
-5.0, 7.0, 3.0; 29
-4.0, 7.0, 3.0; 30
-3.0, 7.0, 3.0; 39
-2.0, 7.0, 3.0; 39
-1.0, 7.0, 3.0; 27
0.0, 7.0, 3.0; 21
1.0, 7.0, 3.0; 16
2.0, 7.0, 3.0; 8
3.0, 7.0, 3.0; 4
4.0, 7.0, 3.0; 2
5.0, 7.0, 3.0; 4
-5.0, 8.0, 3.0; 5
-4.0, 8.0, 3.0; 30
-3.0, 8.0, 3.0; 73
-2.0, 8.0, 3.0; 90
-1.0, 8.0, 3.0; 47
0.0, 8.0, 3.0; 19
1.0, 8.0, 3.0; 13
2.0, 8.0, 3.0; 4
3.0, 8.0, 3.0; 1
-3.0, 9.0, 3.0; 3
-2.0, 9.0, 3.0; 18
-1.0, 9.0, 3.0; 8
0.0, 9.0, 3.0; 5
1.0, 9.0, 3.0; 1
-5.0, -9.0, 4.0; 1
-4.0, -9.0, 4.0; 3
-3.0, -9.0, 4.0; 6
-2.0, -9.0, 4.0; 6
-1.0, -9.0, 4.0; 1
0.0, -9.0, 4.0; 2
1.0, -9.0, 4.0; 2
2.0, -9.0, 4.0; 3
3.0, -9.0, 4.0; 2
-6.0, -8.0, 4.0; 1
-5.0, -8.0, 4.0; 7
-4.0, -8.0, 4.0; 7
-3.0, -8.0, 4.0; 9
-2.0, -8.0, 4.0; 11
-1.0, -8.0, 4.0; 12
0.0, -8.0, 4.0; 7
1.0, -8.0, 4.0; 4
2.0, -8.0, 4.0; 4
3.0, -8.0, 4.0; 6
4.0, -8.0, 4.0; 6
-6.0, -7.0, 4.0; 7
-5.0, -7.0, 4.0; 17
-4.0, -7.0, 4.0; 23
-3.0, -7.0, 4.0; 30
-2.0, -7.0, 4.0; 26
-1.0, -7.0, 4.0; 19
0.0, -7.0, 4.0; 10
1.0, -7.0, 4.0; 4
2.0, -7.0, 4.0; 5
3.0, -7.0, 4.0; 3
4.0, -7.0, 4.0; 2
5.0, -7.0, 4.0; 4
-7.0, -6.0, 4.0; 5
-6.0, -6.0, 4.0; 8
-5.0, -6.0, 4.0; 19
-4.0, -6.0, 4.0; 22
-3.0, -6.0, 4.0; 16
-2.0, -6.0, 4.0; 13
-1.0, -6.0, 4.0; 21
0.0, -6.0, 4.0; 25
1.0, -6.0, 4.0; 5
3.0, -6.0, 4.0; 1
4.0, -6.0, 4.0; 1
5.0, -6.0, 4.0; 1
6.0, -6.0, 4.0; 2
-8.0, -5.0, 4.0; 8
-7.0, -5.0, 4.0; 3
-6.0, -5.0, 4.0; 9
-5.0, -5.0, 4.0; 16
-4.0, -5.0, 4.0; 17
-3.0, -5.0, 4.0; 17
-2.0, -5.0, 4.0; 9
-1.0, -5.0, 4.0; 12
0.0, -5.0, 4.0; 10
1.0, -5.0, 4.0; 1
3.0, -5.0, 4.0; 2
6.0, -5.0, 4.0; 2
7.0, -5.0, 4.0; 1
-9.0, -4.0, 4.0; 4
-8.0, -4.0, 4.0; 4
-7.0, -4.0, 4.0; 4
-6.0, -4.0, 4.0; 10
-5.0, -4.0, 4.0; 17
-4.0, -4.0, 4.0; 16
-3.0, -4.0, 4.0; 14
-2.0, -4.0, 4.0; 10
-1.0, -4.0, 4.0; 7
0.0, -4.0, 4.0; 9
1.0, -4.0, 4.0; 2
2.0, -4.0, 4.0; 2
4.0, -4.0, 4.0; 1
-8.0, -3.0, 4.0; 3
-7.0, -3.0, 4.0; 4
-6.0, -3.0, 4.0; 12
-5.0, -3.0, 4.0; 19
-4.0, -3.0, 4.0; 28
-3.0, -3.0, 4.0; 15
-2.0, -3.0, 4.0; 13
-1.0, -3.0, 4.0; 25
0.0, -3.0, 4.0; 7
1.0, -3.0, 4.0; 4
2.0, -3.0, 4.0; 1
3.0, -3.0, 4.0; 3
4.0, -3.0, 4.0; 1
-9.0, -2.0, 4.0; 2
-8.0, -2.0, 4.0; 1
-7.0, -2.0, 4.0; 3
-6.0, -2.0, 4.0; 8
-5.0, -2.0, 4.0; 14
-4.0, -2.0, 4.0; 18
-3.0, -2.0, 4.0; 11
-2.0, -2.0, 4.0; 4
-1.0, -2.0, 4.0; 52
0.0, -2.0, 4.0; 30
1.0, -2.0, 4.0; 4
2.0, -2.0, 4.0; 1
3.0, -2.0, 4.0; 7
4.0, -2.0, 4.0; 1
5.0, -2.0, 4.0; 2
-9.0, -1.0, 4.0; 3
-8.0, -1.0, 4.0; 3
-7.0, -1.0, 4.0; 3
-6.0, -1.0, 4.0; 2
-5.0, -1.0, 4.0; 12
-4.0, -1.0, 4.0; 23
-3.0, -1.0, 4.0; 43
-2.0, -1.0, 4.0; 53
-1.0, -1.0, 4.0; 43
0.0, -1.0, 4.0; 53
1.0, -1.0, 4.0; 13
2.0, -1.0, 4.0; 2
4.0, -1.0, 4.0; 1
6.0, -1.0, 4.0; 2
7.0, -1.0, 4.0; 1
-8.0, 0.0, 4.0; 3
-7.0, 0.0, 4.0; 1
-6.0, 0.0, 4.0; 4
-5.0, 0.0, 4.0; 3
-4.0, 0.0, 4.0; 2
-3.0, 0.0, 4.0; 8
-2.0, 0.0, 4.0; 6
-1.0, 0.0, 4.0; 8
0.0, 0.0, 4.0; 5
1.0, 0.0, 4.0; 6
2.0, 0.0, 4.0; 2
4.0, 0.0, 4.0; 2
-9.0, 1.0, 4.0; 2
-8.0, 1.0, 4.0; 9
-6.0, 1.0, 4.0; 3
-5.0, 1.0, 4.0; 1
-4.0, 1.0, 4.0; 9
-3.0, 1.0, 4.0; 12
-2.0, 1.0, 4.0; 14
-1.0, 1.0, 4.0; 4
0.0, 1.0, 4.0; 5
1.0, 1.0, 4.0; 3
2.0, 1.0, 4.0; 5
3.0, 1.0, 4.0; 2
4.0, 1.0, 4.0; 4
-9.0, 2.0, 4.0; 1
-8.0, 2.0, 4.0; 4
-7.0, 2.0, 4.0; 6
-6.0, 2.0, 4.0; 2
-5.0, 2.0, 4.0; 2
-4.0, 2.0, 4.0; 1
-3.0, 2.0, 4.0; 4
-2.0, 2.0, 4.0; 3
-1.0, 2.0, 4.0; 9
0.0, 2.0, 4.0; 21
1.0, 2.0, 4.0; 14
2.0, 2.0, 4.0; 4
3.0, 2.0, 4.0; 1
4.0, 2.0, 4.0; 3
6.0, 2.0, 4.0; 1
-9.0, 3.0, 4.0; 2
-8.0, 3.0, 4.0; 13
-7.0, 3.0, 4.0; 12
-6.0, 3.0, 4.0; 5
-5.0, 3.0, 4.0; 5
-4.0, 3.0, 4.0; 2
-3.0, 3.0, 4.0; 3
-1.0, 3.0, 4.0; 15
0.0, 3.0, 4.0; 12
1.0, 3.0, 4.0; 6
2.0, 3.0, 4.0; 4
3.0, 3.0, 4.0; 1
4.0, 3.0, 4.0; 1
5.0, 3.0, 4.0; 2
-8.0, 4.0, 4.0; 3
-7.0, 4.0, 4.0; 7
-6.0, 4.0, 4.0; 6
-5.0, 4.0, 4.0; 10
-4.0, 4.0, 4.0; 5
-3.0, 4.0, 4.0; 3
-2.0, 4.0, 4.0; 1
-1.0, 4.0, 4.0; 7
0.0, 4.0, 4.0; 7
1.0, 4.0, 4.0; 13
2.0, 4.0, 4.0; 2
3.0, 4.0, 4.0; 1
4.0, 4.0, 4.0; 2
5.0, 4.0, 4.0; 3
6.0, 4.0, 4.0; 2
-7.0, 5.0, 4.0; 14
-6.0, 5.0, 4.0; 5
-5.0, 5.0, 4.0; 17
-4.0, 5.0, 4.0; 22
-3.0, 5.0, 4.0; 11
-2.0, 5.0, 4.0; 5
-1.0, 5.0, 4.0; 8
0.0, 5.0, 4.0; 8
1.0, 5.0, 4.0; 12
2.0, 5.0, 4.0; 7
3.0, 5.0, 4.0; 3
4.0, 5.0, 4.0; 3
5.0, 5.0, 4.0; 2
6.0, 5.0, 4.0; 4
-7.0, 6.0, 4.0; 3
-6.0, 6.0, 4.0; 11
-5.0, 6.0, 4.0; 15
-4.0, 6.0, 4.0; 17
-3.0, 6.0, 4.0; 24
-2.0, 6.0, 4.0; 31
-1.0, 6.0, 4.0; 16
0.0, 6.0, 4.0; 11
1.0, 6.0, 4.0; 8
2.0, 6.0, 4.0; 5
3.0, 6.0, 4.0; 3
4.0, 6.0, 4.0; 3
5.0, 6.0, 4.0; 4
6.0, 6.0, 4.0; 1
-5.0, 7.0, 4.0; 21
-4.0, 7.0, 4.0; 32
-3.0, 7.0, 4.0; 31
-2.0, 7.0, 4.0; 33
-1.0, 7.0, 4.0; 23
0.0, 7.0, 4.0; 13
1.0, 7.0, 4.0; 4
2.0, 7.0, 4.0; 5
3.0, 7.0, 4.0; 2
4.0, 7.0, 4.0; 2
-4.0, 8.0, 4.0; 7
-3.0, 8.0, 4.0; 14
-2.0, 8.0, 4.0; 26
-1.0, 8.0, 4.0; 15
0.0, 8.0, 4.0; 5
1.0, 8.0, 4.0; 2
2.0, 8.0, 4.0; 1
3.0, 8.0, 4.0; 2
-2.0, -9.0, 5.0; 1
-1.0, -9.0, 5.0; 2
1.0, -9.0, 5.0; 2
-5.0, -8.0, 5.0; 3
-4.0, -8.0, 5.0; 5
-3.0, -8.0, 5.0; 7
-2.0, -8.0, 5.0; 4
-1.0, -8.0, 5.0; 6
0.0, -8.0, 5.0; 4
1.0, -8.0, 5.0; 5
2.0, -8.0, 5.0; 5
3.0, -8.0, 5.0; 5
4.0, -8.0, 5.0; 1
-6.0, -7.0, 5.0; 2
-5.0, -7.0, 5.0; 8
-4.0, -7.0, 5.0; 14
-3.0, -7.0, 5.0; 5
-2.0, -7.0, 5.0; 5
-1.0, -7.0, 5.0; 8
0.0, -7.0, 5.0; 3
1.0, -7.0, 5.0; 2
2.0, -7.0, 5.0; 7
3.0, -7.0, 5.0; 2
4.0, -7.0, 5.0; 3
5.0, -7.0, 5.0; 2
-7.0, -6.0, 5.0; 3
-6.0, -6.0, 5.0; 5
-5.0, -6.0, 5.0; 11
-4.0, -6.0, 5.0; 8
-3.0, -6.0, 5.0; 7
-2.0, -6.0, 5.0; 7
-1.0, -6.0, 5.0; 4
0.0, -6.0, 5.0; 1
3.0, -6.0, 5.0; 2
4.0, -6.0, 5.0; 1
5.0, -6.0, 5.0; 2
-8.0, -5.0, 5.0; 2
-7.0, -5.0, 5.0; 15
-6.0, -5.0, 5.0; 6
-5.0, -5.0, 5.0; 7
-4.0, -5.0, 5.0; 10
-3.0, -5.0, 5.0; 10
-2.0, -5.0, 5.0; 2
-1.0, -5.0, 5.0; 4
0.0, -5.0, 5.0; 1
3.0, -5.0, 5.0; 1
4.0, -5.0, 5.0; 1
6.0, -5.0, 5.0; 2
-8.0, -4.0, 5.0; 5
-7.0, -4.0, 5.0; 5
-6.0, -4.0, 5.0; 8
-5.0, -4.0, 5.0; 5
-4.0, -4.0, 5.0; 9
-3.0, -4.0, 5.0; 6
-2.0, -4.0, 5.0; 3
-1.0, -4.0, 5.0; 2
0.0, -4.0, 5.0; 1
1.0, -4.0, 5.0; 2
3.0, -4.0, 5.0; 1
4.0, -4.0, 5.0; 1
5.0, -4.0, 5.0; 2
-8.0, -3.0, 5.0; 3
-7.0, -3.0, 5.0; 4
-6.0, -3.0, 5.0; 2
-5.0, -3.0, 5.0; 4
-4.0, -3.0, 5.0; 2
-3.0, -3.0, 5.0; 5
-2.0, -3.0, 5.0; 4
-1.0, -3.0, 5.0; 1
0.0, -3.0, 5.0; 3
2.0, -3.0, 5.0; 1
3.0, -3.0, 5.0; 1
7.0, -3.0, 5.0; 2
-9.0, -2.0, 5.0; 2
-8.0, -2.0, 5.0; 4
-7.0, -2.0, 5.0; 3
-6.0, -2.0, 5.0; 1
-5.0, -2.0, 5.0; 3
-2.0, -2.0, 5.0; 1
-1.0, -2.0, 5.0; 6
0.0, -2.0, 5.0; 4
1.0, -2.0, 5.0; 1
3.0, -2.0, 5.0; 1
-9.0, -1.0, 5.0; 1
-8.0, -1.0, 5.0; 8
-7.0, -1.0, 5.0; 4
-6.0, -1.0, 5.0; 2
-5.0, -1.0, 5.0; 1
-4.0, -1.0, 5.0; 3
-2.0, -1.0, 5.0; 1
-1.0, -1.0, 5.0; 4
0.0, -1.0, 5.0; 2
1.0, -1.0, 5.0; 5
2.0, -1.0, 5.0; 3
7.0, -1.0, 5.0; 1
-9.0, 0.0, 5.0; 4
-7.0, 0.0, 5.0; 4
-6.0, 0.0, 5.0; 5
-5.0, 0.0, 5.0; 1
-4.0, 0.0, 5.0; 1
-2.0, 0.0, 5.0; 2
-1.0, 0.0, 5.0; 3
0.0, 0.0, 5.0; 2
1.0, 0.0, 5.0; 6
2.0, 0.0, 5.0; 3
4.0, 0.0, 5.0; 1
6.0, 0.0, 5.0; 1
-9.0, 1.0, 5.0; 1
-8.0, 1.0, 5.0; 6
-7.0, 1.0, 5.0; 6
-6.0, 1.0, 5.0; 3
-5.0, 1.0, 5.0; 2
-4.0, 1.0, 5.0; 2
-3.0, 1.0, 5.0; 2
-1.0, 1.0, 5.0; 2
0.0, 1.0, 5.0; 3
1.0, 1.0, 5.0; 5
2.0, 1.0, 5.0; 2
4.0, 1.0, 5.0; 1
5.0, 1.0, 5.0; 1
6.0, 1.0, 5.0; 1
-8.0, 2.0, 5.0; 3
-7.0, 2.0, 5.0; 6
-6.0, 2.0, 5.0; 8
-5.0, 2.0, 5.0; 3
-4.0, 2.0, 5.0; 5
-3.0, 2.0, 5.0; 2
-2.0, 2.0, 5.0; 4
-1.0, 2.0, 5.0; 16
0.0, 2.0, 5.0; 9
1.0, 2.0, 5.0; 1
2.0, 2.0, 5.0; 1
7.0, 2.0, 5.0; 1
-8.0, 3.0, 5.0; 4
-7.0, 3.0, 5.0; 12
-6.0, 3.0, 5.0; 8
-5.0, 3.0, 5.0; 4
-4.0, 3.0, 5.0; 7
-3.0, 3.0, 5.0; 1
-2.0, 3.0, 5.0; 9
-1.0, 3.0, 5.0; 7
0.0, 3.0, 5.0; 1
1.0, 3.0, 5.0; 3
2.0, 3.0, 5.0; 1
3.0, 3.0, 5.0; 1
5.0, 3.0, 5.0; 4
-7.0, 4.0, 5.0; 4
-6.0, 4.0, 5.0; 11
-5.0, 4.0, 5.0; 7
-4.0, 4.0, 5.0; 5
-3.0, 4.0, 5.0; 6
-2.0, 4.0, 5.0; 5
-1.0, 4.0, 5.0; 2
0.0, 4.0, 5.0; 4
2.0, 4.0, 5.0; 2
3.0, 4.0, 5.0; 5
5.0, 4.0, 5.0; 2
-7.0, 5.0, 5.0; 1
-6.0, 5.0, 5.0; 4
-5.0, 5.0, 5.0; 6
-4.0, 5.0, 5.0; 15
-3.0, 5.0, 5.0; 7
-2.0, 5.0, 5.0; 8
-1.0, 5.0, 5.0; 5
0.0, 5.0, 5.0; 1
1.0, 5.0, 5.0; 4
3.0, 5.0, 5.0; 4
4.0, 5.0, 5.0; 4
5.0, 5.0, 5.0; 2
-5.0, 6.0, 5.0; 3
-4.0, 6.0, 5.0; 15
-3.0, 6.0, 5.0; 10
-2.0, 6.0, 5.0; 7
-1.0, 6.0, 5.0; 9
0.0, 6.0, 5.0; 8
2.0, 6.0, 5.0; 1
3.0, 6.0, 5.0; 4
4.0, 6.0, 5.0; 1
-5.0, 7.0, 5.0; 1
-4.0, 7.0, 5.0; 5
-3.0, 7.0, 5.0; 9
-2.0, 7.0, 5.0; 18
-1.0, 7.0, 5.0; 2
0.0, 7.0, 5.0; 1
1.0, 7.0, 5.0; 2
2.0, 7.0, 5.0; 1
3.0, 7.0, 5.0; 1
4.0, 7.0, 5.0; 1
-2.0, -8.0, 6.0; 3
-1.0, -8.0, 6.0; 1
0.0, -8.0, 6.0; 6
1.0, -8.0, 6.0; 4
2.0, -8.0, 6.0; 1
-5.0, -7.0, 6.0; 1
-4.0, -7.0, 6.0; 7
-3.0, -7.0, 6.0; 9
-2.0, -7.0, 6.0; 7
-1.0, -7.0, 6.0; 1
0.0, -7.0, 6.0; 3
1.0, -7.0, 6.0; 6
3.0, -7.0, 6.0; 1
4.0, -7.0, 6.0; 1
-6.0, -6.0, 6.0; 2
-5.0, -6.0, 6.0; 9
-4.0, -6.0, 6.0; 15
-3.0, -6.0, 6.0; 6
-2.0, -6.0, 6.0; 3
-1.0, -6.0, 6.0; 3
0.0, -6.0, 6.0; 1
2.0, -6.0, 6.0; 3
3.0, -6.0, 6.0; 1
4.0, -6.0, 6.0; 1
-6.0, -5.0, 6.0; 7
-5.0, -5.0, 6.0; 4
-4.0, -5.0, 6.0; 3
-3.0, -5.0, 6.0; 6
-2.0, -5.0, 6.0; 4
-1.0, -5.0, 6.0; 3
0.0, -5.0, 6.0; 1
1.0, -5.0, 6.0; 1
2.0, -5.0, 6.0; 1
3.0, -5.0, 6.0; 1
4.0, -5.0, 6.0; 1
-7.0, -4.0, 6.0; 6
-6.0, -4.0, 6.0; 9
-5.0, -4.0, 6.0; 6
-4.0, -4.0, 6.0; 5
-3.0, -4.0, 6.0; 4
-2.0, -4.0, 6.0; 1
-1.0, -4.0, 6.0; 1
0.0, -4.0, 6.0; 2
1.0, -4.0, 6.0; 1
2.0, -4.0, 6.0; 1
4.0, -4.0, 6.0; 1
6.0, -4.0, 6.0; 1
-8.0, -3.0, 6.0; 1
-7.0, -3.0, 6.0; 5
-6.0, -3.0, 6.0; 2
-5.0, -3.0, 6.0; 1
-4.0, -3.0, 6.0; 4
-3.0, -3.0, 6.0; 1
-2.0, -3.0, 6.0; 1
-1.0, -3.0, 6.0; 1
0.0, -3.0, 6.0; 1
-8.0, -2.0, 6.0; 2
-7.0, -2.0, 6.0; 3
-5.0, -2.0, 6.0; 2
-4.0, -2.0, 6.0; 2
-3.0, -2.0, 6.0; 2
-2.0, -2.0, 6.0; 1
0.0, -2.0, 6.0; 3
7.0, -2.0, 6.0; 1
-7.0, -1.0, 6.0; 4
-6.0, -1.0, 6.0; 2
-5.0, -1.0, 6.0; 1
-4.0, -1.0, 6.0; 3
0.0, -1.0, 6.0; 1
1.0, -1.0, 6.0; 3
2.0, -1.0, 6.0; 1
4.0, -1.0, 6.0; 1
6.0, -1.0, 6.0; 1
-8.0, 0.0, 6.0; 4
-7.0, 0.0, 6.0; 3
-6.0, 0.0, 6.0; 5
-5.0, 0.0, 6.0; 1
-4.0, 0.0, 6.0; 1
1.0, 0.0, 6.0; 2
2.0, 0.0, 6.0; 1
-6.0, 1.0, 6.0; 3
-5.0, 1.0, 6.0; 3
-4.0, 1.0, 6.0; 1
-3.0, 1.0, 6.0; 2
-2.0, 1.0, 6.0; 2
-1.0, 1.0, 6.0; 1
0.0, 1.0, 6.0; 1
1.0, 1.0, 6.0; 2
2.0, 1.0, 6.0; 1
4.0, 1.0, 6.0; 1
5.0, 1.0, 6.0; 2
6.0, 1.0, 6.0; 1
-7.0, 2.0, 6.0; 2
-6.0, 2.0, 6.0; 3
-5.0, 2.0, 6.0; 3
-4.0, 2.0, 6.0; 3
-3.0, 2.0, 6.0; 3
-2.0, 2.0, 6.0; 1
0.0, 2.0, 6.0; 1
1.0, 2.0, 6.0; 2
2.0, 2.0, 6.0; 1
3.0, 2.0, 6.0; 1
4.0, 2.0, 6.0; 1
6.0, 2.0, 6.0; 1
-7.0, 3.0, 6.0; 2
-6.0, 3.0, 6.0; 1
-5.0, 3.0, 6.0; 3
-4.0, 3.0, 6.0; 2
-3.0, 3.0, 6.0; 3
-2.0, 3.0, 6.0; 3
-1.0, 3.0, 6.0; 2
1.0, 3.0, 6.0; 1
2.0, 3.0, 6.0; 2
4.0, 3.0, 6.0; 1
-7.0, 4.0, 6.0; 1
-6.0, 4.0, 6.0; 2
-5.0, 4.0, 6.0; 4
-4.0, 4.0, 6.0; 5
-3.0, 4.0, 6.0; 5
-2.0, 4.0, 6.0; 5
-1.0, 4.0, 6.0; 4
0.0, 4.0, 6.0; 1
1.0, 4.0, 6.0; 7
2.0, 4.0, 6.0; 4
3.0, 4.0, 6.0; 5
4.0, 4.0, 6.0; 1
5.0, 4.0, 6.0; 1
-6.0, 5.0, 6.0; 1
-5.0, 5.0, 6.0; 1
-4.0, 5.0, 6.0; 4
-3.0, 5.0, 6.0; 4
-2.0, 5.0, 6.0; 8
-1.0, 5.0, 6.0; 4
0.0, 5.0, 6.0; 2
1.0, 5.0, 6.0; 3
2.0, 5.0, 6.0; 3
-5.0, 6.0, 6.0; 2
-4.0, 6.0, 6.0; 2
-3.0, 6.0, 6.0; 4
-2.0, 6.0, 6.0; 1
-1.0, 6.0, 6.0; 3
0.0, 6.0, 6.0; 3
1.0, 6.0, 6.0; 2
2.0, 6.0, 6.0; 1
3.0, 6.0, 6.0; 5
4.0, 6.0, 6.0; 1
-4.0, 7.0, 6.0; 2
-3.0, 7.0, 6.0; 1
-2.0, 7.0, 6.0; 2
1.0, 7.0, 6.0; 2
-2.0, -7.0, 7.0; 1
-1.0, -7.0, 7.0; 6
0.0, -7.0, 7.0; 4
1.0, -7.0, 7.0; 1
2.0, -7.0, 7.0; 1
-5.0, -6.0, 7.0; 3
-4.0, -6.0, 7.0; 3
-3.0, -6.0, 7.0; 4
-2.0, -6.0, 7.0; 6
-1.0, -6.0, 7.0; 2
0.0, -6.0, 7.0; 4
1.0, -6.0, 7.0; 1
2.0, -6.0, 7.0; 1
3.0, -6.0, 7.0; 2
4.0, -6.0, 7.0; 1
-6.0, -5.0, 7.0; 1
-5.0, -5.0, 7.0; 5
-4.0, -5.0, 7.0; 6
-3.0, -5.0, 7.0; 5
-2.0, -5.0, 7.0; 3
-1.0, -5.0, 7.0; 2
0.0, -5.0, 7.0; 2
1.0, -5.0, 7.0; 1
2.0, -5.0, 7.0; 2
4.0, -5.0, 7.0; 1
-6.0, -4.0, 7.0; 3
-5.0, -4.0, 7.0; 5
-4.0, -4.0, 7.0; 6
-3.0, -4.0, 7.0; 6
-2.0, -4.0, 7.0; 1
-1.0, -4.0, 7.0; 3
2.0, -4.0, 7.0; 1
-6.0, -3.0, 7.0; 4
-5.0, -3.0, 7.0; 4
-4.0, -3.0, 7.0; 6
-3.0, -3.0, 7.0; 3
-2.0, -3.0, 7.0; 2
-1.0, -3.0, 7.0; 1
0.0, -3.0, 7.0; 1
1.0, -3.0, 7.0; 1
2.0, -3.0, 7.0; 1
4.0, -3.0, 7.0; 1
-7.0, -2.0, 7.0; 1
-6.0, -2.0, 7.0; 1
-5.0, -2.0, 7.0; 2
-4.0, -2.0, 7.0; 3
-3.0, -2.0, 7.0; 4
-2.0, -2.0, 7.0; 1
0.0, -2.0, 7.0; 1
-7.0, -1.0, 7.0; 1
-6.0, -1.0, 7.0; 4
-5.0, -1.0, 7.0; 1
-3.0, -1.0, 7.0; 1
-2.0, -1.0, 7.0; 1
-1.0, -1.0, 7.0; 3
0.0, -1.0, 7.0; 1
-7.0, 0.0, 7.0; 1
-6.0, 0.0, 7.0; 3
-5.0, 0.0, 7.0; 2
-4.0, 0.0, 7.0; 1
-3.0, 0.0, 7.0; 1
0.0, 0.0, 7.0; 1
1.0, 0.0, 7.0; 2
3.0, 0.0, 7.0; 1
-7.0, 1.0, 7.0; 1
-6.0, 1.0, 7.0; 1
-5.0, 1.0, 7.0; 1
-4.0, 1.0, 7.0; 1
-3.0, 1.0, 7.0; 3
-7.0, 2.0, 7.0; 2
-5.0, 2.0, 7.0; 3
-4.0, 2.0, 7.0; 2
-3.0, 2.0, 7.0; 1
-2.0, 2.0, 7.0; 4
-1.0, 2.0, 7.0; 4
0.0, 2.0, 7.0; 3
1.0, 2.0, 7.0; 1
3.0, 2.0, 7.0; 1
-6.0, 3.0, 7.0; 1
-4.0, 3.0, 7.0; 1
-3.0, 3.0, 7.0; 5
-2.0, 3.0, 7.0; 1
-1.0, 3.0, 7.0; 1
0.0, 3.0, 7.0; 3
1.0, 3.0, 7.0; 3
2.0, 3.0, 7.0; 6
3.0, 3.0, 7.0; 1
-3.0, 4.0, 7.0; 4
-2.0, 4.0, 7.0; 1
-1.0, 4.0, 7.0; 3
0.0, 4.0, 7.0; 2
1.0, 4.0, 7.0; 1
2.0, 4.0, 7.0; 2
3.0, 4.0, 7.0; 1
-4.0, 5.0, 7.0; 2
-3.0, 5.0, 7.0; 4
-1.0, 5.0, 7.0; 1
0.0, 5.0, 7.0; 3
1.0, 5.0, 7.0; 5
-3.0, -6.0, 8.0; 1
-3.0, -5.0, 8.0; 1
-2.0, -5.0, 8.0; 1
-1.0, -5.0, 8.0; 2
0.0, -5.0, 8.0; 1
1.0, -5.0, 8.0; 1
-5.0, -4.0, 8.0; 1
-4.0, -4.0, 8.0; 1
-3.0, -4.0, 8.0; 1
-1.0, -4.0, 8.0; 1
0.0, -4.0, 8.0; 1
1.0, -4.0, 8.0; 2
-5.0, -3.0, 8.0; 1
-4.0, -3.0, 8.0; 2
-2.0, -3.0, 8.0; 1
0.0, -3.0, 8.0; 1
1.0, -3.0, 8.0; 1
-6.0, -2.0, 8.0; 1
-5.0, -2.0, 8.0; 1
-3.0, -2.0, 8.0; 2
-2.0, -2.0, 8.0; 1
-4.0, -1.0, 8.0; 3
-3.0, -1.0, 8.0; 1
-2.0, -1.0, 8.0; 1
0.0, -1.0, 8.0; 1
1.0, -1.0, 8.0; 1
-5.0, 0.0, 8.0; 1
-3.0, 0.0, 8.0; 1
-2.0, 0.0, 8.0; 1
3.0, 0.0, 8.0; 1
4.0, 0.0, 8.0; 1
-4.0, 1.0, 8.0; 1
-3.0, 1.0, 8.0; 2
-2.0, 1.0, 8.0; 2
-6.0, 2.0, 8.0; 1
-4.0, 2.0, 8.0; 3
-3.0, 2.0, 8.0; 1
-2.0, 2.0, 8.0; 2
-1.0, 2.0, 8.0; 1
0.0, 2.0, 8.0; 1
1.0, 2.0, 8.0; 1
-4.0, 3.0, 8.0; 1
-3.0, 3.0, 8.0; 1
-2.0, 3.0, 8.0; 3
-1.0, 3.0, 8.0; 2
0.0, 3.0, 8.0; 1
1.0, 3.0, 8.0; 1
-4.0, 4.0, 8.0; 1
-3.0, 4.0, 8.0; 1
1.0, 4.0, 8.0; 2
3.0, 4.0, 8.0; 1
-3.0, 5.0, 8.0; 1
-1.0, 5.0, 8.0; 3
1.0, -4.0, 9.0; 1
-3.0, -3.0, 9.0; 1
-4.0, -1.0, 9.0; 1
1.0, -1.0, 9.0; 1
-3.0, 0.0, 9.0; 1
0.0, 0.0, 9.0; 1
-2.0, 1.0, 9.0; 1
-3.0, 2.0, 9.0; 2
-2.0, -4.0, -10.0; 1
-1.0, -4.0, -10.0; 2
0.0, -4.0, -10.0; 3
1.0, -4.0, -10.0; 1
-3.0, -3.0, -10.0; 3
-2.0, -3.0, -10.0; 3
-1.0, -3.0, -10.0; 4
0.0, -3.0, -10.0; 6
1.0, -3.0, -10.0; 1
-4.0, -2.0, -10.0; 2
-3.0, -2.0, -10.0; 4
-2.0, -2.0, -10.0; 2
-1.0, -2.0, -10.0; 2
0.0, -2.0, -10.0; 4
1.0, -2.0, -10.0; 2
-4.0, -1.0, -10.0; 2
-3.0, -1.0, -10.0; 2
-2.0, -1.0, -10.0; 3
-1.0, -1.0, -10.0; 8
0.0, -1.0, -10.0; 3
1.0, -1.0, -10.0; 1
4.0, -1.0, -10.0; 1
-5.0, 0.0, -10.0; 1
-4.0, 0.0, -10.0; 1
-3.0, 0.0, -10.0; 1
-2.0, 0.0, -10.0; 2
-1.0, 0.0, -10.0; 3
0.0, 0.0, -10.0; 1
1.0, 0.0, -10.0; 1
2.0, 0.0, -10.0; 2
-3.0, 1.0, -10.0; 4
-2.0, 1.0, -10.0; 1
0.0, 1.0, -10.0; 2
1.0, 1.0, -10.0; 2
-3.0, 2.0, -10.0; 1
-2.0, 2.0, -10.0; 1
-1.0, 2.0, -10.0; 3
0.0, 2.0, -10.0; 1
-2.0, 3.0, -10.0; 1
-1.0, 3.0, -10.0; 1
0.0, 3.0, -10.0; 1
-2.0, -6.0, -9.0; 1
-1.0, -6.0, -9.0; 4
0.0, -6.0, -9.0; 9
1.0, -6.0, -9.0; 1
2.0, -6.0, -9.0; 1
-4.0, -5.0, -9.0; 2
-2.0, -5.0, -9.0; 1
-1.0, -5.0, -9.0; 8
0.0, -5.0, -9.0; 4
1.0, -5.0, -9.0; 2
2.0, -5.0, -9.0; 1
-5.0, -4.0, -9.0; 1
-4.0, -4.0, -9.0; 2
-3.0, -4.0, -9.0; 3
-2.0, -4.0, -9.0; 3
-1.0, -4.0, -9.0; 6
0.0, -4.0, -9.0; 6
1.0, -4.0, -9.0; 6
2.0, -4.0, -9.0; 4
4.0, -4.0, -9.0; 1
-5.0, -3.0, -9.0; 2
-4.0, -3.0, -9.0; 3
-3.0, -3.0, -9.0; 3
-2.0, -3.0, -9.0; 6
-1.0, -3.0, -9.0; 1
0.0, -3.0, -9.0; 12
1.0, -3.0, -9.0; 8
2.0, -3.0, -9.0; 7
3.0, -3.0, -9.0; 1
4.0, -3.0, -9.0; 1
-6.0, -2.0, -9.0; 3
-5.0, -2.0, -9.0; 2
-4.0, -2.0, -9.0; 1
-3.0, -2.0, -9.0; 6
-2.0, -2.0, -9.0; 3
-1.0, -2.0, -9.0; 2
0.0, -2.0, -9.0; 1
1.0, -2.0, -9.0; 9
2.0, -2.0, -9.0; 10
3.0, -2.0, -9.0; 2
4.0, -2.0, -9.0; 1
-5.0, -1.0, -9.0; 1
-4.0, -1.0, -9.0; 3
-3.0, -1.0, -9.0; 5
-2.0, -1.0, -9.0; 4
-1.0, -1.0, -9.0; 6
0.0, -1.0, -9.0; 6
1.0, -1.0, -9.0; 5
2.0, -1.0, -9.0; 3
3.0, -1.0, -9.0; 1
4.0, -1.0, -9.0; 1
5.0, -1.0, -9.0; 1
-6.0, 0.0, -9.0; 1
-5.0, 0.0, -9.0; 3
-4.0, 0.0, -9.0; 6
-3.0, 0.0, -9.0; 6
-2.0, 0.0, -9.0; 8
-1.0, 0.0, -9.0; 3
0.0, 0.0, -9.0; 7
1.0, 0.0, -9.0; 1
2.0, 0.0, -9.0; 1
3.0, 0.0, -9.0; 3
4.0, 0.0, -9.0; 5
5.0, 0.0, -9.0; 6
-5.0, 1.0, -9.0; 2
-4.0, 1.0, -9.0; 11
-3.0, 1.0, -9.0; 7
-2.0, 1.0, -9.0; 8
-1.0, 1.0, -9.0; 7
0.0, 1.0, -9.0; 6
1.0, 1.0, -9.0; 1
3.0, 1.0, -9.0; 3
4.0, 1.0, -9.0; 1
5.0, 1.0, -9.0; 1
-5.0, 2.0, -9.0; 3
-4.0, 2.0, -9.0; 6
-3.0, 2.0, -9.0; 6
-2.0, 2.0, -9.0; 7
-1.0, 2.0, -9.0; 4
1.0, 2.0, -9.0; 8
2.0, 2.0, -9.0; 2
3.0, 2.0, -9.0; 1
-5.0, 3.0, -9.0; 1
-4.0, 3.0, -9.0; 10
-3.0, 3.0, -9.0; 2
-2.0, 3.0, -9.0; 5
-1.0, 3.0, -9.0; 5
0.0, 3.0, -9.0; 6
1.0, 3.0, -9.0; 2
2.0, 3.0, -9.0; 1
3.0, 3.0, -9.0; 3
4.0, 3.0, -9.0; 2
-4.0, 4.0, -9.0; 1
-3.0, 4.0, -9.0; 2
-2.0, 4.0, -9.0; 5
-1.0, 4.0, -9.0; 1
0.0, 4.0, -9.0; 4
1.0, 4.0, -9.0; 4
2.0, 4.0, -9.0; 2
3.0, 4.0, -9.0; 1
-3.0, 5.0, -9.0; 1
-3.0, -7.0, -8.0; 2
-1.0, -7.0, -8.0; 3
0.0, -7.0, -8.0; 10
1.0, -7.0, -8.0; 10
2.0, -7.0, -8.0; 2
-3.0, -6.0, -8.0; 4
-2.0, -6.0, -8.0; 2
-1.0, -6.0, -8.0; 7
0.0, -6.0, -8.0; 12
1.0, -6.0, -8.0; 9
2.0, -6.0, -8.0; 11
3.0, -6.0, -8.0; 1
4.0, -6.0, -8.0; 1
-5.0, -5.0, -8.0; 3
-4.0, -5.0, -8.0; 5
-3.0, -5.0, -8.0; 6
-2.0, -5.0, -8.0; 5
-1.0, -5.0, -8.0; 10
0.0, -5.0, -8.0; 6
1.0, -5.0, -8.0; 6
2.0, -5.0, -8.0; 10
3.0, -5.0, -8.0; 9
4.0, -5.0, -8.0; 4
5.0, -5.0, -8.0; 1
-6.0, -4.0, -8.0; 3
-5.0, -4.0, -8.0; 6
-4.0, -4.0, -8.0; 6
-3.0, -4.0, -8.0; 7
-2.0, -4.0, -8.0; 1
-1.0, -4.0, -8.0; 5
0.0, -4.0, -8.0; 1
1.0, -4.0, -8.0; 5
2.0, -4.0, -8.0; 6
3.0, -4.0, -8.0; 7
4.0, -4.0, -8.0; 6
5.0, -4.0, -8.0; 1
-7.0, -3.0, -8.0; 4
-6.0, -3.0, -8.0; 3
-5.0, -3.0, -8.0; 7
-4.0, -3.0, -8.0; 12
-3.0, -3.0, -8.0; 7
-2.0, -3.0, -8.0; 5
-1.0, -3.0, -8.0; 5
0.0, -3.0, -8.0; 2
1.0, -3.0, -8.0; 3
2.0, -3.0, -8.0; 8
3.0, -3.0, -8.0; 6
4.0, -3.0, -8.0; 2
5.0, -3.0, -8.0; 4
-7.0, -2.0, -8.0; 1
-6.0, -2.0, -8.0; 2
-5.0, -2.0, -8.0; 15
-4.0, -2.0, -8.0; 9
-3.0, -2.0, -8.0; 18
-2.0, -2.0, -8.0; 12
-1.0, -2.0, -8.0; 4
0.0, -2.0, -8.0; 2
1.0, -2.0, -8.0; 2
2.0, -2.0, -8.0; 8
3.0, -2.0, -8.0; 18
4.0, -2.0, -8.0; 2
5.0, -2.0, -8.0; 2
-7.0, -1.0, -8.0; 1
-6.0, -1.0, -8.0; 4
-5.0, -1.0, -8.0; 6
-4.0, -1.0, -8.0; 14
-3.0, -1.0, -8.0; 9
-2.0, -1.0, -8.0; 5
-1.0, -1.0, -8.0; 1
0.0, -1.0, -8.0; 5
1.0, -1.0, -8.0; 10
2.0, -1.0, -8.0; 21
3.0, -1.0, -8.0; 15
4.0, -1.0, -8.0; 1
5.0, -1.0, -8.0; 3
6.0, -1.0, -8.0; 4
7.0, -1.0, -8.0; 2
-7.0, 0.0, -8.0; 2
-6.0, 0.0, -8.0; 3
-5.0, 0.0, -8.0; 11
-4.0, 0.0, -8.0; 13
-3.0, 0.0, -8.0; 7
-2.0, 0.0, -8.0; 3
-1.0, 0.0, -8.0; 4
0.0, 0.0, -8.0; 4
1.0, 0.0, -8.0; 14
2.0, 0.0, -8.0; 10
3.0, 0.0, -8.0; 4
4.0, 0.0, -8.0; 3
6.0, 0.0, -8.0; 3
-7.0, 1.0, -8.0; 1
-6.0, 1.0, -8.0; 8
-5.0, 1.0, -8.0; 15
-4.0, 1.0, -8.0; 12
-3.0, 1.0, -8.0; 15
-2.0, 1.0, -8.0; 9
-1.0, 1.0, -8.0; 9
0.0, 1.0, -8.0; 6
1.0, 1.0, -8.0; 8
2.0, 1.0, -8.0; 3
3.0, 1.0, -8.0; 2
4.0, 1.0, -8.0; 1
5.0, 1.0, -8.0; 4
-7.0, 2.0, -8.0; 4
-6.0, 2.0, -8.0; 7
-5.0, 2.0, -8.0; 8
-4.0, 2.0, -8.0; 11
-3.0, 2.0, -8.0; 12
-2.0, 2.0, -8.0; 7
-1.0, 2.0, -8.0; 4
0.0, 2.0, -8.0; 7
1.0, 2.0, -8.0; 8
2.0, 2.0, -8.0; 2
3.0, 2.0, -8.0; 5
4.0, 2.0, -8.0; 1
5.0, 2.0, -8.0; 4
-6.0, 3.0, -8.0; 7
-5.0, 3.0, -8.0; 11
-4.0, 3.0, -8.0; 15
-3.0, 3.0, -8.0; 10
-2.0, 3.0, -8.0; 9
-1.0, 3.0, -8.0; 5
0.0, 3.0, -8.0; 7
1.0, 3.0, -8.0; 5
2.0, 3.0, -8.0; 5
3.0, 3.0, -8.0; 4
4.0, 3.0, -8.0; 5
5.0, 3.0, -8.0; 1
-5.0, 4.0, -8.0; 5
-4.0, 4.0, -8.0; 7
-3.0, 4.0, -8.0; 13
-2.0, 4.0, -8.0; 3
-1.0, 4.0, -8.0; 10
0.0, 4.0, -8.0; 4
1.0, 4.0, -8.0; 2
2.0, 4.0, -8.0; 7
3.0, 4.0, -8.0; 5
4.0, 4.0, -8.0; 3
-5.0, 5.0, -8.0; 1
-4.0, 5.0, -8.0; 2
-3.0, 5.0, -8.0; 3
-2.0, 5.0, -8.0; 3
-1.0, 5.0, -8.0; 4
0.0, 5.0, -8.0; 3
1.0, 5.0, -8.0; 2
2.0, 5.0, -8.0; 2
-3.0, 6.0, -8.0; 2
-1.0, 6.0, -8.0; 2
2.0, 6.0, -8.0; 2
-3.0, -8.0, -7.0; 3
-2.0, -8.0, -7.0; 10
-1.0, -8.0, -7.0; 11
0.0, -8.0, -7.0; 14
1.0, -8.0, -7.0; 9
2.0, -8.0, -7.0; 3
3.0, -8.0, -7.0; 2
-5.0, -7.0, -7.0; 2
-4.0, -7.0, -7.0; 7
-3.0, -7.0, -7.0; 13
-2.0, -7.0, -7.0; 22
-1.0, -7.0, -7.0; 22
0.0, -7.0, -7.0; 14
1.0, -7.0, -7.0; 9
2.0, -7.0, -7.0; 6
3.0, -7.0, -7.0; 5
4.0, -7.0, -7.0; 2
-5.0, -6.0, -7.0; 3
-4.0, -6.0, -7.0; 8
-3.0, -6.0, -7.0; 8
-2.0, -6.0, -7.0; 7
-1.0, -6.0, -7.0; 4
0.0, -6.0, -7.0; 8
1.0, -6.0, -7.0; 9
2.0, -6.0, -7.0; 13
3.0, -6.0, -7.0; 9
4.0, -6.0, -7.0; 6
5.0, -6.0, -7.0; 2
-6.0, -5.0, -7.0; 4
-5.0, -5.0, -7.0; 13
-4.0, -5.0, -7.0; 8
-3.0, -5.0, -7.0; 11
-2.0, -5.0, -7.0; 16
-1.0, -5.0, -7.0; 2
0.0, -5.0, -7.0; 4
1.0, -5.0, -7.0; 5
2.0, -5.0, -7.0; 3
3.0, -5.0, -7.0; 2
4.0, -5.0, -7.0; 2
5.0, -5.0, -7.0; 3
-7.0, -4.0, -7.0; 1
-6.0, -4.0, -7.0; 17
-5.0, -4.0, -7.0; 15
-4.0, -4.0, -7.0; 3
-3.0, -4.0, -7.0; 21
-2.0, -4.0, -7.0; 7
-1.0, -4.0, -7.0; 3
0.0, -4.0, -7.0; 4
1.0, -4.0, -7.0; 3
3.0, -4.0, -7.0; 4
4.0, -4.0, -7.0; 6
-7.0, -3.0, -7.0; 8
-6.0, -3.0, -7.0; 6
-5.0, -3.0, -7.0; 12
-4.0, -3.0, -7.0; 3
-3.0, -3.0, -7.0; 4
-2.0, -3.0, -7.0; 3
-1.0, -3.0, -7.0; 5
0.0, -3.0, -7.0; 2
1.0, -3.0, -7.0; 2
2.0, -3.0, -7.0; 1
3.0, -3.0, -7.0; 8
4.0, -3.0, -7.0; 5
5.0, -3.0, -7.0; 1
-8.0, -2.0, -7.0; 2
-7.0, -2.0, -7.0; 1
-6.0, -2.0, -7.0; 5
-5.0, -2.0, -7.0; 10
-4.0, -2.0, -7.0; 4
-3.0, -2.0, -7.0; 6
-2.0, -2.0, -7.0; 7
-1.0, -2.0, -7.0; 6
0.0, -2.0, -7.0; 5
1.0, -2.0, -7.0; 3
2.0, -2.0, -7.0; 1
3.0, -2.0, -7.0; 19
4.0, -2.0, -7.0; 6
5.0, -2.0, -7.0; 1
6.0, -2.0, -7.0; 2
-8.0, -1.0, -7.0; 5
-7.0, -1.0, -7.0; 10
-6.0, -1.0, -7.0; 10
-5.0, -1.0, -7.0; 17
-4.0, -1.0, -7.0; 10
-3.0, -1.0, -7.0; 1
-2.0, -1.0, -7.0; 5
-1.0, -1.0, -7.0; 9
0.0, -1.0, -7.0; 9
1.0, -1.0, -7.0; 3
2.0, -1.0, -7.0; 13
3.0, -1.0, -7.0; 27
4.0, -1.0, -7.0; 2
5.0, -1.0, -7.0; 1
6.0, -1.0, -7.0; 3
7.0, -1.0, -7.0; 1
-8.0, 0.0, -7.0; 2
-7.0, 0.0, -7.0; 5
-6.0, 0.0, -7.0; 11
-5.0, 0.0, -7.0; 3
-4.0, 0.0, -7.0; 7
-3.0, 0.0, -7.0; 3
-2.0, 0.0, -7.0; 2
0.0, 0.0, -7.0; 5
1.0, 0.0, -7.0; 6
2.0, 0.0, -7.0; 27
3.0, 0.0, -7.0; 7
4.0, 0.0, -7.0; 2
5.0, 0.0, -7.0; 1
6.0, 0.0, -7.0; 4
7.0, 0.0, -7.0; 1
-8.0, 1.0, -7.0; 2
-7.0, 1.0, -7.0; 1
-6.0, 1.0, -7.0; 12
-5.0, 1.0, -7.0; 18
-4.0, 1.0, -7.0; 1
-3.0, 1.0, -7.0; 1
-1.0, 1.0, -7.0; 2
0.0, 1.0, -7.0; 6
1.0, 1.0, -7.0; 7
2.0, 1.0, -7.0; 3
3.0, 1.0, -7.0; 5
4.0, 1.0, -7.0; 5
7.0, 1.0, -7.0; 1
-8.0, 2.0, -7.0; 2
-7.0, 2.0, -7.0; 15
-6.0, 2.0, -7.0; 7
-5.0, 2.0, -7.0; 10
-4.0, 2.0, -7.0; 3
-3.0, 2.0, -7.0; 2
-2.0, 2.0, -7.0; 1
1.0, 2.0, -7.0; 10
2.0, 2.0, -7.0; 10
3.0, 2.0, -7.0; 4
4.0, 2.0, -7.0; 3
-8.0, 3.0, -7.0; 1
-7.0, 3.0, -7.0; 3
-6.0, 3.0, -7.0; 6
-5.0, 3.0, -7.0; 3
-4.0, 3.0, -7.0; 4
-3.0, 3.0, -7.0; 3
-2.0, 3.0, -7.0; 6
0.0, 3.0, -7.0; 4
1.0, 3.0, -7.0; 6
2.0, 3.0, -7.0; 11
3.0, 3.0, -7.0; 3
4.0, 3.0, -7.0; 2
5.0, 3.0, -7.0; 2
6.0, 3.0, -7.0; 1
-7.0, 4.0, -7.0; 3
-6.0, 4.0, -7.0; 7
-5.0, 4.0, -7.0; 6
-4.0, 4.0, -7.0; 3
-3.0, 4.0, -7.0; 4
-1.0, 4.0, -7.0; 5
0.0, 4.0, -7.0; 2
1.0, 4.0, -7.0; 5
2.0, 4.0, -7.0; 6
3.0, 4.0, -7.0; 2
4.0, 4.0, -7.0; 2
5.0, 4.0, -7.0; 2
6.0, 4.0, -7.0; 1
-6.0, 5.0, -7.0; 3
-5.0, 5.0, -7.0; 4
-4.0, 5.0, -7.0; 5
-3.0, 5.0, -7.0; 9
-2.0, 5.0, -7.0; 1
-1.0, 5.0, -7.0; 5
0.0, 5.0, -7.0; 4
1.0, 5.0, -7.0; 4
2.0, 5.0, -7.0; 4
3.0, 5.0, -7.0; 3
4.0, 5.0, -7.0; 3
-5.0, 6.0, -7.0; 2
-4.0, 6.0, -7.0; 6
-3.0, 6.0, -7.0; 5
-2.0, 6.0, -7.0; 4
-1.0, 6.0, -7.0; 8
0.0, 6.0, -7.0; 4
1.0, 6.0, -7.0; 4
2.0, 6.0, -7.0; 6
3.0, 6.0, -7.0; 5
4.0, 6.0, -7.0; 1
-3.0, 7.0, -7.0; 2
-2.0, 7.0, -7.0; 3
-1.0, 7.0, -7.0; 4
1.0, 7.0, -7.0; 1
-2.0, -9.0, -6.0; 2
-1.0, -9.0, -6.0; 6
0.0, -9.0, -6.0; 10
1.0, -9.0, -6.0; 3
2.0, -9.0, -6.0; 3
-4.0, -8.0, -6.0; 1
-3.0, -8.0, -6.0; 21
-2.0, -8.0, -6.0; 318
-1.0, -8.0, -6.0; 372
0.0, -8.0, -6.0; 55
1.0, -8.0, -6.0; 30
2.0, -8.0, -6.0; 31
3.0, -8.0, -6.0; 14
4.0, -8.0, -6.0; 5
-6.0, -7.0, -6.0; 1
-5.0, -7.0, -6.0; 11
-4.0, -7.0, -6.0; 22
-3.0, -7.0, -6.0; 85
-2.0, -7.0, -6.0; 369
-1.0, -7.0, -6.0; 243
0.0, -7.0, -6.0; 28
1.0, -7.0, -6.0; 16
2.0, -7.0, -6.0; 10
3.0, -7.0, -6.0; 6
4.0, -7.0, -6.0; 14
5.0, -7.0, -6.0; 7
-6.0, -6.0, -6.0; 7
-5.0, -6.0, -6.0; 15
-4.0, -6.0, -6.0; 14
-3.0, -6.0, -6.0; 47
-2.0, -6.0, -6.0; 101
-1.0, -6.0, -6.0; 40
0.0, -6.0, -6.0; 17
1.0, -6.0, -6.0; 14
2.0, -6.0, -6.0; 12
3.0, -6.0, -6.0; 3
4.0, -6.0, -6.0; 6
5.0, -6.0, -6.0; 10
-7.0, -5.0, -6.0; 4
-6.0, -5.0, -6.0; 9
-5.0, -5.0, -6.0; 14
-4.0, -5.0, -6.0; 37
-3.0, -5.0, -6.0; 59
-2.0, -5.0, -6.0; 85
-1.0, -5.0, -6.0; 13
0.0, -5.0, -6.0; 17
1.0, -5.0, -6.0; 4
2.0, -5.0, -6.0; 2
3.0, -5.0, -6.0; 5
4.0, -5.0, -6.0; 7
5.0, -5.0, -6.0; 4
6.0, -5.0, -6.0; 2
-8.0, -4.0, -6.0; 1
-7.0, -4.0, -6.0; 14
-6.0, -4.0, -6.0; 16
-5.0, -4.0, -6.0; 17
-4.0, -4.0, -6.0; 43
-3.0, -4.0, -6.0; 48
-2.0, -4.0, -6.0; 22
-1.0, -4.0, -6.0; 8
0.0, -4.0, -6.0; 21
1.0, -4.0, -6.0; 11
2.0, -4.0, -6.0; 3
3.0, -4.0, -6.0; 1
4.0, -4.0, -6.0; 2
5.0, -4.0, -6.0; 1
6.0, -4.0, -6.0; 1
7.0, -4.0, -6.0; 1
-8.0, -3.0, -6.0; 5
-7.0, -3.0, -6.0; 13
-6.0, -3.0, -6.0; 11
-5.0, -3.0, -6.0; 14
-4.0, -3.0, -6.0; 11
-3.0, -3.0, -6.0; 16
-2.0, -3.0, -6.0; 25
-1.0, -3.0, -6.0; 57
0.0, -3.0, -6.0; 196
1.0, -3.0, -6.0; 26
2.0, -3.0, -6.0; 10
3.0, -3.0, -6.0; 3
4.0, -3.0, -6.0; 6
5.0, -3.0, -6.0; 2
6.0, -3.0, -6.0; 2
-9.0, -2.0, -6.0; 1
-8.0, -2.0, -6.0; 2
-7.0, -2.0, -6.0; 6
-6.0, -2.0, -6.0; 7
-5.0, -2.0, -6.0; 3
-4.0, -2.0, -6.0; 16
-3.0, -2.0, -6.0; 27
-2.0, -2.0, -6.0; 62
-1.0, -2.0, -6.0; 149
0.0, -2.0, -6.0; 118
1.0, -2.0, -6.0; 33
2.0, -2.0, -6.0; 9
3.0, -2.0, -6.0; 5
4.0, -2.0, -6.0; 7
5.0, -2.0, -6.0; 3
6.0, -2.0, -6.0; 2
7.0, -2.0, -6.0; 2
8.0, -2.0, -6.0; 1
-9.0, -1.0, -6.0; 3
-8.0, -1.0, -6.0; 10
-7.0, -1.0, -6.0; 9
-6.0, -1.0, -6.0; 10
-5.0, -1.0, -6.0; 3
-4.0, -1.0, -6.0; 3
-3.0, -1.0, -6.0; 28
-2.0, -1.0, -6.0; 65
-1.0, -1.0, -6.0; 99
0.0, -1.0, -6.0; 30
1.0, -1.0, -6.0; 12
2.0, -1.0, -6.0; 4
3.0, -1.0, -6.0; 12
4.0, -1.0, -6.0; 9
5.0, -1.0, -6.0; 1
-8.0, 0.0, -6.0; 5
-7.0, 0.0, -6.0; 17
-6.0, 0.0, -6.0; 18
-5.0, 0.0, -6.0; 4
-4.0, 0.0, -6.0; 4
-3.0, 0.0, -6.0; 8
-2.0, 0.0, -6.0; 24
-1.0, 0.0, -6.0; 36
0.0, 0.0, -6.0; 14
1.0, 0.0, -6.0; 5
2.0, 0.0, -6.0; 11
3.0, 0.0, -6.0; 39
4.0, 0.0, -6.0; 1
5.0, 0.0, -6.0; 6
6.0, 0.0, -6.0; 1
8.0, 0.0, -6.0; 2
-9.0, 1.0, -6.0; 1
-8.0, 1.0, -6.0; 5
-7.0, 1.0, -6.0; 12
-6.0, 1.0, -6.0; 12
-5.0, 1.0, -6.0; 10
-4.0, 1.0, -6.0; 10
-3.0, 1.0, -6.0; 13
-2.0, 1.0, -6.0; 32
-1.0, 1.0, -6.0; 26
0.0, 1.0, -6.0; 3
1.0, 1.0, -6.0; 7
2.0, 1.0, -6.0; 34
3.0, 1.0, -6.0; 20
4.0, 1.0, -6.0; 4
5.0, 1.0, -6.0; 4
6.0, 1.0, -6.0; 1
7.0, 1.0, -6.0; 2
-9.0, 2.0, -6.0; 3
-8.0, 2.0, -6.0; 12
-7.0, 2.0, -6.0; 8
-6.0, 2.0, -6.0; 8
-5.0, 2.0, -6.0; 24
-4.0, 2.0, -6.0; 18
-3.0, 2.0, -6.0; 15
-2.0, 2.0, -6.0; 19
-1.0, 2.0, -6.0; 31
0.0, 2.0, -6.0; 15
1.0, 2.0, -6.0; 2
2.0, 2.0, -6.0; 31
3.0, 2.0, -6.0; 15
4.0, 2.0, -6.0; 7
5.0, 2.0, -6.0; 2
6.0, 2.0, -6.0; 1
7.0, 2.0, -6.0; 1
-8.0, 3.0, -6.0; 4
-7.0, 3.0, -6.0; 8
-6.0, 3.0, -6.0; 4
-5.0, 3.0, -6.0; 6
-4.0, 3.0, -6.0; 11
-3.0, 3.0, -6.0; 16
-2.0, 3.0, -6.0; 14
-1.0, 3.0, -6.0; 4
0.0, 3.0, -6.0; 4
1.0, 3.0, -6.0; 3
2.0, 3.0, -6.0; 7
3.0, 3.0, -6.0; 10
4.0, 3.0, -6.0; 4
5.0, 3.0, -6.0; 2
7.0, 3.0, -6.0; 2
-8.0, 4.0, -6.0; 1
-7.0, 4.0, -6.0; 2
-6.0, 4.0, -6.0; 12
-5.0, 4.0, -6.0; 10
-4.0, 4.0, -6.0; 4
-3.0, 4.0, -6.0; 3
-2.0, 4.0, -6.0; 3
-1.0, 4.0, -6.0; 4
0.0, 4.0, -6.0; 7
1.0, 4.0, -6.0; 4
2.0, 4.0, -6.0; 3
3.0, 4.0, -6.0; 8
4.0, 4.0, -6.0; 1
5.0, 4.0, -6.0; 7
6.0, 4.0, -6.0; 4
-7.0, 5.0, -6.0; 4
-6.0, 5.0, -6.0; 10
-5.0, 5.0, -6.0; 7
-4.0, 5.0, -6.0; 12
-3.0, 5.0, -6.0; 19
-2.0, 5.0, -6.0; 1
-1.0, 5.0, -6.0; 2
0.0, 5.0, -6.0; 2
1.0, 5.0, -6.0; 1
2.0, 5.0, -6.0; 5
3.0, 5.0, -6.0; 3
4.0, 5.0, -6.0; 3
5.0, 5.0, -6.0; 5
-6.0, 6.0, -6.0; 1
-5.0, 6.0, -6.0; 7
-4.0, 6.0, -6.0; 10
-3.0, 6.0, -6.0; 10
-2.0, 6.0, -6.0; 9
-1.0, 6.0, -6.0; 4
0.0, 6.0, -6.0; 6
1.0, 6.0, -6.0; 3
2.0, 6.0, -6.0; 7
3.0, 6.0, -6.0; 3
4.0, 6.0, -6.0; 7
5.0, 6.0, -6.0; 2
-4.0, 7.0, -6.0; 2
-3.0, 7.0, -6.0; 9
-2.0, 7.0, -6.0; 5
-1.0, 7.0, -6.0; 12
0.0, 7.0, -6.0; 9
1.0, 7.0, -6.0; 6
2.0, 7.0, -6.0; 5
3.0, 7.0, -6.0; 2
4.0, 7.0, -6.0; 1
-2.0, 8.0, -6.0; 3
-1.0, 8.0, -6.0; 3
0.0, 8.0, -6.0; 6
1.0, 8.0, -6.0; 1
-1.0, -10.0, -5.0; 3
-4.0, -9.0, -5.0; 3
-3.0, -9.0, -5.0; 7
-2.0, -9.0, -5.0; 13
-1.0, -9.0, -5.0; 17
0.0, -9.0, -5.0; 32
1.0, -9.0, -5.0; 20
2.0, -9.0, -5.0; 16
3.0, -9.0, -5.0; 6
-6.0, -8.0, -5.0; 2
-5.0, -8.0, -5.0; 9
-4.0, -8.0, -5.0; 11
-3.0, -8.0, -5.0; 103
-2.0, -8.0, -5.0; 1232
-1.0, -8.0, -5.0; 970
0.0, -8.0, -5.0; 56
1.0, -8.0, -5.0; 17
2.0, -8.0, -5.0; 15
3.0, -8.0, -5.0; 12
4.0, -8.0, -5.0; 10
5.0, -8.0, -5.0; 2
-7.0, -7.0, -5.0; 3
-6.0, -7.0, -5.0; 6
-5.0, -7.0, -5.0; 9
-4.0, -7.0, -5.0; 8
-3.0, -7.0, -5.0; 24
-2.0, -7.0, -5.0; 148
-1.0, -7.0, -5.0; 73
0.0, -7.0, -5.0; 51
1.0, -7.0, -5.0; 15
2.0, -7.0, -5.0; 16
3.0, -7.0, -5.0; 4
4.0, -7.0, -5.0; 9
5.0, -7.0, -5.0; 7
6.0, -7.0, -5.0; 2
-7.0, -6.0, -5.0; 5
-6.0, -6.0, -5.0; 17
-5.0, -6.0, -5.0; 12
-4.0, -6.0, -5.0; 5
-3.0, -6.0, -5.0; 3
-2.0, -6.0, -5.0; 11
-1.0, -6.0, -5.0; 16
0.0, -6.0, -5.0; 47
1.0, -6.0, -5.0; 35
2.0, -6.0, -5.0; 10
3.0, -6.0, -5.0; 8
4.0, -6.0, -5.0; 6
5.0, -6.0, -5.0; 8
6.0, -6.0, -5.0; 5
-8.0, -5.0, -5.0; 8
-7.0, -5.0, -5.0; 12
-6.0, -5.0, -5.0; 6
-5.0, -5.0, -5.0; 8
-4.0, -5.0, -5.0; 3
-3.0, -5.0, -5.0; 8
-2.0, -5.0, -5.0; 14
-1.0, -5.0, -5.0; 11
0.0, -5.0, -5.0; 19
1.0, -5.0, -5.0; 40
2.0, -5.0, -5.0; 10
3.0, -5.0, -5.0; 11
4.0, -5.0, -5.0; 3
5.0, -5.0, -5.0; 8
6.0, -5.0, -5.0; 2
7.0, -5.0, -5.0; 1
-9.0, -4.0, -5.0; 1
-8.0, -4.0, -5.0; 5
-7.0, -4.0, -5.0; 9
-6.0, -4.0, -5.0; 7
-5.0, -4.0, -5.0; 18
-4.0, -4.0, -5.0; 27
-3.0, -4.0, -5.0; 107
-2.0, -4.0, -5.0; 292
-1.0, -4.0, -5.0; 72
0.0, -4.0, -5.0; 43
1.0, -4.0, -5.0; 189
2.0, -4.0, -5.0; 32
3.0, -4.0, -5.0; 12
4.0, -4.0, -5.0; 6
5.0, -4.0, -5.0; 3
6.0, -4.0, -5.0; 2
7.0, -4.0, -5.0; 2
8.0, -4.0, -5.0; 2
-9.0, -3.0, -5.0; 4
-8.0, -3.0, -5.0; 5
-7.0, -3.0, -5.0; 4
-6.0, -3.0, -5.0; 15
-5.0, -3.0, -5.0; 18
-4.0, -3.0, -5.0; 169
-3.0, -3.0, -5.0; 4005
-2.0, -3.0, -5.0; 1098
-1.0, -3.0, -5.0; 25
0.0, -3.0, -5.0; 348
1.0, -3.0, -5.0; 3811
2.0, -3.0, -5.0; 94
3.0, -3.0, -5.0; 4
4.0, -3.0, -5.0; 2
5.0, -3.0, -5.0; 4
6.0, -3.0, -5.0; 3
7.0, -3.0, -5.0; 3
-9.0, -2.0, -5.0; 1
-8.0, -2.0, -5.0; 8
-7.0, -2.0, -5.0; 12
-6.0, -2.0, -5.0; 4
-5.0, -2.0, -5.0; 10
-4.0, -2.0, -5.0; 39
-3.0, -2.0, -5.0; 392
-2.0, -2.0, -5.0; 78
-1.0, -2.0, -5.0; 14
0.0, -2.0, -5.0; 119
1.0, -2.0, -5.0; 225
2.0, -2.0, -5.0; 75
3.0, -2.0, -5.0; 7
4.0, -2.0, -5.0; 15
5.0, -2.0, -5.0; 1
6.0, -2.0, -5.0; 2
-8.0, -1.0, -5.0; 8
-7.0, -1.0, -5.0; 11
-6.0, -1.0, -5.0; 5
-5.0, -1.0, -5.0; 9
-4.0, -1.0, -5.0; 24
-3.0, -1.0, -5.0; 36
-2.0, -1.0, -5.0; 61
-1.0, -1.0, -5.0; 59
0.0, -1.0, -5.0; 65
1.0, -1.0, -5.0; 81
2.0, -1.0, -5.0; 18
3.0, -1.0, -5.0; 3
4.0, -1.0, -5.0; 19
5.0, -1.0, -5.0; 3
-9.0, 0.0, -5.0; 2
-8.0, 0.0, -5.0; 6
-7.0, 0.0, -5.0; 23
-6.0, 0.0, -5.0; 6
-5.0, 0.0, -5.0; 5
-4.0, 0.0, -5.0; 19
-3.0, 0.0, -5.0; 37
-2.0, 0.0, -5.0; 40
-1.0, 0.0, -5.0; 28
0.0, 0.0, -5.0; 15
1.0, 0.0, -5.0; 8
3.0, 0.0, -5.0; 38
4.0, 0.0, -5.0; 9
5.0, 0.0, -5.0; 6
6.0, 0.0, -5.0; 1
8.0, 0.0, -5.0; 1
-9.0, 1.0, -5.0; 6
-8.0, 1.0, -5.0; 7
-7.0, 1.0, -5.0; 10
-6.0, 1.0, -5.0; 10
-5.0, 1.0, -5.0; 18
-4.0, 1.0, -5.0; 15
-3.0, 1.0, -5.0; 3
-2.0, 1.0, -5.0; 2
-1.0, 1.0, -5.0; 3
0.0, 1.0, -5.0; 4
1.0, 1.0, -5.0; 2
2.0, 1.0, -5.0; 9
3.0, 1.0, -5.0; 9
4.0, 1.0, -5.0; 10
5.0, 1.0, -5.0; 3
6.0, 1.0, -5.0; 1
-9.0, 2.0, -5.0; 2
-8.0, 2.0, -5.0; 5
-7.0, 2.0, -5.0; 5
-6.0, 2.0, -5.0; 28
-5.0, 2.0, -5.0; 40
-4.0, 2.0, -5.0; 15
-3.0, 2.0, -5.0; 15
-2.0, 2.0, -5.0; 16
-1.0, 2.0, -5.0; 27
0.0, 2.0, -5.0; 38
1.0, 2.0, -5.0; 31
2.0, 2.0, -5.0; 13
3.0, 2.0, -5.0; 65
4.0, 2.0, -5.0; 29
5.0, 2.0, -5.0; 2
6.0, 2.0, -5.0; 1
7.0, 2.0, -5.0; 1
-9.0, 3.0, -5.0; 1
-8.0, 3.0, -5.0; 5
-7.0, 3.0, -5.0; 7
-6.0, 3.0, -5.0; 7
-5.0, 3.0, -5.0; 13
-4.0, 3.0, -5.0; 11
-3.0, 3.0, -5.0; 9
-2.0, 3.0, -5.0; 15
-1.0, 3.0, -5.0; 35
0.0, 3.0, -5.0; 45
1.0, 3.0, -5.0; 33
2.0, 3.0, -5.0; 14
3.0, 3.0, -5.0; 17
4.0, 3.0, -5.0; 17
5.0, 3.0, -5.0; 1
6.0, 3.0, -5.0; 2
7.0, 3.0, -5.0; 1
-8.0, 4.0, -5.0; 4
-7.0, 4.0, -5.0; 14
-6.0, 4.0, -5.0; 12
-5.0, 4.0, -5.0; 4
-4.0, 4.0, -5.0; 2
-3.0, 4.0, -5.0; 6
-2.0, 4.0, -5.0; 54
-1.0, 4.0, -5.0; 23
0.0, 4.0, -5.0; 11
1.0, 4.0, -5.0; 8
2.0, 4.0, -5.0; 7
3.0, 4.0, -5.0; 10
4.0, 4.0, -5.0; 9
5.0, 4.0, -5.0; 1
6.0, 4.0, -5.0; 4
-7.0, 5.0, -5.0; 7
-6.0, 5.0, -5.0; 6
-5.0, 5.0, -5.0; 17
-4.0, 5.0, -5.0; 14
-3.0, 5.0, -5.0; 3
-2.0, 5.0, -5.0; 3
-1.0, 5.0, -5.0; 3
0.0, 5.0, -5.0; 5
1.0, 5.0, -5.0; 3
2.0, 5.0, -5.0; 5
3.0, 5.0, -5.0; 11
4.0, 5.0, -5.0; 2
5.0, 5.0, -5.0; 3
6.0, 5.0, -5.0; 6
-7.0, 6.0, -5.0; 1
-6.0, 6.0, -5.0; 4
-5.0, 6.0, -5.0; 9
-4.0, 6.0, -5.0; 16
-3.0, 6.0, -5.0; 13
-2.0, 6.0, -5.0; 7
-1.0, 6.0, -5.0; 2
0.0, 6.0, -5.0; 4
1.0, 6.0, -5.0; 13
2.0, 6.0, -5.0; 8
3.0, 6.0, -5.0; 12
4.0, 6.0, -5.0; 6
5.0, 6.0, -5.0; 5
6.0, 6.0, -5.0; 1
-6.0, 7.0, -5.0; 1
-5.0, 7.0, -5.0; 2
-4.0, 7.0, -5.0; 10
-3.0, 7.0, -5.0; 9
-2.0, 7.0, -5.0; 4
-1.0, 7.0, -5.0; 8
0.0, 7.0, -5.0; 11
1.0, 7.0, -5.0; 6
2.0, 7.0, -5.0; 4
3.0, 7.0, -5.0; 3
4.0, 7.0, -5.0; 5
5.0, 7.0, -5.0; 1
-3.0, 8.0, -5.0; 4
-2.0, 8.0, -5.0; 18
-1.0, 8.0, -5.0; 14
0.0, 8.0, -5.0; 19
1.0, 8.0, -5.0; 11
2.0, 8.0, -5.0; 2
-2.0, 9.0, -5.0; 1
-1.0, 9.0, -5.0; 1
0.0, 9.0, -5.0; 1
-3.0, -10.0, -4.0; 1
-2.0, -10.0, -4.0; 7
-1.0, -10.0, -4.0; 15
0.0, -10.0, -4.0; 4
1.0, -10.0, -4.0; 8
2.0, -10.0, -4.0; 3
-5.0, -9.0, -4.0; 6
-4.0, -9.0, -4.0; 25
-3.0, -9.0, -4.0; 23
-2.0, -9.0, -4.0; 35
-1.0, -9.0, -4.0; 50
0.0, -9.0, -4.0; 27
1.0, -9.0, -4.0; 24
2.0, -9.0, -4.0; 16
3.0, -9.0, -4.0; 13
4.0, -9.0, -4.0; 5
-6.0, -8.0, -4.0; 5
-5.0, -8.0, -4.0; 9
-4.0, -8.0, -4.0; 9
-3.0, -8.0, -4.0; 18
-2.0, -8.0, -4.0; 96
-1.0, -8.0, -4.0; 80
0.0, -8.0, -4.0; 16
1.0, -8.0, -4.0; 16
2.0, -8.0, -4.0; 11
3.0, -8.0, -4.0; 5
4.0, -8.0, -4.0; 15
5.0, -8.0, -4.0; 4
6.0, -8.0, -4.0; 1
-8.0, -7.0, -4.0; 1
-7.0, -7.0, -4.0; 5
-6.0, -7.0, -4.0; 6
-5.0, -7.0, -4.0; 5
-4.0, -7.0, -4.0; 3
-3.0, -7.0, -4.0; 3
-2.0, -7.0, -4.0; 3
-1.0, -7.0, -4.0; 16
0.0, -7.0, -4.0; 76
1.0, -7.0, -4.0; 56
2.0, -7.0, -4.0; 19
3.0, -7.0, -4.0; 6
4.0, -7.0, -4.0; 8
5.0, -7.0, -4.0; 9
6.0, -7.0, -4.0; 1
-8.0, -6.0, -4.0; 8
-7.0, -6.0, -4.0; 11
-6.0, -6.0, -4.0; 4
-5.0, -6.0, -4.0; 6
-4.0, -6.0, -4.0; 4
-3.0, -6.0, -4.0; 4
-2.0, -6.0, -4.0; 6
-1.0, -6.0, -4.0; 16
0.0, -6.0, -4.0; 102
1.0, -6.0, -4.0; 188
2.0, -6.0, -4.0; 37
3.0, -6.0, -4.0; 7
4.0, -6.0, -4.0; 3
5.0, -6.0, -4.0; 5
6.0, -6.0, -4.0; 5
7.0, -6.0, -4.0; 3
-9.0, -5.0, -4.0; 1
-8.0, -5.0, -4.0; 9
-7.0, -5.0, -4.0; 8
-6.0, -5.0, -4.0; 5
-4.0, -5.0, -4.0; 6
-3.0, -5.0, -4.0; 8
-2.0, -5.0, -4.0; 75
-1.0, -5.0, -4.0; 232
0.0, -5.0, -4.0; 111
1.0, -5.0, -4.0; 126
2.0, -5.0, -4.0; 72
3.0, -5.0, -4.0; 12
4.0, -5.0, -4.0; 4
5.0, -5.0, -4.0; 4
6.0, -5.0, -4.0; 4
-9.0, -4.0, -4.0; 4
-8.0, -4.0, -4.0; 10
-7.0, -4.0, -4.0; 11
-6.0, -4.0, -4.0; 7
-5.0, -4.0, -4.0; 12
-4.0, -4.0, -4.0; 97
-3.0, -4.0, -4.0; 45
-2.0, -4.0, -4.0; 47
-1.0, -4.0, -4.0; 55
0.0, -4.0, -4.0; 10
1.0, -4.0, -4.0; 153
2.0, -4.0, -4.0; 144
3.0, -4.0, -4.0; 28
4.0, -4.0, -4.0; 11
5.0, -4.0, -4.0; 8
-9.0, -3.0, -4.0; 1
-8.0, -3.0, -4.0; 9
-7.0, -3.0, -4.0; 7
-6.0, -3.0, -4.0; 6
-5.0, -3.0, -4.0; 43
-4.0, -3.0, -4.0; 348
-3.0, -3.0, -4.0; 71
-2.0, -3.0, -4.0; 2
-1.0, -3.0, -4.0; 2
1.0, -3.0, -4.0; 631
2.0, -3.0, -4.0; 159
3.0, -3.0, -4.0; 42
4.0, -3.0, -4.0; 1
5.0, -3.0, -4.0; 3
6.0, -3.0, -4.0; 1
8.0, -3.0, -4.0; 1
-9.0, -2.0, -4.0; 7
-8.0, -2.0, -4.0; 9
-7.0, -2.0, -4.0; 4
-6.0, -2.0, -4.0; 4
-5.0, -2.0, -4.0; 23
-4.0, -2.0, -4.0; 57
-3.0, -2.0, -4.0; 11
1.0, -2.0, -4.0; 10
2.0, -2.0, -4.0; 20
3.0, -2.0, -4.0; 4
4.0, -2.0, -4.0; 8
5.0, -2.0, -4.0; 6
6.0, -2.0, -4.0; 3
-9.0, -1.0, -4.0; 2
-8.0, -1.0, -4.0; 13
-7.0, -1.0, -4.0; 14
-6.0, -1.0, -4.0; 3
-5.0, -1.0, -4.0; 6
-4.0, -1.0, -4.0; 13
-3.0, -1.0, -4.0; 3
2.0, -1.0, -4.0; 1
3.0, -1.0, -4.0; 2
4.0, -1.0, -4.0; 8
5.0, -1.0, -4.0; 4
6.0, -1.0, -4.0; 5
8.0, -1.0, -4.0; 1
-10.0, 0.0, -4.0; 2
-9.0, 0.0, -4.0; 4
-8.0, 0.0, -4.0; 16
-7.0, 0.0, -4.0; 6
-6.0, 0.0, -4.0; 6
-5.0, 0.0, -4.0; 22
-4.0, 0.0, -4.0; 21
-3.0, 0.0, -4.0; 8
2.0, 0.0, -4.0; 2
3.0, 0.0, -4.0; 7
4.0, 0.0, -4.0; 3
5.0, 0.0, -4.0; 2
6.0, 0.0, -4.0; 3
-9.0, 1.0, -4.0; 4
-8.0, 1.0, -4.0; 8
-7.0, 1.0, -4.0; 1
-6.0, 1.0, -4.0; 38
-5.0, 1.0, -4.0; 17
-4.0, 1.0, -4.0; 10
1.0, 1.0, -4.0; 4
2.0, 1.0, -4.0; 1
3.0, 1.0, -4.0; 2
4.0, 1.0, -4.0; 13
5.0, 1.0, -4.0; 9
-9.0, 2.0, -4.0; 4
-8.0, 2.0, -4.0; 7
-7.0, 2.0, -4.0; 2
-6.0, 2.0, -4.0; 80
-5.0, 2.0, -4.0; 16
-4.0, 2.0, -4.0; 15
-3.0, 2.0, -4.0; 1
1.0, 2.0, -4.0; 4
2.0, 2.0, -4.0; 7
3.0, 2.0, -4.0; 18
4.0, 2.0, -4.0; 33
5.0, 2.0, -4.0; 5
6.0, 2.0, -4.0; 1
7.0, 2.0, -4.0; 2
-9.0, 3.0, -4.0; 2
-8.0, 3.0, -4.0; 9
-7.0, 3.0, -4.0; 7
-6.0, 3.0, -4.0; 11
-5.0, 3.0, -4.0; 10
-4.0, 3.0, -4.0; 8
-3.0, 3.0, -4.0; 1
-1.0, 3.0, -4.0; 8
0.0, 3.0, -4.0; 18
1.0, 3.0, -4.0; 29
2.0, 3.0, -4.0; 18
3.0, 3.0, -4.0; 27
4.0, 3.0, -4.0; 29
5.0, 3.0, -4.0; 8
6.0, 3.0, -4.0; 2
7.0, 3.0, -4.0; 2
-8.0, 4.0, -4.0; 7
-7.0, 4.0, -4.0; 7
-6.0, 4.0, -4.0; 11
-5.0, 4.0, -4.0; 2
-4.0, 4.0, -4.0; 2
-3.0, 4.0, -4.0; 22
-2.0, 4.0, -4.0; 72
-1.0, 4.0, -4.0; 60
0.0, 4.0, -4.0; 78
1.0, 4.0, -4.0; 72
2.0, 4.0, -4.0; 19
3.0, 4.0, -4.0; 26
4.0, 4.0, -4.0; 14
5.0, 4.0, -4.0; 6
6.0, 4.0, -4.0; 5
7.0, 4.0, -4.0; 6
-8.0, 5.0, -4.0; 8
-7.0, 5.0, -4.0; 11
-6.0, 5.0, -4.0; 18
-5.0, 5.0, -4.0; 9
-4.0, 5.0, -4.0; 1
-3.0, 5.0, -4.0; 5
-2.0, 5.0, -4.0; 162
-1.0, 5.0, -4.0; 305
0.0, 5.0, -4.0; 108
1.0, 5.0, -4.0; 18
2.0, 5.0, -4.0; 10
3.0, 5.0, -4.0; 19
4.0, 5.0, -4.0; 8
5.0, 5.0, -4.0; 3
6.0, 5.0, -4.0; 7
7.0, 5.0, -4.0; 1
-7.0, 6.0, -4.0; 2
-6.0, 6.0, -4.0; 9
-5.0, 6.0, -4.0; 8
-4.0, 6.0, -4.0; 8
-3.0, 6.0, -4.0; 6
-2.0, 6.0, -4.0; 2
-1.0, 6.0, -4.0; 9
0.0, 6.0, -4.0; 10
1.0, 6.0, -4.0; 2
2.0, 6.0, -4.0; 15
3.0, 6.0, -4.0; 17
4.0, 6.0, -4.0; 5
5.0, 6.0, -4.0; 4
6.0, 6.0, -4.0; 2
-6.0, 7.0, -4.0; 3
-5.0, 7.0, -4.0; 5
-4.0, 7.0, -4.0; 10
-3.0, 7.0, -4.0; 10
-2.0, 7.0, -4.0; 14
-1.0, 7.0, -4.0; 3
0.0, 7.0, -4.0; 21
1.0, 7.0, -4.0; 19
2.0, 7.0, -4.0; 18
3.0, 7.0, -4.0; 8
4.0, 7.0, -4.0; 8
5.0, 7.0, -4.0; 4
-5.0, 8.0, -4.0; 2
-4.0, 8.0, -4.0; 14
-3.0, 8.0, -4.0; 29
-2.0, 8.0, -4.0; 35
-1.0, 8.0, -4.0; 32
0.0, 8.0, -4.0; 33
1.0, 8.0, -4.0; 10
2.0, 8.0, -4.0; 11
3.0, 8.0, -4.0; 7
4.0, 8.0, -4.0; 1
-3.0, 9.0, -4.0; 1
-2.0, 9.0, -4.0; 12
-1.0, 9.0, -4.0; 20
0.0, 9.0, -4.0; 25
1.0, 9.0, -4.0; 10
-4.0, -10.0, -3.0; 4
-3.0, -10.0, -3.0; 31
-2.0, -10.0, -3.0; 50
-1.0, -10.0, -3.0; 83
0.0, -10.0, -3.0; 58
1.0, -10.0, -3.0; 48
2.0, -10.0, -3.0; 8
3.0, -10.0, -3.0; 2
-6.0, -9.0, -3.0; 2
-5.0, -9.0, -3.0; 12
-4.0, -9.0, -3.0; 27
-3.0, -9.0, -3.0; 32
-2.0, -9.0, -3.0; 49
-1.0, -9.0, -3.0; 34
0.0, -9.0, -3.0; 40
1.0, -9.0, -3.0; 50
2.0, -9.0, -3.0; 44
3.0, -9.0, -3.0; 11
4.0, -9.0, -3.0; 11
5.0, -9.0, -3.0; 1
-7.0, -8.0, -3.0; 3
-6.0, -8.0, -3.0; 3
-5.0, -8.0, -3.0; 7
-4.0, -8.0, -3.0; 4
-3.0, -8.0, -3.0; 7
-2.0, -8.0, -3.0; 9
-1.0, -8.0, -3.0; 22
0.0, -8.0, -3.0; 23
1.0, -8.0, -3.0; 9
2.0, -8.0, -3.0; 6
3.0, -8.0, -3.0; 11
4.0, -8.0, -3.0; 9
5.0, -8.0, -3.0; 17
6.0, -8.0, -3.0; 3
-8.0, -7.0, -3.0; 1
-7.0, -7.0, -3.0; 11
-6.0, -7.0, -3.0; 5
-5.0, -7.0, -3.0; 3
-4.0, -7.0, -3.0; 3
-3.0, -7.0, -3.0; 2
-2.0, -7.0, -3.0; 2
-1.0, -7.0, -3.0; 6
0.0, -7.0, -3.0; 197
1.0, -7.0, -3.0; 179
2.0, -7.0, -3.0; 18
3.0, -7.0, -3.0; 3
4.0, -7.0, -3.0; 3
5.0, -7.0, -3.0; 11
6.0, -7.0, -3.0; 7
7.0, -7.0, -3.0; 1
-8.0, -6.0, -3.0; 9
-7.0, -6.0, -3.0; 7
-6.0, -6.0, -3.0; 1
-5.0, -6.0, -3.0; 1
-2.0, -6.0, -3.0; 10
-1.0, -6.0, -3.0; 122
0.0, -6.0, -3.0; 422
1.0, -6.0, -3.0; 2712
2.0, -6.0, -3.0; 100
3.0, -6.0, -3.0; 9
4.0, -6.0, -3.0; 5
5.0, -6.0, -3.0; 6
6.0, -6.0, -3.0; 2
7.0, -6.0, -3.0; 1
-9.0, -5.0, -3.0; 1
-8.0, -5.0, -3.0; 17
-7.0, -5.0, -3.0; 5
-6.0, -5.0, -3.0; 2
-5.0, -5.0, -3.0; 2
-1.0, -5.0, -3.0; 23
0.0, -5.0, -3.0; 134
1.0, -5.0, -3.0; 94
2.0, -5.0, -3.0; 158
3.0, -5.0, -3.0; 21
4.0, -5.0, -3.0; 13
5.0, -5.0, -3.0; 9
6.0, -5.0, -3.0; 2
7.0, -5.0, -3.0; 1
8.0, -5.0, -3.0; 2
-10.0, -4.0, -3.0; 2
-9.0, -4.0, -3.0; 12
-8.0, -4.0, -3.0; 16
-7.0, -4.0, -3.0; 10
-6.0, -4.0, -3.0; 4
-5.0, -4.0, -3.0; 20
-4.0, -4.0, -3.0; 3
-2.0, -4.0, -3.0; 3
-1.0, -4.0, -3.0; 1
0.0, -4.0, -3.0; 1
1.0, -4.0, -3.0; 2
2.0, -4.0, -3.0; 39
3.0, -4.0, -3.0; 35
4.0, -4.0, -3.0; 9
5.0, -4.0, -3.0; 10
6.0, -4.0, -3.0; 2
7.0, -4.0, -3.0; 1
8.0, -4.0, -3.0; 2
-10.0, -3.0, -3.0; 2
-9.0, -3.0, -3.0; 6
-8.0, -3.0, -3.0; 11
-7.0, -3.0, -3.0; 4
-6.0, -3.0, -3.0; 15
-5.0, -3.0, -3.0; 118
-4.0, -3.0, -3.0; 3
2.0, -3.0, -3.0; 1
3.0, -3.0, -3.0; 9
5.0, -3.0, -3.0; 6
6.0, -3.0, -3.0; 5
-10.0, -2.0, -3.0; 3
-9.0, -2.0, -3.0; 8
-8.0, -2.0, -3.0; 13
-7.0, -2.0, -3.0; 6
-6.0, -2.0, -3.0; 7
-5.0, -2.0, -3.0; 119
-4.0, -2.0, -3.0; 1
-3.0, -2.0, -3.0; 1
3.0, -2.0, -3.0; 2
4.0, -2.0, -3.0; 3
5.0, -2.0, -3.0; 5
6.0, -2.0, -3.0; 1
7.0, -2.0, -3.0; 3
-10.0, -1.0, -3.0; 2
-9.0, -1.0, -3.0; 3
-8.0, -1.0, -3.0; 4
-7.0, -1.0, -3.0; 5
-6.0, -1.0, -3.0; 2
-5.0, -1.0, -3.0; 11
4.0, -1.0, -3.0; 2
6.0, -1.0, -3.0; 4
7.0, -1.0, -3.0; 2
-10.0, 0.0, -3.0; 1
-9.0, 0.0, -3.0; 4
-8.0, 0.0, -3.0; 9
-7.0, 0.0, -3.0; 5
-6.0, 0.0, -3.0; 27
-5.0, 0.0, -3.0; 10
-4.0, 0.0, -3.0; 1
3.0, 0.0, -3.0; 1
4.0, 0.0, -3.0; 2
5.0, 0.0, -3.0; 6
6.0, 0.0, -3.0; 2
-10.0, 1.0, -3.0; 1
-9.0, 1.0, -3.0; 2
-8.0, 1.0, -3.0; 4
-7.0, 1.0, -3.0; 9
-6.0, 1.0, -3.0; 71
-5.0, 1.0, -3.0; 28
-4.0, 1.0, -3.0; 2
4.0, 1.0, -3.0; 1
5.0, 1.0, -3.0; 9
6.0, 1.0, -3.0; 5
7.0, 1.0, -3.0; 3
-10.0, 2.0, -3.0; 1
-9.0, 2.0, -3.0; 7
-8.0, 2.0, -3.0; 4
-7.0, 2.0, -3.0; 15
-6.0, 2.0, -3.0; 30
-5.0, 2.0, -3.0; 13
3.0, 2.0, -3.0; 2
4.0, 2.0, -3.0; 5
5.0, 2.0, -3.0; 1
6.0, 2.0, -3.0; 2
7.0, 2.0, -3.0; 2
8.0, 2.0, -3.0; 1
-9.0, 3.0, -3.0; 7
-8.0, 3.0, -3.0; 3
-7.0, 3.0, -3.0; 2
-6.0, 3.0, -3.0; 15
-5.0, 3.0, -3.0; 4
-4.0, 3.0, -3.0; 1
-3.0, 3.0, -3.0; 1
-2.0, 3.0, -3.0; 2
1.0, 3.0, -3.0; 2
2.0, 3.0, -3.0; 9
3.0, 3.0, -3.0; 34
4.0, 3.0, -3.0; 41
5.0, 3.0, -3.0; 14
6.0, 3.0, -3.0; 1
7.0, 3.0, -3.0; 1
8.0, 3.0, -3.0; 1
-9.0, 4.0, -3.0; 1
-8.0, 4.0, -3.0; 11
-7.0, 4.0, -3.0; 6
-6.0, 4.0, -3.0; 2
-5.0, 4.0, -3.0; 8
-4.0, 4.0, -3.0; 1
-1.0, 4.0, -3.0; 1
0.0, 4.0, -3.0; 38
1.0, 4.0, -3.0; 99
2.0, 4.0, -3.0; 43
3.0, 4.0, -3.0; 31
4.0, 4.0, -3.0; 46
5.0, 4.0, -3.0; 8
6.0, 4.0, -3.0; 4
7.0, 4.0, -3.0; 3
8.0, 4.0, -3.0; 1
-8.0, 5.0, -3.0; 10
-7.0, 5.0, -3.0; 10
-6.0, 5.0, -3.0; 5
-5.0, 5.0, -3.0; 1
-4.0, 5.0, -3.0; 3
-3.0, 5.0, -3.0; 4
-2.0, 5.0, -3.0; 80
-1.0, 5.0, -3.0; 222
0.0, 5.0, -3.0; 201
1.0, 5.0, -3.0; 129
2.0, 5.0, -3.0; 23
3.0, 5.0, -3.0; 14
4.0, 5.0, -3.0; 6
5.0, 5.0, -3.0; 8
6.0, 5.0, -3.0; 7
7.0, 5.0, -3.0; 4
-8.0, 6.0, -3.0; 2
-7.0, 6.0, -3.0; 12
-6.0, 6.0, -3.0; 18
-5.0, 6.0, -3.0; 8
-4.0, 6.0, -3.0; 3
-3.0, 6.0, -3.0; 7
-2.0, 6.0, -3.0; 60
-1.0, 6.0, -3.0; 166
0.0, 6.0, -3.0; 129
1.0, 6.0, -3.0; 19
2.0, 6.0, -3.0; 7
3.0, 6.0, -3.0; 15
4.0, 6.0, -3.0; 2
5.0, 6.0, -3.0; 1
6.0, 6.0, -3.0; 7
-7.0, 7.0, -3.0; 1
-6.0, 7.0, -3.0; 15
-5.0, 7.0, -3.0; 13
-4.0, 7.0, -3.0; 6
-3.0, 7.0, -3.0; 9
-2.0, 7.0, -3.0; 8
-1.0, 7.0, -3.0; 8
0.0, 7.0, -3.0; 11
1.0, 7.0, -3.0; 24
2.0, 7.0, -3.0; 27
3.0, 7.0, -3.0; 8
4.0, 7.0, -3.0; 7
5.0, 7.0, -3.0; 6
6.0, 7.0, -3.0; 3
-5.0, 8.0, -3.0; 6
-4.0, 8.0, -3.0; 24
-3.0, 8.0, -3.0; 49
-2.0, 8.0, -3.0; 57
-1.0, 8.0, -3.0; 42
0.0, 8.0, -3.0; 31
1.0, 8.0, -3.0; 29
2.0, 8.0, -3.0; 20
3.0, 8.0, -3.0; 6
4.0, 8.0, -3.0; 1
-4.0, 9.0, -3.0; 2
-3.0, 9.0, -3.0; 10
-2.0, 9.0, -3.0; 19
-1.0, 9.0, -3.0; 47
0.0, 9.0, -3.0; 23
1.0, 9.0, -3.0; 37
2.0, 9.0, -3.0; 9
-4.0, -10.0, -2.0; 27
-3.0, -10.0, -2.0; 72
-2.0, -10.0, -2.0; 107
-1.0, -10.0, -2.0; 122
0.0, -10.0, -2.0; 125
1.0, -10.0, -2.0; 90
2.0, -10.0, -2.0; 27
3.0, -10.0, -2.0; 2
-6.0, -9.0, -2.0; 10
-5.0, -9.0, -2.0; 20
-4.0, -9.0, -2.0; 28
-3.0, -9.0, -2.0; 14
-2.0, -9.0, -2.0; 22
-1.0, -9.0, -2.0; 25
0.0, -9.0, -2.0; 19
1.0, -9.0, -2.0; 38
2.0, -9.0, -2.0; 33
3.0, -9.0, -2.0; 13
4.0, -9.0, -2.0; 15
5.0, -9.0, -2.0; 8
-7.0, -8.0, -2.0; 10
-6.0, -8.0, -2.0; 17
-5.0, -8.0, -2.0; 7
-4.0, -8.0, -2.0; 1
-3.0, -8.0, -2.0; 1
-2.0, -8.0, -2.0; 7
-1.0, -8.0, -2.0; 6
0.0, -8.0, -2.0; 16
1.0, -8.0, -2.0; 16
2.0, -8.0, -2.0; 10
3.0, -8.0, -2.0; 7
4.0, -8.0, -2.0; 9
5.0, -8.0, -2.0; 17
6.0, -8.0, -2.0; 9
-8.0, -7.0, -2.0; 4
-7.0, -7.0, -2.0; 8
-6.0, -7.0, -2.0; 3
-5.0, -7.0, -2.0; 2
-4.0, -7.0, -2.0; 3
-3.0, -7.0, -2.0; 1
-2.0, -7.0, -2.0; 2
-1.0, -7.0, -2.0; 14
0.0, -7.0, -2.0; 155
1.0, -7.0, -2.0; 94
2.0, -7.0, -2.0; 9
3.0, -7.0, -2.0; 5
4.0, -7.0, -2.0; 11
5.0, -7.0, -2.0; 9
6.0, -7.0, -2.0; 5
7.0, -7.0, -2.0; 3
-8.0, -6.0, -2.0; 11
-7.0, -6.0, -2.0; 3
-6.0, -6.0, -2.0; 4
-1.0, -6.0, -2.0; 59
0.0, -6.0, -2.0; 165
1.0, -6.0, -2.0; 536
2.0, -6.0, -2.0; 46
3.0, -6.0, -2.0; 17
4.0, -6.0, -2.0; 9
5.0, -6.0, -2.0; 24
6.0, -6.0, -2.0; 2
7.0, -6.0, -2.0; 3
-9.0, -5.0, -2.0; 5
-8.0, -5.0, -2.0; 8
-7.0, -5.0, -2.0; 3
-6.0, -5.0, -2.0; 4
-5.0, -5.0, -2.0; 1
-2.0, -5.0, -2.0; 2
0.0, -5.0, -2.0; 1
1.0, -5.0, -2.0; 12
2.0, -5.0, -2.0; 79
3.0, -5.0, -2.0; 44
4.0, -5.0, -2.0; 7
5.0, -5.0, -2.0; 8
6.0, -5.0, -2.0; 2
7.0, -5.0, -2.0; 3
8.0, -5.0, -2.0; 1
-10.0, -4.0, -2.0; 1
-9.0, -4.0, -2.0; 12
-8.0, -4.0, -2.0; 17
-7.0, -4.0, -2.0; 9
-6.0, -4.0, -2.0; 3
-5.0, -4.0, -2.0; 1
3.0, -4.0, -2.0; 9
4.0, -4.0, -2.0; 2
5.0, -4.0, -2.0; 3
6.0, -4.0, -2.0; 4
7.0, -4.0, -2.0; 1
-10.0, -3.0, -2.0; 1
-9.0, -3.0, -2.0; 17
-8.0, -3.0, -2.0; 13
-7.0, -3.0, -2.0; 8
-6.0, -3.0, -2.0; 12
-5.0, -3.0, -2.0; 28
3.0, -3.0, -2.0; 1
4.0, -3.0, -2.0; 1
5.0, -3.0, -2.0; 2
6.0, -3.0, -2.0; 2
7.0, -3.0, -2.0; 2
-10.0, -2.0, -2.0; 2
-9.0, -2.0, -2.0; 6
-8.0, -2.0, -2.0; 8
-7.0, -2.0, -2.0; 5
-6.0, -2.0, -2.0; 15
-5.0, -2.0, -2.0; 63
7.0, -2.0, -2.0; 1
9.0, -2.0, -2.0; 1
-10.0, -1.0, -2.0; 4
-9.0, -1.0, -2.0; 5
-8.0, -1.0, -2.0; 13
-7.0, -1.0, -2.0; 6
-6.0, -1.0, -2.0; 6
-5.0, -1.0, -2.0; 7
5.0, -1.0, -2.0; 2
6.0, -1.0, -2.0; 6
7.0, -1.0, -2.0; 2
-10.0, 0.0, -2.0; 5
-9.0, 0.0, -2.0; 3
-8.0, 0.0, -2.0; 11
-7.0, 0.0, -2.0; 3
-6.0, 0.0, -2.0; 31
-5.0, 0.0, -2.0; 4
5.0, 0.0, -2.0; 1
6.0, 0.0, -2.0; 3
7.0, 0.0, -2.0; 1
8.0, 0.0, -2.0; 1
-10.0, 1.0, -2.0; 3
-9.0, 1.0, -2.0; 6
-8.0, 1.0, -2.0; 3
-7.0, 1.0, -2.0; 6
-6.0, 1.0, -2.0; 1394
-5.0, 1.0, -2.0; 121
3.0, 1.0, -2.0; 1
4.0, 1.0, -2.0; 1
5.0, 1.0, -2.0; 3
6.0, 1.0, -2.0; 2
8.0, 1.0, -2.0; 1
-10.0, 2.0, -2.0; 3
-9.0, 2.0, -2.0; 13
-8.0, 2.0, -2.0; 4
-7.0, 2.0, -2.0; 11
-6.0, 2.0, -2.0; 54
-5.0, 2.0, -2.0; 42
5.0, 2.0, -2.0; 6
6.0, 2.0, -2.0; 1
7.0, 2.0, -2.0; 1
-10.0, 3.0, -2.0; 1
-9.0, 3.0, -2.0; 6
-8.0, 3.0, -2.0; 5
-7.0, 3.0, -2.0; 3
-6.0, 3.0, -2.0; 31
-5.0, 3.0, -2.0; 5
-3.0, 3.0, -2.0; 4
2.0, 3.0, -2.0; 1
3.0, 3.0, -2.0; 4
4.0, 3.0, -2.0; 22
5.0, 3.0, -2.0; 10
6.0, 3.0, -2.0; 1
7.0, 3.0, -2.0; 2
8.0, 3.0, -2.0; 1
-9.0, 4.0, -2.0; 5
-8.0, 4.0, -2.0; 12
-7.0, 4.0, -2.0; 3
-6.0, 4.0, -2.0; 11
-5.0, 4.0, -2.0; 17
0.0, 4.0, -2.0; 3
1.0, 4.0, -2.0; 20
2.0, 4.0, -2.0; 29
3.0, 4.0, -2.0; 39
4.0, 4.0, -2.0; 46
5.0, 4.0, -2.0; 9
6.0, 4.0, -2.0; 2
7.0, 4.0, -2.0; 5
8.0, 4.0, -2.0; 1
-9.0, 5.0, -2.0; 1
-8.0, 5.0, -2.0; 15
-7.0, 5.0, -2.0; 18
-6.0, 5.0, -2.0; 1
-5.0, 5.0, -2.0; 5
-4.0, 5.0, -2.0; 1
-3.0, 5.0, -2.0; 4
-2.0, 5.0, -2.0; 1
-1.0, 5.0, -2.0; 19
0.0, 5.0, -2.0; 195
1.0, 5.0, -2.0; 185
2.0, 5.0, -2.0; 35
3.0, 5.0, -2.0; 24
4.0, 5.0, -2.0; 26
5.0, 5.0, -2.0; 10
6.0, 5.0, -2.0; 6
7.0, 5.0, -2.0; 9
-8.0, 6.0, -2.0; 5
-7.0, 6.0, -2.0; 23
-6.0, 6.0, -2.0; 35
-5.0, 6.0, -2.0; 16
-4.0, 6.0, -2.0; 4
-3.0, 6.0, -2.0; 6
-2.0, 6.0, -2.0; 86
-1.0, 6.0, -2.0; 324
0.0, 6.0, -2.0; 389
1.0, 6.0, -2.0; 117
2.0, 6.0, -2.0; 13
3.0, 6.0, -2.0; 14
4.0, 6.0, -2.0; 12
5.0, 6.0, -2.0; 2
6.0, 6.0, -2.0; 3
7.0, 6.0, -2.0; 2
-7.0, 7.0, -2.0; 5
-6.0, 7.0, -2.0; 16
-5.0, 7.0, -2.0; 44
-4.0, 7.0, -2.0; 20
-3.0, 7.0, -2.0; 19
-2.0, 7.0, -2.0; 6
-1.0, 7.0, -2.0; 6
0.0, 7.0, -2.0; 10
1.0, 7.0, -2.0; 17
2.0, 7.0, -2.0; 35
3.0, 7.0, -2.0; 12
4.0, 7.0, -2.0; 3
5.0, 7.0, -2.0; 10
6.0, 7.0, -2.0; 2
-6.0, 8.0, -2.0; 3
-5.0, 8.0, -2.0; 19
-4.0, 8.0, -2.0; 22
-3.0, 8.0, -2.0; 32
-2.0, 8.0, -2.0; 40
-1.0, 8.0, -2.0; 37
0.0, 8.0, -2.0; 62
1.0, 8.0, -2.0; 45
2.0, 8.0, -2.0; 26
3.0, 8.0, -2.0; 12
4.0, 8.0, -2.0; 4
5.0, 8.0, -2.0; 1
-4.0, 9.0, -2.0; 4
-3.0, 9.0, -2.0; 12
-2.0, 9.0, -2.0; 34
-1.0, 9.0, -2.0; 63
0.0, 9.0, -2.0; 56
1.0, 9.0, -2.0; 51
2.0, 9.0, -2.0; 20
3.0, 9.0, -2.0; 2
-5.0, -10.0, -1.0; 1
-4.0, -10.0, -1.0; 33
-3.0, -10.0, -1.0; 79
-2.0, -10.0, -1.0; 124
-1.0, -10.0, -1.0; 131
0.0, -10.0, -1.0; 123
1.0, -10.0, -1.0; 89
2.0, -10.0, -1.0; 22
3.0, -10.0, -1.0; 1
-6.0, -9.0, -1.0; 19
-5.0, -9.0, -1.0; 26
-4.0, -9.0, -1.0; 23
-3.0, -9.0, -1.0; 16
-2.0, -9.0, -1.0; 8
-1.0, -9.0, -1.0; 15
0.0, -9.0, -1.0; 30
1.0, -9.0, -1.0; 29
2.0, -9.0, -1.0; 35
3.0, -9.0, -1.0; 15
4.0, -9.0, -1.0; 13
5.0, -9.0, -1.0; 5
-7.0, -8.0, -1.0; 11
-6.0, -8.0, -1.0; 17
-5.0, -8.0, -1.0; 2
-3.0, -8.0, -1.0; 5
-2.0, -8.0, -1.0; 21
-1.0, -8.0, -1.0; 57
0.0, -8.0, -1.0; 18
1.0, -8.0, -1.0; 15
2.0, -8.0, -1.0; 1
3.0, -8.0, -1.0; 14
4.0, -8.0, -1.0; 7
5.0, -8.0, -1.0; 10
6.0, -8.0, -1.0; 9
-8.0, -7.0, -1.0; 11
-7.0, -7.0, -1.0; 13
-6.0, -7.0, -1.0; 2
-5.0, -7.0, -1.0; 2
-4.0, -7.0, -1.0; 1
-3.0, -7.0, -1.0; 12
-2.0, -7.0, -1.0; 54
-1.0, -7.0, -1.0; 231
0.0, -7.0, -1.0; 420
1.0, -7.0, -1.0; 126
2.0, -7.0, -1.0; 6
3.0, -7.0, -1.0; 15
4.0, -7.0, -1.0; 8
5.0, -7.0, -1.0; 4
6.0, -7.0, -1.0; 6
7.0, -7.0, -1.0; 4
-9.0, -6.0, -1.0; 5
-8.0, -6.0, -1.0; 12
-7.0, -6.0, -1.0; 4
-6.0, -6.0, -1.0; 1
-5.0, -6.0, -1.0; 1
-2.0, -6.0, -1.0; 2
-1.0, -6.0, -1.0; 54
0.0, -6.0, -1.0; 74
1.0, -6.0, -1.0; 105
2.0, -6.0, -1.0; 29
3.0, -6.0, -1.0; 14
4.0, -6.0, -1.0; 20
5.0, -6.0, -1.0; 16
6.0, -6.0, -1.0; 3
7.0, -6.0, -1.0; 2
8.0, -6.0, -1.0; 1
-9.0, -5.0, -1.0; 4
-8.0, -5.0, -1.0; 12
-7.0, -5.0, -1.0; 9
-6.0, -5.0, -1.0; 5
-5.0, -5.0, -1.0; 2
0.0, -5.0, -1.0; 3
1.0, -5.0, -1.0; 3
2.0, -5.0, -1.0; 21
3.0, -5.0, -1.0; 5
4.0, -5.0, -1.0; 6
5.0, -5.0, -1.0; 8
6.0, -5.0, -1.0; 7
7.0, -5.0, -1.0; 1
8.0, -5.0, -1.0; 1
-10.0, -4.0, -1.0; 3
-9.0, -4.0, -1.0; 11
-8.0, -4.0, -1.0; 10
-7.0, -4.0, -1.0; 12
-6.0, -4.0, -1.0; 6
3.0, -4.0, -1.0; 2
4.0, -4.0, -1.0; 2
5.0, -4.0, -1.0; 3
7.0, -4.0, -1.0; 1
8.0, -4.0, -1.0; 2
-10.0, -3.0, -1.0; 5
-9.0, -3.0, -1.0; 12
-8.0, -3.0, -1.0; 6
-7.0, -3.0, -1.0; 2
-6.0, -3.0, -1.0; 5
-5.0, -3.0, -1.0; 1
3.0, -3.0, -1.0; 1
4.0, -3.0, -1.0; 1
5.0, -3.0, -1.0; 3
7.0, -3.0, -1.0; 1
-10.0, -2.0, -1.0; 3
-9.0, -2.0, -1.0; 5
-8.0, -2.0, -1.0; 5
-7.0, -2.0, -1.0; 5
-6.0, -2.0, -1.0; 6
-5.0, -2.0, -1.0; 11
-4.0, -2.0, -1.0; 1
6.0, -2.0, -1.0; 2
7.0, -2.0, -1.0; 1
-10.0, -1.0, -1.0; 1
-9.0, -1.0, -1.0; 5
-8.0, -1.0, -1.0; 11
-7.0, -1.0, -1.0; 12
-6.0, -1.0, -1.0; 2
-5.0, -1.0, -1.0; 1
6.0, -1.0, -1.0; 1
7.0, -1.0, -1.0; 4
-10.0, 0.0, -1.0; 3
-9.0, 0.0, -1.0; 2
-8.0, 0.0, -1.0; 7
-7.0, 0.0, -1.0; 4
-6.0, 0.0, -1.0; 18
-5.0, 0.0, -1.0; 4
6.0, 0.0, -1.0; 1
7.0, 0.0, -1.0; 1
-10.0, 1.0, -1.0; 2
-9.0, 1.0, -1.0; 6
-8.0, 1.0, -1.0; 4
-7.0, 1.0, -1.0; 11
-6.0, 1.0, -1.0; 4494
-5.0, 1.0, -1.0; 384
4.0, 1.0, -1.0; 1
5.0, 1.0, -1.0; 3
6.0, 1.0, -1.0; 2
7.0, 1.0, -1.0; 3
8.0, 1.0, -1.0; 1
-9.0, 2.0, -1.0; 3
-8.0, 2.0, -1.0; 4
-7.0, 2.0, -1.0; 2
-6.0, 2.0, -1.0; 209
-5.0, 2.0, -1.0; 140
-4.0, 2.0, -1.0; 1
2.0, 2.0, -1.0; 1
4.0, 2.0, -1.0; 4
5.0, 2.0, -1.0; 5
6.0, 2.0, -1.0; 3
7.0, 2.0, -1.0; 1
-9.0, 3.0, -1.0; 7
-8.0, 3.0, -1.0; 6
-7.0, 3.0, -1.0; 5
-6.0, 3.0, -1.0; 15
-5.0, 3.0, -1.0; 12
2.0, 3.0, -1.0; 2
3.0, 3.0, -1.0; 5
4.0, 3.0, -1.0; 4
5.0, 3.0, -1.0; 5
6.0, 3.0, -1.0; 2
7.0, 3.0, -1.0; 1
9.0, 3.0, -1.0; 1
-9.0, 4.0, -1.0; 4
-8.0, 4.0, -1.0; 13
-7.0, 4.0, -1.0; 8
-6.0, 4.0, -1.0; 14
-5.0, 4.0, -1.0; 27
-4.0, 4.0, -1.0; 4
0.0, 4.0, -1.0; 1
1.0, 4.0, -1.0; 2
2.0, 4.0, -1.0; 11
3.0, 4.0, -1.0; 18
4.0, 4.0, -1.0; 54
5.0, 4.0, -1.0; 14
6.0, 4.0, -1.0; 4
7.0, 4.0, -1.0; 2
-9.0, 5.0, -1.0; 3
-8.0, 5.0, -1.0; 17
-7.0, 5.0, -1.0; 16
-6.0, 5.0, -1.0; 4
-5.0, 5.0, -1.0; 6
-4.0, 5.0, -1.0; 8
-3.0, 5.0, -1.0; 4
-1.0, 5.0, -1.0; 17
0.0, 5.0, -1.0; 90
1.0, 5.0, -1.0; 173
2.0, 5.0, -1.0; 18
3.0, 5.0, -1.0; 35
4.0, 5.0, -1.0; 32
5.0, 5.0, -1.0; 4
6.0, 5.0, -1.0; 3
7.0, 5.0, -1.0; 4
-8.0, 6.0, -1.0; 6
-7.0, 6.0, -1.0; 135
-6.0, 6.0, -1.0; 1273
-5.0, 6.0, -1.0; 133
-4.0, 6.0, -1.0; 12
-3.0, 6.0, -1.0; 17
-2.0, 6.0, -1.0; 111
-1.0, 6.0, -1.0; 502
0.0, 6.0, -1.0; 787
1.0, 6.0, -1.0; 222
2.0, 6.0, -1.0; 13
3.0, 6.0, -1.0; 35
4.0, 6.0, -1.0; 10
5.0, 6.0, -1.0; 3
6.0, 6.0, -1.0; 6
-7.0, 7.0, -1.0; 9
-6.0, 7.0, -1.0; 85
-5.0, 7.0, -1.0; 177
-4.0, 7.0, -1.0; 51
-3.0, 7.0, -1.0; 21
-2.0, 7.0, -1.0; 18
-1.0, 7.0, -1.0; 77
0.0, 7.0, -1.0; 47
1.0, 7.0, -1.0; 10
2.0, 7.0, -1.0; 37
3.0, 7.0, -1.0; 12
4.0, 7.0, -1.0; 5
5.0, 7.0, -1.0; 8
6.0, 7.0, -1.0; 2
-6.0, 8.0, -1.0; 4
-5.0, 8.0, -1.0; 15
-4.0, 8.0, -1.0; 16
-3.0, 8.0, -1.0; 28
-2.0, 8.0, -1.0; 43
-1.0, 8.0, -1.0; 55
0.0, 8.0, -1.0; 73
1.0, 8.0, -1.0; 49
2.0, 8.0, -1.0; 28
3.0, 8.0, -1.0; 8
4.0, 8.0, -1.0; 5
5.0, 8.0, -1.0; 4
-5.0, 9.0, -1.0; 1
-4.0, 9.0, -1.0; 8
-3.0, 9.0, -1.0; 30
-2.0, 9.0, -1.0; 83
-1.0, 9.0, -1.0; 87
0.0, 9.0, -1.0; 96
1.0, 9.0, -1.0; 49
2.0, 9.0, -1.0; 20
3.0, 9.0, -1.0; 3
-4.0, -10.0, 0.0; 19
-3.0, -10.0, 0.0; 42
-2.0, -10.0, 0.0; 62
-1.0, -10.0, 0.0; 61
0.0, -10.0, 0.0; 69
1.0, -10.0, 0.0; 51
2.0, -10.0, 0.0; 10
3.0, -10.0, 0.0; 4
-6.0, -9.0, 0.0; 10
-5.0, -9.0, 0.0; 33
-4.0, -9.0, 0.0; 21
-3.0, -9.0, 0.0; 6
-2.0, -9.0, 0.0; 7
-1.0, -9.0, 0.0; 21
0.0, -9.0, 0.0; 27
1.0, -9.0, 0.0; 13
2.0, -9.0, 0.0; 24
3.0, -9.0, 0.0; 12
4.0, -9.0, 0.0; 9
5.0, -9.0, 0.0; 7
-7.0, -8.0, 0.0; 12
-6.0, -8.0, 0.0; 19
-5.0, -8.0, 0.0; 6
-3.0, -8.0, 0.0; 2
-2.0, -8.0, 0.0; 58
-1.0, -8.0, 0.0; 45
0.0, -8.0, 0.0; 20
1.0, -8.0, 0.0; 23
2.0, -8.0, 0.0; 12
3.0, -8.0, 0.0; 10
4.0, -8.0, 0.0; 5
5.0, -8.0, 0.0; 8
6.0, -8.0, 0.0; 7
-8.0, -7.0, 0.0; 6
-7.0, -7.0, 0.0; 17
-6.0, -7.0, 0.0; 11
-5.0, -7.0, 0.0; 1
-4.0, -7.0, 0.0; 40
-3.0, -7.0, 0.0; 195
-2.0, -7.0, 0.0; 478
-1.0, -7.0, 0.0; 895
0.0, -7.0, 0.0; 715
1.0, -7.0, 0.0; 104
2.0, -7.0, 0.0; 42
3.0, -7.0, 0.0; 34
4.0, -7.0, 0.0; 8
5.0, -7.0, 0.0; 4
6.0, -7.0, 0.0; 2
7.0, -7.0, 0.0; 3
-9.0, -6.0, 0.0; 2
-8.0, -6.0, 0.0; 20
-7.0, -6.0, 0.0; 10
-6.0, -6.0, 0.0; 7
-5.0, -6.0, 0.0; 56
-4.0, -6.0, 0.0; 11
-3.0, -6.0, 0.0; 6
-2.0, -6.0, 0.0; 15
-1.0, -6.0, 0.0; 58
0.0, -6.0, 0.0; 183
1.0, -6.0, 0.0; 118
2.0, -6.0, 0.0; 22
3.0, -6.0, 0.0; 62
4.0, -6.0, 0.0; 29
5.0, -6.0, 0.0; 12
6.0, -6.0, 0.0; 3
7.0, -6.0, 0.0; 2
-9.0, -5.0, 0.0; 3
-8.0, -5.0, 0.0; 24
-7.0, -5.0, 0.0; 5
-6.0, -5.0, 0.0; 48
-5.0, -5.0, 0.0; 2
-4.0, -5.0, 0.0; 2
-1.0, -5.0, 0.0; 1
0.0, -5.0, 0.0; 1
1.0, -5.0, 0.0; 1
2.0, -5.0, 0.0; 10
3.0, -5.0, 0.0; 1
4.0, -5.0, 0.0; 6
5.0, -5.0, 0.0; 6
7.0, -5.0, 0.0; 4
-10.0, -4.0, 0.0; 3
-9.0, -4.0, 0.0; 10
-8.0, -4.0, 0.0; 11
-7.0, -4.0, 0.0; 10
-6.0, -4.0, 0.0; 33
-5.0, -4.0, 0.0; 2
3.0, -4.0, 0.0; 2
4.0, -4.0, 0.0; 1
5.0, -4.0, 0.0; 1
6.0, -4.0, 0.0; 5
7.0, -4.0, 0.0; 3
-10.0, -3.0, 0.0; 2
-9.0, -3.0, 0.0; 11
-8.0, -3.0, 0.0; 15
-7.0, -3.0, 0.0; 3
-6.0, -3.0, 0.0; 1
-5.0, -3.0, 0.0; 3
3.0, -3.0, 0.0; 2
5.0, -3.0, 0.0; 3
6.0, -3.0, 0.0; 1
7.0, -3.0, 0.0; 1
9.0, -3.0, 0.0; 1
-10.0, -2.0, 0.0; 2
-9.0, -2.0, 0.0; 3
-8.0, -2.0, 0.0; 7
-7.0, -2.0, 0.0; 4
-6.0, -2.0, 0.0; 4
-5.0, -2.0, 0.0; 1
3.0, -2.0, 0.0; 1
6.0, -2.0, 0.0; 1
7.0, -2.0, 0.0; 1
-10.0, -1.0, 0.0; 4
-9.0, -1.0, 0.0; 4
-8.0, -1.0, 0.0; 1
-7.0, -1.0, 0.0; 12
-6.0, -1.0, 0.0; 8
-5.0, -1.0, 0.0; 1
4.0, -1.0, 0.0; 1
6.0, -1.0, 0.0; 2
-10.0, 0.0, 0.0; 6
-9.0, 0.0, 0.0; 2
-8.0, 0.0, 0.0; 8
-7.0, 0.0, 0.0; 3
-6.0, 0.0, 0.0; 14
-5.0, 0.0, 0.0; 6
5.0
25.7535762483
