6.0, 0.0, 0.0; 1
7.0, 0.0, 0.0; 2
8.0, 0.0, 0.0; 1
9.0, 0.0, 0.0; 1
-10.0, 1.0, 0.0; 4
-9.0, 1.0, 0.0; 9
-8.0, 1.0, 0.0; 4
-7.0, 1.0, 0.0; 4
-6.0, 1.0, 0.0; 153
-5.0, 1.0, 0.0; 95
5.0, 1.0, 0.0; 1
6.0, 1.0, 0.0; 1
7.0, 1.0, 0.0; 1
8.0, 1.0, 0.0; 1
-9.0, 2.0, 0.0; 7
-8.0, 2.0, 0.0; 6
-7.0, 2.0, 0.0; 4
-6.0, 2.0, 0.0; 55
-5.0, 2.0, 0.0; 178
4.0, 2.0, 0.0; 1
5.0, 2.0, 0.0; 3
6.0, 2.0, 0.0; 1
7.0, 2.0, 0.0; 1
8.0, 2.0, 0.0; 4
-8.0, 3.0, 0.0; 3
-7.0, 3.0, 0.0; 2
-6.0, 3.0, 0.0; 12
-5.0, 3.0, 0.0; 27
-4.0, 3.0, 0.0; 1
3.0, 3.0, 0.0; 3
4.0, 3.0, 0.0; 3
5.0, 3.0, 0.0; 6
6.0, 3.0, 0.0; 7
7.0, 3.0, 0.0; 2
-9.0, 4.0, 0.0; 6
-8.0, 4.0, 0.0; 10
-7.0, 4.0, 0.0; 4
-6.0, 4.0, 0.0; 5
-5.0, 4.0, 0.0; 11
-4.0, 4.0, 0.0; 5
-3.0, 4.0, 0.0; 1
1.0, 4.0, 0.0; 4
2.0, 4.0, 0.0; 3
3.0, 4.0, 0.0; 8
4.0, 4.0, 0.0; 31
5.0, 4.0, 0.0; 17
6.0, 4.0, 0.0; 7
7.0, 4.0, 0.0; 5
-9.0, 5.0, 0.0; 5
-8.0, 5.0, 0.0; 20
-7.0, 5.0, 0.0; 27
-6.0, 5.0, 0.0; 4
-5.0, 5.0, 0.0; 12
-4.0, 5.0, 0.0; 13
-3.0, 5.0, 0.0; 74
-2.0, 5.0, 0.0; 68
-1.0, 5.0, 0.0; 18
0.0, 5.0, 0.0; 62
1.0, 5.0, 0.0; 96
2.0, 5.0, 0.0; 14
3.0, 5.0, 0.0; 62
4.0, 5.0, 0.0; 83
5.0, 5.0, 0.0; 32
6.0, 5.0, 0.0; 3
7.0, 5.0, 0.0; 6
8.0, 5.0, 0.0; 1
-8.0, 6.0, 0.0; 10
-7.0, 6.0, 0.0; 172
-6.0, 6.0, 0.0; 1548
-5.0, 6.0, 0.0; 179
-4.0, 6.0, 0.0; 57
-3.0, 6.0, 0.0; 126
-2.0, 6.0, 0.0; 266
-1.0, 6.0, 0.0; 446
0.0, 6.0, 0.0; 497
1.0, 6.0, 0.0; 66
2.0, 6.0, 0.0; 29
3.0, 6.0, 0.0; 59
4.0, 6.0, 0.0; 55
5.0, 6.0, 0.0; 5
6.0, 6.0, 0.0; 2
7.0, 6.0, 0.0; 2
-7.0, 7.0, 0.0; 7
-6.0, 7.0, 0.0; 85
-5.0, 7.0, 0.0; 198
-4.0, 7.0, 0.0; 28
-3.0, 7.0, 0.0; 18
-2.0, 7.0, 0.0; 71
-1.0, 7.0, 0.0; 150
0.0, 7.0, 0.0; 57
1.0, 7.0, 0.0; 9
2.0, 7.0, 0.0; 18
3.0, 7.0, 0.0; 23
4.0, 7.0, 0.0; 19
5.0, 7.0, 0.0; 6
6.0, 7.0, 0.0; 1
-5.0, 8.0, 0.0; 15
-4.0, 8.0, 0.0; 19
-3.0, 8.0, 0.0; 24
-2.0, 8.0, 0.0; 10
-1.0, 8.0, 0.0; 28
0.0, 8.0, 0.0; 25
1.0, 8.0, 0.0; 25
2.0, 8.0, 0.0; 18
3.0, 8.0, 0.0; 5
4.0, 8.0, 0.0; 4
5.0, 8.0, 0.0; 1
-5.0, 9.0, 0.0; 1
-4.0, 9.0, 0.0; 10
-3.0, 9.0, 0.0; 79
-2.0, 9.0, 0.0; 198
-1.0, 9.0, 0.0; 296
0.0, 9.0, 0.0; 165
1.0, 9.0, 0.0; 75
2.0, 9.0, 0.0; 19
3.0, 9.0, 0.0; 1
-4.0, -10.0, 1.0; 10
-3.0, -10.0, 1.0; 27
-2.0, -10.0, 1.0; 35
-1.0, -10.0, 1.0; 33
0.0, -10.0, 1.0; 28
1.0, -10.0, 1.0; 20
2.0, -10.0, 1.0; 4
3.0, -10.0, 1.0; 4
-6.0, -9.0, 1.0; 5
-5.0, -9.0, 1.0; 21
-4.0, -9.0, 1.0; 17
-3.0, -9.0, 1.0; 20
-2.0, -9.0, 1.0; 12
-1.0, -9.0, 1.0; 20
0.0, -9.0, 1.0; 23
1.0, -9.0, 1.0; 26
2.0, -9.0, 1.0; 15
3.0, -9.0, 1.0; 11
4.0, -9.0, 1.0; 8
5.0, -9.0, 1.0; 5
-7.0, -8.0, 1.0; 9
-6.0, -8.0, 1.0; 18
-5.0, -8.0, 1.0; 21
-4.0, -8.0, 1.0; 4
-3.0, -8.0, 1.0; 4
-2.0, -8.0, 1.0; 2
-1.0, -8.0, 1.0; 5
0.0, -8.0, 1.0; 16
1.0, -8.0, 1.0; 61
2.0, -8.0, 1.0; 51
3.0, -8.0, 1.0; 16
4.0, -8.0, 1.0; 10
5.0, -8.0, 1.0; 12
6.0, -8.0, 1.0; 5
-8.0, -7.0, 1.0; 2
-7.0, -7.0, 1.0; 13
-6.0, -7.0, 1.0; 22
-5.0, -7.0, 1.0; 1
-4.0, -7.0, 1.0; 87
-3.0, -7.0, 1.0; 250
-2.0, -7.0, 1.0; 431
-1.0, -7.0, 1.0; 437
0.0, -7.0, 1.0; 140
1.0, -7.0, 1.0; 103
2.0, -7.0, 1.0; 72
3.0, -7.0, 1.0; 35
4.0, -7.0, 1.0; 9
5.0, -7.0, 1.0; 13
6.0, -7.0, 1.0; 5
7.0, -7.0, 1.0; 1
-8.0, -6.0, 1.0; 15
-7.0, -6.0, 1.0; 19
-6.0, -6.0, 1.0; 6
-5.0, -6.0, 1.0; 130
-4.0, -6.0, 1.0; 153
-3.0, -6.0, 1.0; 100
-2.0, -6.0, 1.0; 108
-1.0, -6.0, 1.0; 146
0.0, -6.0, 1.0; 111
1.0, -6.0, 1.0; 114
2.0, -6.0, 1.0; 100
3.0, -6.0, 1.0; 55
4.0, -6.0, 1.0; 20
5.0, -6.0, 1.0; 6
6.0, -6.0, 1.0; 7
7.0, -6.0, 1.0; 10
8.0, -6.0, 1.0; 1
-9.0, -5.0, 1.0; 8
-8.0, -5.0, 1.0; 12
-7.0, -5.0, 1.0; 8
-6.0, -5.0, 1.0; 82
-5.0, -5.0, 1.0; 107
-4.0, -5.0, 1.0; 5
-3.0, -5.0, 1.0; 1
-2.0, -5.0, 1.0; 4
-1.0, -5.0, 1.0; 5
0.0, -5.0, 1.0; 3
1.0, -5.0, 1.0; 2
2.0, -5.0, 1.0; 17
3.0, -5.0, 1.0; 8
4.0, -5.0, 1.0; 11
5.0, -5.0, 1.0; 6
6.0, -5.0, 1.0; 8
7.0, -5.0, 1.0; 1
8.0, -5.0, 1.0; 3
-9.0, -4.0, 1.0; 9
-8.0, -4.0, 1.0; 25
-7.0, -4.0, 1.0; 6
-6.0, -4.0, 1.0; 135
-5.0, -4.0, 1.0; 17
-4.0, -4.0, 1.0; 5
3.0, -4.0, 1.0; 1
4.0, -4.0, 1.0; 1
5.0, -4.0, 1.0; 6
6.0, -4.0, 1.0; 2
7.0, -4.0, 1.0; 2
8.0, -4.0, 1.0; 1
-10.0, -3.0, 1.0; 4
-9.0, -3.0, 1.0; 5
-8.0, -3.0, 1.0; 19
-7.0, -3.0, 1.0; 2
-6.0, -3.0, 1.0; 6
-5.0, -3.0, 1.0; 1
5.0, -3.0, 1.0; 1
7.0, -3.0, 1.0; 4
-10.0, -2.0, 1.0; 3
-9.0, -2.0, 1.0; 2
-8.0, -2.0, 1.0; 21
-7.0, -2.0, 1.0; 2
-6.0, -2.0, 1.0; 1
4.0, -2.0, 1.0; 2
5.0, -2.0, 1.0; 1
6.0, -2.0, 1.0; 7
7.0, -2.0, 1.0; 4
8.0, -2.0, 1.0; 1
9.0, -2.0, 1.0; 1
-10.0, -1.0, 1.0; 8
-9.0, -1.0, 1.0; 5
-8.0, -1.0, 1.0; 6
-7.0, -1.0, 1.0; 8
-6.0, -1.0, 1.0; 14
-5.0, -1.0, 1.0; 2
5.0, -1.0, 1.0; 2
7.0, -1.0, 1.0; 2
8.0, -1.0, 1.0; 1
-10.0, 0.0, 1.0; 3
-9.0, 0.0, 1.0; 3
-8.0, 0.0, 1.0; 7
-7.0, 0.0, 1.0; 4
-6.0, 0.0, 1.0; 35
-5.0, 0.0, 1.0; 6
4.0, 0.0, 1.0; 1
6.0, 0.0, 1.0; 2
7.0, 0.0, 1.0; 2
-10.0, 1.0, 1.0; 3
-9.0, 1.0, 1.0; 3
-8.0, 1.0, 1.0; 3
-6.0, 1.0, 1.0; 22
-5.0, 1.0, 1.0; 14
-4.0, 1.0, 1.0; 1
5.0, 1.0, 1.0; 1
6.0, 1.0, 1.0; 4
7.0, 1.0, 1.0; 1
-9.0, 2.0, 1.0; 3
-8.0, 2.0, 1.0; 4
-7.0, 2.0, 1.0; 2
-6.0, 2.0, 1.0; 12
-5.0, 2.0, 1.0; 51
-4.0, 2.0, 1.0; 7
4.0, 2.0, 1.0; 1
5.0, 2.0, 1.0; 1
7.0, 2.0, 1.0; 3
-9.0, 3.0, 1.0; 4
-8.0, 3.0, 1.0; 7
-7.0, 3.0, 1.0; 3
-6.0, 3.0, 1.0; 3
-5.0, 3.0, 1.0; 19
-4.0, 3.0, 1.0; 11
-2.0, 3.0, 1.0; 1
3.0, 3.0, 1.0; 1
4.0, 3.0, 1.0; 1
5.0, 3.0, 1.0; 2
7.0, 3.0, 1.0; 5
9.0, 3.0, 1.0; 1
-9.0, 4.0, 1.0; 4
-8.0, 4.0, 1.0; 3
-7.0, 4.0, 1.0; 4
-6.0, 4.0, 1.0; 6
-5.0, 4.0, 1.0; 15
-4.0, 4.0, 1.0; 25
-3.0, 4.0, 1.0; 19
-2.0, 4.0, 1.0; 4
-1.0, 4.0, 1.0; 3
0.0, 4.0, 1.0; 9
1.0, 4.0, 1.0; 9
2.0, 4.0, 1.0; 6
3.0, 4.0, 1.0; 17
4.0, 4.0, 1.0; 19
5.0, 4.0, 1.0; 11
6.0, 4.0, 1.0; 5
7.0, 4.0, 1.0; 5
8.0, 4.0, 1.0; 1
-9.0, 5.0, 1.0; 1
-8.0, 5.0, 1.0; 13
-7.0, 5.0, 1.0; 8
-6.0, 5.0, 1.0; 2
-5.0, 5.0, 1.0; 16
-4.0, 5.0, 1.0; 81
-3.0, 5.0, 1.0; 3760
-2.0, 5.0, 1.0; 2419
-1.0, 5.0, 1.0; 86
0.0, 5.0, 1.0; 95
1.0, 5.0, 1.0; 57
2.0, 5.0, 1.0; 26
3.0, 5.0, 1.0; 38
4.0, 5.0, 1.0; 78
5.0, 5.0, 1.0; 15
6.0, 5.0, 1.0; 5
7.0, 5.0, 1.0; 4
-8.0, 6.0, 1.0; 12
-7.0, 6.0, 1.0; 33
-6.0, 6.0, 1.0; 114
-5.0, 6.0, 1.0; 34
-4.0, 6.0, 1.0; 72
-3.0, 6.0, 1.0; 175
-2.0, 6.0, 1.0; 202
-1.0, 6.0, 1.0; 89
0.0, 6.0, 1.0; 35
1.0, 6.0, 1.0; 10
2.0, 6.0, 1.0; 17
3.0, 6.0, 1.0; 40
4.0, 6.0, 1.0; 56
5.0, 6.0, 1.0; 9
6.0, 6.0, 1.0; 5
7.0, 6.0, 1.0; 1
-7.0, 7.0, 1.0; 4
-6.0, 7.0, 1.0; 24
-5.0, 7.0, 1.0; 15
-4.0, 7.0, 1.0; 5
-3.0, 7.0, 1.0; 6
-2.0, 7.0, 1.0; 21
-1.0, 7.0, 1.0; 16
0.0, 7.0, 1.0; 3
1.0, 7.0, 1.0; 13
2.0, 7.0, 1.0; 17
3.0, 7.0, 1.0; 33
4.0, 7.0, 1.0; 10
5.0, 7.0, 1.0; 7
6.0, 7.0, 1.0; 2
-6.0, 8.0, 1.0; 2
-5.0, 8.0, 1.0; 14
-4.0, 8.0, 1.0; 26
-3.0, 8.0, 1.0; 26
-2.0, 8.0, 1.0; 23
-1.0, 8.0, 1.0; 18
0.0, 8.0, 1.0; 22
1.0, 8.0, 1.0; 26
2.0, 8.0, 1.0; 14
3.0, 8.0, 1.0; 7
4.0, 8.0, 1.0; 4
5.0, 8.0, 1.0; 1
-4.0, 9.0, 1.0; 22
-3.0, 9.0, 1.0; 117
-2.0, 9.0, 1.0; 214
-1.0, 9.0, 1.0; 179
0.0, 9.0, 1.0; 111
1.0, 9.0, 1.0; 34
2.0, 9.0, 1.0; 9
3.0, 9.0, 1.0; 3
-3.0, -10.0, 2.0; 14
-2.0, -10.0, 2.0; 12
-1.0, -10.0, 2.0; 13
0.0, -10.0, 2.0; 6
1.0, -10.0, 2.0; 1
-6.0, -9.0, 2.0; 2
-5.0, -9.0, 2.0; 11
-4.0, -9.0, 2.0; 26
-3.0, -9.0, 2.0; 32
-2.0, -9.0, 2.0; 25
-1.0, -9.0, 2.0; 26
0.0, -9.0, 2.0; 21
1.0, -9.0, 2.0; 8
2.0, -9.0, 2.0; 6
3.0, -9.0, 2.0; 10
4.0, -9.0, 2.0; 7
5.0, -9.0, 2.0; 1
-7.0, -8.0, 2.0; 6
-6.0, -8.0, 2.0; 14
-5.0, -8.0, 2.0; 23
-4.0, -8.0, 2.0; 18
-3.0, -8.0, 2.0; 16
-2.0, -8.0, 2.0; 7
-1.0, -8.0, 2.0; 21
0.0, -8.0, 2.0; 48
1.0, -8.0, 2.0; 92
2.0, -8.0, 2.0; 22
3.0, -8.0, 2.0; 7
4.0, -8.0, 2.0; 8
5.0, -8.0, 2.0; 16
-8.0, -7.0, 2.0; 1
-7.0, -7.0, 2.0; 7
-6.0, -7.0, 2.0; 27
-5.0, -7.0, 2.0; 10
-4.0, -7.0, 2.0; 5
-3.0, -7.0, 2.0; 8
-2.0, -7.0, 2.0; 24
-1.0, -7.0, 2.0; 24
0.0, -7.0, 2.0; 18
1.0, -7.0, 2.0; 45
2.0, -7.0, 2.0; 34
3.0, -7.0, 2.0; 4
4.0, -7.0, 2.0; 10
5.0, -7.0, 2.0; 10
6.0, -7.0, 2.0; 5
-8.0, -6.0, 2.0; 3
-7.0, -6.0, 2.0; 24
-6.0, -6.0, 2.0; 14
-5.0, -6.0, 2.0; 10
-4.0, -6.0, 2.0; 61
-3.0, -6.0, 2.0; 130
-2.0, -6.0, 2.0; 128
-1.0, -6.0, 2.0; 35
0.0, -6.0, 2.0; 13
1.0, -6.0, 2.0; 28
2.0, -6.0, 2.0; 35
3.0, -6.0, 2.0; 16
4.0, -6.0, 2.0; 8
5.0, -6.0, 2.0; 3
6.0, -6.0, 2.0; 2
7.0, -6.0, 2.0; 2
-9.0, -5.0, 2.0; 2
-8.0, -5.0, 2.0; 8
-7.0, -5.0, 2.0; 16
-6.0, -5.0, 2.0; 1
-5.0, -5.0, 2.0; 69
-4.0, -5.0, 2.0; 98
-3.0, -5.0, 2.0; 23
-2.0, -5.0, 2.0; 11
-1.0, -5.0, 2.0; 6
0.0, -5.0, 2.0; 2
1.0, -5.0, 2.0; 21
2.0, -5.0, 2.0; 4
3.0, -5.0, 2.0; 10
4.0, -5.0, 2.0; 5
5.0, -5.0, 2.0; 7
6.0, -5.0, 2.0; 3
7.0, -5.0, 2.0; 2
-9.0, -4.0, 2.0; 4
-8.0, -4.0, 2.0; 13
-7.0, -4.0, 2.0; 8
-6.0, -4.0, 2.0; 12
-5.0, -4.0, 2.0; 75
-3.0, -4.0, 2.0; 2
-2.0, -4.0, 2.0; 1
1.0, -4.0, 2.0; 2
2.0, -4.0, 2.0; 1
3.0, -4.0, 2.0; 2
5.0, -4.0, 2.0; 6
6.0, -4.0, 2.0; 4
7.0, -4.0, 2.0; 7
-10.0, -3.0, 2.0; 1
-9.0, -3.0, 2.0; 6
-8.0, -3.0, 2.0; 11
-7.0, -3.0, 2.0; 10
-6.0, -3.0, 2.0; 6
-5.0, -3.0, 2.0; 1
0.0, -3.0, 2.0; 1
2.0, -3.0, 2.0; 1
3.0, -3.0, 2.0; 1
4.0, -3.0, 2.0; 1
5.0, -3.0, 2.0; 3
6.0, -3.0, 2.0; 3
7.0, -3.0, 2.0; 1
8.0, -3.0, 2.0; 1
-10.0, -2.0, 2.0; 3
-9.0, -2.0, 2.0; 6
-8.0, -2.0, 2.0; 13
-7.0, -2.0, 2.0; 13
-6.0, -2.0, 2.0; 8
5.0, -2.0, 2.0; 1
6.0, -2.0, 2.0; 5
7.0, -2.0, 2.0; 1
8.0, -2.0, 2.0; 1
-9.0, -1.0, 2.0; 5
-8.0, -1.0, 2.0; 3
-7.0, -1.0, 2.0; 2
-6.0, -1.0, 2.0; 7
-5.0, -1.0, 2.0; 4
4.0, -1.0, 2.0; 1
6.0, -1.0, 2.0; 2
7.0, -1.0, 2.0; 1
-10.0, 0.0, 2.0; 3
-9.0, 0.0, 2.0; 2
-8.0, 0.0, 2.0; 4
-7.0, 0.0, 2.0; 7
-6.0, 0.0, 2.0; 15
-5.0, 0.0, 2.0; 13
-4.0, 0.0, 2.0; 1
5.0, 0.0, 2.0; 1
6.0, 0.0, 2.0; 2
7.0, 0.0, 2.0; 1
-10.0, 1.0, 2.0; 2
-9.0, 1.0, 2.0; 5
-8.0, 1.0, 2.0; 4
-7.0, 1.0, 2.0; 3
-6.0, 1.0, 2.0; 14
-5.0, 1.0, 2.0; 472
-4.0, 1.0, 2.0; 409
-3.0, 1.0, 2.0; 4
4.0, 1.0, 2.0; 5
5.0, 1.0, 2.0; 4
6.0, 1.0, 2.0; 2
7.0, 1.0, 2.0; 1
9.0, 1.0, 2.0; 1
-9.0, 2.0, 2.0; 6
-8.0, 2.0, 2.0; 5
-7.0, 2.0, 2.0; 2
-6.0, 2.0, 2.0; 6
-5.0, 2.0, 2.0; 756
-4.0, 2.0, 2.0; 4214
-3.0, 2.0, 2.0; 75
2.0, 2.0, 2.0; 1
3.0, 2.0, 2.0; 2
4.0, 2.0, 2.0; 3
5.0, 2.0, 2.0; 3
6.0, 2.0, 2.0; 3
7.0, 2.0, 2.0; 1
-9.0, 3.0, 2.0; 4
-8.0, 3.0, 2.0; 4
-7.0, 3.0, 2.0; 6
-6.0, 3.0, 2.0; 5
-5.0, 3.0, 2.0; 26
-4.0, 3.0, 2.0; 371
-3.0, 3.0, 2.0; 125
-2.0, 3.0, 2.0; 8
-1.0, 3.0, 2.0; 3
0.0, 3.0, 2.0; 4
1.0, 3.0, 2.0; 2
2.0, 3.0, 2.0; 2
3.0, 3.0, 2.0; 2
4.0, 3.0, 2.0; 6
5.0, 3.0, 2.0; 4
6.0, 3.0, 2.0; 1
7.0, 3.0, 2.0; 4
8.0, 3.0, 2.0; 2
-9.0, 4.0, 2.0; 4
-8.0, 4.0, 2.0; 5
-7.0, 4.0, 2.0; 13
-6.0, 4.0, 2.0; 7
-5.0, 4.0, 2.0; 8
-4.0, 4.0, 2.0; 36
-3.0, 4.0, 2.0; 155
-2.0, 4.0, 2.0; 166
-1.0, 4.0, 2.0; 75
0.0, 4.0, 2.0; 34
1.0, 4.0, 2.0; 10
2.0, 4.0, 2.0; 10
3.0, 4.0, 2.0; 11
4.0, 4.0, 2.0; 8
5.0, 4.0, 2.0; 6
6.0, 4.0, 2.0; 5
7.0, 4.0, 2.0; 1
-9.0, 5.0, 2.0; 1
-8.0, 5.0, 2.0; 9
-7.0, 5.0, 2.0; 6
-6.0, 5.0, 2.0; 3
-5.0, 5.0, 2.0; 4
-4.0, 5.0, 2.0; 26
-3.0, 5.0, 2.0; 428
-2.0, 5.0, 2.0; 584
-1.0, 5.0, 2.0; 57
0.0, 5.0, 2.0; 15
1.0, 5.0, 2.0; 12
2.0, 5.0, 2.0; 22
3.0, 5.0, 2.0; 19
4.0, 5.0, 2.0; 45
5.0, 5.0, 2.0; 6
6.0, 5.0, 2.0; 2
7.0, 5.0, 2.0; 5
-8.0, 6.0, 2.0; 7
-7.0, 6.0, 2.0; 10
-6.0, 6.0, 2.0; 8
-5.0, 6.0, 2.0; 6
-4.0, 6.0, 2.0; 6
-3.0, 6.0, 2.0; 14
-2.0, 6.0, 2.0; 9
-1.0, 6.0, 2.0; 3
0.0, 6.0, 2.0; 7
1.0, 6.0, 2.0; 11
2.0, 6.0, 2.0; 13
3.0, 6.0, 2.0; 40
4.0, 6.0, 2.0; 28
5.0, 6.0, 2.0; 7
6.0, 6.0, 2.0; 2
7.0, 6.0, 2.0; 1
-7.0, 7.0, 2.0; 1
-6.0, 7.0, 2.0; 7
-5.0, 7.0, 2.0; 8
-4.0, 7.0, 2.0; 13
-3.0, 7.0, 2.0; 10
-2.0, 7.0, 2.0; 5
-1.0, 7.0, 2.0; 9
0.0, 7.0, 2.0; 19
1.0, 7.0, 2.0; 14
2.0, 7.0, 2.0; 23
3.0, 7.0, 2.0; 12
4.0, 7.0, 2.0; 8
5.0, 7.0, 2.0; 2
6.0, 7.0, 2.0; 1
-6.0, 8.0, 2.0; 1
-5.0, 8.0, 2.0; 14
-4.0, 8.0, 2.0; 59
-3.0, 8.0, 2.0; 57
-2.0, 8.0, 2.0; 43
-1.0, 8.0, 2.0; 36
0.0, 8.0, 2.0; 27
1.0, 8.0, 2.0; 14
2.0, 8.0, 2.0; 7
3.0, 8.0, 2.0; 2
4.0, 8.0, 2.0; 1
-4.0, 9.0, 2.0; 6
-3.0, 9.0, 2.0; 59
-2.0, 9.0, 2.0; 98
-1.0, 9.0, 2.0; 81
0.0, 9.0, 2.0; 37
1.0, 9.0, 2.0; 8
2.0, 9.0, 2.0; 2
3.0, 9.0, 2.0; 1
-3.0, -10.0, 3.0; 2
-2.0, -10.0, 3.0; 8
-1.0, -10.0, 3.0; 2
0.0, -10.0, 3.0; 1
1.0, -10.0, 3.0; 1
2.0, -10.0, 3.0; 1
-5.0, -9.0, 3.0; 1
-4.0, -9.0, 3.0; 13
-3.0, -9.0, 3.0; 18
-2.0, -9.0, 3.0; 19
-1.0, -9.0, 3.0; 13
0.0, -9.0, 3.0; 13
1.0, -9.0, 3.0; 7
2.0, -9.0, 3.0; 2
3.0, -9.0, 3.0; 2
4.0, -9.0, 3.0; 4
-6.0, -8.0, 3.0; 7
-5.0, -8.0, 3.0; 16
-4.0, -8.0, 3.0; 30
-3.0, -8.0, 3.0; 28
-2.0, -8.0, 3.0; 22
-1.0, -8.0, 3.0; 35
0.0, -8.0, 3.0; 41
1.0, -8.0, 3.0; 30
2.0, -8.0, 3.0; 5
3.0, -8.0, 3.0; 3
4.0, -8.0, 3.0; 12
5.0, -8.0, 3.0; 8
-7.0, -7.0, 3.0; 2
-6.0, -7.0, 3.0; 12
-5.0, -7.0, 3.0; 15
-4.0, -7.0, 3.0; 13
-3.0, -7.0, 3.0; 9
-2.0, -7.0, 3.0; 10
-1.0, -7.0, 3.0; 15
0.0, -7.0, 3.0; 42
1.0, -7.0, 3.0; 14
2.0, -7.0, 3.0; 8
3.0, -7.0, 3.0; 6
4.0, -7.0, 3.0; 6
5.0, -7.0, 3.0; 6
6.0, -7.0, 3.0; 4
-8.0, -6.0, 3.0; 4
-7.0, -6.0, 3.0; 9
-6.0, -6.0, 3.0; 24
-5.0, -6.0, 3.0; 8
-3.0, -6.0, 3.0; 6
-2.0, -6.0, 3.0; 5
-1.0, -6.0, 3.0; 7
0.0, -6.0, 3.0; 9
1.0, -6.0, 3.0; 18
2.0, -6.0, 3.0; 7
4.0, -6.0, 3.0; 3
5.0, -6.0, 3.0; 6
6.0, -6.0, 3.0; 1
-8.0, -5.0, 3.0; 3
-7.0, -5.0, 3.0; 10
-6.0, -5.0, 3.0; 9
-5.0, -5.0, 3.0; 4
-4.0, -5.0, 3.0; 2
-3.0, -5.0, 3.0; 5
-2.0, -5.0, 3.0; 3
-1.0, -5.0, 3.0; 5
0.0, -5.0, 3.0; 11
1.0, -5.0, 3.0; 16
2.0, -5.0, 3.0; 5
3.0, -5.0, 3.0; 6
4.0, -5.0, 3.0; 2
5.0, -5.0, 3.0; 3
6.0, -5.0, 3.0; 2
-9.0, -4.0, 3.0; 5
-8.0, -4.0, 3.0; 5
-7.0, -4.0, 3.0; 17
-6.0, -4.0, 3.0; 11
-5.0, -4.0, 3.0; 3
-4.0, -4.0, 3.0; 3
-3.0, -4.0, 3.0; 4
-2.0, -4.0, 3.0; 4
-1.0, -4.0, 3.0; 1
0.0, -4.0, 3.0; 1
1.0, -4.0, 3.0; 8
2.0, -4.0, 3.0; 4
3.0, -4.0, 3.0; 1
4.0, -4.0, 3.0; 6
5.0, -4.0, 3.0; 3
6.0, -4.0, 3.0; 2
7.0, -4.0, 3.0; 1
-9.0, -3.0, 3.0; 2
-8.0, -3.0, 3.0; 5
-7.0, -3.0, 3.0; 14
-6.0, -3.0, 3.0; 29
-5.0, -3.0, 3.0; 5
-4.0, -3.0, 3.0; 3
-3.0, -3.0, 3.0; 4
-2.0, -3.0, 3.0; 5
-1.0, -3.0, 3.0; 4
0.0, -3.0, 3.0; 3
3.0, -3.0, 3.0; 1
4.0, -3.0, 3.0; 2
5.0, -3.0, 3.0; 6
6.0, -3.0, 3.0; 2
7.0, -3.0, 3.0; 2
-10.0, -2.0, 3.0; 1
-9.0, -2.0, 3.0; 7
-8.0, -2.0, 3.0; 7
-7.0, -2.0, 3.0; 9
-6.0, -2.0, 3.0; 28
-5.0, -2.0, 3.0; 51
-4.0, -2.0, 3.0; 10
-3.0, -2.0, 3.0; 4
-2.0, -2.0, 3.0; 2
-1.0, -2.0, 3.0; 2
0.0, -2.0, 3.0; 4
1.0, -2.0, 3.0; 3
5.0, -2.0, 3.0; 1
6.0, -2.0, 3.0; 1
7.0, -2.0, 3.0; 1
-9.0, -1.0, 3.0; 5
-8.0, -1.0, 3.0; 2
-7.0, -1.0, 3.0; 1
-6.0, -1.0, 3.0; 12
-5.0, -1.0, 3.0; 10
-4.0, -1.0, 3.0; 3
-3.0, -1.0, 3.0; 14
-2.0, -1.0, 3.0; 7
-1.0, -1.0, 3.0; 1
0.0, -1.0, 3.0; 2
1.0, -1.0, 3.0; 2
2.0, -1.0, 3.0; 1
5.0, -1.0, 3.0; 1
7.0, -1.0, 3.0; 2
-10.0, 0.0, 3.0; 4
-9.0, 0.0, 3.0; 2
-8.0, 0.0, 3.0; 5
-7.0, 0.0, 3.0; 5
-6.0, 0.0, 3.0; 5
-5.0, 0.0, 3.0; 12
-4.0, 0.0, 3.0; 13
-3.0, 0.0, 3.0; 5
-2.0, 0.0, 3.0; 2
3.0, 0.0, 3.0; 2
4.0, 0.0, 3.0; 1
5.0, 0.0, 3.0; 2
8.0, 0.0, 3.0; 1
-9.0, 1.0, 3.0; 6
-8.0, 1.0, 3.0; 2
-7.0, 1.0, 3.0; 7
-5.0, 1.0, 3.0; 28
-4.0, 1.0, 3.0; 214
-3.0, 1.0, 3.0; 63
-2.0, 1.0, 3.0; 5
1.0, 1.0, 3.0; 1
2.0, 1.0, 3.0; 3
3.0, 1.0, 3.0; 3
4.0, 1.0, 3.0; 2
5.0, 1.0, 3.0; 1
6.0, 1.0, 3.0; 2
-9.0, 2.0, 3.0; 4
-8.0, 2.0, 3.0; 5
-7.0, 2.0, 3.0; 4
-6.0, 2.0, 3.0; 7
-5.0, 2.0, 3.0; 5
-4.0, 2.0, 3.0; 756
-3.0, 2.0, 3.0; 380
-2.0, 2.0, 3.0; 23
-1.0, 2.0, 3.0; 2
0.0, 2.0, 3.0; 9
1.0, 2.0, 3.0; 2
2.0, 2.0, 3.0; 5
3.0, 2.0, 3.0; 6
5.0, 2.0, 3.0; 1
6.0, 2.0, 3.0; 2
7.0, 2.0, 3.0; 1
8.0, 2.0, 3.0; 1
-9.0, 3.0, 3.0; 6
-8.0, 3.0, 3.0; 5
-7.0, 3.0, 3.0; 11
-6.0, 3.0, 3.0; 2
-5.0, 3.0, 3.0; 5
-4.0, 3.0, 3.0; 39
-3.0, 3.0, 3.0; 129
-2.0, 3.0, 3.0; 67
-1.0, 3.0, 3.0; 27
0.0, 3.0, 3.0; 33
1.0, 3.0, 3.0; 11
2.0, 3.0, 3.0; 6
3.0, 3.0, 3.0; 3
4.0, 3.0, 3.0; 1
5.0, 3.0, 3.0; 5
6.0, 3.0, 3.0; 5
-9.0, 4.0, 3.0; 1
-8.0, 4.0, 3.0; 9
-7.0, 4.0, 3.0; 5
-6.0, 4.0, 3.0; 7
-5.0, 4.0, 3.0; 6
-4.0, 4.0, 3.0; 6
-3.0, 4.0, 3.0; 12
-2.0, 4.0, 3.0; 52
-1.0, 4.0, 3.0; 24
0.0, 4.0, 3.0; 15
1.0, 4.0, 3.0; 11
2.0, 4.0, 3.0; 7
3.0, 4.0, 3.0; 9
4.0, 4.0, 3.0; 4
5.0, 4.0, 3.0; 2
6.0, 4.0, 3.0; 4
7.0, 4.0, 3.0; 2
8.0, 4.0, 3.0; 1
-8.0, 5.0, 3.0; 24
-7.0, 5.0, 3.0; 9
-6.0, 5.0, 3.0; 10
-5.0, 5.0, 3.0; 4
-4.0, 5.0, 3.0; 6
-3.0, 5.0, 3.0; 1
-2.0, 5.0, 3.0; 5
-1.0, 5.0, 3.0; 4
0.0, 5.0, 3.0; 6
1.0, 5.0, 3.0; 14
2.0, 5.0, 3.0; 17
3.0, 5.0, 3.0; 15
4.0, 5.0, 3.0; 9
5.0, 5.0, 3.0; 1
6.0, 5.0, 3.0; 3
-8.0, 6.0, 3.0; 4
-7.0, 6.0, 3.0; 7
-6.0, 6.0, 3.0; 4
-5.0, 6.0, 3.0; 8
-4.0, 6.0, 3.0; 8
-3.0, 6.0, 3.0; 5
-2.0, 6.0, 3.0; 4
-1.0, 6.0, 3.0; 7
0.0, 6.0, 3.0; 8
1.0, 6.0, 3.0; 10
2.0, 6.0, 3.0; 14
3.0, 6.0, 3.0; 18
4.0, 6.0, 3.0; 5
5.0, 6.0, 3.0; 2
6.0, 6.0, 3.0; 2
-7.0, 7.0, 3.0; 1
-6.0, 7.0, 3.0; 3
-5.0, 7.0, 3.0; 16
-4.0, 7.0, 3.0; 20
-3.0, 7.0, 3.0; 27
-2.0, 7.0, 3.0; 17
-1.0, 7.0, 3.0; 15
0.0, 7.0, 3.0; 16
1.0, 7.0, 3.0; 15
2.0, 7.0, 3.0; 16
4.0, 7.0, 3.0; 2
5.0, 7.0, 3.0; 1
-5.0, 8.0, 3.0; 6
-4.0, 8.0, 3.0; 41
-3.0, 8.0, 3.0; 74
-2.0, 8.0, 3.0; 56
-1.0, 8.0, 3.0; 35
0.0, 8.0, 3.0; 10
1.0, 8.0, 3.0; 6
2.0, 8.0, 3.0; 3
3.0, 8.0, 3.0; 1
-3.0, 9.0, 3.0; 11
-2.0, 9.0, 3.0; 25
-1.0, 9.0, 3.0; 17
0.0, 9.0, 3.0; 5
-3.0, -9.0, 4.0; 8
-2.0, -9.0, 4.0; 6
-1.0, -9.0, 4.0; 2
0.0, -9.0, 4.0; 5
1.0, -9.0, 4.0; 4
2.0, -9.0, 4.0; 2
3.0, -9.0, 4.0; 3
-5.0, -8.0, 4.0; 2
-4.0, -8.0, 4.0; 16
-3.0, -8.0, 4.0; 17
-2.0, -8.0, 4.0; 14
-1.0, -8.0, 4.0; 7
0.0, -8.0, 4.0; 4
1.0, -8.0, 4.0; 5
2.0, -8.0, 4.0; 3
3.0, -8.0, 4.0; 10
4.0, -8.0, 4.0; 5
-6.0, -7.0, 4.0; 5
-5.0, -7.0, 4.0; 16
-4.0, -7.0, 4.0; 14
-3.0, -7.0, 4.0; 14
-2.0, -7.0, 4.0; 12
-1.0, -7.0, 4.0; 9
0.0, -7.0, 4.0; 16
1.0, -7.0, 4.0; 4
2.0, -7.0, 4.0; 2
3.0, -7.0, 4.0; 9
4.0, -7.0, 4.0; 4
5.0, -7.0, 4.0; 7
-7.0, -6.0, 4.0; 4
-6.0, -6.0, 4.0; 4
-5.0, -6.0, 4.0; 18
-4.0, -6.0, 4.0; 14
-3.0, -6.0, 4.0; 12
-2.0, -6.0, 4.0; 11
-1.0, -6.0, 4.0; 14
0.0, -6.0, 4.0; 17
1.0, -6.0, 4.0; 7
2.0, -6.0, 4.0; 2
3.0, -6.0, 4.0; 3
4.0, -6.0, 4.0; 5
5.0, -6.0, 4.0; 2
6.0, -6.0, 4.0; 1
-8.0, -5.0, 4.0; 5
-7.0, -5.0, 4.0; 2
-6.0, -5.0, 4.0; 9
-5.0, -5.0, 4.0; 15
-4.0, -5.0, 4.0; 9
-3.0, -5.0, 4.0; 8
-2.0, -5.0, 4.0; 14
-1.0, -5.0, 4.0; 17
0.0, -5.0, 4.0; 11
1.0, -5.0, 4.0; 19
2.0, -5.0, 4.0; 17
3.0, -5.0, 4.0; 2
4.0, -5.0, 4.0; 1
5.0, -5.0, 4.0; 1
6.0, -5.0, 4.0; 2
7.0, -5.0, 4.0; 3
-8.0, -4.0, 4.0; 3
-7.0, -4.0, 4.0; 8
-6.0, -4.0, 4.0; 9
-5.0, -4.0, 4.0; 13
-4.0, -4.0, 4.0; 7
-3.0, -4.0, 4.0; 12
-2.0, -4.0, 4.0; 13
-1.0, -4.0, 4.0; 6
0.0, -4.0, 4.0; 6
1.0, -4.0, 4.0; 4
2.0, -4.0, 4.0; 1
-8.0, -3.0, 4.0; 3
-7.0, -3.0, 4.0; 4
-6.0, -3.0, 4.0; 22
-5.0, -3.0, 4.0; 19
-4.0, -3.0, 4.0; 30
-3.0, -3.0, 4.0; 32
-2.0, -3.0, 4.0; 16
-1.0, -3.0, 4.0; 33
0.0, -3.0, 4.0; 3
1.0, -3.0, 4.0; 1
2.0, -3.0, 4.0; 3
3.0, -3.0, 4.0; 1
5.0, -3.0, 4.0; 1
6.0, -3.0, 4.0; 1
-9.0, -2.0, 4.0; 3
-8.0, -2.0, 4.0; 5
-6.0, -2.0, 4.0; 4
-5.0, -2.0, 4.0; 24
-4.0, -2.0, 4.0; 38
-3.0, -2.0, 4.0; 35
-2.0, -2.0, 4.0; 22
-1.0, -2.0, 4.0; 68
0.0, -2.0, 4.0; 44
1.0, -2.0, 4.0; 12
2.0, -2.0, 4.0; 1
4.0, -2.0, 4.0; 1
7.0, -2.0, 4.0; 1
-9.0, -1.0, 4.0; 2
-8.0, -1.0, 4.0; 7
-7.0, -1.0, 4.0; 2
-6.0, -1.0, 4.0; 6
-5.0, -1.0, 4.0; 10
-4.0, -1.0, 4.0; 23
-3.0, -1.0, 4.0; 34
-2.0, -1.0, 4.0; 50
-1.0, -1.0, 4.0; 64
0.0, -1.0, 4.0; 91
1.0, -1.0, 4.0; 22
2.0, -1.0, 4.0; 1
3.0, -1.0, 4.0; 1
6.0, -1.0, 4.0; 1
8.0, -1.0, 4.0; 1
-9.0, 0.0, 4.0; 7
-8.0, 0.0, 4.0; 3
-7.0, 0.0, 4.0; 3
-6.0, 0.0, 4.0; 5
-5.0, 0.0, 4.0; 2
-4.0, 0.0, 4.0; 10
-3.0, 0.0, 4.0; 3
-2.0, 0.0, 4.0; 17
-1.0, 0.0, 4.0; 6
0.0, 0.0, 4.0; 2
1.0, 0.0, 4.0; 2
2.0, 0.0, 4.0; 3
4.0, 0.0, 4.0; 1
5.0, 0.0, 4.0; 1
-9.0, 1.0, 4.0; 3
-8.0, 1.0, 4.0; 8
-7.0, 1.0, 4.0; 3
-6.0, 1.0, 4.0; 2
-4.0, 1.0, 4.0; 7
-3.0, 1.0, 4.0; 9
-2.0, 1.0, 4.0; 9
-1.0, 1.0, 4.0; 5
0.0, 1.0, 4.0; 4
1.0, 1.0, 4.0; 1
2.0, 1.0, 4.0; 2
4.0, 1.0, 4.0; 4
5.0, 1.0, 4.0; 3
7.0, 1.0, 4.0; 1
8.0, 1.0, 4.0; 2
-8.0, 2.0, 4.0; 3
-7.0, 2.0, 4.0; 7
-6.0, 2.0, 4.0; 7
-5.0, 2.0, 4.0; 3
-4.0, 2.0, 4.0; 5
-3.0, 2.0, 4.0; 8
-2.0, 2.0, 4.0; 3
-1.0, 2.0, 4.0; 18
0.0, 2.0, 4.0; 26
1.0, 2.0, 4.0; 25
2.0, 2.0, 4.0; 10
3.0, 2.0, 4.0; 2
6.0, 2.0, 4.0; 2
-9.0, 3.0, 4.0; 2
-8.0, 3.0, 4.0; 3
-7.0, 3.0, 4.0; 4
-6.0, 3.0, 4.0; 4
-5.0, 3.0, 4.0; 4
-4.0, 3.0, 4.0; 2
-3.0, 3.0, 4.0; 3
-2.0, 3.0, 4.0; 3
-1.0, 3.0, 4.0; 11
0.0, 3.0, 4.0; 13
1.0, 3.0, 4.0; 10
2.0, 3.0, 4.0; 2
3.0, 3.0, 4.0; 2
5.0, 3.0, 4.0; 4
7.0, 3.0, 4.0; 2
-8.0, 4.0, 4.0; 8
-7.0, 4.0, 4.0; 7
-6.0, 4.0, 4.0; 8
-5.0, 4.0, 4.0; 5
-4.0, 4.0, 4.0; 2
-2.0, 4.0, 4.0; 1
-1.0, 4.0, 4.0; 4
0.0, 4.0, 4.0; 7
1.0, 4.0, 4.0; 7
2.0, 4.0, 4.0; 6
3.0, 4.0, 4.0; 2
4.0, 4.0, 4.0; 4
5.0, 4.0, 4.0; 4
6.0, 4.0, 4.0; 2
-8.0, 5.0, 4.0; 7
-7.0, 5.0, 4.0; 11
-6.0, 5.0, 4.0; 11
-5.0, 5.0, 4.0; 6
-4.0, 5.0, 4.0; 8
-3.0, 5.0, 4.0; 7
-2.0, 5.0, 4.0; 5
-1.0, 5.0, 4.0; 4
0.0, 5.0, 4.0; 10
1.0, 5.0, 4.0; 11
2.0, 5.0, 4.0; 10
3.0, 5.0, 4.0; 7
4.0, 5.0, 4.0; 4
5.0, 5.0, 4.0; 4
6.0, 5.0, 4.0; 2
7.0, 5.0, 4.0; 1
-7.0, 6.0, 4.0; 7
-6.0, 6.0, 4.0; 8
-5.0, 6.0, 4.0; 8
-4.0, 6.0, 4.0; 4
-3.0, 6.0, 4.0; 12
-2.0, 6.0, 4.0; 11
-1.0, 6.0, 4.0; 12
0.0, 6.0, 4.0; 7
1.0, 6.0, 4.0; 9
2.0, 6.0, 4.0; 8
3.0, 6.0, 4.0; 5
4.0, 6.0, 4.0; 5
-6.0, 7.0, 4.0; 2
-5.0, 7.0, 4.0; 12
-4.0, 7.0, 4.0; 20
-3.0, 7.0, 4.0; 34
-2.0, 7.0, 4.0; 38
-1.0, 7.0, 4.0; 17
0.0, 7.0, 4.0; 8
1.0, 7.0, 4.0; 5
2.0, 7.0, 4.0; 2
3.0, 7.0, 4.0; 5
4.0, 7.0, 4.0; 3
-4.0, 8.0, 4.0; 4
-3.0, 8.0, 4.0; 16
-2.0, 8.0, 4.0; 18
-1.0, 8.0, 4.0; 15
0.0, 8.0, 4.0; 4
1.0, 8.0, 4.0; 2
2.0, 8.0, 4.0; 1
-1.0, -9.0, 5.0; 1
0.0, -9.0, 5.0; 2
-5.0, -8.0, 5.0; 3
-4.0, -8.0, 5.0; 3
-3.0, -8.0, 5.0; 7
-2.0, -8.0, 5.0; 9
-1.0, -8.0, 5.0; 3
0.0, -8.0, 5.0; 4
1.0, -8.0, 5.0; 2
2.0, -8.0, 5.0; 12
3.0, -8.0, 5.0; 7
-6.0, -7.0, 5.0; 2
-5.0, -7.0, 5.0; 7
-4.0, -7.0, 5.0; 8
-3.0, -7.0, 5.0; 6
-2.0, -7.0, 5.0; 7
-1.0, -7.0, 5.0; 6
0.0, -7.0, 5.0; 3
1.0, -7.0, 5.0; 3
2.0, -7.0, 5.0; 6
3.0, -7.0, 5.0; 3
4.0, -7.0, 5.0; 4
-7.0, -6.0, 5.0; 1
-6.0, -6.0, 5.0; 6
-5.0, -6.0, 5.0; 8
-4.0, -6.0, 5.0; 9
-3.0, -6.0, 5.0; 9
-2.0, -6.0, 5.0; 7
-1.0, -6.0, 5.0; 3
0.0, -6.0, 5.0; 4
1.0, -6.0, 5.0; 1
3.0, -6.0, 5.0; 2
4.0, -6.0, 5.0; 7
5.0, -6.0, 5.0; 2
-7.0, -5.0, 5.0; 6
-6.0, -5.0, 5.0; 5
-5.0, -5.0, 5.0; 5
-4.0, -5.0, 5.0; 4
-3.0, -5.0, 5.0; 5
-2.0, -5.0, 5.0; 4
-1.0, -5.0, 5.0; 5
0.0, -5.0, 5.0; 2
1.0, -5.0, 5.0; 4
3.0, -5.0, 5.0; 2
5.0, -5.0, 5.0; 3
6.0, -5.0, 5.0; 1
7.0, -5.0, 5.0; 1
-8.0, -4.0, 5.0; 8
-7.0, -4.0, 5.0; 7
-6.0, -4.0, 5.0; 3
-5.0, -4.0, 5.0; 5
-4.0, -4.0, 5.0; 5
-3.0, -4.0, 5.0; 6
-2.0, -4.0, 5.0; 7
-1.0, -4.0, 5.0; 1
0.0, -4.0, 5.0; 4
1.0, -4.0, 5.0; 3
2.0, -4.0, 5.0; 2
-8.0, -3.0, 5.0; 3
-7.0, -3.0, 5.0; 3
-6.0, -3.0, 5.0; 1
-5.0, -3.0, 5.0; 5
-4.0, -3.0, 5.0; 6
-3.0, -3.0, 5.0; 14
-2.0, -3.0, 5.0; 7
-1.0, -3.0, 5.0; 5
0.0, -3.0, 5.0; 5
2.0, -3.0, 5.0; 1
7.0, -3.0, 5.0; 1
-8.0, -2.0, 5.0; 4
-7.0, -2.0, 5.0; 3
-6.0, -2.0, 5.0; 2
-5.0, -2.0, 5.0; 2
-4.0, -2.0, 5.0; 3
-3.0, -2.0, 5.0; 6
-2.0, -2.0, 5.0; 7
-1.0, -2.0, 5.0; 9
0.0, -2.0, 5.0; 1
1.0, -2.0, 5.0; 1
2.0, -2.0, 5.0; 3
3.0, -2.0, 5.0; 1
6.0, -2.0, 5.0; 1
7.0, -2.0, 5.0; 2
-8.0, -1.0, 5.0; 4
-7.0, -1.0, 5.0; 3
-5.0, -1.0, 5.0; 4
-4.0, -1.0, 5.0; 1
-3.0, -1.0, 5.0; 1
-2.0, -1.0, 5.0; 1
-1.0, -1.0, 5.0; 4
0.0, -1.0, 5.0; 3
1.0, -1.0, 5.0; 3
4.0, -1.0, 5.0; 1
-9.0, 0.0, 5.0; 3
-8.0, 0.0, 5.0; 2
-7.0, 0.0, 5.0; 2
-6.0, 0.0, 5.0; 4
-4.0, 0.0, 5.0; 4
-2.0, 0.0, 5.0; 1
-1.0, 0.0, 5.0; 1
0.0, 0.0, 5.0; 2
1.0, 0.0, 5.0; 2
2.0, 0.0, 5.0; 2
5.0, 0.0, 5.0; 1
6.0, 0.0, 5.0; 1
-8.0, 1.0, 5.0; 4
-7.0, 1.0, 5.0; 2
-6.0, 1.0, 5.0; 3
-5.0, 1.0, 5.0; 2
-4.0, 1.0, 5.0; 2
-3.0, 1.0, 5.0; 5
-2.0, 1.0, 5.0; 4
-1.0, 1.0, 5.0; 2
0.0, 1.0, 5.0; 4
1.0, 1.0, 5.0; 7
2.0, 1.0, 5.0; 3
4.0, 1.0, 5.0; 1
-8.0, 2.0, 5.0; 4
-7.0, 2.0, 5.0; 1
-6.0, 2.0, 5.0; 3
-5.0, 2.0, 5.0; 3
-4.0, 2.0, 5.0; 4
-3.0, 2.0, 5.0; 9
-2.0, 2.0, 5.0; 5
-1.0, 2.0, 5.0; 17
0.0, 2.0, 5.0; 5
1.0, 2.0, 5.0; 2
2.0, 2.0, 5.0; 6
3.0, 2.0, 5.0; 1
6.0, 2.0, 5.0; 1
-7.0, 3.0, 5.0; 2
-6.0, 3.0, 5.0; 4
-5.0, 3.0, 5.0; 6
-3.0, 3.0, 5.0; 7
-2.0, 3.0, 5.0; 8
-1.0, 3.0, 5.0; 16
0.0, 3.0, 5.0; 9
2.0, 3.0, 5.0; 1
3.0, 3.0, 5.0; 3
4.0, 3.0, 5.0; 3
5.0, 3.0, 5.0; 1
6.0, 3.0, 5.0; 1
-8.0, 4.0, 5.0; 1
-7.0, 4.0, 5.0; 8
-6.0, 4.0, 5.0; 4
-5.0, 4.0, 5.0; 3
-4.0, 4.0, 5.0; 5
-3.0, 4.0, 5.0; 3
-2.0, 4.0, 5.0; 2
-1.0, 4.0, 5.0; 7
0.0, 4.0, 5.0; 5
1.0, 4.0, 5.0; 4
2.0, 4.0, 5.0; 3
3.0, 4.0, 5.0; 2
5.0, 4.0, 5.0; 2
6.0, 4.0, 5.0; 2
7.0, 4.0, 5.0; 1
-7.0, 5.0, 5.0; 2
-6.0, 5.0, 5.0; 5
-5.0, 5.0, 5.0; 7
-4.0, 5.0, 5.0; 6
-2.0, 5.0, 5.0; 2
-1.0, 5.0, 5.0; 6
0.0, 5.0, 5.0; 6
1.0, 5.0, 5.0; 7
2.0, 5.0, 5.0; 6
3.0, 5.0, 5.0; 1
4.0, 5.0, 5.0; 4
5.0, 5.0, 5.0; 2
6.0, 5.0, 5.0; 1
-7.0, 6.0, 5.0; 1
-6.0, 6.0, 5.0; 1
-5.0, 6.0, 5.0; 8
-4.0, 6.0, 5.0; 9
-3.0, 6.0, 5.0; 7
-2.0, 6.0, 5.0; 4
-1.0, 6.0, 5.0; 5
0.0, 6.0, 5.0; 4
1.0, 6.0, 5.0; 2
2.0, 6.0, 5.0; 3
3.0, 6.0, 5.0; 4
4.0, 6.0, 5.0; 1
-4.0, 7.0, 5.0; 2
-3.0, 7.0, 5.0; 3
-2.0, 7.0, 5.0; 5
-1.0, 7.0, 5.0; 5
1.0, 7.0, 5.0; 2
2.0, 7.0, 5.0; 1
-2.0, 8.0, 5.0; 2
-1.0, 8.0, 5.0; 2
1.0, 8.0, 5.0; 1
-4.0, -8.0, 6.0; 1
-3.0, -8.0, 6.0; 1
-2.0, -8.0, 6.0; 4
-1.0, -8.0, 6.0; 3
0.0, -8.0, 6.0; 4
1.0, -8.0, 6.0; 6
2.0, -8.0, 6.0; 1
-4.0, -7.0, 6.0; 7
-3.0, -7.0, 6.0; 6
-2.0, -7.0, 6.0; 7
-1.0, -7.0, 6.0; 6
0.0, -7.0, 6.0; 5
1.0, -7.0, 6.0; 6
2.0, -7.0, 6.0; 4
4.0, -7.0, 6.0; 1
-6.0, -6.0, 6.0; 2
-5.0, -6.0, 6.0; 3
-4.0, -6.0, 6.0; 6
-3.0, -6.0, 6.0; 6
-2.0, -6.0, 6.0; 5
-1.0, -6.0, 6.0; 4
0.0, -6.0, 6.0; 1
1.0, -6.0, 6.0; 3
2.0, -6.0, 6.0; 2
3.0, -6.0, 6.0; 1
4.0, -6.0, 6.0; 3
-6.0, -5.0, 6.0; 5
-5.0, -5.0, 6.0; 4
-4.0, -5.0, 6.0; 2
-3.0, -5.0, 6.0; 5
-2.0, -5.0, 6.0; 1
-1.0, -5.0, 6.0; 3
0.0, -5.0, 6.0; 3
2.0, -5.0, 6.0; 1
3.0, -5.0, 6.0; 1
5.0, -5.0, 6.0; 1
-7.0, -4.0, 6.0; 4
-6.0, -4.0, 6.0; 5
-5.0, -4.0, 6.0; 5
-4.0, -4.0, 6.0; 3
-3.0, -4.0, 6.0; 2
-2.0, -4.0, 6.0; 3
-1.0, -4.0, 6.0; 1
0.0, -4.0, 6.0; 5
1.0, -4.0, 6.0; 1
2.0, -4.0, 6.0; 1
-8.0, -3.0, 6.0; 1
-6.0, -3.0, 6.0; 5
-5.0, -3.0, 6.0; 2
-4.0, -3.0, 6.0; 3
-3.0, -3.0, 6.0; 5
-2.0, -3.0, 6.0; 3
-1.0, -3.0, 6.0; 2
0.0, -3.0, 6.0; 2
1.0, -3.0, 6.0; 1
4.0, -3.0, 6.0; 1
-8.0, -2.0, 6.0; 1
-7.0, -2.0, 6.0; 4
-6.0, -2.0, 6.0; 5
-5.0, -2.0, 6.0; 6
-4.0, -2.0, 6.0; 1
-3.0, -2.0, 6.0; 4
-2.0, -2.0, 6.0; 4
-1.0, -2.0, 6.0; 2
0.0, -2.0, 6.0; 2
1.0, -2.0, 6.0; 1
2.0, -2.0, 6.0; 1
-8.0, -1.0, 6.0; 3
-7.0, -1.0, 6.0; 6
-6.0, -1.0, 6.0; 4
-5.0, -1.0, 6.0; 7
-3.0, -1.0, 6.0; 3
-2.0, -1.0, 6.0; 2
-1.0, -1.0, 6.0; 1
1.0, -1.0, 6.0; 1
3.0, -1.0, 6.0; 1
-8.0, 0.0, 6.0; 2
-6.0, 0.0, 6.0; 2
-5.0, 0.0, 6.0; 3
-4.0, 0.0, 6.0; 3
-3.0, 0.0, 6.0; 4
-2.0, 0.0, 6.0; 1
-1.0, 0.0, 6.0; 1
0.0, 0.0, 6.0; 2
1.0, 0.0, 6.0; 2
4.0, 0.0, 6.0; 1
-8.0, 1.0, 6.0; 2
-7.0, 1.0, 6.0; 3
-6.0, 1.0, 6.0; 4
-5.0, 1.0, 6.0; 3
-2.0, 1.0, 6.0; 3
0.0, 1.0, 6.0; 2
2.0, 1.0, 6.0; 3
3.0, 1.0, 6.0; 1
-8.0, 2.0, 6.0; 1
-7.0, 2.0, 6.0; 3
-6.0, 2.0, 6.0; 6
-5.0, 2.0, 6.0; 1
-4.0, 2.0, 6.0; 2
-3.0, 2.0, 6.0; 1
-2.0, 2.0, 6.0; 2
0.0, 2.0, 6.0; 1
1.0, 2.0, 6.0; 2
3.0, 2.0, 6.0; 1
4.0, 2.0, 6.0; 3
5.0, 2.0, 6.0; 1
-6.0, 3.0, 6.0; 2
-5.0, 3.0, 6.0; 3
-4.0, 3.0, 6.0; 3
-3.0, 3.0, 6.0; 4
-2.0, 3.0, 6.0; 2
-1.0, 3.0, 6.0; 6
0.0, 3.0, 6.0; 5
1.0, 3.0, 6.0; 5
2.0, 3.0, 6.0; 1
3.0, 3.0, 6.0; 3
4.0, 3.0, 6.0; 3
5.0, 3.0, 6.0; 1
-6.0, 4.0, 6.0; 1
-4.0, 4.0, 6.0; 1
-3.0, 4.0, 6.0; 1
-2.0, 4.0, 6.0; 8
-1.0, 4.0, 6.0; 1
0.0, 4.0, 6.0; 2
1.0, 4.0, 6.0; 2
2.0, 4.0, 6.0; 1
3.0, 4.0, 6.0; 2
4.0, 4.0, 6.0; 3
6.0, 4.0, 6.0; 1
-6.0, 5.0, 6.0; 3
-5.0, 5.0, 6.0; 1
-3.0, 5.0, 6.0; 3
-2.0, 5.0, 6.0; 1
-1.0, 5.0, 6.0; 5
1.0, 5.0, 6.0; 1
2.0, 5.0, 6.0; 2
4.0, 5.0, 6.0; 1
5.0, 5.0, 6.0; 1
-3.0, 6.0, 6.0; 1
-2.0, 6.0, 6.0; 2
-1.0, 6.0, 6.0; 1
0.0, 6.0, 6.0; 2
1.0, 6.0, 6.0; 1
2.0, 6.0, 6.0; 2
3.0, 6.0, 6.0; 1
-3.0, 7.0, 6.0; 1
-2.0, 7.0, 6.0; 1
-1.0, 7.0, 6.0; 2
1.0, 7.0, 6.0; 1
-3.0, -7.0, 7.0; 3
-2.0, -7.0, 7.0; 2
-1.0, -7.0, 7.0; 4
0.0, -7.0, 7.0; 1
1.0, -7.0, 7.0; 1
-5.0, -6.0, 7.0; 1
-4.0, -6.0, 7.0; 5
-3.0, -6.0, 7.0; 3
-2.0, -6.0, 7.0; 5
-1.0, -6.0, 7.0; 4
0.0, -6.0, 7.0; 3
1.0, -6.0, 7.0; 3
2.0, -6.0, 7.0; 3
-6.0, -5.0, 7.0; 1
-5.0, -5.0, 7.0; 8
-4.0, -5.0, 7.0; 6
-3.0, -5.0, 7.0; 7
-2.0, -5.0, 7.0; 2
-1.0, -5.0, 7.0; 2
0.0, -5.0, 7.0; 1
1.0, -5.0, 7.0; 1
2.0, -5.0, 7.0; 1
-6.0, -4.0, 7.0; 4
-5.0, -4.0, 7.0; 7
-4.0, -4.0, 7.0; 2
-3.0, -4.0, 7.0; 4
-2.0, -4.0, 7.0; 3
-1.0, -4.0, 7.0; 3
2.0, -4.0, 7.0; 1
4.0, -4.0, 7.0; 2
5.0, -4.0, 7.0; 1
-6.0, -3.0, 7.0; 4
-5.0, -3.0, 7.0; 5
-4.0, -3.0, 7.0; 3
-3.0, -3.0, 7.0; 1
-2.0, -3.0, 7.0; 2
0.0, -3.0, 7.0; 1
1.0, -3.0, 7.0; 2
-7.0, -2.0, 7.0; 1
-6.0, -2.0, 7.0; 3
-5.0, -2.0, 7.0; 3
-4.0, -2.0, 7.0; 1
-3.0, -2.0, 7.0; 4
-2.0, -2.0, 7.0; 3
-1.0, -2.0, 7.0; 3
0.0, -2.0, 7.0; 1
2.0, -2.0, 7.0; 1
3.0, -2.0, 7.0; 1
-7.0, -1.0, 7.0; 2
-5.0, -1.0, 7.0; 2
-3.0, -1.0, 7.0; 1
-1.0, -1.0, 7.0; 3
5.0, -1.0, 7.0; 1
-7.0, 0.0, 7.0; 4
-6.0, 0.0, 7.0; 1
-5.0, 0.0, 7.0; 1
-4.0, 0.0, 7.0; 7
-3.0, 0.0, 7.0; 2
-2.0, 0.0, 7.0; 4
-1.0, 0.0, 7.0; 3
0.0, 0.0, 7.0; 2
1.0, 0.0, 7.0; 1
4.0, 0.0, 7.0; 1
-8.0, 1.0, 7.0; 1
-7.0, 1.0, 7.0; 1
-6.0, 1.0, 7.0; 3
-5.0, 1.0, 7.0; 2
-4.0, 1.0, 7.0; 2
-3.0, 1.0, 7.0; 1
-2.0, 1.0, 7.0; 2
-1.0, 1.0, 7.0; 1
0.0, 1.0, 7.0; 2
2.0, 1.0, 7.0; 1
-6.0, 2.0, 7.0; 2
-5.0, 2.0, 7.0; 1
-4.0, 2.0, 7.0; 1
-3.0, 2.0, 7.0; 2
-2.0, 2.0, 7.0; 2
-1.0, 2.0, 7.0; 3
0.0, 2.0, 7.0; 2
1.0, 2.0, 7.0; 1
2.0, 2.0, 7.0; 1
-7.0, 3.0, 7.0; 1
-4.0, 3.0, 7.0; 2
-3.0, 3.0, 7.0; 2
-2.0, 3.0, 7.0; 6
0.0, 3.0, 7.0; 4
1.0, 3.0, 7.0; 5
2.0, 3.0, 7.0; 2
3.0, 3.0, 7.0; 1
-4.0, 4.0, 7.0; 1
-3.0, 4.0, 7.0; 2
-2.0, 4.0, 7.0; 2
-1.0, 4.0, 7.0; 4
0.0, 4.0, 7.0; 5
1.0, 4.0, 7.0; 5
3.0, 4.0, 7.0; 1
4.0, 4.0, 7.0; 1
-5.0, 5.0, 7.0; 1
-3.0, 5.0, 7.0; 3
-2.0, 5.0, 7.0; 2
-1.0, 5.0, 7.0; 2
0.0, 5.0, 7.0; 2
2.0, 5.0, 7.0; 1
-1.0, 6.0, 7.0; 1
1.0, 6.0, 7.0; 1
-2.0, -6.0, 8.0; 1
-1.0, -6.0, 8.0; 1
-2.0, -5.0, 8.0; 1
1.0, -5.0, 8.0; 1
-5.0, -4.0, 8.0; 1
-4.0, -4.0, 8.0; 2
-2.0, -4.0, 8.0; 2
-1.0, -4.0, 8.0; 1
1.0, -4.0, 8.0; 1
-4.0, -3.0, 8.0; 3
-3.0, -3.0, 8.0; 3
-2.0, -3.0, 8.0; 2
-1.0, -3.0, 8.0; 1
0.0, -3.0, 8.0; 2
2.0, -3.0, 8.0; 1
4.0, -3.0, 8.0; 2
-6.0, -2.0, 8.0; 2
-5.0, -2.0, 8.0; 1
-4.0, -2.0, 8.0; 3
-2.0, -2.0, 8.0; 2
1.0, -2.0, 8.0; 1
2.0, -2.0, 8.0; 1
-5.0, -1.0, 8.0; 1
-4.0, -1.0, 8.0; 3
-3.0, -1.0, 8.0; 2
-2.0, -1.0, 8.0; 1
-1.0, -1.0, 8.0; 1
2.0, -1.0, 8.0; 1
4.0, -1.0, 8.0; 1
-5.0, 0.0, 8.0; 5
-4.0, 0.0, 8.0; 1
-2.0, 0.0, 8.0; 1
0.0, 0.0, 8.0; 1
2.0, 0.0, 8.0; 1
-5.0, 1.0, 8.0; 1
-4.0, 1.0, 8.0; 1
-3.0, 1.0, 8.0; 3
-2.0, 1.0, 8.0; 1
-1.0, 1.0, 8.0; 1
0.0, 1.0, 8.0; 2
-4.0, 2.0, 8.0; 2
-3.0, 2.0, 8.0; 1
-2.0, 2.0, 8.0; 2
2.0, 2.0, 8.0; 2
3.0, 2.0, 8.0; 1
-4.0, 3.0, 8.0; 2
-3.0, 3.0, 8.0; 1
-2.0, 3.0, 8.0; 1
-1.0, 3.0, 8.0; 2
0.0, 3.0, 8.0; 3
1.0, 3.0, 8.0; 1
2.0, 3.0, 8.0; 1
-2.0, 4.0, 8.0; 1
-1.0, 5.0, 8.0; 1
0.0, 5.0, 8.0; 2
-2.0, -4.0, 9.0; 2
-1.0, -4.0, 9.0; 1
-2.0, -3.0, 9.0; 1
-1.0, -3.0, 9.0; 2
0.0, -3.0, 9.0; 1
-3.0, -2.0, 9.0; 2
-2.0, -2.0, 9.0; 1
0.0, -2.0, 9.0; 1
1.0, -2.0, 9.0; 1
-5.0, -1.0, 9.0; 1
-2.0, -1.0, 9.0; 1
-1.0, -1.0, 9.0; 1
2.0, -1.0, 9.0; 1
3.0, -1.0, 9.0; 1
-1.0, 0.0, 9.0; 1
2.0, 0.0, 9.0; 1
3.0, 1.0, 9.0; 1
-1.0, -4.0, -10.0; 3
0.0, -4.0, -10.0; 2
-2.0, -3.0, -10.0; 2
-1.0, -3.0, -10.0; 3
0.0, -3.0, -10.0; 2
1.0, -3.0, -10.0; 1
-4.0, -2.0, -10.0; 1
-3.0, -2.0, -10.0; 2
-2.0, -2.0, -10.0; 4
0.0, -2.0, -10.0; 4
1.0, -2.0, -10.0; 1
2.0, -2.0, -10.0; 1
-4.0, -1.0, -10.0; 6
-2.0, -1.0, -10.0; 5
-1.0, -1.0, -10.0; 1
0.0, -1.0, -10.0; 3
1.0, -1.0, -10.0; 1
-3.0, 0.0, -10.0; 4
-2.0, 0.0, -10.0; 1
-1.0, 0.0, -10.0; 7
0.0, 0.0, -10.0; 2
2.0, 0.0, -10.0; 1
-3.0, 1.0, -10.0; 2
-2.0, 1.0, -10.0; 2
0.0, 1.0, -10.0; 2
1.0, 1.0, -10.0; 2
2.0, 1.0, -10.0; 2
3.0, 1.0, -10.0; 1
-3.0, 2.0, -10.0; 3
-2.0, 2.0, -10.0; 2
-1.0, 2.0, -10.0; 1
0.0, 2.0, -10.0; 2
1.0, 2.0, -10.0; 1
2.0, 2.0, -10.0; 1
-3.0, -6.0, -9.0; 1
0.0, -6.0, -9.0; 2
1.0, -6.0, -9.0; 5
2.0, -6.0, -9.0; 1
-2.0, -5.0, -9.0; 1
-1.0, -5.0, -9.0; 5
0.0, -5.0, -9.0; 3
1.0, -5.0, -9.0; 6
2.0, -5.0, -9.0; 2
-4.0, -4.0, -9.0; 2
-3.0, -4.0, -9.0; 5
-2.0, -4.0, -9.0; 2
-1.0, -4.0, -9.0; 2
0.0, -4.0, -9.0; 4
1.0, -4.0, -9.0; 5
2.0, -4.0, -9.0; 6
3.0, -4.0, -9.0; 2
4.0, -4.0, -9.0; 1
-5.0, -3.0, -9.0; 3
-4.0, -3.0, -9.0; 5
-2.0, -3.0, -9.0; 5
-1.0, -3.0, -9.0; 4
0.0, -3.0, -9.0; 7
1.0, -3.0, -9.0; 10
2.0, -3.0, -9.0; 2
3.0, -3.0, -9.0; 3
4.0, -3.0, -9.0; 1
-6.0, -2.0, -9.0; 1
-5.0, -2.0, -9.0; 1
-4.0, -2.0, -9.0; 2
-2.0, -2.0, -9.0; 5
-1.0, -2.0, -9.0; 6
0.0, -2.0, -9.0; 11
1.0, -2.0, -9.0; 6
2.0, -2.0, -9.0; 6
3.0, -2.0, -9.0; 3
4.0, -2.0, -9.0; 4
-6.0, -1.0, -9.0; 2
-5.0, -1.0, -9.0; 3
-4.0, -1.0, -9.0; 9
-3.0, -1.0, -9.0; 4
-2.0, -1.0, -9.0; 5
-1.0, -1.0, -9.0; 2
0.0, -1.0, -9.0; 11
1.0, -1.0, -9.0; 7
2.0, -1.0, -9.0; 1
4.0, -1.0, -9.0; 1
5.0, -1.0, -9.0; 4
-6.0, 0.0, -9.0; 2
-5.0, 0.0, -9.0; 3
-4.0, 0.0, -9.0; 5
-3.0, 0.0, -9.0; 8
-2.0, 0.0, -9.0; 8
-1.0, 0.0, -9.0; 9
0.0, 0.0, -9.0; 6
1.0, 0.0, -9.0; 3
2.0, 0.0, -9.0; 5
3.0, 0.0, -9.0; 1
5.0, 0.0, -9.0; 1
-6.0, 1.0, -9.0; 2
-5.0, 1.0, -9.0; 6
-4.0, 1.0, -9.0; 7
-3.0, 1.0, -9.0; 9
-2.0, 1.0, -9.0; 6
-1.0, 1.0, -9.0; 4
0.0, 1.0, -9.0; 3
1.0, 1.0, -9.0; 3
2.0, 1.0, -9.0; 2
3.0, 1.0, -9.0; 1
4.0, 1.0, -9.0; 5
5.0, 1.0, -9.0; 1
-5.0, 2.0, -9.0; 2
-4.0, 2.0, -9.0; 5
-3.0, 2.0, -9.0; 5
-2.0, 2.0, -9.0; 5
-1.0, 2.0, -9.0; 5
0.0, 2.0, -9.0; 4
1.0, 2.0, -9.0; 7
2.0, 2.0, -9.0; 4
3.0, 2.0, -9.0; 6
4.0, 2.0, -9.0; 4
-5.0, 3.0, -9.0; 1
-4.0, 3.0, -9.0; 4
-3.0, 3.0, -9.0; 5
-2.0, 3.0, -9.0; 9
-1.0, 3.0, -9.0; 8
0.0, 3.0, -9.0; 2
1.0, 3.0, -9.0; 2
2.0, 3.0, -9.0; 2
3.0, 3.0, -9.0; 5
4.0, 3.0, -9.0; 2
-4.0, 4.0, -9.0; 3
-3.0, 4.0, -9.0; 7
-2.0, 4.0, -9.0; 4
-1.0, 4.0, -9.0; 5
0.0, 4.0, -9.0; 4
2.0, 4.0, -9.0; 1
-3.0, 5.0, -9.0; 1
-1.0, 5.0, -9.0; 1
0.0, 5.0, -9.0; 1
-3.0, -7.0, -8.0; 1
-2.0, -7.0, -8.0; 4
-1.0, -7.0, -8.0; 5
0.0, -7.0, -8.0; 8
1.0, -7.0, -8.0; 12
2.0, -7.0, -8.0; 1
3.0, -7.0, -8.0; 1
-3.0, -6.0, -8.0; 1
-2.0, -6.0, -8.0; 6
-1.0, -6.0, -8.0; 3
0.0, -6.0, -8.0; 9
1.0, -6.0, -8.0; 14
2.0, -6.0, -8.0; 6
-4.0, -5.0, -8.0; 10
-3.0, -5.0, -8.0; 3
-2.0, -5.0, -8.0; 4
-1.0, -5.0, -8.0; 5
0.0, -5.0, -8.0; 3
1.0, -5.0, -8.0; 6
2.0, -5.0, -8.0; 9
3.0, -5.0, -8.0; 12
4.0, -5.0, -8.0; 4
5.0, -5.0, -8.0; 1
-5.0, -4.0, -8.0; 6
-4.0, -4.0, -8.0; 6
-3.0, -4.0, -8.0; 3
-2.0, -4.0, -8.0; 4
-1.0, -4.0, -8.0; 7
0.0, -4.0, -8.0; 4
1.0, -4.0, -8.0; 4
2.0, -4.0, -8.0; 7
3.0, -4.0, -8.0; 8
4.0, -4.0, -8.0; 1
5.0, -4.0, -8.0; 2
-5.0, -3.0, -8.0; 8
-4.0, -3.0, -8.0; 8
-3.0, -3.0, -8.0; 2
-2.0, -3.0, -8.0; 5
-1.0, -3.0, -8.0; 2
0.0, -3.0, -8.0; 2
1.0, -3.0, -8.0; 2
2.0, -3.0, -8.0; 4
3.0, -3.0, -8.0; 10
4.0, -3.0, -8.0; 3
-7.0, -2.0, -8.0; 3
-5.0, -2.0, -8.0; 12
-4.0, -2.0, -8.0; 20
-3.0, -2.0, -8.0; 17
-2.0, -2.0, -8.0; 4
-1.0, -2.0, -8.0; 4
0.0, -2.0, -8.0; 2
1.0, -2.0, -8.0; 5
2.0, -2.0, -8.0; 9
3.0, -2.0, -8.0; 11
4.0, -2.0, -8.0; 2
-7.0, -1.0, -8.0; 4
-6.0, -1.0, -8.0; 3
-5.0, -1.0, -8.0; 6
-4.0, -1.0, -8.0; 13
-3.0, -1.0, -8.0; 11
-2.0, -1.0, -8.0; 6
-1.0, -1.0, -8.0; 4
0.0, -1.0, -8.0; 3
1.0, -1.0, -8.0; 7
2.0, -1.0, -8.0; 21
3.0, -1.0, -8.0; 12
4.0, -1.0, -8.0; 1
5.0, -1.0, -8.0; 7
6.0, -1.0, -8.0; 4
-7.0, 0.0, -8.0; 2
-6.0, 0.0, -8.0; 6
-5.0, 0.0, -8.0; 5
-4.0, 0.0, -8.0; 4
-3.0, 0.0, -8.0; 4
-2.0, 0.0, -8.0; 3
-1.0, 0.0, -8.0; 6
0.0, 0.0, -8.0; 8
1.0, 0.0, -8.0; 14
2.0, 0.0, -8.0; 4
3.0, 0.0, -8.0; 6
4.0, 0.0, -8.0; 1
5.0, 0.0, -8.0; 2
6.0, 0.0, -8.0; 5
-7.0, 1.0, -8.0; 3
-6.0, 1.0, -8.0; 9
-5.0, 1.0, -8.0; 11
-4.0, 1.0, -8.0; 12
-3.0, 1.0, -8.0; 13
-2.0, 1.0, -8.0; 6
-1.0, 1.0, -8.0; 7
0.0, 1.0, -8.0; 5
1.0, 1.0, -8.0; 6
2.0, 1.0, -8.0; 5
3.0, 1.0, -8.0; 3
4.0, 1.0, -8.0; 9
5.0, 1.0, -8.0; 3
6.0, 1.0, -8.0; 1
-7.0, 2.0, -8.0; 1
-6.0, 2.0, -8.0; 4
-5.0, 2.0, -8.0; 8
-4.0, 2.0, -8.0; 11
-3.0, 2.0, -8.0; 1
-2.0, 2.0, -8.0; 2
-1.0, 2.0, -8.0; 3
0.0, 2.0, -8.0; 3
1.0, 2.0, -8.0; 3
2.0, 2.0, -8.0; 8
3.0, 2.0, -8.0; 6
4.0, 2.0, -8.0; 4
5.0, 2.0, -8.0; 2
-6.0, 3.0, -8.0; 9
-5.0, 3.0, -8.0; 12
-4.0, 3.0, -8.0; 9
-3.0, 3.0, -8.0; 6
-2.0, 3.0, -8.0; 6
-1.0, 3.0, -8.0; 2
0.0, 3.0, -8.0; 4
1.0, 3.0, -8.0; 2
2.0, 3.0, -8.0; 4
3.0, 3.0, -8.0; 6
4.0, 3.0, -8.0; 7
5.0, 3.0, -8.0; 1
-6.0, 4.0, -8.0; 2
-5.0, 4.0, -8.0; 6
-4.0, 4.0, -8.0; 12
-3.0, 4.0, -8.0; 12
-2.0, 4.0, -8.0; 7
-1.0, 4.0, -8.0; 2
0.0, 4.0, -8.0; 7
1.0, 4.0, -8.0; 4
2.0, 4.0, -8.0; 3
3.0, 4.0, -8.0; 5
4.0, 4.0, -8.0; 2
-4.0, 5.0, -8.0; 2
-3.0, 5.0, -8.0; 4
-2.0, 5.0, -8.0; 3
-1.0, 5.0, -8.0; 1
0.0, 5.0, -8.0; 1
1.0, 5.0, -8.0; 5
2.0, 5.0, -8.0; 3
3.0, 5.0, -8.0; 2
4.0, 5.0, -8.0; 1
-2.0, 6.0, -8.0; 2
-1.0, 6.0, -8.0; 3
0.0, 6.0, -8.0; 1
1.0, 6.0, -8.0; 1
-4.0, -8.0, -7.0; 1
-3.0, -8.0, -7.0; 3
-2.0, -8.0, -7.0; 8
-1.0, -8.0, -7.0; 4
0.0, -8.0, -7.0; 7
1.0, -8.0, -7.0; 4
2.0, -8.0, -7.0; 1
-4.0, -7.0, -7.0; 5
-3.0, -7.0, -7.0; 13
-2.0, -7.0, -7.0; 22
-1.0, -7.0, -7.0; 15
0.0, -7.0, -7.0; 13
1.0, -7.0, -7.0; 9
2.0, -7.0, -7.0; 3
3.0, -7.0, -7.0; 6
-5.0, -6.0, -7.0; 4
-4.0, -6.0, -7.0; 13
-3.0, -6.0, -7.0; 13
-2.0, -6.0, -7.0; 12
-1.0, -6.0, -7.0; 10
0.0, -6.0, -7.0; 4
1.0, -6.0, -7.0; 5
2.0, -6.0, -7.0; 3
3.0, -6.0, -7.0; 4
4.0, -6.0, -7.0; 1
-6.0, -5.0, -7.0; 3
-5.0, -5.0, -7.0; 11
-4.0, -5.0, -7.0; 8
-3.0, -5.0, -7.0; 8
-2.0, -5.0, -7.0; 6
-1.0, -5.0, -7.0; 6
0.0, -5.0, -7.0; 2
1.0, -5.0, -7.0; 4
2.0, -5.0, -7.0; 10
3.0, -5.0, -7.0; 5
4.0, -5.0, -7.0; 4
5.0, -5.0, -7.0; 6
-7.0, -4.0, -7.0; 1
-6.0, -4.0, -7.0; 12
-5.0, -4.0, -7.0; 13
-4.0, -4.0, -7.0; 8
-3.0, -4.0, -7.0; 9
-2.0, -4.0, -7.0; 3
-1.0, -4.0, -7.0; 7
0.0, -4.0, -7.0; 2
1.0, -4.0, -7.0; 5
2.0, -4.0, -7.0; 4
4.0, -4.0, -7.0; 2
6.0, -4.0, -7.0; 1
-8.0, -3.0, -7.0; 1
-7.0, -3.0, -7.0; 2
-6.0, -3.0, -7.0; 8
-5.0, -3.0, -7.0; 12
-4.0, -3.0, -7.0; 4
-3.0, -3.0, -7.0; 3
-2.0, -3.0, -7.0; 2
-1.0, -3.0, -7.0; 5
0.0, -3.0, -7.0; 8
1.0, -3.0, -7.0; 7
2.0, -3.0, -7.0; 3
3.0, -3.0, -7.0; 8
4.0, -3.0, -7.0; 1
5.0, -3.0, -7.0; 3
-8.0, -2.0, -7.0; 1
-7.0, -2.0, -7.0; 3
-6.0, -2.0, -7.0; 13
-5.0, -2.0, -7.0; 28
-4.0, -2.0, -7.0; 4
-3.0, -2.0, -7.0; 7
-2.0, -2.0, -7.0; 5
-1.0, -2.0, -7.0; 12
0.0, -2.0, -7.0; 7
1.0, -2.0, -7.0; 9
2.0, -2.0, -7.0; 12
3.0, -2.0, -7.0; 14
4.0, -2.0, -7.0; 10
5.0, -2.0, -7.0; 1
6.0, -2.0, -7.0; 1
7.0, -2.0, -7.0; 2
-8.0, -1.0, -7.0; 7
-7.0, -1.0, -7.0; 3
-6.0, -1.0, -7.0; 20
-5.0, -1.0, -7.0; 48
-4.0, -1.0, -7.0; 8
-3.0, -1.0, -7.0; 3
-2.0, -1.0, -7.0; 4
-1.0, -1.0, -7.0; 10
0.0, -1.0, -7.0; 7
1.0, -1.0, -7.0; 6
2.0, -1.0, -7.0; 18
3.0, -1.0, -7.0; 23
4.0, -1.0, -7.0; 7
5.0, -1.0, -7.0; 1
6.0, -1.0, -7.0; 3
-8.0, 0.0, -7.0; 5
-7.0, 0.0, -7.0; 6
-6.0, 0.0, -7.0; 10
-5.0, 0.0, -7.0; 14
-4.0, 0.0, -7.0; 5
-3.0, 0.0, -7.0; 5
-2.0, 0.0, -7.0; 4
0.0, 0.0, -7.0; 5
1.0, 0.0, -7.0; 9
2.0, 0.0, -7.0; 23
3.0, 0.0, -7.0; 14
4.0, 0.0, -7.0; 8
5.0, 0.0, -7.0; 1
6.0, 0.0, -7.0; 7
7.0, 0.0, -7.0; 1
-8.0, 1.0, -7.0; 2
-7.0, 1.0, -7.0; 9
-6.0, 1.0, -7.0; 12
-5.0, 1.0, -7.0; 10
-4.0, 1.0, -7.0; 4
-3.0, 1.0, -7.0; 2
-1.0, 1.0, -7.0; 6
0.0, 1.0, -7.0; 9
1.0, 1.0, -7.0; 8
2.0, 1.0, -7.0; 6
3.0, 1.0, -7.0; 10
4.0, 1.0, -7.0; 5
5.0, 1.0, -7.0; 2
6.0, 1.0, -7.0; 1
-8.0, 2.0, -7.0; 1
-7.0, 2.0, -7.0; 11
-6.0, 2.0, -7.0; 7
-5.0, 2.0, -7.0; 5
-4.0, 2.0, -7.0; 3
-3.0, 2.0, -7.0; 4
-2.0, 2.0, -7.0; 1
-1.0, 2.0, -7.0; 1
0.0, 2.0, -7.0; 2
1.0, 2.0, -7.0; 2
2.0, 2.0, -7.0; 4
3.0, 2.0, -7.0; 7
4.0, 2.0, -7.0; 6
6.0, 2.0, -7.0; 2
-7.0, 3.0, -7.0; 10
-6.0, 3.0, -7.0; 8
-5.0, 3.0, -7.0; 1
-4.0, 3.0, -7.0; 3
-3.0, 3.0, -7.0; 4
-2.0, 3.0, -7.0; 3
-1.0, 3.0, -7.0; 3
0.0, 3.0, -7.0; 1
1.0, 3.0, -7.0; 3
2.0, 3.0, -7.0; 7
3.0, 3.0, -7.0; 3
4.0, 3.0, -7.0; 6
5.0, 3.0, -7.0; 3
6.0, 3.0, -7.0; 1
-7.0, 4.0, -7.0; 2
-6.0, 4.0, -7.0; 5
-5.0, 4.0, -7.0; 8
-4.0, 4.0, -7.0; 1
-2.0, 4.0, -7.0; 3
-1.0, 4.0, -7.0; 1
0.0, 4.0, -7.0; 2
1.0, 4.0, -7.0; 3
2.0, 4.0, -7.0; 2
3.0, 4.0, -7.0; 9
4.0, 4.0, -7.0; 2
5.0, 4.0, -7.0; 2
-6.0, 5.0, -7.0; 3
-5.0, 5.0, -7.0; 5
-4.0, 5.0, -7.0; 11
-3.0, 5.0, -7.0; 4
-2.0, 5.0, -7.0; 5
-1.0, 5.0, -7.0; 6
0.0, 5.0, -7.0; 1
1.0, 5.0, -7.0; 5
2.0, 5.0, -7.0; 3
3.0, 5.0, -7.0; 6
4.0, 5.0, -7.0; 2
5.0, 5.0, -7.0; 2
-5.0, 6.0, -7.0; 1
-4.0, 6.0, -7.0; 6
-3.0, 6.0, -7.0; 9
-2.0, 6.0, -7.0; 6
-1.0, 6.0, -7.0; 3
0.0, 6.0, -7.0; 9
1.0, 6.0, -7.0; 2
2.0, 6.0, -7.0; 3
3.0, 6.0, -7.0; 5
4.0, 6.0, -7.0; 1
-3.0, 7.0, -7.0; 3
-2.0, 7.0, -7.0; 3
-1.0, 7.0, -7.0; 2
0.0, 7.0, -7.0; 2
-3.0, -9.0, -6.0; 1
-2.0, -9.0, -6.0; 1
-1.0, -9.0, -6.0; 5
0.0, -9.0, -6.0; 7
1.0, -9.0, -6.0; 1
2.0, -9.0, -6.0; 3
-4.0, -8.0, -6.0; 3
-3.0, -8.0, -6.0; 17
-2.0, -8.0, -6.0; 178
-1.0, -8.0, -6.0; 239
0.0, -8.0, -6.0; 25
1.0, -8.0, -6.0; 10
2.0, -8.0, -6.0; 7
3.0, -8.0, -6.0; 7
4.0, -8.0, -6.0; 1
-6.0, -7.0, -6.0; 1
-5.0, -7.0, -6.0; 3
-4.0, -7.0, -6.0; 17
-3.0, -7.0, -6.0; 77
-2.0, -7.0, -6.0; 361
-1.0, -7.0, -6.0; 213
0.0, -7.0, -6.0; 26
1.0, -7.0, -6.0; 16
2.0, -7.0, -6.0; 4
3.0, -7.0, -6.0; 5
4.0, -7.0, -6.0; 3
5.0, -7.0, -6.0; 1
-7.0, -6.0, -6.0; 3
-6.0, -6.0, -6.0; 2
-5.0, -6.0, -6.0; 6
-4.0, -6.0, -6.0; 18
-3.0, -6.0, -6.0; 41
-2.0, -6.0, -6.0; 51
-1.0, -6.0, -6.0; 29
0.0, -6.0, -6.0; 9
1.0, -6.0, -6.0; 13
2.0, -6.0, -6.0; 18
3.0, -6.0, -6.0; 6
4.0, -6.0, -6.0; 7
5.0, -6.0, -6.0; 2
6.0, -6.0, -6.0; 1
-7.0, -5.0, -6.0; 7
-6.0, -5.0, -6.0; 7
-5.0, -5.0, -6.0; 11
-4.0, -5.0, -6.0; 19
-3.0, -5.0, -6.0; 17
-2.0, -5.0, -6.0; 24
-1.0, -5.0, -6.0; 10
0.0, -5.0, -6.0; 19
1.0, -5.0, -6.0; 13
2.0, -5.0, -6.0; 9
4.0, -5.0, -6.0; 7
5.0, -5.0, -6.0; 3
6.0, -5.0, -6.0; 1
-8.0, -4.0, -6.0; 1
-7.0, -4.0, -6.0; 5
-6.0, -4.0, -6.0; 10
-5.0, -4.0, -6.0; 12
-4.0, -4.0, -6.0; 11
-3.0, -4.0, -6.0; 26
-2.0, -4.0, -6.0; 27
-1.0, -4.0, -6.0; 27
0.0, -4.0, -6.0; 36
1.0, -4.0, -6.0; 15
2.0, -4.0, -6.0; 13
3.0, -4.0, -6.0; 5
4.0, -4.0, -6.0; 2
5.0, -4.0, -6.0; 2
6.0, -4.0, -6.0; 1
-8.0, -3.0, -6.0; 6
-7.0, -3.0, -6.0; 6
-6.0, -3.0, -6.0; 7
-5.0, -3.0, -6.0; 6
-4.0, -3.0, -6.0; 11
-3.0, -3.0, -6.0; 18
-2.0, -3.0, -6.0; 29
-1.0, -3.0, -6.0; 94
0.0, -3.0, -6.0; 221
1.0, -3.0, -6.0; 36
2.0, -3.0, -6.0; 11
3.0, -3.0, -6.0; 6
4.0, -3.0, -6.0; 8
5.0, -3.0, -6.0; 2
6.0, -3.0, -6.0; 1
7.0, -3.0, -6.0; 2
-8.0, -2.0, -6.0; 7
-7.0, -2.0, -6.0; 10
-6.0, -2.0, -6.0; 7
-5.0, -2.0, -6.0; 5
-4.0, -2.0, -6.0; 13
-3.0, -2.0, -6.0; 19
-2.0, -2.0, -6.0; 78
-1.0, -2.0, -6.0; 161
0.0, -2.0, -6.0; 146
1.0, -2.0, -6.0; 43
2.0, -2.0, -6.0; 12
3.0, -2.0, -6.0; 17
4.0, -2.0, -6.0; 25
5.0, -2.0, -6.0; 2
6.0, -2.0, -6.0; 2
-9.0, -1.0, -6.0; 1
-8.0, -1.0, -6.0; 5
-7.0, -1.0, -6.0; 9
-6.0, -1.0, -6.0; 15
-5.0, -1.0, -6.0; 6
-4.0, -1.0, -6.0; 3
-3.0, -1.0, -6.0; 16
-2.0, -1.0, -6.0; 78
-1.0, -1.0, -6.0; 89
0.0, -1.0, -6.0; 66
1.0, -1.0, -6.0; 40
2.0, -1.0, -6.0; 7
3.0, -1.0, -6.0; 52
4.0, -1.0, -6.0; 27
5.0, -1.0, -6.0; 3
6.0, -1.0, -6.0; 2
7.0, -1.0, -6.0; 3
-9.0, 0.0, -6.0; 1
-8.0, 0.0, -6.0; 2
-7.0, 0.0, -6.0; 13
-6.0, 0.0, -6.0; 28
-5.0, 0.0, -6.0; 4
-4.0, 0.0, -6.0; 6
-3.0, 0.0, -6.0; 5
-2.0, 0.0, -6.0; 17
-1.0, 0.0, -6.0; 26
0.0, 0.0, -6.0; 21
1.0, 0.0, -6.0; 9
2.0, 0.0, -6.0; 35
3.0, 0.0, -6.0; 127
4.0, 0.0, -6.0; 8
5.0, 0.0, -6.0; 4
6.0, 0.0, -6.0; 2
-8.0, 1.0, -6.0; 10
-7.0, 1.0, -6.0; 15
-6.0, 1.0, -6.0; 14
-5.0, 1.0, -6.0; 4
-4.0, 1.0, -6.0; 5
-3.0, 1.0, -6.0; 6
-2.0, 1.0, -6.0; 17
-1.0, 1.0, -6.0; 17
0.0, 1.0, -6.0; 4
1.0, 1.0, -6.0; 10
2.0, 1.0, -6.0; 41
3.0, 1.0, -6.0; 15
4.0, 1.0, -6.0; 11
5.0, 1.0, -6.0; 1
6.0, 1.0, -6.0; 5
7.0, 1.0, -6.0; 1
-8.0, 2.0, -6.0; 6
-7.0, 2.0, -6.0; 7
-6.0, 2.0, -6.0; 5
-5.0, 2.0, -6.0; 20
-4.0, 2.0, -6.0; 12
-3.0, 2.0, -6.0; 13
-2.0, 2.0, -6.0; 29
-1.0, 2.0, -6.0; 27
0.0, 2.0, -6.0; 17
1.0, 2.0, -6.0; 2
2.0, 2.0, -6.0; 14
3.0, 2.0, -6.0; 18
4.0, 2.0, -6.0; 7
5.0, 2.0, -6.0; 2
6.0, 2.0, -6.0; 2
7.0, 2.0, -6.0; 2
-8.0, 3.0, -6.0; 5
-7.0, 3.0, -6.0; 11
-6.0, 3.0, -6.0; 4
-5.0, 3.0, -6.0; 4
-4.0, 3.0, -6.0; 13
-3.0, 3.0, -6.0; 15
-2.0, 3.0, -6.0; 10
-1.0, 3.0, -6.0; 13
0.0, 3.0, -6.0; 14
1.0, 3.0, -6.0; 2
2.0, 3.0, -6.0; 8
3.0, 3.0, -6.0; 21
4.0, 3.0, -6.0; 15
5.0, 3.0, -6.0; 9
6.0, 3.0, -6.0; 2
-8.0, 4.0, -6.0; 5
-7.0, 4.0, -6.0; 6
-6.0, 4.0, -6.0; 7
-5.0, 4.0, -6.0; 7
-4.0, 4.0, -6.0; 2
-3.0, 4.0, -6.0; 6
-2.0, 4.0, -6.0; 7
-1.0, 4.0, -6.0; 2
0.0, 4.0, -6.0; 3
1.0, 4.0, -6.0; 1
2.0, 4.0, -6.0; 3
3.0, 4.0, -6.0; 18
4.0, 4.0, -6.0; 14
5.0, 4.0, -6.0; 6
6.0, 4.0, -6.0; 4
-7.0, 5.0, -6.0; 4
-6.0, 5.0, -6.0; 8
-5.0, 5.0, -6.0; 11
-4.0, 5.0, -6.0; 11
-3.0, 5.0, -6.0; 11
-2.0, 5.0, -6.0; 1
-1.0, 5.0, -6.0; 4
0.0, 5.0, -6.0; 3
1.0, 5.0, -6.0; 4
2.0, 5.0, -6.0; 5
3.0, 5.0, -6.0; 3
4.0, 5.0, -6.0; 3
5.0, 5.0, -6.0; 4
6.0, 5.0, -6.0; 2
-6.0, 6.0, -6.0; 1
-5.0, 6.0, -6.0; 4
-4.0, 6.0, -6.0; 10
-3.0, 6.0, -6.0; 18
-2.0, 6.0, -6.0; 7
-1.0, 6.0, -6.0; 3
0.0, 6.0, -6.0; 6
1.0, 6.0, -6.0; 6
2.0, 6.0, -6.0; 4
3.0, 6.0, -6.0; 6
4.0, 6.0, -6.0; 4
-4.0, 7.0, -6.0; 6
-3.0, 7.0, -6.0; 19
-2.0, 7.0, -6.0; 10
-1.0, 7.0, -6.0; 6
0.0, 7.0, -6.0; 7
1.0, 7.0, -6.0; 3
2.0, 7.0, -6.0; 1
3.0, 7.0, -6.0; 2
-3.0, 8.0, -6.0; 1
-2.0, 8.0, -6.0; 7
-1.0, 8.0, -6.0; 4
0.0, 8.0, -6.0; 8
1.0, 8.0, -6.0; 2
2.0, 8.0, -6.0; 1
-1.0, -10.0, -5.0; 1
-5.0, -9.0, -5.0; 1
-3.0, -9.0, -5.0; 6
-2.0, -9.0, -5.0; 11
-1.0, -9.0, -5.0; 13
0.0, -9.0, -5.0; 15
1.0, -9.0, -5.0; 16
2.0, -9.0, -5.0; 5
3.0, -9.0, -5.0; 2
-6.0, -8.0, -5.0; 2
-5.0, -8.0, -5.0; 9
-4.0, -8.0, -5.0; 8
-3.0, -8.0, -5.0; 62
-2.0, -8.0, -5.0; 919
-1.0, -8.0, -5.0; 789
0.0, -8.0, -5.0; 48
1.0, -8.0, -5.0; 11
2.0, -8.0, -5.0; 12
3.0, -8.0, -5.0; 7
4.0, -8.0, -5.0; 11
5.0, -8.0, -5.0; 1
-6.0, -7.0, -5.0; 6
-5.0, -7.0, -5.0; 8
-4.0, -7.0, -5.0; 6
-3.0, -7.0, -5.0; 25
-2.0, -7.0, -5.0; 147
-1.0, -7.0, -5.0; 98
0.0, -7.0, -5.0; 38
1.0, -7.0, -5.0; 30
2.0, -7.0, -5.0; 9
3.0, -7.0, -5.0; 8
4.0, -7.0, -5.0; 7
5.0, -7.0, -5.0; 10
6.0, -7.0, -5.0; 3
-8.0, -6.0, -5.0; 2
-7.0, -6.0, -5.0; 8
-6.0, -6.0, -5.0; 8
-5.0, -6.0, -5.0; 11
-4.0, -6.0, -5.0; 5
-3.0, -6.0, -5.0; 4
-2.0, -6.0, -5.0; 4
-1.0, -6.0, -5.0; 28
0.0, -6.0, -5.0; 49
1.0, -6.0, -5.0; 46
2.0, -6.0, -5.0; 9
3.0, -6.0, -5.0; 10
4.0, -6.0, -5.0; 4
5.0, -6.0, -5.0; 6
6.0, -6.0, -5.0; 5
7.0, -6.0, -5.0; 1
-8.0, -5.0, -5.0; 7
-7.0, -5.0, -5.0; 7
-6.0, -5.0, -5.0; 5
-5.0, -5.0, -5.0; 5
-4.0, -5.0, -5.0; 4
-3.0, -5.0, -5.0; 10
-2.0, -5.0, -5.0; 10
-1.0, -5.0, -5.0; 19
0.0, -5.0, -5.0; 42
1.0, -5.0, -5.0; 53
2.0, -5.0, -5.0; 27
3.0, -5.0, -5.0; 4
4.0, -5.0, -5.0; 2
5.0, -5.0, -5.0; 6
6.0, -5.0, -5.0; 1
-9.0, -4.0, -5.0; 1
-8.0, -4.0, -5.0; 5
-7.0, -4.0, -5.0; 6
-6.0, -4.0, -5.0; 8
-5.0, -4.0, -5.0; 4
-4.0, -4.0, -5.0; 37
-3.0, -4.0, -5.0; 104
-2.0, -4.0, -5.0; 179
-1.0, -4.0, -5.0; 66
0.0, -4.0, -5.0; 66
1.0, -4.0, -5.0; 198
2.0, -4.0, -5.0; 44
3.0, -4.0, -5.0; 14
4.0, -4.0, -5.0; 5
5.0, -4.0, -5.0; 7
7.0, -4.0, -5.0; 2
8.0, -4.0, -5.0; 1
-9.0, -3.0, -5.0; 1
-8.0, -3.0, -5.0; 8
-7.0, -3.0, -5.0; 9
-6.0, -3.0, -5.0; 8
-5.0, -3.0, -5.0; 9
-4.0, -3.0, -5.0; 106
-3.0, -3.0, -5.0; 2506
-2.0, -3.0, -5.0; 902
-1.0, -3.0, -5.0; 35
0.0, -3.0, -5.0; 563
1.0, -3.0, -5.0; 3363
2.0, -3.0, -5.0; 145
3.0, -3.0, -5.0; 20
4.0, -3.0, -5.0; 18
5.0, -3.0, -5.0; 5
6.0, -3.0, -5.0; 2
-9.0, -2.0, -5.0; 5
-8.0, -2.0, -5.0; 5
-7.0, -2.0, -5.0; 11
-6.0, -2.0, -5.0; 6
-5.0, -2.0, -5.0; 6
-4.0, -2.0, -5.0; 36
-3.0, -2.0, -5.0; 464
-2.0, -2.0, -5.0; 100
-1.0, -2.0, -5.0; 29
0.0, -2.0, -5.0; 166
1.0, -2.0, -5.0; 297
2.0, -2.0, -5.0; 225
3.0, -2.0, -5.0; 26
4.0, -2.0, -5.0; 26
5.0, -2.0, -5.0; 8
6.0, -2.0, -5.0; 3
7.0, -2.0, -5.0; 2
8.0, -2.0, -5.0; 3
-10.0, -1.0, -5.0; 2
-9.0, -1.0, -5.0; 1
-8.0, -1.0, -5.0; 7
-7.0, -1.0, -5.0; 11
-6.0, -1.0, -5.0; 5
-5.0, -1.0, -5.0; 2
-4.0, -1.0, -5.0; 20
-3.0, -1.0, -5.0; 52
-2.0, -1.0, -5.0; 48
-1.0, -1.0, -5.0; 47
0.0, -1.0, -5.0; 30
1.0, -1.0, -5.0; 116
2.0, -1.0, -5.0; 37
3.0, -1.0, -5.0; 15
4.0, -1.0, -5.0; 31
5.0, -1.0, -5.0; 7
6.0, -1.0, -5.0; 4
7.0, -1.0, -5.0; 3
-9.0, 0.0, -5.0; 2
-8.0, 0.0, -5.0; 8
-7.0, 0.0, -5.0; 30
-6.0, 0.0, -5.0; 2
-5.0, 0.0, -5.0; 4
-4.0, 0.0, -5.0; 18
-3.0, 0.0, -5.0; 37
-2.0, 0.0, -5.0; 21
-1.0, 0.0, -5.0; 11
0.0, 0.0, -5.0; 15
1.0, 0.0, -5.0; 20
2.0, 0.0, -5.0; 1
3.0, 0.0, -5.0; 41
4.0, 0.0, -5.0; 20
5.0, 0.0, -5.0; 1
6.0, 0.0, -5.0; 1
7.0, 0.0, -5.0; 2
8.0, 0.0, -5.0; 1
-9.0, 1.0, -5.0; 5
-8.0, 1.0, -5.0; 6
-7.0, 1.0, -5.0; 8
-6.0, 1.0, -5.0; 6
-5.0, 1.0, -5.0; 15
-4.0, 1.0, -5.0; 11
-3.0, 1.0, -5.0; 6
-2.0, 1.0, -5.0; 5
-1.0, 1.0, -5.0; 1
0.0, 1.0, -5.0; 3
2.0, 1.0, -5.0; 7
3.0, 1.0, -5.0; 20
4.0, 1.0, -5.0; 11
5.0, 1.0, -5.0; 8
6.0, 1.0, -5.0; 3
7.0, 1.0, -5.0; 1
8.0, 1.0, -5.0; 1
-9.0, 2.0, -5.0; 2
-8.0, 2.0, -5.0; 3
-7.0, 2.0, -5.0; 5
-6.0, 2.0, -5.0; 17
-5.0, 2.0, -5.0; 42
-4.0, 2.0, -5.0; 16
-3.0, 2.0, -5.0; 15
-2.0, 2.0, -5.0; 17
-1.0, 2.0, -5.0; 27
0.0, 2.0, -5.0; 55
1.0, 2.0, -5.0; 29
2.0, 2.0, -5.0; 8
3.0, 2.0, -5.0; 41
4.0, 2.0, -5.0; 29
5.0, 2.0, -5.0; 10
6.0, 2.0, -5.0; 4
7.0, 2.0, -5.0; 4
-9.0, 3.0, -5.0; 2
-8.0, 3.0, -5.0; 3
-7.0, 3.0, -5.0; 5
-6.0, 3.0, -5.0; 6
-5.0, 3.0, -5.0; 11
-4.0, 3.0, -5.0; 12
-3.0, 3.0, -5.0; 10
-2.0, 3.0, -5.0; 7
-1.0, 3.0, -5.0; 35
0.0, 3.0, -5.0; 60
1.0, 3.0, -5.0; 45
2.0, 3.0, -5.0; 7
3.0, 3.0, -5.0; 34
4.0, 3.0, -5.0; 41
5.0, 3.0, -5.0; 10
6.0, 3.0, -5.0; 3
7.0, 3.0, -5.0; 1
-8.0, 4.0, -5.0; 3
-7.0, 4.0, -5.0; 12
-6.0, 4.0, -5.0; 16
-5.0, 4.0, -5.0; 5
-4.0, 4.0, -5.0; 3
-3.0, 4.0, -5.0; 7
-2.0, 4.0, -5.0; 28
-1.0, 4.0, -5.0; 24
0.0, 4.0, -5.0; 18
1.0, 4.0, -5.0; 9
2.0, 4.0, -5.0; 8
3.0, 4.0, -5.0; 30
4.0, 4.0, -5.0; 37
5.0, 4.0, -5.0; 8
6.0, 4.0, -5.0; 5
7.0, 4.0, -5.0; 1
-7.0, 5.0, -5.0; 8
-6.0, 5.0, -5.0; 8
-5.0, 5.0, -5.0; 23
-4.0, 5.0, -5.0; 13
-3.0, 5.0, -5.0; 6
-2.0, 5.0, -5.0; 6
-1.0, 5.0, -5.0; 10
0.0, 5.0, -5.0; 2
1.0, 5.0, -5.0; 6
2.0, 5.0, -5.0; 3
3.0, 5.0, -5.0; 13
4.0, 5.0, -5.0; 9
5.0, 5.0, -5.0; 6
6.0, 5.0, -5.0; 3
-6.0, 6.0, -5.0; 7
-5.0, 6.0, -5.0; 9
-4.0, 6.0, -5.0; 18
-3.0, 6.0, -5.0; 14
-2.0, 6.0, -5.0; 9
-1.0, 6.0, -5.0; 6
0.0, 6.0, -5.0; 2
1.0, 6.0, -5.0; 5
2.0, 6.0, -5.0; 10
3.0, 6.0, -5.0; 7
4.0, 6.0, -5.0; 4
5.0, 6.0, -5.0; 3
6.0, 6.0, -5.0; 1
-5.0, 7.0, -5.0; 3
-4.0, 7.0, -5.0; 7
-3.0, 7.0, -5.0; 6
-2.0, 7.0, -5.0; 7
-1.0, 7.0, -5.0; 6
0.0, 7.0, -5.0; 5
1.0, 7.0, -5.0; 12
2.0, 7.0, -5.0; 7
3.0, 7.0, -5.0; 2
4.0, 7.0, -5.0; 4
5.0, 7.0, -5.0; 1
-4.0, 8.0, -5.0; 2
-3.0, 8.0, -5.0; 6
-2.0, 8.0, -5.0; 15
-1.0, 8.0, -5.0; 22
0.0, 8.0, -5.0; 19
1.0, 8.0, -5.0; 12
2.0, 8.0, -5.0; 4
-1.0, 9.0, -5.0; 1
0.0, 9.0, -5.0; 1
-3.0, -10.0, -4.0; 1
-2.0, -10.0, -4.0; 6
-1.0, -10.0, -4.0; 9
0.0, -10.0, -4.0; 10
1.0, -10.0, -4.0; 4
2.0, -10.0, -4.0; 1
-5.0, -9.0, -4.0; 1
-4.0, -9.0, -4.0; 4
-3.0, -9.0, -4.0; 11
-2.0, -9.0, -4.0; 36
-1.0, -9.0, -4.0; 32
0.0, -9.0, -4.0; 28
1.0, -9.0, -4.0; 22
2.0, -9.0, -4.0; 20
3.0, -9.0, -4.0; 7
4.0, -9.0, -4.0; 4
-6.0, -8.0, -4.0; 8
-5.0, -8.0, -4.0; 6
-4.0, -8.0, -4.0; 11
-3.0, -8.0, -4.0; 20
-2.0, -8.0, -4.0; 74
-1.0, -8.0, -4.0; 70
0.0, -8.0, -4.0; 23
1.0, -8.0, -4.0; 11
2.0, -8.0, -4.0; 10
3.0, -8.0, -4.0; 6
4.0, -8.0, -4.0; 9
5.0, -8.0, -4.0; 6
-7.0, -7.0, -4.0; 1
-6.0, -7.0, -4.0; 19
-5.0, -7.0, -4.0; 7
-4.0, -7.0, -4.0; 5
-3.0, -7.0, -4.0; 2
-2.0, -7.0, -4.0; 6
-1.0, -7.0, -4.0; 14
0.0, -7.0, -4.0; 70
1.0, -7.0, -4.0; 35
2.0, -7.0, -4.0; 10
3.0, -7.0, -4.0; 13
4.0, -7.0, -4.0; 3
5.0, -7.0, -4.0; 6
6.0, -7.0, -4.0; 4
7.0, -7.0, -4.0; 2
-8.0, -6.0, -4.0; 7
-7.0, -6.0, -4.0; 12
-6.0, -6.0, -4.0; 3
-5.0, -6.0, -4.0; 3
-2.0, -6.0, -4.0; 6
-1.0, -6.0, -4.0; 5
0.0, -6.0, -4.0; 90
1.0, -6.0, -4.0; 222
2.0, -6.0, -4.0; 46
3.0, -6.0, -4.0; 14
4.0, -6.0, -4.0; 7
5.0, -6.0, -4.0; 13
6.0, -6.0, -4.0; 7
7.0, -6.0, -4.0; 1
-9.0, -5.0, -4.0; 1
-8.0, -5.0, -4.0; 14
-7.0, -5.0, -4.0; 4
-6.0, -5.0, -4.0; 2
-5.0, -5.0, -4.0; 1
-4.0, -5.0, -4.0; 6
-3.0, -5.0, -4.0; 8
-2.0, -5.0, -4.0; 27
-1.0, -5.0, -4.0; 165
0.0, -5.0, -4.0; 164
1.0, -5.0, -4.0; 159
2.0, -5.0, -4.0; 81
3.0, -5.0, -4.0; 36
4.0, -5.0, -4.0; 9
5.0, -5.0, -4.0; 3
6.0, -5.0, -4.0; 5
7.0, -5.0, -4.0; 1
-9.0, -4.0, -4.0; 12
-8.0, -4.0, -4.0; 8
-7.0, -4.0, -4.0; 3
-6.0, -4.0, -4.0; 6
-5.0, -4.0, -4.0; 15
-4.0, -4.0, -4.0; 59
-3.0, -4.0, -4.0; 23
-2.0, -4.0, -4.0; 27
-1.0, -4.0, -4.0; 51
0.0, -4.0, -4.0; 18
1.0, -4.0, -4.0; 227
2.0, -4.0, -4.0; 195
3.0, -4.0, -4.0; 73
4.0, -4.0, -4.0; 15
5.0, -4.0, -4.0; 13
6.0, -4.0, -4.0; 1
7.0, -4.0, -4.0; 3
8.0, -4.0, -4.0; 1
-10.0, -3.0, -4.0; 3
-9.0, -3.0, -4.0; 6
-8.0, -3.0, -4.0; 16
-7.0, -3.0, -4.0; 5
-6.0, -3.0, -4.0; 6
-5.0, -3.0, -4.0; 40
-4.0, -3.0, -4.0; 233
-3.0, -3.0, -4.0; 72
0.0, -3.0, -4.0; 2
1.0, -3.0, -4.0; 1029
2.0, -3.0, -4.0; 275
3.0, -3.0, -4.0; 93
4.0, -3.0, -4.0; 12
5.0, -3.0, -4.0; 28
7.0, -3.0, -4.0; 1
8.0, -3.0, -4.0; 2
-10.0, -2.0, -4.0; 2
-9.0, -2.0, -4.0; 7
-8.0, -2.0, -4.0; 10
-7.0, -2.0, -4.0; 9
-6.0, -2.0, -4.0; 4
-5.0, -2.0, -4.0; 10
-4.0, -2.0, -4.0; 54
-3.0, -2.0, -4.0; 11
-2.0, -2.0, -4.0; 1
0.0, -2.0, -4.0; 3
1.0, -2.0, -4.0; 24
2.0, -2.0, -4.0; 38
3.0, -2.0, -4.0; 9
4.0, -2.0, -4.0; 8
5.0, -2.0, -4.0; 15
6.0, -2.0, -4.0; 3
7.0, -2.0, -4.0; 4
8.0, -2.0, -4.0; 2
9.0, -2.0, -4.0; 1
-10.0, -1.0, -4.0; 1
-9.0, -1.0, -4.0; 2
-8.0, -1.0, -4.0; 8
-7.0, -1.0, -4.0; 5
-6.0, -1.0, -4.0; 2
-5.0, -1.0, -4.0; 4
-4.0, -1.0, -4.0; 12
-3.0, -1.0, -4.0; 7
1.0, -1.0, -4.0; 1
2.0, -1.0, -4.0; 1
3.0, -1.0, -4.0; 2
4.0, -1.0, -4.0; 8
5.0, -1.0, -4.0; 10
6.0, -1.0, -4.0; 4
-9.0, 0.0, -4.0; 5
-8.0, 0.0, -4.0; 7
-7.0, 0.0, -4.0; 5
-5.0, 0.0, -4.0; 10
-4.0, 0.0, -4.0; 9
2.0, 0.0, -4.0; 1
3.0, 0.0, -4.0; 4
4.0, 0.0, -4.0; 10
5.0, 0.0, -4.0; 3
6.0, 0.0, -4.0; 4
-9.0, 1.0, -4.0; 10
-8.0, 1.0, -4.0; 4
-7.0, 1.0, -4.0; 3
-6.0, 1.0, -4.0; 21
-5.0, 1.0, -4.0; 29
-4.0, 1.0, -4.0; 16
1.0, 1.0, -4.0; 1
2.0, 1.0, -4.0; 2
3.0, 1.0, -4.0; 4
4.0, 1.0, -4.0; 20
5.0, 1.0, -4.0; 16
6.0, 1.0, -4.0; 1
7.0, 1.0, -4.0; 3
-9.0, 2.0, -4.0; 7
-8.0, 2.0, -4.0; 3
-7.0, 2.0, -4.0; 2
-6.0, 2.0, -4.0; 58
-5.0, 2.0, -4.0; 17
-4.0, 2.0, -4.0; 15
1.0, 2.0, -4.0; 2
2.0, 2.0, -4.0; 3
3.0, 2.0, -4.0; 17
4.0, 2.0, -4.0; 34
5.0, 2.0, -4.0; 8
6.0, 2.0, -4.0; 2
-9.0, 3.0, -4.0; 2
-8.0, 3.0, -4.0; 4
-7.0, 3.0, -4.0; 1
-6.0, 3.0, -4.0; 15
-5.0, 3.0, -4.0; 8
-4.0, 3.0, -4.0; 3
-3.0, 3.0, -4.0; 1
-1.0, 3.0, -4.0; 1
0.0, 3.0, -4.0; 11
1.0, 3.0, -4.0; 24
2.0, 3.0, -4.0; 10
3.0, 3.0, -4.0; 28
4.0, 3.0, -4.0; 34
5.0, 3.0, -4.0; 17
6.0, 3.0, -4.0; 4
7.0, 3.0, -4.0; 2
-9.0, 4.0, -4.0; 1
-8.0, 4.0, -4.0; 10
-7.0, 4.0, -4.0; 9
-6.0, 4.0, -4.0; 7
-3.0, 4.0, -4.0; 6
-2.0, 4.0, -4.0; 41
-1.0, 4.0, -4.0; 64
0.0, 4.0, -4.0; 84
1.0, 4.0, -4.0; 49
2.0, 4.0, -4.0; 14
3.0, 4.0, -4.0; 49
4.0, 4.0, -4.0; 51
5.0, 4.0, -4.0; 18
6.0, 4.0, -4.0; 6
8.0, 4.0, -4.0; 2
-8.0, 5.0, -4.0; 6
-7.0, 5.0, -4.0; 11
-6.0, 5.0, -4.0; 14
-5.0, 5.0, -4.0; 5
-3.0, 5.0, -4.0; 3
-2.0, 5.0, -4.0; 143
-1.0, 5.0, -4.0; 296
0.0, 5.0, -4.0; 157
1.0, 5.0, -4.0; 34
2.0, 5.0, -4.0; 14
3.0, 5.0, -4.0; 24
4.0, 5.0, -4.0; 29
5.0, 5.0, -4.0; 8
6.0, 5.0, -4.0; 2
-8.0, 6.0, -4.0; 2
-7.0, 6.0, -4.0; 9
-6.0, 6.0, -4.0; 13
-5.0, 6.0, -4.0; 12
-4.0, 6.0, -4.0; 5
-2.0, 6.0, -4.0; 4
-1.0, 6.0, -4.0; 4
0.0, 6.0, -4.0; 10
1.0, 6.0, -4.0; 15
2.0, 6.0, -4.0; 11
3.0, 6.0, -4.0; 4
4.0, 6.0, -4.0; 5
5.0, 6.0, -4.0; 8
6.0, 6.0, -4.0; 3
-7.0, 7.0, -4.0; 1
-6.0, 7.0, -4.0; 2
-5.0, 7.0, -4.0; 5
-4.0, 7.0, -4.0; 13
-3.0, 7.0, -4.0; 11
-2.0, 7.0, -4.0; 5
-1.0, 7.0, -4.0; 3
0.0, 7.0, -4.0; 13
1.0, 7.0, -4.0; 11
2.0, 7.0, -4.0; 11
3.0, 7.0, -4.0; 9
4.0, 7.0, -4.0; 3
5.0, 7.0, -4.0; 3
-5.0, 8.0, -4.0; 1
-4.0, 8.0, -4.0; 5
-3.0, 8.0, -4.0; 14
-2.0, 8.0, -4.0; 14
-1.0, 8.0, -4.0; 16
0.0, 8.0, -4.0; 26
1.0, 8.0, -4.0; 19
2.0, 8.0, -4.0; 6
3.0, 8.0, -4.0; 5
-3.0, 9.0, -4.0; 1
-2.0, 9.0, -4.0; 9
-1.0, 9.0, -4.0; 21
0.0, 9.0, -4.0; 23
1.0, 9.0, -4.0; 9
2.0, 9.0, -4.0; 1
-4.0, -10.0, -3.0; 4
-3.0, -10.0, -3.0; 17
-2.0, -10.0, -3.0; 56
-1.0, -10.0, -3.0; 63
0.0, -10.0, -3.0; 58
1.0, -10.0, -3.0; 34
2.0, -10.0, -3.0; 8
-6.0, -9.0, -3.0; 1
-5.0, -9.0, -3.0; 3
-4.0, -9.0, -3.0; 17
-3.0, -9.0, -3.0; 20
-2.0, -9.0, -3.0; 26
-1.0, -9.0, -3.0; 40
0.0, -9.0, -3.0; 35
1.0, -9.0, -3.0; 40
2.0, -9.0, -3.0; 17
3.0, -9.0, -3.0; 12
4.0, -9.0, -3.0; 7
5.0, -9.0, -3.0; 1
-7.0, -8.0, -3.0; 1
-6.0, -8.0, -3.0; 5
-5.0, -8.0, -3.0; 7
-4.0, -8.0, -3.0; 7
-3.0, -8.0, -3.0; 6
-2.0, -8.0, -3.0; 11
-1.0, -8.0, -3.0; 16
0.0, -8.0, -3.0; 16
1.0, -8.0, -3.0; 18
2.0, -8.0, -3.0; 11
3.0, -8.0, -3.0; 20
4.0, -8.0, -3.0; 14
5.0, -8.0, -3.0; 6
6.0, -8.0, -3.0; 3
-8.0, -7.0, -3.0; 2
-7.0, -7.0, -3.0; 6
-6.0, -7.0, -3.0; 6
-5.0, -7.0, -3.0; 4
-4.0, -7.0, -3.0; 1
-2.0, -7.0, -3.0; 2
-1.0, -7.0, -3.0; 5
0.0, -7.0, -3.0; 138
1.0, -7.0, -3.0; 117
2.0, -7.0, -3.0; 17
3.0, -7.0, -3.0; 7
4.0, -7.0, -3.0; 9
5.0, -7.0, -3.0; 9
6.0, -7.0, -3.0; 1
-8.0, -6.0, -3.0; 5
-7.0, -6.0, -3.0; 9
-5.0, -6.0, -3.0; 1
-4.0, -6.0, -3.0; 2
-3.0, -6.0, -3.0; 1
-2.0, -6.0, -3.0; 2
-1.0, -6.0, -3.0; 88
0.0, -6.0, -3.0; 476
1.0, -6.0, -3.0; 3522
2.0, -6.0, -3.0; 164
3.0, -6.0, -3.0; 15
4.0, -6.0, -3.0; 8
5.0, -6.0, -3.0; 7
6.0, -6.0, -3.0; 8
7.0, -6.0, -3.0; 4
-9.0, -5.0, -3.0; 5
-8.0, -5.0, -3.0; 7
-7.0, -5.0, -3.0; 4
-6.0, -5.0, -3.0; 3
-1.0, -5.0, -3.0; 20
0.0, -5.0, -3.0; 162
1.0, -5.0, -3.0; 122
2.0, -5.0, -3.0; 243
3.0, -5.0, -3.0; 37
4.0, -5.0, -3.0; 27
5.0, -5.0, -3.0; 6
6.0, -5.0, -3.0; 4
7.0, -5.0, -3.0; 2
8.0, -5.0, -3.0; 1
-9.0, -4.0, -3.0; 12
-8.0, -4.0, -3.0; 14
-7.0, -4.0, -3.0; 7
-6.0, -4.0, -3.0; 4
-5.0, -4.0, -3.0; 22
-4.0, -4.0, -3.0; 1
-2.0, -4.0, -3.0; 1
-1.0, -4.0, -3.0; 1
1.0, -4.0, -3.0; 6
2.0, -4.0, -3.0; 73
3.0, -4.0, -3.0; 45
4.0, -4.0, -3.0; 7
5.0, -4.0, -3.0; 23
6.0, -4.0, -3.0; 6
7.0, -4.0, -3.0; 1
8.0, -4.0, -3.0; 1
-10.0, -3.0, -3.0; 1
-9.0, -3.0, -3.0; 8
-8.0, -3.0, -3.0; 12
-7.0, -3.0, -3.0; 5
-6.0, -3.0, -3.0; 13
-5.0, -3.0, -3.0; 90
-4.0, -3.0, -3.0; 5
-3.0, -3.0, -3.0; 1
2.0, -3.0, -3.0; 2
3.0, -3.0, -3.0; 6
4.0, -3.0, -3.0; 3
5.0, -3.0, -3.0; 36
6.0, -3.0, -3.0; 9
7.0, -3.0, -3.0; 2
8.0, -3.0, -3.0; 2
-10.0, -2.0, -3.0; 1
-9.0, -2.0, -3.0; 8
-8.0, -2.0, -3.0; 5
-7.0, -2.0, -3.0; 11
-6.0, -2.0, -3.0; 10
-5.0, -2.0, -3.0; 40
-4.0, -2.0, -3.0; 2
-3.0, -2.0, -3.0; 1
4.0, -2.0, -3.0; 2
5.0, -2.0, -3.0; 17
6.0, -2.0, -3.0; 2
7.0, -2.0, -3.0; 1
8.0, -2.0, -3.0; 1
-10.0, -1.0, -3.0; 5
-9.0, -1.0, -3.0; 5
-8.0, -1.0, -3.0; 7
-7.0, -1.0, -3.0; 4
-5.0, -1.0, -3.0; 3
4.0, -1.0, -3.0; 1
5.0, -1.0, -3.0; 7
6.0, -1.0, -3.0; 5
7.0, -1.0, -3.0; 2
8.0, -1.0, -3.0; 2
-10.0, 0.0, -3.0; 5
-9.0, 0.0, -3.0; 2
-8.0, 0.0, -3.0; 4
-7.0, 0.0, -3.0; 3
-6.0, 0.0, -3.0; 11
-5.0, 0.0, -3.0; 11
-4.0, 0.0, -3.0; 1
4.0, 0.0, -3.0; 1
5.0, 0.0, -3.0; 5
6.0, 0.0, -3.0; 2
7.0, 0.0, -3.0; 3
8.0, 0.0, -3.0; 2
-10.0, 1.0, -3.0; 1
-9.0, 1.0, -3.0; 4
-8.0, 1.0, -3.0; 9
-7.0, 1.0, -3.0; 7
-6.0, 1.0, -3.0; 79
-5.0, 1.0, -3.0; 25
4.0, 1.0, -3.0; 4
5.0, 1.0, -3.0; 7
6.0, 1.0, -3.0; 3
7.0, 1.0, -3.0; 2
8.0, 1.0, -3.0; 2
-10.0, 2.0, -3.0; 1
-9.0, 2.0, -3.0; 6
-8.0, 2.0, -3.0; 6
-7.0, 2.0, -3.0; 22
-6.0, 2.0, -3.0; 43
-5.0, 2.0, -3.0; 19
-3.0, 2.0, -3.0; 1
2.0, 2.0, -3.0; 1
3.0, 2.0, -3.0; 1
4.0, 2.0, -3.0; 9
5.0, 2.0, -3.0; 12
6.0, 2.0, -3.0; 1
7.0, 2.0, -3.0; 3
8.0, 2.0, -3.0; 1
-9.0, 3.0, -3.0; 2
-8.0, 3.0, -3.0; 7
-7.0, 3.0, -3.0; 2
-6.0, 3.0, -3.0; 17
-5.0, 3.0, -3.0; 4
-3.0, 3.0, -3.0; 2
-1.0, 3.0, -3.0; 1
0.0, 3.0, -3.0; 1
1.0, 3.0, -3.0; 1
2.0, 3.0, -3.0; 2
3.0, 3.0, -3.0; 16
4.0, 3.0, -3.0; 47
5.0, 3.0, -3.0; 21
6.0, 3.0, -3.0; 2
7.0, 3.0, -3.0; 2
8.0, 3.0, -3.0; 1
-9.0, 4.0, -3.0; 3
-8.0, 4.0, -3.0; 2
-7.0, 4.0, -3.0; 1
-5.0, 4.0, -3.0; 5
-2.0, 4.0, -3.0; 2
-1.0, 4.0, -3.0; 2
0.0, 4.0, -3.0; 25
1.0, 4.0, -3.0; 71
2.0, 4.0, -3.0; 21
3.0, 4.0, -3.0; 33
4.0, 4.0, -3.0; 58
5.0, 4.0, -3.0; 20
6.0, 4.0, -3.0; 5
7.0, 4.0, -3.0; 4
8.0, 4.0, -3.0; 4
-8.0, 5.0, -3.0; 7
-7.0, 5.0, -3.0; 7
-6.0, 5.0, -3.0; 3
-5.0, 5.0, -3.0; 1
-3.0, 5.0, -3.0; 1
-2.0, 5.0, -3.0; 73
-1.0, 5.0, -3.0; 390
0.0, 5.0, -3.0; 582
1.0, 5.0, -3.0; 287
2.0, 5.0, -3.0; 21
3.0, 5.0, -3.0; 34
4.0, 5.0, -3.0; 55
5.0, 5.0, -3.0; 14
6.0, 5.0, -3.0; 9
7.0, 5.0, -3.0; 4
8.0, 5.0, -3.0; 1
-8.0, 6.0, -3.0; 3
-7.0, 6.0, -3.0; 12
-6.0, 6.0, -3.0; 37
-5.0, 6.0, -3.0; 7
-4.0, 6.0, -3.0; 1
-3.0, 6.0, -3.0; 1
-2.0, 6.0, -3.0; 37
-1.0, 6.0, -3.0; 238
0.0, 6.0, -3.0; 204
1.0, 6.0, -3.0; 78
2.0, 6.0, -3.0; 21
3.0, 6.0, -3.0; 17
4.0, 6.0, -3.0; 18
5.0, 6.0, -3.0; 15
6.0, 6.0, -3.0; 1
7.0, 6.0, -3.0; 1
-7.0, 7.0, -3.0; 1
-6.0, 7.0, -3.0; 9
-5.0, 7.0, -3.0; 5
-4.0, 7.0, -3.0; 14
-3.0, 7.0, -3.0; 8
-2.0, 7.0, -3.0; 10
-1.0, 7.0, -3.0; 4
0.0, 7.0, -3.0; 7
1.0, 7.0, -3.0; 17
2.0, 7.0, -3.0; 20
3.0, 7.0, -3.0; 8
4.0, 7.0, -3.0; 11
5.0, 7.0, -3.0; 6
6.0, 7.0, -3.0; 1
-5.0, 8.0, -3.0; 3
-4.0, 8.0, -3.0; 9
-3.0, 8.0, -3.0; 22
-2.0, 8.0, -3.0; 20
-1.0, 8.0, -3.0; 14
0.0, 8.0, -3.0; 20
1.0, 8.0, -3.0; 19
2.0, 8.0, -3.0; 16
3.0, 8.0, -3.0; 4
4.0, 8.0, -3.0; 6
-3.0, 9.0, -3.0; 6
-2.0, 9.0, -3.0; 15
-1.0, 9.0, -3.0; 38
0.0, 9.0, -3.0; 29
1.0, 9.0, -3.0; 25
2.0, 9.0, -3.0; 4
3.0, 9.0, -3.0; 1
-4.0, -10.0, -2.0; 27
-3.0, -10.0, -2.0; 92
-2.0, -10.0, -2.0; 138
-1.0, -10.0, -2.0; 165
0.0, -10.0, -2.0; 150
1.0, -10.0, -2.0; 87
2.0, -10.0, -2.0; 29
-6.0, -9.0, -2.0; 4
-5.0, -9.0, -2.0; 14
-4.0, -9.0, -2.0; 14
-3.0, -9.0, -2.0; 16
-2.0, -9.0, -2.0; 18
-1.0, -9.0, -2.0; 19
0.0, -9.0, -2.0; 26
1.0, -9.0, -2.0; 37
2.0, -9.0, -2.0; 33
3.0, -9.0, -2.0; 13
4.0, -9.0, -2.0; 8
5.0, -9.0, -2.0; 1
-7.0, -8.0, -2.0; 8
-6.0, -8.0, -2.0; 11
-5.0, -8.0, -2.0; 2
-4.0, -8.0, -2.0; 3
-3.0, -8.0, -2.0; 4
-2.0, -8.0, -2.0; 7
-1.0, -8.0, -2.0; 15
0.0, -8.0, -2.0; 12
1.0, -8.0, -2.0; 15
2.0, -8.0, -2.0; 14
3.0, -8.0, -2.0; 23
4.0, -8.0, -2.0; 16
5.0, -8.0, -2.0; 8
6.0, -8.0, -2.0; 2
-8.0, -7.0, -2.0; 4
-7.0, -7.0, -2.0; 10
-6.0, -7.0, -2.0; 5
-5.0, -7.0, -2.0; 1
-4.0, -7.0, -2.0; 1
-3.0, -7.0, -2.0; 2
-2.0, -7.0, -2.0; 2
-1.0, -7.0, -2.0; 20
0.0, -7.0, -2.0; 142
1.0, -7.0, -2.0; 103
2.0, -7.0, -2.0; 18
3.0, -7.0, -2.0; 26
4.0, -7.0, -2.0; 13
5.0, -7.0, -2.0; 17
6.0, -7.0, -2.0; 6
7.0, -7.0, -2.0; 2
-9.0, -6.0, -2.0; 4
-8.0, -6.0, -2.0; 6
-7.0, -6.0, -2.0; 3
-5.0, -6.0, -2.0; 1
-1.0, -6.0, -2.0; 62
0.0, -6.0, -2.0; 215
1.0, -6.0, -2.0; 687
2.0, -6.0, -2.0; 65
3.0, -6.0, -2.0; 27
4.0, -6.0, -2.0; 31
5.0, -6.0, -2.0; 22
6.0, -6.0, -2.0; 7
7.0, -6.0, -2.0; 2
-9.0, -5.0, -2.0; 8
-8.0, -5.0, -2.0; 11
-7.0, -5.0, -2.0; 5
-6.0, -5.0, -2.0; 1
-5.0, -5.0, -2.0; 1
0.0, -5.0, -2.0; 10
1.0, -5.0, -2.0; 17
2.0, -5.0, -2.0; 92
3.0, -5.0, -2.0; 22
4.0, -5.0, -2.0; 17
5.0, -5.0, -2.0; 15
6.0, -5.0, -2.0; 8
7.0, -5.0, -2.0; 1
8.0, -5.0, -2.0; 2
-10.0, -4.0, -2.0; 4
-9.0, -4.0, -2.0; 18
-8.0, -4.0, -2.0; 17
-7.0, -4.0, -2.0; 6
-6.0, -4.0, -2.0; 7
-5.0, -4.0, -2.0; 4
2.0, -4.0, -2.0; 6
3.0, -4.0, -2.0; 12
4.0, -4.0, -2.0; 4
5.0, -4.0, -2.0; 10
6.0, -4.0, -2.0; 3
7.0, -4.0, -2.0; 1
-10.0, -3.0, -2.0; 6
-9.0, -3.0, -2.0; 22
-8.0, -3.0, -2.0; 4
-7.0, -3.0, -2.0; 6
-6.0, -3.0, -2.0; 29
-5.0, -3.0, -2.0; 21
3.0, -3.0, -2.0; 1
5.0, -3.0, -2.0; 10
6.0, -3.0, -2.0; 2
8.0, -3.0, -2.0; 1
-10.0, -2.0, -2.0; 5
-9.0, -2.0, -2.0; 10
-8.0, -2.0, -2.0; 10
-7.0, -2.0, -2.0; 6
-6.0, -2.0, -2.0; 7
-5.0, -2.0, -2.0; 10
5.0, -2.0, -2.0; 2
6.0, -2.0, -2.0; 3
7.0, -2.0, -2.0; 2
8.0, -2.0, -2.0; 1
-10.0, -1.0, -2.0; 5
-9.0, -1.0, -2.0; 2
-8.0, -1.0, -2.0; 8
-7.0, -1.0, -2.0; 2
-5.0, -1.0, -2.0; 3
5.0, -1.0, -2.0; 4
6.0, -1.0, -2.0; 2
7.0, -1.0, -2.0; 1
8.0, -1.0, -2.0; 1
-10.0, 0.0, -2.0; 7
-9.0, 0.0, -2.0; 2
-8.0, 0.0, -2.0; 3
-7.0, 0.0, -2.0; 2
-6.0, 0.0, -2.0; 19
-5.0, 0.0, -2.0; 6
4.0, 0.0, -2.0; 2
5.0, 0.0, -2.0; 3
6.0, 0.0, -2.0; 3
-10.0, 1.0, -2.0; 1
-9.0, 1.0, -2.0; 14
-8.0, 1.0, -2.0; 3
-7.0, 1.0, -2.0; 5
-6.0, 1.0, -2.0; 993
-5.0, 1.0, -2.0; 84
6.0, 1.0, -2.0; 7
7.0, 1.0, -2.0; 5
8.0, 1.0, -2.0; 2
-10.0, 2.0, -2.0; 2
-9.0, 2.0, -2.0; 5
-8.0, 2.0, -2.0; 4
-7.0, 2.0, -2.0; 11
-6.0, 2.0, -2.0; 79
-5.0, 2.0, -2.0; 35
-4.0, 2.0, -2.0; 1
4.0, 2.0, -2.0; 1
5.0, 2.0, -2.0; 4
6.0, 2.0, -2.0; 6
-9.0, 3.0, -2.0; 5
-8.0, 3.0, -2.0; 5
-7.0, 3.0, -2.0; 3
-6.0, 3.0, -2.0; 15
-5.0, 3.0, -2.0; 4
3.0, 3.0, -2.0; 3
4.0, 3.0, -2.0; 30
5.0, 3.0, -2.0; 10
6.0, 3.0, -2.0; 9
7.0, 3.0, -2.0; 2
8.0, 3.0, -2.0; 2
-9.0, 4.0, -2.0; 2
-8.0, 4.0, -2.0; 4
-7.0, 4.0, -2.0; 4
-6.0, 4.0, -2.0; 4
-5.0, 4.0, -2.0; 11
-2.0, 4.0, -2.0; 1
1.0, 4.0, -2.0; 7
2.0, 4.0, -2.0; 17
3.0, 4.0, -2.0; 20
4.0, 4.0, -2.0; 78
5.0, 4.0, -2.0; 31
6.0, 4.0, -2.0; 10
7.0, 4.0, -2.0; 4
8.0, 4.0, -2.0; 3
-9.0, 5.0, -2.0; 1
-8.0, 5.0, -2.0; 10
-7.0, 5.0, -2.0; 9
-6.0, 5.0, -2.0; 4
-5.0, 5.0, -2.0; 1
-3.0, 5.0, -2.0; 1
-2.0, 5.0, -2.0; 2
-1.0, 5.0, -2.0; 47
0.0, 5.0, -2.0; 305
1.0, 5.0, -2.0; 308
2.0, 5.0, -2.0; 41
3.0, 5.0, -2.0; 48
4.0, 5.0, -2.0; 62
5.0, 5.0, -2.0; 21
6.0, 5.0, -2.0; 7
7.0, 5.0, -2.0; 4
8.0, 5.0, -2.0; 1
-8.0, 6.0, -2.0; 12
-7.0, 6.0, -2.0; 30
-6.0, 6.0, -2.0; 57
-5.0, 6.0, -2.0; 19
-4.0, 6.0, -2.0; 2
-3.0, 6.0, -2.0; 8
-2.0, 6.0, -2.0; 65
-1.0, 6.0, -2.0; 526
0.0, 6.0, -2.0; 1011
1.0, 6.0, -2.0; 268
2.0, 6.0, -2.0; 31
3.0, 6.0, -2.0; 40
4.0, 6.0, -2.0; 32
5.0, 6.0, -2.0; 12
6.0, 6.0, -2.0; 5
7.0, 6.0, -2.0; 2
-7.0, 7.0, -2.0; 1
-6.0, 7.0, -2.0; 24
-5.0, 7.0, -2.0; 49
-4.0, 7.0, -2.0; 29
-3.0, 7.0, -2.0; 5
-2.0, 7.0, -2.0; 2
-1.0, 7.0, -2.0; 5
0.0, 7.0, -2.0; 13
1.0, 7.0, -2.0; 11
2.0, 7.0, -2.0; 12
3.0, 7.0, -2.0; 13
4.0, 7.0, -2.0; 10
5.0, 7.0, -2.0; 5
6.0, 7.0, -2.0; 5
-6.0, 8.0, -2.0; 1
-5.0, 8.0, -2.0; 5
-4.0, 8.0, -2.0; 12
-3.0, 8.0, -2.0; 23
-2.0, 8.0, -2.0; 26
-1.0, 8.0, -2.0; 19
0.0, 8.0, -2.0; 23
1.0, 8.0, -2.0; 37
2.0, 8.0, -2.0; 17
3.0, 8.0, -2.0; 4
4.0, 8.0, -2.0; 7
5.0, 8.0, -2.0; 1
-4.0, 9.0, -2.0; 2
-3.0, 9.0, -2.0; 14
-2.0, 9.0, -2.0; 22
-1.0, 9.0, -2.0; 82
0.0, 9.0, -2.0; 83
1.0, 9.0, -2.0; 39
2.0, 9.0, -2.0; 27
3.0, 9.0, -2.0; 1
-5.0, -10.0, -1.0; 7
-4.0, -10.0, -1.0; 51
-3.0, -10.0, -1.0; 136
-2.0, -10.0, -1.0; 172
-1.0, -10.0, -1.0; 188
0.0, -10.0, -1.0; 129
1.0, -10.0, -1.0; 93
2.0, -10.0, -1.0; 22
3.0, -10.0, -1.0; 3
-6.0, -9.0, -1.0; 20
-5.0, -9.0, -1.0; 54
-4.0, -9.0, -1.0; 24
-3.0, -9.0, -1.0; 11
-2.0, -9.0, -1.0; 7
-1.0, -9.0, -1.0; 15
0.0, -9.0, -1.0; 17
1.0, -9.0, -1.0; 35
2.0, -9.0, -1.0; 33
3.0, -9.0, -1.0; 20
4.0, -9.0, -1.0; 9
5.0, -9.0, -1.0; 7
-7.0, -8.0, -1.0; 15
-6.0, -8.0, -1.0; 21
-5.0, -8.0, -1.0; 10
-4.0, -8.0, -1.0; 2
-3.0, -8.0, -1.0; 3
-2.0, -8.0, -1.0; 11
-1.0, -8.0, -1.0; 35
0.0, -8.0, -1.0; 26
1.0, -8.0, -1.0; 9
2.0, -8.0, -1.0; 22
3.0, -8.0, -1.0; 21
4.0, -8.0, -1.0; 12
5.0, -8.0, -1.0; 15
6.0, -8.0, -1.0; 8
-8.0, -7.0, -1.0; 14
-7.0, -7.0, -1.0; 15
-6.0, -7.0, -1.0; 3
-5.0, -7.0, -1.0; 2
-4.0, -7.0, -1.0; 1
-3.0, -7.0, -1.0; 2
-2.0, -7.0, -1.0; 65
-1.0, -7.0, -1.0; 387
0.0, -7.0, -1.0; 749
1.0, -7.0, -1.0; 139
2.0, -7.0, -1.0; 23
3.0, -7.0, -1.0; 34
4.0, -7.0, -1.0; 29
5.0, -7.0, -1.0; 20
6.0, -7.0, -1.0; 7
7.0, -7.0, -1.0; 3
-9.0, -6.0, -1.0; 4
-8.0, -6.0, -1.0; 13
-7.0, -6.0, -1.0; 8
-5.0, -6.0, -1.0; 1
-3.0, -6.0, -1.0; 1
-2.0, -6.0, -1.0; 9
-1.0, -6.0, -1.0; 50
0.0, -6.0, -1.0; 87
1.0, -6.0, -1.0; 109
2.0, -6.0, -1.0; 29
3.0, -6.0, -1.0; 24
4.0, -6.0, -1.0; 35
5.0, -6.0, -1.0; 22
6.0, -6.0, -1.0; 10
7.0, -6.0, -1.0; 5
8.0, -6.0, -1.0; 1
-10.0, -5.0, -1.0; 1
-9.0, -5.0, -1.0; 6
-8.0, -5.0, -1.0; 13
-7.0, -5.0, -1.0; 7
-6.0, -5.0, -1.0; 5
-1.0, -5.0, -1.0; 3
0.0, -5.0, -1.0; 4
1.0, -5.0, -1.0; 2
2.0, -5.0, -1.0; 24
3.0, -5.0, -1.0; 11
4.0, -5.0, -1.0; 11
5.0, -5.0, -1.0; 9
6.0, -5.0, -1.0; 1
8.0, -5.0, -1.0; 1
-10.0, -4.0, -1.0; 1
-9.0, -4.0, -1.0; 21
-8.0, -4.0, -1.0; 22
-7.0, -4.0, -1.0; 10
-6.0, -4.0, -1.0; 5
-5.0, -4.0, -1.0; 1
2.0, -4.0, -1.0; 2
3.0, -4.0, -1.0; 7
4.0, -4.0, -1.0; 3
5.0, -4.0, -1.0; 6
6.0, -4.0, -1.0; 7
7.0, -4.0, -1.0; 2
-10.0, -3.0, -1.0; 8
-9.0, -3.0, -1.0; 15
-8.0, -3.0, -1.0; 8
-7.0, -3.0, -1.0; 9
-6.0, -3.0, -1.0; 5
-5.0, -3.0, -1.0; 2
5.0, -3.0, -1.0; 4
6.0, -3.0, -1.0; 4
7.0, -3.0, -1.0; 1
-10.0, -2.0, -1.0; 8
-9.0, -2.0, -1.0; 16
-8.0, -2.0, -1.0; 7
-7.0, -2.0, -1.0; 4
-6.0, -2.0, -1.0; 7
-5.0, -2.0, -1.0; 2
4.0, -2.0, -1.0; 1
6.0, -2.0, -1.0; 2
7.0, -2.0, -1.0; 2
8.0, -2.0, -1.0; 2
-10.0, -1.0, -1.0; 5
-9.0, -1.0, -1.0; 9
-8.0, -1.0, -1.0; 8
-7.0, -1.0, -1.0; 3
-6.0, -1.0, -1.0; 3
-5.0, -1.0, -1.0; 1
6.0, -1.0, -1.0; 4
7.0, -1.0, -1.0; 1
-10.0, 0.0, -1.0; 8
-9.0, 0.0, -1.0; 3
-8.0, 0.0, -1.0; 5
-7.0, 0.0, -1.0; 6
-6.0, 0.0, -1.0; 17
-5.0, 0.0, -1.0; 2
4.0, 0.0, -1.0; 1
6.0, 0.0, -1.0; 2
7.0, 0.0, -1.0; 1
9.0, 0.0, -1.0; 1
-10.0, 1.0, -1.0; 3
-9.0, 1.0, -1.0; 7
-8.0, 1.0, -1.0; 4
-7.0, 1.0, -1.0; 2
-6.0, 1.0, -1.0; 2944
-5.0, 1.0, -1.0; 289
4.0, 1.0, -1.0; 1
6.0, 1.0, -1.0; 5
7.0, 1.0, -1.0; 1
-10.0, 2.0, -1.0; 1
-9.0, 2.0, -1.0; 7
-8.0, 2.0, -1.0; 5
-7.0, 2.0, -1.0; 5
-6.0, 2.0, -1.0; 170
-5.0, 2.0, -1.0; 145
3.0, 2.0, -1.0; 2
4.0, 2.0, -1.0; 5
5.0, 2.0, -1.0; 5
6.0, 2.0, -1.0; 3
8.0, 2.0, -1.0; 1
-9.0, 3.0, -1.0; 3
-8.0, 3.0, -1.0; 3
-7.0, 3.0, -1.0; 3
-6.0, 3.0, -1.0; 20
-5.0, 3.0, -1.0; 8
3.0, 3.0, -1.0; 7
4.0, 3.0, -1.0; 11
5.0, 3.0, -1.0; 12
6.0, 3.0, -1.0; 6
8.0, 3.0, -1.0; 1
-9.0, 4.0, -1.0; 4
-8.0, 4.0, -1.0; 8
-7.0, 4.0, -1.0; 4
-6.0, 4.0, -1.0; 12
-5.0, 4.0, -1.0; 10
-1.0, 4.0, -1.0; 1
1.0, 4.0, -1.0; 2
2.0, 4.0, -1.0; 4
3.0, 4.0, -1.0; 12
4.0, 4.0, -1.0; 43
5.0, 4.0, -1.0; 23
6.0, 4.0, -1.0; 4
7.0, 4.0, -1.0; 5
-9.0, 5.0, -1.0; 1
-8.0, 5.0, -1.0; 11
-7.0, 5.0, -1.0; 21
-6.0, 5.0, -1.0; 3
-5.0, 5.0, -1.0; 5
-4.0, 5.0, -1.0; 6
-3.0, 5.0, -1.0; 5
-2.0, 5.0, -1.0; 1
-1.0, 5.0, -1.0; 12
0.0, 5.0, -1.0; 66
1.0, 5.0, -1.0; 162
2.0, 5.0, -1.0; 23
3.0, 5.0, -1.0; 53
4.0, 5.0, -1.0; 75
5.0, 5.0, -1.0; 23
6.0, 5.0, -1.0; 5
7.0, 5.0, -1.0; 2
8.0, 5.0, -1.0; 1
-8.0, 6.0, -1.0; 11
-7.0, 6.0, -1.0; 205
-6.0, 6.0, -1.0; 1011
-5.0, 6.0, -1.0; 99
-4.0, 6.0, -1.0; 15
-3.0, 6.0, -1.0; 16
-2.0, 6.0, -1.0; 121
-1.0, 6.0, -1.0; 880
0.0, 6.0, -1.0; 1508
1.0, 6.0, -1.0; 349
2.0, 6.0, -1.0; 17
3.0, 6.0, -1.0; 52
4.0, 6.0, -1.0; 30
5.0, 6.0, -1.0; 9
6.0, 6.0, -1.0; 3
7.0, 6.0, -1.0; 1
-7.0, 7.0, -1.0; 2
-6.0, 7.0, -1.0; 94
-5.0, 7.0, -1.0; 241
-4.0, 7.0, -1.0; 63
-3.0, 7.0, -1.0; 10
-2.0, 7.0, -1.0; 29
-1.0, 7.0, -1.0; 76
0.0, 7.0, -1.0; 57
1.0, 7.0, -1.0; 10
2.0, 7.0, -1.0; 21
3.0, 7.0, -1.0; 14
4.0, 7.0, -1.0; 11
5.0, 7.0, -1.0; 4
6.0, 7.0, -1.0; 1
-6.0, 8.0, -1.0; 2
-5.0, 8.0, -1.0; 7
-4.0, 8.0, -1.0; 21
-3.0, 8.0, -1.0; 21
-2.0, 8.0, -1.0; 20
-1.0, 8.0, -1.0; 18
0.0, 8.0, -1.0; 28
1.0, 8.0, -1.0; 28
2.0, 8.0, -1.0; 31
3.0, 8.0, -1.0; 13
4.0, 8.0, -1.0; 2
5.0, 8.0, -1.0; 2
-4.0, 9.0, -1.0; 8
-3.0, 9.0, -1.0; 28
-2.0, 9.0, -1.0; 78
-1.0, 9.0, -1.0; 145
0.0, 9.0, -1.0; 132
1.0, 9.0, -1.0; 46
2.0, 9.0, -1.0; 28
3.0, 9.0, -1.0; 4
-5.0, -10.0, 0.0; 2
-4.0, -10.0, 0.0; 24
-3.0, -10.0, 0.0; 60
-2.0, -10.0, 0.0; 76
-1.0, -10.0, 0.0; 94
0.0, -10.0, 0.0; 74
1.0, -10.0, 0.0; 29
2.0, -10.0, 0.0; 9
3.0, -10.0, 0.0; 3
-6.0, -9.0, 0.0; 13
-5.0, -9.0, 0.0; 43
-4.0, -9.0, 0.0; 19
-3.0, -9.0, 0.0; 10
-2.0, -9.0, 0.0; 9
-1.0, -9.0, 0.0; 14
0.0, -9.0, 0.0; 15
1.0, -9.0, 0.0; 28
2.0, -9.0, 0.0; 19
3.0, -9.0, 0.0; 15
4.0, -9.0, 0.0; 4
5.0, -9.0, 0.0; 1
-7.0, -8.0, 0.0; 11
-6.0, -8.0, 0.0; 29
-5.0, -8.0, 0.0; 6
-4.0, -8.0, 0.0; 2
-3.0, -8.0, 0.0; 3
-2.0, -8.0, 0.0; 48
-1.0, -8.0, 0.0; 31
0.0, -8.0, 0.0; 22
1.0, -8.0, 0.0; 29
2.0, -8.0, 0.0; 44
3.0, -8.0, 0.0; 17
4.0, -8.0, 0.0; 19
5.0, -8.0, 0.0; 18
6.0, -8.0, 0.0; 9
-8.0, -7.0, 0.0; 6
-7.0, -7.0, 0.0; 10
-6.0, -7.0, 0.0; 4
-5.0, -7.0, 0.0; 5
-4.0, -7.0, 0.0; 31
-3.0, -7.0, 0.0; 175
-2.0, -7.0, 0.0; 591
-1.0, -7.0, 0.0; 1535
0.0, -7.0, 0.0; 1213
1.0, -7.0, 0.0; 130
2.0, -7.0, 0.0; 100
3.0, -7.0, 0.0; 55
4.0, -7.0, 0.0; 30
5.0, -7.0, 0.0; 14
6.0, -7.0, 0.0; 14
7.0, -7.0, 0.0; 3
-9.0, -6.0, 0.0; 3
-8.0, -6.0, 0.0; 17
-7.0, -6.0, 0.0; 8
-6.0, -6.0, 0.0; 8
-5.0, -6.0, 0.0; 41
-4.0, -6.0, 0.0; 9
-3.0, -6.0, 0.0; 3
-2.0, -6.0, 0.0; 9
-1.0, -6.0, 0.0; 65
0.0, -6.0, 0.0; 188
1.0, -6.0, 0.0; 122
2.0, -6.0, 0.0; 31
3.0, -6.0, 0.0; 61
4.0, -6.0, 0.0; 35
5.0, -6.0, 0.0; 11
6.0, -6.0, 0.0; 5
7.0, -6.0, 0.0; 2
8.0, -6.0, 0.0; 2
-9.0, -5.0, 0.0; 8
-8.0, -5.0, 0.0; 16
-7.0, -5.0, 0.0; 9
-6.0, -5.0, 0.0; 64
-5.0, -5.0, 0.0; 2
-3.0, -5.0, 0.0; 2
-2.0, -5.0, 0.0; 2
-1.0, -5.0, 0.0; 2
1.0, -5.0, 0.0; 3
2.0, -5.0, 0.0; 5
3.0, -5.0, 0.0; 9
4.0, -5.0, 0.0; 8
5.0, -5.0, 0.0; 9
6.0, -5.0, 0.0; 13
7.0, -5.0, 0.0; 1
8.0, -5.0, 0.0; 1
-10.0, -4.0, 0.0; 3
-9.0, -4.0, 0.0; 21
-8.0, -4.0, 0.0; 20
-7.0, -4.0, 0.0; 15
-6.0, -4.0, 0.0; 50
-5.0, -4.0, 0.0; 4
-4.0, -4.0, 0.0; 1
2.0, -4.0, 0.0; 2
3.0, -4.0, 0.0; 3
5.0, -4.0, 0.0; 2
6.0, -4.0, 0.0; 7
7.0, -4.0, 0.0; 2
8.0, -4.0, 0.0; 1
9.0, -4.0, 0.0; 2
-10.0, -3.0, 0.0; 5
-9.0, -3.0, 0.0; 17
-8.0, -3.0, 0.0; 21
-7.0, -3.0, 0.0; 3
-6.0, -3.0, 0.0; 6
-5.0, -3.0, 0.0; 1
3.0, -3.0, 0.0; 1
5.0, -3.0, 0.0; 1
6.0, -3.0, 0.0; 2
7.0, -3.0, 0.0; 2
-10.0, -2.0, 0.0; 7
-9.0, -2.0, 0.0; 7
-8.0, -2.0, 0.0; 7
-7.0, -2.0, 0.0; 7
-6.0, -2.0, 0.0; 3
6.0, -2.0, 0.0; 1
8.0, -2.0, 0.0; 1
-10.0, -1.0, 0.0; 4
-9.0, -1.0, 0.0; 4
-8.0, -1.0, 0.0; 7
-7.0, -1.0, 0.0; 12
-6.0, -1.0, 0.0; 5
-5.0, -1.0, 0.0; 4
5.0, -1.0, 0.0; 1
8.0, -1.0, 0.0; 1
-10.0, 0.0, 0.0; 5
-9.0, 0.0, 0.0; 4
-8.0, 0.0, 0.0; 2
-7.0, 0.0, 0.0; 3
-6.0, 0.0, 0.0; 12
-5.0, 0.0, 0.0; 1
5.0
27.6709504685
