6.0, 0.0, 0.0; 1
7.0, 0.0, 0.0; 2
-10.0, 1.0, 0.0; 2
-9.0, 1.0, 0.0; 2
-8.0, 1.0, 0.0; 3
-7.0, 1.0, 0.0; 2
-6.0, 1.0, 0.0; 72
-5.0, 1.0, 0.0; 36
5.0, 1.0, 0.0; 2
-10.0, 2.0, 0.0; 3
-9.0, 2.0, 0.0; 5
-8.0, 2.0, 0.0; 2
-7.0, 2.0, 0.0; 1
-6.0, 2.0, 0.0; 34
-5.0, 2.0, 0.0; 103
4.0, 2.0, 0.0; 3
5.0, 2.0, 0.0; 2
6.0, 2.0, 0.0; 4
7.0, 2.0, 0.0; 1
9.0, 2.0, 0.0; 1
-9.0, 3.0, 0.0; 4
-8.0, 3.0, 0.0; 6
-7.0, 3.0, 0.0; 4
-6.0, 3.0, 0.0; 10
-5.0, 3.0, 0.0; 22
-4.0, 3.0, 0.0; 3
3.0, 3.0, 0.0; 3
4.0, 3.0, 0.0; 3
5.0, 3.0, 0.0; 2
7.0, 3.0, 0.0; 3
8.0, 3.0, 0.0; 1
-9.0, 4.0, 0.0; 7
-8.0, 4.0, 0.0; 9
-7.0, 4.0, 0.0; 6
-6.0, 4.0, 0.0; 10
-5.0, 4.0, 0.0; 8
-4.0, 4.0, 0.0; 3
-2.0, 4.0, 0.0; 1
1.0, 4.0, 0.0; 3
2.0, 4.0, 0.0; 2
3.0, 4.0, 0.0; 7
4.0, 4.0, 0.0; 24
5.0, 4.0, 0.0; 20
6.0, 4.0, 0.0; 7
-8.0, 5.0, 0.0; 10
-7.0, 5.0, 0.0; 12
-6.0, 5.0, 0.0; 4
-5.0, 5.0, 0.0; 10
-4.0, 5.0, 0.0; 14
-3.0, 5.0, 0.0; 32
-2.0, 5.0, 0.0; 34
-1.0, 5.0, 0.0; 12
0.0, 5.0, 0.0; 67
1.0, 5.0, 0.0; 59
2.0, 5.0, 0.0; 6
3.0, 5.0, 0.0; 29
4.0, 5.0, 0.0; 86
5.0, 5.0, 0.0; 58
6.0, 5.0, 0.0; 4
7.0, 5.0, 0.0; 2
8.0, 5.0, 0.0; 1
-8.0, 6.0, 0.0; 5
-7.0, 6.0, 0.0; 137
-6.0, 6.0, 0.0; 592
-5.0, 6.0, 0.0; 49
-4.0, 6.0, 0.0; 24
-3.0, 6.0, 0.0; 77
-2.0, 6.0, 0.0; 203
-1.0, 6.0, 0.0; 504
0.0, 6.0, 0.0; 610
1.0, 6.0, 0.0; 83
2.0, 6.0, 0.0; 15
3.0, 6.0, 0.0; 47
4.0, 6.0, 0.0; 96
5.0, 6.0, 0.0; 7
6.0, 6.0, 0.0; 5
7.0, 6.0, 0.0; 5
-7.0, 7.0, 0.0; 4
-6.0, 7.0, 0.0; 86
-5.0, 7.0, 0.0; 102
-4.0, 7.0, 0.0; 15
-3.0, 7.0, 0.0; 6
-2.0, 7.0, 0.0; 59
-1.0, 7.0, 0.0; 192
0.0, 7.0, 0.0; 39
1.0, 7.0, 0.0; 15
2.0, 7.0, 0.0; 20
3.0, 7.0, 0.0; 20
4.0, 7.0, 0.0; 9
5.0, 7.0, 0.0; 2
6.0, 7.0, 0.0; 1
-6.0, 8.0, 0.0; 5
-5.0, 8.0, 0.0; 6
-4.0, 8.0, 0.0; 15
-3.0, 8.0, 0.0; 12
-2.0, 8.0, 0.0; 24
-1.0, 8.0, 0.0; 15
0.0, 8.0, 0.0; 25
1.0, 8.0, 0.0; 21
2.0, 8.0, 0.0; 20
3.0, 8.0, 0.0; 9
4.0, 8.0, 0.0; 3
5.0, 8.0, 0.0; 2
-5.0, 9.0, 0.0; 1
-4.0, 9.0, 0.0; 12
-3.0, 9.0, 0.0; 75
-2.0, 9.0, 0.0; 214
-1.0, 9.0, 0.0; 282
0.0, 9.0, 0.0; 178
1.0, 9.0, 0.0; 63
2.0, 9.0, 0.0; 16
3.0, 9.0, 0.0; 2
-4.0, -10.0, 1.0; 15
-3.0, -10.0, 1.0; 34
-2.0, -10.0, 1.0; 48
-1.0, -10.0, 1.0; 52
0.0, -10.0, 1.0; 17
1.0, -10.0, 1.0; 11
2.0, -10.0, 1.0; 3
3.0, -10.0, 1.0; 1
-6.0, -9.0, 1.0; 4
-5.0, -9.0, 1.0; 12
-4.0, -9.0, 1.0; 22
-3.0, -9.0, 1.0; 17
-2.0, -9.0, 1.0; 24
-1.0, -9.0, 1.0; 16
0.0, -9.0, 1.0; 10
1.0, -9.0, 1.0; 12
2.0, -9.0, 1.0; 8
3.0, -9.0, 1.0; 3
4.0, -9.0, 1.0; 3
5.0, -9.0, 1.0; 2
-7.0, -8.0, 1.0; 7
-6.0, -8.0, 1.0; 12
-5.0, -8.0, 1.0; 8
-4.0, -8.0, 1.0; 2
-2.0, -8.0, 1.0; 4
-1.0, -8.0, 1.0; 4
0.0, -8.0, 1.0; 15
1.0, -8.0, 1.0; 92
2.0, -8.0, 1.0; 70
3.0, -8.0, 1.0; 9
4.0, -8.0, 1.0; 3
5.0, -8.0, 1.0; 10
6.0, -8.0, 1.0; 3
-8.0, -7.0, 1.0; 4
-7.0, -7.0, 1.0; 10
-6.0, -7.0, 1.0; 9
-5.0, -7.0, 1.0; 2
-4.0, -7.0, 1.0; 87
-3.0, -7.0, 1.0; 326
-2.0, -7.0, 1.0; 681
-1.0, -7.0, 1.0; 809
0.0, -7.0, 1.0; 211
1.0, -7.0, 1.0; 63
2.0, -7.0, 1.0; 113
3.0, -7.0, 1.0; 38
4.0, -7.0, 1.0; 12
5.0, -7.0, 1.0; 9
6.0, -7.0, 1.0; 4
-8.0, -6.0, 1.0; 4
-7.0, -6.0, 1.0; 11
-6.0, -6.0, 1.0; 2
-5.0, -6.0, 1.0; 126
-4.0, -6.0, 1.0; 145
-3.0, -6.0, 1.0; 116
-2.0, -6.0, 1.0; 164
-1.0, -6.0, 1.0; 209
0.0, -6.0, 1.0; 118
1.0, -6.0, 1.0; 13
2.0, -6.0, 1.0; 22
3.0, -6.0, 1.0; 32
4.0, -6.0, 1.0; 11
5.0, -6.0, 1.0; 8
6.0, -6.0, 1.0; 6
7.0, -6.0, 1.0; 1
8.0, -6.0, 1.0; 1
-9.0, -5.0, 1.0; 5
-8.0, -5.0, 1.0; 11
-7.0, -5.0, 1.0; 6
-6.0, -5.0, 1.0; 77
-5.0, -5.0, 1.0; 120
-4.0, -5.0, 1.0; 8
-3.0, -5.0, 1.0; 2
-2.0, -5.0, 1.0; 2
2.0, -5.0, 1.0; 2
3.0, -5.0, 1.0; 4
4.0, -5.0, 1.0; 2
5.0, -5.0, 1.0; 4
6.0, -5.0, 1.0; 4
-10.0, -4.0, 1.0; 1
-9.0, -4.0, 1.0; 20
-8.0, -4.0, 1.0; 8
-7.0, -4.0, 1.0; 4
-6.0, -4.0, 1.0; 57
-5.0, -4.0, 1.0; 11
-4.0, -4.0, 1.0; 3
-1.0, -4.0, 1.0; 1
1.0, -4.0, 1.0; 2
2.0, -4.0, 1.0; 1
6.0, -4.0, 1.0; 2
7.0, -4.0, 1.0; 2
8.0, -4.0, 1.0; 3
-10.0, -3.0, 1.0; 3
-9.0, -3.0, 1.0; 7
-8.0, -3.0, 1.0; 12
-7.0, -3.0, 1.0; 3
-6.0, -3.0, 1.0; 2
5.0, -3.0, 1.0; 1
6.0, -3.0, 1.0; 1
7.0, -3.0, 1.0; 1
-10.0, -2.0, 1.0; 2
-9.0, -2.0, 1.0; 4
-8.0, -2.0, 1.0; 8
-7.0, -2.0, 1.0; 2
-5.0, -2.0, 1.0; 1
8.0, -2.0, 1.0; 1
-10.0, -1.0, 1.0; 2
-9.0, -1.0, 1.0; 4
-8.0, -1.0, 1.0; 2
-7.0, -1.0, 1.0; 2
-6.0, -1.0, 1.0; 8
4.0, -1.0, 1.0; 1
6.0, -1.0, 1.0; 2
8.0, -1.0, 1.0; 1
9.0, -1.0, 1.0; 1
-10.0, 0.0, 1.0; 3
-9.0, 0.0, 1.0; 4
-8.0, 0.0, 1.0; 4
-7.0, 0.0, 1.0; 7
-6.0, 0.0, 1.0; 25
-5.0, 0.0, 1.0; 1
7.0, 0.0, 1.0; 1
8.0, 0.0, 1.0; 1
-10.0, 1.0, 1.0; 5
-9.0, 1.0, 1.0; 1
-8.0, 1.0, 1.0; 2
-7.0, 1.0, 1.0; 2
-6.0, 1.0, 1.0; 13
-5.0, 1.0, 1.0; 11
7.0, 1.0, 1.0; 3
-10.0, 2.0, 1.0; 1
-9.0, 2.0, 1.0; 6
-8.0, 2.0, 1.0; 9
-7.0, 2.0, 1.0; 2
-6.0, 2.0, 1.0; 6
-5.0, 2.0, 1.0; 52
-4.0, 2.0, 1.0; 1
4.0, 2.0, 1.0; 2
5.0, 2.0, 1.0; 2
6.0, 2.0, 1.0; 1
7.0, 2.0, 1.0; 2
-9.0, 3.0, 1.0; 1
-8.0, 3.0, 1.0; 4
-7.0, 3.0, 1.0; 4
-6.0, 3.0, 1.0; 2
-5.0, 3.0, 1.0; 27
-4.0, 3.0, 1.0; 10
2.0, 3.0, 1.0; 1
3.0, 3.0, 1.0; 2
4.0, 3.0, 1.0; 9
5.0, 3.0, 1.0; 2
6.0, 3.0, 1.0; 2
7.0, 3.0, 1.0; 2
-9.0, 4.0, 1.0; 5
-8.0, 4.0, 1.0; 9
-7.0, 4.0, 1.0; 5
-6.0, 4.0, 1.0; 8
-5.0, 4.0, 1.0; 7
-4.0, 4.0, 1.0; 7
-3.0, 4.0, 1.0; 4
-1.0, 4.0, 1.0; 1
0.0, 4.0, 1.0; 5
1.0, 4.0, 1.0; 2
2.0, 4.0, 1.0; 3
3.0, 4.0, 1.0; 10
4.0, 4.0, 1.0; 18
5.0, 4.0, 1.0; 22
6.0, 4.0, 1.0; 5
7.0, 4.0, 1.0; 1
-8.0, 5.0, 1.0; 9
-7.0, 5.0, 1.0; 11
-6.0, 5.0, 1.0; 6
-5.0, 5.0, 1.0; 21
-4.0, 5.0, 1.0; 59
-3.0, 5.0, 1.0; 1283
-2.0, 5.0, 1.0; 1145
-1.0, 5.0, 1.0; 47
0.0, 5.0, 1.0; 56
1.0, 5.0, 1.0; 52
2.0, 5.0, 1.0; 15
3.0, 5.0, 1.0; 43
4.0, 5.0, 1.0; 196
5.0, 5.0, 1.0; 53
6.0, 5.0, 1.0; 8
7.0, 5.0, 1.0; 7
-8.0, 6.0, 1.0; 4
-7.0, 6.0, 1.0; 25
-6.0, 6.0, 1.0; 60
-5.0, 6.0, 1.0; 12
-4.0, 6.0, 1.0; 35
-3.0, 6.0, 1.0; 124
-2.0, 6.0, 1.0; 160
-1.0, 6.0, 1.0; 98
0.0, 6.0, 1.0; 49
1.0, 6.0, 1.0; 17
2.0, 6.0, 1.0; 28
3.0, 6.0, 1.0; 73
4.0, 6.0, 1.0; 96
5.0, 6.0, 1.0; 5
6.0, 6.0, 1.0; 2
7.0, 6.0, 1.0; 3
-7.0, 7.0, 1.0; 5
-6.0, 7.0, 1.0; 19
-5.0, 7.0, 1.0; 30
-4.0, 7.0, 1.0; 10
-3.0, 7.0, 1.0; 2
-2.0, 7.0, 1.0; 16
-1.0, 7.0, 1.0; 25
0.0, 7.0, 1.0; 5
1.0, 7.0, 1.0; 12
2.0, 7.0, 1.0; 14
3.0, 7.0, 1.0; 20
4.0, 7.0, 1.0; 10
5.0, 7.0, 1.0; 2
-6.0, 8.0, 1.0; 2
-5.0, 8.0, 1.0; 17
-4.0, 8.0, 1.0; 26
-3.0, 8.0, 1.0; 16
-2.0, 8.0, 1.0; 30
-1.0, 8.0, 1.0; 18
0.0, 8.0, 1.0; 18
1.0, 8.0, 1.0; 16
2.0, 8.0, 1.0; 17
3.0, 8.0, 1.0; 2
4.0, 8.0, 1.0; 3
5.0, 8.0, 1.0; 2
-4.0, 9.0, 1.0; 26
-3.0, 9.0, 1.0; 102
-2.0, 9.0, 1.0; 158
-1.0, 9.0, 1.0; 192
0.0, 9.0, 1.0; 101
1.0, 9.0, 1.0; 32
2.0, 9.0, 1.0; 7
-4.0, -10.0, 2.0; 1
-3.0, -10.0, 2.0; 20
-2.0, -10.0, 2.0; 21
-1.0, -10.0, 2.0; 17
0.0, -10.0, 2.0; 8
1.0, -10.0, 2.0; 2
3.0, -10.0, 2.0; 1
-6.0, -9.0, 2.0; 2
-5.0, -9.0, 2.0; 5
-4.0, -9.0, 2.0; 25
-3.0, -9.0, 2.0; 24
-2.0, -9.0, 2.0; 30
-1.0, -9.0, 2.0; 18
0.0, -9.0, 2.0; 13
1.0, -9.0, 2.0; 7
2.0, -9.0, 2.0; 7
3.0, -9.0, 2.0; 3
4.0, -9.0, 2.0; 5
5.0, -9.0, 2.0; 1
-7.0, -8.0, 2.0; 5
-6.0, -8.0, 2.0; 13
-5.0, -8.0, 2.0; 17
-4.0, -8.0, 2.0; 13
-3.0, -8.0, 2.0; 6
-2.0, -8.0, 2.0; 6
-1.0, -8.0, 2.0; 3
0.0, -8.0, 2.0; 39
1.0, -8.0, 2.0; 91
2.0, -8.0, 2.0; 31
3.0, -8.0, 2.0; 3
4.0, -8.0, 2.0; 7
5.0, -8.0, 2.0; 9
6.0, -8.0, 2.0; 1
-8.0, -7.0, 2.0; 1
-7.0, -7.0, 2.0; 10
-6.0, -7.0, 2.0; 12
-5.0, -7.0, 2.0; 3
-4.0, -7.0, 2.0; 4
-3.0, -7.0, 2.0; 12
-2.0, -7.0, 2.0; 22
-1.0, -7.0, 2.0; 18
0.0, -7.0, 2.0; 33
1.0, -7.0, 2.0; 137
2.0, -7.0, 2.0; 95
3.0, -7.0, 2.0; 17
4.0, -7.0, 2.0; 8
5.0, -7.0, 2.0; 6
6.0, -7.0, 2.0; 3
-8.0, -6.0, 2.0; 5
-7.0, -6.0, 2.0; 15
-6.0, -6.0, 2.0; 2
-5.0, -6.0, 2.0; 2
-4.0, -6.0, 2.0; 68
-3.0, -6.0, 2.0; 130
-2.0, -6.0, 2.0; 97
-1.0, -6.0, 2.0; 39
0.0, -6.0, 2.0; 6
1.0, -6.0, 2.0; 11
2.0, -6.0, 2.0; 30
3.0, -6.0, 2.0; 14
4.0, -6.0, 2.0; 10
5.0, -6.0, 2.0; 2
6.0, -6.0, 2.0; 1
7.0, -6.0, 2.0; 1
-9.0, -5.0, 2.0; 1
-8.0, -5.0, 2.0; 6
-7.0, -5.0, 2.0; 9
-6.0, -5.0, 2.0; 1
-5.0, -5.0, 2.0; 87
-4.0, -5.0, 2.0; 97
-3.0, -5.0, 2.0; 41
-2.0, -5.0, 2.0; 14
-1.0, -5.0, 2.0; 5
1.0, -5.0, 2.0; 3
2.0, -5.0, 2.0; 6
3.0, -5.0, 2.0; 5
4.0, -5.0, 2.0; 1
5.0, -5.0, 2.0; 2
6.0, -5.0, 2.0; 1
-9.0, -4.0, 2.0; 2
-8.0, -4.0, 2.0; 5
-7.0, -4.0, 2.0; 2
-6.0, -4.0, 2.0; 5
-5.0, -4.0, 2.0; 38
-4.0, -4.0, 2.0; 4
-3.0, -4.0, 2.0; 1
1.0, -4.0, 2.0; 1
4.0, -4.0, 2.0; 1
5.0, -4.0, 2.0; 2
6.0, -4.0, 2.0; 4
-10.0, -3.0, 2.0; 2
-9.0, -3.0, 2.0; 3
-8.0, -3.0, 2.0; 15
-7.0, -3.0, 2.0; 8
-6.0, -3.0, 2.0; 5
-4.0, -3.0, 2.0; 1
2.0, -3.0, 2.0; 1
5.0, -3.0, 2.0; 3
6.0, -3.0, 2.0; 3
7.0, -3.0, 2.0; 1
-10.0, -2.0, 2.0; 5
-9.0, -2.0, 2.0; 4
-8.0, -2.0, 2.0; 9
-7.0, -2.0, 2.0; 8
-6.0, -2.0, 2.0; 6
6.0, -2.0, 2.0; 3
7.0, -2.0, 2.0; 3
-10.0, -1.0, 2.0; 5
-9.0, -1.0, 2.0; 3
-8.0, -1.0, 2.0; 1
-7.0, -1.0, 2.0; 5
-6.0, -1.0, 2.0; 10
-5.0, -1.0, 2.0; 3
3.0, -1.0, 2.0; 1
6.0, -1.0, 2.0; 3
7.0, -1.0, 2.0; 2
-10.0, 0.0, 2.0; 1
-9.0, 0.0, 2.0; 1
-8.0, 0.0, 2.0; 1
-7.0, 0.0, 2.0; 3
-6.0, 0.0, 2.0; 26
-5.0, 0.0, 2.0; 9
6.0, 0.0, 2.0; 4
7.0, 0.0, 2.0; 1
-10.0, 1.0, 2.0; 1
-9.0, 1.0, 2.0; 2
-8.0, 1.0, 2.0; 2
-7.0, 1.0, 2.0; 2
-6.0, 1.0, 2.0; 17
-5.0, 1.0, 2.0; 226
-4.0, 1.0, 2.0; 102
3.0, 1.0, 2.0; 1
5.0, 1.0, 2.0; 1
7.0, 1.0, 2.0; 4
-9.0, 2.0, 2.0; 2
-8.0, 2.0, 2.0; 9
-7.0, 2.0, 2.0; 2
-6.0, 2.0, 2.0; 6
-5.0, 2.0, 2.0; 543
-4.0, 2.0, 2.0; 1725
-3.0, 2.0, 2.0; 22
3.0, 2.0, 2.0; 3
4.0, 2.0, 2.0; 1
5.0, 2.0, 2.0; 2
6.0, 2.0, 2.0; 2
7.0, 2.0, 2.0; 3
8.0, 2.0, 2.0; 2
-9.0, 3.0, 2.0; 1
-8.0, 3.0, 2.0; 10
-7.0, 3.0, 2.0; 6
-5.0, 3.0, 2.0; 40
-4.0, 3.0, 2.0; 198
-3.0, 3.0, 2.0; 52
-2.0, 3.0, 2.0; 6
-1.0, 3.0, 2.0; 1
0.0, 3.0, 2.0; 3
1.0, 3.0, 2.0; 3
2.0, 3.0, 2.0; 1
3.0, 3.0, 2.0; 6
4.0, 3.0, 2.0; 5
5.0, 3.0, 2.0; 3
6.0, 3.0, 2.0; 8
7.0, 3.0, 2.0; 2
8.0, 3.0, 2.0; 1
-9.0, 4.0, 2.0; 4
-8.0, 4.0, 2.0; 11
-7.0, 4.0, 2.0; 5
-6.0, 4.0, 2.0; 2
-5.0, 4.0, 2.0; 8
-4.0, 4.0, 2.0; 25
-3.0, 4.0, 2.0; 43
-2.0, 4.0, 2.0; 67
-1.0, 4.0, 2.0; 25
0.0, 4.0, 2.0; 16
1.0, 4.0, 2.0; 4
2.0, 4.0, 2.0; 7
3.0, 4.0, 2.0; 6
4.0, 4.0, 2.0; 11
5.0, 4.0, 2.0; 8
6.0, 4.0, 2.0; 2
7.0, 4.0, 2.0; 2
-8.0, 5.0, 2.0; 7
-7.0, 5.0, 2.0; 10
-6.0, 5.0, 2.0; 2
-5.0, 5.0, 2.0; 9
-4.0, 5.0, 2.0; 20
-3.0, 5.0, 2.0; 205
-2.0, 5.0, 2.0; 450
-1.0, 5.0, 2.0; 34
0.0, 5.0, 2.0; 27
1.0, 5.0, 2.0; 13
2.0, 5.0, 2.0; 22
3.0, 5.0, 2.0; 20
4.0, 5.0, 2.0; 89
5.0, 5.0, 2.0; 8
6.0, 5.0, 2.0; 8
7.0, 5.0, 2.0; 1
-8.0, 6.0, 2.0; 2
-7.0, 6.0, 2.0; 12
-6.0, 6.0, 2.0; 10
-5.0, 6.0, 2.0; 7
-4.0, 6.0, 2.0; 7
-3.0, 6.0, 2.0; 9
-2.0, 6.0, 2.0; 8
-1.0, 6.0, 2.0; 3
0.0, 6.0, 2.0; 3
1.0, 6.0, 2.0; 7
2.0, 6.0, 2.0; 12
3.0, 6.0, 2.0; 40
4.0, 6.0, 2.0; 32
5.0, 6.0, 2.0; 4
6.0, 6.0, 2.0; 6
-7.0, 7.0, 2.0; 5
-6.0, 7.0, 2.0; 8
-5.0, 7.0, 2.0; 15
-4.0, 7.0, 2.0; 7
-3.0, 7.0, 2.0; 2
-2.0, 7.0, 2.0; 5
-1.0, 7.0, 2.0; 4
0.0, 7.0, 2.0; 9
1.0, 7.0, 2.0; 11
2.0, 7.0, 2.0; 13
3.0, 7.0, 2.0; 14
4.0, 7.0, 2.0; 2
5.0, 7.0, 2.0; 3
-6.0, 8.0, 2.0; 3
-5.0, 8.0, 2.0; 21
-4.0, 8.0, 2.0; 68
-3.0, 8.0, 2.0; 84
-2.0, 8.0, 2.0; 57
-1.0, 8.0, 2.0; 23
0.0, 8.0, 2.0; 16
1.0, 8.0, 2.0; 20
2.0, 8.0, 2.0; 9
3.0, 8.0, 2.0; 5
-4.0, 9.0, 2.0; 12
-3.0, 9.0, 2.0; 51
-2.0, 9.0, 2.0; 121
-1.0, 9.0, 2.0; 91
0.0, 9.0, 2.0; 28
1.0, 9.0, 2.0; 8
2.0, 9.0, 2.0; 1
-2.0, -10.0, 3.0; 1
-1.0, -10.0, 3.0; 6
0.0, -10.0, 3.0; 1
1.0, -10.0, 3.0; 1
2.0, -10.0, 3.0; 1
-5.0, -9.0, 3.0; 4
-4.0, -9.0, 3.0; 20
-3.0, -9.0, 3.0; 24
-2.0, -9.0, 3.0; 16
-1.0, -9.0, 3.0; 12
0.0, -9.0, 3.0; 1
1.0, -9.0, 3.0; 1
2.0, -9.0, 3.0; 2
3.0, -9.0, 3.0; 7
4.0, -9.0, 3.0; 2
-6.0, -8.0, 3.0; 7
-5.0, -8.0, 3.0; 12
-4.0, -8.0, 3.0; 25
-3.0, -8.0, 3.0; 17
-2.0, -8.0, 3.0; 13
-1.0, -8.0, 3.0; 27
0.0, -8.0, 3.0; 26
1.0, -8.0, 3.0; 18
2.0, -8.0, 3.0; 9
3.0, -8.0, 3.0; 4
4.0, -8.0, 3.0; 6
5.0, -8.0, 3.0; 3
-7.0, -7.0, 3.0; 5
-6.0, -7.0, 3.0; 9
-5.0, -7.0, 3.0; 13
-4.0, -7.0, 3.0; 6
-3.0, -7.0, 3.0; 6
-2.0, -7.0, 3.0; 9
-1.0, -7.0, 3.0; 22
0.0, -7.0, 3.0; 123
1.0, -7.0, 3.0; 117
2.0, -7.0, 3.0; 16
3.0, -7.0, 3.0; 4
4.0, -7.0, 3.0; 3
5.0, -7.0, 3.0; 3
7.0, -7.0, 3.0; 1
-8.0, -6.0, 3.0; 1
-7.0, -6.0, 3.0; 8
-6.0, -6.0, 3.0; 9
-5.0, -6.0, 3.0; 6
-3.0, -6.0, 3.0; 2
-2.0, -6.0, 3.0; 4
-1.0, -6.0, 3.0; 9
0.0, -6.0, 3.0; 18
1.0, -6.0, 3.0; 17
2.0, -6.0, 3.0; 10
3.0, -6.0, 3.0; 5
4.0, -6.0, 3.0; 1
5.0, -6.0, 3.0; 2
7.0, -6.0, 3.0; 2
-8.0, -5.0, 3.0; 4
-7.0, -5.0, 3.0; 6
-6.0, -5.0, 3.0; 4
-4.0, -5.0, 3.0; 3
-3.0, -5.0, 3.0; 2
-2.0, -5.0, 3.0; 3
-1.0, -5.0, 3.0; 6
0.0, -5.0, 3.0; 8
1.0, -5.0, 3.0; 12
2.0, -5.0, 3.0; 8
3.0, -5.0, 3.0; 1
4.0, -5.0, 3.0; 2
5.0, -5.0, 3.0; 2
-9.0, -4.0, 3.0; 2
-8.0, -4.0, 3.0; 2
-7.0, -4.0, 3.0; 9
-6.0, -4.0, 3.0; 5
-5.0, -4.0, 3.0; 1
-4.0, -4.0, 3.0; 5
-3.0, -4.0, 3.0; 3
-2.0, -4.0, 3.0; 2
0.0, -4.0, 3.0; 3
2.0, -4.0, 3.0; 4
3.0, -4.0, 3.0; 1
4.0, -4.0, 3.0; 1
5.0, -4.0, 3.0; 4
6.0, -4.0, 3.0; 2
-9.0, -3.0, 3.0; 2
-8.0, -3.0, 3.0; 9
-7.0, -3.0, 3.0; 22
-6.0, -3.0, 3.0; 7
-5.0, -3.0, 3.0; 5
-4.0, -3.0, 3.0; 1
-3.0, -3.0, 3.0; 5
-2.0, -3.0, 3.0; 3
-1.0, -3.0, 3.0; 2
0.0, -3.0, 3.0; 1
1.0, -3.0, 3.0; 2
3.0, -3.0, 3.0; 1
4.0, -3.0, 3.0; 1
5.0, -3.0, 3.0; 1
6.0, -3.0, 3.0; 3
-9.0, -2.0, 3.0; 4
-8.0, -2.0, 3.0; 2
-7.0, -2.0, 3.0; 3
-6.0, -2.0, 3.0; 25
-5.0, -2.0, 3.0; 34
-4.0, -2.0, 3.0; 7
-3.0, -2.0, 3.0; 3
-2.0, -2.0, 3.0; 2
1.0, -2.0, 3.0; 1
2.0, -2.0, 3.0; 1
5.0, -2.0, 3.0; 1
6.0, -2.0, 3.0; 1
7.0, -2.0, 3.0; 1
-10.0, -1.0, 3.0; 2
-9.0, -1.0, 3.0; 5
-8.0, -1.0, 3.0; 2
-7.0, -1.0, 3.0; 4
-6.0, -1.0, 3.0; 13
-5.0, -1.0, 3.0; 11
-4.0, -1.0, 3.0; 4
-3.0, -1.0, 3.0; 5
-2.0, -1.0, 3.0; 3
-1.0, -1.0, 3.0; 2
1.0, -1.0, 3.0; 8
4.0, -1.0, 3.0; 2
6.0, -1.0, 3.0; 1
-10.0, 0.0, 3.0; 1
-9.0, 0.0, 3.0; 4
-8.0, 0.0, 3.0; 2
-7.0, 0.0, 3.0; 3
-6.0, 0.0, 3.0; 11
-5.0, 0.0, 3.0; 10
-4.0, 0.0, 3.0; 3
-3.0, 0.0, 3.0; 4
4.0, 0.0, 3.0; 2
6.0, 0.0, 3.0; 3
7.0, 0.0, 3.0; 2
-10.0, 1.0, 3.0; 1
-9.0, 1.0, 3.0; 3
-8.0, 1.0, 3.0; 3
-7.0, 1.0, 3.0; 2
-6.0, 1.0, 3.0; 9
-5.0, 1.0, 3.0; 30
-4.0, 1.0, 3.0; 95
-3.0, 1.0, 3.0; 20
-2.0, 1.0, 3.0; 4
1.0, 1.0, 3.0; 3
2.0, 1.0, 3.0; 1
3.0, 1.0, 3.0; 1
4.0, 1.0, 3.0; 2
5.0, 1.0, 3.0; 3
6.0, 1.0, 3.0; 1
-9.0, 2.0, 3.0; 4
-8.0, 2.0, 3.0; 1
-7.0, 2.0, 3.0; 4
-6.0, 2.0, 3.0; 1
-5.0, 2.0, 3.0; 18
-4.0, 2.0, 3.0; 315
-3.0, 2.0, 3.0; 164
-2.0, 2.0, 3.0; 10
-1.0, 2.0, 3.0; 1
0.0, 2.0, 3.0; 3
1.0, 2.0, 3.0; 3
2.0, 2.0, 3.0; 11
3.0, 2.0, 3.0; 4
4.0, 2.0, 3.0; 4
5.0, 2.0, 3.0; 1
6.0, 2.0, 3.0; 2
7.0, 2.0, 3.0; 3
-9.0, 3.0, 3.0; 2
-8.0, 3.0, 3.0; 6
-7.0, 3.0, 3.0; 3
-6.0, 3.0, 3.0; 2
-5.0, 3.0, 3.0; 1
-4.0, 3.0, 3.0; 29
-3.0, 3.0, 3.0; 61
-2.0, 3.0, 3.0; 40
-1.0, 3.0, 3.0; 17
0.0, 3.0, 3.0; 14
1.0, 3.0, 3.0; 12
2.0, 3.0, 3.0; 3
3.0, 3.0, 3.0; 2
4.0, 3.0, 3.0; 1
5.0, 3.0, 3.0; 6
6.0, 3.0, 3.0; 3
7.0, 3.0, 3.0; 2
-8.0, 4.0, 3.0; 5
-7.0, 4.0, 3.0; 12
-6.0, 4.0, 3.0; 5
-5.0, 4.0, 3.0; 2
-4.0, 4.0, 3.0; 1
-3.0, 4.0, 3.0; 6
-2.0, 4.0, 3.0; 23
-1.0, 4.0, 3.0; 20
0.0, 4.0, 3.0; 9
1.0, 4.0, 3.0; 2
2.0, 4.0, 3.0; 9
3.0, 4.0, 3.0; 4
4.0, 4.0, 3.0; 9
5.0, 4.0, 3.0; 4
6.0, 4.0, 3.0; 1
-9.0, 5.0, 3.0; 1
-8.0, 5.0, 3.0; 13
-7.0, 5.0, 3.0; 6
-6.0, 5.0, 3.0; 7
-5.0, 5.0, 3.0; 4
-4.0, 5.0, 3.0; 1
-2.0, 5.0, 3.0; 4
-1.0, 5.0, 3.0; 2
0.0, 5.0, 3.0; 2
1.0, 5.0, 3.0; 12
2.0, 5.0, 3.0; 7
3.0, 5.0, 3.0; 16
4.0, 5.0, 3.0; 16
5.0, 5.0, 3.0; 3
6.0, 5.0, 3.0; 3
7.0, 5.0, 3.0; 3
-7.0, 6.0, 3.0; 7
-6.0, 6.0, 3.0; 10
-5.0, 6.0, 3.0; 8
-4.0, 6.0, 3.0; 4
-3.0, 6.0, 3.0; 8
-2.0, 6.0, 3.0; 1
-1.0, 6.0, 3.0; 7
0.0, 6.0, 3.0; 4
1.0, 6.0, 3.0; 9
2.0, 6.0, 3.0; 16
3.0, 6.0, 3.0; 21
4.0, 6.0, 3.0; 6
5.0, 6.0, 3.0; 5
6.0, 6.0, 3.0; 4
-6.0, 7.0, 3.0; 15
-5.0, 7.0, 3.0; 25
-4.0, 7.0, 3.0; 17
-3.0, 7.0, 3.0; 14
-2.0, 7.0, 3.0; 11
-1.0, 7.0, 3.0; 10
0.0, 7.0, 3.0; 9
1.0, 7.0, 3.0; 4
2.0, 7.0, 3.0; 8
3.0, 7.0, 3.0; 5
4.0, 7.0, 3.0; 1
5.0, 7.0, 3.0; 1
-5.0, 8.0, 3.0; 9
-4.0, 8.0, 3.0; 55
-3.0, 8.0, 3.0; 86
-2.0, 8.0, 3.0; 64
-1.0, 8.0, 3.0; 29
0.0, 8.0, 3.0; 8
1.0, 8.0, 3.0; 4
2.0, 8.0, 3.0; 4
-3.0, 9.0, 3.0; 3
-2.0, 9.0, 3.0; 20
-1.0, 9.0, 3.0; 14
0.0, 9.0, 3.0; 1
1.0, 9.0, 3.0; 2
-3.0, -9.0, 4.0; 6
-2.0, -9.0, 4.0; 5
-1.0, -9.0, 4.0; 2
0.0, -9.0, 4.0; 3
1.0, -9.0, 4.0; 1
2.0, -9.0, 4.0; 3
3.0, -9.0, 4.0; 1
-6.0, -8.0, 4.0; 5
-5.0, -8.0, 4.0; 6
-4.0, -8.0, 4.0; 23
-3.0, -8.0, 4.0; 11
-2.0, -8.0, 4.0; 7
-1.0, -8.0, 4.0; 5
0.0, -8.0, 4.0; 1
1.0, -8.0, 4.0; 5
2.0, -8.0, 4.0; 9
3.0, -8.0, 4.0; 6
4.0, -8.0, 4.0; 9
5.0, -8.0, 4.0; 2
-7.0, -7.0, 4.0; 2
-6.0, -7.0, 4.0; 9
-5.0, -7.0, 4.0; 12
-4.0, -7.0, 4.0; 10
-3.0, -7.0, 4.0; 22
-2.0, -7.0, 4.0; 20
-1.0, -7.0, 4.0; 28
0.0, -7.0, 4.0; 30
1.0, -7.0, 4.0; 4
2.0, -7.0, 4.0; 4
3.0, -7.0, 4.0; 2
4.0, -7.0, 4.0; 2
5.0, -7.0, 4.0; 2
6.0, -7.0, 4.0; 1
-7.0, -6.0, 4.0; 1
-6.0, -6.0, 4.0; 11
-5.0, -6.0, 4.0; 13
-4.0, -6.0, 4.0; 7
-3.0, -6.0, 4.0; 10
-2.0, -6.0, 4.0; 9
-1.0, -6.0, 4.0; 16
0.0, -6.0, 4.0; 15
1.0, -6.0, 4.0; 12
2.0, -6.0, 4.0; 5
3.0, -6.0, 4.0; 1
5.0, -6.0, 4.0; 1
6.0, -6.0, 4.0; 1
-8.0, -5.0, 4.0; 1
-7.0, -5.0, 4.0; 1
-6.0, -5.0, 4.0; 6
-5.0, -5.0, 4.0; 8
-4.0, -5.0, 4.0; 5
-3.0, -5.0, 4.0; 6
-2.0, -5.0, 4.0; 19
-1.0, -5.0, 4.0; 20
0.0, -5.0, 4.0; 24
1.0, -5.0, 4.0; 12
2.0, -5.0, 4.0; 2
3.0, -5.0, 4.0; 1
4.0, -5.0, 4.0; 2
5.0, -5.0, 4.0; 6
-8.0, -4.0, 4.0; 4
-7.0, -4.0, 4.0; 6
-6.0, -4.0, 4.0; 8
-5.0, -4.0, 4.0; 10
-4.0, -4.0, 4.0; 6
-3.0, -4.0, 4.0; 11
-2.0, -4.0, 4.0; 12
-1.0, -4.0, 4.0; 10
0.0, -4.0, 4.0; 9
1.0, -4.0, 4.0; 7
2.0, -4.0, 4.0; 1
3.0, -4.0, 4.0; 3
4.0, -4.0, 4.0; 2
5.0, -4.0, 4.0; 1
-9.0, -3.0, 4.0; 1
-8.0, -3.0, 4.0; 2
-7.0, -3.0, 4.0; 6
-6.0, -3.0, 4.0; 6
-5.0, -3.0, 4.0; 18
-4.0, -3.0, 4.0; 13
-3.0, -3.0, 4.0; 7
-2.0, -3.0, 4.0; 15
-1.0, -3.0, 4.0; 18
0.0, -3.0, 4.0; 5
1.0, -3.0, 4.0; 4
4.0, -3.0, 4.0; 1
6.0, -3.0, 4.0; 2
7.0, -3.0, 4.0; 1
8.0, -3.0, 4.0; 1
-9.0, -2.0, 4.0; 5
-8.0, -2.0, 4.0; 8
-7.0, -2.0, 4.0; 1
-6.0, -2.0, 4.0; 7
-5.0, -2.0, 4.0; 20
-4.0, -2.0, 4.0; 34
-3.0, -2.0, 4.0; 18
-2.0, -2.0, 4.0; 16
-1.0, -2.0, 4.0; 54
0.0, -2.0, 4.0; 54
1.0, -2.0, 4.0; 5
4.0, -2.0, 4.0; 1
6.0, -2.0, 4.0; 1
-9.0, -1.0, 4.0; 7
-8.0, -1.0, 4.0; 2
-7.0, -1.0, 4.0; 2
-6.0, -1.0, 4.0; 3
-5.0, -1.0, 4.0; 14
-4.0, -1.0, 4.0; 24
-3.0, -1.0, 4.0; 42
-2.0, -1.0, 4.0; 77
-1.0, -1.0, 4.0; 114
0.0, -1.0, 4.0; 117
1.0, -1.0, 4.0; 43
2.0, -1.0, 4.0; 3
3.0, -1.0, 4.0; 3
4.0, -1.0, 4.0; 1
5.0, -1.0, 4.0; 1
7.0, -1.0, 4.0; 1
-10.0, 0.0, 4.0; 1
-9.0, 0.0, 4.0; 5
-8.0, 0.0, 4.0; 1
-7.0, 0.0, 4.0; 5
-6.0, 0.0, 4.0; 4
-5.0, 0.0, 4.0; 8
-4.0, 0.0, 4.0; 2
-3.0, 0.0, 4.0; 10
-2.0, 0.0, 4.0; 6
-1.0, 0.0, 4.0; 6
0.0, 0.0, 4.0; 2
1.0, 0.0, 4.0; 4
2.0, 0.0, 4.0; 3
3.0, 0.0, 4.0; 1
4.0, 0.0, 4.0; 3
6.0, 0.0, 4.0; 1
-8.0, 1.0, 4.0; 1
-7.0, 1.0, 4.0; 6
-6.0, 1.0, 4.0; 3
-5.0, 1.0, 4.0; 5
-4.0, 1.0, 4.0; 5
-3.0, 1.0, 4.0; 6
-2.0, 1.0, 4.0; 4
-1.0, 1.0, 4.0; 5
0.0, 1.0, 4.0; 4
2.0, 1.0, 4.0; 1
3.0, 1.0, 4.0; 1
4.0, 1.0, 4.0; 1
6.0, 1.0, 4.0; 1
-8.0, 2.0, 4.0; 3
-7.0, 2.0, 4.0; 9
-6.0, 2.0, 4.0; 3
-5.0, 2.0, 4.0; 2
-4.0, 2.0, 4.0; 9
-3.0, 2.0, 4.0; 9
-2.0, 2.0, 4.0; 1
-1.0, 2.0, 4.0; 15
0.0, 2.0, 4.0; 50
1.0, 2.0, 4.0; 41
2.0, 2.0, 4.0; 2
3.0, 2.0, 4.0; 3
4.0, 2.0, 4.0; 1
5.0, 2.0, 4.0; 1
-8.0, 3.0, 4.0; 7
-7.0, 3.0, 4.0; 7
-6.0, 3.0, 4.0; 3
-5.0, 3.0, 4.0; 3
-3.0, 3.0, 4.0; 6
-2.0, 3.0, 4.0; 2
-1.0, 3.0, 4.0; 17
0.0, 3.0, 4.0; 16
1.0, 3.0, 4.0; 15
2.0, 3.0, 4.0; 2
3.0, 3.0, 4.0; 2
4.0, 3.0, 4.0; 3
5.0, 3.0, 4.0; 2
6.0, 3.0, 4.0; 5
-8.0, 4.0, 4.0; 3
-7.0, 4.0, 4.0; 17
-6.0, 4.0, 4.0; 4
-5.0, 4.0, 4.0; 1
-4.0, 4.0, 4.0; 4
-3.0, 4.0, 4.0; 2
-2.0, 4.0, 4.0; 1
-1.0, 4.0, 4.0; 1
0.0, 4.0, 4.0; 5
1.0, 4.0, 4.0; 3
2.0, 4.0, 4.0; 2
3.0, 4.0, 4.0; 4
4.0, 4.0, 4.0; 4
5.0, 4.0, 4.0; 2
6.0, 4.0, 4.0; 2
-7.0, 5.0, 4.0; 8
-6.0, 5.0, 4.0; 8
-5.0, 5.0, 4.0; 2
-4.0, 5.0, 4.0; 2
-3.0, 5.0, 4.0; 4
-2.0, 5.0, 4.0; 7
-1.0, 5.0, 4.0; 3
0.0, 5.0, 4.0; 2
1.0, 5.0, 4.0; 9
2.0, 5.0, 4.0; 8
3.0, 5.0, 4.0; 2
4.0, 5.0, 4.0; 5
5.0, 5.0, 4.0; 1
7.0, 5.0, 4.0; 1
-7.0, 6.0, 4.0; 4
-6.0, 6.0, 4.0; 16
-5.0, 6.0, 4.0; 11
-4.0, 6.0, 4.0; 12
-3.0, 6.0, 4.0; 11
-2.0, 6.0, 4.0; 9
-1.0, 6.0, 4.0; 5
0.0, 6.0, 4.0; 5
1.0, 6.0, 4.0; 4
2.0, 6.0, 4.0; 7
3.0, 6.0, 4.0; 2
4.0, 6.0, 4.0; 2
5.0, 6.0, 4.0; 2
6.0, 6.0, 4.0; 2
-6.0, 7.0, 4.0; 2
-5.0, 7.0, 4.0; 14
-4.0, 7.0, 4.0; 22
-3.0, 7.0, 4.0; 20
-2.0, 7.0, 4.0; 15
-1.0, 7.0, 4.0; 8
0.0, 7.0, 4.0; 4
1.0, 7.0, 4.0; 6
2.0, 7.0, 4.0; 3
4.0, 7.0, 4.0; 2
-4.0, 8.0, 4.0; 12
-3.0, 8.0, 4.0; 28
-2.0, 8.0, 4.0; 22
-1.0, 8.0, 4.0; 17
0.0, 8.0, 4.0; 5
1.0, 8.0, 4.0; 3
1.0, -9.0, 5.0; 1
-4.0, -8.0, 5.0; 3
-3.0, -8.0, 5.0; 4
-2.0, -8.0, 5.0; 4
-1.0, -8.0, 5.0; 2
0.0, -8.0, 5.0; 1
1.0, -8.0, 5.0; 2
2.0, -8.0, 5.0; 3
3.0, -8.0, 5.0; 2
4.0, -8.0, 5.0; 1
-5.0, -7.0, 5.0; 11
-4.0, -7.0, 5.0; 14
-3.0, -7.0, 5.0; 4
-2.0, -7.0, 5.0; 5
-1.0, -7.0, 5.0; 2
0.0, -7.0, 5.0; 4
1.0, -7.0, 5.0; 2
2.0, -7.0, 5.0; 2
3.0, -7.0, 5.0; 1
4.0, -7.0, 5.0; 1
-7.0, -6.0, 5.0; 1
-6.0, -6.0, 5.0; 5
-5.0, -6.0, 5.0; 7
-4.0, -6.0, 5.0; 7
-3.0, -6.0, 5.0; 3
-2.0, -6.0, 5.0; 4
-1.0, -6.0, 5.0; 1
0.0, -6.0, 5.0; 3
1.0, -6.0, 5.0; 1
2.0, -6.0, 5.0; 1
3.0, -6.0, 5.0; 2
4.0, -6.0, 5.0; 3
5.0, -6.0, 5.0; 1
-8.0, -5.0, 5.0; 2
-7.0, -5.0, 5.0; 4
-6.0, -5.0, 5.0; 7
-5.0, -5.0, 5.0; 4
-4.0, -5.0, 5.0; 3
-3.0, -5.0, 5.0; 6
-2.0, -5.0, 5.0; 8
-1.0, -5.0, 5.0; 3
0.0, -5.0, 5.0; 6
2.0, -5.0, 5.0; 2
3.0, -5.0, 5.0; 1
4.0, -5.0, 5.0; 3
5.0, -5.0, 5.0; 2
6.0, -5.0, 5.0; 2
-7.0, -4.0, 5.0; 2
-6.0, -4.0, 5.0; 3
-5.0, -4.0, 5.0; 3
-4.0, -4.0, 5.0; 11
-3.0, -4.0, 5.0; 9
-2.0, -4.0, 5.0; 8
-1.0, -4.0, 5.0; 9
0.0, -4.0, 5.0; 3
1.0, -4.0, 5.0; 1
2.0, -4.0, 5.0; 2
3.0, -4.0, 5.0; 2
6.0, -4.0, 5.0; 1
-8.0, -3.0, 5.0; 2
-7.0, -3.0, 5.0; 2
-6.0, -3.0, 5.0; 4
-5.0, -3.0, 5.0; 4
-4.0, -3.0, 5.0; 8
-3.0, -3.0, 5.0; 5
-2.0, -3.0, 5.0; 11
-1.0, -3.0, 5.0; 7
0.0, -3.0, 5.0; 3
1.0, -3.0, 5.0; 4
4.0, -3.0, 5.0; 3
-9.0, -2.0, 5.0; 1
-7.0, -2.0, 5.0; 1
-6.0, -2.0, 5.0; 3
-5.0, -2.0, 5.0; 5
-4.0, -2.0, 5.0; 1
-3.0, -2.0, 5.0; 6
-2.0, -2.0, 5.0; 10
-1.0, -2.0, 5.0; 13
0.0, -2.0, 5.0; 6
1.0, -2.0, 5.0; 3
-9.0, -1.0, 5.0; 2
-8.0, -1.0, 5.0; 2
-6.0, -1.0, 5.0; 4
-5.0, -1.0, 5.0; 2
-3.0, -1.0, 5.0; 6
-2.0, -1.0, 5.0; 3
-1.0, -1.0, 5.0; 13
0.0, -1.0, 5.0; 2
1.0, -1.0, 5.0; 2
2.0, -1.0, 5.0; 3
-9.0, 0.0, 5.0; 2
-8.0, 0.0, 5.0; 2
-7.0, 0.0, 5.0; 4
-6.0, 0.0, 5.0; 5
-5.0, 0.0, 5.0; 2
-3.0, 0.0, 5.0; 2
-2.0, 0.0, 5.0; 3
-1.0, 0.0, 5.0; 7
0.0, 0.0, 5.0; 3
1.0, 0.0, 5.0; 1
3.0, 0.0, 5.0; 1
5.0, 0.0, 5.0; 1
7.0, 0.0, 5.0; 1
-8.0, 1.0, 5.0; 3
-7.0, 1.0, 5.0; 2
-6.0, 1.0, 5.0; 4
-5.0, 1.0, 5.0; 1
-4.0, 1.0, 5.0; 5
-3.0, 1.0, 5.0; 9
-2.0, 1.0, 5.0; 1
-1.0, 1.0, 5.0; 5
0.0, 1.0, 5.0; 5
1.0, 1.0, 5.0; 1
2.0, 1.0, 5.0; 4
3.0, 1.0, 5.0; 2
-8.0, 2.0, 5.0; 6
-7.0, 2.0, 5.0; 2
-6.0, 2.0, 5.0; 5
-5.0, 2.0, 5.0; 3
-4.0, 2.0, 5.0; 4
-3.0, 2.0, 5.0; 5
-2.0, 2.0, 5.0; 8
-1.0, 2.0, 5.0; 15
0.0, 2.0, 5.0; 5
1.0, 2.0, 5.0; 3
2.0, 2.0, 5.0; 2
3.0, 2.0, 5.0; 1
4.0, 2.0, 5.0; 3
6.0, 2.0, 5.0; 1
-7.0, 3.0, 5.0; 6
-6.0, 3.0, 5.0; 3
-5.0, 3.0, 5.0; 2
-4.0, 3.0, 5.0; 3
-3.0, 3.0, 5.0; 4
-2.0, 3.0, 5.0; 3
-1.0, 3.0, 5.0; 4
0.0, 3.0, 5.0; 4
1.0, 3.0, 5.0; 3
2.0, 3.0, 5.0; 4
4.0, 3.0, 5.0; 1
5.0, 3.0, 5.0; 1
6.0, 3.0, 5.0; 1
-8.0, 4.0, 5.0; 1
-7.0, 4.0, 5.0; 1
-6.0, 4.0, 5.0; 6
-5.0, 4.0, 5.0; 7
-4.0, 4.0, 5.0; 1
-3.0, 4.0, 5.0; 6
-2.0, 4.0, 5.0; 3
-1.0, 4.0, 5.0; 5
0.0, 4.0, 5.0; 1
1.0, 4.0, 5.0; 7
2.0, 4.0, 5.0; 3
3.0, 4.0, 5.0; 3
4.0, 4.0, 5.0; 1
5.0, 4.0, 5.0; 6
6.0, 4.0, 5.0; 2
-6.0, 5.0, 5.0; 5
-5.0, 5.0, 5.0; 4
-4.0, 5.0, 5.0; 3
-3.0, 5.0, 5.0; 10
-2.0, 5.0, 5.0; 4
-1.0, 5.0, 5.0; 7
0.0, 5.0, 5.0; 4
1.0, 5.0, 5.0; 2
2.0, 5.0, 5.0; 4
3.0, 5.0, 5.0; 3
4.0, 5.0, 5.0; 1
5.0, 5.0, 5.0; 4
-6.0, 6.0, 5.0; 4
-5.0, 6.0, 5.0; 5
-4.0, 6.0, 5.0; 3
-3.0, 6.0, 5.0; 2
-2.0, 6.0, 5.0; 3
-1.0, 6.0, 5.0; 5
3.0, 6.0, 5.0; 3
4.0, 6.0, 5.0; 3
5.0, 6.0, 5.0; 1
-4.0, 7.0, 5.0; 4
-3.0, 7.0, 5.0; 2
-2.0, 7.0, 5.0; 8
-1.0, 7.0, 5.0; 3
0.0, 7.0, 5.0; 4
1.0, 7.0, 5.0; 5
2.0, 7.0, 5.0; 1
3.0, 7.0, 5.0; 1
-3.0, 8.0, 5.0; 1
-2.0, 8.0, 5.0; 2
-1.0, 8.0, 5.0; 1
-3.0, -8.0, 6.0; 2
-2.0, -8.0, 6.0; 2
-1.0, -8.0, 6.0; 5
0.0, -8.0, 6.0; 1
1.0, -8.0, 6.0; 2
2.0, -8.0, 6.0; 1
-5.0, -7.0, 6.0; 1
-4.0, -7.0, 6.0; 2
-3.0, -7.0, 6.0; 5
-2.0, -7.0, 6.0; 1
-1.0, -7.0, 6.0; 4
0.0, -7.0, 6.0; 2
1.0, -7.0, 6.0; 4
2.0, -7.0, 6.0; 1
3.0, -7.0, 6.0; 1
-5.0, -6.0, 6.0; 3
-4.0, -6.0, 6.0; 1
-3.0, -6.0, 6.0; 2
-2.0, -6.0, 6.0; 3
-1.0, -6.0, 6.0; 2
0.0, -6.0, 6.0; 2
2.0, -6.0, 6.0; 2
-7.0, -5.0, 6.0; 1
-6.0, -5.0, 6.0; 3
-5.0, -5.0, 6.0; 3
-4.0, -5.0, 6.0; 5
-3.0, -5.0, 6.0; 1
-2.0, -5.0, 6.0; 1
0.0, -5.0, 6.0; 1
1.0, -5.0, 6.0; 1
5.0, -5.0, 6.0; 1
-7.0, -4.0, 6.0; 2
-6.0, -4.0, 6.0; 4
-5.0, -4.0, 6.0; 2
-4.0, -4.0, 6.0; 1
-3.0, -4.0, 6.0; 4
-2.0, -4.0, 6.0; 2
-1.0, -4.0, 6.0; 1
0.0, -4.0, 6.0; 1
1.0, -4.0, 6.0; 4
3.0, -4.0, 6.0; 1
-7.0, -3.0, 6.0; 4
-6.0, -3.0, 6.0; 3
-4.0, -3.0, 6.0; 4
-3.0, -3.0, 6.0; 8
-2.0, -3.0, 6.0; 1
-1.0, -3.0, 6.0; 1
1.0, -3.0, 6.0; 1
2.0, -3.0, 6.0; 3
3.0, -3.0, 6.0; 1
-8.0, -2.0, 6.0; 3
-7.0, -2.0, 6.0; 2
-6.0, -2.0, 6.0; 1
-4.0, -2.0, 6.0; 2
-3.0, -2.0, 6.0; 2
-2.0, -2.0, 6.0; 1
-1.0, -2.0, 6.0; 1
0.0, -2.0, 6.0; 3
3.0, -2.0, 6.0; 1
-7.0, -1.0, 6.0; 2
-6.0, -1.0, 6.0; 2
-5.0, -1.0, 6.0; 1
-4.0, -1.0, 6.0; 1
-2.0, -1.0, 6.0; 1
-1.0, -1.0, 6.0; 2
0.0, -1.0, 6.0; 2
1.0, -1.0, 6.0; 3
2.0, -1.0, 6.0; 1
3.0, -1.0, 6.0; 1
-7.0, 0.0, 6.0; 4
-6.0, 0.0, 6.0; 1
-5.0, 0.0, 6.0; 3
-4.0, 0.0, 6.0; 1
-3.0, 0.0, 6.0; 2
-2.0, 0.0, 6.0; 1
-1.0, 0.0, 6.0; 2
1.0, 0.0, 6.0; 3
2.0, 0.0, 6.0; 2
4.0, 0.0, 6.0; 1
-8.0, 1.0, 6.0; 1
-7.0, 1.0, 6.0; 1
-6.0, 1.0, 6.0; 2
-5.0, 1.0, 6.0; 3
-4.0, 1.0, 6.0; 2
-3.0, 1.0, 6.0; 3
-1.0, 1.0, 6.0; 1
0.0, 1.0, 6.0; 2
1.0, 1.0, 6.0; 3
4.0, 1.0, 6.0; 1
5.0, 1.0, 6.0; 1
-8.0, 2.0, 6.0; 1
-7.0, 2.0, 6.0; 2
-6.0, 2.0, 6.0; 3
-5.0, 2.0, 6.0; 1
-4.0, 2.0, 6.0; 4
-3.0, 2.0, 6.0; 1
-1.0, 2.0, 6.0; 2
0.0, 2.0, 6.0; 1
2.0, 2.0, 6.0; 1
4.0, 2.0, 6.0; 2
-7.0, 3.0, 6.0; 1
-6.0, 3.0, 6.0; 5
-5.0, 3.0, 6.0; 1
-4.0, 3.0, 6.0; 1
-3.0, 3.0, 6.0; 2
-2.0, 3.0, 6.0; 2
-1.0, 3.0, 6.0; 5
0.0, 3.0, 6.0; 5
1.0, 3.0, 6.0; 2
2.0, 3.0, 6.0; 2
3.0, 3.0, 6.0; 6
-7.0, 4.0, 6.0; 1
-6.0, 4.0, 6.0; 6
-5.0, 4.0, 6.0; 5
-4.0, 4.0, 6.0; 5
-3.0, 4.0, 6.0; 4
-1.0, 4.0, 6.0; 2
0.0, 4.0, 6.0; 4
1.0, 4.0, 6.0; 2
2.0, 4.0, 6.0; 3
3.0, 4.0, 6.0; 4
5.0, 4.0, 6.0; 2
-6.0, 5.0, 6.0; 2
-5.0, 5.0, 6.0; 2
-4.0, 5.0, 6.0; 5
-3.0, 5.0, 6.0; 1
-2.0, 5.0, 6.0; 3
-1.0, 5.0, 6.0; 7
0.0, 5.0, 6.0; 1
1.0, 5.0, 6.0; 2
2.0, 5.0, 6.0; 1
4.0, 5.0, 6.0; 5
-4.0, 6.0, 6.0; 3
-3.0, 6.0, 6.0; 1
-2.0, 6.0, 6.0; 3
-1.0, 6.0, 6.0; 4
0.0, 6.0, 6.0; 2
3.0, 6.0, 6.0; 1
-3.0, 7.0, 6.0; 1
-1.0, 7.0, 6.0; 2
-3.0, -7.0, 7.0; 2
-1.0, -7.0, 7.0; 1
0.0, -7.0, 7.0; 4
2.0, -7.0, 7.0; 2
-5.0, -6.0, 7.0; 2
-4.0, -6.0, 7.0; 1
-3.0, -6.0, 7.0; 4
-2.0, -6.0, 7.0; 7
-1.0, -6.0, 7.0; 2
1.0, -6.0, 7.0; 5
-5.0, -5.0, 7.0; 3
-4.0, -5.0, 7.0; 2
-3.0, -5.0, 7.0; 6
-2.0, -5.0, 7.0; 3
-1.0, -5.0, 7.0; 2
0.0, -5.0, 7.0; 2
2.0, -5.0, 7.0; 1
3.0, -5.0, 7.0; 2
4.0, -5.0, 7.0; 1
-5.0, -4.0, 7.0; 4
-4.0, -4.0, 7.0; 3
-3.0, -4.0, 7.0; 1
-2.0, -4.0, 7.0; 2
0.0, -4.0, 7.0; 1
1.0, -4.0, 7.0; 1
2.0, -4.0, 7.0; 1
5.0, -4.0, 7.0; 1
-6.0, -3.0, 7.0; 2
-4.0, -3.0, 7.0; 3
-3.0, -3.0, 7.0; 2
-2.0, -3.0, 7.0; 2
1.0, -3.0, 7.0; 1
3.0, -3.0, 7.0; 1
4.0, -3.0, 7.0; 1
-7.0, -2.0, 7.0; 2
-6.0, -2.0, 7.0; 2
-5.0, -2.0, 7.0; 1
-4.0, -2.0, 7.0; 3
-3.0, -2.0, 7.0; 2
-2.0, -2.0, 7.0; 2
-1.0, -2.0, 7.0; 1
0.0, -2.0, 7.0; 2
6.0, -2.0, 7.0; 1
-7.0, -1.0, 7.0; 3
-6.0, -1.0, 7.0; 2
-5.0, -1.0, 7.0; 3
-3.0, -1.0, 7.0; 2
-1.0, -1.0, 7.0; 2
2.0, -1.0, 7.0; 1
4.0, -1.0, 7.0; 1
5.0, -1.0, 7.0; 2
-7.0, 0.0, 7.0; 2
-6.0, 0.0, 7.0; 2
-4.0, 0.0, 7.0; 2
-3.0, 0.0, 7.0; 2
-2.0, 0.0, 7.0; 2
-1.0, 0.0, 7.0; 1
1.0, 0.0, 7.0; 1
-7.0, 1.0, 7.0; 1
-6.0, 1.0, 7.0; 2
-5.0, 1.0, 7.0; 1
-3.0, 1.0, 7.0; 2
-2.0, 1.0, 7.0; 2
-1.0, 1.0, 7.0; 3
0.0, 1.0, 7.0; 1
1.0, 1.0, 7.0; 2
2.0, 1.0, 7.0; 1
-4.0, 2.0, 7.0; 2
-3.0, 2.0, 7.0; 3
0.0, 2.0, 7.0; 1
1.0, 2.0, 7.0; 1
3.0, 2.0, 7.0; 2
4.0, 2.0, 7.0; 2
-6.0, 3.0, 7.0; 1
-5.0, 3.0, 7.0; 1
-4.0, 3.0, 7.0; 3
-2.0, 3.0, 7.0; 4
-1.0, 3.0, 7.0; 8
0.0, 3.0, 7.0; 3
1.0, 3.0, 7.0; 1
2.0, 3.0, 7.0; 2
3.0, 3.0, 7.0; 2
4.0, 3.0, 7.0; 2
-5.0, 4.0, 7.0; 2
-4.0, 4.0, 7.0; 3
-3.0, 4.0, 7.0; 2
-2.0, 4.0, 7.0; 1
-1.0, 4.0, 7.0; 1
1.0, 4.0, 7.0; 2
2.0, 4.0, 7.0; 1
3.0, 4.0, 7.0; 1
4.0, 4.0, 7.0; 2
-4.0, 5.0, 7.0; 3
-3.0, 5.0, 7.0; 2
-2.0, 5.0, 7.0; 2
-1.0, 5.0, 7.0; 1
0.0, 5.0, 7.0; 1
1.0, 5.0, 7.0; 1
2.0, 5.0, 7.0; 1
3.0, 5.0, 7.0; 1
-2.0, 6.0, 7.0; 1
1.0, 6.0, 7.0; 2
2.0, 6.0, 7.0; 1
1.0, -6.0, 8.0; 1
-4.0, -5.0, 8.0; 1
-3.0, -5.0, 8.0; 1
-2.0, -5.0, 8.0; 2
-1.0, -5.0, 8.0; 1
0.0, -5.0, 8.0; 2
1.0, -5.0, 8.0; 1
-4.0, -4.0, 8.0; 1
-3.0, -4.0, 8.0; 1
-5.0, -3.0, 8.0; 2
-4.0, -3.0, 8.0; 2
-3.0, -3.0, 8.0; 2
-2.0, -3.0, 8.0; 1
0.0, -3.0, 8.0; 1
-5.0, -2.0, 8.0; 1
-3.0, -2.0, 8.0; 1
-2.0, -2.0, 8.0; 1
-1.0, -2.0, 8.0; 1
1.0, -2.0, 8.0; 2
-6.0, -1.0, 8.0; 1
-5.0, -1.0, 8.0; 1
-3.0, -1.0, 8.0; 1
-2.0, -1.0, 8.0; 1
-1.0, -1.0, 8.0; 3
1.0, -1.0, 8.0; 1
2.0, -1.0, 8.0; 3
-3.0, 0.0, 8.0; 1
1.0, 0.0, 8.0; 1
4.0, 0.0, 8.0; 2
-4.0, 1.0, 8.0; 1
-3.0, 1.0, 8.0; 5
-2.0, 1.0, 8.0; 1
0.0, 1.0, 8.0; 1
1.0, 1.0, 8.0; 1
-4.0, 2.0, 8.0; 2
-3.0, 2.0, 8.0; 1
-1.0, 2.0, 8.0; 3
0.0, 2.0, 8.0; 2
1.0, 2.0, 8.0; 3
3.0, 2.0, 8.0; 1
-3.0, 3.0, 8.0; 1
-2.0, 3.0, 8.0; 1
-1.0, 3.0, 8.0; 2
2.0, 3.0, 8.0; 2
-3.0, 4.0, 8.0; 2
-2.0, 4.0, 8.0; 2
-2.0, 5.0, 8.0; 1
-2.0, -4.0, 9.0; 1
-1.0, -4.0, 9.0; 1
0.0, -4.0, 9.0; 1
-3.0, -2.0, 9.0; 2
-2.0, -2.0, 9.0; 1
0.0, -2.0, 9.0; 1
1.0, -2.0, 9.0; 1
-3.0, -1.0, 9.0; 1
-2.0, -1.0, 9.0; 1
-1.0, -1.0, 9.0; 1
-2.0, 0.0, 9.0; 1
-1.0, 0.0, 9.0; 1
-1.0, 1.0, 9.0; 1
3.0, 1.0, 9.0; 1
0.0, 2.0, 9.0; 1
-2.0, -4.0, -10.0; 1
0.0, -4.0, -10.0; 1
-3.0, -3.0, -10.0; 1
-2.0, -3.0, -10.0; 2
0.0, -3.0, -10.0; 3
1.0, -3.0, -10.0; 3
-4.0, -2.0, -10.0; 1
-3.0, -2.0, -10.0; 2
-2.0, -2.0, -10.0; 6
-1.0, -2.0, -10.0; 1
0.0, -2.0, -10.0; 4
2.0, -2.0, -10.0; 1
3.0, -2.0, -10.0; 1
-4.0, -1.0, -10.0; 2
-3.0, -1.0, -10.0; 4
-2.0, -1.0, -10.0; 4
-1.0, -1.0, -10.0; 5
1.0, -1.0, -10.0; 4
-4.0, 0.0, -10.0; 1
-3.0, 0.0, -10.0; 5
-2.0, 0.0, -10.0; 5
-1.0, 0.0, -10.0; 3
0.0, 0.0, -10.0; 1
2.0, 0.0, -10.0; 1
4.0, 0.0, -10.0; 1
-3.0, 1.0, -10.0; 1
-2.0, 1.0, -10.0; 1
0.0, 1.0, -10.0; 3
1.0, 1.0, -10.0; 1
2.0, 1.0, -10.0; 1
-2.0, 2.0, -10.0; 1
-1.0, 2.0, -10.0; 3
2.0, 2.0, -10.0; 2
0.0, 3.0, -10.0; 1
1.0, 3.0, -10.0; 1
-2.0, -6.0, -9.0; 3
0.0, -6.0, -9.0; 1
-4.0, -5.0, -9.0; 1
-2.0, -5.0, -9.0; 1
0.0, -5.0, -9.0; 4
1.0, -5.0, -9.0; 4
2.0, -5.0, -9.0; 3
-4.0, -4.0, -9.0; 2
-3.0, -4.0, -9.0; 1
-2.0, -4.0, -9.0; 2
-1.0, -4.0, -9.0; 4
0.0, -4.0, -9.0; 2
1.0, -4.0, -9.0; 2
2.0, -4.0, -9.0; 2
4.0, -4.0, -9.0; 1
-5.0, -3.0, -9.0; 1
-4.0, -3.0, -9.0; 1
-3.0, -3.0, -9.0; 4
-2.0, -3.0, -9.0; 4
-1.0, -3.0, -9.0; 1
0.0, -3.0, -9.0; 1
1.0, -3.0, -9.0; 8
2.0, -3.0, -9.0; 3
3.0, -3.0, -9.0; 4
-3.0, -2.0, -9.0; 4
-2.0, -2.0, -9.0; 2
-1.0, -2.0, -9.0; 4
0.0, -2.0, -9.0; 1
1.0, -2.0, -9.0; 7
2.0, -2.0, -9.0; 8
3.0, -2.0, -9.0; 3
4.0, -2.0, -9.0; 1
5.0, -2.0, -9.0; 2
-6.0, -1.0, -9.0; 1
-5.0, -1.0, -9.0; 2
-4.0, -1.0, -9.0; 4
-3.0, -1.0, -9.0; 5
-2.0, -1.0, -9.0; 4
-1.0, -1.0, -9.0; 4
0.0, -1.0, -9.0; 7
1.0, -1.0, -9.0; 8
2.0, -1.0, -9.0; 4
4.0, -1.0, -9.0; 2
-6.0, 0.0, -9.0; 1
-5.0, 0.0, -9.0; 7
-4.0, 0.0, -9.0; 8
-3.0, 0.0, -9.0; 7
-2.0, 0.0, -9.0; 6
-1.0, 0.0, -9.0; 10
0.0, 0.0, -9.0; 3
1.0, 0.0, -9.0; 3
2.0, 0.0, -9.0; 3
3.0, 0.0, -9.0; 1
4.0, 0.0, -9.0; 3
5.0, 0.0, -9.0; 7
-6.0, 1.0, -9.0; 1
-5.0, 1.0, -9.0; 5
-4.0, 1.0, -9.0; 15
-3.0, 1.0, -9.0; 6
-2.0, 1.0, -9.0; 3
-1.0, 1.0, -9.0; 4
0.0, 1.0, -9.0; 2
1.0, 1.0, -9.0; 5
2.0, 1.0, -9.0; 4
3.0, 1.0, -9.0; 5
4.0, 1.0, -9.0; 9
5.0, 1.0, -9.0; 2
-5.0, 2.0, -9.0; 1
-4.0, 2.0, -9.0; 3
-3.0, 2.0, -9.0; 7
-2.0, 2.0, -9.0; 5
-1.0, 2.0, -9.0; 8
0.0, 2.0, -9.0; 1
2.0, 2.0, -9.0; 3
3.0, 2.0, -9.0; 2
4.0, 2.0, -9.0; 1
5.0, 2.0, -9.0; 1
-5.0, 3.0, -9.0; 2
-4.0, 3.0, -9.0; 5
-3.0, 3.0, -9.0; 7
-2.0, 3.0, -9.0; 4
-1.0, 3.0, -9.0; 6
0.0, 3.0, -9.0; 4
1.0, 3.0, -9.0; 3
2.0, 3.0, -9.0; 2
3.0, 3.0, -9.0; 2
4.0, 3.0, -9.0; 2
-5.0, 4.0, -9.0; 1
-4.0, 4.0, -9.0; 4
-3.0, 4.0, -9.0; 6
-2.0, 4.0, -9.0; 4
-1.0, 4.0, -9.0; 9
0.0, 4.0, -9.0; 4
1.0, 4.0, -9.0; 3
2.0, 4.0, -9.0; 3
3.0, 4.0, -9.0; 1
-3.0, 5.0, -9.0; 1
-2.0, 5.0, -9.0; 2
-1.0, 5.0, -9.0; 1
0.0, 5.0, -9.0; 2
1.0, 5.0, -9.0; 1
-2.0, -7.0, -8.0; 6
-1.0, -7.0, -8.0; 2
0.0, -7.0, -8.0; 5
1.0, -7.0, -8.0; 5
2.0, -7.0, -8.0; 1
-5.0, -6.0, -8.0; 1
-4.0, -6.0, -8.0; 1
-3.0, -6.0, -8.0; 2
-2.0, -6.0, -8.0; 4
-1.0, -6.0, -8.0; 1
0.0, -6.0, -8.0; 4
1.0, -6.0, -8.0; 8
2.0, -6.0, -8.0; 4
3.0, -6.0, -8.0; 1
-4.0, -5.0, -8.0; 2
-3.0, -5.0, -8.0; 1
-2.0, -5.0, -8.0; 2
-1.0, -5.0, -8.0; 2
0.0, -5.0, -8.0; 3
1.0, -5.0, -8.0; 4
2.0, -5.0, -8.0; 8
3.0, -5.0, -8.0; 3
4.0, -5.0, -8.0; 3
5.0, -5.0, -8.0; 1
-6.0, -4.0, -8.0; 3
-5.0, -4.0, -8.0; 1
-4.0, -4.0, -8.0; 4
-3.0, -4.0, -8.0; 4
-2.0, -4.0, -8.0; 7
-1.0, -4.0, -8.0; 1
0.0, -4.0, -8.0; 1
1.0, -4.0, -8.0; 2
2.0, -4.0, -8.0; 6
3.0, -4.0, -8.0; 6
4.0, -4.0, -8.0; 2
5.0, -4.0, -8.0; 1
-7.0, -3.0, -8.0; 1
-6.0, -3.0, -8.0; 2
-5.0, -3.0, -8.0; 5
-4.0, -3.0, -8.0; 11
-3.0, -3.0, -8.0; 2
-2.0, -3.0, -8.0; 2
-1.0, -3.0, -8.0; 5
0.0, -3.0, -8.0; 1
1.0, -3.0, -8.0; 2
3.0, -3.0, -8.0; 8
5.0, -3.0, -8.0; 3
6.0, -3.0, -8.0; 1
-7.0, -2.0, -8.0; 2
-6.0, -2.0, -8.0; 3
-5.0, -2.0, -8.0; 5
-4.0, -2.0, -8.0; 14
-3.0, -2.0, -8.0; 3
-2.0, -2.0, -8.0; 4
-1.0, -2.0, -8.0; 3
0.0, -2.0, -8.0; 1
1.0, -2.0, -8.0; 2
2.0, -2.0, -8.0; 8
3.0, -2.0, -8.0; 5
4.0, -2.0, -8.0; 2
5.0, -2.0, -8.0; 1
6.0, -2.0, -8.0; 1
-7.0, -1.0, -8.0; 5
-6.0, -1.0, -8.0; 2
-5.0, -1.0, -8.0; 5
-4.0, -1.0, -8.0; 10
-3.0, -1.0, -8.0; 7
-2.0, -1.0, -8.0; 2
-1.0, -1.0, -8.0; 1
0.0, -1.0, -8.0; 3
1.0, -1.0, -8.0; 8
2.0, -1.0, -8.0; 13
3.0, -1.0, -8.0; 8
4.0, -1.0, -8.0; 1
5.0, -1.0, -8.0; 9
6.0, -1.0, -8.0; 2
-8.0, 0.0, -8.0; 1
-7.0, 0.0, -8.0; 5
-6.0, 0.0, -8.0; 13
-5.0, 0.0, -8.0; 5
-4.0, 0.0, -8.0; 7
-3.0, 0.0, -8.0; 4
-2.0, 0.0, -8.0; 4
-1.0, 0.0, -8.0; 4
0.0, 0.0, -8.0; 10
1.0, 0.0, -8.0; 10
2.0, 0.0, -8.0; 7
3.0, 0.0, -8.0; 5
4.0, 0.0, -8.0; 5
5.0, 0.0, -8.0; 3
6.0, 0.0, -8.0; 6
-7.0, 1.0, -8.0; 4
-6.0, 1.0, -8.0; 8
-5.0, 1.0, -8.0; 6
-4.0, 1.0, -8.0; 6
-3.0, 1.0, -8.0; 9
-2.0, 1.0, -8.0; 4
-1.0, 1.0, -8.0; 1
0.0, 1.0, -8.0; 5
1.0, 1.0, -8.0; 3
2.0, 1.0, -8.0; 3
3.0, 1.0, -8.0; 8
4.0, 1.0, -8.0; 4
5.0, 1.0, -8.0; 9
6.0, 1.0, -8.0; 5
-7.0, 2.0, -8.0; 2
-6.0, 2.0, -8.0; 5
-5.0, 2.0, -8.0; 5
-4.0, 2.0, -8.0; 2
-3.0, 2.0, -8.0; 5
-2.0, 2.0, -8.0; 4
-1.0, 2.0, -8.0; 4
0.0, 2.0, -8.0; 3
1.0, 2.0, -8.0; 6
2.0, 2.0, -8.0; 1
3.0, 2.0, -8.0; 4
4.0, 2.0, -8.0; 7
5.0, 2.0, -8.0; 4
-6.0, 3.0, -8.0; 4
-5.0, 3.0, -8.0; 11
-4.0, 3.0, -8.0; 8
-3.0, 3.0, -8.0; 4
-2.0, 3.0, -8.0; 1
-1.0, 3.0, -8.0; 2
0.0, 3.0, -8.0; 2
1.0, 3.0, -8.0; 2
2.0, 3.0, -8.0; 7
3.0, 3.0, -8.0; 3
4.0, 3.0, -8.0; 2
5.0, 3.0, -8.0; 2
-6.0, 4.0, -8.0; 1
-5.0, 4.0, -8.0; 5
-4.0, 4.0, -8.0; 7
-3.0, 4.0, -8.0; 4
-2.0, 4.0, -8.0; 5
-1.0, 4.0, -8.0; 3
0.0, 4.0, -8.0; 2
1.0, 4.0, -8.0; 2
2.0, 4.0, -8.0; 3
3.0, 4.0, -8.0; 6
4.0, 4.0, -8.0; 1
-5.0, 5.0, -8.0; 1
-4.0, 5.0, -8.0; 2
-3.0, 5.0, -8.0; 3
-2.0, 5.0, -8.0; 6
-1.0, 5.0, -8.0; 3
0.0, 5.0, -8.0; 3
1.0, 5.0, -8.0; 4
2.0, 5.0, -8.0; 6
4.0, 5.0, -8.0; 1
-3.0, 6.0, -8.0; 1
-2.0, 6.0, -8.0; 5
1.0, 6.0, -8.0; 1
2.0, 6.0, -8.0; 5
3.0, 6.0, -8.0; 1
-3.0, -8.0, -7.0; 2
-2.0, -8.0, -7.0; 2
-1.0, -8.0, -7.0; 3
0.0, -8.0, -7.0; 3
1.0, -8.0, -7.0; 3
2.0, -8.0, -7.0; 1
-4.0, -7.0, -7.0; 4
-3.0, -7.0, -7.0; 10
-2.0, -7.0, -7.0; 14
-1.0, -7.0, -7.0; 16
0.0, -7.0, -7.0; 11
1.0, -7.0, -7.0; 6
2.0, -7.0, -7.0; 4
3.0, -7.0, -7.0; 3
4.0, -7.0, -7.0; 2
-5.0, -6.0, -7.0; 2
-4.0, -6.0, -7.0; 7
-3.0, -6.0, -7.0; 8
-2.0, -6.0, -7.0; 7
-1.0, -6.0, -7.0; 6
0.0, -6.0, -7.0; 3
1.0, -6.0, -7.0; 3
2.0, -6.0, -7.0; 9
3.0, -6.0, -7.0; 6
4.0, -6.0, -7.0; 2
5.0, -6.0, -7.0; 2
-6.0, -5.0, -7.0; 5
-5.0, -5.0, -7.0; 19
-4.0, -5.0, -7.0; 2
-3.0, -5.0, -7.0; 6
-2.0, -5.0, -7.0; 3
-1.0, -5.0, -7.0; 3
0.0, -5.0, -7.0; 2
1.0, -5.0, -7.0; 2
2.0, -5.0, -7.0; 5
3.0, -5.0, -7.0; 4
4.0, -5.0, -7.0; 2
5.0, -5.0, -7.0; 1
-7.0, -4.0, -7.0; 4
-6.0, -4.0, -7.0; 10
-5.0, -4.0, -7.0; 11
-4.0, -4.0, -7.0; 5
-3.0, -4.0, -7.0; 3
-2.0, -4.0, -7.0; 2
-1.0, -4.0, -7.0; 2
0.0, -4.0, -7.0; 5
1.0, -4.0, -7.0; 4
2.0, -4.0, -7.0; 1
3.0, -4.0, -7.0; 2
4.0, -4.0, -7.0; 3
6.0, -4.0, -7.0; 1
-7.0, -3.0, -7.0; 6
-6.0, -3.0, -7.0; 14
-5.0, -3.0, -7.0; 16
-4.0, -3.0, -7.0; 6
-3.0, -3.0, -7.0; 1
-2.0, -3.0, -7.0; 2
-1.0, -3.0, -7.0; 7
0.0, -3.0, -7.0; 3
1.0, -3.0, -7.0; 5
2.0, -3.0, -7.0; 1
3.0, -3.0, -7.0; 4
4.0, -3.0, -7.0; 5
6.0, -3.0, -7.0; 2
7.0, -3.0, -7.0; 1
-8.0, -2.0, -7.0; 1
-7.0, -2.0, -7.0; 4
-6.0, -2.0, -7.0; 11
-5.0, -2.0, -7.0; 19
-3.0, -2.0, -7.0; 1
-2.0, -2.0, -7.0; 5
-1.0, -2.0, -7.0; 5
0.0, -2.0, -7.0; 5
1.0, -2.0, -7.0; 3
2.0, -2.0, -7.0; 3
3.0, -2.0, -7.0; 9
4.0, -2.0, -7.0; 4
5.0, -2.0, -7.0; 1
7.0, -2.0, -7.0; 3
-8.0, -1.0, -7.0; 1
-7.0, -1.0, -7.0; 4
-6.0, -1.0, -7.0; 16
-5.0, -1.0, -7.0; 9
-4.0, -1.0, -7.0; 8
-3.0, -1.0, -7.0; 4
-1.0, -1.0, -7.0; 11
0.0, -1.0, -7.0; 3
1.0, -1.0, -7.0; 3
2.0, -1.0, -7.0; 11
3.0, -1.0, -7.0; 17
4.0, -1.0, -7.0; 3
5.0, -1.0, -7.0; 1
6.0, -1.0, -7.0; 2
7.0, -1.0, -7.0; 1
-8.0, 0.0, -7.0; 4
-7.0, 0.0, -7.0; 5
-6.0, 0.0, -7.0; 12
-5.0, 0.0, -7.0; 4
-4.0, 0.0, -7.0; 1
-2.0, 0.0, -7.0; 1
-1.0, 0.0, -7.0; 2
0.0, 0.0, -7.0; 1
1.0, 0.0, -7.0; 7
2.0, 0.0, -7.0; 22
3.0, 0.0, -7.0; 11
4.0, 0.0, -7.0; 1
5.0, 0.0, -7.0; 2
6.0, 0.0, -7.0; 6
7.0, 0.0, -7.0; 3
-7.0, 1.0, -7.0; 5
-6.0, 1.0, -7.0; 6
-5.0, 1.0, -7.0; 13
-4.0, 1.0, -7.0; 2
-2.0, 1.0, -7.0; 3
-1.0, 1.0, -7.0; 3
0.0, 1.0, -7.0; 6
1.0, 1.0, -7.0; 7
2.0, 1.0, -7.0; 5
3.0, 1.0, -7.0; 6
4.0, 1.0, -7.0; 5
5.0, 1.0, -7.0; 4
6.0, 1.0, -7.0; 1
7.0, 1.0, -7.0; 1
-8.0, 2.0, -7.0; 1
-7.0, 2.0, -7.0; 5
-6.0, 2.0, -7.0; 13
-5.0, 2.0, -7.0; 6
-4.0, 2.0, -7.0; 1
-3.0, 2.0, -7.0; 1
-2.0, 2.0, -7.0; 1
-1.0, 2.0, -7.0; 2
0.0, 2.0, -7.0; 5
1.0, 2.0, -7.0; 3
2.0, 2.0, -7.0; 5
3.0, 2.0, -7.0; 10
4.0, 2.0, -7.0; 6
5.0, 2.0, -7.0; 2
6.0, 2.0, -7.0; 1
-7.0, 3.0, -7.0; 7
-6.0, 3.0, -7.0; 6
-5.0, 3.0, -7.0; 7
-4.0, 3.0, -7.0; 2
-3.0, 3.0, -7.0; 3
-2.0, 3.0, -7.0; 6
-1.0, 3.0, -7.0; 2
0.0, 3.0, -7.0; 3
1.0, 3.0, -7.0; 3
2.0, 3.0, -7.0; 5
3.0, 3.0, -7.0; 3
4.0, 3.0, -7.0; 1
6.0, 3.0, -7.0; 3
-7.0, 4.0, -7.0; 1
-6.0, 4.0, -7.0; 5
-5.0, 4.0, -7.0; 5
-4.0, 4.0, -7.0; 2
-3.0, 4.0, -7.0; 2
-2.0, 4.0, -7.0; 1
-1.0, 4.0, -7.0; 2
0.0, 4.0, -7.0; 4
1.0, 4.0, -7.0; 3
2.0, 4.0, -7.0; 5
3.0, 4.0, -7.0; 7
4.0, 4.0, -7.0; 3
5.0, 4.0, -7.0; 5
-6.0, 5.0, -7.0; 2
-5.0, 5.0, -7.0; 6
-4.0, 5.0, -7.0; 3
-3.0, 5.0, -7.0; 2
-2.0, 5.0, -7.0; 2
-1.0, 5.0, -7.0; 2
0.0, 5.0, -7.0; 1
1.0, 5.0, -7.0; 5
2.0, 5.0, -7.0; 4
3.0, 5.0, -7.0; 7
4.0, 5.0, -7.0; 4
-4.0, 6.0, -7.0; 6
-3.0, 6.0, -7.0; 5
-1.0, 6.0, -7.0; 4
0.0, 6.0, -7.0; 4
1.0, 6.0, -7.0; 3
2.0, 6.0, -7.0; 3
3.0, 6.0, -7.0; 3
4.0, 6.0, -7.0; 2
-3.0, 7.0, -7.0; 1
-2.0, 7.0, -7.0; 4
-1.0, 7.0, -7.0; 1
0.0, 7.0, -7.0; 3
1.0, 7.0, -7.0; 1
-2.0, -9.0, -6.0; 1
-1.0, -9.0, -6.0; 1
0.0, -9.0, -6.0; 2
1.0, -9.0, -6.0; 1
2.0, -9.0, -6.0; 1
-4.0, -8.0, -6.0; 1
-3.0, -8.0, -6.0; 19
-2.0, -8.0, -6.0; 130
-1.0, -8.0, -6.0; 169
0.0, -8.0, -6.0; 23
1.0, -8.0, -6.0; 9
2.0, -8.0, -6.0; 8
3.0, -8.0, -6.0; 4
4.0, -8.0, -6.0; 2
-6.0, -7.0, -6.0; 3
-5.0, -7.0, -6.0; 3
-4.0, -7.0, -6.0; 9
-3.0, -7.0, -6.0; 35
-2.0, -7.0, -6.0; 182
-1.0, -7.0, -6.0; 131
0.0, -7.0, -6.0; 16
1.0, -7.0, -6.0; 13
2.0, -7.0, -6.0; 5
3.0, -7.0, -6.0; 3
4.0, -7.0, -6.0; 3
5.0, -7.0, -6.0; 1
-6.0, -6.0, -6.0; 4
-5.0, -6.0, -6.0; 23
-4.0, -6.0, -6.0; 8
-3.0, -6.0, -6.0; 30
-2.0, -6.0, -6.0; 24
-1.0, -6.0, -6.0; 13
0.0, -6.0, -6.0; 13
1.0, -6.0, -6.0; 6
2.0, -6.0, -6.0; 3
3.0, -6.0, -6.0; 2
4.0, -6.0, -6.0; 8
5.0, -6.0, -6.0; 3
6.0, -6.0, -6.0; 1
-7.0, -5.0, -6.0; 4
-6.0, -5.0, -6.0; 22
-5.0, -5.0, -6.0; 14
-4.0, -5.0, -6.0; 8
-3.0, -5.0, -6.0; 11
-2.0, -5.0, -6.0; 9
-1.0, -5.0, -6.0; 8
0.0, -5.0, -6.0; 15
1.0, -5.0, -6.0; 20
2.0, -5.0, -6.0; 6
3.0, -5.0, -6.0; 1
4.0, -5.0, -6.0; 1
5.0, -5.0, -6.0; 6
-8.0, -4.0, -6.0; 2
-7.0, -4.0, -6.0; 10
-6.0, -4.0, -6.0; 11
-5.0, -4.0, -6.0; 11
-4.0, -4.0, -6.0; 12
-3.0, -4.0, -6.0; 12
-2.0, -4.0, -6.0; 11
-1.0, -4.0, -6.0; 10
0.0, -4.0, -6.0; 19
1.0, -4.0, -6.0; 21
2.0, -4.0, -6.0; 15
3.0, -4.0, -6.0; 7
4.0, -4.0, -6.0; 3
5.0, -4.0, -6.0; 2
6.0, -4.0, -6.0; 1
7.0, -4.0, -6.0; 2
-8.0, -3.0, -6.0; 2
-7.0, -3.0, -6.0; 13
-6.0, -3.0, -6.0; 9
-5.0, -3.0, -6.0; 2
-4.0, -3.0, -6.0; 5
-3.0, -3.0, -6.0; 8
-2.0, -3.0, -6.0; 12
-1.0, -3.0, -6.0; 56
0.0, -3.0, -6.0; 108
1.0, -3.0, -6.0; 16
2.0, -3.0, -6.0; 10
3.0, -3.0, -6.0; 3
4.0, -3.0, -6.0; 7
7.0, -3.0, -6.0; 1
8.0, -3.0, -6.0; 1
-8.0, -2.0, -6.0; 5
-7.0, -2.0, -6.0; 8
-6.0, -2.0, -6.0; 4
-5.0, -2.0, -6.0; 3
-4.0, -2.0, -6.0; 10
-3.0, -2.0, -6.0; 28
-2.0, -2.0, -6.0; 50
-1.0, -2.0, -6.0; 76
0.0, -2.0, -6.0; 70
1.0, -2.0, -6.0; 34
2.0, -2.0, -6.0; 9
3.0, -2.0, -6.0; 17
4.0, -2.0, -6.0; 16
5.0, -2.0, -6.0; 3
6.0, -2.0, -6.0; 1
7.0, -2.0, -6.0; 1
-8.0, -1.0, -6.0; 6
-7.0, -1.0, -6.0; 8
-6.0, -1.0, -6.0; 10
-4.0, -1.0, -6.0; 1
-3.0, -1.0, -6.0; 12
-2.0, -1.0, -6.0; 66
-1.0, -1.0, -6.0; 56
0.0, -1.0, -6.0; 27
1.0, -1.0, -6.0; 30
2.0, -1.0, -6.0; 4
3.0, -1.0, -6.0; 39
4.0, -1.0, -6.0; 31
5.0, -1.0, -6.0; 1
7.0, -1.0, -6.0; 2
-9.0, 0.0, -6.0; 1
-8.0, 0.0, -6.0; 4
-7.0, 0.0, -6.0; 9
-6.0, 0.0, -6.0; 14
-5.0, 0.0, -6.0; 3
-3.0, 0.0, -6.0; 6
-2.0, 0.0, -6.0; 20
-1.0, 0.0, -6.0; 13
0.0, 0.0, -6.0; 6
1.0, 0.0, -6.0; 5
2.0, 0.0, -6.0; 12
3.0, 0.0, -6.0; 69
4.0, 0.0, -6.0; 9
5.0, 0.0, -6.0; 4
6.0, 0.0, -6.0; 2
7.0, 0.0, -6.0; 1
8.0, 0.0, -6.0; 1
-8.0, 1.0, -6.0; 7
-7.0, 1.0, -6.0; 14
-6.0, 1.0, -6.0; 19
-5.0, 1.0, -6.0; 4
-4.0, 1.0, -6.0; 2
-3.0, 1.0, -6.0; 8
-2.0, 1.0, -6.0; 14
-1.0, 1.0, -6.0; 9
0.0, 1.0, -6.0; 7
1.0, 1.0, -6.0; 3
2.0, 1.0, -6.0; 12
3.0, 1.0, -6.0; 17
4.0, 1.0, -6.0; 6
5.0, 1.0, -6.0; 11
6.0, 1.0, -6.0; 2
7.0, 1.0, -6.0; 1
-8.0, 2.0, -6.0; 3
-7.0, 2.0, -6.0; 4
-6.0, 2.0, -6.0; 2
-5.0, 2.0, -6.0; 29
-4.0, 2.0, -6.0; 25
-3.0, 2.0, -6.0; 17
-2.0, 2.0, -6.0; 26
-1.0, 2.0, -6.0; 22
0.0, 2.0, -6.0; 44
1.0, 2.0, -6.0; 1
2.0, 2.0, -6.0; 13
3.0, 2.0, -6.0; 22
4.0, 2.0, -6.0; 12
5.0, 2.0, -6.0; 5
6.0, 2.0, -6.0; 3
7.0, 2.0, -6.0; 1
-8.0, 3.0, -6.0; 5
-7.0, 3.0, -6.0; 2
-6.0, 3.0, -6.0; 1
-5.0, 3.0, -6.0; 4
-4.0, 3.0, -6.0; 17
-3.0, 3.0, -6.0; 14
-2.0, 3.0, -6.0; 5
-1.0, 3.0, -6.0; 4
0.0, 3.0, -6.0; 10
1.0, 3.0, -6.0; 3
2.0, 3.0, -6.0; 10
3.0, 3.0, -6.0; 23
4.0, 3.0, -6.0; 22
5.0, 3.0, -6.0; 3
6.0, 3.0, -6.0; 2
-8.0, 4.0, -6.0; 2
-7.0, 4.0, -6.0; 9
-6.0, 4.0, -6.0; 4
-5.0, 4.0, -6.0; 5
-4.0, 4.0, -6.0; 5
-3.0, 4.0, -6.0; 2
-2.0, 4.0, -6.0; 7
-1.0, 4.0, -6.0; 4
0.0, 4.0, -6.0; 5
1.0, 4.0, -6.0; 5
2.0, 4.0, -6.0; 7
3.0, 4.0, -6.0; 10
4.0, 4.0, -6.0; 4
5.0, 4.0, -6.0; 3
6.0, 4.0, -6.0; 3
-7.0, 5.0, -6.0; 6
-6.0, 5.0, -6.0; 3
-5.0, 5.0, -6.0; 4
-4.0, 5.0, -6.0; 15
-3.0, 5.0, -6.0; 7
-2.0, 5.0, -6.0; 3
-1.0, 5.0, -6.0; 6
0.0, 5.0, -6.0; 4
1.0, 5.0, -6.0; 3
2.0, 5.0, -6.0; 4
4.0, 5.0, -6.0; 6
5.0, 5.0, -6.0; 3
6.0, 5.0, -6.0; 1
-6.0, 6.0, -6.0; 2
-5.0, 6.0, -6.0; 4
-4.0, 6.0, -6.0; 2
-3.0, 6.0, -6.0; 3
-2.0, 6.0, -6.0; 7
-1.0, 6.0, -6.0; 4
0.0, 6.0, -6.0; 3
1.0, 6.0, -6.0; 6
2.0, 6.0, -6.0; 1
3.0, 6.0, -6.0; 3
4.0, 6.0, -6.0; 3
-4.0, 7.0, -6.0; 2
-3.0, 7.0, -6.0; 9
-2.0, 7.0, -6.0; 5
-1.0, 7.0, -6.0; 4
0.0, 7.0, -6.0; 6
1.0, 7.0, -6.0; 5
2.0, 7.0, -6.0; 1
3.0, 7.0, -6.0; 1
4.0, 7.0, -6.0; 1
-3.0, 8.0, -6.0; 1
-2.0, 8.0, -6.0; 3
-1.0, 8.0, -6.0; 9
0.0, 8.0, -6.0; 4
1.0, 8.0, -6.0; 2
-3.0, -9.0, -5.0; 4
-2.0, -9.0, -5.0; 14
-1.0, -9.0, -5.0; 18
0.0, -9.0, -5.0; 12
1.0, -9.0, -5.0; 14
2.0, -9.0, -5.0; 11
3.0, -9.0, -5.0; 4
-6.0, -8.0, -5.0; 1
-5.0, -8.0, -5.0; 3
-4.0, -8.0, -5.0; 5
-3.0, -8.0, -5.0; 37
-2.0, -8.0, -5.0; 552
-1.0, -8.0, -5.0; 490
0.0, -8.0, -5.0; 28
1.0, -8.0, -5.0; 8
2.0, -8.0, -5.0; 6
3.0, -8.0, -5.0; 11
4.0, -8.0, -5.0; 9
5.0, -8.0, -5.0; 1
-6.0, -7.0, -5.0; 4
-5.0, -7.0, -5.0; 8
-4.0, -7.0, -5.0; 7
-3.0, -7.0, -5.0; 15
-2.0, -7.0, -5.0; 81
-1.0, -7.0, -5.0; 49
0.0, -7.0, -5.0; 28
1.0, -7.0, -5.0; 4
2.0, -7.0, -5.0; 10
3.0, -7.0, -5.0; 7
4.0, -7.0, -5.0; 2
5.0, -7.0, -5.0; 7
6.0, -7.0, -5.0; 2
-7.0, -6.0, -5.0; 8
-6.0, -6.0, -5.0; 10
-5.0, -6.0, -5.0; 6
-4.0, -6.0, -5.0; 6
-3.0, -6.0, -5.0; 2
-2.0, -6.0, -5.0; 4
-1.0, -6.0, -5.0; 3
0.0, -6.0, -5.0; 40
1.0, -6.0, -5.0; 41
2.0, -6.0, -5.0; 20
3.0, -6.0, -5.0; 8
4.0, -6.0, -5.0; 4
5.0, -6.0, -5.0; 6
6.0, -6.0, -5.0; 3
-8.0, -5.0, -5.0; 3
-7.0, -5.0, -5.0; 16
-6.0, -5.0, -5.0; 3
-5.0, -5.0, -5.0; 6
-4.0, -5.0, -5.0; 2
-3.0, -5.0, -5.0; 14
-2.0, -5.0, -5.0; 10
-1.0, -5.0, -5.0; 16
0.0, -5.0, -5.0; 43
1.0, -5.0, -5.0; 78
2.0, -5.0, -5.0; 29
3.0, -5.0, -5.0; 10
4.0, -5.0, -5.0; 6
5.0, -5.0, -5.0; 2
7.0, -5.0, -5.0; 1
-9.0, -4.0, -5.0; 3
-8.0, -4.0, -5.0; 3
-7.0, -4.0, -5.0; 10
-6.0, -4.0, -5.0; 8
-5.0, -4.0, -5.0; 5
-4.0, -4.0, -5.0; 22
-3.0, -4.0, -5.0; 79
-2.0, -4.0, -5.0; 89
-1.0, -4.0, -5.0; 33
0.0, -4.0, -5.0; 27
1.0, -4.0, -5.0; 108
2.0, -4.0, -5.0; 25
3.0, -4.0, -5.0; 12
4.0, -4.0, -5.0; 5
5.0, -4.0, -5.0; 3
6.0, -4.0, -5.0; 3
7.0, -4.0, -5.0; 1
-9.0, -3.0, -5.0; 1
-8.0, -3.0, -5.0; 6
-7.0, -3.0, -5.0; 5
-6.0, -3.0, -5.0; 3
-5.0, -3.0, -5.0; 4
-4.0, -3.0, -5.0; 65
-3.0, -3.0, -5.0; 1397
-2.0, -3.0, -5.0; 447
-1.0, -3.0, -5.0; 17
0.0, -3.0, -5.0; 277
1.0, -3.0, -5.0; 2353
2.0, -3.0, -5.0; 51
3.0, -3.0, -5.0; 5
4.0, -3.0, -5.0; 9
5.0, -3.0, -5.0; 11
6.0, -3.0, -5.0; 1
8.0, -3.0, -5.0; 1
-9.0, -2.0, -5.0; 3
-8.0, -2.0, -5.0; 1
-7.0, -2.0, -5.0; 6
-6.0, -2.0, -5.0; 2
-5.0, -2.0, -5.0; 1
-4.0, -2.0, -5.0; 10
-3.0, -2.0, -5.0; 174
-2.0, -2.0, -5.0; 51
-1.0, -2.0, -5.0; 13
0.0, -2.0, -5.0; 57
1.0, -2.0, -5.0; 130
2.0, -2.0, -5.0; 20
3.0, -2.0, -5.0; 7
4.0, -2.0, -5.0; 22
5.0, -2.0, -5.0; 13
6.0, -2.0, -5.0; 1
7.0, -2.0, -5.0; 1
-9.0, -1.0, -5.0; 1
-8.0, -1.0, -5.0; 1
-7.0, -1.0, -5.0; 15
-6.0, -1.0, -5.0; 2
-5.0, -1.0, -5.0; 3
-4.0, -1.0, -5.0; 39
-3.0, -1.0, -5.0; 66
-2.0, -1.0, -5.0; 50
-1.0, -1.0, -5.0; 30
0.0, -1.0, -5.0; 12
1.0, -1.0, -5.0; 7
2.0, -1.0, -5.0; 4
3.0, -1.0, -5.0; 5
4.0, -1.0, -5.0; 31
5.0, -1.0, -5.0; 9
6.0, -1.0, -5.0; 3
7.0, -1.0, -5.0; 1
8.0, -1.0, -5.0; 2
-9.0, 0.0, -5.0; 2
-8.0, 0.0, -5.0; 6
-7.0, 0.0, -5.0; 22
-6.0, 0.0, -5.0; 7
-5.0, 0.0, -5.0; 3
-4.0, 0.0, -5.0; 25
-3.0, 0.0, -5.0; 36
-2.0, 0.0, -5.0; 17
-1.0, 0.0, -5.0; 17
0.0, 0.0, -5.0; 9
3.0, 0.0, -5.0; 34
4.0, 0.0, -5.0; 10
5.0, 0.0, -5.0; 1
6.0, 0.0, -5.0; 3
7.0, 0.0, -5.0; 1
-9.0, 1.0, -5.0; 3
-8.0, 1.0, -5.0; 6
-7.0, 1.0, -5.0; 8
-6.0, 1.0, -5.0; 5
-5.0, 1.0, -5.0; 11
-4.0, 1.0, -5.0; 7
-3.0, 1.0, -5.0; 1
-2.0, 1.0, -5.0; 3
-1.0, 1.0, -5.0; 1
0.0, 1.0, -5.0; 4
3.0, 1.0, -5.0; 6
4.0, 1.0, -5.0; 7
5.0, 1.0, -5.0; 7
6.0, 1.0, -5.0; 2
7.0, 1.0, -5.0; 1
-9.0, 2.0, -5.0; 3
-8.0, 2.0, -5.0; 7
-7.0, 2.0, -5.0; 5
-6.0, 2.0, -5.0; 40
-5.0, 2.0, -5.0; 47
-4.0, 2.0, -5.0; 8
-3.0, 2.0, -5.0; 20
-2.0, 2.0, -5.0; 13
-1.0, 2.0, -5.0; 12
0.0, 2.0, -5.0; 40
1.0, 2.0, -5.0; 18
2.0, 2.0, -5.0; 6
3.0, 2.0, -5.0; 16
4.0, 2.0, -5.0; 13
5.0, 2.0, -5.0; 5
6.0, 2.0, -5.0; 2
7.0, 2.0, -5.0; 5
8.0, 2.0, -5.0; 1
-9.0, 3.0, -5.0; 2
-8.0, 3.0, -5.0; 5
-7.0, 3.0, -5.0; 5
-6.0, 3.0, -5.0; 5
-5.0, 3.0, -5.0; 17
-4.0, 3.0, -5.0; 9
-3.0, 3.0, -5.0; 14
-2.0, 3.0, -5.0; 6
-1.0, 3.0, -5.0; 27
0.0, 3.0, -5.0; 51
1.0, 3.0, -5.0; 30
2.0, 3.0, -5.0; 2
3.0, 3.0, -5.0; 20
4.0, 3.0, -5.0; 35
5.0, 3.0, -5.0; 3
6.0, 3.0, -5.0; 6
-9.0, 4.0, -5.0; 1
-8.0, 4.0, -5.0; 4
-7.0, 4.0, -5.0; 8
-6.0, 4.0, -5.0; 13
-5.0, 4.0, -5.0; 14
-3.0, 4.0, -5.0; 4
-2.0, 4.0, -5.0; 25
-1.0, 4.0, -5.0; 29
0.0, 4.0, -5.0; 8
1.0, 4.0, -5.0; 12
2.0, 4.0, -5.0; 9
3.0, 4.0, -5.0; 19
4.0, 4.0, -5.0; 19
5.0, 4.0, -5.0; 9
6.0, 4.0, -5.0; 5
7.0, 4.0, -5.0; 2
-7.0, 5.0, -5.0; 6
-6.0, 5.0, -5.0; 12
-5.0, 5.0, -5.0; 40
-4.0, 5.0, -5.0; 17
-3.0, 5.0, -5.0; 2
-2.0, 5.0, -5.0; 2
-1.0, 5.0, -5.0; 9
0.0, 5.0, -5.0; 7
1.0, 5.0, -5.0; 9
2.0, 5.0, -5.0; 11
3.0, 5.0, -5.0; 13
4.0, 5.0, -5.0; 13
5.0, 5.0, -5.0; 4
6.0, 5.0, -5.0; 2
-7.0, 6.0, -5.0; 6
-6.0, 6.0, -5.0; 3
-5.0, 6.0, -5.0; 6
-4.0, 6.0, -5.0; 23
-3.0, 6.0, -5.0; 17
-2.0, 6.0, -5.0; 6
-1.0, 6.0, -5.0; 4
0.0, 6.0, -5.0; 2
1.0, 6.0, -5.0; 2
2.0, 6.0, -5.0; 3
3.0, 6.0, -5.0; 1
5.0, 6.0, -5.0; 2
-6.0, 7.0, -5.0; 1
-5.0, 7.0, -5.0; 1
-4.0, 7.0, -5.0; 3
-3.0, 7.0, -5.0; 3
-1.0, 7.0, -5.0; 3
0.0, 7.0, -5.0; 7
1.0, 7.0, -5.0; 7
2.0, 7.0, -5.0; 5
3.0, 7.0, -5.0; 2
-4.0, 8.0, -5.0; 2
-3.0, 8.0, -5.0; 6
-2.0, 8.0, -5.0; 16
-1.0, 8.0, -5.0; 16
0.0, 8.0, -5.0; 26
1.0, 8.0, -5.0; 14
2.0, 8.0, -5.0; 2
0.0, 9.0, -5.0; 1
-3.0, -10.0, -4.0; 1
-2.0, -10.0, -4.0; 2
-1.0, -10.0, -4.0; 7
0.0, -10.0, -4.0; 12
1.0, -10.0, -4.0; 8
-5.0, -9.0, -4.0; 2
-4.0, -9.0, -4.0; 2
-3.0, -9.0, -4.0; 7
-2.0, -9.0, -4.0; 23
-1.0, -9.0, -4.0; 44
0.0, -9.0, -4.0; 17
1.0, -9.0, -4.0; 22
2.0, -9.0, -4.0; 8
3.0, -9.0, -4.0; 7
4.0, -9.0, -4.0; 1
-5.0, -8.0, -4.0; 4
-4.0, -8.0, -4.0; 5
-3.0, -8.0, -4.0; 10
-2.0, -8.0, -4.0; 54
-1.0, -8.0, -4.0; 38
0.0, -8.0, -4.0; 13
1.0, -8.0, -4.0; 8
2.0, -8.0, -4.0; 10
3.0, -8.0, -4.0; 3
4.0, -8.0, -4.0; 6
5.0, -8.0, -4.0; 8
-7.0, -7.0, -4.0; 6
-6.0, -7.0, -4.0; 6
-5.0, -7.0, -4.0; 1
-4.0, -7.0, -4.0; 3
-3.0, -7.0, -4.0; 4
-2.0, -7.0, -4.0; 3
-1.0, -7.0, -4.0; 13
0.0, -7.0, -4.0; 26
1.0, -7.0, -4.0; 17
2.0, -7.0, -4.0; 20
3.0, -7.0, -4.0; 4
4.0, -7.0, -4.0; 7
5.0, -7.0, -4.0; 8
6.0, -7.0, -4.0; 2
7.0, -7.0, -4.0; 1
-8.0, -6.0, -4.0; 5
-7.0, -6.0, -4.0; 13
-6.0, -6.0, -4.0; 2
-5.0, -6.0, -4.0; 2
-4.0, -6.0, -4.0; 1
-3.0, -6.0, -4.0; 1
-1.0, -6.0, -4.0; 8
0.0, -6.0, -4.0; 39
1.0, -6.0, -4.0; 172
2.0, -6.0, -4.0; 33
3.0, -6.0, -4.0; 16
4.0, -6.0, -4.0; 11
5.0, -6.0, -4.0; 4
6.0, -6.0, -4.0; 3
-8.0, -5.0, -4.0; 11
-7.0, -5.0, -4.0; 2
-6.0, -5.0, -4.0; 4
-5.0, -5.0, -4.0; 5
-4.0, -5.0, -4.0; 1
-3.0, -5.0, -4.0; 4
-2.0, -5.0, -4.0; 13
-1.0, -5.0, -4.0; 71
0.0, -5.0, -4.0; 33
1.0, -5.0, -4.0; 118
2.0, -5.0, -4.0; 46
3.0, -5.0, -4.0; 27
4.0, -5.0, -4.0; 16
5.0, -5.0, -4.0; 2
6.0, -5.0, -4.0; 1
-9.0, -4.0, -4.0; 2
-8.0, -4.0, -4.0; 12
-7.0, -4.0, -4.0; 3
-6.0, -4.0, -4.0; 5
-5.0, -4.0, -4.0; 9
-4.0, -4.0, -4.0; 20
-3.0, -4.0, -4.0; 12
-2.0, -4.0, -4.0; 13
-1.0, -4.0, -4.0; 18
0.0, -4.0, -4.0; 12
1.0, -4.0, -4.0; 89
2.0, -4.0, -4.0; 77
3.0, -4.0, -4.0; 13
4.0, -4.0, -4.0; 5
5.0, -4.0, -4.0; 6
6.0, -4.0, -4.0; 5
7.0, -4.0, -4.0; 1
-9.0, -3.0, -4.0; 5
-8.0, -3.0, -4.0; 12
-7.0, -3.0, -4.0; 4
-6.0, -3.0, -4.0; 2
-5.0, -3.0, -4.0; 32
-4.0, -3.0, -4.0; 134
-3.0, -3.0, -4.0; 31
1.0, -3.0, -4.0; 354
2.0, -3.0, -4.0; 90
3.0, -3.0, -4.0; 17
4.0, -3.0, -4.0; 7
5.0, -3.0, -4.0; 13
6.0, -3.0, -4.0; 4
7.0, -3.0, -4.0; 1
8.0, -3.0, -4.0; 1
-9.0, -2.0, -4.0; 7
-8.0, -2.0, -4.0; 4
-7.0, -2.0, -4.0; 7
-5.0, -2.0, -4.0; 4
-4.0, -2.0, -4.0; 14
0.0, -2.0, -4.0; 1
1.0, -2.0, -4.0; 6
2.0, -2.0, -4.0; 13
4.0, -2.0, -4.0; 11
5.0, -2.0, -4.0; 9
6.0, -2.0, -4.0; 11
7.0, -2.0, -4.0; 6
8.0, -2.0, -4.0; 1
-9.0, -1.0, -4.0; 2
-8.0, -1.0, -4.0; 9
-7.0, -1.0, -4.0; 10
-6.0, -1.0, -4.0; 4
-5.0, -1.0, -4.0; 1
-4.0, -1.0, -4.0; 9
-3.0, -1.0, -4.0; 1
2.0, -1.0, -4.0; 1
3.0, -1.0, -4.0; 1
4.0, -1.0, -4.0; 16
5.0, -1.0, -4.0; 9
6.0, -1.0, -4.0; 6
7.0, -1.0, -4.0; 3
8.0, -1.0, -4.0; 2
-9.0, 0.0, -4.0; 2
-8.0, 0.0, -4.0; 12
-7.0, 0.0, -4.0; 8
-6.0, 0.0, -4.0; 7
-5.0, 0.0, -4.0; 17
-4.0, 0.0, -4.0; 10
2.0, 0.0, -4.0; 2
3.0, 0.0, -4.0; 4
4.0, 0.0, -4.0; 6
5.0, 0.0, -4.0; 4
6.0, 0.0, -4.0; 4
7.0, 0.0, -4.0; 1
-9.0, 1.0, -4.0; 7
-8.0, 1.0, -4.0; 7
-7.0, 1.0, -4.0; 7
-6.0, 1.0, -4.0; 22
-5.0, 1.0, -4.0; 25
-4.0, 1.0, -4.0; 56
2.0, 1.0, -4.0; 1
3.0, 1.0, -4.0; 1
4.0, 1.0, -4.0; 5
5.0, 1.0, -4.0; 7
6.0, 1.0, -4.0; 2
9.0, 1.0, -4.0; 1
-9.0, 2.0, -4.0; 4
-8.0, 2.0, -4.0; 1
-7.0, 2.0, -4.0; 5
-6.0, 2.0, -4.0; 110
-5.0, 2.0, -4.0; 12
-4.0, 2.0, -4.0; 18
-2.0, 2.0, -4.0; 1
1.0, 2.0, -4.0; 2
2.0, 2.0, -4.0; 1
3.0, 2.0, -4.0; 6
4.0, 2.0, -4.0; 6
5.0, 2.0, -4.0; 11
6.0, 2.0, -4.0; 3
7.0, 2.0, -4.0; 4
-9.0, 3.0, -4.0; 4
-8.0, 3.0, -4.0; 3
-7.0, 3.0, -4.0; 6
-6.0, 3.0, -4.0; 17
-5.0, 3.0, -4.0; 8
-4.0, 3.0, -4.0; 3
-3.0, 3.0, -4.0; 1
-2.0, 3.0, -4.0; 1
-1.0, 3.0, -4.0; 2
0.0, 3.0, -4.0; 5
1.0, 3.0, -4.0; 17
3.0, 3.0, -4.0; 4
4.0, 3.0, -4.0; 19
5.0, 3.0, -4.0; 28
6.0, 3.0, -4.0; 4
7.0, 3.0, -4.0; 4
8.0, 3.0, -4.0; 3
-9.0, 4.0, -4.0; 2
-8.0, 4.0, -4.0; 4
-7.0, 4.0, -4.0; 14
-6.0, 4.0, -4.0; 10
-5.0, 4.0, -4.0; 1
-4.0, 4.0, -4.0; 1
-3.0, 4.0, -4.0; 7
-2.0, 4.0, -4.0; 52
-1.0, 4.0, -4.0; 47
0.0, 4.0, -4.0; 65
1.0, 4.0, -4.0; 33
2.0, 4.0, -4.0; 14
3.0, 4.0, -4.0; 32
4.0, 4.0, -4.0; 44
5.0, 4.0, -4.0; 19
6.0, 4.0, -4.0; 2
7.0, 4.0, -4.0; 1
-8.0, 5.0, -4.0; 7
-7.0, 5.0, -4.0; 8
-6.0, 5.0, -4.0; 12
-5.0, 5.0, -4.0; 18
-3.0, 5.0, -4.0; 5
-2.0, 5.0, -4.0; 96
-1.0, 5.0, -4.0; 368
0.0, 5.0, -4.0; 195
1.0, 5.0, -4.0; 47
2.0, 5.0, -4.0; 26
3.0, 5.0, -4.0; 28
4.0, 5.0, -4.0; 20
5.0, 5.0, -4.0; 4
6.0, 5.0, -4.0; 2
-8.0, 6.0, -4.0; 1
-7.0, 6.0, -4.0; 6
-6.0, 6.0, -4.0; 9
-5.0, 6.0, -4.0; 16
-4.0, 6.0, -4.0; 6
-3.0, 6.0, -4.0; 3
-2.0, 6.0, -4.0; 2
-1.0, 6.0, -4.0; 10
0.0, 6.0, -4.0; 10
1.0, 6.0, -4.0; 12
2.0, 6.0, -4.0; 9
3.0, 6.0, -4.0; 8
4.0, 6.0, -4.0; 4
5.0, 6.0, -4.0; 5
6.0, 6.0, -4.0; 1
-6.0, 7.0, -4.0; 3
-5.0, 7.0, -4.0; 3
-4.0, 7.0, -4.0; 6
-3.0, 7.0, -4.0; 2
-2.0, 7.0, -4.0; 3
-1.0, 7.0, -4.0; 2
0.0, 7.0, -4.0; 9
1.0, 7.0, -4.0; 6
2.0, 7.0, -4.0; 7
3.0, 7.0, -4.0; 8
4.0, 7.0, -4.0; 4
5.0, 7.0, -4.0; 3
-5.0, 8.0, -4.0; 2
-4.0, 8.0, -4.0; 2
-3.0, 8.0, -4.0; 9
-2.0, 8.0, -4.0; 8
-1.0, 8.0, -4.0; 20
0.0, 8.0, -4.0; 20
1.0, 8.0, -4.0; 24
2.0, 8.0, -4.0; 8
3.0, 8.0, -4.0; 3
4.0, 8.0, -4.0; 2
-2.0, 9.0, -4.0; 4
-1.0, 9.0, -4.0; 17
0.0, 9.0, -4.0; 33
1.0, 9.0, -4.0; 11
2.0, 9.0, -4.0; 2
-4.0, -10.0, -3.0; 4
-3.0, -10.0, -3.0; 24
-2.0, -10.0, -3.0; 63
-1.0, -10.0, -3.0; 90
0.0, -10.0, -3.0; 87
1.0, -10.0, -3.0; 56
2.0, -10.0, -3.0; 17
-6.0, -9.0, -3.0; 1
-5.0, -9.0, -3.0; 1
-4.0, -9.0, -3.0; 13
-3.0, -9.0, -3.0; 19
-2.0, -9.0, -3.0; 29
-1.0, -9.0, -3.0; 34
0.0, -9.0, -3.0; 29
1.0, -9.0, -3.0; 28
2.0, -9.0, -3.0; 22
3.0, -9.0, -3.0; 10
4.0, -9.0, -3.0; 6
5.0, -9.0, -3.0; 2
-7.0, -8.0, -3.0; 2
-6.0, -8.0, -3.0; 8
-5.0, -8.0, -3.0; 1
-4.0, -8.0, -3.0; 1
-3.0, -8.0, -3.0; 6
-2.0, -8.0, -3.0; 2
-1.0, -8.0, -3.0; 15
0.0, -8.0, -3.0; 11
1.0, -8.0, -3.0; 4
2.0, -8.0, -3.0; 4
3.0, -8.0, -3.0; 3
4.0, -8.0, -3.0; 5
5.0, -8.0, -3.0; 5
-8.0, -7.0, -3.0; 5
-7.0, -7.0, -3.0; 5
-6.0, -7.0, -3.0; 4
-5.0, -7.0, -3.0; 1
-4.0, -7.0, -3.0; 1
-3.0, -7.0, -3.0; 1
-1.0, -7.0, -3.0; 8
0.0, -7.0, -3.0; 59
1.0, -7.0, -3.0; 59
2.0, -7.0, -3.0; 8
3.0, -7.0, -3.0; 6
4.0, -7.0, -3.0; 11
5.0, -7.0, -3.0; 12
6.0, -7.0, -3.0; 3
7.0, -7.0, -3.0; 1
-9.0, -6.0, -3.0; 2
-8.0, -6.0, -3.0; 4
-7.0, -6.0, -3.0; 8
-6.0, -6.0, -3.0; 4
-5.0, -6.0, -3.0; 3
-4.0, -6.0, -3.0; 2
-3.0, -6.0, -3.0; 1
-2.0, -6.0, -3.0; 6
-1.0, -6.0, -3.0; 47
0.0, -6.0, -3.0; 227
1.0, -6.0, -3.0; 2287
2.0, -6.0, -3.0; 91
3.0, -6.0, -3.0; 32
4.0, -6.0, -3.0; 14
5.0, -6.0, -3.0; 4
6.0, -6.0, -3.0; 4
7.0, -6.0, -3.0; 1
8.0, -6.0, -3.0; 1
-9.0, -5.0, -3.0; 4
-8.0, -5.0, -3.0; 9
-7.0, -5.0, -3.0; 5
-5.0, -5.0, -3.0; 1
-4.0, -5.0, -3.0; 1
-1.0, -5.0, -3.0; 4
0.0, -5.0, -3.0; 23
1.0, -5.0, -3.0; 51
2.0, -5.0, -3.0; 117
3.0, -5.0, -3.0; 38
4.0, -5.0, -3.0; 33
5.0, -5.0, -3.0; 12
6.0, -5.0, -3.0; 3
7.0, -5.0, -3.0; 1
-9.0, -4.0, -3.0; 10
-8.0, -4.0, -3.0; 13
-7.0, -4.0, -3.0; 2
-6.0, -4.0, -3.0; 4
-5.0, -4.0, -3.0; 19
-4.0, -4.0, -3.0; 1
-2.0, -4.0, -3.0; 1
1.0, -4.0, -3.0; 3
2.0, -4.0, -3.0; 27
3.0, -4.0, -3.0; 10
4.0, -4.0, -3.0; 10
5.0, -4.0, -3.0; 7
6.0, -4.0, -3.0; 1
7.0, -4.0, -3.0; 3
-9.0, -3.0, -3.0; 7
-8.0, -3.0, -3.0; 12
-7.0, -3.0, -3.0; 5
-6.0, -3.0, -3.0; 8
-5.0, -3.0, -3.0; 123
-3.0, -3.0, -3.0; 1
3.0, -3.0, -3.0; 4
4.0, -3.0, -3.0; 1
5.0, -3.0, -3.0; 5
6.0, -3.0, -3.0; 2
7.0, -3.0, -3.0; 4
8.0, -3.0, -3.0; 2
-10.0, -2.0, -3.0; 1
-9.0, -2.0, -3.0; 5
-8.0, -2.0, -3.0; 6
-7.0, -2.0, -3.0; 1
-6.0, -2.0, -3.0; 1
-5.0, -2.0, -3.0; 15
-4.0, -2.0, -3.0; 1
-3.0, -2.0, -3.0; 4
5.0, -2.0, -3.0; 6
6.0, -2.0, -3.0; 6
7.0, -2.0, -3.0; 2
-10.0, -1.0, -3.0; 1
-9.0, -1.0, -3.0; 7
-8.0, -1.0, -3.0; 15
-7.0, -1.0, -3.0; 6
-6.0, -1.0, -3.0; 2
-5.0, -1.0, -3.0; 4
-4.0, -1.0, -3.0; 1
4.0, -1.0, -3.0; 1
5.0, -1.0, -3.0; 2
6.0, -1.0, -3.0; 1
7.0, -1.0, -3.0; 4
8.0, -1.0, -3.0; 1
-10.0, 0.0, -3.0; 3
-9.0, 0.0, -3.0; 6
-8.0, 0.0, -3.0; 5
-7.0, 0.0, -3.0; 5
-6.0, 0.0, -3.0; 6
-5.0, 0.0, -3.0; 3
-4.0, 0.0, -3.0; 1
4.0, 0.0, -3.0; 3
5.0, 0.0, -3.0; 2
6.0, 0.0, -3.0; 1
7.0, 0.0, -3.0; 3
8.0, 0.0, -3.0; 1
-10.0, 1.0, -3.0; 1
-9.0, 1.0, -3.0; 7
-8.0, 1.0, -3.0; 4
-7.0, 1.0, -3.0; 6
-6.0, 1.0, -3.0; 32
-5.0, 1.0, -3.0; 33
-4.0, 1.0, -3.0; 2
4.0, 1.0, -3.0; 1
5.0, 1.0, -3.0; 2
6.0, 1.0, -3.0; 4
7.0, 1.0, -3.0; 5
-10.0, 2.0, -3.0; 1
-9.0, 2.0, -3.0; 2
-8.0, 2.0, -3.0; 4
-7.0, 2.0, -3.0; 15
-6.0, 2.0, -3.0; 28
-5.0, 2.0, -3.0; 6
-4.0, 2.0, -3.0; 1
4.0, 2.0, -3.0; 1
5.0, 2.0, -3.0; 5
6.0, 2.0, -3.0; 3
7.0, 2.0, -3.0; 1
8.0, 2.0, -3.0; 1
-9.0, 3.0, -3.0; 6
-8.0, 3.0, -3.0; 4
-7.0, 3.0, -3.0; 3
-6.0, 3.0, -3.0; 7
-5.0, 3.0, -3.0; 5
1.0, 3.0, -3.0; 1
3.0, 3.0, -3.0; 5
4.0, 3.0, -3.0; 17
5.0, 3.0, -3.0; 13
6.0, 3.0, -3.0; 7
7.0, 3.0, -3.0; 1
8.0, 3.0, -3.0; 1
-9.0, 4.0, -3.0; 3
-8.0, 4.0, -3.0; 2
-7.0, 4.0, -3.0; 4
-6.0, 4.0, -3.0; 3
-5.0, 4.0, -3.0; 3
-4.0, 4.0, -3.0; 1
-2.0, 4.0, -3.0; 1
0.0, 4.0, -3.0; 30
1.0, 4.0, -3.0; 46
2.0, 4.0, -3.0; 18
3.0, 4.0, -3.0; 26
4.0, 4.0, -3.0; 43
5.0, 4.0, -3.0; 30
6.0, 4.0, -3.0; 3
7.0, 4.0, -3.0; 6
-9.0, 5.0, -3.0; 1
-8.0, 5.0, -3.0; 7
-7.0, 5.0, -3.0; 9
-6.0, 5.0, -3.0; 7
-5.0, 5.0, -3.0; 1
-4.0, 5.0, -3.0; 2
-3.0, 5.0, -3.0; 2
-2.0, 5.0, -3.0; 61
-1.0, 5.0, -3.0; 434
0.0, 5.0, -3.0; 692
1.0, 5.0, -3.0; 307
2.0, 5.0, -3.0; 35
3.0, 5.0, -3.0; 16
4.0, 5.0, -3.0; 40
5.0, 5.0, -3.0; 14
6.0, 5.0, -3.0; 2
7.0, 5.0, -3.0; 1
-8.0, 6.0, -3.0; 2
-7.0, 6.0, -3.0; 9
-6.0, 6.0, -3.0; 15
-5.0, 6.0, -3.0; 11
-4.0, 6.0, -3.0; 2
-2.0, 6.0, -3.0; 31
-1.0, 6.0, -3.0; 233
0.0, 6.0, -3.0; 204
1.0, 6.0, -3.0; 61
2.0, 6.0, -3.0; 11
3.0, 6.0, -3.0; 8
4.0, 6.0, -3.0; 8
5.0, 6.0, -3.0; 3
6.0, 6.0, -3.0; 9
7.0, 6.0, -3.0; 1
-7.0, 7.0, -3.0; 1
-6.0, 7.0, -3.0; 7
-5.0, 7.0, -3.0; 7
-4.0, 7.0, -3.0; 3
-3.0, 7.0, -3.0; 3
-2.0, 7.0, -3.0; 1
-1.0, 7.0, -3.0; 4
0.0, 7.0, -3.0; 5
1.0, 7.0, -3.0; 9
2.0, 7.0, -3.0; 13
3.0, 7.0, -3.0; 7
4.0, 7.0, -3.0; 3
5.0, 7.0, -3.0; 5
6.0, 7.0, -3.0; 2
-6.0, 8.0, -3.0; 1
-5.0, 8.0, -3.0; 2
-4.0, 8.0, -3.0; 10
-3.0, 8.0, -3.0; 16
-2.0, 8.0, -3.0; 20
-1.0, 8.0, -3.0; 12
0.0, 8.0, -3.0; 26
1.0, 8.0, -3.0; 15
2.0, 8.0, -3.0; 19
3.0, 8.0, -3.0; 7
4.0, 8.0, -3.0; 2
-3.0, 9.0, -3.0; 2
-2.0, 9.0, -3.0; 21
-1.0, 9.0, -3.0; 34
0.0, 9.0, -3.0; 50
1.0, 9.0, -3.0; 26
2.0, 9.0, -3.0; 12
3.0, 9.0, -3.0; 1
-4.0, -10.0, -2.0; 37
-3.0, -10.0, -2.0; 140
-2.0, -10.0, -2.0; 262
-1.0, -10.0, -2.0; 238
0.0, -10.0, -2.0; 184
1.0, -10.0, -2.0; 107
2.0, -10.0, -2.0; 24
3.0, -10.0, -2.0; 2
-6.0, -9.0, -2.0; 5
-5.0, -9.0, -2.0; 27
-4.0, -9.0, -2.0; 16
-3.0, -9.0, -2.0; 16
-2.0, -9.0, -2.0; 17
-1.0, -9.0, -2.0; 26
0.0, -9.0, -2.0; 11
1.0, -9.0, -2.0; 27
2.0, -9.0, -2.0; 37
3.0, -9.0, -2.0; 17
4.0, -9.0, -2.0; 10
5.0, -9.0, -2.0; 2
-7.0, -8.0, -2.0; 12
-6.0, -8.0, -2.0; 9
-5.0, -8.0, -2.0; 3
-4.0, -8.0, -2.0; 1
-3.0, -8.0, -2.0; 2
-2.0, -8.0, -2.0; 3
-1.0, -8.0, -2.0; 7
0.0, -8.0, -2.0; 12
1.0, -8.0, -2.0; 5
2.0, -8.0, -2.0; 10
3.0, -8.0, -2.0; 6
4.0, -8.0, -2.0; 4
5.0, -8.0, -2.0; 5
6.0, -8.0, -2.0; 6
-8.0, -7.0, -2.0; 8
-7.0, -7.0, -2.0; 10
-5.0, -7.0, -2.0; 1
-4.0, -7.0, -2.0; 2
-2.0, -7.0, -2.0; 1
-1.0, -7.0, -2.0; 30
0.0, -7.0, -2.0; 112
1.0, -7.0, -2.0; 72
2.0, -7.0, -2.0; 8
3.0, -7.0, -2.0; 9
4.0, -7.0, -2.0; 20
5.0, -7.0, -2.0; 20
6.0, -7.0, -2.0; 2
-9.0, -6.0, -2.0; 2
-8.0, -6.0, -2.0; 12
-7.0, -6.0, -2.0; 4
-1.0, -6.0, -2.0; 31
0.0, -6.0, -2.0; 91
1.0, -6.0, -2.0; 516
2.0, -6.0, -2.0; 49
3.0, -6.0, -2.0; 13
4.0, -6.0, -2.0; 14
5.0, -6.0, -2.0; 26
6.0, -6.0, -2.0; 3
7.0, -6.0, -2.0; 1
-9.0, -5.0, -2.0; 5
-8.0, -5.0, -2.0; 11
-7.0, -5.0, -2.0; 1
-6.0, -5.0, -2.0; 1
-4.0, -5.0, -2.0; 1
0.0, -5.0, -2.0; 1
1.0, -5.0, -2.0; 4
2.0, -5.0, -2.0; 36
3.0, -5.0, -2.0; 10
4.0, -5.0, -2.0; 17
5.0, -5.0, -2.0; 8
6.0, -5.0, -2.0; 4
7.0, -5.0, -2.0; 2
8.0, -5.0, -2.0; 1
-10.0, -4.0, -2.0; 1
-9.0, -4.0, -2.0; 13
-8.0, -4.0, -2.0; 11
-7.0, -4.0, -2.0; 5
-6.0, -4.0, -2.0; 6
-5.0, -4.0, -2.0; 6
2.0, -4.0, -2.0; 2
3.0, -4.0, -2.0; 6
4.0, -4.0, -2.0; 5
5.0, -4.0, -2.0; 1
6.0, -4.0, -2.0; 3
-10.0, -3.0, -2.0; 1
-9.0, -3.0, -2.0; 12
-8.0, -3.0, -2.0; 7
-7.0, -3.0, -2.0; 6
-6.0, -3.0, -2.0; 32
-5.0, -3.0, -2.0; 39
3.0, -3.0, -2.0; 1
5.0, -3.0, -2.0; 1
6.0, -3.0, -2.0; 1
7.0, -3.0, -2.0; 2
-10.0, -2.0, -2.0; 6
-9.0, -2.0, -2.0; 7
-8.0, -2.0, -2.0; 6
-7.0, -2.0, -2.0; 3
-6.0, -2.0, -2.0; 9
-5.0, -2.0, -2.0; 7
6.0, -2.0, -2.0; 4
7.0, -2.0, -2.0; 2
-10.0, -1.0, -2.0; 1
-9.0, -1.0, -2.0; 11
-8.0, -1.0, -2.0; 14
-7.0, -1.0, -2.0; 3
-6.0, -1.0, -2.0; 1
6.0, -1.0, -2.0; 4
7.0, -1.0, -2.0; 3
-10.0, 0.0, -2.0; 2
-9.0, 0.0, -2.0; 8
-8.0, 0.0, -2.0; 6
-7.0, 0.0, -2.0; 4
-6.0, 0.0, -2.0; 11
-5.0, 0.0, -2.0; 1
6.0, 0.0, -2.0; 2
9.0, 0.0, -2.0; 1
-10.0, 1.0, -2.0; 2
-9.0, 1.0, -2.0; 6
-8.0, 1.0, -2.0; 3
-7.0, 1.0, -2.0; 4
-6.0, 1.0, -2.0; 428
-5.0, 1.0, -2.0; 33
3.0, 1.0, -2.0; 1
6.0, 1.0, -2.0; 3
7.0, 1.0, -2.0; 4
-10.0, 2.0, -2.0; 2
-9.0, 2.0, -2.0; 10
-8.0, 2.0, -2.0; 4
-7.0, 2.0, -2.0; 14
-6.0, 2.0, -2.0; 79
-5.0, 2.0, -2.0; 28
5.0, 2.0, -2.0; 1
6.0, 2.0, -2.0; 6
7.0, 2.0, -2.0; 4
-10.0, 3.0, -2.0; 1
-9.0, 3.0, -2.0; 7
-8.0, 3.0, -2.0; 3
-7.0, 3.0, -2.0; 7
-6.0, 3.0, -2.0; 17
4.0, 3.0, -2.0; 12
5.0, 3.0, -2.0; 8
6.0, 3.0, -2.0; 5
-9.0, 4.0, -2.0; 4
-8.0, 4.0, -2.0; 8
-7.0, 4.0, -2.0; 2
-6.0, 4.0, -2.0; 5
-5.0, 4.0, -2.0; 6
-1.0, 4.0, -2.0; 1
1.0, 4.0, -2.0; 7
2.0, 4.0, -2.0; 12
3.0, 4.0, -2.0; 16
4.0, 4.0, -2.0; 35
5.0, 4.0, -2.0; 23
6.0, 4.0, -2.0; 5
7.0, 4.0, -2.0; 5
8.0, 4.0, -2.0; 1
-8.0, 5.0, -2.0; 10
-7.0, 5.0, -2.0; 7
-5.0, 5.0, -2.0; 3
-4.0, 5.0, -2.0; 3
-3.0, 5.0, -2.0; 1
-2.0, 5.0, -2.0; 4
-1.0, 5.0, -2.0; 45
0.0, 5.0, -2.0; 313
1.0, 5.0, -2.0; 238
2.0, 5.0, -2.0; 35
3.0, 5.0, -2.0; 30
4.0, 5.0, -2.0; 43
5.0, 5.0, -2.0; 15
6.0, 5.0, -2.0; 6
7.0, 5.0, -2.0; 3
8.0, 5.0, -2.0; 1
-8.0, 6.0, -2.0; 4
-7.0, 6.0, -2.0; 24
-6.0, 6.0, -2.0; 27
-5.0, 6.0, -2.0; 3
-4.0, 6.0, -2.0; 3
-3.0, 6.0, -2.0; 6
-2.0, 6.0, -2.0; 65
-1.0, 6.0, -2.0; 589
0.0, 6.0, -2.0; 1103
1.0, 6.0, -2.0; 261
2.0, 6.0, -2.0; 20
3.0, 6.0, -2.0; 16
4.0, 6.0, -2.0; 20
5.0, 6.0, -2.0; 5
6.0, 6.0, -2.0; 3
-7.0, 7.0, -2.0; 3
-6.0, 7.0, -2.0; 30
-5.0, 7.0, -2.0; 20
-4.0, 7.0, -2.0; 18
-3.0, 7.0, -2.0; 12
-2.0, 7.0, -2.0; 3
-1.0, 7.0, -2.0; 7
0.0, 7.0, -2.0; 10
1.0, 7.0, -2.0; 9
2.0, 7.0, -2.0; 19
3.0, 7.0, -2.0; 8
4.0, 7.0, -2.0; 7
5.0, 7.0, -2.0; 3
6.0, 7.0, -2.0; 3
-6.0, 8.0, -2.0; 1
-5.0, 8.0, -2.0; 4
-4.0, 8.0, -2.0; 19
-3.0, 8.0, -2.0; 22
-2.0, 8.0, -2.0; 24
-1.0, 8.0, -2.0; 30
0.0, 8.0, -2.0; 35
1.0, 8.0, -2.0; 26
2.0, 8.0, -2.0; 24
3.0, 8.0, -2.0; 3
4.0, 8.0, -2.0; 2
5.0, 8.0, -2.0; 1
-4.0, 9.0, -2.0; 4
-3.0, 9.0, -2.0; 12
-2.0, 9.0, -2.0; 27
-1.0, 9.0, -2.0; 85
0.0, 9.0, -2.0; 85
1.0, 9.0, -2.0; 58
2.0, 9.0, -2.0; 20
3.0, 9.0, -2.0; 2
-4.0, -10.0, -1.0; 68
-3.0, -10.0, -1.0; 166
-2.0, -10.0, -1.0; 254
-1.0, -10.0, -1.0; 258
0.0, -10.0, -1.0; 186
1.0, -10.0, -1.0; 109
2.0, -10.0, -1.0; 31
3.0, -10.0, -1.0; 1
-6.0, -9.0, -1.0; 16
-5.0, -9.0, -1.0; 37
-4.0, -9.0, -1.0; 23
-3.0, -9.0, -1.0; 10
-2.0, -9.0, -1.0; 12
-1.0, -9.0, -1.0; 8
0.0, -9.0, -1.0; 9
1.0, -9.0, -1.0; 19
2.0, -9.0, -1.0; 16
3.0, -9.0, -1.0; 11
4.0, -9.0, -1.0; 7
5.0, -9.0, -1.0; 4
-7.0, -8.0, -1.0; 14
-6.0, -8.0, -1.0; 11
-5.0, -8.0, -1.0; 3
-4.0, -8.0, -1.0; 3
-3.0, -8.0, -1.0; 2
-2.0, -8.0, -1.0; 18
-1.0, -8.0, -1.0; 29
0.0, -8.0, -1.0; 12
1.0, -8.0, -1.0; 4
2.0, -8.0, -1.0; 11
3.0, -8.0, -1.0; 14
4.0, -8.0, -1.0; 9
5.0, -8.0, -1.0; 2
6.0, -8.0, -1.0; 4
-8.0, -7.0, -1.0; 8
-7.0, -7.0, -1.0; 6
-6.0, -7.0, -1.0; 3
-4.0, -7.0, -1.0; 1
-3.0, -7.0, -1.0; 3
-2.0, -7.0, -1.0; 52
-1.0, -7.0, -1.0; 410
0.0, -7.0, -1.0; 754
1.0, -7.0, -1.0; 133
2.0, -7.0, -1.0; 7
3.0, -7.0, -1.0; 25
4.0, -7.0, -1.0; 29
5.0, -7.0, -1.0; 14
6.0, -7.0, -1.0; 5
-9.0, -6.0, -1.0; 2
-8.0, -6.0, -1.0; 12
-7.0, -6.0, -1.0; 2
-6.0, -6.0, -1.0; 1
-2.0, -6.0, -1.0; 1
-1.0, -6.0, -1.0; 31
0.0, -6.0, -1.0; 38
1.0, -6.0, -1.0; 52
2.0, -6.0, -1.0; 13
3.0, -6.0, -1.0; 14
4.0, -6.0, -1.0; 26
5.0, -6.0, -1.0; 18
6.0, -6.0, -1.0; 6
7.0, -6.0, -1.0; 1
-9.0, -5.0, -1.0; 7
-8.0, -5.0, -1.0; 10
-7.0, -5.0, -1.0; 3
-6.0, -5.0, -1.0; 18
-5.0, -5.0, -1.0; 1
-1.0, -5.0, -1.0; 4
1.0, -5.0, -1.0; 1
2.0, -5.0, -1.0; 5
3.0, -5.0, -1.0; 8
4.0, -5.0, -1.0; 5
5.0, -5.0, -1.0; 12
6.0, -5.0, -1.0; 4
7.0, -5.0, -1.0; 1
-10.0, -4.0, -1.0; 3
-9.0, -4.0, -1.0; 11
-8.0, -4.0, -1.0; 10
-7.0, -4.0, -1.0; 11
-6.0, -4.0, -1.0; 8
-5.0, -4.0, -1.0; 2
3.0, -4.0, -1.0; 1
5.0, -4.0, -1.0; 3
6.0, -4.0, -1.0; 3
7.0, -4.0, -1.0; 1
8.0, -4.0, -1.0; 1
-10.0, -3.0, -1.0; 5
-9.0, -3.0, -1.0; 11
-8.0, -3.0, -1.0; 3
-7.0, -3.0, -1.0; 5
-6.0, -3.0, -1.0; 14
-5.0, -3.0, -1.0; 5
6.0, -3.0, -1.0; 2
7.0, -3.0, -1.0; 2
8.0, -3.0, -1.0; 1
-10.0, -2.0, -1.0; 4
-9.0, -2.0, -1.0; 9
-8.0, -2.0, -1.0; 1
-7.0, -2.0, -1.0; 2
-6.0, -2.0, -1.0; 5
5.0, -2.0, -1.0; 1
6.0, -2.0, -1.0; 1
7.0, -2.0, -1.0; 2
9.0, -2.0, -1.0; 1
-10.0, -1.0, -1.0; 2
-9.0, -1.0, -1.0; 10
-8.0, -1.0, -1.0; 6
-7.0, -1.0, -1.0; 2
-6.0, -1.0, -1.0; 1
6.0, -1.0, -1.0; 2
7.0, -1.0, -1.0; 3
8.0, -1.0, -1.0; 1
-10.0, 0.0, -1.0; 1
-9.0, 0.0, -1.0; 3
-8.0, 0.0, -1.0; 3
-7.0, 0.0, -1.0; 2
-6.0, 0.0, -1.0; 5
5.0, 0.0, -1.0; 2
6.0, 0.0, -1.0; 1
7.0, 0.0, -1.0; 2
8.0, 0.0, -1.0; 1
-10.0, 1.0, -1.0; 5
-9.0, 1.0, -1.0; 6
-8.0, 1.0, -1.0; 5
-6.0, 1.0, -1.0; 1285
-5.0, 1.0, -1.0; 70
4.0, 1.0, -1.0; 2
5.0, 1.0, -1.0; 1
6.0, 1.0, -1.0; 1
7.0, 1.0, -1.0; 1
8.0, 1.0, -1.0; 3
9.0, 1.0, -1.0; 1
-10.0, 2.0, -1.0; 2
-9.0, 2.0, -1.0; 2
-8.0, 2.0, -1.0; 4
-7.0, 2.0, -1.0; 7
-6.0, 2.0, -1.0; 170
-5.0, 2.0, -1.0; 88
-4.0, 2.0, -1.0; 2
5.0, 2.0, -1.0; 4
6.0, 2.0, -1.0; 2
7.0, 2.0, -1.0; 2
8.0, 2.0, -1.0; 1
-9.0, 3.0, -1.0; 1
-8.0, 3.0, -1.0; 1
-7.0, 3.0, -1.0; 1
-6.0, 3.0, -1.0; 9
-5.0, 3.0, -1.0; 14
4.0, 3.0, -1.0; 6
5.0, 3.0, -1.0; 8
6.0, 3.0, -1.0; 5
8.0, 3.0, -1.0; 3
-9.0, 4.0, -1.0; 2
-8.0, 4.0, -1.0; 5
-7.0, 4.0, -1.0; 2
-6.0, 4.0, -1.0; 2
-5.0, 4.0, -1.0; 12
1.0, 4.0, -1.0; 2
2.0, 4.0, -1.0; 6
3.0, 4.0, -1.0; 4
4.0, 4.0, -1.0; 25
5.0, 4.0, -1.0; 25
6.0, 4.0, -1.0; 1
7.0, 4.0, -1.0; 3
8.0, 4.0, -1.0; 1
-9.0, 5.0, -1.0; 5
-8.0, 5.0, -1.0; 10
-7.0, 5.0, -1.0; 13
-6.0, 5.0, -1.0; 2
-5.0, 5.0, -1.0; 9
-4.0, 5.0, -1.0; 2
-3.0, 5.0, -1.0; 2
-2.0, 5.0, -1.0; 2
-1.0, 5.0, -1.0; 11
0.0, 5.0, -1.0; 51
1.0, 5.0, -1.0; 94
2.0, 5.0, -1.0; 24
3.0, 5.0, -1.0; 32
4.0, 5.0, -1.0; 44
5.0, 5.0, -1.0; 39
6.0, 5.0, -1.0; 4
-8.0, 6.0, -1.0; 9
-7.0, 6.0, -1.0; 121
-6.0, 6.0, -1.0; 447
-5.0, 6.0, -1.0; 31
-4.0, 6.0, -1.0; 9
-3.0, 6.0, -1.0; 10
-2.0, 6.0, -1.0; 104
-1.0, 6.0, -1.0; 854
0.0, 6.0, -1.0; 1746
1.0, 6.0, -1.0; 374
2.0, 6.0, -1.0; 22
3.0, 6.0, -1.0; 36
4.0, 6.0, -1.0; 36
5.0, 6.0, -1.0; 5
6.0, 6.0, -1.0; 4
7.0, 6.0, -1.0; 1
-7.0, 7.0, -1.0; 7
-6.0, 7.0, -1.0; 72
-5.0, 7.0, -1.0; 105
-4.0, 7.0, -1.0; 32
-3.0, 7.0, -1.0; 9
-2.0, 7.0, -1.0; 13
-1.0, 7.0, -1.0; 67
0.0, 7.0, -1.0; 44
1.0, 7.0, -1.0; 6
2.0, 7.0, -1.0; 10
3.0, 7.0, -1.0; 18
4.0, 7.0, -1.0; 10
5.0, 7.0, -1.0; 1
6.0, 7.0, -1.0; 2
-6.0, 8.0, -1.0; 2
-5.0, 8.0, -1.0; 10
-4.0, 8.0, -1.0; 17
-3.0, 8.0, -1.0; 24
-2.0, 8.0, -1.0; 13
-1.0, 8.0, -1.0; 24
0.0, 8.0, -1.0; 30
1.0, 8.0, -1.0; 22
2.0, 8.0, -1.0; 16
3.0, 8.0, -1.0; 7
4.0, 8.0, -1.0; 3
5.0, 8.0, -1.0; 2
-5.0, 9.0, -1.0; 2
-4.0, 9.0, -1.0; 7
-3.0, 9.0, -1.0; 28
-2.0, 9.0, -1.0; 88
-1.0, 9.0, -1.0; 122
0.0, 9.0, -1.0; 152
1.0, 9.0, -1.0; 84
2.0, 9.0, -1.0; 14
-5.0, -10.0, 0.0; 2
-4.0, -10.0, 0.0; 25
-3.0, -10.0, 0.0; 78
-2.0, -10.0, 0.0; 78
-1.0, -10.0, 0.0; 91
0.0, -10.0, 0.0; 70
1.0, -10.0, 0.0; 40
2.0, -10.0, 0.0; 15
3.0, -10.0, 0.0; 2
-6.0, -9.0, 0.0; 11
-5.0, -9.0, 0.0; 28
-4.0, -9.0, 0.0; 9
-3.0, -9.0, 0.0; 10
-2.0, -9.0, 0.0; 18
-1.0, -9.0, 0.0; 15
0.0, -9.0, 0.0; 17
1.0, -9.0, 0.0; 13
2.0, -9.0, 0.0; 14
3.0, -9.0, 0.0; 7
4.0, -9.0, 0.0; 3
5.0, -9.0, 0.0; 3
-7.0, -8.0, 0.0; 10
-6.0, -8.0, 0.0; 10
-5.0, -8.0, 0.0; 2
-4.0, -8.0, 0.0; 2
-3.0, -8.0, 0.0; 4
-2.0, -8.0, 0.0; 65
-1.0, -8.0, 0.0; 55
0.0, -8.0, 0.0; 13
1.0, -8.0, 0.0; 38
2.0, -8.0, 0.0; 60
3.0, -8.0, 0.0; 20
4.0, -8.0, 0.0; 7
5.0, -8.0, 0.0; 10
6.0, -8.0, 0.0; 1
-8.0, -7.0, 0.0; 8
-7.0, -7.0, 0.0; 8
-6.0, -7.0, 0.0; 4
-4.0, -7.0, 0.0; 38
-3.0, -7.0, 0.0; 169
-2.0, -7.0, 0.0; 773
-1.0, -7.0, 0.0; 2392
0.0, -7.0, 0.0; 1581
1.0, -7.0, 0.0; 99
2.0, -7.0, 0.0; 62
3.0, -7.0, 0.0; 72
4.0, -7.0, 0.0; 27
5.0, -7.0, 0.0; 9
6.0, -7.0, 0.0; 4
7.0, -7.0, 0.0; 3
-9.0, -6.0, 0.0; 2
-8.0, -6.0, 0.0; 15
-7.0, -6.0, 0.0; 4
-6.0, -6.0, 0.0; 6
-5.0, -6.0, 0.0; 35
-4.0, -6.0, 0.0; 5
-3.0, -6.0, 0.0; 2
-2.0, -6.0, 0.0; 10
-1.0, -6.0, 0.0; 59
0.0, -6.0, 0.0; 124
1.0, -6.0, 0.0; 51
2.0, -6.0, 0.0; 15
3.0, -6.0, 0.0; 30
4.0, -6.0, 0.0; 18
5.0, -6.0, 0.0; 6
6.0, -6.0, 0.0; 1
7.0, -6.0, 0.0; 1
-9.0, -5.0, 0.0; 6
-8.0, -5.0, 0.0; 9
-7.0, -5.0, 0.0; 2
-6.0, -5.0, 0.0; 76
-5.0, -5.0, 0.0; 1
-4.0, -5.0, 0.0; 2
-3.0, -5.0, 0.0; 2
-2.0, -5.0, 0.0; 1
-1.0, -5.0, 0.0; 4
0.0, -5.0, 0.0; 1
2.0, -5.0, 0.0; 9
3.0, -5.0, 0.0; 5
4.0, -5.0, 0.0; 2
5.0, -5.0, 0.0; 5
6.0, -5.0, 0.0; 2
8.0, -5.0, 0.0; 1
-10.0, -4.0, 0.0; 3
-9.0, -4.0, 0.0; 5
-8.0, -4.0, 0.0; 8
-7.0, -4.0, 0.0; 12
-6.0, -4.0, 0.0; 27
-5.0, -4.0, 0.0; 2
0.0, -4.0, 0.0; 1
5.0, -4.0, 0.0; 2
6.0, -4.0, 0.0; 4
7.0, -4.0, 0.0; 4
8.0, -4.0, 0.0; 1
-10.0, -3.0, 0.0; 8
-9.0, -3.0, 0.0; 9
-8.0, -3.0, 0.0; 11
-7.0, -3.0, 0.0; 5
-6.0, -3.0, 0.0; 7
5.0, -3.0, 0.0; 1
6.0, -3.0, 0.0; 2
7.0, -3.0, 0.0; 4
8.0, -3.0, 0.0; 1
-10.0, -2.0, 0.0; 2
-9.0, -2.0, 0.0; 10
-8.0, -2.0, 0.0; 3
-7.0, -2.0, 0.0; 3
-6.0, -2.0, 0.0; 3
5.0, -2.0, 0.0; 1
6.0, -2.0, 0.0; 2
7.0, -2.0, 0.0; 2
8.0, -2.0, 0.0; 1
-10.0, -1.0, 0.0; 4
-9.0, -1.0, 0.0; 1
-8.0, -1.0, 0.0; 10
-7.0, -1.0, 0.0; 11
-6.0, -1.0, 0.0; 2
-5.0, -1.0, 0.0; 1
5.0, -1.0, 0.0; 1
6.0, -1.0, 0.0; 3
-10.0, 0.0, 0.0; 3
-9.0, 0.0, 0.0; 1
-8.0, 0.0, 0.0; 8
-7.0, 0.0, 0.0; 4
-6.0, 0.0, 0.0; 3
-5.0, 0.0, 0.0; 1
4.0
21.3000828958
