6.0, 0.0, 0.0; 1
-10.0, 1.0, 0.0; 3
-9.0, 1.0, 0.0; 3
-8.0, 1.0, 0.0; 6
-7.0, 1.0, 0.0; 2
-6.0, 1.0, 0.0; 179
-5.0, 1.0, 0.0; 100
4.0, 1.0, 0.0; 1
6.0, 1.0, 0.0; 4
7.0, 1.0, 0.0; 1
-10.0, 2.0, 0.0; 2
-9.0, 2.0, 0.0; 4
-8.0, 2.0, 0.0; 3
-7.0, 2.0, 0.0; 1
-6.0, 2.0, 0.0; 101
-5.0, 2.0, 0.0; 210
4.0, 2.0, 0.0; 3
5.0, 2.0, 0.0; 12
7.0, 2.0, 0.0; 3
8.0, 2.0, 0.0; 1
-10.0, 3.0, 0.0; 1
-9.0, 3.0, 0.0; 4
-8.0, 3.0, 0.0; 13
-7.0, 3.0, 0.0; 5
-6.0, 3.0, 0.0; 11
-5.0, 3.0, 0.0; 50
-4.0, 3.0, 0.0; 1
-3.0, 3.0, 0.0; 2
0.0, 3.0, 0.0; 1
3.0, 3.0, 0.0; 2
4.0, 3.0, 0.0; 15
5.0, 3.0, 0.0; 7
6.0, 3.0, 0.0; 2
7.0, 3.0, 0.0; 1
-8.0, 4.0, 0.0; 16
-7.0, 4.0, 0.0; 11
-6.0, 4.0, 0.0; 14
-5.0, 4.0, 0.0; 25
-4.0, 4.0, 0.0; 12
-2.0, 4.0, 0.0; 2
1.0, 4.0, 0.0; 3
2.0, 4.0, 0.0; 3
3.0, 4.0, 0.0; 18
4.0, 4.0, 0.0; 30
5.0, 4.0, 0.0; 7
7.0, 4.0, 0.0; 3
-9.0, 5.0, 0.0; 4
-8.0, 5.0, 0.0; 9
-7.0, 5.0, 0.0; 18
-6.0, 5.0, 0.0; 8
-5.0, 5.0, 0.0; 3
-4.0, 5.0, 0.0; 22
-3.0, 5.0, 0.0; 48
-2.0, 5.0, 0.0; 19
-1.0, 5.0, 0.0; 49
0.0, 5.0, 0.0; 144
1.0, 5.0, 0.0; 144
2.0, 5.0, 0.0; 10
3.0, 5.0, 0.0; 59
4.0, 5.0, 0.0; 23
5.0, 5.0, 0.0; 8
6.0, 5.0, 0.0; 6
7.0, 5.0, 0.0; 5
-8.0, 6.0, 0.0; 9
-7.0, 6.0, 0.0; 113
-6.0, 6.0, 0.0; 1612
-5.0, 6.0, 0.0; 170
-4.0, 6.0, 0.0; 29
-3.0, 6.0, 0.0; 55
-2.0, 6.0, 0.0; 178
-1.0, 6.0, 0.0; 339
0.0, 6.0, 0.0; 261
1.0, 6.0, 0.0; 30
2.0, 6.0, 0.0; 30
3.0, 6.0, 0.0; 44
4.0, 6.0, 0.0; 14
5.0, 6.0, 0.0; 3
6.0, 6.0, 0.0; 5
7.0, 6.0, 0.0; 2
-7.0, 7.0, 0.0; 15
-6.0, 7.0, 0.0; 106
-5.0, 7.0, 0.0; 170
-4.0, 7.0, 0.0; 21
-3.0, 7.0, 0.0; 8
-2.0, 7.0, 0.0; 56
-1.0, 7.0, 0.0; 147
0.0, 7.0, 0.0; 25
1.0, 7.0, 0.0; 18
2.0, 7.0, 0.0; 40
3.0, 7.0, 0.0; 14
4.0, 7.0, 0.0; 2
5.0, 7.0, 0.0; 8
6.0, 7.0, 0.0; 2
-6.0, 8.0, 0.0; 9
-5.0, 8.0, 0.0; 18
-4.0, 8.0, 0.0; 23
-3.0, 8.0, 0.0; 39
-2.0, 8.0, 0.0; 38
-1.0, 8.0, 0.0; 74
0.0, 8.0, 0.0; 94
1.0, 8.0, 0.0; 44
2.0, 8.0, 0.0; 12
3.0, 8.0, 0.0; 3
4.0, 8.0, 0.0; 5
5.0, 8.0, 0.0; 2
-4.0, 9.0, 0.0; 13
-3.0, 9.0, 0.0; 35
-2.0, 9.0, 0.0; 98
-1.0, 9.0, 0.0; 113
0.0, 9.0, 0.0; 66
1.0, 9.0, 0.0; 51
2.0, 9.0, 0.0; 13
3.0, 9.0, 0.0; 2
-5.0, -10.0, 1.0; 1
-4.0, -10.0, 1.0; 6
-3.0, -10.0, 1.0; 24
-2.0, -10.0, 1.0; 31
-1.0, -10.0, 1.0; 31
0.0, -10.0, 1.0; 28
1.0, -10.0, 1.0; 9
2.0, -10.0, 1.0; 3
3.0, -10.0, 1.0; 1
-6.0, -9.0, 1.0; 3
-5.0, -9.0, 1.0; 15
-4.0, -9.0, 1.0; 29
-3.0, -9.0, 1.0; 22
-2.0, -9.0, 1.0; 18
-1.0, -9.0, 1.0; 17
0.0, -9.0, 1.0; 13
1.0, -9.0, 1.0; 9
2.0, -9.0, 1.0; 13
3.0, -9.0, 1.0; 11
4.0, -9.0, 1.0; 10
5.0, -9.0, 1.0; 6
-7.0, -8.0, 1.0; 14
-6.0, -8.0, 1.0; 20
-5.0, -8.0, 1.0; 20
-4.0, -8.0, 1.0; 9
-3.0, -8.0, 1.0; 1
-2.0, -8.0, 1.0; 4
0.0, -8.0, 1.0; 3
1.0, -8.0, 1.0; 7
2.0, -8.0, 1.0; 10
3.0, -8.0, 1.0; 4
4.0, -8.0, 1.0; 4
5.0, -8.0, 1.0; 10
6.0, -8.0, 1.0; 10
-8.0, -7.0, 1.0; 2
-7.0, -7.0, 1.0; 17
-6.0, -7.0, 1.0; 19
-5.0, -7.0, 1.0; 2
-4.0, -7.0, 1.0; 85
-3.0, -7.0, 1.0; 192
-2.0, -7.0, 1.0; 277
-1.0, -7.0, 1.0; 330
0.0, -7.0, 1.0; 127
1.0, -7.0, 1.0; 15
2.0, -7.0, 1.0; 21
3.0, -7.0, 1.0; 7
4.0, -7.0, 1.0; 1
5.0, -7.0, 1.0; 2
6.0, -7.0, 1.0; 7
7.0, -7.0, 1.0; 2
-8.0, -6.0, 1.0; 23
-7.0, -6.0, 1.0; 20
-6.0, -6.0, 1.0; 2
-5.0, -6.0, 1.0; 89
-4.0, -6.0, 1.0; 114
-3.0, -6.0, 1.0; 76
-2.0, -6.0, 1.0; 117
-1.0, -6.0, 1.0; 153
0.0, -6.0, 1.0; 94
1.0, -6.0, 1.0; 19
2.0, -6.0, 1.0; 17
3.0, -6.0, 1.0; 14
4.0, -6.0, 1.0; 2
6.0, -6.0, 1.0; 2
7.0, -6.0, 1.0; 3
-9.0, -5.0, 1.0; 3
-8.0, -5.0, 1.0; 18
-7.0, -5.0, 1.0; 6
-6.0, -5.0, 1.0; 42
-5.0, -5.0, 1.0; 56
-4.0, -5.0, 1.0; 7
-3.0, -5.0, 1.0; 2
-2.0, -5.0, 1.0; 4
-1.0, -5.0, 1.0; 3
2.0, -5.0, 1.0; 3
3.0, -5.0, 1.0; 2
4.0, -5.0, 1.0; 2
5.0, -5.0, 1.0; 2
6.0, -5.0, 1.0; 3
7.0, -5.0, 1.0; 1
-9.0, -4.0, 1.0; 4
-8.0, -4.0, 1.0; 23
-7.0, -4.0, 1.0; 3
-6.0, -4.0, 1.0; 41
-5.0, -4.0, 1.0; 8
-4.0, -4.0, 1.0; 1
-3.0, -4.0, 1.0; 1
3.0, -4.0, 1.0; 1
5.0, -4.0, 1.0; 2
7.0, -4.0, 1.0; 1
8.0, -4.0, 1.0; 1
-10.0, -3.0, 1.0; 1
-9.0, -3.0, 1.0; 5
-8.0, -3.0, 1.0; 15
-6.0, -3.0, 1.0; 4
-5.0, -3.0, 1.0; 1
-4.0, -3.0, 1.0; 1
5.0, -3.0, 1.0; 1
7.0, -3.0, 1.0; 1
-10.0, -2.0, 1.0; 3
-9.0, -2.0, 1.0; 1
-8.0, -2.0, 1.0; 5
-7.0, -2.0, 1.0; 3
-6.0, -2.0, 1.0; 3
-10.0, -1.0, 1.0; 3
-9.0, -1.0, 1.0; 1
-8.0, -1.0, 1.0; 4
-7.0, -1.0, 1.0; 3
-6.0, -1.0, 1.0; 9
5.0, -1.0, 1.0; 1
7.0, -1.0, 1.0; 1
8.0, -1.0, 1.0; 1
-10.0, 0.0, 1.0; 4
-9.0, 0.0, 1.0; 4
-8.0, 0.0, 1.0; 2
-7.0, 0.0, 1.0; 3
-6.0, 0.0, 1.0; 19
-5.0, 0.0, 1.0; 3
4.0, 0.0, 1.0; 1
5.0, 0.0, 1.0; 2
-10.0, 1.0, 1.0; 3
-9.0, 1.0, 1.0; 2
-8.0, 1.0, 1.0; 2
-7.0, 1.0, 1.0; 3
-6.0, 1.0, 1.0; 27
-5.0, 1.0, 1.0; 17
5.0, 1.0, 1.0; 3
-10.0, 2.0, 1.0; 2
-9.0, 2.0, 1.0; 4
-8.0, 2.0, 1.0; 12
-7.0, 2.0, 1.0; 5
-6.0, 2.0, 1.0; 11
-5.0, 2.0, 1.0; 61
-4.0, 2.0, 1.0; 3
4.0, 2.0, 1.0; 6
5.0, 2.0, 1.0; 5
6.0, 2.0, 1.0; 3
7.0, 2.0, 1.0; 2
8.0, 2.0, 1.0; 1
-9.0, 3.0, 1.0; 6
-8.0, 3.0, 1.0; 12
-7.0, 3.0, 1.0; 8
-6.0, 3.0, 1.0; 2
-5.0, 3.0, 1.0; 24
-4.0, 3.0, 1.0; 14
-2.0, 3.0, 1.0; 1
3.0, 3.0, 1.0; 10
4.0, 3.0, 1.0; 6
5.0, 3.0, 1.0; 6
6.0, 3.0, 1.0; 2
7.0, 3.0, 1.0; 1
8.0, 3.0, 1.0; 1
-9.0, 4.0, 1.0; 4
-8.0, 4.0, 1.0; 12
-7.0, 4.0, 1.0; 15
-6.0, 4.0, 1.0; 20
-5.0, 4.0, 1.0; 4
-4.0, 4.0, 1.0; 26
-3.0, 4.0, 1.0; 18
-2.0, 4.0, 1.0; 4
-1.0, 4.0, 1.0; 4
0.0, 4.0, 1.0; 2
1.0, 4.0, 1.0; 7
2.0, 4.0, 1.0; 9
3.0, 4.0, 1.0; 47
4.0, 4.0, 1.0; 27
5.0, 4.0, 1.0; 12
6.0, 4.0, 1.0; 3
7.0, 4.0, 1.0; 3
8.0, 4.0, 1.0; 2
-9.0, 5.0, 1.0; 3
-8.0, 5.0, 1.0; 5
-7.0, 5.0, 1.0; 24
-6.0, 5.0, 1.0; 11
-5.0, 5.0, 1.0; 17
-4.0, 5.0, 1.0; 84
-3.0, 5.0, 1.0; 1217
-2.0, 5.0, 1.0; 680
-1.0, 5.0, 1.0; 36
0.0, 5.0, 1.0; 113
1.0, 5.0, 1.0; 74
2.0, 5.0, 1.0; 53
3.0, 5.0, 1.0; 50
4.0, 5.0, 1.0; 48
5.0, 5.0, 1.0; 11
6.0, 5.0, 1.0; 2
7.0, 5.0, 1.0; 6
-8.0, 6.0, 1.0; 9
-7.0, 6.0, 1.0; 40
-6.0, 6.0, 1.0; 140
-5.0, 6.0, 1.0; 36
-4.0, 6.0, 1.0; 45
-3.0, 6.0, 1.0; 66
-2.0, 6.0, 1.0; 117
-1.0, 6.0, 1.0; 82
0.0, 6.0, 1.0; 24
1.0, 6.0, 1.0; 8
2.0, 6.0, 1.0; 19
3.0, 6.0, 1.0; 18
4.0, 6.0, 1.0; 17
5.0, 6.0, 1.0; 4
6.0, 6.0, 1.0; 6
7.0, 6.0, 1.0; 1
-7.0, 7.0, 1.0; 15
-6.0, 7.0, 1.0; 32
-5.0, 7.0, 1.0; 54
-4.0, 7.0, 1.0; 6
-3.0, 7.0, 1.0; 6
-2.0, 7.0, 1.0; 20
-1.0, 7.0, 1.0; 36
0.0, 7.0, 1.0; 18
1.0, 7.0, 1.0; 37
2.0, 7.0, 1.0; 27
3.0, 7.0, 1.0; 12
4.0, 7.0, 1.0; 4
5.0, 7.0, 1.0; 5
6.0, 7.0, 1.0; 1
-6.0, 8.0, 1.0; 3
-5.0, 8.0, 1.0; 15
-4.0, 8.0, 1.0; 33
-3.0, 8.0, 1.0; 29
-2.0, 8.0, 1.0; 46
-1.0, 8.0, 1.0; 60
0.0, 8.0, 1.0; 58
1.0, 8.0, 1.0; 23
2.0, 8.0, 1.0; 12
3.0, 8.0, 1.0; 4
4.0, 8.0, 1.0; 2
5.0, 8.0, 1.0; 2
-4.0, 9.0, 1.0; 12
-3.0, 9.0, 1.0; 27
-2.0, 9.0, 1.0; 71
-1.0, 9.0, 1.0; 65
0.0, 9.0, 1.0; 41
1.0, 9.0, 1.0; 21
2.0, 9.0, 1.0; 4
-3.0, -10.0, 2.0; 11
-2.0, -10.0, 2.0; 12
-1.0, -10.0, 2.0; 10
0.0, -10.0, 2.0; 8
1.0, -10.0, 2.0; 2
2.0, -10.0, 2.0; 1
-6.0, -9.0, 2.0; 1
-5.0, -9.0, 2.0; 3
-4.0, -9.0, 2.0; 28
-3.0, -9.0, 2.0; 26
-2.0, -9.0, 2.0; 24
-1.0, -9.0, 2.0; 6
0.0, -9.0, 2.0; 8
1.0, -9.0, 2.0; 11
2.0, -9.0, 2.0; 5
3.0, -9.0, 2.0; 3
4.0, -9.0, 2.0; 7
5.0, -9.0, 2.0; 1
-7.0, -8.0, 2.0; 5
-6.0, -8.0, 2.0; 10
-5.0, -8.0, 2.0; 38
-4.0, -8.0, 2.0; 29
-3.0, -8.0, 2.0; 12
-2.0, -8.0, 2.0; 8
-1.0, -8.0, 2.0; 14
0.0, -8.0, 2.0; 6
1.0, -8.0, 2.0; 8
2.0, -8.0, 2.0; 4
3.0, -8.0, 2.0; 4
4.0, -8.0, 2.0; 4
5.0, -8.0, 2.0; 5
6.0, -8.0, 2.0; 3
-8.0, -7.0, 2.0; 2
-7.0, -7.0, 2.0; 16
-6.0, -7.0, 2.0; 33
-5.0, -7.0, 2.0; 15
-4.0, -7.0, 2.0; 5
-3.0, -7.0, 2.0; 10
-2.0, -7.0, 2.0; 24
-1.0, -7.0, 2.0; 5
0.0, -7.0, 2.0; 4
1.0, -7.0, 2.0; 6
2.0, -7.0, 2.0; 9
4.0, -7.0, 2.0; 5
5.0, -7.0, 2.0; 4
6.0, -7.0, 2.0; 4
-8.0, -6.0, 2.0; 3
-7.0, -6.0, 2.0; 21
-6.0, -6.0, 2.0; 10
-5.0, -6.0, 2.0; 4
-4.0, -6.0, 2.0; 67
-3.0, -6.0, 2.0; 142
-2.0, -6.0, 2.0; 112
-1.0, -6.0, 2.0; 36
0.0, -6.0, 2.0; 4
1.0, -6.0, 2.0; 8
2.0, -6.0, 2.0; 19
3.0, -6.0, 2.0; 9
6.0, -6.0, 2.0; 5
7.0, -6.0, 2.0; 2
-9.0, -5.0, 2.0; 1
-8.0, -5.0, 2.0; 12
-7.0, -5.0, 2.0; 9
-6.0, -5.0, 2.0; 3
-5.0, -5.0, 2.0; 50
-4.0, -5.0, 2.0; 77
-3.0, -5.0, 2.0; 16
-2.0, -5.0, 2.0; 8
-1.0, -5.0, 2.0; 4
0.0, -5.0, 2.0; 1
1.0, -5.0, 2.0; 2
2.0, -5.0, 2.0; 5
3.0, -5.0, 2.0; 3
4.0, -5.0, 2.0; 2
6.0, -5.0, 2.0; 4
-9.0, -4.0, 2.0; 1
-8.0, -4.0, 2.0; 13
-7.0, -4.0, 2.0; 11
-6.0, -4.0, 2.0; 7
-5.0, -4.0, 2.0; 17
-4.0, -4.0, 2.0; 4
-3.0, -4.0, 2.0; 2
1.0, -4.0, 2.0; 1
2.0, -4.0, 2.0; 1
3.0, -4.0, 2.0; 1
8.0, -4.0, 2.0; 1
-10.0, -3.0, 2.0; 2
-8.0, -3.0, 2.0; 9
-7.0, -3.0, 2.0; 13
-6.0, -3.0, 2.0; 5
-4.0, -3.0, 2.0; 1
-2.0, -3.0, 2.0; 1
5.0, -3.0, 2.0; 3
-10.0, -2.0, 2.0; 2
-9.0, -2.0, 2.0; 2
-8.0, -2.0, 2.0; 5
-7.0, -2.0, 2.0; 8
-6.0, -2.0, 2.0; 7
-5.0, -2.0, 2.0; 1
3.0, -2.0, 2.0; 1
8.0, -2.0, 2.0; 1
-10.0, -1.0, 2.0; 1
-9.0, -1.0, 2.0; 6
-8.0, -1.0, 2.0; 2
-7.0, -1.0, 2.0; 5
-6.0, -1.0, 2.0; 11
-5.0, -1.0, 2.0; 1
4.0, -1.0, 2.0; 1
5.0, -1.0, 2.0; 1
6.0, -1.0, 2.0; 1
8.0, -1.0, 2.0; 1
-10.0, 0.0, 2.0; 7
-9.0, 0.0, 2.0; 5
-8.0, 0.0, 2.0; 3
-7.0, 0.0, 2.0; 2
-6.0, 0.0, 2.0; 22
-5.0, 0.0, 2.0; 18
-4.0, 0.0, 2.0; 2
4.0, 0.0, 2.0; 1
-10.0, 1.0, 2.0; 1
-9.0, 1.0, 2.0; 6
-8.0, 1.0, 2.0; 6
-7.0, 1.0, 2.0; 1
-6.0, 1.0, 2.0; 9
-5.0, 1.0, 2.0; 254
-4.0, 1.0, 2.0; 184
4.0, 1.0, 2.0; 4
5.0, 1.0, 2.0; 5
6.0, 1.0, 2.0; 1
-10.0, 2.0, 2.0; 4
-9.0, 2.0, 2.0; 3
-8.0, 2.0, 2.0; 10
-7.0, 2.0, 2.0; 5
-6.0, 2.0, 2.0; 1
-5.0, 2.0, 2.0; 433
-4.0, 2.0, 2.0; 1683
-3.0, 2.0, 2.0; 24
2.0, 2.0, 2.0; 2
3.0, 2.0, 2.0; 3
4.0, 2.0, 2.0; 7
5.0, 2.0, 2.0; 3
6.0, 2.0, 2.0; 1
-9.0, 3.0, 2.0; 3
-8.0, 3.0, 2.0; 9
-7.0, 3.0, 2.0; 9
-6.0, 3.0, 2.0; 5
-5.0, 3.0, 2.0; 22
-4.0, 3.0, 2.0; 131
-3.0, 3.0, 2.0; 35
-2.0, 3.0, 2.0; 4
-1.0, 3.0, 2.0; 5
2.0, 3.0, 2.0; 2
3.0, 3.0, 2.0; 11
4.0, 3.0, 2.0; 7
5.0, 3.0, 2.0; 3
6.0, 3.0, 2.0; 2
7.0, 3.0, 2.0; 2
8.0, 3.0, 2.0; 1
-9.0, 4.0, 2.0; 1
-8.0, 4.0, 2.0; 7
-7.0, 4.0, 2.0; 9
-6.0, 4.0, 2.0; 14
-5.0, 4.0, 2.0; 14
-4.0, 4.0, 2.0; 19
-3.0, 4.0, 2.0; 44
-2.0, 4.0, 2.0; 76
-1.0, 4.0, 2.0; 32
0.0, 4.0, 2.0; 22
1.0, 4.0, 2.0; 10
2.0, 4.0, 2.0; 29
3.0, 4.0, 2.0; 23
4.0, 4.0, 2.0; 14
5.0, 4.0, 2.0; 4
6.0, 4.0, 2.0; 6
7.0, 4.0, 2.0; 4
8.0, 4.0, 2.0; 1
-9.0, 5.0, 2.0; 3
-8.0, 5.0, 2.0; 5
-7.0, 5.0, 2.0; 5
-6.0, 5.0, 2.0; 9
-5.0, 5.0, 2.0; 11
-4.0, 5.0, 2.0; 22
-3.0, 5.0, 2.0; 115
-2.0, 5.0, 2.0; 188
-1.0, 5.0, 2.0; 30
0.0, 5.0, 2.0; 18
1.0, 5.0, 2.0; 29
2.0, 5.0, 2.0; 91
3.0, 5.0, 2.0; 22
4.0, 5.0, 2.0; 22
5.0, 5.0, 2.0; 5
6.0, 5.0, 2.0; 7
7.0, 5.0, 2.0; 1
-8.0, 6.0, 2.0; 11
-7.0, 6.0, 2.0; 19
-6.0, 6.0, 2.0; 20
-5.0, 6.0, 2.0; 18
-4.0, 6.0, 2.0; 9
-3.0, 6.0, 2.0; 15
-2.0, 6.0, 2.0; 13
-1.0, 6.0, 2.0; 3
0.0, 6.0, 2.0; 3
1.0, 6.0, 2.0; 12
2.0, 6.0, 2.0; 19
3.0, 6.0, 2.0; 11
4.0, 6.0, 2.0; 10
5.0, 6.0, 2.0; 6
6.0, 6.0, 2.0; 2
-7.0, 7.0, 2.0; 3
-6.0, 7.0, 2.0; 17
-5.0, 7.0, 2.0; 25
-4.0, 7.0, 2.0; 15
-3.0, 7.0, 2.0; 18
-2.0, 7.0, 2.0; 18
-1.0, 7.0, 2.0; 30
0.0, 7.0, 2.0; 35
1.0, 7.0, 2.0; 21
2.0, 7.0, 2.0; 13
3.0, 7.0, 2.0; 4
4.0, 7.0, 2.0; 2
5.0, 7.0, 2.0; 5
6.0, 7.0, 2.0; 1
-6.0, 8.0, 2.0; 2
-5.0, 8.0, 2.0; 15
-4.0, 8.0, 2.0; 22
-3.0, 8.0, 2.0; 33
-2.0, 8.0, 2.0; 32
-1.0, 8.0, 2.0; 39
0.0, 8.0, 2.0; 34
1.0, 8.0, 2.0; 18
2.0, 8.0, 2.0; 6
3.0, 8.0, 2.0; 3
4.0, 8.0, 2.0; 4
-4.0, 9.0, 2.0; 2
-3.0, 9.0, 2.0; 16
-2.0, 9.0, 2.0; 33
-1.0, 9.0, 2.0; 25
0.0, 9.0, 2.0; 20
1.0, 9.0, 2.0; 5
-3.0, -10.0, 3.0; 1
-2.0, -10.0, 3.0; 1
-1.0, -10.0, 3.0; 1
-5.0, -9.0, 3.0; 5
-4.0, -9.0, 3.0; 11
-3.0, -9.0, 3.0; 15
-2.0, -9.0, 3.0; 17
-1.0, -9.0, 3.0; 12
0.0, -9.0, 3.0; 9
1.0, -9.0, 3.0; 4
2.0, -9.0, 3.0; 3
3.0, -9.0, 3.0; 4
4.0, -9.0, 3.0; 1
-6.0, -8.0, 3.0; 9
-5.0, -8.0, 3.0; 16
-4.0, -8.0, 3.0; 30
-3.0, -8.0, 3.0; 35
-2.0, -8.0, 3.0; 33
-1.0, -8.0, 3.0; 25
0.0, -8.0, 3.0; 22
1.0, -8.0, 3.0; 12
2.0, -8.0, 3.0; 6
3.0, -8.0, 3.0; 5
4.0, -8.0, 3.0; 6
5.0, -8.0, 3.0; 6
-8.0, -7.0, 3.0; 2
-7.0, -7.0, 3.0; 6
-6.0, -7.0, 3.0; 16
-5.0, -7.0, 3.0; 35
-4.0, -7.0, 3.0; 27
-3.0, -7.0, 3.0; 21
-2.0, -7.0, 3.0; 10
-1.0, -7.0, 3.0; 11
0.0, -7.0, 3.0; 19
1.0, -7.0, 3.0; 14
2.0, -7.0, 3.0; 4
4.0, -7.0, 3.0; 1
5.0, -7.0, 3.0; 7
6.0, -7.0, 3.0; 3
-7.0, -6.0, 3.0; 5
-6.0, -6.0, 3.0; 32
-5.0, -6.0, 3.0; 15
-4.0, -6.0, 3.0; 5
-2.0, -6.0, 3.0; 3
-1.0, -6.0, 3.0; 5
0.0, -6.0, 3.0; 7
1.0, -6.0, 3.0; 14
2.0, -6.0, 3.0; 4
3.0, -6.0, 3.0; 1
5.0, -6.0, 3.0; 1
6.0, -6.0, 3.0; 1
7.0, -6.0, 3.0; 2
-8.0, -5.0, 3.0; 3
-7.0, -5.0, 3.0; 26
-6.0, -5.0, 3.0; 13
-5.0, -5.0, 3.0; 4
-4.0, -5.0, 3.0; 2
-3.0, -5.0, 3.0; 2
-2.0, -5.0, 3.0; 2
-1.0, -5.0, 3.0; 3
0.0, -5.0, 3.0; 1
1.0, -5.0, 3.0; 6
2.0, -5.0, 3.0; 3
3.0, -5.0, 3.0; 2
4.0, -5.0, 3.0; 1
5.0, -5.0, 3.0; 1
6.0, -5.0, 3.0; 1
8.0, -5.0, 3.0; 1
-9.0, -4.0, 3.0; 4
-8.0, -4.0, 3.0; 3
-7.0, -4.0, 3.0; 19
-6.0, -4.0, 3.0; 13
-4.0, -4.0, 3.0; 2
-3.0, -4.0, 3.0; 2
-2.0, -4.0, 3.0; 2
-1.0, -4.0, 3.0; 1
0.0, -4.0, 3.0; 2
1.0, -4.0, 3.0; 4
3.0, -4.0, 3.0; 1
6.0, -4.0, 3.0; 1
-10.0, -3.0, 3.0; 1
-9.0, -3.0, 3.0; 6
-8.0, -3.0, 3.0; 4
-7.0, -3.0, 3.0; 11
-6.0, -3.0, 3.0; 6
-5.0, -3.0, 3.0; 1
-4.0, -3.0, 3.0; 3
-3.0, -3.0, 3.0; 2
-1.0, -3.0, 3.0; 1
0.0, -3.0, 3.0; 2
2.0, -3.0, 3.0; 1
3.0, -3.0, 3.0; 1
4.0, -3.0, 3.0; 2
-9.0, -2.0, 3.0; 5
-8.0, -2.0, 3.0; 2
-7.0, -2.0, 3.0; 5
-6.0, -2.0, 3.0; 31
-5.0, -2.0, 3.0; 45
-4.0, -2.0, 3.0; 16
-3.0, -2.0, 3.0; 1
-1.0, -2.0, 3.0; 1
0.0, -2.0, 3.0; 2
1.0, -2.0, 3.0; 1
2.0, -2.0, 3.0; 1
8.0, -2.0, 3.0; 1
-10.0, -1.0, 3.0; 2
-9.0, -1.0, 3.0; 2
-8.0, -1.0, 3.0; 2
-6.0, -1.0, 3.0; 15
-5.0, -1.0, 3.0; 13
-4.0, -1.0, 3.0; 5
-3.0, -1.0, 3.0; 1
-2.0, -1.0, 3.0; 6
0.0, -1.0, 3.0; 1
1.0, -1.0, 3.0; 1
4.0, -1.0, 3.0; 1
5.0, -1.0, 3.0; 3
-10.0, 0.0, 3.0; 1
-9.0, 0.0, 3.0; 5
-8.0, 0.0, 3.0; 1
-7.0, 0.0, 3.0; 3
-6.0, 0.0, 3.0; 2
-5.0, 0.0, 3.0; 10
-4.0, 0.0, 3.0; 4
-3.0, 0.0, 3.0; 2
-2.0, 0.0, 3.0; 1
1.0, 0.0, 3.0; 1
4.0, 0.0, 3.0; 1
-10.0, 1.0, 3.0; 1
-9.0, 1.0, 3.0; 9
-8.0, 1.0, 3.0; 6
-7.0, 1.0, 3.0; 2
-6.0, 1.0, 3.0; 1
-5.0, 1.0, 3.0; 12
-4.0, 1.0, 3.0; 113
-3.0, 1.0, 3.0; 18
2.0, 1.0, 3.0; 2
3.0, 1.0, 3.0; 5
4.0, 1.0, 3.0; 3
5.0, 1.0, 3.0; 1
6.0, 1.0, 3.0; 1
8.0, 1.0, 3.0; 1
-9.0, 2.0, 3.0; 4
-8.0, 2.0, 3.0; 5
-7.0, 2.0, 3.0; 7
-6.0, 2.0, 3.0; 1
-5.0, 2.0, 3.0; 4
-4.0, 2.0, 3.0; 211
-3.0, 2.0, 3.0; 103
-2.0, 2.0, 3.0; 6
-1.0, 2.0, 3.0; 3
0.0, 2.0, 3.0; 2
1.0, 2.0, 3.0; 5
2.0, 2.0, 3.0; 23
3.0, 2.0, 3.0; 15
4.0, 2.0, 3.0; 6
5.0, 2.0, 3.0; 2
6.0, 2.0, 3.0; 1
7.0, 2.0, 3.0; 2
-9.0, 3.0, 3.0; 3
-8.0, 3.0, 3.0; 12
-7.0, 3.0, 3.0; 7
-6.0, 3.0, 3.0; 8
-5.0, 3.0, 3.0; 3
-4.0, 3.0, 3.0; 8
-3.0, 3.0, 3.0; 27
-2.0, 3.0, 3.0; 13
-1.0, 3.0, 3.0; 15
0.0, 3.0, 3.0; 5
1.0, 3.0, 3.0; 5
2.0, 3.0, 3.0; 8
3.0, 3.0, 3.0; 2
4.0, 3.0, 3.0; 6
6.0, 3.0, 3.0; 2
7.0, 3.0, 3.0; 2
8.0, 3.0, 3.0; 1
-9.0, 4.0, 3.0; 3
-8.0, 4.0, 3.0; 7
-7.0, 4.0, 3.0; 10
-6.0, 4.0, 3.0; 10
-5.0, 4.0, 3.0; 4
-4.0, 4.0, 3.0; 6
-3.0, 4.0, 3.0; 8
-2.0, 4.0, 3.0; 14
-1.0, 4.0, 3.0; 12
0.0, 4.0, 3.0; 6
1.0, 4.0, 3.0; 37
2.0, 4.0, 3.0; 30
3.0, 4.0, 3.0; 11
4.0, 4.0, 3.0; 3
5.0, 4.0, 3.0; 3
6.0, 4.0, 3.0; 1
7.0, 4.0, 3.0; 3
-8.0, 5.0, 3.0; 28
-7.0, 5.0, 3.0; 12
-6.0, 5.0, 3.0; 15
-5.0, 5.0, 3.0; 11
-4.0, 5.0, 3.0; 5
-3.0, 5.0, 3.0; 5
-2.0, 5.0, 3.0; 4
-1.0, 5.0, 3.0; 2
0.0, 5.0, 3.0; 5
1.0, 5.0, 3.0; 31
2.0, 5.0, 3.0; 30
3.0, 5.0, 3.0; 10
4.0, 5.0, 3.0; 6
5.0, 5.0, 3.0; 10
6.0, 5.0, 3.0; 7
7.0, 5.0, 3.0; 1
-8.0, 6.0, 3.0; 3
-7.0, 6.0, 3.0; 7
-6.0, 6.0, 3.0; 12
-5.0, 6.0, 3.0; 13
-4.0, 6.0, 3.0; 21
-3.0, 6.0, 3.0; 8
-2.0, 6.0, 3.0; 8
-1.0, 6.0, 3.0; 7
0.0, 6.0, 3.0; 11
1.0, 6.0, 3.0; 19
2.0, 6.0, 3.0; 6
3.0, 6.0, 3.0; 5
4.0, 6.0, 3.0; 10
5.0, 6.0, 3.0; 5
6.0, 6.0, 3.0; 6
-6.0, 7.0, 3.0; 3
-5.0, 7.0, 3.0; 22
-4.0, 7.0, 3.0; 20
-3.0, 7.0, 3.0; 24
-2.0, 7.0, 3.0; 42
-1.0, 7.0, 3.0; 40
0.0, 7.0, 3.0; 31
1.0, 7.0, 3.0; 12
2.0, 7.0, 3.0; 5
3.0, 7.0, 3.0; 3
4.0, 7.0, 3.0; 6
5.0, 7.0, 3.0; 1
-5.0, 8.0, 3.0; 4
-4.0, 8.0, 3.0; 23
-3.0, 8.0, 3.0; 42
-2.0, 8.0, 3.0; 32
-1.0, 8.0, 3.0; 33
0.0, 8.0, 3.0; 14
1.0, 8.0, 3.0; 3
2.0, 8.0, 3.0; 2
-3.0, 9.0, 3.0; 2
-2.0, 9.0, 3.0; 10
-1.0, 9.0, 3.0; 13
0.0, 9.0, 3.0; 2
1.0, 9.0, 3.0; 3
-5.0, -9.0, 4.0; 1
-4.0, -9.0, 4.0; 1
-3.0, -9.0, 4.0; 4
-2.0, -9.0, 4.0; 6
-1.0, -9.0, 4.0; 4
0.0, -9.0, 4.0; 6
1.0, -9.0, 4.0; 2
2.0, -9.0, 4.0; 2
3.0, -9.0, 4.0; 2
-6.0, -8.0, 4.0; 1
-5.0, -8.0, 4.0; 7
-4.0, -8.0, 4.0; 6
-3.0, -8.0, 4.0; 10
-2.0, -8.0, 4.0; 13
-1.0, -8.0, 4.0; 10
0.0, -8.0, 4.0; 9
1.0, -8.0, 4.0; 4
2.0, -8.0, 4.0; 6
3.0, -8.0, 4.0; 1
4.0, -8.0, 4.0; 6
-7.0, -7.0, 4.0; 3
-6.0, -7.0, 4.0; 9
-5.0, -7.0, 4.0; 10
-4.0, -7.0, 4.0; 21
-3.0, -7.0, 4.0; 40
-2.0, -7.0, 4.0; 27
-1.0, -7.0, 4.0; 22
0.0, -7.0, 4.0; 8
1.0, -7.0, 4.0; 2
2.0, -7.0, 4.0; 7
3.0, -7.0, 4.0; 5
4.0, -7.0, 4.0; 2
5.0, -7.0, 4.0; 3
-7.0, -6.0, 4.0; 9
-6.0, -6.0, 4.0; 10
-5.0, -6.0, 4.0; 27
-4.0, -6.0, 4.0; 41
-3.0, -6.0, 4.0; 23
-2.0, -6.0, 4.0; 5
-1.0, -6.0, 4.0; 6
0.0, -6.0, 4.0; 6
1.0, -6.0, 4.0; 2
2.0, -6.0, 4.0; 2
3.0, -6.0, 4.0; 4
4.0, -6.0, 4.0; 2
5.0, -6.0, 4.0; 3
6.0, -6.0, 4.0; 2
-8.0, -5.0, 4.0; 4
-7.0, -5.0, 4.0; 5
-6.0, -5.0, 4.0; 13
-5.0, -5.0, 4.0; 18
-4.0, -5.0, 4.0; 9
-3.0, -5.0, 4.0; 7
-2.0, -5.0, 4.0; 7
-1.0, -5.0, 4.0; 5
0.0, -5.0, 4.0; 6
1.0, -5.0, 4.0; 4
2.0, -5.0, 4.0; 1
3.0, -5.0, 4.0; 1
4.0, -5.0, 4.0; 2
7.0, -5.0, 4.0; 1
-9.0, -4.0, 4.0; 3
-8.0, -4.0, 4.0; 11
-7.0, -4.0, 4.0; 5
-6.0, -4.0, 4.0; 9
-5.0, -4.0, 4.0; 14
-4.0, -4.0, 4.0; 11
-3.0, -4.0, 4.0; 17
-2.0, -4.0, 4.0; 9
-1.0, -4.0, 4.0; 4
0.0, -4.0, 4.0; 2
1.0, -4.0, 4.0; 2
2.0, -4.0, 4.0; 1
3.0, -4.0, 4.0; 2
-9.0, -3.0, 4.0; 4
-8.0, -3.0, 4.0; 5
-7.0, -3.0, 4.0; 1
-6.0, -3.0, 4.0; 11
-5.0, -3.0, 4.0; 13
-4.0, -3.0, 4.0; 30
-3.0, -3.0, 4.0; 22
-2.0, -3.0, 4.0; 3
-1.0, -3.0, 4.0; 4
0.0, -3.0, 4.0; 4
3.0, -3.0, 4.0; 1
4.0, -3.0, 4.0; 1
6.0, -3.0, 4.0; 1
-9.0, -2.0, 4.0; 1
-8.0, -2.0, 4.0; 1
-6.0, -2.0, 4.0; 5
-5.0, -2.0, 4.0; 10
-4.0, -2.0, 4.0; 29
-3.0, -2.0, 4.0; 9
-2.0, -2.0, 4.0; 3
-1.0, -2.0, 4.0; 14
0.0, -2.0, 4.0; 19
1.0, -2.0, 4.0; 4
2.0, -2.0, 4.0; 2
6.0, -2.0, 4.0; 1
-9.0, -1.0, 4.0; 1
-8.0, -1.0, 4.0; 7
-7.0, -1.0, 4.0; 1
-6.0, -1.0, 4.0; 2
-5.0, -1.0, 4.0; 4
-4.0, -1.0, 4.0; 9
-3.0, -1.0, 4.0; 12
-2.0, -1.0, 4.0; 19
-1.0, -1.0, 4.0; 34
0.0, -1.0, 4.0; 40
1.0, -1.0, 4.0; 12
4.0, -1.0, 4.0; 1
-9.0, 0.0, 4.0; 2
-8.0, 0.0, 4.0; 4
-7.0, 0.0, 4.0; 6
-6.0, 0.0, 4.0; 2
-5.0, 0.0, 4.0; 1
-4.0, 0.0, 4.0; 5
-3.0, 0.0, 4.0; 1
-2.0, 0.0, 4.0; 2
-1.0, 0.0, 4.0; 7
0.0, 0.0, 4.0; 2
1.0, 0.0, 4.0; 4
2.0, 0.0, 4.0; 7
3.0, 0.0, 4.0; 2
5.0, 0.0, 4.0; 1
-9.0, 1.0, 4.0; 4
-8.0, 1.0, 4.0; 1
-7.0, 1.0, 4.0; 10
-6.0, 1.0, 4.0; 1
-5.0, 1.0, 4.0; 2
-4.0, 1.0, 4.0; 2
-2.0, 1.0, 4.0; 3
-1.0, 1.0, 4.0; 2
1.0, 1.0, 4.0; 5
2.0, 1.0, 4.0; 7
3.0, 1.0, 4.0; 9
4.0, 1.0, 4.0; 1
5.0, 1.0, 4.0; 2
-9.0, 2.0, 4.0; 3
-8.0, 2.0, 4.0; 9
-7.0, 2.0, 4.0; 9
-6.0, 2.0, 4.0; 3
-5.0, 2.0, 4.0; 2
-4.0, 2.0, 4.0; 1
-3.0, 2.0, 4.0; 2
-2.0, 2.0, 4.0; 3
-1.0, 2.0, 4.0; 8
0.0, 2.0, 4.0; 44
1.0, 2.0, 4.0; 45
2.0, 2.0, 4.0; 10
3.0, 2.0, 4.0; 6
4.0, 2.0, 4.0; 3
5.0, 2.0, 4.0; 1
6.0, 2.0, 4.0; 4
7.0, 2.0, 4.0; 1
-9.0, 3.0, 4.0; 1
-8.0, 3.0, 4.0; 4
-7.0, 3.0, 4.0; 16
-6.0, 3.0, 4.0; 5
-5.0, 3.0, 4.0; 5
-4.0, 3.0, 4.0; 1
-3.0, 3.0, 4.0; 1
-2.0, 3.0, 4.0; 3
-1.0, 3.0, 4.0; 6
0.0, 3.0, 4.0; 16
1.0, 3.0, 4.0; 20
2.0, 3.0, 4.0; 11
3.0, 3.0, 4.0; 4
4.0, 3.0, 4.0; 4
6.0, 3.0, 4.0; 2
7.0, 3.0, 4.0; 2
-8.0, 4.0, 4.0; 5
-7.0, 4.0, 4.0; 10
-6.0, 4.0, 4.0; 16
-5.0, 4.0, 4.0; 7
-4.0, 4.0, 4.0; 5
-3.0, 4.0, 4.0; 4
-2.0, 4.0, 4.0; 4
-1.0, 4.0, 4.0; 1
0.0, 4.0, 4.0; 9
1.0, 4.0, 4.0; 13
2.0, 4.0, 4.0; 7
3.0, 4.0, 4.0; 1
4.0, 4.0, 4.0; 3
5.0, 4.0, 4.0; 5
6.0, 4.0, 4.0; 3
-8.0, 5.0, 4.0; 1
-7.0, 5.0, 4.0; 13
-6.0, 5.0, 4.0; 14
-5.0, 5.0, 4.0; 23
-4.0, 5.0, 4.0; 21
-3.0, 5.0, 4.0; 21
-2.0, 5.0, 4.0; 8
-1.0, 5.0, 4.0; 6
0.0, 5.0, 4.0; 14
1.0, 5.0, 4.0; 15
2.0, 5.0, 4.0; 8
3.0, 5.0, 4.0; 4
4.0, 5.0, 4.0; 3
5.0, 5.0, 4.0; 10
6.0, 5.0, 4.0; 2
-7.0, 6.0, 4.0; 3
-6.0, 6.0, 4.0; 17
-5.0, 6.0, 4.0; 7
-4.0, 6.0, 4.0; 12
-3.0, 6.0, 4.0; 32
-2.0, 6.0, 4.0; 37
-1.0, 6.0, 4.0; 22
0.0, 6.0, 4.0; 16
1.0, 6.0, 4.0; 7
2.0, 6.0, 4.0; 4
3.0, 6.0, 4.0; 3
4.0, 6.0, 4.0; 8
5.0, 6.0, 4.0; 4
-5.0, 7.0, 4.0; 12
-4.0, 7.0, 4.0; 16
-3.0, 7.0, 4.0; 23
-2.0, 7.0, 4.0; 19
-1.0, 7.0, 4.0; 15
0.0, 7.0, 4.0; 9
1.0, 7.0, 4.0; 4
2.0, 7.0, 4.0; 6
3.0, 7.0, 4.0; 3
-5.0, 8.0, 4.0; 1
-4.0, 8.0, 4.0; 4
-3.0, 8.0, 4.0; 14
-2.0, 8.0, 4.0; 25
-1.0, 8.0, 4.0; 7
0.0, 8.0, 4.0; 7
2.0, 8.0, 4.0; 3
-2.0, -9.0, 5.0; 2
-1.0, -9.0, 5.0; 1
0.0, -9.0, 5.0; 1
1.0, -9.0, 5.0; 4
-4.0, -8.0, 5.0; 7
-3.0, -8.0, 5.0; 14
-2.0, -8.0, 5.0; 9
-1.0, -8.0, 5.0; 2
0.0, -8.0, 5.0; 9
1.0, -8.0, 5.0; 4
2.0, -8.0, 5.0; 4
4.0, -8.0, 5.0; 1
-6.0, -7.0, 5.0; 5
-5.0, -7.0, 5.0; 9
-4.0, -7.0, 5.0; 6
-3.0, -7.0, 5.0; 12
-2.0, -7.0, 5.0; 8
-1.0, -7.0, 5.0; 4
0.0, -7.0, 5.0; 6
1.0, -7.0, 5.0; 1
2.0, -7.0, 5.0; 6
3.0, -7.0, 5.0; 5
4.0, -7.0, 5.0; 3
5.0, -7.0, 5.0; 1
-7.0, -6.0, 5.0; 5
-6.0, -6.0, 5.0; 9
-5.0, -6.0, 5.0; 7
-4.0, -6.0, 5.0; 7
-3.0, -6.0, 5.0; 6
-2.0, -6.0, 5.0; 6
-1.0, -6.0, 5.0; 2
0.0, -6.0, 5.0; 5
2.0, -6.0, 5.0; 1
3.0, -6.0, 5.0; 4
5.0, -6.0, 5.0; 1
-8.0, -5.0, 5.0; 3
-7.0, -5.0, 5.0; 4
-6.0, -5.0, 5.0; 6
-5.0, -5.0, 5.0; 6
-4.0, -5.0, 5.0; 6
-3.0, -5.0, 5.0; 11
-2.0, -5.0, 5.0; 5
-1.0, -5.0, 5.0; 4
1.0, -5.0, 5.0; 1
4.0, -5.0, 5.0; 1
-8.0, -4.0, 5.0; 7
-7.0, -4.0, 5.0; 2
-6.0, -4.0, 5.0; 4
-5.0, -4.0, 5.0; 7
-4.0, -4.0, 5.0; 5
-3.0, -4.0, 5.0; 10
-2.0, -4.0, 5.0; 10
-1.0, -4.0, 5.0; 4
0.0, -4.0, 5.0; 4
-8.0, -3.0, 5.0; 5
-6.0, -3.0, 5.0; 1
-5.0, -3.0, 5.0; 3
-4.0, -3.0, 5.0; 4
-3.0, -3.0, 5.0; 3
-2.0, -3.0, 5.0; 2
-1.0, -3.0, 5.0; 3
0.0, -3.0, 5.0; 1
2.0, -3.0, 5.0; 1
-9.0, -2.0, 5.0; 1
-7.0, -2.0, 5.0; 1
-6.0, -2.0, 5.0; 1
-5.0, -2.0, 5.0; 1
-4.0, -2.0, 5.0; 2
-3.0, -2.0, 5.0; 3
-1.0, -2.0, 5.0; 2
0.0, -2.0, 5.0; 3
1.0, -2.0, 5.0; 4
-8.0, -1.0, 5.0; 2
-7.0, -1.0, 5.0; 3
-6.0, -1.0, 5.0; 2
-5.0, -1.0, 5.0; 1
-4.0, -1.0, 5.0; 1
-3.0, -1.0, 5.0; 1
-2.0, -1.0, 5.0; 1
-1.0, -1.0, 5.0; 1
0.0, -1.0, 5.0; 3
1.0, -1.0, 5.0; 4
-8.0, 0.0, 5.0; 5
-7.0, 0.0, 5.0; 6
-6.0, 0.0, 5.0; 2
-4.0, 0.0, 5.0; 1
-3.0, 0.0, 5.0; 2
-2.0, 0.0, 5.0; 1
-1.0, 0.0, 5.0; 1
0.0, 0.0, 5.0; 4
1.0, 0.0, 5.0; 1
2.0, 0.0, 5.0; 1
5.0, 0.0, 5.0; 1
6.0, 0.0, 5.0; 1
-8.0, 1.0, 5.0; 6
-7.0, 1.0, 5.0; 8
-6.0, 1.0, 5.0; 2
-4.0, 1.0, 5.0; 2
-2.0, 1.0, 5.0; 3
0.0, 1.0, 5.0; 2
1.0, 1.0, 5.0; 5
2.0, 1.0, 5.0; 1
3.0, 1.0, 5.0; 5
4.0, 1.0, 5.0; 1
-8.0, 2.0, 5.0; 4
-7.0, 2.0, 5.0; 5
-6.0, 2.0, 5.0; 4
-5.0, 2.0, 5.0; 5
-4.0, 2.0, 5.0; 8
-3.0, 2.0, 5.0; 7
-2.0, 2.0, 5.0; 11
-1.0, 2.0, 5.0; 14
0.0, 2.0, 5.0; 14
1.0, 2.0, 5.0; 2
2.0, 2.0, 5.0; 1
3.0, 2.0, 5.0; 2
5.0, 2.0, 5.0; 1
6.0, 2.0, 5.0; 1
7.0, 2.0, 5.0; 1
-8.0, 3.0, 5.0; 2
-7.0, 3.0, 5.0; 5
-6.0, 3.0, 5.0; 4
-5.0, 3.0, 5.0; 3
-4.0, 3.0, 5.0; 2
-3.0, 3.0, 5.0; 9
-2.0, 3.0, 5.0; 4
-1.0, 3.0, 5.0; 7
0.0, 3.0, 5.0; 3
1.0, 3.0, 5.0; 1
2.0, 3.0, 5.0; 1
3.0, 3.0, 5.0; 2
4.0, 3.0, 5.0; 3
5.0, 3.0, 5.0; 1
6.0, 3.0, 5.0; 1
-8.0, 4.0, 5.0; 2
-7.0, 4.0, 5.0; 6
-6.0, 4.0, 5.0; 10
-5.0, 4.0, 5.0; 12
-4.0, 4.0, 5.0; 5
-3.0, 4.0, 5.0; 11
-2.0, 4.0, 5.0; 6
-1.0, 4.0, 5.0; 4
0.0, 4.0, 5.0; 3
1.0, 4.0, 5.0; 1
3.0, 4.0, 5.0; 7
4.0, 4.0, 5.0; 1
5.0, 4.0, 5.0; 2
6.0, 4.0, 5.0; 1
-6.0, 5.0, 5.0; 7
-5.0, 5.0, 5.0; 10
-4.0, 5.0, 5.0; 14
-3.0, 5.0, 5.0; 11
-2.0, 5.0, 5.0; 6
-1.0, 5.0, 5.0; 11
0.0, 5.0, 5.0; 11
1.0, 5.0, 5.0; 1
2.0, 5.0, 5.0; 2
3.0, 5.0, 5.0; 4
4.0, 5.0, 5.0; 12
5.0, 5.0, 5.0; 1
-6.0, 6.0, 5.0; 2
-5.0, 6.0, 5.0; 6
-4.0, 6.0, 5.0; 4
-3.0, 6.0, 5.0; 8
-2.0, 6.0, 5.0; 10
-1.0, 6.0, 5.0; 4
0.0, 6.0, 5.0; 5
1.0, 6.0, 5.0; 2
2.0, 6.0, 5.0; 3
3.0, 6.0, 5.0; 6
4.0, 6.0, 5.0; 2
5.0, 6.0, 5.0; 1
-5.0, 7.0, 5.0; 1
-4.0, 7.0, 5.0; 2
-3.0, 7.0, 5.0; 7
-2.0, 7.0, 5.0; 7
-1.0, 7.0, 5.0; 8
0.0, 7.0, 5.0; 1
1.0, 7.0, 5.0; 1
2.0, 7.0, 5.0; 2
3.0, 7.0, 5.0; 1
-2.0, 8.0, 5.0; 1
-1.0, 8.0, 5.0; 2
2.0, 8.0, 5.0; 1
-3.0, -8.0, 6.0; 3
-2.0, -8.0, 6.0; 4
-1.0, -8.0, 6.0; 5
0.0, -8.0, 6.0; 5
1.0, -8.0, 6.0; 4
2.0, -8.0, 6.0; 1
-5.0, -7.0, 6.0; 2
-4.0, -7.0, 6.0; 11
-3.0, -7.0, 6.0; 11
-2.0, -7.0, 6.0; 6
-1.0, -7.0, 6.0; 5
0.0, -7.0, 6.0; 5
1.0, -7.0, 6.0; 5
2.0, -7.0, 6.0; 3
3.0, -7.0, 6.0; 1
-6.0, -6.0, 6.0; 2
-5.0, -6.0, 6.0; 14
-4.0, -6.0, 6.0; 7
-3.0, -6.0, 6.0; 9
-2.0, -6.0, 6.0; 1
-1.0, -6.0, 6.0; 4
0.0, -6.0, 6.0; 1
2.0, -6.0, 6.0; 1
3.0, -6.0, 6.0; 2
4.0, -6.0, 6.0; 3
-6.0, -5.0, 6.0; 2
-5.0, -5.0, 6.0; 9
-4.0, -5.0, 6.0; 8
-3.0, -5.0, 6.0; 2
1.0, -5.0, 6.0; 1
3.0, -5.0, 6.0; 1
-8.0, -4.0, 6.0; 1
-7.0, -4.0, 6.0; 5
-6.0, -4.0, 6.0; 6
-5.0, -4.0, 6.0; 2
-4.0, -4.0, 6.0; 2
-3.0, -4.0, 6.0; 3
-2.0, -4.0, 6.0; 5
1.0, -4.0, 6.0; 1
4.0, -4.0, 6.0; 1
5.0, -4.0, 6.0; 1
-7.0, -3.0, 6.0; 4
-6.0, -3.0, 6.0; 1
-5.0, -3.0, 6.0; 2
-3.0, -3.0, 6.0; 2
-2.0, -3.0, 6.0; 3
-1.0, -3.0, 6.0; 3
0.0, -3.0, 6.0; 2
1.0, -3.0, 6.0; 1
4.0, -3.0, 6.0; 2
-8.0, -2.0, 6.0; 2
-7.0, -2.0, 6.0; 1
-5.0, -2.0, 6.0; 2
-2.0, -2.0, 6.0; 3
-1.0, -2.0, 6.0; 3
0.0, -2.0, 6.0; 2
3.0, -2.0, 6.0; 1
4.0, -2.0, 6.0; 1
6.0, -2.0, 6.0; 1
-8.0, -1.0, 6.0; 2
-7.0, -1.0, 6.0; 2
-6.0, -1.0, 6.0; 5
-4.0, -1.0, 6.0; 1
-3.0, -1.0, 6.0; 2
-1.0, -1.0, 6.0; 1
0.0, -1.0, 6.0; 2
1.0, -1.0, 6.0; 6
6.0, -1.0, 6.0; 1
-7.0, 0.0, 6.0; 4
-6.0, 0.0, 6.0; 2
-5.0, 0.0, 6.0; 1
-4.0, 0.0, 6.0; 1
-3.0, 0.0, 6.0; 1
-2.0, 0.0, 6.0; 2
1.0, 0.0, 6.0; 1
2.0, 0.0, 6.0; 1
3.0, 0.0, 6.0; 1
-7.0, 1.0, 6.0; 4
-6.0, 1.0, 6.0; 3
-5.0, 1.0, 6.0; 1
-4.0, 1.0, 6.0; 2
-1.0, 1.0, 6.0; 1
0.0, 1.0, 6.0; 3
1.0, 1.0, 6.0; 4
3.0, 1.0, 6.0; 1
-7.0, 2.0, 6.0; 1
-6.0, 2.0, 6.0; 6
-5.0, 2.0, 6.0; 2
-4.0, 2.0, 6.0; 1
-3.0, 2.0, 6.0; 1
-2.0, 2.0, 6.0; 3
2.0, 2.0, 6.0; 3
3.0, 2.0, 6.0; 1
4.0, 2.0, 6.0; 1
6.0, 2.0, 6.0; 1
-7.0, 3.0, 6.0; 4
-6.0, 3.0, 6.0; 1
-5.0, 3.0, 6.0; 2
-4.0, 3.0, 6.0; 1
-3.0, 3.0, 6.0; 2
-2.0, 3.0, 6.0; 2
-1.0, 3.0, 6.0; 3
0.0, 3.0, 6.0; 5
1.0, 3.0, 6.0; 4
2.0, 3.0, 6.0; 4
3.0, 3.0, 6.0; 1
4.0, 3.0, 6.0; 2
6.0, 3.0, 6.0; 1
-6.0, 4.0, 6.0; 3
-5.0, 4.0, 6.0; 5
-4.0, 4.0, 6.0; 3
-3.0, 4.0, 6.0; 5
-2.0, 4.0, 6.0; 6
-1.0, 4.0, 6.0; 9
0.0, 4.0, 6.0; 7
1.0, 4.0, 6.0; 2
2.0, 4.0, 6.0; 3
3.0, 4.0, 6.0; 6
4.0, 4.0, 6.0; 1
5.0, 4.0, 6.0; 2
-5.0, 5.0, 6.0; 5
-4.0, 5.0, 6.0; 7
-3.0, 5.0, 6.0; 4
-2.0, 5.0, 6.0; 2
-1.0, 5.0, 6.0; 7
0.0, 5.0, 6.0; 4
1.0, 5.0, 6.0; 2
2.0, 5.0, 6.0; 10
3.0, 5.0, 6.0; 4
4.0, 5.0, 6.0; 3
-5.0, 6.0, 6.0; 1
-4.0, 6.0, 6.0; 5
-3.0, 6.0, 6.0; 1
-2.0, 6.0, 6.0; 3
-1.0, 6.0, 6.0; 5
0.0, 6.0, 6.0; 1
1.0, 6.0, 6.0; 1
2.0, 6.0, 6.0; 2
3.0, 6.0, 6.0; 5
-3.0, 7.0, 6.0; 1
-2.0, 7.0, 6.0; 1
-1.0, 7.0, 6.0; 3
0.0, 7.0, 6.0; 1
-3.0, -7.0, 7.0; 2
-1.0, -7.0, 7.0; 2
1.0, -7.0, 7.0; 3
-5.0, -6.0, 7.0; 1
-4.0, -6.0, 7.0; 4
-3.0, -6.0, 7.0; 6
-2.0, -6.0, 7.0; 3
0.0, -6.0, 7.0; 4
1.0, -6.0, 7.0; 2
3.0, -6.0, 7.0; 1
-6.0, -5.0, 7.0; 1
-5.0, -5.0, 7.0; 6
-4.0, -5.0, 7.0; 1
-3.0, -5.0, 7.0; 5
-2.0, -5.0, 7.0; 1
-1.0, -5.0, 7.0; 3
0.0, -5.0, 7.0; 2
1.0, -5.0, 7.0; 2
2.0, -5.0, 7.0; 2
3.0, -5.0, 7.0; 1
4.0, -5.0, 7.0; 3
-6.0, -4.0, 7.0; 5
-5.0, -4.0, 7.0; 3
-4.0, -4.0, 7.0; 3
-3.0, -4.0, 7.0; 2
0.0, -4.0, 7.0; 1
-7.0, -3.0, 7.0; 1
-6.0, -3.0, 7.0; 2
-5.0, -3.0, 7.0; 3
-4.0, -3.0, 7.0; 1
-3.0, -3.0, 7.0; 3
-2.0, -3.0, 7.0; 1
0.0, -3.0, 7.0; 1
4.0, -3.0, 7.0; 2
-7.0, -2.0, 7.0; 1
-6.0, -2.0, 7.0; 1
-5.0, -2.0, 7.0; 2
-4.0, -2.0, 7.0; 3
-3.0, -2.0, 7.0; 1
-2.0, -2.0, 7.0; 1
-1.0, -2.0, 7.0; 1
0.0, -2.0, 7.0; 1
1.0, -2.0, 7.0; 1
-4.0, -1.0, 7.0; 1
-2.0, -1.0, 7.0; 2
0.0, -1.0, 7.0; 2
5.0, -1.0, 7.0; 1
-6.0, 0.0, 7.0; 1
-5.0, 0.0, 7.0; 4
-3.0, 0.0, 7.0; 4
-2.0, 0.0, 7.0; 1
-1.0, 0.0, 7.0; 2
0.0, 0.0, 7.0; 2
5.0, 0.0, 7.0; 1
-7.0, 1.0, 7.0; 1
-6.0, 1.0, 7.0; 1
-5.0, 1.0, 7.0; 2
-4.0, 1.0, 7.0; 3
-3.0, 1.0, 7.0; 1
-2.0, 1.0, 7.0; 3
-1.0, 1.0, 7.0; 1
1.0, 1.0, 7.0; 2
-6.0, 2.0, 7.0; 1
-5.0, 2.0, 7.0; 1
-4.0, 2.0, 7.0; 1
-3.0, 2.0, 7.0; 3
-2.0, 2.0, 7.0; 2
-1.0, 2.0, 7.0; 2
0.0, 2.0, 7.0; 1
1.0, 2.0, 7.0; 2
2.0, 2.0, 7.0; 1
3.0, 2.0, 7.0; 1
-6.0, 3.0, 7.0; 1
-5.0, 3.0, 7.0; 1
-3.0, 3.0, 7.0; 2
-2.0, 3.0, 7.0; 3
-1.0, 3.0, 7.0; 5
0.0, 3.0, 7.0; 2
1.0, 3.0, 7.0; 6
2.0, 3.0, 7.0; 3
3.0, 3.0, 7.0; 1
-5.0, 4.0, 7.0; 1
-4.0, 4.0, 7.0; 3
-3.0, 4.0, 7.0; 2
-2.0, 4.0, 7.0; 4
-1.0, 4.0, 7.0; 2
1.0, 4.0, 7.0; 2
2.0, 4.0, 7.0; 4
4.0, 4.0, 7.0; 1
-5.0, 5.0, 7.0; 3
-4.0, 5.0, 7.0; 1
0.0, 5.0, 7.0; 1
2.0, 5.0, 7.0; 3
-4.0, 6.0, 7.0; 1
-1.0, -6.0, 8.0; 1
-2.0, -5.0, 8.0; 1
-1.0, -5.0, 8.0; 2
0.0, -5.0, 8.0; 1
-4.0, -4.0, 8.0; 1
-3.0, -4.0, 8.0; 3
-2.0, -4.0, 8.0; 1
-1.0, -4.0, 8.0; 2
1.0, -4.0, 8.0; 1
-5.0, -3.0, 8.0; 1
-4.0, -3.0, 8.0; 2
-1.0, -3.0, 8.0; 1
0.0, -3.0, 8.0; 2
1.0, -3.0, 8.0; 1
3.0, -3.0, 8.0; 2
4.0, -3.0, 8.0; 1
-5.0, -2.0, 8.0; 1
-3.0, -2.0, 8.0; 1
-1.0, -2.0, 8.0; 1
2.0, -2.0, 8.0; 1
4.0, -2.0, 8.0; 1
-5.0, -1.0, 8.0; 2
-4.0, -1.0, 8.0; 1
-2.0, -1.0, 8.0; 1
-1.0, -1.0, 8.0; 1
0.0, -1.0, 8.0; 1
-2.0, 0.0, 8.0; 1
0.0, 0.0, 8.0; 1
-2.0, 1.0, 8.0; 1
-4.0, 2.0, 8.0; 1
-3.0, 2.0, 8.0; 2
3.0, 2.0, 8.0; 1
4.0, 2.0, 8.0; 1
-3.0, 3.0, 8.0; 2
-2.0, 3.0, 8.0; 1
2.0, 3.0, 8.0; 2
3.0, 3.0, 8.0; 1
-3.0, 4.0, 8.0; 2
-2.0, 4.0, 8.0; 1
0.0, 4.0, 8.0; 1
0.0, 5.0, 8.0; 1
-4.0, -3.0, 9.0; 1
-2.0, -3.0, 9.0; 1
1.0, -2.0, 9.0; 1
1.0, -1.0, 9.0; 1
-4.0, 0.0, 9.0; 1
-3.0, 0.0, 9.0; 1
-2.0, 0.0, 9.0; 1
-4.0, 1.0, 9.0; 1
-2.0, 3.0, 9.0; 1
-2.0, -4.0, -10.0; 1
-1.0, -4.0, -10.0; 2
0.0, -4.0, -10.0; 4
1.0, -4.0, -10.0; 3
-2.0, -3.0, -10.0; 1
-1.0, -3.0, -10.0; 7
0.0, -3.0, -10.0; 4
1.0, -3.0, -10.0; 1
-3.0, -2.0, -10.0; 2
-2.0, -2.0, -10.0; 1
-1.0, -2.0, -10.0; 4
0.0, -2.0, -10.0; 4
1.0, -2.0, -10.0; 1
2.0, -2.0, -10.0; 2
-3.0, -1.0, -10.0; 2
-2.0, -1.0, -10.0; 2
-1.0, -1.0, -10.0; 6
0.0, -1.0, -10.0; 1
1.0, -1.0, -10.0; 1
3.0, -1.0, -10.0; 2
-3.0, 0.0, -10.0; 3
-2.0, 0.0, -10.0; 2
-1.0, 0.0, -10.0; 2
0.0, 0.0, -10.0; 2
1.0, 0.0, -10.0; 1
2.0, 0.0, -10.0; 1
-4.0, 1.0, -10.0; 1
-3.0, 1.0, -10.0; 3
0.0, 1.0, -10.0; 2
1.0, 1.0, -10.0; 1
3.0, 1.0, -10.0; 4
-3.0, 2.0, -10.0; 1
-2.0, 2.0, -10.0; 3
-1.0, 2.0, -10.0; 2
0.0, 2.0, -10.0; 2
-2.0, 3.0, -10.0; 1
-1.0, 3.0, -10.0; 1
0.0, 3.0, -10.0; 3
-2.0, -6.0, -9.0; 4
-1.0, -6.0, -9.0; 4
0.0, -6.0, -9.0; 5
1.0, -6.0, -9.0; 1
2.0, -6.0, -9.0; 3
-4.0, -5.0, -9.0; 1
-3.0, -5.0, -9.0; 2
-2.0, -5.0, -9.0; 1
-1.0, -5.0, -9.0; 5
0.0, -5.0, -9.0; 5
1.0, -5.0, -9.0; 4
2.0, -5.0, -9.0; 4
-3.0, -4.0, -9.0; 1
-2.0, -4.0, -9.0; 3
0.0, -4.0, -9.0; 7
1.0, -4.0, -9.0; 6
2.0, -4.0, -9.0; 9
3.0, -4.0, -9.0; 2
-4.0, -3.0, -9.0; 3
-3.0, -3.0, -9.0; 1
-2.0, -3.0, -9.0; 4
-1.0, -3.0, -9.0; 4
0.0, -3.0, -9.0; 1
1.0, -3.0, -9.0; 5
2.0, -3.0, -9.0; 3
3.0, -3.0, -9.0; 1
-6.0, -2.0, -9.0; 3
-5.0, -2.0, -9.0; 1
-4.0, -2.0, -9.0; 1
-3.0, -2.0, -9.0; 2
-2.0, -2.0, -9.0; 4
-1.0, -2.0, -9.0; 3
0.0, -2.0, -9.0; 1
1.0, -2.0, -9.0; 5
2.0, -2.0, -9.0; 3
-6.0, -1.0, -9.0; 1
-5.0, -1.0, -9.0; 2
-4.0, -1.0, -9.0; 7
-3.0, -1.0, -9.0; 6
-2.0, -1.0, -9.0; 5
-1.0, -1.0, -9.0; 4
0.0, -1.0, -9.0; 4
1.0, -1.0, -9.0; 4
2.0, -1.0, -9.0; 4
3.0, -1.0, -9.0; 1
4.0, -1.0, -9.0; 2
-6.0, 0.0, -9.0; 4
-5.0, 0.0, -9.0; 6
-4.0, 0.0, -9.0; 4
-3.0, 0.0, -9.0; 5
-2.0, 0.0, -9.0; 5
-1.0, 0.0, -9.0; 4
0.0, 0.0, -9.0; 6
1.0, 0.0, -9.0; 2
2.0, 0.0, -9.0; 2
4.0, 0.0, -9.0; 4
5.0, 0.0, -9.0; 1
-5.0, 1.0, -9.0; 1
-4.0, 1.0, -9.0; 7
-3.0, 1.0, -9.0; 6
-2.0, 1.0, -9.0; 1
-1.0, 1.0, -9.0; 3
0.0, 1.0, -9.0; 2
1.0, 1.0, -9.0; 5
2.0, 1.0, -9.0; 1
4.0, 1.0, -9.0; 5
5.0, 1.0, -9.0; 4
-5.0, 2.0, -9.0; 3
-4.0, 2.0, -9.0; 8
-3.0, 2.0, -9.0; 9
-2.0, 2.0, -9.0; 2
-1.0, 2.0, -9.0; 5
0.0, 2.0, -9.0; 4
1.0, 2.0, -9.0; 3
2.0, 2.0, -9.0; 2
3.0, 2.0, -9.0; 3
4.0, 2.0, -9.0; 9
-4.0, 3.0, -9.0; 2
-3.0, 3.0, -9.0; 7
-2.0, 3.0, -9.0; 7
-1.0, 3.0, -9.0; 8
0.0, 3.0, -9.0; 4
1.0, 3.0, -9.0; 3
2.0, 3.0, -9.0; 1
3.0, 3.0, -9.0; 5
4.0, 3.0, -9.0; 1
-4.0, 4.0, -9.0; 1
-3.0, 4.0, -9.0; 2
-2.0, 4.0, -9.0; 6
-1.0, 4.0, -9.0; 3
0.0, 4.0, -9.0; 7
1.0, 4.0, -9.0; 3
2.0, 4.0, -9.0; 2
-2.0, 5.0, -9.0; 1
-1.0, 5.0, -9.0; 1
0.0, 5.0, -9.0; 1
1.0, 5.0, -9.0; 1
-3.0, -7.0, -8.0; 1
-2.0, -7.0, -8.0; 2
-1.0, -7.0, -8.0; 7
0.0, -7.0, -8.0; 13
1.0, -7.0, -8.0; 12
2.0, -7.0, -8.0; 3
-4.0, -6.0, -8.0; 2
-3.0, -6.0, -8.0; 2
-2.0, -6.0, -8.0; 5
-1.0, -6.0, -8.0; 6
0.0, -6.0, -8.0; 15
1.0, -6.0, -8.0; 14
2.0, -6.0, -8.0; 15
3.0, -6.0, -8.0; 3
-6.0, -5.0, -8.0; 2
-5.0, -5.0, -8.0; 2
-4.0, -5.0, -8.0; 5
-3.0, -5.0, -8.0; 6
-2.0, -5.0, -8.0; 6
-1.0, -5.0, -8.0; 7
0.0, -5.0, -8.0; 7
1.0, -5.0, -8.0; 9
2.0, -5.0, -8.0; 10
3.0, -5.0, -8.0; 8
4.0, -5.0, -8.0; 1
-5.0, -4.0, -8.0; 6
-4.0, -4.0, -8.0; 7
-3.0, -4.0, -8.0; 11
-2.0, -4.0, -8.0; 2
0.0, -4.0, -8.0; 3
2.0, -4.0, -8.0; 5
3.0, -4.0, -8.0; 3
4.0, -4.0, -8.0; 2
5.0, -4.0, -8.0; 1
-6.0, -3.0, -8.0; 2
-5.0, -3.0, -8.0; 8
-4.0, -3.0, -8.0; 13
-3.0, -3.0, -8.0; 9
-2.0, -3.0, -8.0; 1
-1.0, -3.0, -8.0; 3
0.0, -3.0, -8.0; 3
1.0, -3.0, -8.0; 1
2.0, -3.0, -8.0; 3
3.0, -3.0, -8.0; 10
4.0, -3.0, -8.0; 5
5.0, -3.0, -8.0; 4
-6.0, -2.0, -8.0; 1
-5.0, -2.0, -8.0; 8
-4.0, -2.0, -8.0; 16
-3.0, -2.0, -8.0; 16
-2.0, -2.0, -8.0; 4
-1.0, -2.0, -8.0; 2
0.0, -2.0, -8.0; 1
2.0, -2.0, -8.0; 4
3.0, -2.0, -8.0; 13
4.0, -2.0, -8.0; 3
5.0, -2.0, -8.0; 4
6.0, -2.0, -8.0; 3
-6.0, -1.0, -8.0; 4
-5.0, -1.0, -8.0; 4
-4.0, -1.0, -8.0; 9
-3.0, -1.0, -8.0; 15
-2.0, -1.0, -8.0; 8
-1.0, -1.0, -8.0; 5
0.0, -1.0, -8.0; 3
1.0, -1.0, -8.0; 3
2.0, -1.0, -8.0; 15
3.0, -1.0, -8.0; 13
5.0, -1.0, -8.0; 2
6.0, -1.0, -8.0; 1
-6.0, 0.0, -8.0; 6
-5.0, 0.0, -8.0; 9
-4.0, 0.0, -8.0; 5
-3.0, 0.0, -8.0; 4
-2.0, 0.0, -8.0; 3
-1.0, 0.0, -8.0; 5
0.0, 0.0, -8.0; 1
1.0, 0.0, -8.0; 7
2.0, 0.0, -8.0; 7
3.0, 0.0, -8.0; 2
4.0, 0.0, -8.0; 3
5.0, 0.0, -8.0; 2
6.0, 0.0, -8.0; 1
-7.0, 1.0, -8.0; 3
-6.0, 1.0, -8.0; 6
-5.0, 1.0, -8.0; 10
-4.0, 1.0, -8.0; 13
-3.0, 1.0, -8.0; 14
-2.0, 1.0, -8.0; 6
-1.0, 1.0, -8.0; 6
0.0, 1.0, -8.0; 3
1.0, 1.0, -8.0; 3
2.0, 1.0, -8.0; 4
3.0, 1.0, -8.0; 4
5.0, 1.0, -8.0; 6
6.0, 1.0, -8.0; 4
-7.0, 2.0, -8.0; 1
-6.0, 2.0, -8.0; 5
-5.0, 2.0, -8.0; 7
-4.0, 2.0, -8.0; 12
-3.0, 2.0, -8.0; 8
-2.0, 2.0, -8.0; 4
-1.0, 2.0, -8.0; 5
0.0, 2.0, -8.0; 4
1.0, 2.0, -8.0; 5
2.0, 2.0, -8.0; 2
3.0, 2.0, -8.0; 2
4.0, 2.0, -8.0; 1
5.0, 2.0, -8.0; 7
6.0, 2.0, -8.0; 2
-6.0, 3.0, -8.0; 3
-5.0, 3.0, -8.0; 4
-4.0, 3.0, -8.0; 7
-3.0, 3.0, -8.0; 9
-2.0, 3.0, -8.0; 4
-1.0, 3.0, -8.0; 4
0.0, 3.0, -8.0; 3
1.0, 3.0, -8.0; 6
2.0, 3.0, -8.0; 3
3.0, 3.0, -8.0; 4
4.0, 3.0, -8.0; 4
5.0, 3.0, -8.0; 2
-5.0, 4.0, -8.0; 3
-4.0, 4.0, -8.0; 4
-3.0, 4.0, -8.0; 13
-2.0, 4.0, -8.0; 4
-1.0, 4.0, -8.0; 4
0.0, 4.0, -8.0; 2
1.0, 4.0, -8.0; 1
2.0, 4.0, -8.0; 4
3.0, 4.0, -8.0; 5
4.0, 4.0, -8.0; 2
-5.0, 5.0, -8.0; 1
-4.0, 5.0, -8.0; 3
-3.0, 5.0, -8.0; 6
-2.0, 5.0, -8.0; 2
-1.0, 5.0, -8.0; 1
0.0, 5.0, -8.0; 6
1.0, 5.0, -8.0; 4
2.0, 5.0, -8.0; 2
3.0, 5.0, -8.0; 3
4.0, 5.0, -8.0; 1
-3.0, 6.0, -8.0; 1
-2.0, 6.0, -8.0; 1
-1.0, 6.0, -8.0; 1
1.0, 6.0, -8.0; 3
2.0, 6.0, -8.0; 1
-3.0, -8.0, -7.0; 2
-2.0, -8.0, -7.0; 9
-1.0, -8.0, -7.0; 18
0.0, -8.0, -7.0; 18
1.0, -8.0, -7.0; 10
2.0, -8.0, -7.0; 2
-4.0, -7.0, -7.0; 4
-3.0, -7.0, -7.0; 12
-2.0, -7.0, -7.0; 31
-1.0, -7.0, -7.0; 24
0.0, -7.0, -7.0; 18
1.0, -7.0, -7.0; 16
2.0, -7.0, -7.0; 12
3.0, -7.0, -7.0; 2
-6.0, -6.0, -7.0; 1
-5.0, -6.0, -7.0; 9
-4.0, -6.0, -7.0; 6
-3.0, -6.0, -7.0; 9
-2.0, -6.0, -7.0; 12
-1.0, -6.0, -7.0; 8
0.0, -6.0, -7.0; 6
1.0, -6.0, -7.0; 11
2.0, -6.0, -7.0; 15
3.0, -6.0, -7.0; 6
4.0, -6.0, -7.0; 3
5.0, -6.0, -7.0; 1
-6.0, -5.0, -7.0; 2
-5.0, -5.0, -7.0; 15
-4.0, -5.0, -7.0; 5
-3.0, -5.0, -7.0; 8
-2.0, -5.0, -7.0; 9
-1.0, -5.0, -7.0; 6
0.0, -5.0, -7.0; 1
1.0, -5.0, -7.0; 1
2.0, -5.0, -7.0; 3
3.0, -5.0, -7.0; 5
4.0, -5.0, -7.0; 5
5.0, -5.0, -7.0; 1
-8.0, -4.0, -7.0; 1
-6.0, -4.0, -7.0; 12
-5.0, -4.0, -7.0; 12
-4.0, -4.0, -7.0; 11
-3.0, -4.0, -7.0; 12
-2.0, -4.0, -7.0; 10
-1.0, -4.0, -7.0; 3
0.0, -4.0, -7.0; 3
2.0, -4.0, -7.0; 3
3.0, -4.0, -7.0; 3
4.0, -4.0, -7.0; 6
5.0, -4.0, -7.0; 1
6.0, -4.0, -7.0; 1
-6.0, -3.0, -7.0; 6
-5.0, -3.0, -7.0; 7
-4.0, -3.0, -7.0; 10
-3.0, -3.0, -7.0; 4
-2.0, -3.0, -7.0; 2
-1.0, -3.0, -7.0; 7
0.0, -3.0, -7.0; 5
1.0, -3.0, -7.0; 1
2.0, -3.0, -7.0; 2
3.0, -3.0, -7.0; 1
4.0, -3.0, -7.0; 2
5.0, -3.0, -7.0; 1
6.0, -3.0, -7.0; 1
-8.0, -2.0, -7.0; 1
-7.0, -2.0, -7.0; 4
-6.0, -2.0, -7.0; 4
-5.0, -2.0, -7.0; 8
-4.0, -2.0, -7.0; 4
-3.0, -2.0, -7.0; 7
-2.0, -2.0, -7.0; 7
-1.0, -2.0, -7.0; 10
1.0, -2.0, -7.0; 1
3.0, -2.0, -7.0; 9
5.0, -2.0, -7.0; 1
6.0, -2.0, -7.0; 2
7.0, -2.0, -7.0; 2
-8.0, -1.0, -7.0; 2
-7.0, -1.0, -7.0; 11
-6.0, -1.0, -7.0; 9
-5.0, -1.0, -7.0; 6
-4.0, -1.0, -7.0; 1
-3.0, -1.0, -7.0; 2
-2.0, -1.0, -7.0; 5
-1.0, -1.0, -7.0; 5
0.0, -1.0, -7.0; 5
1.0, -1.0, -7.0; 2
2.0, -1.0, -7.0; 7
3.0, -1.0, -7.0; 14
4.0, -1.0, -7.0; 1
5.0, -1.0, -7.0; 2
7.0, -1.0, -7.0; 1
-8.0, 0.0, -7.0; 5
-7.0, 0.0, -7.0; 3
-6.0, 0.0, -7.0; 6
-5.0, 0.0, -7.0; 11
-4.0, 0.0, -7.0; 6
-3.0, 0.0, -7.0; 4
-2.0, 0.0, -7.0; 4
-1.0, 0.0, -7.0; 1
1.0, 0.0, -7.0; 2
2.0, 0.0, -7.0; 12
3.0, 0.0, -7.0; 13
4.0, 0.0, -7.0; 1
5.0, 0.0, -7.0; 2
6.0, 0.0, -7.0; 1
7.0, 0.0, -7.0; 1
-8.0, 1.0, -7.0; 1
-7.0, 1.0, -7.0; 7
-6.0, 1.0, -7.0; 16
-5.0, 1.0, -7.0; 16
-4.0, 1.0, -7.0; 4
-3.0, 1.0, -7.0; 3
-2.0, 1.0, -7.0; 1
-1.0, 1.0, -7.0; 2
0.0, 1.0, -7.0; 2
1.0, 1.0, -7.0; 2
2.0, 1.0, -7.0; 10
3.0, 1.0, -7.0; 5
4.0, 1.0, -7.0; 1
6.0, 1.0, -7.0; 2
-8.0, 2.0, -7.0; 1
-7.0, 2.0, -7.0; 8
-6.0, 2.0, -7.0; 8
-5.0, 2.0, -7.0; 14
-4.0, 2.0, -7.0; 5
-3.0, 2.0, -7.0; 2
-2.0, 2.0, -7.0; 3
-1.0, 2.0, -7.0; 1
0.0, 2.0, -7.0; 4
1.0, 2.0, -7.0; 1
2.0, 2.0, -7.0; 5
3.0, 2.0, -7.0; 4
4.0, 2.0, -7.0; 1
-7.0, 3.0, -7.0; 5
-6.0, 3.0, -7.0; 13
-5.0, 3.0, -7.0; 6
-4.0, 3.0, -7.0; 1
-3.0, 3.0, -7.0; 2
-2.0, 3.0, -7.0; 2
-1.0, 3.0, -7.0; 3
0.0, 3.0, -7.0; 2
1.0, 3.0, -7.0; 3
2.0, 3.0, -7.0; 3
3.0, 3.0, -7.0; 5
5.0, 3.0, -7.0; 4
-7.0, 4.0, -7.0; 3
-6.0, 4.0, -7.0; 4
-5.0, 4.0, -7.0; 5
-4.0, 4.0, -7.0; 6
-3.0, 4.0, -7.0; 2
-1.0, 4.0, -7.0; 1
0.0, 4.0, -7.0; 5
1.0, 4.0, -7.0; 5
2.0, 4.0, -7.0; 4
3.0, 4.0, -7.0; 2
4.0, 4.0, -7.0; 5
5.0, 4.0, -7.0; 2
6.0, 4.0, -7.0; 1
-6.0, 5.0, -7.0; 4
-5.0, 5.0, -7.0; 3
-4.0, 5.0, -7.0; 3
-3.0, 5.0, -7.0; 3
-2.0, 5.0, -7.0; 5
-1.0, 5.0, -7.0; 2
0.0, 5.0, -7.0; 5
1.0, 5.0, -7.0; 6
2.0, 5.0, -7.0; 3
3.0, 5.0, -7.0; 7
4.0, 5.0, -7.0; 5
5.0, 5.0, -7.0; 2
-5.0, 6.0, -7.0; 1
-4.0, 6.0, -7.0; 8
-3.0, 6.0, -7.0; 6
-2.0, 6.0, -7.0; 6
-1.0, 6.0, -7.0; 1
0.0, 6.0, -7.0; 5
1.0, 6.0, -7.0; 3
2.0, 6.0, -7.0; 1
3.0, 6.0, -7.0; 1
-3.0, 7.0, -7.0; 3
-2.0, 7.0, -7.0; 4
-1.0, 7.0, -7.0; 5
0.0, 7.0, -7.0; 1
1.0, 7.0, -7.0; 5
2.0, 7.0, -7.0; 1
-1.0, -9.0, -6.0; 4
0.0, -9.0, -6.0; 7
1.0, -9.0, -6.0; 11
2.0, -9.0, -6.0; 4
-4.0, -8.0, -6.0; 4
-3.0, -8.0, -6.0; 24
-2.0, -8.0, -6.0; 298
-1.0, -8.0, -6.0; 362
0.0, -8.0, -6.0; 65
1.0, -8.0, -6.0; 26
2.0, -8.0, -6.0; 35
3.0, -8.0, -6.0; 13
4.0, -8.0, -6.0; 2
-6.0, -7.0, -6.0; 1
-5.0, -7.0, -6.0; 9
-4.0, -7.0, -6.0; 27
-3.0, -7.0, -6.0; 80
-2.0, -7.0, -6.0; 388
-1.0, -7.0, -6.0; 262
0.0, -7.0, -6.0; 22
1.0, -7.0, -6.0; 12
2.0, -7.0, -6.0; 10
3.0, -7.0, -6.0; 5
4.0, -7.0, -6.0; 11
5.0, -7.0, -6.0; 5
-6.0, -6.0, -6.0; 6
-5.0, -6.0, -6.0; 20
-4.0, -6.0, -6.0; 18
-3.0, -6.0, -6.0; 67
-2.0, -6.0, -6.0; 99
-1.0, -6.0, -6.0; 48
0.0, -6.0, -6.0; 15
1.0, -6.0, -6.0; 8
2.0, -6.0, -6.0; 2
3.0, -6.0, -6.0; 6
4.0, -6.0, -6.0; 3
5.0, -6.0, -6.0; 5
6.0, -6.0, -6.0; 1
-8.0, -5.0, -6.0; 1
-7.0, -5.0, -6.0; 2
-6.0, -5.0, -6.0; 15
-5.0, -5.0, -6.0; 12
-4.0, -5.0, -6.0; 39
-3.0, -5.0, -6.0; 55
-2.0, -5.0, -6.0; 75
-1.0, -5.0, -6.0; 16
0.0, -5.0, -6.0; 5
1.0, -5.0, -6.0; 3
2.0, -5.0, -6.0; 1
3.0, -5.0, -6.0; 2
4.0, -5.0, -6.0; 2
5.0, -5.0, -6.0; 4
6.0, -5.0, -6.0; 2
-8.0, -4.0, -6.0; 4
-7.0, -4.0, -6.0; 7
-6.0, -4.0, -6.0; 14
-5.0, -4.0, -6.0; 8
-4.0, -4.0, -6.0; 23
-3.0, -4.0, -6.0; 44
-2.0, -4.0, -6.0; 20
-1.0, -4.0, -6.0; 17
0.0, -4.0, -6.0; 14
1.0, -4.0, -6.0; 13
2.0, -4.0, -6.0; 3
4.0, -4.0, -6.0; 4
5.0, -4.0, -6.0; 2
6.0, -4.0, -6.0; 1
7.0, -4.0, -6.0; 1
-8.0, -3.0, -6.0; 4
-7.0, -3.0, -6.0; 13
-6.0, -3.0, -6.0; 4
-5.0, -3.0, -6.0; 17
-4.0, -3.0, -6.0; 20
-3.0, -3.0, -6.0; 26
-2.0, -3.0, -6.0; 26
-1.0, -3.0, -6.0; 33
0.0, -3.0, -6.0; 105
1.0, -3.0, -6.0; 28
2.0, -3.0, -6.0; 6
4.0, -3.0, -6.0; 3
6.0, -3.0, -6.0; 1
8.0, -3.0, -6.0; 1
-8.0, -2.0, -6.0; 2
-7.0, -2.0, -6.0; 7
-6.0, -2.0, -6.0; 7
-5.0, -2.0, -6.0; 7
-4.0, -2.0, -6.0; 14
-3.0, -2.0, -6.0; 28
-2.0, -2.0, -6.0; 60
-1.0, -2.0, -6.0; 86
0.0, -2.0, -6.0; 55
1.0, -2.0, -6.0; 17
2.0, -2.0, -6.0; 1
3.0, -2.0, -6.0; 1
4.0, -2.0, -6.0; 7
5.0, -2.0, -6.0; 1
6.0, -2.0, -6.0; 1
7.0, -2.0, -6.0; 1
8.0, -2.0, -6.0; 1
-8.0, -1.0, -6.0; 7
-7.0, -1.0, -6.0; 8
-6.0, -1.0, -6.0; 9
-5.0, -1.0, -6.0; 7
-4.0, -1.0, -6.0; 3
-3.0, -1.0, -6.0; 14
-2.0, -1.0, -6.0; 45
-1.0, -1.0, -6.0; 49
0.0, -1.0, -6.0; 17
1.0, -1.0, -6.0; 10
2.0, -1.0, -6.0; 4
3.0, -1.0, -6.0; 4
4.0, -1.0, -6.0; 13
5.0, -1.0, -6.0; 1
6.0, -1.0, -6.0; 2
7.0, -1.0, -6.0; 1
8.0, -1.0, -6.0; 1
-9.0, 0.0, -6.0; 1
-8.0, 0.0, -6.0; 6
-7.0, 0.0, -6.0; 17
-6.0, 0.0, -6.0; 12
-5.0, 0.0, -6.0; 1
-4.0, 0.0, -6.0; 3
-3.0, 0.0, -6.0; 7
-2.0, 0.0, -6.0; 17
-1.0, 0.0, -6.0; 8
0.0, 0.0, -6.0; 4
1.0, 0.0, -6.0; 2
2.0, 0.0, -6.0; 3
3.0, 0.0, -6.0; 17
4.0, 0.0, -6.0; 2
6.0, 0.0, -6.0; 2
7.0, 0.0, -6.0; 1
-8.0, 1.0, -6.0; 3
-7.0, 1.0, -6.0; 10
-6.0, 1.0, -6.0; 9
-5.0, 1.0, -6.0; 5
-4.0, 1.0, -6.0; 7
-3.0, 1.0, -6.0; 17
-2.0, 1.0, -6.0; 24
-1.0, 1.0, -6.0; 19
0.0, 1.0, -6.0; 2
1.0, 1.0, -6.0; 3
2.0, 1.0, -6.0; 9
3.0, 1.0, -6.0; 4
4.0, 1.0, -6.0; 3
5.0, 1.0, -6.0; 1
6.0, 1.0, -6.0; 1
-8.0, 2.0, -6.0; 11
-7.0, 2.0, -6.0; 4
-6.0, 2.0, -6.0; 5
-5.0, 2.0, -6.0; 41
-4.0, 2.0, -6.0; 30
-3.0, 2.0, -6.0; 12
-2.0, 2.0, -6.0; 9
-1.0, 2.0, -6.0; 12
0.0, 2.0, -6.0; 9
1.0, 2.0, -6.0; 2
2.0, 2.0, -6.0; 2
3.0, 2.0, -6.0; 4
4.0, 2.0, -6.0; 5
5.0, 2.0, -6.0; 1
7.0, 2.0, -6.0; 1
-8.0, 3.0, -6.0; 1
-7.0, 3.0, -6.0; 7
-6.0, 3.0, -6.0; 6
-5.0, 3.0, -6.0; 3
-4.0, 3.0, -6.0; 8
-3.0, 3.0, -6.0; 18
-2.0, 3.0, -6.0; 5
-1.0, 3.0, -6.0; 4
0.0, 3.0, -6.0; 4
1.0, 3.0, -6.0; 4
2.0, 3.0, -6.0; 7
3.0, 3.0, -6.0; 11
4.0, 3.0, -6.0; 2
5.0, 3.0, -6.0; 1
6.0, 3.0, -6.0; 2
7.0, 3.0, -6.0; 1
-7.0, 4.0, -6.0; 6
-6.0, 4.0, -6.0; 15
-5.0, 4.0, -6.0; 4
-4.0, 4.0, -6.0; 2
-3.0, 4.0, -6.0; 3
-2.0, 4.0, -6.0; 5
-1.0, 4.0, -6.0; 4
1.0, 4.0, -6.0; 3
2.0, 4.0, -6.0; 2
3.0, 4.0, -6.0; 4
4.0, 4.0, -6.0; 1
5.0, 4.0, -6.0; 3
6.0, 4.0, -6.0; 10
-7.0, 5.0, -6.0; 1
-6.0, 5.0, -6.0; 6
-5.0, 5.0, -6.0; 10
-4.0, 5.0, -6.0; 14
-3.0, 5.0, -6.0; 8
-2.0, 5.0, -6.0; 5
-1.0, 5.0, -6.0; 2
0.0, 5.0, -6.0; 3
1.0, 5.0, -6.0; 10
2.0, 5.0, -6.0; 4
3.0, 5.0, -6.0; 3
4.0, 5.0, -6.0; 6
5.0, 5.0, -6.0; 4
6.0, 5.0, -6.0; 4
-6.0, 6.0, -6.0; 1
-5.0, 6.0, -6.0; 10
-4.0, 6.0, -6.0; 13
-3.0, 6.0, -6.0; 11
-2.0, 6.0, -6.0; 5
-1.0, 6.0, -6.0; 8
0.0, 6.0, -6.0; 9
1.0, 6.0, -6.0; 7
2.0, 6.0, -6.0; 4
3.0, 6.0, -6.0; 2
4.0, 6.0, -6.0; 6
6.0, 6.0, -6.0; 1
-4.0, 7.0, -6.0; 5
-3.0, 7.0, -6.0; 10
-2.0, 7.0, -6.0; 10
-1.0, 7.0, -6.0; 11
0.0, 7.0, -6.0; 13
1.0, 7.0, -6.0; 5
2.0, 7.0, -6.0; 4
3.0, 7.0, -6.0; 2
4.0, 7.0, -6.0; 2
-2.0, 8.0, -6.0; 4
-1.0, 8.0, -6.0; 7
0.0, 8.0, -6.0; 4
1.0, 8.0, -6.0; 2
2.0, 8.0, -6.0; 1
-4.0, -9.0, -5.0; 1
-3.0, -9.0, -5.0; 5
-2.0, -9.0, -5.0; 18
-1.0, -9.0, -5.0; 35
0.0, -9.0, -5.0; 32
1.0, -9.0, -5.0; 24
2.0, -9.0, -5.0; 32
3.0, -9.0, -5.0; 5
-5.0, -8.0, -5.0; 6
-4.0, -8.0, -5.0; 7
-3.0, -8.0, -5.0; 67
-2.0, -8.0, -5.0; 1117
-1.0, -8.0, -5.0; 920
0.0, -8.0, -5.0; 43
1.0, -8.0, -5.0; 9
2.0, -8.0, -5.0; 25
3.0, -8.0, -5.0; 18
4.0, -8.0, -5.0; 14
5.0, -8.0, -5.0; 2
-7.0, -7.0, -5.0; 2
-6.0, -7.0, -5.0; 4
-5.0, -7.0, -5.0; 16
-4.0, -7.0, -5.0; 6
-3.0, -7.0, -5.0; 32
-2.0, -7.0, -5.0; 143
-1.0, -7.0, -5.0; 110
0.0, -7.0, -5.0; 54
1.0, -7.0, -5.0; 14
2.0, -7.0, -5.0; 6
3.0, -7.0, -5.0; 4
4.0, -7.0, -5.0; 4
5.0, -7.0, -5.0; 9
6.0, -7.0, -5.0; 2
-8.0, -6.0, -5.0; 1
-7.0, -6.0, -5.0; 12
-6.0, -6.0, -5.0; 12
-5.0, -6.0, -5.0; 10
-4.0, -6.0, -5.0; 8
-3.0, -6.0, -5.0; 6
-2.0, -6.0, -5.0; 17
-1.0, -6.0, -5.0; 17
0.0, -6.0, -5.0; 45
1.0, -6.0, -5.0; 24
2.0, -6.0, -5.0; 11
4.0, -6.0, -5.0; 4
5.0, -6.0, -5.0; 3
6.0, -6.0, -5.0; 5
-8.0, -5.0, -5.0; 5
-7.0, -5.0, -5.0; 8
-6.0, -5.0, -5.0; 9
-5.0, -5.0, -5.0; 4
-4.0, -5.0, -5.0; 6
-3.0, -5.0, -5.0; 20
-2.0, -5.0, -5.0; 22
-1.0, -5.0, -5.0; 14
0.0, -5.0, -5.0; 19
1.0, -5.0, -5.0; 18
2.0, -5.0, -5.0; 9
3.0, -5.0, -5.0; 5
4.0, -5.0, -5.0; 2
5.0, -5.0, -5.0; 3
6.0, -5.0, -5.0; 4
7.0, -5.0, -5.0; 4
-9.0, -4.0, -5.0; 1
-8.0, -4.0, -5.0; 5
-7.0, -4.0, -5.0; 8
-6.0, -4.0, -5.0; 11
-5.0, -4.0, -5.0; 8
-4.0, -4.0, -5.0; 44
-3.0, -4.0, -5.0; 185
-2.0, -4.0, -5.0; 328
-1.0, -4.0, -5.0; 71
0.0, -4.0, -5.0; 24
1.0, -4.0, -5.0; 124
2.0, -4.0, -5.0; 16
3.0, -4.0, -5.0; 11
5.0, -4.0, -5.0; 5
-9.0, -3.0, -5.0; 3
-8.0, -3.0, -5.0; 6
-7.0, -3.0, -5.0; 3
-6.0, -3.0, -5.0; 9
-5.0, -3.0, -5.0; 22
-4.0, -3.0, -5.0; 170
-3.0, -3.0, -5.0; 3913
-2.0, -3.0, -5.0; 1366
-1.0, -3.0, -5.0; 19
0.0, -3.0, -5.0; 189
1.0, -3.0, -5.0; 2394
2.0, -3.0, -5.0; 55
3.0, -3.0, -5.0; 6
4.0, -3.0, -5.0; 2
8.0, -3.0, -5.0; 2
-9.0, -2.0, -5.0; 1
-8.0, -2.0, -5.0; 6
-7.0, -2.0, -5.0; 6
-6.0, -2.0, -5.0; 3
-5.0, -2.0, -5.0; 27
-4.0, -2.0, -5.0; 48
-3.0, -2.0, -5.0; 512
-2.0, -2.0, -5.0; 140
-1.0, -2.0, -5.0; 12
0.0, -2.0, -5.0; 67
1.0, -2.0, -5.0; 133
2.0, -2.0, -5.0; 24
3.0, -2.0, -5.0; 2
4.0, -2.0, -5.0; 4
5.0, -2.0, -5.0; 2
6.0, -2.0, -5.0; 1
7.0, -2.0, -5.0; 1
8.0, -2.0, -5.0; 1
-9.0, -1.0, -5.0; 2
-8.0, -1.0, -5.0; 6
-7.0, -1.0, -5.0; 7
-6.0, -1.0, -5.0; 2
-5.0, -1.0, -5.0; 4
-4.0, -1.0, -5.0; 44
-3.0, -1.0, -5.0; 56
-2.0, -1.0, -5.0; 50
-1.0, -1.0, -5.0; 32
0.0, -1.0, -5.0; 10
1.0, -1.0, -5.0; 5
4.0, -1.0, -5.0; 5
5.0, -1.0, -5.0; 2
6.0, -1.0, -5.0; 2
7.0, -1.0, -5.0; 1
-9.0, 0.0, -5.0; 4
-8.0, 0.0, -5.0; 2
-7.0, 0.0, -5.0; 11
-6.0, 0.0, -5.0; 3
-5.0, 0.0, -5.0; 3
-4.0, 0.0, -5.0; 27
-3.0, 0.0, -5.0; 72
-2.0, 0.0, -5.0; 27
-1.0, 0.0, -5.0; 16
0.0, 0.0, -5.0; 4
3.0, 0.0, -5.0; 3
4.0, 0.0, -5.0; 4
5.0, 0.0, -5.0; 1
6.0, 0.0, -5.0; 2
7.0, 0.0, -5.0; 1
-9.0, 1.0, -5.0; 6
-8.0, 1.0, -5.0; 3
-7.0, 1.0, -5.0; 7
-6.0, 1.0, -5.0; 11
-5.0, 1.0, -5.0; 18
-4.0, 1.0, -5.0; 11
-3.0, 1.0, -5.0; 11
-2.0, 1.0, -5.0; 7
-1.0, 1.0, -5.0; 1
0.0, 1.0, -5.0; 2
1.0, 1.0, -5.0; 1
2.0, 1.0, -5.0; 4
3.0, 1.0, -5.0; 5
4.0, 1.0, -5.0; 2
5.0, 1.0, -5.0; 1
6.0, 1.0, -5.0; 1
-9.0, 2.0, -5.0; 1
-8.0, 2.0, -5.0; 7
-7.0, 2.0, -5.0; 6
-6.0, 2.0, -5.0; 41
-5.0, 2.0, -5.0; 46
-4.0, 2.0, -5.0; 21
-3.0, 2.0, -5.0; 14
-2.0, 2.0, -5.0; 11
-1.0, 2.0, -5.0; 12
0.0, 2.0, -5.0; 27
1.0, 2.0, -5.0; 10
2.0, 2.0, -5.0; 5
3.0, 2.0, -5.0; 6
4.0, 2.0, -5.0; 9
5.0, 2.0, -5.0; 1
6.0, 2.0, -5.0; 4
8.0, 2.0, -5.0; 1
-9.0, 3.0, -5.0; 3
-8.0, 3.0, -5.0; 12
-7.0, 3.0, -5.0; 6
-6.0, 3.0, -5.0; 3
-5.0, 3.0, -5.0; 7
-4.0, 3.0, -5.0; 4
-3.0, 3.0, -5.0; 14
-2.0, 3.0, -5.0; 9
-1.0, 3.0, -5.0; 19
0.0, 3.0, -5.0; 31
1.0, 3.0, -5.0; 17
2.0, 3.0, -5.0; 2
3.0, 3.0, -5.0; 8
4.0, 3.0, -5.0; 10
5.0, 3.0, -5.0; 1
6.0, 3.0, -5.0; 2
7.0, 3.0, -5.0; 2
-8.0, 4.0, -5.0; 4
-7.0, 4.0, -5.0; 18
-6.0, 4.0, -5.0; 9
-5.0, 4.0, -5.0; 5
-3.0, 4.0, -5.0; 5
-2.0, 4.0, -5.0; 32
-1.0, 4.0, -5.0; 14
0.0, 4.0, -5.0; 5
1.0, 4.0, -5.0; 3
2.0, 4.0, -5.0; 1
3.0, 4.0, -5.0; 4
4.0, 4.0, -5.0; 3
5.0, 4.0, -5.0; 1
6.0, 4.0, -5.0; 5
7.0, 4.0, -5.0; 5
-8.0, 5.0, -5.0; 1
-7.0, 5.0, -5.0; 5
-6.0, 5.0, -5.0; 16
-5.0, 5.0, -5.0; 26
-4.0, 5.0, -5.0; 26
-3.0, 5.0, -5.0; 3
-2.0, 5.0, -5.0; 4
-1.0, 5.0, -5.0; 9
0.0, 5.0, -5.0; 2
1.0, 5.0, -5.0; 4
2.0, 5.0, -5.0; 4
3.0, 5.0, -5.0; 3
4.0, 5.0, -5.0; 2
5.0, 5.0, -5.0; 3
6.0, 5.0, -5.0; 3
-7.0, 6.0, -5.0; 3
-6.0, 6.0, -5.0; 7
-5.0, 6.0, -5.0; 11
-4.0, 6.0, -5.0; 20
-3.0, 6.0, -5.0; 14
-2.0, 6.0, -5.0; 5
-1.0, 6.0, -5.0; 2
0.0, 6.0, -5.0; 4
1.0, 6.0, -5.0; 9
2.0, 6.0, -5.0; 7
3.0, 6.0, -5.0; 3
4.0, 6.0, -5.0; 2
5.0, 6.0, -5.0; 4
6.0, 6.0, -5.0; 1
-5.0, 7.0, -5.0; 4
-4.0, 7.0, -5.0; 10
-3.0, 7.0, -5.0; 12
-2.0, 7.0, -5.0; 7
-1.0, 7.0, -5.0; 11
0.0, 7.0, -5.0; 15
1.0, 7.0, -5.0; 11
2.0, 7.0, -5.0; 9
3.0, 7.0, -5.0; 5
4.0, 7.0, -5.0; 7
-4.0, 8.0, -5.0; 1
-3.0, 8.0, -5.0; 4
-2.0, 8.0, -5.0; 14
-1.0, 8.0, -5.0; 23
0.0, 8.0, -5.0; 20
1.0, 8.0, -5.0; 12
2.0, 8.0, -5.0; 8
3.0, 8.0, -5.0; 1
-1.0, 9.0, -5.0; 2
-2.0, -10.0, -4.0; 2
-1.0, -10.0, -4.0; 5
0.0, -10.0, -4.0; 10
1.0, -10.0, -4.0; 3
2.0, -10.0, -4.0; 3
-5.0, -9.0, -4.0; 2
-4.0, -9.0, -4.0; 4
-3.0, -9.0, -4.0; 13
-2.0, -9.0, -4.0; 36
-1.0, -9.0, -4.0; 39
0.0, -9.0, -4.0; 32
1.0, -9.0, -4.0; 26
2.0, -9.0, -4.0; 20
3.0, -9.0, -4.0; 11
4.0, -9.0, -4.0; 5
-6.0, -8.0, -4.0; 4
-5.0, -8.0, -4.0; 9
-4.0, -8.0, -4.0; 8
-3.0, -8.0, -4.0; 19
-2.0, -8.0, -4.0; 60
-1.0, -8.0, -4.0; 80
0.0, -8.0, -4.0; 25
1.0, -8.0, -4.0; 14
2.0, -8.0, -4.0; 8
3.0, -8.0, -4.0; 11
4.0, -8.0, -4.0; 18
5.0, -8.0, -4.0; 11
-7.0, -7.0, -4.0; 9
-6.0, -7.0, -4.0; 7
-5.0, -7.0, -4.0; 1
-4.0, -7.0, -4.0; 4
-3.0, -7.0, -4.0; 2
-2.0, -7.0, -4.0; 8
-1.0, -7.0, -4.0; 44
0.0, -7.0, -4.0; 53
1.0, -7.0, -4.0; 43
2.0, -7.0, -4.0; 15
3.0, -7.0, -4.0; 11
4.0, -7.0, -4.0; 5
5.0, -7.0, -4.0; 14
6.0, -7.0, -4.0; 6
7.0, -7.0, -4.0; 1
-8.0, -6.0, -4.0; 3
-7.0, -6.0, -4.0; 16
-6.0, -6.0, -4.0; 3
-5.0, -6.0, -4.0; 5
-4.0, -6.0, -4.0; 1
-3.0, -6.0, -4.0; 1
-2.0, -6.0, -4.0; 5
-1.0, -6.0, -4.0; 12
0.0, -6.0, -4.0; 44
1.0, -6.0, -4.0; 142
2.0, -6.0, -4.0; 31
3.0, -6.0, -4.0; 10
4.0, -6.0, -4.0; 1
5.0, -6.0, -4.0; 6
6.0, -6.0, -4.0; 3
7.0, -6.0, -4.0; 6
-8.0, -5.0, -4.0; 9
-7.0, -5.0, -4.0; 7
-6.0, -5.0, -4.0; 5
-5.0, -5.0, -4.0; 2
-4.0, -5.0, -4.0; 6
-3.0, -5.0, -4.0; 18
-2.0, -5.0, -4.0; 71
-1.0, -5.0, -4.0; 256
0.0, -5.0, -4.0; 51
1.0, -5.0, -4.0; 59
2.0, -5.0, -4.0; 38
3.0, -5.0, -4.0; 28
4.0, -5.0, -4.0; 6
5.0, -5.0, -4.0; 3
6.0, -5.0, -4.0; 2
7.0, -5.0, -4.0; 2
-9.0, -4.0, -4.0; 3
-8.0, -4.0, -4.0; 13
-7.0, -4.0, -4.0; 5
-6.0, -4.0, -4.0; 3
-5.0, -4.0, -4.0; 20
-4.0, -4.0, -4.0; 113
-3.0, -4.0, -4.0; 47
-2.0, -4.0, -4.0; 38
-1.0, -4.0, -4.0; 57
0.0, -4.0, -4.0; 6
1.0, -4.0, -4.0; 86
2.0, -4.0, -4.0; 66
3.0, -4.0, -4.0; 13
4.0, -4.0, -4.0; 4
5.0, -4.0, -4.0; 2
-10.0, -3.0, -4.0; 1
-9.0, -3.0, -4.0; 5
-8.0, -3.0, -4.0; 11
-7.0, -3.0, -4.0; 5
-6.0, -3.0, -4.0; 4
-5.0, -3.0, -4.0; 46
-4.0, -3.0, -4.0; 370
-3.0, -3.0, -4.0; 91
-2.0, -3.0, -4.0; 2
-1.0, -3.0, -4.0; 2
0.0, -3.0, -4.0; 3
1.0, -3.0, -4.0; 413
2.0, -3.0, -4.0; 97
3.0, -3.0, -4.0; 5
4.0, -3.0, -4.0; 3
5.0, -3.0, -4.0; 4
7.0, -3.0, -4.0; 1
-10.0, -2.0, -4.0; 1
-9.0, -2.0, -4.0; 4
-8.0, -2.0, -4.0; 9
-7.0, -2.0, -4.0; 2
-6.0, -2.0, -4.0; 8
-5.0, -2.0, -4.0; 17
-4.0, -2.0, -4.0; 48
-3.0, -2.0, -4.0; 38
-2.0, -2.0, -4.0; 3
0.0, -2.0, -4.0; 1
1.0, -2.0, -4.0; 6
2.0, -2.0, -4.0; 7
3.0, -2.0, -4.0; 1
4.0, -2.0, -4.0; 5
5.0, -2.0, -4.0; 2
7.0, -2.0, -4.0; 2
-9.0, -1.0, -4.0; 1
-8.0, -1.0, -4.0; 4
-7.0, -1.0, -4.0; 9
-6.0, -1.0, -4.0; 4
-5.0, -1.0, -4.0; 9
-4.0, -1.0, -4.0; 16
-3.0, -1.0, -4.0; 3
4.0, -1.0, -4.0; 1
6.0, -1.0, -4.0; 1
-9.0, 0.0, -4.0; 3
-8.0, 0.0, -4.0; 3
-7.0, 0.0, -4.0; 11
-6.0, 0.0, -4.0; 5
-5.0, 0.0, -4.0; 14
-4.0, 0.0, -4.0; 14
-3.0, 0.0, -4.0; 2
2.0, 0.0, -4.0; 1
3.0, 0.0, -4.0; 3
4.0, 0.0, -4.0; 3
5.0, 0.0, -4.0; 1
6.0, 0.0, -4.0; 1
-10.0, 1.0, -4.0; 1
-9.0, 1.0, -4.0; 3
-8.0, 1.0, -4.0; 5
-7.0, 1.0, -4.0; 3
-6.0, 1.0, -4.0; 36
-5.0, 1.0, -4.0; 23
-4.0, 1.0, -4.0; 31
-3.0, 1.0, -4.0; 1
1.0, 1.0, -4.0; 1
2.0, 1.0, -4.0; 1
3.0, 1.0, -4.0; 1
4.0, 1.0, -4.0; 6
6.0, 1.0, -4.0; 1
-9.0, 2.0, -4.0; 8
-8.0, 2.0, -4.0; 5
-7.0, 2.0, -4.0; 2
-6.0, 2.0, -4.0; 77
-5.0, 2.0, -4.0; 23
-4.0, 2.0, -4.0; 23
-3.0, 2.0, -4.0; 3
-2.0, 2.0, -4.0; 1
0.0, 2.0, -4.0; 2
1.0, 2.0, -4.0; 2
2.0, 2.0, -4.0; 1
3.0, 2.0, -4.0; 2
4.0, 2.0, -4.0; 7
5.0, 2.0, -4.0; 2
7.0, 2.0, -4.0; 1
-9.0, 3.0, -4.0; 6
-8.0, 3.0, -4.0; 13
-7.0, 3.0, -4.0; 9
-6.0, 3.0, -4.0; 13
-5.0, 3.0, -4.0; 16
-4.0, 3.0, -4.0; 3
-3.0, 3.0, -4.0; 3
-2.0, 3.0, -4.0; 1
-1.0, 3.0, -4.0; 1
0.0, 3.0, -4.0; 9
1.0, 3.0, -4.0; 11
2.0, 3.0, -4.0; 2
3.0, 3.0, -4.0; 8
4.0, 3.0, -4.0; 5
5.0, 3.0, -4.0; 1
6.0, 3.0, -4.0; 1
7.0, 3.0, -4.0; 4
-9.0, 4.0, -4.0; 1
-8.0, 4.0, -4.0; 13
-7.0, 4.0, -4.0; 16
-6.0, 4.0, -4.0; 9
-5.0, 4.0, -4.0; 3
-4.0, 4.0, -4.0; 4
-3.0, 4.0, -4.0; 16
-2.0, 4.0, -4.0; 50
-1.0, 4.0, -4.0; 36
0.0, 4.0, -4.0; 82
1.0, 4.0, -4.0; 19
2.0, 4.0, -4.0; 7
3.0, 4.0, -4.0; 11
4.0, 4.0, -4.0; 10
5.0, 4.0, -4.0; 1
6.0, 4.0, -4.0; 6
7.0, 4.0, -4.0; 9
8.0, 4.0, -4.0; 2
-8.0, 5.0, -4.0; 5
-7.0, 5.0, -4.0; 10
-6.0, 5.0, -4.0; 15
-5.0, 5.0, -4.0; 18
-3.0, 5.0, -4.0; 9
-2.0, 5.0, -4.0; 156
-1.0, 5.0, -4.0; 216
0.0, 5.0, -4.0; 57
1.0, 5.0, -4.0; 5
2.0, 5.0, -4.0; 3
3.0, 5.0, -4.0; 7
4.0, 5.0, -4.0; 2
5.0, 5.0, -4.0; 2
6.0, 5.0, -4.0; 7
7.0, 5.0, -4.0; 2
-7.0, 6.0, -4.0; 2
-6.0, 6.0, -4.0; 16
-5.0, 6.0, -4.0; 19
-4.0, 6.0, -4.0; 7
-2.0, 6.0, -4.0; 2
-1.0, 6.0, -4.0; 7
0.0, 6.0, -4.0; 10
1.0, 6.0, -4.0; 7
2.0, 6.0, -4.0; 4
3.0, 6.0, -4.0; 5
4.0, 6.0, -4.0; 6
5.0, 6.0, -4.0; 5
6.0, 6.0, -4.0; 3
-6.0, 7.0, -4.0; 6
-5.0, 7.0, -4.0; 8
-4.0, 7.0, -4.0; 7
-3.0, 7.0, -4.0; 9
-2.0, 7.0, -4.0; 12
-1.0, 7.0, -4.0; 10
0.0, 7.0, -4.0; 24
1.0, 7.0, -4.0; 42
2.0, 7.0, -4.0; 19
3.0, 7.0, -4.0; 4
4.0, 7.0, -4.0; 6
5.0, 7.0, -4.0; 8
-5.0, 8.0, -4.0; 3
-4.0, 8.0, -4.0; 10
-3.0, 8.0, -4.0; 20
-2.0, 8.0, -4.0; 26
-1.0, 8.0, -4.0; 21
0.0, 8.0, -4.0; 33
1.0, 8.0, -4.0; 19
2.0, 8.0, -4.0; 10
3.0, 8.0, -4.0; 4
4.0, 8.0, -4.0; 2
-3.0, 9.0, -4.0; 2
-2.0, 9.0, -4.0; 5
-1.0, 9.0, -4.0; 19
0.0, 9.0, -4.0; 23
1.0, 9.0, -4.0; 8
-4.0, -10.0, -3.0; 1
-3.0, -10.0, -3.0; 11
-2.0, -10.0, -3.0; 27
-1.0, -10.0, -3.0; 49
0.0, -10.0, -3.0; 71
1.0, -10.0, -3.0; 41
2.0, -10.0, -3.0; 4
3.0, -10.0, -3.0; 1
-5.0, -9.0, -3.0; 3
-4.0, -9.0, -3.0; 7
-3.0, -9.0, -3.0; 13
-2.0, -9.0, -3.0; 23
-1.0, -9.0, -3.0; 30
0.0, -9.0, -3.0; 47
1.0, -9.0, -3.0; 26
2.0, -9.0, -3.0; 42
3.0, -9.0, -3.0; 21
4.0, -9.0, -3.0; 12
5.0, -9.0, -3.0; 2
-7.0, -8.0, -3.0; 1
-6.0, -8.0, -3.0; 4
-5.0, -8.0, -3.0; 2
-4.0, -8.0, -3.0; 3
-3.0, -8.0, -3.0; 2
-2.0, -8.0, -3.0; 17
-1.0, -8.0, -3.0; 27
0.0, -8.0, -3.0; 21
1.0, -8.0, -3.0; 6
2.0, -8.0, -3.0; 9
3.0, -8.0, -3.0; 13
4.0, -8.0, -3.0; 14
5.0, -8.0, -3.0; 21
6.0, -8.0, -3.0; 3
-8.0, -7.0, -3.0; 2
-7.0, -7.0, -3.0; 10
-6.0, -7.0, -3.0; 1
-5.0, -7.0, -3.0; 1
-4.0, -7.0, -3.0; 1
-1.0, -7.0, -3.0; 7
0.0, -7.0, -3.0; 142
1.0, -7.0, -3.0; 128
2.0, -7.0, -3.0; 12
3.0, -7.0, -3.0; 2
4.0, -7.0, -3.0; 8
5.0, -7.0, -3.0; 8
6.0, -7.0, -3.0; 5
7.0, -7.0, -3.0; 1
-8.0, -6.0, -3.0; 6
-7.0, -6.0, -3.0; 11
-6.0, -6.0, -3.0; 6
-2.0, -6.0, -3.0; 2
-1.0, -6.0, -3.0; 88
0.0, -6.0, -3.0; 256
1.0, -6.0, -3.0; 1321
2.0, -6.0, -3.0; 86
3.0, -6.0, -3.0; 14
4.0, -6.0, -3.0; 4
5.0, -6.0, -3.0; 6
6.0, -6.0, -3.0; 1
7.0, -6.0, -3.0; 4
-9.0, -5.0, -3.0; 6
-8.0, -5.0, -3.0; 10
-7.0, -5.0, -3.0; 4
-6.0, -5.0, -3.0; 1
-5.0, -5.0, -3.0; 1
-2.0, -5.0, -3.0; 1
-1.0, -5.0, -3.0; 28
0.0, -5.0, -3.0; 61
1.0, -5.0, -3.0; 56
2.0, -5.0, -3.0; 78
3.0, -5.0, -3.0; 28
4.0, -5.0, -3.0; 20
5.0, -5.0, -3.0; 2
6.0, -5.0, -3.0; 3
8.0, -5.0, -3.0; 1
-9.0, -4.0, -3.0; 14
-8.0, -4.0, -3.0; 10
-7.0, -4.0, -3.0; 6
-6.0, -4.0, -3.0; 2
-5.0, -4.0, -3.0; 35
-4.0, -4.0, -3.0; 5
-3.0, -4.0, -3.0; 3
-2.0, -4.0, -3.0; 1
-1.0, -4.0, -3.0; 2
1.0, -4.0, -3.0; 3
2.0, -4.0, -3.0; 21
3.0, -4.0, -3.0; 12
4.0, -4.0, -3.0; 6
5.0, -4.0, -3.0; 4
7.0, -4.0, -3.0; 1
-9.0, -3.0, -3.0; 12
-8.0, -3.0, -3.0; 6
-7.0, -3.0, -3.0; 3
-6.0, -3.0, -3.0; 9
-5.0, -3.0, -3.0; 80
-4.0, -3.0, -3.0; 2
-3.0, -3.0, -3.0; 21
-1.0, -3.0, -3.0; 1
2.0, -3.0, -3.0; 2
3.0, -3.0, -3.0; 2
4.0, -3.0, -3.0; 2
5.0, -3.0, -3.0; 2
6.0, -3.0, -3.0; 1
7.0, -3.0, -3.0; 1
-10.0, -2.0, -3.0; 1
-9.0, -2.0, -3.0; 7
-8.0, -2.0, -3.0; 7
-7.0, -2.0, -3.0; 3
-6.0, -2.0, -3.0; 11
-5.0, -2.0, -3.0; 44
-4.0, -2.0, -3.0; 2
-3.0, -2.0, -3.0; 13
5.0, -2.0, -3.0; 2
6.0, -2.0, -3.0; 4
7.0, -2.0, -3.0; 2
8.0, -2.0, -3.0; 1
-10.0, -1.0, -3.0; 3
-9.0, -1.0, -3.0; 3
-8.0, -1.0, -3.0; 5
-7.0, -1.0, -3.0; 6
-6.0, -1.0, -3.0; 4
-5.0, -1.0, -3.0; 3
4.0, -1.0, -3.0; 2
5.0, -1.0, -3.0; 3
6.0, -1.0, -3.0; 2
7.0, -1.0, -3.0; 1
9.0, -1.0, -3.0; 1
-10.0, 0.0, -3.0; 2
-9.0, 0.0, -3.0; 3
-8.0, 0.0, -3.0; 9
-7.0, 0.0, -3.0; 2
-6.0, 0.0, -3.0; 11
-5.0, 0.0, -3.0; 16
-4.0, 0.0, -3.0; 3
3.0, 0.0, -3.0; 1
5.0, 0.0, -3.0; 4
6.0, 0.0, -3.0; 2
-9.0, 1.0, -3.0; 1
-8.0, 1.0, -3.0; 6
-7.0, 1.0, -3.0; 8
-6.0, 1.0, -3.0; 75
-5.0, 1.0, -3.0; 41
-4.0, 1.0, -3.0; 3
3.0, 1.0, -3.0; 1
5.0, 1.0, -3.0; 5
6.0, 1.0, -3.0; 3
7.0, 1.0, -3.0; 1
8.0, 1.0, -3.0; 1
-10.0, 2.0, -3.0; 2
-9.0, 2.0, -3.0; 5
-8.0, 2.0, -3.0; 1
-7.0, 2.0, -3.0; 25
-6.0, 2.0, -3.0; 35
-5.0, 2.0, -3.0; 32
-3.0, 2.0, -3.0; 1
4.0, 2.0, -3.0; 3
5.0, 2.0, -3.0; 9
8.0, 2.0, -3.0; 1
-9.0, 3.0, -3.0; 1
-8.0, 3.0, -3.0; 3
-7.0, 3.0, -3.0; 2
-6.0, 3.0, -3.0; 21
-5.0, 3.0, -3.0; 14
-4.0, 3.0, -3.0; 2
2.0, 3.0, -3.0; 4
3.0, 3.0, -3.0; 4
4.0, 3.0, -3.0; 19
5.0, 3.0, -3.0; 4
6.0, 3.0, -3.0; 2
7.0, 3.0, -3.0; 4
8.0, 3.0, -3.0; 1
-9.0, 4.0, -3.0; 7
-8.0, 4.0, -3.0; 16
-7.0, 4.0, -3.0; 6
-6.0, 4.0, -3.0; 5
-5.0, 4.0, -3.0; 5
-4.0, 4.0, -3.0; 1
-3.0, 4.0, -3.0; 1
0.0, 4.0, -3.0; 34
1.0, 4.0, -3.0; 70
2.0, 4.0, -3.0; 12
3.0, 4.0, -3.0; 30
4.0, 4.0, -3.0; 17
5.0, 4.0, -3.0; 1
6.0, 4.0, -3.0; 2
7.0, 4.0, -3.0; 4
-8.0, 5.0, -3.0; 8
-7.0, 5.0, -3.0; 9
-6.0, 5.0, -3.0; 8
-5.0, 5.0, -3.0; 1
-4.0, 5.0, -3.0; 1
-3.0, 5.0, -3.0; 4
-2.0, 5.0, -3.0; 85
-1.0, 5.0, -3.0; 211
0.0, 5.0, -3.0; 132
1.0, 5.0, -3.0; 69
2.0, 5.0, -3.0; 13
3.0, 5.0, -3.0; 12
4.0, 5.0, -3.0; 10
5.0, 5.0, -3.0; 5
6.0, 5.0, -3.0; 6
7.0, 5.0, -3.0; 4
-8.0, 6.0, -3.0; 3
-7.0, 6.0, -3.0; 9
-6.0, 6.0, -3.0; 20
-5.0, 6.0, -3.0; 15
-4.0, 6.0, -3.0; 2
-3.0, 6.0, -3.0; 1
-2.0, 6.0, -3.0; 66
-1.0, 6.0, -3.0; 160
0.0, 6.0, -3.0; 91
1.0, 6.0, -3.0; 14
2.0, 6.0, -3.0; 5
3.0, 6.0, -3.0; 5
4.0, 6.0, -3.0; 6
5.0, 6.0, -3.0; 3
6.0, 6.0, -3.0; 2
7.0, 6.0, -3.0; 2
-7.0, 7.0, -3.0; 1
-6.0, 7.0, -3.0; 7
-5.0, 7.0, -3.0; 7
-4.0, 7.0, -3.0; 4
-3.0, 7.0, -3.0; 4
-2.0, 7.0, -3.0; 5
-1.0, 7.0, -3.0; 2
0.0, 7.0, -3.0; 12
1.0, 7.0, -3.0; 49
2.0, 7.0, -3.0; 52
3.0, 7.0, -3.0; 11
4.0, 7.0, -3.0; 5
5.0, 7.0, -3.0; 10
6.0, 7.0, -3.0; 1
-6.0, 8.0, -3.0; 1
-5.0, 8.0, -3.0; 9
-4.0, 8.0, -3.0; 14
-3.0, 8.0, -3.0; 35
-2.0, 8.0, -3.0; 38
-1.0, 8.0, -3.0; 36
0.0, 8.0, -3.0; 69
1.0, 8.0, -3.0; 38
2.0, 8.0, -3.0; 13
3.0, 8.0, -3.0; 9
4.0, 8.0, -3.0; 2
5.0, 8.0, -3.0; 1
-4.0, 9.0, -3.0; 3
-3.0, 9.0, -3.0; 9
-2.0, 9.0, -3.0; 18
-1.0, 9.0, -3.0; 38
0.0, 9.0, -3.0; 37
1.0, 9.0, -3.0; 28
2.0, 9.0, -3.0; 10
-4.0, -10.0, -2.0; 16
-3.0, -10.0, -2.0; 52
-2.0, -10.0, -2.0; 83
-1.0, -10.0, -2.0; 90
0.0, -10.0, -2.0; 110
1.0, -10.0, -2.0; 79
2.0, -10.0, -2.0; 24
3.0, -10.0, -2.0; 1
-6.0, -9.0, -2.0; 6
-5.0, -9.0, -2.0; 10
-4.0, -9.0, -2.0; 19
-3.0, -9.0, -2.0; 19
-2.0, -9.0, -2.0; 15
-1.0, -9.0, -2.0; 23
0.0, -9.0, -2.0; 21
1.0, -9.0, -2.0; 26
2.0, -9.0, -2.0; 39
3.0, -9.0, -2.0; 16
4.0, -9.0, -2.0; 8
5.0, -9.0, -2.0; 3
-7.0, -8.0, -2.0; 5
-6.0, -8.0, -2.0; 15
-5.0, -8.0, -2.0; 6
-4.0, -8.0, -2.0; 1
-3.0, -8.0, -2.0; 3
-2.0, -8.0, -2.0; 6
-1.0, -8.0, -2.0; 10
0.0, -8.0, -2.0; 13
1.0, -8.0, -2.0; 10
2.0, -8.0, -2.0; 3
3.0, -8.0, -2.0; 7
4.0, -8.0, -2.0; 4
5.0, -8.0, -2.0; 17
6.0, -8.0, -2.0; 6
-8.0, -7.0, -2.0; 4
-7.0, -7.0, -2.0; 12
-6.0, -7.0, -2.0; 5
-5.0, -7.0, -2.0; 3
-4.0, -7.0, -2.0; 2
-2.0, -7.0, -2.0; 2
-1.0, -7.0, -2.0; 11
0.0, -7.0, -2.0; 100
1.0, -7.0, -2.0; 78
2.0, -7.0, -2.0; 11
3.0, -7.0, -2.0; 7
4.0, -7.0, -2.0; 3
5.0, -7.0, -2.0; 9
6.0, -7.0, -2.0; 1
7.0, -7.0, -2.0; 2
-9.0, -6.0, -2.0; 1
-8.0, -6.0, -2.0; 14
-7.0, -6.0, -2.0; 1
-6.0, -6.0, -2.0; 1
-4.0, -6.0, -2.0; 2
-2.0, -6.0, -2.0; 1
-1.0, -6.0, -2.0; 26
0.0, -6.0, -2.0; 133
1.0, -6.0, -2.0; 244
2.0, -6.0, -2.0; 34
3.0, -6.0, -2.0; 6
4.0, -6.0, -2.0; 6
5.0, -6.0, -2.0; 12
6.0, -6.0, -2.0; 3
7.0, -6.0, -2.0; 4
-9.0, -5.0, -2.0; 6
-8.0, -5.0, -2.0; 10
-7.0, -5.0, -2.0; 5
-6.0, -5.0, -2.0; 1
-5.0, -5.0, -2.0; 2
-1.0, -5.0, -2.0; 2
0.0, -5.0, -2.0; 5
1.0, -5.0, -2.0; 7
2.0, -5.0, -2.0; 59
3.0, -5.0, -2.0; 20
4.0, -5.0, -2.0; 6
5.0, -5.0, -2.0; 3
6.0, -5.0, -2.0; 1
7.0, -5.0, -2.0; 1
8.0, -5.0, -2.0; 1
-9.0, -4.0, -2.0; 13
-8.0, -4.0, -2.0; 5
-7.0, -4.0, -2.0; 8
-6.0, -4.0, -2.0; 3
-5.0, -4.0, -2.0; 6
-4.0, -4.0, -2.0; 1
1.0, -4.0, -2.0; 1
2.0, -4.0, -2.0; 3
3.0, -4.0, -2.0; 7
4.0, -4.0, -2.0; 7
5.0, -4.0, -2.0; 1
6.0, -4.0, -2.0; 1
7.0, -4.0, -2.0; 2
8.0, -4.0, -2.0; 1
-10.0, -3.0, -2.0; 1
-9.0, -3.0, -2.0; 17
-8.0, -3.0, -2.0; 5
-7.0, -3.0, -2.0; 4
-6.0, -3.0, -2.0; 21
-5.0, -3.0, -2.0; 16
-4.0, -3.0, -2.0; 1
3.0, -3.0, -2.0; 1
6.0, -3.0, -2.0; 3
7.0, -3.0, -2.0; 2
-10.0, -2.0, -2.0; 1
-9.0, -2.0, -2.0; 7
-8.0, -2.0, -2.0; 4
-7.0, -2.0, -2.0; 2
-6.0, -2.0, -2.0; 15
-5.0, -2.0, -2.0; 7
-4.0, -2.0, -2.0; 2
3.0, -2.0, -2.0; 1
6.0, -2.0, -2.0; 1
7.0, -2.0, -2.0; 1
-10.0, -1.0, -2.0; 1
-9.0, -1.0, -2.0; 2
-8.0, -1.0, -2.0; 6
-7.0, -1.0, -2.0; 1
-6.0, -1.0, -2.0; 2
-5.0, -1.0, -2.0; 3
6.0, -1.0, -2.0; 1
7.0, -1.0, -2.0; 1
8.0, -1.0, -2.0; 1
-10.0, 0.0, -2.0; 3
-9.0, 0.0, -2.0; 1
-8.0, 0.0, -2.0; 5
-7.0, 0.0, -2.0; 3
-6.0, 0.0, -2.0; 21
-5.0, 0.0, -2.0; 4
5.0, 0.0, -2.0; 1
6.0, 0.0, -2.0; 3
7.0, 0.0, -2.0; 1
8.0, 0.0, -2.0; 1
-10.0, 1.0, -2.0; 2
-9.0, 1.0, -2.0; 3
-8.0, 1.0, -2.0; 8
-7.0, 1.0, -2.0; 10
-6.0, 1.0, -2.0; 1113
-5.0, 1.0, -2.0; 134
5.0, 1.0, -2.0; 1
6.0, 1.0, -2.0; 5
7.0, 1.0, -2.0; 1
-10.0, 2.0, -2.0; 2
-9.0, 2.0, -2.0; 9
-8.0, 2.0, -2.0; 6
-7.0, 2.0, -2.0; 11
-6.0, 2.0, -2.0; 114
-5.0, 2.0, -2.0; 63
4.0, 2.0, -2.0; 2
5.0, 2.0, -2.0; 7
6.0, 2.0, -2.0; 6
8.0, 2.0, -2.0; 1
9.0, 2.0, -2.0; 1
-10.0, 3.0, -2.0; 1
-9.0, 3.0, -2.0; 7
-8.0, 3.0, -2.0; 8
-7.0, 3.0, -2.0; 6
-6.0, 3.0, -2.0; 25
-5.0, 3.0, -2.0; 4
-2.0, 3.0, -2.0; 1
-1.0, 3.0, -2.0; 2
2.0, 3.0, -2.0; 1
4.0, 3.0, -2.0; 11
5.0, 3.0, -2.0; 5
6.0, 3.0, -2.0; 2
7.0, 3.0, -2.0; 1
9.0, 3.0, -2.0; 1
-9.0, 4.0, -2.0; 2
-8.0, 4.0, -2.0; 13
-7.0, 4.0, -2.0; 4
-6.0, 4.0, -2.0; 15
-5.0, 4.0, -2.0; 16
-3.0, 4.0, -2.0; 1
0.0, 4.0, -2.0; 1
1.0, 4.0, -2.0; 15
2.0, 4.0, -2.0; 17
3.0, 4.0, -2.0; 16
4.0, 4.0, -2.0; 39
5.0, 4.0, -2.0; 2
6.0, 4.0, -2.0; 1
7.0, 4.0, -2.0; 9
8.0, 4.0, -2.0; 2
-8.0, 5.0, -2.0; 11
-7.0, 5.0, -2.0; 11
-6.0, 5.0, -2.0; 2
-5.0, 5.0, -2.0; 5
-3.0, 5.0, -2.0; 1
-2.0, 5.0, -2.0; 2
-1.0, 5.0, -2.0; 20
0.0, 5.0, -2.0; 153
1.0, 5.0, -2.0; 117
2.0, 5.0, -2.0; 22
3.0, 5.0, -2.0; 15
4.0, 5.0, -2.0; 15
5.0, 5.0, -2.0; 6
6.0, 5.0, -2.0; 7
7.0, 5.0, -2.0; 7
8.0, 5.0, -2.0; 2
-8.0, 6.0, -2.0; 5
-7.0, 6.0, -2.0; 13
-6.0, 6.0, -2.0; 26
-5.0, 6.0, -2.0; 9
-4.0, 6.0, -2.0; 3
-3.0, 6.0, -2.0; 8
-2.0, 6.0, -2.0; 82
-1.0, 6.0, -2.0; 247
0.0, 6.0, -2.0; 238
1.0, 6.0, -2.0; 63
2.0, 6.0, -2.0; 4
3.0, 6.0, -2.0; 11
4.0, 6.0, -2.0; 5
5.0, 6.0, -2.0; 2
6.0, 6.0, -2.0; 6
7.0, 6.0, -2.0; 2
-7.0, 7.0, -2.0; 6
-6.0, 7.0, -2.0; 20
-5.0, 7.0, -2.0; 20
-4.0, 7.0, -2.0; 17
-3.0, 7.0, -2.0; 6
-2.0, 7.0, -2.0; 3
-1.0, 7.0, -2.0; 8
0.0, 7.0, -2.0; 12
1.0, 7.0, -2.0; 27
2.0, 7.0, -2.0; 44
3.0, 7.0, -2.0; 12
4.0, 7.0, -2.0; 2
5.0, 7.0, -2.0; 11
6.0, 7.0, -2.0; 1
-6.0, 8.0, -2.0; 2
-5.0, 8.0, -2.0; 19
-4.0, 8.0, -2.0; 27
-3.0, 8.0, -2.0; 28
-2.0, 8.0, -2.0; 43
-1.0, 8.0, -2.0; 72
0.0, 8.0, -2.0; 101
1.0, 8.0, -2.0; 63
2.0, 8.0, -2.0; 19
3.0, 8.0, -2.0; 6
4.0, 8.0, -2.0; 1
5.0, 8.0, -2.0; 1
-4.0, 9.0, -2.0; 4
-3.0, 9.0, -2.0; 16
-2.0, 9.0, -2.0; 40
-1.0, 9.0, -2.0; 72
0.0, 9.0, -2.0; 65
1.0, 9.0, -2.0; 43
2.0, 9.0, -2.0; 18
3.0, 9.0, -2.0; 1
-5.0, -10.0, -1.0; 5
-4.0, -10.0, -1.0; 29
-3.0, -10.0, -1.0; 77
-2.0, -10.0, -1.0; 89
-1.0, -10.0, -1.0; 97
0.0, -10.0, -1.0; 111
1.0, -10.0, -1.0; 70
2.0, -10.0, -1.0; 15
3.0, -10.0, -1.0; 2
-6.0, -9.0, -1.0; 14
-5.0, -9.0, -1.0; 23
-4.0, -9.0, -1.0; 20
-3.0, -9.0, -1.0; 7
-2.0, -9.0, -1.0; 8
-1.0, -9.0, -1.0; 16
0.0, -9.0, -1.0; 14
1.0, -9.0, -1.0; 28
2.0, -9.0, -1.0; 20
3.0, -9.0, -1.0; 18
4.0, -9.0, -1.0; 10
5.0, -9.0, -1.0; 4
-7.0, -8.0, -1.0; 17
-6.0, -8.0, -1.0; 10
-5.0, -8.0, -1.0; 4
-4.0, -8.0, -1.0; 1
-3.0, -8.0, -1.0; 1
-2.0, -8.0, -1.0; 11
-1.0, -8.0, -1.0; 34
0.0, -8.0, -1.0; 20
1.0, -8.0, -1.0; 9
2.0, -8.0, -1.0; 7
3.0, -8.0, -1.0; 6
4.0, -8.0, -1.0; 5
5.0, -8.0, -1.0; 9
6.0, -8.0, -1.0; 6
-8.0, -7.0, -1.0; 8
-7.0, -7.0, -1.0; 11
-6.0, -7.0, -1.0; 3
-4.0, -7.0, -1.0; 1
-3.0, -7.0, -1.0; 1
-2.0, -7.0, -1.0; 51
-1.0, -7.0, -1.0; 203
0.0, -7.0, -1.0; 350
1.0, -7.0, -1.0; 76
2.0, -7.0, -1.0; 9
3.0, -7.0, -1.0; 4
4.0, -7.0, -1.0; 14
5.0, -7.0, -1.0; 10
6.0, -7.0, -1.0; 5
7.0, -7.0, -1.0; 1
-9.0, -6.0, -1.0; 3
-8.0, -6.0, -1.0; 12
-7.0, -6.0, -1.0; 9
-5.0, -6.0, -1.0; 1
-3.0, -6.0, -1.0; 1
-2.0, -6.0, -1.0; 7
-1.0, -6.0, -1.0; 28
0.0, -6.0, -1.0; 70
1.0, -6.0, -1.0; 64
2.0, -6.0, -1.0; 11
3.0, -6.0, -1.0; 6
4.0, -6.0, -1.0; 10
5.0, -6.0, -1.0; 8
6.0, -6.0, -1.0; 3
7.0, -6.0, -1.0; 2
-9.0, -5.0, -1.0; 5
-8.0, -5.0, -1.0; 13
-7.0, -5.0, -1.0; 4
-6.0, -5.0, -1.0; 8
-2.0, -5.0, -1.0; 2
-1.0, -5.0, -1.0; 3
0.0, -5.0, -1.0; 4
1.0, -5.0, -1.0; 2
2.0, -5.0, -1.0; 15
3.0, -5.0, -1.0; 7
4.0, -5.0, -1.0; 4
7.0, -5.0, -1.0; 2
8.0, -5.0, -1.0; 1
-10.0, -4.0, -1.0; 4
-9.0, -4.0, -1.0; 10
-8.0, -4.0, -1.0; 5
-7.0, -4.0, -1.0; 16
-6.0, -4.0, -1.0; 6
-5.0, -4.0, -1.0; 2
2.0, -4.0, -1.0; 1
7.0, -4.0, -1.0; 2
8.0, -4.0, -1.0; 2
9.0, -4.0, -1.0; 1
-10.0, -3.0, -1.0; 2
-9.0, -3.0, -1.0; 13
-8.0, -3.0, -1.0; 3
-7.0, -3.0, -1.0; 2
-6.0, -3.0, -1.0; 15
-5.0, -3.0, -1.0; 5
-4.0, -3.0, -1.0; 1
3.0, -3.0, -1.0; 2
4.0, -3.0, -1.0; 1
5.0, -3.0, -1.0; 1
7.0, -3.0, -1.0; 1
-10.0, -2.0, -1.0; 2
-9.0, -2.0, -1.0; 10
-8.0, -2.0, -1.0; 5
-7.0, -2.0, -1.0; 4
-6.0, -2.0, -1.0; 1
-5.0, -2.0, -1.0; 1
7.0, -2.0, -1.0; 1
-10.0, -1.0, -1.0; 2
-9.0, -1.0, -1.0; 6
-8.0, -1.0, -1.0; 1
-7.0, -1.0, -1.0; 4
-6.0, -1.0, -1.0; 1
-5.0, -1.0, -1.0; 1
6.0, -1.0, -1.0; 3
-10.0, 0.0, -1.0; 5
-9.0, 0.0, -1.0; 4
-8.0, 0.0, -1.0; 7
-7.0, 0.0, -1.0; 8
-6.0, 0.0, -1.0; 10
-5.0, 0.0, -1.0; 3
8.0, 0.0, -1.0; 1
-10.0, 1.0, -1.0; 3
-9.0, 1.0, -1.0; 2
-7.0, 1.0, -1.0; 1
-6.0, 1.0, -1.0; 3675
-5.0, 1.0, -1.0; 372
4.0, 1.0, -1.0; 1
5.0, 1.0, -1.0; 1
6.0, 1.0, -1.0; 3
-10.0, 2.0, -1.0; 2
-9.0, 2.0, -1.0; 7
-8.0, 2.0, -1.0; 6
-7.0, 2.0, -1.0; 7
-6.0, 2.0, -1.0; 274
-5.0, 2.0, -1.0; 216
5.0, 2.0, -1.0; 6
6.0, 2.0, -1.0; 2
7.0, 2.0, -1.0; 1
-10.0, 3.0, -1.0; 1
-9.0, 3.0, -1.0; 4
-8.0, 3.0, -1.0; 9
-7.0, 3.0, -1.0; 4
-6.0, 3.0, -1.0; 31
-5.0, 3.0, -1.0; 13
-3.0, 3.0, -1.0; 1
4.0, 3.0, -1.0; 8
5.0, 3.0, -1.0; 7
6.0, 3.0, -1.0; 1
7.0, 3.0, -1.0; 2
8.0, 3.0, -1.0; 1
-9.0, 4.0, -1.0; 4
-8.0, 4.0, -1.0; 13
-7.0, 4.0, -1.0; 9
-6.0, 4.0, -1.0; 16
-5.0, 4.0, -1.0; 36
-4.0, 4.0, -1.0; 3
2.0, 4.0, -1.0; 2
3.0, 4.0, -1.0; 9
4.0, 4.0, -1.0; 41
5.0, 4.0, -1.0; 7
6.0, 4.0, -1.0; 1
7.0, 4.0, -1.0; 4
8.0, 4.0, -1.0; 2
-9.0, 5.0, -1.0; 2
-8.0, 5.0, -1.0; 12
-7.0, 5.0, -1.0; 18
-6.0, 5.0, -1.0; 2
-5.0, 5.0, -1.0; 18
-4.0, 5.0, -1.0; 20
-3.0, 5.0, -1.0; 1
-2.0, 5.0, -1.0; 1
-1.0, 5.0, -1.0; 21
0.0, 5.0, -1.0; 83
1.0, 5.0, -1.0; 81
2.0, 5.0, -1.0; 16
3.0, 5.0, -1.0; 37
4.0, 5.0, -1.0; 14
5.0, 5.0, -1.0; 5
6.0, 5.0, -1.0; 6
7.0, 5.0, -1.0; 3
8.0, 5.0, -1.0; 1
-8.0, 6.0, -1.0; 6
-7.0, 6.0, -1.0; 120
-6.0, 6.0, -1.0; 899
-5.0, 6.0, -1.0; 80
-4.0, 6.0, -1.0; 5
-3.0, 6.0, -1.0; 13
-2.0, 6.0, -1.0; 105
-1.0, 6.0, -1.0; 403
0.0, 6.0, -1.0; 545
1.0, 6.0, -1.0; 110
2.0, 6.0, -1.0; 10
3.0, 6.0, -1.0; 22
4.0, 6.0, -1.0; 9
5.0, 6.0, -1.0; 3
6.0, 6.0, -1.0; 3
7.0, 6.0, -1.0; 2
-7.0, 7.0, -1.0; 11
-6.0, 7.0, -1.0; 101
-5.0, 7.0, -1.0; 163
-4.0, 7.0, -1.0; 33
-3.0, 7.0, -1.0; 7
-2.0, 7.0, -1.0; 15
-1.0, 7.0, -1.0; 62
0.0, 7.0, -1.0; 35
1.0, 7.0, -1.0; 10
2.0, 7.0, -1.0; 25
3.0, 7.0, -1.0; 12
4.0, 7.0, -1.0; 2
5.0, 7.0, -1.0; 5
6.0, 7.0, -1.0; 8
-6.0, 8.0, -1.0; 9
-5.0, 8.0, -1.0; 20
-4.0, 8.0, -1.0; 29
-3.0, 8.0, -1.0; 40
-2.0, 8.0, -1.0; 32
-1.0, 8.0, -1.0; 65
0.0, 8.0, -1.0; 117
1.0, 8.0, -1.0; 71
2.0, 8.0, -1.0; 23
3.0, 8.0, -1.0; 5
4.0, 8.0, -1.0; 3
5.0, 8.0, -1.0; 1
-4.0, 9.0, -1.0; 13
-3.0, 9.0, -1.0; 34
-2.0, 9.0, -1.0; 66
-1.0, 9.0, -1.0; 116
0.0, 9.0, -1.0; 88
1.0, 9.0, -1.0; 54
2.0, 9.0, -1.0; 12
3.0, 9.0, -1.0; 1
-5.0, -10.0, 0.0; 2
-4.0, -10.0, 0.0; 33
-3.0, -10.0, 0.0; 54
-2.0, -10.0, 0.0; 49
-1.0, -10.0, 0.0; 66
0.0, -10.0, 0.0; 55
1.0, -10.0, 0.0; 34
2.0, -10.0, 0.0; 12
3.0, -10.0, 0.0; 2
4.0, -10.0, 0.0; 1
-6.0, -9.0, 0.0; 12
-5.0, -9.0, 0.0; 33
-4.0, -9.0, 0.0; 16
-3.0, -9.0, 0.0; 14
-2.0, -9.0, 0.0; 12
-1.0, -9.0, 0.0; 15
0.0, -9.0, 0.0; 19
1.0, -9.0, 0.0; 26
2.0, -9.0, 0.0; 16
3.0, -9.0, 0.0; 16
4.0, -9.0, 0.0; 11
5.0, -9.0, 0.0; 2
-8.0, -8.0, 0.0; 1
-7.0, -8.0, 0.0; 11
-6.0, -8.0, 0.0; 25
-5.0, -8.0, 0.0; 8
-3.0, -8.0, 0.0; 1
-2.0, -8.0, 0.0; 60
-1.0, -8.0, 0.0; 38
0.0, -8.0, 0.0; 12
1.0, -8.0, 0.0; 10
2.0, -8.0, 0.0; 10
3.0, -8.0, 0.0; 8
4.0, -8.0, 0.0; 3
5.0, -8.0, 0.0; 9
6.0, -8.0, 0.0; 5
-8.0, -7.0, 0.0; 8
-7.0, -7.0, 0.0; 12
-6.0, -7.0, 0.0; 8
-5.0, -7.0, 0.0; 4
-4.0, -7.0, 0.0; 39
-3.0, -7.0, 0.0; 141
-2.0, -7.0, 0.0; 340
-1.0, -7.0, 0.0; 615
0.0, -7.0, 0.0; 602
1.0, -7.0, 0.0; 60
2.0, -7.0, 0.0; 10
3.0, -7.0, 0.0; 16
4.0, -7.0, 0.0; 4
5.0, -7.0, 0.0; 3
6.0, -7.0, 0.0; 5
7.0, -7.0, 0.0; 2
-9.0, -6.0, 0.0; 1
-8.0, -6.0, 0.0; 13
-7.0, -6.0, 0.0; 8
-6.0, -6.0, 0.0; 7
-5.0, -6.0, 0.0; 33
-4.0, -6.0, 0.0; 5
-3.0, -6.0, 0.0; 6
-2.0, -6.0, 0.0; 7
-1.0, -6.0, 0.0; 42
0.0, -6.0, 0.0; 98
1.0, -6.0, 0.0; 51
2.0, -6.0, 0.0; 5
3.0, -6.0, 0.0; 27
4.0, -6.0, 0.0; 17
5.0, -6.0, 0.0; 2
6.0, -6.0, 0.0; 4
-9.0, -5.0, 0.0; 8
-8.0, -5.0, 0.0; 12
-7.0, -5.0, 0.0; 5
-6.0, -5.0, 0.0; 77
-5.0, -5.0, 0.0; 2
-4.0, -5.0, 0.0; 1
-3.0, -5.0, 0.0; 3
-2.0, -5.0, 0.0; 5
-1.0, -5.0, 0.0; 9
0.0, -5.0, 0.0; 1
1.0, -5.0, 0.0; 1
2.0, -5.0, 0.0; 5
3.0, -5.0, 0.0; 2
4.0, -5.0, 0.0; 5
5.0, -5.0, 0.0; 2
6.0, -5.0, 0.0; 3
7.0, -5.0, 0.0; 1
-10.0, -4.0, 0.0; 2
-9.0, -4.0, 0.0; 15
-8.0, -4.0, 0.0; 10
-7.0, -4.0, 0.0; 12
-6.0, -4.0, 0.0; 23
-5.0, -4.0, 0.0; 1
6.0, -4.0, 0.0; 2
7.0, -4.0, 0.0; 2
-10.0, -3.0, 0.0; 1
-9.0, -3.0, 0.0; 7
-8.0, -3.0, 0.0; 8
-7.0, -3.0, 0.0; 4
-6.0, -3.0, 0.0; 3
-5.0, -3.0, 0.0; 3
7.0, -3.0, 0.0; 1
-10.0, -2.0, 0.0; 7
-9.0, -2.0, 0.0; 3
-8.0, -2.0, 0.0; 4
-7.0, -2.0, 0.0; 1
-6.0, -2.0, 0.0; 3
-5.0, -2.0, 0.0; 1
-10.0, -1.0, 0.0; 5
-9.0, -1.0, 0.0; 3
-8.0, -1.0, 0.0; 3
-7.0, -1.0, 0.0; 9
-6.0, -1.0, 0.0; 4
4.0, -1.0, 0.0; 1
7.0, -1.0, 0.0; 1
9.0, -1.0, 0.0; 1
-10.0, 0.0, 0.0; 1
-9.0, 0.0, 0.0; 5
-8.0, 0.0, 0.0; 2
-7.0, 0.0, 0.0; 5
-6.0, 0.0, 0.0; 12
-5.0, 0.0, 0.0; 2
5.0
20.8521811614
