5.0, 0.0, 0.0; 1
8.0, 0.0, 0.0; 1
-10.0, 1.0, 0.0; 1
-9.0, 1.0, 0.0; 5
-8.0, 1.0, 0.0; 2
-7.0, 1.0, 0.0; 2
-6.0, 1.0, 0.0; 185
-5.0, 1.0, 0.0; 102
5.0, 1.0, 0.0; 5
6.0, 1.0, 0.0; 1
-9.0, 2.0, 0.0; 11
-8.0, 2.0, 0.0; 6
-7.0, 2.0, 0.0; 7
-6.0, 2.0, 0.0; 54
-5.0, 2.0, 0.0; 141
-4.0, 2.0, 0.0; 1
3.0, 2.0, 0.0; 3
4.0, 2.0, 0.0; 16
5.0, 2.0, 0.0; 1
6.0, 2.0, 0.0; 2
-10.0, 3.0, 0.0; 1
-9.0, 3.0, 0.0; 7
-8.0, 3.0, 0.0; 10
-7.0, 3.0, 0.0; 10
-6.0, 3.0, 0.0; 9
-5.0, 3.0, 0.0; 56
-4.0, 3.0, 0.0; 8
2.0, 3.0, 0.0; 2
3.0, 3.0, 0.0; 33
4.0, 3.0, 0.0; 34
6.0, 3.0, 0.0; 2
7.0, 3.0, 0.0; 1
-9.0, 4.0, 0.0; 1
-8.0, 4.0, 0.0; 32
-7.0, 4.0, 0.0; 15
-6.0, 4.0, 0.0; 20
-5.0, 4.0, 0.0; 29
-4.0, 4.0, 0.0; 21
-3.0, 4.0, 0.0; 2
0.0, 4.0, 0.0; 11
1.0, 4.0, 0.0; 17
2.0, 4.0, 0.0; 19
3.0, 4.0, 0.0; 111
4.0, 4.0, 0.0; 19
5.0, 4.0, 0.0; 3
7.0, 4.0, 0.0; 1
8.0, 4.0, 0.0; 3
-9.0, 5.0, 0.0; 2
-8.0, 5.0, 0.0; 18
-7.0, 5.0, 0.0; 34
-6.0, 5.0, 0.0; 16
-5.0, 5.0, 0.0; 17
-4.0, 5.0, 0.0; 80
-3.0, 5.0, 0.0; 93
-2.0, 5.0, 0.0; 15
-1.0, 5.0, 0.0; 20
0.0, 5.0, 0.0; 187
1.0, 5.0, 0.0; 216
2.0, 5.0, 0.0; 12
3.0, 5.0, 0.0; 22
4.0, 5.0, 0.0; 26
5.0, 5.0, 0.0; 9
6.0, 5.0, 0.0; 2
7.0, 5.0, 0.0; 2
-8.0, 6.0, 0.0; 2
-7.0, 6.0, 0.0; 172
-6.0, 6.0, 0.0; 849
-5.0, 6.0, 0.0; 183
-4.0, 6.0, 0.0; 65
-3.0, 6.0, 0.0; 125
-2.0, 6.0, 0.0; 268
-1.0, 6.0, 0.0; 467
0.0, 6.0, 0.0; 401
1.0, 6.0, 0.0; 80
2.0, 6.0, 0.0; 6
3.0, 6.0, 0.0; 9
4.0, 6.0, 0.0; 13
5.0, 6.0, 0.0; 6
6.0, 6.0, 0.0; 3
7.0, 6.0, 0.0; 4
-7.0, 7.0, 0.0; 14
-6.0, 7.0, 0.0; 126
-5.0, 7.0, 0.0; 114
-4.0, 7.0, 0.0; 22
-3.0, 7.0, 0.0; 12
-2.0, 7.0, 0.0; 60
-1.0, 7.0, 0.0; 223
0.0, 7.0, 0.0; 52
1.0, 7.0, 0.0; 17
2.0, 7.0, 0.0; 32
3.0, 7.0, 0.0; 32
4.0, 7.0, 0.0; 9
5.0, 7.0, 0.0; 7
6.0, 7.0, 0.0; 1
-6.0, 8.0, 0.0; 17
-5.0, 8.0, 0.0; 49
-4.0, 8.0, 0.0; 46
-3.0, 8.0, 0.0; 37
-2.0, 8.0, 0.0; 44
-1.0, 8.0, 0.0; 49
0.0, 8.0, 0.0; 78
1.0, 8.0, 0.0; 83
2.0, 8.0, 0.0; 44
3.0, 8.0, 0.0; 8
4.0, 8.0, 0.0; 2
5.0, 8.0, 0.0; 1
-4.0, 9.0, 0.0; 11
-3.0, 9.0, 0.0; 54
-2.0, 9.0, 0.0; 114
-1.0, 9.0, 0.0; 167
0.0, 9.0, 0.0; 96
1.0, 9.0, 0.0; 47
2.0, 9.0, 0.0; 13
3.0, 9.0, 0.0; 5
-4.0, -10.0, 1.0; 8
-3.0, -10.0, 1.0; 28
-2.0, -10.0, 1.0; 45
-1.0, -10.0, 1.0; 54
0.0, -10.0, 1.0; 56
1.0, -10.0, 1.0; 32
2.0, -10.0, 1.0; 8
3.0, -10.0, 1.0; 2
-6.0, -9.0, 1.0; 7
-5.0, -9.0, 1.0; 23
-4.0, -9.0, 1.0; 38
-3.0, -9.0, 1.0; 28
-2.0, -9.0, 1.0; 31
-1.0, -9.0, 1.0; 40
0.0, -9.0, 1.0; 38
1.0, -9.0, 1.0; 32
2.0, -9.0, 1.0; 16
3.0, -9.0, 1.0; 18
4.0, -9.0, 1.0; 15
5.0, -9.0, 1.0; 6
-7.0, -8.0, 1.0; 9
-6.0, -8.0, 1.0; 23
-5.0, -8.0, 1.0; 24
-4.0, -8.0, 1.0; 4
-3.0, -8.0, 1.0; 1
-2.0, -8.0, 1.0; 2
-1.0, -8.0, 1.0; 7
0.0, -8.0, 1.0; 19
1.0, -8.0, 1.0; 12
2.0, -8.0, 1.0; 15
3.0, -8.0, 1.0; 3
4.0, -8.0, 1.0; 10
5.0, -8.0, 1.0; 15
6.0, -8.0, 1.0; 5
-8.0, -7.0, 1.0; 7
-7.0, -7.0, 1.0; 15
-6.0, -7.0, 1.0; 17
-5.0, -7.0, 1.0; 4
-4.0, -7.0, 1.0; 159
-3.0, -7.0, 1.0; 534
-2.0, -7.0, 1.0; 689
-1.0, -7.0, 1.0; 588
0.0, -7.0, 1.0; 122
1.0, -7.0, 1.0; 20
2.0, -7.0, 1.0; 12
3.0, -7.0, 1.0; 12
5.0, -7.0, 1.0; 3
6.0, -7.0, 1.0; 3
7.0, -7.0, 1.0; 4
-8.0, -6.0, 1.0; 10
-7.0, -6.0, 1.0; 15
-6.0, -6.0, 1.0; 5
-5.0, -6.0, 1.0; 264
-4.0, -6.0, 1.0; 532
-3.0, -6.0, 1.0; 256
-2.0, -6.0, 1.0; 196
-1.0, -6.0, 1.0; 159
0.0, -6.0, 1.0; 46
1.0, -6.0, 1.0; 24
2.0, -6.0, 1.0; 23
3.0, -6.0, 1.0; 10
4.0, -6.0, 1.0; 7
5.0, -6.0, 1.0; 3
6.0, -6.0, 1.0; 3
7.0, -6.0, 1.0; 1
-9.0, -5.0, 1.0; 5
-8.0, -5.0, 1.0; 12
-7.0, -5.0, 1.0; 9
-6.0, -5.0, 1.0; 90
-5.0, -5.0, 1.0; 212
-4.0, -5.0, 1.0; 7
-3.0, -5.0, 1.0; 7
-2.0, -5.0, 1.0; 4
-1.0, -5.0, 1.0; 6
0.0, -5.0, 1.0; 2
1.0, -5.0, 1.0; 3
2.0, -5.0, 1.0; 19
3.0, -5.0, 1.0; 25
4.0, -5.0, 1.0; 12
5.0, -5.0, 1.0; 1
7.0, -5.0, 1.0; 1
8.0, -5.0, 1.0; 1
-9.0, -4.0, 1.0; 6
-8.0, -4.0, 1.0; 15
-7.0, -4.0, 1.0; 1
-6.0, -4.0, 1.0; 66
-5.0, -4.0, 1.0; 6
-2.0, -4.0, 1.0; 2
-1.0, -4.0, 1.0; 2
0.0, -4.0, 1.0; 1
1.0, -4.0, 1.0; 1
3.0, -4.0, 1.0; 4
4.0, -4.0, 1.0; 5
5.0, -4.0, 1.0; 2
8.0, -4.0, 1.0; 1
-10.0, -3.0, 1.0; 3
-9.0, -3.0, 1.0; 8
-8.0, -3.0, 1.0; 13
-7.0, -3.0, 1.0; 4
-6.0, -3.0, 1.0; 6
-4.0, -3.0, 1.0; 1
4.0, -3.0, 1.0; 2
5.0, -3.0, 1.0; 2
6.0, -3.0, 1.0; 1
7.0, -3.0, 1.0; 1
8.0, -3.0, 1.0; 1
-10.0, -2.0, 1.0; 3
-9.0, -2.0, 1.0; 2
-8.0, -2.0, 1.0; 4
-6.0, -2.0, 1.0; 10
-5.0, -2.0, 1.0; 4
5.0, -2.0, 1.0; 3
6.0, -2.0, 1.0; 1
-10.0, -1.0, 1.0; 4
-9.0, -1.0, 1.0; 3
-8.0, -1.0, 1.0; 4
-7.0, -1.0, 1.0; 5
-6.0, -1.0, 1.0; 88
-5.0, -1.0, 1.0; 14
-4.0, -1.0, 1.0; 3
5.0, -1.0, 1.0; 2
6.0, -1.0, 1.0; 1
8.0, -1.0, 1.0; 1
-10.0, 0.0, 1.0; 8
-9.0, 0.0, 1.0; 3
-8.0, 0.0, 1.0; 1
-7.0, 0.0, 1.0; 5
-6.0, 0.0, 1.0; 66
-5.0, 0.0, 1.0; 25
5.0, 0.0, 1.0; 1
6.0, 0.0, 1.0; 1
-10.0, 1.0, 1.0; 1
-9.0, 1.0, 1.0; 4
-8.0, 1.0, 1.0; 5
-6.0, 1.0, 1.0; 24
-5.0, 1.0, 1.0; 39
4.0, 1.0, 1.0; 1
5.0, 1.0, 1.0; 3
6.0, 1.0, 1.0; 2
-10.0, 2.0, 1.0; 1
-9.0, 2.0, 1.0; 6
-8.0, 2.0, 1.0; 7
-7.0, 2.0, 1.0; 3
-6.0, 2.0, 1.0; 7
-5.0, 2.0, 1.0; 54
-4.0, 2.0, 1.0; 7
3.0, 2.0, 1.0; 2
4.0, 2.0, 1.0; 2
5.0, 2.0, 1.0; 2
6.0, 2.0, 1.0; 1
-9.0, 3.0, 1.0; 7
-8.0, 3.0, 1.0; 11
-7.0, 3.0, 1.0; 9
-6.0, 3.0, 1.0; 30
-5.0, 3.0, 1.0; 38
-4.0, 3.0, 1.0; 28
-3.0, 3.0, 1.0; 2
-1.0, 3.0, 1.0; 1
1.0, 3.0, 1.0; 2
2.0, 3.0, 1.0; 1
3.0, 3.0, 1.0; 16
4.0, 3.0, 1.0; 16
5.0, 3.0, 1.0; 3
9.0, 3.0, 1.0; 1
-9.0, 4.0, 1.0; 3
-8.0, 4.0, 1.0; 18
-7.0, 4.0, 1.0; 15
-6.0, 4.0, 1.0; 15
-5.0, 4.0, 1.0; 15
-4.0, 4.0, 1.0; 26
-3.0, 4.0, 1.0; 53
-2.0, 4.0, 1.0; 22
-1.0, 4.0, 1.0; 5
0.0, 4.0, 1.0; 26
1.0, 4.0, 1.0; 46
2.0, 4.0, 1.0; 125
3.0, 4.0, 1.0; 316
4.0, 4.0, 1.0; 35
5.0, 4.0, 1.0; 9
7.0, 4.0, 1.0; 4
8.0, 4.0, 1.0; 1
-9.0, 5.0, 1.0; 3
-8.0, 5.0, 1.0; 9
-7.0, 5.0, 1.0; 26
-6.0, 5.0, 1.0; 10
-5.0, 5.0, 1.0; 33
-4.0, 5.0, 1.0; 151
-3.0, 5.0, 1.0; 874
-2.0, 5.0, 1.0; 186
-1.0, 5.0, 1.0; 27
0.0, 5.0, 1.0; 199
1.0, 5.0, 1.0; 111
2.0, 5.0, 1.0; 36
3.0, 5.0, 1.0; 37
4.0, 5.0, 1.0; 40
5.0, 5.0, 1.0; 7
6.0, 5.0, 1.0; 1
7.0, 5.0, 1.0; 4
-8.0, 6.0, 1.0; 10
-7.0, 6.0, 1.0; 35
-6.0, 6.0, 1.0; 110
-5.0, 6.0, 1.0; 48
-4.0, 6.0, 1.0; 71
-3.0, 6.0, 1.0; 175
-2.0, 6.0, 1.0; 215
-1.0, 6.0, 1.0; 129
0.0, 6.0, 1.0; 66
1.0, 6.0, 1.0; 8
2.0, 6.0, 1.0; 7
3.0, 6.0, 1.0; 12
4.0, 6.0, 1.0; 11
5.0, 6.0, 1.0; 3
6.0, 6.0, 1.0; 7
7.0, 6.0, 1.0; 3
-7.0, 7.0, 1.0; 3
-6.0, 7.0, 1.0; 43
-5.0, 7.0, 1.0; 34
-4.0, 7.0, 1.0; 19
-3.0, 7.0, 1.0; 7
-2.0, 7.0, 1.0; 19
-1.0, 7.0, 1.0; 33
0.0, 7.0, 1.0; 13
1.0, 7.0, 1.0; 30
2.0, 7.0, 1.0; 24
3.0, 7.0, 1.0; 21
4.0, 7.0, 1.0; 3
5.0, 7.0, 1.0; 7
6.0, 7.0, 1.0; 3
-6.0, 8.0, 1.0; 4
-5.0, 8.0, 1.0; 29
-4.0, 8.0, 1.0; 32
-3.0, 8.0, 1.0; 28
-2.0, 8.0, 1.0; 46
-1.0, 8.0, 1.0; 39
0.0, 8.0, 1.0; 57
1.0, 8.0, 1.0; 67
2.0, 8.0, 1.0; 35
3.0, 8.0, 1.0; 9
4.0, 8.0, 1.0; 3
5.0, 8.0, 1.0; 1
-4.0, 9.0, 1.0; 18
-3.0, 9.0, 1.0; 36
-2.0, 9.0, 1.0; 76
-1.0, 9.0, 1.0; 100
0.0, 9.0, 1.0; 60
1.0, 9.0, 1.0; 22
2.0, 9.0, 1.0; 4
-4.0, -10.0, 2.0; 4
-3.0, -10.0, 2.0; 5
-2.0, -10.0, 2.0; 22
-1.0, -10.0, 2.0; 14
0.0, -10.0, 2.0; 14
1.0, -10.0, 2.0; 6
2.0, -10.0, 2.0; 2
3.0, -10.0, 2.0; 1
-6.0, -9.0, 2.0; 4
-5.0, -9.0, 2.0; 14
-4.0, -9.0, 2.0; 35
-3.0, -9.0, 2.0; 55
-2.0, -9.0, 2.0; 40
-1.0, -9.0, 2.0; 49
0.0, -9.0, 2.0; 30
1.0, -9.0, 2.0; 14
2.0, -9.0, 2.0; 14
3.0, -9.0, 2.0; 7
4.0, -9.0, 2.0; 7
5.0, -9.0, 2.0; 2
-7.0, -8.0, 2.0; 9
-6.0, -8.0, 2.0; 28
-5.0, -8.0, 2.0; 39
-4.0, -8.0, 2.0; 30
-3.0, -8.0, 2.0; 14
-2.0, -8.0, 2.0; 12
-1.0, -8.0, 2.0; 11
0.0, -8.0, 2.0; 25
1.0, -8.0, 2.0; 14
2.0, -8.0, 2.0; 12
3.0, -8.0, 2.0; 5
4.0, -8.0, 2.0; 13
5.0, -8.0, 2.0; 9
-8.0, -7.0, 2.0; 2
-7.0, -7.0, 2.0; 16
-6.0, -7.0, 2.0; 25
-5.0, -7.0, 2.0; 13
-4.0, -7.0, 2.0; 3
-3.0, -7.0, 2.0; 31
-2.0, -7.0, 2.0; 75
-1.0, -7.0, 2.0; 29
0.0, -7.0, 2.0; 7
1.0, -7.0, 2.0; 13
2.0, -7.0, 2.0; 9
3.0, -7.0, 2.0; 2
4.0, -7.0, 2.0; 3
5.0, -7.0, 2.0; 6
6.0, -7.0, 2.0; 4
7.0, -7.0, 2.0; 1
-8.0, -6.0, 2.0; 3
-7.0, -6.0, 2.0; 21
-6.0, -6.0, 2.0; 13
-5.0, -6.0, 2.0; 14
-4.0, -6.0, 2.0; 233
-3.0, -6.0, 2.0; 390
-2.0, -6.0, 2.0; 253
-1.0, -6.0, 2.0; 75
0.0, -6.0, 2.0; 6
1.0, -6.0, 2.0; 13
2.0, -6.0, 2.0; 23
3.0, -6.0, 2.0; 7
4.0, -6.0, 2.0; 1
5.0, -6.0, 2.0; 3
6.0, -6.0, 2.0; 1
7.0, -6.0, 2.0; 3
-9.0, -5.0, 2.0; 1
-8.0, -5.0, 2.0; 9
-7.0, -5.0, 2.0; 21
-6.0, -5.0, 2.0; 2
-5.0, -5.0, 2.0; 104
-4.0, -5.0, 2.0; 134
-3.0, -5.0, 2.0; 29
-2.0, -5.0, 2.0; 5
-1.0, -5.0, 2.0; 2
0.0, -5.0, 2.0; 1
1.0, -5.0, 2.0; 3
2.0, -5.0, 2.0; 11
3.0, -5.0, 2.0; 5
4.0, -5.0, 2.0; 4
6.0, -5.0, 2.0; 1
7.0, -5.0, 2.0; 1
-9.0, -4.0, 2.0; 5
-8.0, -4.0, 2.0; 18
-7.0, -4.0, 2.0; 23
-6.0, -4.0, 2.0; 4
-5.0, -4.0, 2.0; 21
-4.0, -4.0, 2.0; 2
-3.0, -4.0, 2.0; 1
-1.0, -4.0, 2.0; 1
0.0, -4.0, 2.0; 3
1.0, -4.0, 2.0; 1
2.0, -4.0, 2.0; 2
3.0, -4.0, 2.0; 4
4.0, -4.0, 2.0; 1
6.0, -4.0, 2.0; 1
8.0, -4.0, 2.0; 1
-9.0, -3.0, 2.0; 4
-8.0, -3.0, 2.0; 12
-7.0, -3.0, 2.0; 6
-6.0, -3.0, 2.0; 6
-5.0, -3.0, 2.0; 3
-4.0, -3.0, 2.0; 2
0.0, -3.0, 2.0; 1
1.0, -3.0, 2.0; 1
3.0, -3.0, 2.0; 1
4.0, -3.0, 2.0; 1
6.0, -3.0, 2.0; 1
-10.0, -2.0, 2.0; 3
-9.0, -2.0, 2.0; 3
-8.0, -2.0, 2.0; 5
-7.0, -2.0, 2.0; 6
-6.0, -2.0, 2.0; 10
-5.0, -2.0, 2.0; 7
3.0, -2.0, 2.0; 2
4.0, -2.0, 2.0; 1
5.0, -2.0, 2.0; 3
6.0, -2.0, 2.0; 1
7.0, -2.0, 2.0; 1
-10.0, -1.0, 2.0; 4
-9.0, -1.0, 2.0; 8
-8.0, -1.0, 2.0; 4
-7.0, -1.0, 2.0; 9
-6.0, -1.0, 2.0; 30
-5.0, -1.0, 2.0; 8
-4.0, -1.0, 2.0; 4
6.0, -1.0, 2.0; 2
-10.0, 0.0, 2.0; 3
-9.0, 0.0, 2.0; 4
-8.0, 0.0, 2.0; 6
-7.0, 0.0, 2.0; 3
-6.0, 0.0, 2.0; 34
-5.0, 0.0, 2.0; 66
-4.0, 0.0, 2.0; 10
-3.0, 0.0, 2.0; 4
3.0, 0.0, 2.0; 1
4.0, 0.0, 2.0; 1
6.0, 0.0, 2.0; 1
8.0, 0.0, 2.0; 1
9.0, 0.0, 2.0; 1
-10.0, 1.0, 2.0; 3
-9.0, 1.0, 2.0; 3
-8.0, 1.0, 2.0; 4
-7.0, 1.0, 2.0; 4
-6.0, 1.0, 2.0; 15
-5.0, 1.0, 2.0; 245
-4.0, 1.0, 2.0; 311
-3.0, 1.0, 2.0; 4
3.0, 1.0, 2.0; 1
5.0, 1.0, 2.0; 2
6.0, 1.0, 2.0; 2
7.0, 1.0, 2.0; 1
9.0, 1.0, 2.0; 2
-10.0, 2.0, 2.0; 2
-9.0, 2.0, 2.0; 2
-8.0, 2.0, 2.0; 9
-7.0, 2.0, 2.0; 4
-6.0, 2.0, 2.0; 8
-5.0, 2.0, 2.0; 204
-4.0, 2.0, 2.0; 1509
-3.0, 2.0, 2.0; 53
-2.0, 2.0, 2.0; 1
-1.0, 2.0, 2.0; 1
0.0, 2.0, 2.0; 2
1.0, 2.0, 2.0; 2
2.0, 2.0, 2.0; 1
3.0, 2.0, 2.0; 1
4.0, 2.0, 2.0; 5
5.0, 2.0, 2.0; 3
6.0, 2.0, 2.0; 1
7.0, 2.0, 2.0; 1
-9.0, 3.0, 2.0; 5
-8.0, 3.0, 2.0; 8
-7.0, 3.0, 2.0; 12
-6.0, 3.0, 2.0; 6
-5.0, 3.0, 2.0; 24
-4.0, 3.0, 2.0; 166
-3.0, 3.0, 2.0; 54
-2.0, 3.0, 2.0; 22
-1.0, 3.0, 2.0; 18
0.0, 3.0, 2.0; 11
1.0, 3.0, 2.0; 13
2.0, 3.0, 2.0; 13
3.0, 3.0, 2.0; 17
4.0, 3.0, 2.0; 4
5.0, 3.0, 2.0; 4
7.0, 3.0, 2.0; 1
-9.0, 4.0, 2.0; 3
-8.0, 4.0, 2.0; 5
-7.0, 4.0, 2.0; 19
-6.0, 4.0, 2.0; 7
-5.0, 4.0, 2.0; 24
-4.0, 4.0, 2.0; 48
-3.0, 4.0, 2.0; 107
-2.0, 4.0, 2.0; 103
-1.0, 4.0, 2.0; 29
0.0, 4.0, 2.0; 22
1.0, 4.0, 2.0; 30
2.0, 4.0, 2.0; 203
3.0, 4.0, 2.0; 125
4.0, 4.0, 2.0; 6
5.0, 4.0, 2.0; 4
6.0, 4.0, 2.0; 2
7.0, 4.0, 2.0; 4
-9.0, 5.0, 2.0; 2
-8.0, 5.0, 2.0; 8
-7.0, 5.0, 2.0; 12
-6.0, 5.0, 2.0; 15
-5.0, 5.0, 2.0; 18
-4.0, 5.0, 2.0; 28
-3.0, 5.0, 2.0; 115
-2.0, 5.0, 2.0; 68
-1.0, 5.0, 2.0; 31
0.0, 5.0, 2.0; 34
1.0, 5.0, 2.0; 23
2.0, 5.0, 2.0; 57
3.0, 5.0, 2.0; 19
4.0, 5.0, 2.0; 17
5.0, 5.0, 2.0; 2
6.0, 5.0, 2.0; 5
7.0, 5.0, 2.0; 4
-8.0, 6.0, 2.0; 4
-7.0, 6.0, 2.0; 24
-6.0, 6.0, 2.0; 16
-5.0, 6.0, 2.0; 13
-4.0, 6.0, 2.0; 14
-3.0, 6.0, 2.0; 35
-2.0, 6.0, 2.0; 21
-1.0, 6.0, 2.0; 9
0.0, 6.0, 2.0; 5
1.0, 6.0, 2.0; 6
2.0, 6.0, 2.0; 11
3.0, 6.0, 2.0; 7
4.0, 6.0, 2.0; 7
5.0, 6.0, 2.0; 1
6.0, 6.0, 2.0; 7
7.0, 6.0, 2.0; 2
-7.0, 7.0, 2.0; 4
-6.0, 7.0, 2.0; 14
-5.0, 7.0, 2.0; 35
-4.0, 7.0, 2.0; 30
-3.0, 7.0, 2.0; 15
-2.0, 7.0, 2.0; 17
-1.0, 7.0, 2.0; 26
0.0, 7.0, 2.0; 27
1.0, 7.0, 2.0; 36
2.0, 7.0, 2.0; 40
3.0, 7.0, 2.0; 17
4.0, 7.0, 2.0; 6
5.0, 7.0, 2.0; 5
6.0, 7.0, 2.0; 2
-6.0, 8.0, 2.0; 2
-5.0, 8.0, 2.0; 13
-4.0, 8.0, 2.0; 26
-3.0, 8.0, 2.0; 44
-2.0, 8.0, 2.0; 52
-1.0, 8.0, 2.0; 45
0.0, 8.0, 2.0; 55
1.0, 8.0, 2.0; 53
2.0, 8.0, 2.0; 12
3.0, 8.0, 2.0; 3
4.0, 8.0, 2.0; 3
-4.0, 9.0, 2.0; 2
-3.0, 9.0, 2.0; 18
-2.0, 9.0, 2.0; 32
-1.0, 9.0, 2.0; 51
0.0, 9.0, 2.0; 27
1.0, 9.0, 2.0; 5
-3.0, -10.0, 3.0; 1
-2.0, -10.0, 3.0; 2
-1.0, -10.0, 3.0; 2
0.0, -10.0, 3.0; 1
-5.0, -9.0, 3.0; 5
-4.0, -9.0, 3.0; 11
-3.0, -9.0, 3.0; 27
-2.0, -9.0, 3.0; 38
-1.0, -9.0, 3.0; 20
0.0, -9.0, 3.0; 14
1.0, -9.0, 3.0; 12
2.0, -9.0, 3.0; 5
3.0, -9.0, 3.0; 8
4.0, -9.0, 3.0; 5
5.0, -9.0, 3.0; 1
-6.0, -8.0, 3.0; 12
-5.0, -8.0, 3.0; 38
-4.0, -8.0, 3.0; 32
-3.0, -8.0, 3.0; 57
-2.0, -8.0, 3.0; 47
-1.0, -8.0, 3.0; 34
0.0, -8.0, 3.0; 19
1.0, -8.0, 3.0; 16
2.0, -8.0, 3.0; 6
3.0, -8.0, 3.0; 2
4.0, -8.0, 3.0; 7
5.0, -8.0, 3.0; 4
-8.0, -7.0, 3.0; 1
-7.0, -7.0, 3.0; 11
-6.0, -7.0, 3.0; 25
-5.0, -7.0, 3.0; 32
-4.0, -7.0, 3.0; 35
-3.0, -7.0, 3.0; 25
-2.0, -7.0, 3.0; 22
-1.0, -7.0, 3.0; 29
0.0, -7.0, 3.0; 31
1.0, -7.0, 3.0; 30
2.0, -7.0, 3.0; 6
4.0, -7.0, 3.0; 3
5.0, -7.0, 3.0; 4
6.0, -7.0, 3.0; 7
-8.0, -6.0, 3.0; 4
-7.0, -6.0, 3.0; 6
-6.0, -6.0, 3.0; 41
-5.0, -6.0, 3.0; 37
-4.0, -6.0, 3.0; 4
-3.0, -6.0, 3.0; 7
-2.0, -6.0, 3.0; 4
-1.0, -6.0, 3.0; 4
0.0, -6.0, 3.0; 16
1.0, -6.0, 3.0; 21
2.0, -6.0, 3.0; 9
3.0, -6.0, 3.0; 4
4.0, -6.0, 3.0; 1
5.0, -6.0, 3.0; 1
6.0, -6.0, 3.0; 1
7.0, -6.0, 3.0; 4
-8.0, -5.0, 3.0; 1
-7.0, -5.0, 3.0; 19
-6.0, -5.0, 3.0; 24
-5.0, -5.0, 3.0; 5
-4.0, -5.0, 3.0; 7
-3.0, -5.0, 3.0; 8
-2.0, -5.0, 3.0; 3
-1.0, -5.0, 3.0; 3
0.0, -5.0, 3.0; 7
1.0, -5.0, 3.0; 15
2.0, -5.0, 3.0; 11
3.0, -5.0, 3.0; 5
4.0, -5.0, 3.0; 1
5.0, -5.0, 3.0; 1
6.0, -5.0, 3.0; 1
7.0, -5.0, 3.0; 4
-9.0, -4.0, 3.0; 1
-8.0, -4.0, 3.0; 4
-7.0, -4.0, 3.0; 31
-6.0, -4.0, 3.0; 13
-5.0, -4.0, 3.0; 1
-4.0, -4.0, 3.0; 3
-2.0, -4.0, 3.0; 1
-1.0, -4.0, 3.0; 3
0.0, -4.0, 3.0; 5
1.0, -4.0, 3.0; 3
2.0, -4.0, 3.0; 6
3.0, -4.0, 3.0; 4
5.0, -4.0, 3.0; 2
-10.0, -3.0, 3.0; 1
-9.0, -3.0, 3.0; 5
-8.0, -3.0, 3.0; 4
-7.0, -3.0, 3.0; 11
-6.0, -3.0, 3.0; 8
-5.0, -3.0, 3.0; 4
-4.0, -3.0, 3.0; 4
-3.0, -3.0, 3.0; 3
-2.0, -3.0, 3.0; 3
-1.0, -3.0, 3.0; 5
0.0, -3.0, 3.0; 7
1.0, -3.0, 3.0; 2
2.0, -3.0, 3.0; 1
3.0, -3.0, 3.0; 3
4.0, -3.0, 3.0; 1
-9.0, -2.0, 3.0; 2
-8.0, -2.0, 3.0; 7
-7.0, -2.0, 3.0; 5
-6.0, -2.0, 3.0; 25
-5.0, -2.0, 3.0; 22
-4.0, -2.0, 3.0; 12
-3.0, -2.0, 3.0; 10
-2.0, -2.0, 3.0; 4
-1.0, -2.0, 3.0; 6
0.0, -2.0, 3.0; 3
1.0, -2.0, 3.0; 2
2.0, -2.0, 3.0; 1
6.0, -2.0, 3.0; 1
8.0, -2.0, 3.0; 1
-10.0, -1.0, 3.0; 1
-9.0, -1.0, 3.0; 6
-8.0, -1.0, 3.0; 4
-7.0, -1.0, 3.0; 2
-6.0, -1.0, 3.0; 6
-5.0, -1.0, 3.0; 15
-4.0, -1.0, 3.0; 23
-3.0, -1.0, 3.0; 22
-2.0, -1.0, 3.0; 8
-1.0, -1.0, 3.0; 5
0.0, -1.0, 3.0; 6
1.0, -1.0, 3.0; 1
2.0, -1.0, 3.0; 1
3.0, -1.0, 3.0; 1
4.0, -1.0, 3.0; 1
9.0, -1.0, 3.0; 1
-10.0, 0.0, 3.0; 1
-9.0, 0.0, 3.0; 3
-8.0, 0.0, 3.0; 2
-7.0, 0.0, 3.0; 1
-6.0, 0.0, 3.0; 9
-5.0, 0.0, 3.0; 20
-4.0, 0.0, 3.0; 23
-3.0, 0.0, 3.0; 18
-2.0, 0.0, 3.0; 8
-1.0, 0.0, 3.0; 6
1.0, 0.0, 3.0; 2
3.0, 0.0, 3.0; 2
7.0, 0.0, 3.0; 1
8.0, 0.0, 3.0; 2
-9.0, 1.0, 3.0; 5
-8.0, 1.0, 3.0; 8
-7.0, 1.0, 3.0; 2
-6.0, 1.0, 3.0; 9
-5.0, 1.0, 3.0; 15
-4.0, 1.0, 3.0; 85
-3.0, 1.0, 3.0; 33
-2.0, 1.0, 3.0; 19
-1.0, 1.0, 3.0; 10
0.0, 1.0, 3.0; 2
1.0, 1.0, 3.0; 1
2.0, 1.0, 3.0; 3
3.0, 1.0, 3.0; 4
4.0, 1.0, 3.0; 2
6.0, 1.0, 3.0; 1
-9.0, 2.0, 3.0; 2
-8.0, 2.0, 3.0; 12
-7.0, 2.0, 3.0; 13
-6.0, 2.0, 3.0; 9
-5.0, 2.0, 3.0; 8
-4.0, 2.0, 3.0; 183
-3.0, 2.0, 3.0; 121
-2.0, 2.0, 3.0; 54
-1.0, 2.0, 3.0; 88
0.0, 2.0, 3.0; 19
1.0, 2.0, 3.0; 10
2.0, 2.0, 3.0; 10
3.0, 2.0, 3.0; 5
4.0, 2.0, 3.0; 2
5.0, 2.0, 3.0; 1
-9.0, 3.0, 3.0; 3
-8.0, 3.0, 3.0; 7
-7.0, 3.0, 3.0; 10
-6.0, 3.0, 3.0; 13
-5.0, 3.0, 3.0; 1
-4.0, 3.0, 3.0; 3
-3.0, 3.0, 3.0; 22
-2.0, 3.0, 3.0; 41
-1.0, 3.0, 3.0; 84
0.0, 3.0, 3.0; 19
1.0, 3.0, 3.0; 14
2.0, 3.0, 3.0; 22
3.0, 3.0, 3.0; 1
4.0, 3.0, 3.0; 2
5.0, 3.0, 3.0; 2
6.0, 3.0, 3.0; 4
-9.0, 4.0, 3.0; 1
-8.0, 4.0, 3.0; 6
-7.0, 4.0, 3.0; 15
-6.0, 4.0, 3.0; 15
-5.0, 4.0, 3.0; 7
-4.0, 4.0, 3.0; 2
-3.0, 4.0, 3.0; 8
-2.0, 4.0, 3.0; 10
-1.0, 4.0, 3.0; 8
0.0, 4.0, 3.0; 3
1.0, 4.0, 3.0; 21
2.0, 4.0, 3.0; 39
3.0, 4.0, 3.0; 2
6.0, 4.0, 3.0; 3
7.0, 4.0, 3.0; 5
-8.0, 5.0, 3.0; 16
-7.0, 5.0, 3.0; 12
-6.0, 5.0, 3.0; 15
-5.0, 5.0, 3.0; 24
-4.0, 5.0, 3.0; 9
-3.0, 5.0, 3.0; 8
-2.0, 5.0, 3.0; 6
-1.0, 5.0, 3.0; 3
0.0, 5.0, 3.0; 8
1.0, 5.0, 3.0; 41
2.0, 5.0, 3.0; 44
3.0, 5.0, 3.0; 7
4.0, 5.0, 3.0; 6
5.0, 5.0, 3.0; 5
6.0, 5.0, 3.0; 3
7.0, 5.0, 3.0; 1
-7.0, 6.0, 3.0; 8
-6.0, 6.0, 3.0; 16
-5.0, 6.0, 3.0; 13
-4.0, 6.0, 3.0; 19
-3.0, 6.0, 3.0; 11
-2.0, 6.0, 3.0; 2
-1.0, 6.0, 3.0; 9
0.0, 6.0, 3.0; 15
1.0, 6.0, 3.0; 10
2.0, 6.0, 3.0; 16
3.0, 6.0, 3.0; 5
4.0, 6.0, 3.0; 2
5.0, 6.0, 3.0; 4
6.0, 6.0, 3.0; 2
7.0, 6.0, 3.0; 1
-6.0, 7.0, 3.0; 4
-5.0, 7.0, 3.0; 31
-4.0, 7.0, 3.0; 21
-3.0, 7.0, 3.0; 19
-2.0, 7.0, 3.0; 32
-1.0, 7.0, 3.0; 35
0.0, 7.0, 3.0; 32
1.0, 7.0, 3.0; 37
2.0, 7.0, 3.0; 20
3.0, 7.0, 3.0; 7
4.0, 7.0, 3.0; 6
5.0, 7.0, 3.0; 4
-5.0, 8.0, 3.0; 2
-4.0, 8.0, 3.0; 20
-3.0, 8.0, 3.0; 59
-2.0, 8.0, 3.0; 65
-1.0, 8.0, 3.0; 53
0.0, 8.0, 3.0; 46
1.0, 8.0, 3.0; 18
2.0, 8.0, 3.0; 3
3.0, 8.0, 3.0; 3
4.0, 8.0, 3.0; 1
-3.0, 9.0, 3.0; 4
-2.0, 9.0, 3.0; 14
-1.0, 9.0, 3.0; 10
0.0, 9.0, 3.0; 4
2.0, 9.0, 3.0; 1
-2.0, -9.0, 4.0; 8
-1.0, -9.0, 4.0; 4
0.0, -9.0, 4.0; 6
1.0, -9.0, 4.0; 7
2.0, -9.0, 4.0; 2
3.0, -9.0, 4.0; 1
-6.0, -8.0, 4.0; 1
-5.0, -8.0, 4.0; 19
-4.0, -8.0, 4.0; 10
-3.0, -8.0, 4.0; 16
-2.0, -8.0, 4.0; 22
-1.0, -8.0, 4.0; 11
0.0, -8.0, 4.0; 4
1.0, -8.0, 4.0; 6
2.0, -8.0, 4.0; 2
3.0, -8.0, 4.0; 4
4.0, -8.0, 4.0; 8
-6.0, -7.0, 4.0; 25
-5.0, -7.0, 4.0; 31
-4.0, -7.0, 4.0; 34
-3.0, -7.0, 4.0; 67
-2.0, -7.0, 4.0; 40
-1.0, -7.0, 4.0; 30
0.0, -7.0, 4.0; 27
1.0, -7.0, 4.0; 4
2.0, -7.0, 4.0; 3
3.0, -7.0, 4.0; 1
4.0, -7.0, 4.0; 8
5.0, -7.0, 4.0; 3
6.0, -7.0, 4.0; 1
-7.0, -6.0, 4.0; 5
-6.0, -6.0, 4.0; 8
-5.0, -6.0, 4.0; 31
-4.0, -6.0, 4.0; 37
-3.0, -6.0, 4.0; 22
-2.0, -6.0, 4.0; 31
-1.0, -6.0, 4.0; 19
0.0, -6.0, 4.0; 10
1.0, -6.0, 4.0; 8
2.0, -6.0, 4.0; 4
4.0, -6.0, 4.0; 4
5.0, -6.0, 4.0; 1
6.0, -6.0, 4.0; 3
-8.0, -5.0, 4.0; 2
-7.0, -5.0, 4.0; 2
-6.0, -5.0, 4.0; 14
-5.0, -5.0, 4.0; 26
-4.0, -5.0, 4.0; 19
-3.0, -5.0, 4.0; 14
-2.0, -5.0, 4.0; 15
-1.0, -5.0, 4.0; 15
0.0, -5.0, 4.0; 11
1.0, -5.0, 4.0; 5
2.0, -5.0, 4.0; 1
6.0, -5.0, 4.0; 1
7.0, -5.0, 4.0; 1
-8.0, -4.0, 4.0; 5
-7.0, -4.0, 4.0; 3
-6.0, -4.0, 4.0; 15
-5.0, -4.0, 4.0; 11
-4.0, -4.0, 4.0; 10
-3.0, -4.0, 4.0; 26
-2.0, -4.0, 4.0; 18
-1.0, -4.0, 4.0; 11
0.0, -4.0, 4.0; 6
1.0, -4.0, 4.0; 2
2.0, -4.0, 4.0; 1
6.0, -4.0, 4.0; 2
-9.0, -3.0, 4.0; 2
-8.0, -3.0, 4.0; 4
-7.0, -3.0, 4.0; 2
-6.0, -3.0, 4.0; 6
-5.0, -3.0, 4.0; 7
-4.0, -3.0, 4.0; 14
-3.0, -3.0, 4.0; 21
-2.0, -3.0, 4.0; 15
-1.0, -3.0, 4.0; 7
0.0, -3.0, 4.0; 3
1.0, -3.0, 4.0; 3
2.0, -3.0, 4.0; 1
-9.0, -2.0, 4.0; 2
-8.0, -2.0, 4.0; 6
-7.0, -2.0, 4.0; 5
-6.0, -2.0, 4.0; 6
-5.0, -2.0, 4.0; 10
-4.0, -2.0, 4.0; 20
-3.0, -2.0, 4.0; 13
-2.0, -2.0, 4.0; 3
-1.0, -2.0, 4.0; 3
0.0, -2.0, 4.0; 10
1.0, -2.0, 4.0; 2
3.0, -2.0, 4.0; 1
7.0, -2.0, 4.0; 1
-9.0, -1.0, 4.0; 4
-8.0, -1.0, 4.0; 3
-7.0, -1.0, 4.0; 2
-5.0, -1.0, 4.0; 5
-4.0, -1.0, 4.0; 9
-3.0, -1.0, 4.0; 19
-2.0, -1.0, 4.0; 15
-1.0, -1.0, 4.0; 15
0.0, -1.0, 4.0; 19
1.0, -1.0, 4.0; 3
3.0, -1.0, 4.0; 2
4.0, -1.0, 4.0; 1
5.0, -1.0, 4.0; 1
-9.0, 0.0, 4.0; 5
-8.0, 0.0, 4.0; 1
-7.0, 0.0, 4.0; 3
-6.0, 0.0, 4.0; 2
-5.0, 0.0, 4.0; 2
-4.0, 0.0, 4.0; 5
-3.0, 0.0, 4.0; 3
-2.0, 0.0, 4.0; 3
-1.0, 0.0, 4.0; 3
0.0, 0.0, 4.0; 5
1.0, 0.0, 4.0; 3
3.0, 0.0, 4.0; 1
-9.0, 1.0, 4.0; 6
-8.0, 1.0, 4.0; 3
-7.0, 1.0, 4.0; 5
-6.0, 1.0, 4.0; 7
-5.0, 1.0, 4.0; 3
-4.0, 1.0, 4.0; 6
-3.0, 1.0, 4.0; 1
-1.0, 1.0, 4.0; 3
0.0, 1.0, 4.0; 3
1.0, 1.0, 4.0; 4
2.0, 1.0, 4.0; 3
3.0, 1.0, 4.0; 1
4.0, 1.0, 4.0; 1
-9.0, 2.0, 4.0; 2
-8.0, 2.0, 4.0; 9
-7.0, 2.0, 4.0; 6
-6.0, 2.0, 4.0; 9
-5.0, 2.0, 4.0; 6
-4.0, 2.0, 4.0; 1
-3.0, 2.0, 4.0; 6
-2.0, 2.0, 4.0; 1
-1.0, 2.0, 4.0; 4
0.0, 2.0, 4.0; 16
1.0, 2.0, 4.0; 17
2.0, 2.0, 4.0; 4
3.0, 2.0, 4.0; 2
4.0, 2.0, 4.0; 1
7.0, 2.0, 4.0; 1
-9.0, 3.0, 4.0; 1
-8.0, 3.0, 4.0; 6
-7.0, 3.0, 4.0; 10
-6.0, 3.0, 4.0; 8
-5.0, 3.0, 4.0; 10
-4.0, 3.0, 4.0; 4
-3.0, 3.0, 4.0; 4
-2.0, 3.0, 4.0; 4
-1.0, 3.0, 4.0; 21
0.0, 3.0, 4.0; 12
1.0, 3.0, 4.0; 15
2.0, 3.0, 4.0; 5
3.0, 3.0, 4.0; 1
4.0, 3.0, 4.0; 3
5.0, 3.0, 4.0; 1
6.0, 3.0, 4.0; 1
7.0, 3.0, 4.0; 1
-9.0, 4.0, 4.0; 1
-8.0, 4.0, 4.0; 4
-7.0, 4.0, 4.0; 15
-6.0, 4.0, 4.0; 14
-5.0, 4.0, 4.0; 6
-4.0, 4.0, 4.0; 9
-3.0, 4.0, 4.0; 5
-2.0, 4.0, 4.0; 5
-1.0, 4.0, 4.0; 4
0.0, 4.0, 4.0; 3
1.0, 4.0, 4.0; 6
2.0, 4.0, 4.0; 5
3.0, 4.0, 4.0; 3
4.0, 4.0, 4.0; 6
5.0, 4.0, 4.0; 6
-8.0, 5.0, 4.0; 1
-7.0, 5.0, 4.0; 2
-6.0, 5.0, 4.0; 17
-5.0, 5.0, 4.0; 15
-4.0, 5.0, 4.0; 14
-3.0, 5.0, 4.0; 7
-2.0, 5.0, 4.0; 7
-1.0, 5.0, 4.0; 18
0.0, 5.0, 4.0; 13
1.0, 5.0, 4.0; 20
2.0, 5.0, 4.0; 6
3.0, 5.0, 4.0; 2
4.0, 5.0, 4.0; 2
5.0, 5.0, 4.0; 4
6.0, 5.0, 4.0; 2
-7.0, 6.0, 4.0; 1
-6.0, 6.0, 4.0; 6
-5.0, 6.0, 4.0; 17
-4.0, 6.0, 4.0; 17
-3.0, 6.0, 4.0; 13
-2.0, 6.0, 4.0; 28
-1.0, 6.0, 4.0; 21
0.0, 6.0, 4.0; 26
1.0, 6.0, 4.0; 13
2.0, 6.0, 4.0; 6
3.0, 6.0, 4.0; 4
4.0, 6.0, 4.0; 3
5.0, 6.0, 4.0; 5
6.0, 6.0, 4.0; 1
-6.0, 7.0, 4.0; 1
-5.0, 7.0, 4.0; 6
-4.0, 7.0, 4.0; 22
-3.0, 7.0, 4.0; 27
-2.0, 7.0, 4.0; 33
-1.0, 7.0, 4.0; 40
0.0, 7.0, 4.0; 16
1.0, 7.0, 4.0; 11
2.0, 7.0, 4.0; 7
3.0, 7.0, 4.0; 5
4.0, 7.0, 4.0; 3
-4.0, 8.0, 4.0; 4
-3.0, 8.0, 4.0; 19
-2.0, 8.0, 4.0; 26
-1.0, 8.0, 4.0; 16
0.0, 8.0, 4.0; 10
1.0, 8.0, 4.0; 4
2.0, 8.0, 4.0; 3
-3.0, -9.0, 5.0; 1
-2.0, -9.0, 5.0; 2
-1.0, -9.0, 5.0; 3
0.0, -9.0, 5.0; 1
1.0, -9.0, 5.0; 1
-4.0, -8.0, 5.0; 5
-3.0, -8.0, 5.0; 10
-2.0, -8.0, 5.0; 8
-1.0, -8.0, 5.0; 8
0.0, -8.0, 5.0; 3
1.0, -8.0, 5.0; 2
2.0, -8.0, 5.0; 5
3.0, -8.0, 5.0; 7
-6.0, -7.0, 5.0; 1
-5.0, -7.0, 5.0; 10
-4.0, -7.0, 5.0; 10
-3.0, -7.0, 5.0; 10
-2.0, -7.0, 5.0; 6
-1.0, -7.0, 5.0; 9
0.0, -7.0, 5.0; 3
1.0, -7.0, 5.0; 9
2.0, -7.0, 5.0; 2
3.0, -7.0, 5.0; 5
4.0, -7.0, 5.0; 2
-6.0, -6.0, 5.0; 1
-5.0, -6.0, 5.0; 4
-4.0, -6.0, 5.0; 15
-3.0, -6.0, 5.0; 11
-2.0, -6.0, 5.0; 8
-1.0, -6.0, 5.0; 9
0.0, -6.0, 5.0; 1
1.0, -6.0, 5.0; 1
2.0, -6.0, 5.0; 3
3.0, -6.0, 5.0; 1
4.0, -6.0, 5.0; 1
6.0, -6.0, 5.0; 1
-7.0, -5.0, 5.0; 4
-6.0, -5.0, 5.0; 1
-5.0, -5.0, 5.0; 6
-4.0, -5.0, 5.0; 8
-3.0, -5.0, 5.0; 11
-2.0, -5.0, 5.0; 4
-1.0, -5.0, 5.0; 5
0.0, -5.0, 5.0; 1
1.0, -5.0, 5.0; 3
2.0, -5.0, 5.0; 1
4.0, -5.0, 5.0; 2
5.0, -5.0, 5.0; 1
-8.0, -4.0, 5.0; 7
-7.0, -4.0, 5.0; 3
-6.0, -4.0, 5.0; 2
-5.0, -4.0, 5.0; 4
-4.0, -4.0, 5.0; 5
-3.0, -4.0, 5.0; 12
-2.0, -4.0, 5.0; 5
-1.0, -4.0, 5.0; 3
0.0, -4.0, 5.0; 1
-8.0, -3.0, 5.0; 2
-7.0, -3.0, 5.0; 6
-6.0, -3.0, 5.0; 2
-4.0, -3.0, 5.0; 2
-3.0, -3.0, 5.0; 9
-2.0, -3.0, 5.0; 3
-1.0, -3.0, 5.0; 3
0.0, -3.0, 5.0; 2
6.0, -3.0, 5.0; 1
7.0, -3.0, 5.0; 1
-7.0, -2.0, 5.0; 1
-6.0, -2.0, 5.0; 1
-5.0, -2.0, 5.0; 1
-4.0, -2.0, 5.0; 4
6.0, -2.0, 5.0; 1
-9.0, -1.0, 5.0; 2
-8.0, -1.0, 5.0; 6
-6.0, -1.0, 5.0; 2
-1.0, -1.0, 5.0; 1
0.0, -1.0, 5.0; 3
1.0, -1.0, 5.0; 2
2.0, -1.0, 5.0; 1
8.0, -1.0, 5.0; 1
-8.0, 0.0, 5.0; 6
-7.0, 0.0, 5.0; 3
-6.0, 0.0, 5.0; 2
-5.0, 0.0, 5.0; 1
-4.0, 0.0, 5.0; 2
-1.0, 0.0, 5.0; 1
0.0, 0.0, 5.0; 3
1.0, 0.0, 5.0; 1
2.0, 0.0, 5.0; 1
-9.0, 1.0, 5.0; 1
-8.0, 1.0, 5.0; 4
-7.0, 1.0, 5.0; 6
-6.0, 1.0, 5.0; 3
-5.0, 1.0, 5.0; 5
-2.0, 1.0, 5.0; 2
-1.0, 1.0, 5.0; 1
1.0, 1.0, 5.0; 2
2.0, 1.0, 5.0; 1
3.0, 1.0, 5.0; 1
4.0, 1.0, 5.0; 1
-8.0, 2.0, 5.0; 3
-7.0, 2.0, 5.0; 8
-6.0, 2.0, 5.0; 6
-5.0, 2.0, 5.0; 5
-4.0, 2.0, 5.0; 6
-3.0, 2.0, 5.0; 7
-2.0, 2.0, 5.0; 17
-1.0, 2.0, 5.0; 26
0.0, 2.0, 5.0; 12
1.0, 2.0, 5.0; 1
2.0, 2.0, 5.0; 1
3.0, 2.0, 5.0; 2
4.0, 2.0, 5.0; 1
6.0, 2.0, 5.0; 1
7.0, 2.0, 5.0; 2
-8.0, 3.0, 5.0; 1
-7.0, 3.0, 5.0; 6
-6.0, 3.0, 5.0; 7
-5.0, 3.0, 5.0; 7
-4.0, 3.0, 5.0; 5
-3.0, 3.0, 5.0; 7
-2.0, 3.0, 5.0; 12
-1.0, 3.0, 5.0; 23
0.0, 3.0, 5.0; 6
2.0, 3.0, 5.0; 1
3.0, 3.0, 5.0; 5
4.0, 3.0, 5.0; 4
6.0, 3.0, 5.0; 1
-8.0, 4.0, 5.0; 1
-7.0, 4.0, 5.0; 1
-6.0, 4.0, 5.0; 19
-5.0, 4.0, 5.0; 7
-4.0, 4.0, 5.0; 6
-3.0, 4.0, 5.0; 4
-2.0, 4.0, 5.0; 5
-1.0, 4.0, 5.0; 3
0.0, 4.0, 5.0; 5
1.0, 4.0, 5.0; 2
2.0, 4.0, 5.0; 2
3.0, 4.0, 5.0; 2
4.0, 4.0, 5.0; 2
-6.0, 5.0, 5.0; 6
-5.0, 5.0, 5.0; 16
-4.0, 5.0, 5.0; 19
-3.0, 5.0, 5.0; 10
-2.0, 5.0, 5.0; 7
-1.0, 5.0, 5.0; 6
0.0, 5.0, 5.0; 10
1.0, 5.0, 5.0; 4
2.0, 5.0, 5.0; 3
3.0, 5.0, 5.0; 4
5.0, 5.0, 5.0; 3
6.0, 5.0, 5.0; 2
-6.0, 6.0, 5.0; 1
-5.0, 6.0, 5.0; 8
-4.0, 6.0, 5.0; 17
-3.0, 6.0, 5.0; 16
-2.0, 6.0, 5.0; 11
-1.0, 6.0, 5.0; 13
0.0, 6.0, 5.0; 12
1.0, 6.0, 5.0; 6
2.0, 6.0, 5.0; 1
3.0, 6.0, 5.0; 3
4.0, 6.0, 5.0; 3
-5.0, 7.0, 5.0; 1
-4.0, 7.0, 5.0; 5
-3.0, 7.0, 5.0; 11
-2.0, 7.0, 5.0; 13
-1.0, 7.0, 5.0; 6
0.0, 7.0, 5.0; 3
1.0, 7.0, 5.0; 7
2.0, 7.0, 5.0; 1
3.0, 7.0, 5.0; 2
-3.0, 8.0, 5.0; 1
-2.0, 8.0, 5.0; 3
-1.0, 8.0, 5.0; 2
-3.0, -8.0, 6.0; 1
-2.0, -8.0, 6.0; 1
-1.0, -8.0, 6.0; 3
1.0, -8.0, 6.0; 3
2.0, -8.0, 6.0; 3
-5.0, -7.0, 6.0; 1
-4.0, -7.0, 6.0; 1
-3.0, -7.0, 6.0; 5
-2.0, -7.0, 6.0; 5
-1.0, -7.0, 6.0; 8
0.0, -7.0, 6.0; 7
1.0, -7.0, 6.0; 5
2.0, -7.0, 6.0; 1
-7.0, -6.0, 6.0; 1
-6.0, -6.0, 6.0; 1
-5.0, -6.0, 6.0; 5
-4.0, -6.0, 6.0; 3
-3.0, -6.0, 6.0; 4
-2.0, -6.0, 6.0; 5
-1.0, -6.0, 6.0; 5
0.0, -6.0, 6.0; 8
1.0, -6.0, 6.0; 5
2.0, -6.0, 6.0; 3
3.0, -6.0, 6.0; 1
4.0, -6.0, 6.0; 1
5.0, -6.0, 6.0; 1
-6.0, -5.0, 6.0; 2
-5.0, -5.0, 6.0; 3
-4.0, -5.0, 6.0; 6
-3.0, -5.0, 6.0; 9
-2.0, -5.0, 6.0; 4
-1.0, -5.0, 6.0; 1
1.0, -5.0, 6.0; 1
2.0, -5.0, 6.0; 2
3.0, -5.0, 6.0; 1
5.0, -5.0, 6.0; 1
-7.0, -4.0, 6.0; 4
-6.0, -4.0, 6.0; 3
-5.0, -4.0, 6.0; 3
-4.0, -4.0, 6.0; 2
-3.0, -4.0, 6.0; 7
-2.0, -4.0, 6.0; 2
-1.0, -4.0, 6.0; 5
0.0, -4.0, 6.0; 1
1.0, -4.0, 6.0; 1
2.0, -4.0, 6.0; 2
5.0, -4.0, 6.0; 1
-7.0, -3.0, 6.0; 4
-6.0, -3.0, 6.0; 3
-5.0, -3.0, 6.0; 2
-4.0, -3.0, 6.0; 4
-3.0, -3.0, 6.0; 3
-2.0, -3.0, 6.0; 2
-1.0, -3.0, 6.0; 3
0.0, -3.0, 6.0; 2
1.0, -3.0, 6.0; 2
3.0, -3.0, 6.0; 1
-7.0, -2.0, 6.0; 4
-6.0, -2.0, 6.0; 5
-5.0, -2.0, 6.0; 3
-4.0, -2.0, 6.0; 3
-3.0, -2.0, 6.0; 3
-2.0, -2.0, 6.0; 2
0.0, -2.0, 6.0; 1
1.0, -2.0, 6.0; 1
2.0, -2.0, 6.0; 2
-7.0, -1.0, 6.0; 3
-5.0, -1.0, 6.0; 1
-4.0, -1.0, 6.0; 1
-3.0, -1.0, 6.0; 1
0.0, -1.0, 6.0; 2
1.0, -1.0, 6.0; 1
2.0, -1.0, 6.0; 1
5.0, -1.0, 6.0; 1
-8.0, 0.0, 6.0; 1
-6.0, 0.0, 6.0; 3
-2.0, 0.0, 6.0; 1
-1.0, 0.0, 6.0; 2
0.0, 0.0, 6.0; 2
4.0, 0.0, 6.0; 1
5.0, 0.0, 6.0; 1
-7.0, 1.0, 6.0; 3
-6.0, 1.0, 6.0; 1
-5.0, 1.0, 6.0; 3
-4.0, 1.0, 6.0; 1
-2.0, 1.0, 6.0; 1
-1.0, 1.0, 6.0; 1
0.0, 1.0, 6.0; 1
1.0, 1.0, 6.0; 3
2.0, 1.0, 6.0; 1
-7.0, 2.0, 6.0; 3
-6.0, 2.0, 6.0; 6
-5.0, 2.0, 6.0; 2
-4.0, 2.0, 6.0; 1
-3.0, 2.0, 6.0; 3
0.0, 2.0, 6.0; 2
1.0, 2.0, 6.0; 1
2.0, 2.0, 6.0; 3
-6.0, 3.0, 6.0; 3
-5.0, 3.0, 6.0; 8
-4.0, 3.0, 6.0; 5
-3.0, 3.0, 6.0; 4
-2.0, 3.0, 6.0; 4
-1.0, 3.0, 6.0; 3
0.0, 3.0, 6.0; 6
1.0, 3.0, 6.0; 2
2.0, 3.0, 6.0; 2
3.0, 3.0, 6.0; 1
4.0, 3.0, 6.0; 2
-5.0, 4.0, 6.0; 1
-4.0, 4.0, 6.0; 8
-3.0, 4.0, 6.0; 2
-2.0, 4.0, 6.0; 4
-1.0, 4.0, 6.0; 2
0.0, 4.0, 6.0; 4
3.0, 4.0, 6.0; 2
4.0, 4.0, 6.0; 1
-5.0, 5.0, 6.0; 2
-4.0, 5.0, 6.0; 3
-3.0, 5.0, 6.0; 5
-2.0, 5.0, 6.0; 6
-1.0, 5.0, 6.0; 3
0.0, 5.0, 6.0; 2
1.0, 5.0, 6.0; 1
3.0, 5.0, 6.0; 3
-4.0, 6.0, 6.0; 4
-3.0, 6.0, 6.0; 5
-2.0, 6.0, 6.0; 2
-1.0, 6.0, 6.0; 6
0.0, 6.0, 6.0; 2
2.0, 6.0, 6.0; 5
-2.0, 7.0, 6.0; 1
-1.0, 7.0, 6.0; 3
0.0, 7.0, 6.0; 3
1.0, 7.0, 6.0; 2
-2.0, -7.0, 7.0; 3
-1.0, -7.0, 7.0; 2
0.0, -7.0, 7.0; 1
2.0, -7.0, 7.0; 1
-4.0, -6.0, 7.0; 1
-3.0, -6.0, 7.0; 4
-2.0, -6.0, 7.0; 5
-1.0, -6.0, 7.0; 3
0.0, -6.0, 7.0; 3
2.0, -6.0, 7.0; 2
-6.0, -5.0, 7.0; 1
-5.0, -5.0, 7.0; 3
-4.0, -5.0, 7.0; 3
-3.0, -5.0, 7.0; 5
-2.0, -5.0, 7.0; 2
-1.0, -5.0, 7.0; 5
0.0, -5.0, 7.0; 2
1.0, -5.0, 7.0; 2
2.0, -5.0, 7.0; 2
5.0, -5.0, 7.0; 1
-6.0, -4.0, 7.0; 2
-5.0, -4.0, 7.0; 3
-4.0, -4.0, 7.0; 5
-3.0, -4.0, 7.0; 1
-2.0, -4.0, 7.0; 3
-1.0, -4.0, 7.0; 3
0.0, -4.0, 7.0; 1
1.0, -4.0, 7.0; 1
3.0, -4.0, 7.0; 1
4.0, -4.0, 7.0; 2
-6.0, -3.0, 7.0; 3
-5.0, -3.0, 7.0; 3
-4.0, -3.0, 7.0; 2
-3.0, -3.0, 7.0; 1
-2.0, -3.0, 7.0; 4
-1.0, -3.0, 7.0; 1
0.0, -3.0, 7.0; 2
1.0, -3.0, 7.0; 1
2.0, -3.0, 7.0; 1
-7.0, -2.0, 7.0; 1
-6.0, -2.0, 7.0; 3
-5.0, -2.0, 7.0; 1
-4.0, -2.0, 7.0; 1
-3.0, -2.0, 7.0; 3
-2.0, -2.0, 7.0; 3
-1.0, -2.0, 7.0; 3
0.0, -2.0, 7.0; 1
2.0, -2.0, 7.0; 1
3.0, -2.0, 7.0; 1
-7.0, -1.0, 7.0; 1
-6.0, -1.0, 7.0; 3
-5.0, -1.0, 7.0; 1
-4.0, -1.0, 7.0; 1
-3.0, -1.0, 7.0; 3
-2.0, -1.0, 7.0; 1
-1.0, -1.0, 7.0; 2
0.0, -1.0, 7.0; 2
1.0, -1.0, 7.0; 1
-6.0, 0.0, 7.0; 4
-5.0, 0.0, 7.0; 2
-3.0, 0.0, 7.0; 1
-1.0, 0.0, 7.0; 1
1.0, 0.0, 7.0; 1
4.0, 0.0, 7.0; 1
-5.0, 1.0, 7.0; 2
-4.0, 1.0, 7.0; 2
-3.0, 1.0, 7.0; 1
-2.0, 1.0, 7.0; 4
-1.0, 1.0, 7.0; 2
0.0, 1.0, 7.0; 1
2.0, 1.0, 7.0; 1
-7.0, 2.0, 7.0; 1
-6.0, 2.0, 7.0; 3
-5.0, 2.0, 7.0; 3
-4.0, 2.0, 7.0; 2
-3.0, 2.0, 7.0; 2
-2.0, 2.0, 7.0; 2
-1.0, 2.0, 7.0; 1
0.0, 2.0, 7.0; 2
1.0, 2.0, 7.0; 3
-7.0, 3.0, 7.0; 1
-6.0, 3.0, 7.0; 1
-5.0, 3.0, 7.0; 1
-4.0, 3.0, 7.0; 1
-3.0, 3.0, 7.0; 2
-1.0, 3.0, 7.0; 2
0.0, 3.0, 7.0; 1
2.0, 3.0, 7.0; 1
-5.0, 4.0, 7.0; 1
-4.0, 4.0, 7.0; 2
-3.0, 4.0, 7.0; 3
-1.0, 4.0, 7.0; 3
0.0, 4.0, 7.0; 2
2.0, 4.0, 7.0; 2
3.0, 4.0, 7.0; 1
-4.0, 5.0, 7.0; 2
-2.0, 5.0, 7.0; 1
-1.0, 5.0, 7.0; 3
0.0, 5.0, 7.0; 2
3.0, 5.0, 7.0; 1
-2.0, 6.0, 7.0; 2
-1.0, 6.0, 7.0; 3
0.0, 6.0, 7.0; 3
2.0, 6.0, 7.0; 1
-3.0, -6.0, 8.0; 1
-1.0, -6.0, 8.0; 3
0.0, -6.0, 8.0; 1
-4.0, -5.0, 8.0; 1
-3.0, -5.0, 8.0; 3
1.0, -5.0, 8.0; 1
-5.0, -4.0, 8.0; 1
-4.0, -4.0, 8.0; 3
-3.0, -4.0, 8.0; 5
0.0, -4.0, 8.0; 1
1.0, -4.0, 8.0; 1
2.0, -4.0, 8.0; 1
3.0, -4.0, 8.0; 2
-5.0, -3.0, 8.0; 3
-4.0, -3.0, 8.0; 4
-3.0, -3.0, 8.0; 2
-1.0, -3.0, 8.0; 1
0.0, -3.0, 8.0; 2
-5.0, -2.0, 8.0; 2
-1.0, -2.0, 8.0; 1
1.0, -2.0, 8.0; 1
-5.0, -1.0, 8.0; 1
-2.0, -1.0, 8.0; 1
-1.0, -1.0, 8.0; 1
0.0, -1.0, 8.0; 1
-4.0, 0.0, 8.0; 2
1.0, 0.0, 8.0; 1
-2.0, 1.0, 8.0; 1
0.0, 1.0, 8.0; 1
2.0, 1.0, 8.0; 1
3.0, 1.0, 8.0; 1
-2.0, 2.0, 8.0; 1
-1.0, 2.0, 8.0; 1
4.0, 2.0, 8.0; 1
-5.0, 3.0, 8.0; 1
-2.0, 3.0, 8.0; 1
1.0, 3.0, 8.0; 1
-3.0, 4.0, 8.0; 1
-2.0, 4.0, 8.0; 1
-1.0, 4.0, 8.0; 1
0.0, -4.0, 9.0; 1
0.0, -3.0, 9.0; 1
-3.0, -2.0, 9.0; 1
1.0, -2.0, 9.0; 1
-4.0, 0.0, 9.0; 1
-1.0, 0.0, 9.0; 1
1.0, 0.0, 9.0; 2
2.0, 0.0, 9.0; 1
-1.0, 1.0, 9.0; 2
-2.0, 3.0, 9.0; 1
-1.0, -5.0, -10.0; 1
-1.0, -4.0, -10.0; 1
0.0, -4.0, -10.0; 3
-4.0, -3.0, -10.0; 1
-3.0, -3.0, -10.0; 1
-2.0, -3.0, -10.0; 1
-1.0, -3.0, -10.0; 6
0.0, -3.0, -10.0; 2
-3.0, -2.0, -10.0; 1
-2.0, -2.0, -10.0; 3
-1.0, -2.0, -10.0; 2
0.0, -2.0, -10.0; 2
1.0, -2.0, -10.0; 3
2.0, -2.0, -10.0; 1
-4.0, -1.0, -10.0; 2
-3.0, -1.0, -10.0; 6
-2.0, -1.0, -10.0; 4
-1.0, -1.0, -10.0; 3
0.0, -1.0, -10.0; 3
-3.0, 0.0, -10.0; 2
-2.0, 0.0, -10.0; 6
-1.0, 0.0, -10.0; 3
0.0, 0.0, -10.0; 3
2.0, 0.0, -10.0; 3
3.0, 0.0, -10.0; 1
-2.0, 1.0, -10.0; 1
-1.0, 1.0, -10.0; 1
0.0, 1.0, -10.0; 1
1.0, 1.0, -10.0; 1
2.0, 1.0, -10.0; 1
3.0, 1.0, -10.0; 1
-3.0, 2.0, -10.0; 1
-2.0, 2.0, -10.0; 1
-1.0, 2.0, -10.0; 1
0.0, 2.0, -10.0; 1
-3.0, 3.0, -10.0; 1
-1.0, 3.0, -10.0; 3
0.0, 3.0, -10.0; 1
-1.0, -6.0, -9.0; 3
0.0, -6.0, -9.0; 2
1.0, -6.0, -9.0; 2
-5.0, -5.0, -9.0; 1
-3.0, -5.0, -9.0; 1
-2.0, -5.0, -9.0; 3
-1.0, -5.0, -9.0; 3
0.0, -5.0, -9.0; 12
1.0, -5.0, -9.0; 8
2.0, -5.0, -9.0; 4
-4.0, -4.0, -9.0; 1
-3.0, -4.0, -9.0; 3
-2.0, -4.0, -9.0; 3
-1.0, -4.0, -9.0; 5
0.0, -4.0, -9.0; 5
1.0, -4.0, -9.0; 19
2.0, -4.0, -9.0; 7
3.0, -4.0, -9.0; 2
-5.0, -3.0, -9.0; 1
-4.0, -3.0, -9.0; 2
-3.0, -3.0, -9.0; 6
-2.0, -3.0, -9.0; 3
-1.0, -3.0, -9.0; 8
0.0, -3.0, -9.0; 2
1.0, -3.0, -9.0; 19
2.0, -3.0, -9.0; 18
3.0, -3.0, -9.0; 3
-6.0, -2.0, -9.0; 1
-5.0, -2.0, -9.0; 2
-4.0, -2.0, -9.0; 6
-3.0, -2.0, -9.0; 1
-2.0, -2.0, -9.0; 1
-1.0, -2.0, -9.0; 2
0.0, -2.0, -9.0; 9
1.0, -2.0, -9.0; 14
2.0, -2.0, -9.0; 9
3.0, -2.0, -9.0; 3
-6.0, -1.0, -9.0; 2
-5.0, -1.0, -9.0; 1
-3.0, -1.0, -9.0; 2
-2.0, -1.0, -9.0; 7
-1.0, -1.0, -9.0; 5
0.0, -1.0, -9.0; 8
1.0, -1.0, -9.0; 4
2.0, -1.0, -9.0; 3
3.0, -1.0, -9.0; 1
4.0, -1.0, -9.0; 1
5.0, -1.0, -9.0; 1
-5.0, 0.0, -9.0; 4
-4.0, 0.0, -9.0; 3
-3.0, 0.0, -9.0; 7
-2.0, 0.0, -9.0; 5
-1.0, 0.0, -9.0; 8
0.0, 0.0, -9.0; 8
1.0, 0.0, -9.0; 4
2.0, 0.0, -9.0; 1
3.0, 0.0, -9.0; 1
4.0, 0.0, -9.0; 4
5.0, 0.0, -9.0; 1
-5.0, 1.0, -9.0; 3
-4.0, 1.0, -9.0; 7
-3.0, 1.0, -9.0; 7
-2.0, 1.0, -9.0; 15
-1.0, 1.0, -9.0; 10
0.0, 1.0, -9.0; 6
1.0, 1.0, -9.0; 1
2.0, 1.0, -9.0; 1
3.0, 1.0, -9.0; 1
4.0, 1.0, -9.0; 10
5.0, 1.0, -9.0; 2
-6.0, 2.0, -9.0; 1
-5.0, 2.0, -9.0; 4
-4.0, 2.0, -9.0; 3
-3.0, 2.0, -9.0; 7
-2.0, 2.0, -9.0; 6
-1.0, 2.0, -9.0; 5
0.0, 2.0, -9.0; 7
1.0, 2.0, -9.0; 2
2.0, 2.0, -9.0; 2
3.0, 2.0, -9.0; 2
4.0, 2.0, -9.0; 3
-5.0, 3.0, -9.0; 1
-4.0, 3.0, -9.0; 5
-3.0, 3.0, -9.0; 4
-2.0, 3.0, -9.0; 5
-1.0, 3.0, -9.0; 3
0.0, 3.0, -9.0; 1
1.0, 3.0, -9.0; 4
2.0, 3.0, -9.0; 3
3.0, 3.0, -9.0; 1
-4.0, 4.0, -9.0; 1
-3.0, 4.0, -9.0; 4
-2.0, 4.0, -9.0; 6
-1.0, 4.0, -9.0; 5
0.0, 4.0, -9.0; 5
1.0, 4.0, -9.0; 5
2.0, 4.0, -9.0; 4
0.0, 5.0, -9.0; 2
-2.0, -7.0, -8.0; 2
-1.0, -7.0, -8.0; 6
0.0, -7.0, -8.0; 8
1.0, -7.0, -8.0; 15
2.0, -7.0, -8.0; 2
3.0, -7.0, -8.0; 1
-5.0, -6.0, -8.0; 1
-4.0, -6.0, -8.0; 1
-3.0, -6.0, -8.0; 3
-2.0, -6.0, -8.0; 6
-1.0, -6.0, -8.0; 4
0.0, -6.0, -8.0; 9
1.0, -6.0, -8.0; 8
2.0, -6.0, -8.0; 12
3.0, -6.0, -8.0; 4
-5.0, -5.0, -8.0; 3
-4.0, -5.0, -8.0; 7
-3.0, -5.0, -8.0; 6
-2.0, -5.0, -8.0; 4
-1.0, -5.0, -8.0; 10
0.0, -5.0, -8.0; 2
1.0, -5.0, -8.0; 11
2.0, -5.0, -8.0; 8
3.0, -5.0, -8.0; 4
4.0, -5.0, -8.0; 3
-6.0, -4.0, -8.0; 1
-5.0, -4.0, -8.0; 9
-4.0, -4.0, -8.0; 9
-3.0, -4.0, -8.0; 7
-2.0, -4.0, -8.0; 6
-1.0, -4.0, -8.0; 5
0.0, -4.0, -8.0; 5
1.0, -4.0, -8.0; 3
2.0, -4.0, -8.0; 5
3.0, -4.0, -8.0; 3
4.0, -4.0, -8.0; 1
-7.0, -3.0, -8.0; 1
-6.0, -3.0, -8.0; 2
-5.0, -3.0, -8.0; 6
-4.0, -3.0, -8.0; 10
-3.0, -3.0, -8.0; 11
-2.0, -3.0, -8.0; 6
-1.0, -3.0, -8.0; 6
0.0, -3.0, -8.0; 4
1.0, -3.0, -8.0; 4
2.0, -3.0, -8.0; 4
3.0, -3.0, -8.0; 4
4.0, -3.0, -8.0; 2
5.0, -3.0, -8.0; 1
-7.0, -2.0, -8.0; 2
-6.0, -2.0, -8.0; 3
-5.0, -2.0, -8.0; 9
-4.0, -2.0, -8.0; 16
-3.0, -2.0, -8.0; 6
-2.0, -2.0, -8.0; 8
-1.0, -2.0, -8.0; 6
0.0, -2.0, -8.0; 1
1.0, -2.0, -8.0; 1
2.0, -2.0, -8.0; 8
3.0, -2.0, -8.0; 10
4.0, -2.0, -8.0; 2
5.0, -2.0, -8.0; 2
6.0, -2.0, -8.0; 1
-7.0, -1.0, -8.0; 3
-6.0, -1.0, -8.0; 2
-5.0, -1.0, -8.0; 8
-4.0, -1.0, -8.0; 18
-3.0, -1.0, -8.0; 19
-2.0, -1.0, -8.0; 15
-1.0, -1.0, -8.0; 8
0.0, -1.0, -8.0; 5
1.0, -1.0, -8.0; 10
2.0, -1.0, -8.0; 20
3.0, -1.0, -8.0; 14
4.0, -1.0, -8.0; 2
5.0, -1.0, -8.0; 2
-7.0, 0.0, -8.0; 3
-6.0, 0.0, -8.0; 7
-5.0, 0.0, -8.0; 8
-4.0, 0.0, -8.0; 7
-3.0, 0.0, -8.0; 4
-2.0, 0.0, -8.0; 4
-1.0, 0.0, -8.0; 9
0.0, 0.0, -8.0; 10
1.0, 0.0, -8.0; 14
2.0, 0.0, -8.0; 20
3.0, 0.0, -8.0; 4
6.0, 0.0, -8.0; 2
-7.0, 1.0, -8.0; 1
-6.0, 1.0, -8.0; 7
-5.0, 1.0, -8.0; 10
-4.0, 1.0, -8.0; 15
-3.0, 1.0, -8.0; 10
-2.0, 1.0, -8.0; 18
-1.0, 1.0, -8.0; 9
0.0, 1.0, -8.0; 13
1.0, 1.0, -8.0; 6
2.0, 1.0, -8.0; 2
3.0, 1.0, -8.0; 5
4.0, 1.0, -8.0; 7
5.0, 1.0, -8.0; 5
6.0, 1.0, -8.0; 4
-6.0, 2.0, -8.0; 8
-5.0, 2.0, -8.0; 10
-4.0, 2.0, -8.0; 10
-3.0, 2.0, -8.0; 8
-2.0, 2.0, -8.0; 9
-1.0, 2.0, -8.0; 16
0.0, 2.0, -8.0; 5
1.0, 2.0, -8.0; 4
2.0, 2.0, -8.0; 6
3.0, 2.0, -8.0; 4
4.0, 2.0, -8.0; 2
5.0, 2.0, -8.0; 3
-6.0, 3.0, -8.0; 3
-5.0, 3.0, -8.0; 6
-4.0, 3.0, -8.0; 6
-3.0, 3.0, -8.0; 7
-2.0, 3.0, -8.0; 4
-1.0, 3.0, -8.0; 5
0.0, 3.0, -8.0; 5
1.0, 3.0, -8.0; 5
2.0, 3.0, -8.0; 3
3.0, 3.0, -8.0; 1
4.0, 3.0, -8.0; 6
5.0, 3.0, -8.0; 1
6.0, 3.0, -8.0; 1
-6.0, 4.0, -8.0; 1
-5.0, 4.0, -8.0; 2
-4.0, 4.0, -8.0; 8
-3.0, 4.0, -8.0; 5
-2.0, 4.0, -8.0; 2
-1.0, 4.0, -8.0; 7
0.0, 4.0, -8.0; 6
1.0, 4.0, -8.0; 6
2.0, 4.0, -8.0; 3
3.0, 4.0, -8.0; 3
4.0, 4.0, -8.0; 1
-5.0, 5.0, -8.0; 2
-4.0, 5.0, -8.0; 1
-3.0, 5.0, -8.0; 4
-2.0, 5.0, -8.0; 2
-1.0, 5.0, -8.0; 4
0.0, 5.0, -8.0; 3
1.0, 5.0, -8.0; 3
2.0, 5.0, -8.0; 6
3.0, 5.0, -8.0; 2
4.0, 5.0, -8.0; 1
-4.0, 6.0, -8.0; 1
-3.0, 6.0, -8.0; 2
-2.0, 6.0, -8.0; 1
-1.0, 6.0, -8.0; 7
0.0, 6.0, -8.0; 1
1.0, 6.0, -8.0; 1
2.0, 6.0, -8.0; 2
-3.0, -8.0, -7.0; 1
-2.0, -8.0, -7.0; 5
-1.0, -8.0, -7.0; 13
0.0, -8.0, -7.0; 18
1.0, -8.0, -7.0; 10
2.0, -8.0, -7.0; 5
-5.0, -7.0, -7.0; 1
-3.0, -7.0, -7.0; 13
-2.0, -7.0, -7.0; 11
-1.0, -7.0, -7.0; 16
0.0, -7.0, -7.0; 21
1.0, -7.0, -7.0; 10
2.0, -7.0, -7.0; 12
3.0, -7.0, -7.0; 5
4.0, -7.0, -7.0; 4
-6.0, -6.0, -7.0; 1
-5.0, -6.0, -7.0; 8
-4.0, -6.0, -7.0; 13
-3.0, -6.0, -7.0; 10
-2.0, -6.0, -7.0; 16
-1.0, -6.0, -7.0; 10
0.0, -6.0, -7.0; 9
1.0, -6.0, -7.0; 14
2.0, -6.0, -7.0; 22
3.0, -6.0, -7.0; 10
4.0, -6.0, -7.0; 7
5.0, -6.0, -7.0; 1
-7.0, -5.0, -7.0; 1
-6.0, -5.0, -7.0; 7
-5.0, -5.0, -7.0; 22
-4.0, -5.0, -7.0; 7
-3.0, -5.0, -7.0; 10
-2.0, -5.0, -7.0; 6
-1.0, -5.0, -7.0; 9
0.0, -5.0, -7.0; 5
1.0, -5.0, -7.0; 1
2.0, -5.0, -7.0; 5
3.0, -5.0, -7.0; 2
4.0, -5.0, -7.0; 7
5.0, -5.0, -7.0; 2
6.0, -5.0, -7.0; 1
-7.0, -4.0, -7.0; 1
-6.0, -4.0, -7.0; 15
-5.0, -4.0, -7.0; 15
-4.0, -4.0, -7.0; 10
-3.0, -4.0, -7.0; 8
-2.0, -4.0, -7.0; 9
-1.0, -4.0, -7.0; 3
0.0, -4.0, -7.0; 2
1.0, -4.0, -7.0; 1
2.0, -4.0, -7.0; 2
3.0, -4.0, -7.0; 2
4.0, -4.0, -7.0; 1
5.0, -4.0, -7.0; 1
6.0, -4.0, -7.0; 2
-7.0, -3.0, -7.0; 4
-6.0, -3.0, -7.0; 19
-5.0, -3.0, -7.0; 13
-4.0, -3.0, -7.0; 5
-3.0, -3.0, -7.0; 5
-2.0, -3.0, -7.0; 1
-1.0, -3.0, -7.0; 6
0.0, -3.0, -7.0; 3
1.0, -3.0, -7.0; 8
2.0, -3.0, -7.0; 1
3.0, -3.0, -7.0; 2
4.0, -3.0, -7.0; 3
5.0, -3.0, -7.0; 1
6.0, -3.0, -7.0; 1
7.0, -3.0, -7.0; 3
-8.0, -2.0, -7.0; 4
-6.0, -2.0, -7.0; 14
-5.0, -2.0, -7.0; 16
-4.0, -2.0, -7.0; 5
-3.0, -2.0, -7.0; 5
-2.0, -2.0, -7.0; 6
-1.0, -2.0, -7.0; 2
0.0, -2.0, -7.0; 1
2.0, -2.0, -7.0; 3
3.0, -2.0, -7.0; 5
4.0, -2.0, -7.0; 9
5.0, -2.0, -7.0; 3
6.0, -2.0, -7.0; 1
7.0, -2.0, -7.0; 4
-7.0, -1.0, -7.0; 6
-6.0, -1.0, -7.0; 6
-5.0, -1.0, -7.0; 23
-4.0, -1.0, -7.0; 11
-3.0, -1.0, -7.0; 6
-2.0, -1.0, -7.0; 3
-1.0, -1.0, -7.0; 4
0.0, -1.0, -7.0; 2
1.0, -1.0, -7.0; 2
2.0, -1.0, -7.0; 6
3.0, -1.0, -7.0; 25
4.0, -1.0, -7.0; 4
5.0, -1.0, -7.0; 2
6.0, -1.0, -7.0; 2
7.0, -1.0, -7.0; 4
-8.0, 0.0, -7.0; 3
-7.0, 0.0, -7.0; 5
-6.0, 0.0, -7.0; 6
-5.0, 0.0, -7.0; 12
-4.0, 0.0, -7.0; 13
-3.0, 0.0, -7.0; 3
-2.0, 0.0, -7.0; 1
-1.0, 0.0, -7.0; 2
0.0, 0.0, -7.0; 5
1.0, 0.0, -7.0; 12
2.0, 0.0, -7.0; 16
3.0, 0.0, -7.0; 19
6.0, 0.0, -7.0; 2
7.0, 0.0, -7.0; 1
-8.0, 1.0, -7.0; 2
-7.0, 1.0, -7.0; 9
-6.0, 1.0, -7.0; 12
-5.0, 1.0, -7.0; 9
-4.0, 1.0, -7.0; 6
-3.0, 1.0, -7.0; 6
-2.0, 1.0, -7.0; 3
-1.0, 1.0, -7.0; 5
0.0, 1.0, -7.0; 3
1.0, 1.0, -7.0; 10
2.0, 1.0, -7.0; 7
3.0, 1.0, -7.0; 3
4.0, 1.0, -7.0; 3
5.0, 1.0, -7.0; 3
6.0, 1.0, -7.0; 4
7.0, 1.0, -7.0; 1
-8.0, 2.0, -7.0; 3
-7.0, 2.0, -7.0; 6
-6.0, 2.0, -7.0; 16
-5.0, 2.0, -7.0; 14
-4.0, 2.0, -7.0; 6
-3.0, 2.0, -7.0; 5
-2.0, 2.0, -7.0; 3
-1.0, 2.0, -7.0; 4
0.0, 2.0, -7.0; 1
1.0, 2.0, -7.0; 1
2.0, 2.0, -7.0; 4
3.0, 2.0, -7.0; 5
4.0, 2.0, -7.0; 2
5.0, 2.0, -7.0; 6
6.0, 2.0, -7.0; 2
-7.0, 3.0, -7.0; 7
-6.0, 3.0, -7.0; 20
-5.0, 3.0, -7.0; 7
-4.0, 3.0, -7.0; 2
-3.0, 3.0, -7.0; 3
-2.0, 3.0, -7.0; 4
-1.0, 3.0, -7.0; 5
0.0, 3.0, -7.0; 3
1.0, 3.0, -7.0; 3
2.0, 3.0, -7.0; 7
3.0, 3.0, -7.0; 3
4.0, 3.0, -7.0; 2
5.0, 3.0, -7.0; 1
-7.0, 4.0, -7.0; 2
-6.0, 4.0, -7.0; 5
-5.0, 4.0, -7.0; 15
-4.0, 4.0, -7.0; 5
-3.0, 4.0, -7.0; 4
-2.0, 4.0, -7.0; 3
-1.0, 4.0, -7.0; 5
0.0, 4.0, -7.0; 7
1.0, 4.0, -7.0; 3
2.0, 4.0, -7.0; 3
3.0, 4.0, -7.0; 4
4.0, 4.0, -7.0; 2
5.0, 4.0, -7.0; 4
6.0, 4.0, -7.0; 1
-6.0, 5.0, -7.0; 3
-5.0, 5.0, -7.0; 7
-4.0, 5.0, -7.0; 8
-3.0, 5.0, -7.0; 6
-2.0, 5.0, -7.0; 7
-1.0, 5.0, -7.0; 12
0.0, 5.0, -7.0; 6
1.0, 5.0, -7.0; 12
2.0, 5.0, -7.0; 3
3.0, 5.0, -7.0; 3
4.0, 5.0, -7.0; 2
-5.0, 6.0, -7.0; 1
-4.0, 6.0, -7.0; 8
-3.0, 6.0, -7.0; 6
-2.0, 6.0, -7.0; 9
-1.0, 6.0, -7.0; 6
0.0, 6.0, -7.0; 9
1.0, 6.0, -7.0; 1
2.0, 6.0, -7.0; 6
3.0, 6.0, -7.0; 2
-3.0, 7.0, -7.0; 4
-2.0, 7.0, -7.0; 1
-1.0, 7.0, -7.0; 3
0.0, 7.0, -7.0; 2
2.0, 7.0, -7.0; 2
-2.0, -9.0, -6.0; 1
0.0, -9.0, -6.0; 8
1.0, -9.0, -6.0; 4
2.0, -9.0, -6.0; 2
-4.0, -8.0, -6.0; 2
-3.0, -8.0, -6.0; 20
-2.0, -8.0, -6.0; 140
-1.0, -8.0, -6.0; 207
0.0, -8.0, -6.0; 45
1.0, -8.0, -6.0; 26
2.0, -8.0, -6.0; 25
3.0, -8.0, -6.0; 14
4.0, -8.0, -6.0; 3
-6.0, -7.0, -6.0; 1
-5.0, -7.0, -6.0; 12
-4.0, -7.0, -6.0; 16
-3.0, -7.0, -6.0; 35
-2.0, -7.0, -6.0; 168
-1.0, -7.0, -6.0; 119
0.0, -7.0, -6.0; 21
1.0, -7.0, -6.0; 18
2.0, -7.0, -6.0; 11
3.0, -7.0, -6.0; 5
4.0, -7.0, -6.0; 12
5.0, -7.0, -6.0; 3
-7.0, -6.0, -6.0; 2
-6.0, -6.0, -6.0; 13
-5.0, -6.0, -6.0; 13
-4.0, -6.0, -6.0; 9
-3.0, -6.0, -6.0; 25
-2.0, -6.0, -6.0; 21
-1.0, -6.0, -6.0; 25
0.0, -6.0, -6.0; 11
1.0, -6.0, -6.0; 5
2.0, -6.0, -6.0; 9
3.0, -6.0, -6.0; 11
4.0, -6.0, -6.0; 1
5.0, -6.0, -6.0; 6
6.0, -6.0, -6.0; 1
-7.0, -5.0, -6.0; 9
-6.0, -5.0, -6.0; 12
-5.0, -5.0, -6.0; 10
-4.0, -5.0, -6.0; 11
-3.0, -5.0, -6.0; 19
-2.0, -5.0, -6.0; 23
-1.0, -5.0, -6.0; 18
0.0, -5.0, -6.0; 5
1.0, -5.0, -6.0; 5
2.0, -5.0, -6.0; 1
3.0, -5.0, -6.0; 4
4.0, -5.0, -6.0; 6
5.0, -5.0, -6.0; 1
6.0, -5.0, -6.0; 4
-8.0, -4.0, -6.0; 2
-7.0, -4.0, -6.0; 8
-6.0, -4.0, -6.0; 13
-5.0, -4.0, -6.0; 13
-4.0, -4.0, -6.0; 11
-3.0, -4.0, -6.0; 19
-2.0, -4.0, -6.0; 24
-1.0, -4.0, -6.0; 14
0.0, -4.0, -6.0; 37
1.0, -4.0, -6.0; 8
2.0, -4.0, -6.0; 1
3.0, -4.0, -6.0; 1
4.0, -4.0, -6.0; 3
6.0, -4.0, -6.0; 1
-8.0, -3.0, -6.0; 4
-7.0, -3.0, -6.0; 13
-6.0, -3.0, -6.0; 5
-5.0, -3.0, -6.0; 14
-4.0, -3.0, -6.0; 7
-3.0, -3.0, -6.0; 11
-2.0, -3.0, -6.0; 15
-1.0, -3.0, -6.0; 42
0.0, -3.0, -6.0; 118
1.0, -3.0, -6.0; 40
2.0, -3.0, -6.0; 3
3.0, -3.0, -6.0; 1
4.0, -3.0, -6.0; 1
-9.0, -2.0, -6.0; 2
-8.0, -2.0, -6.0; 4
-7.0, -2.0, -6.0; 12
-6.0, -2.0, -6.0; 7
-5.0, -2.0, -6.0; 14
-4.0, -2.0, -6.0; 13
-3.0, -2.0, -6.0; 12
-2.0, -2.0, -6.0; 21
-1.0, -2.0, -6.0; 50
0.0, -2.0, -6.0; 70
1.0, -2.0, -6.0; 25
2.0, -2.0, -6.0; 5
3.0, -2.0, -6.0; 4
4.0, -2.0, -6.0; 5
5.0, -2.0, -6.0; 2
6.0, -2.0, -6.0; 3
7.0, -2.0, -6.0; 1
-9.0, -1.0, -6.0; 1
-8.0, -1.0, -6.0; 6
-7.0, -1.0, -6.0; 5
-6.0, -1.0, -6.0; 12
-5.0, -1.0, -6.0; 5
-4.0, -1.0, -6.0; 11
-3.0, -1.0, -6.0; 13
-2.0, -1.0, -6.0; 27
-1.0, -1.0, -6.0; 26
0.0, -1.0, -6.0; 36
1.0, -1.0, -6.0; 10
2.0, -1.0, -6.0; 3
3.0, -1.0, -6.0; 9
4.0, -1.0, -6.0; 5
5.0, -1.0, -6.0; 2
7.0, -1.0, -6.0; 1
8.0, -1.0, -6.0; 1
-8.0, 0.0, -6.0; 5
-7.0, 0.0, -6.0; 7
-6.0, 0.0, -6.0; 13
-5.0, 0.0, -6.0; 6
-4.0, 0.0, -6.0; 5
-3.0, 0.0, -6.0; 12
-2.0, 0.0, -6.0; 29
-1.0, 0.0, -6.0; 15
0.0, 0.0, -6.0; 8
1.0, 0.0, -6.0; 4
2.0, 0.0, -6.0; 9
3.0, 0.0, -6.0; 15
4.0, 0.0, -6.0; 2
6.0, 0.0, -6.0; 1
-9.0, 1.0, -6.0; 1
-8.0, 1.0, -6.0; 5
-7.0, 1.0, -6.0; 8
-6.0, 1.0, -6.0; 15
-5.0, 1.0, -6.0; 7
-4.0, 1.0, -6.0; 14
-3.0, 1.0, -6.0; 8
-2.0, 1.0, -6.0; 34
-1.0, 1.0, -6.0; 12
0.0, 1.0, -6.0; 9
1.0, 1.0, -6.0; 6
2.0, 1.0, -6.0; 7
3.0, 1.0, -6.0; 7
4.0, 1.0, -6.0; 4
5.0, 1.0, -6.0; 3
7.0, 1.0, -6.0; 1
-8.0, 2.0, -6.0; 16
-7.0, 2.0, -6.0; 7
-6.0, 2.0, -6.0; 5
-5.0, 2.0, -6.0; 28
-4.0, 2.0, -6.0; 23
-3.0, 2.0, -6.0; 7
-2.0, 2.0, -6.0; 16
-1.0, 2.0, -6.0; 11
0.0, 2.0, -6.0; 7
1.0, 2.0, -6.0; 6
2.0, 2.0, -6.0; 2
3.0, 2.0, -6.0; 4
4.0, 2.0, -6.0; 2
5.0, 2.0, -6.0; 2
6.0, 2.0, -6.0; 4
-8.0, 3.0, -6.0; 5
-7.0, 3.0, -6.0; 8
-6.0, 3.0, -6.0; 6
-5.0, 3.0, -6.0; 3
-4.0, 3.0, -6.0; 17
-3.0, 3.0, -6.0; 14
-2.0, 3.0, -6.0; 4
-1.0, 3.0, -6.0; 4
0.0, 3.0, -6.0; 4
1.0, 3.0, -6.0; 4
2.0, 3.0, -6.0; 4
3.0, 3.0, -6.0; 6
4.0, 3.0, -6.0; 2
5.0, 3.0, -6.0; 1
-8.0, 4.0, -6.0; 3
-7.0, 4.0, -6.0; 9
-6.0, 4.0, -6.0; 13
-5.0, 4.0, -6.0; 8
-4.0, 4.0, -6.0; 2
-3.0, 4.0, -6.0; 6
-2.0, 4.0, -6.0; 8
-1.0, 4.0, -6.0; 9
0.0, 4.0, -6.0; 6
1.0, 4.0, -6.0; 6
2.0, 4.0, -6.0; 4
3.0, 4.0, -6.0; 6
4.0, 4.0, -6.0; 3
6.0, 4.0, -6.0; 3
-7.0, 5.0, -6.0; 1
-6.0, 5.0, -6.0; 8
-5.0, 5.0, -6.0; 14
-4.0, 5.0, -6.0; 34
-3.0, 5.0, -6.0; 14
-2.0, 5.0, -6.0; 16
-1.0, 5.0, -6.0; 3
0.0, 5.0, -6.0; 5
1.0, 5.0, -6.0; 11
2.0, 5.0, -6.0; 18
3.0, 5.0, -6.0; 2
4.0, 5.0, -6.0; 2
5.0, 5.0, -6.0; 2
-6.0, 6.0, -6.0; 1
-5.0, 6.0, -6.0; 8
-4.0, 6.0, -6.0; 12
-3.0, 6.0, -6.0; 23
-2.0, 6.0, -6.0; 14
-1.0, 6.0, -6.0; 11
0.0, 6.0, -6.0; 12
1.0, 6.0, -6.0; 15
2.0, 6.0, -6.0; 12
3.0, 6.0, -6.0; 5
4.0, 6.0, -6.0; 4
5.0, 6.0, -6.0; 2
-5.0, 7.0, -6.0; 1
-4.0, 7.0, -6.0; 4
-3.0, 7.0, -6.0; 9
-2.0, 7.0, -6.0; 12
-1.0, 7.0, -6.0; 13
0.0, 7.0, -6.0; 16
1.0, 7.0, -6.0; 6
2.0, 7.0, -6.0; 5
3.0, 7.0, -6.0; 3
-3.0, 8.0, -6.0; 2
-2.0, 8.0, -6.0; 6
-1.0, 8.0, -6.0; 12
0.0, 8.0, -6.0; 4
1.0, 8.0, -6.0; 3
-2.0, -10.0, -5.0; 1
0.0, -10.0, -5.0; 1
-4.0, -9.0, -5.0; 3
-3.0, -9.0, -5.0; 8
-2.0, -9.0, -5.0; 14
-1.0, -9.0, -5.0; 18
0.0, -9.0, -5.0; 34
1.0, -9.0, -5.0; 28
2.0, -9.0, -5.0; 22
3.0, -9.0, -5.0; 8
4.0, -9.0, -5.0; 1
-5.0, -8.0, -5.0; 11
-4.0, -8.0, -5.0; 11
-3.0, -8.0, -5.0; 36
-2.0, -8.0, -5.0; 587
-1.0, -8.0, -5.0; 531
0.0, -8.0, -5.0; 61
1.0, -8.0, -5.0; 31
2.0, -8.0, -5.0; 23
3.0, -8.0, -5.0; 28
4.0, -8.0, -5.0; 13
5.0, -8.0, -5.0; 2
-7.0, -7.0, -5.0; 1
-6.0, -7.0, -5.0; 12
-5.0, -7.0, -5.0; 14
-4.0, -7.0, -5.0; 12
-3.0, -7.0, -5.0; 18
-2.0, -7.0, -5.0; 55
-1.0, -7.0, -5.0; 58
0.0, -7.0, -5.0; 43
1.0, -7.0, -5.0; 18
2.0, -7.0, -5.0; 15
3.0, -7.0, -5.0; 9
4.0, -7.0, -5.0; 16
5.0, -7.0, -5.0; 4
6.0, -7.0, -5.0; 2
-7.0, -6.0, -5.0; 19
-6.0, -6.0, -5.0; 7
-5.0, -6.0, -5.0; 13
-4.0, -6.0, -5.0; 5
-3.0, -6.0, -5.0; 3
-2.0, -6.0, -5.0; 5
-1.0, -6.0, -5.0; 12
0.0, -6.0, -5.0; 29
1.0, -6.0, -5.0; 30
2.0, -6.0, -5.0; 6
3.0, -6.0, -5.0; 4
4.0, -6.0, -5.0; 3
5.0, -6.0, -5.0; 10
6.0, -6.0, -5.0; 4
-8.0, -5.0, -5.0; 5
-7.0, -5.0, -5.0; 12
-6.0, -5.0, -5.0; 8
-5.0, -5.0, -5.0; 7
-4.0, -5.0, -5.0; 6
-3.0, -5.0, -5.0; 4
-2.0, -5.0, -5.0; 12
-1.0, -5.0, -5.0; 8
0.0, -5.0, -5.0; 12
1.0, -5.0, -5.0; 29
2.0, -5.0, -5.0; 11
3.0, -5.0, -5.0; 2
5.0, -5.0, -5.0; 3
6.0, -5.0, -5.0; 3
-9.0, -4.0, -5.0; 1
-8.0, -4.0, -5.0; 7
-7.0, -4.0, -5.0; 9
-6.0, -4.0, -5.0; 3
-5.0, -4.0, -5.0; 4
-4.0, -4.0, -5.0; 17
-3.0, -4.0, -5.0; 159
-2.0, -4.0, -5.0; 323
-1.0, -4.0, -5.0; 50
0.0, -4.0, -5.0; 20
1.0, -4.0, -5.0; 107
2.0, -4.0, -5.0; 15
3.0, -4.0, -5.0; 2
5.0, -4.0, -5.0; 1
6.0, -4.0, -5.0; 2
7.0, -4.0, -5.0; 2
-9.0, -3.0, -5.0; 4
-8.0, -3.0, -5.0; 9
-7.0, -3.0, -5.0; 6
-6.0, -3.0, -5.0; 2
-5.0, -3.0, -5.0; 11
-4.0, -3.0, -5.0; 98
-3.0, -3.0, -5.0; 1729
-2.0, -3.0, -5.0; 617
-1.0, -3.0, -5.0; 16
0.0, -3.0, -5.0; 132
1.0, -3.0, -5.0; 1417
2.0, -3.0, -5.0; 41
3.0, -3.0, -5.0; 3
4.0, -3.0, -5.0; 5
5.0, -3.0, -5.0; 5
8.0, -3.0, -5.0; 1
-9.0, -2.0, -5.0; 4
-8.0, -2.0, -5.0; 3
-7.0, -2.0, -5.0; 9
-6.0, -2.0, -5.0; 5
-5.0, -2.0, -5.0; 8
-4.0, -2.0, -5.0; 33
-3.0, -2.0, -5.0; 129
-2.0, -2.0, -5.0; 33
-1.0, -2.0, -5.0; 4
0.0, -2.0, -5.0; 47
1.0, -2.0, -5.0; 67
2.0, -2.0, -5.0; 9
3.0, -2.0, -5.0; 1
4.0, -2.0, -5.0; 19
5.0, -2.0, -5.0; 18
-9.0, -1.0, -5.0; 1
-8.0, -1.0, -5.0; 7
-7.0, -1.0, -5.0; 12
-6.0, -1.0, -5.0; 6
-5.0, -1.0, -5.0; 6
-4.0, -1.0, -5.0; 15
-3.0, -1.0, -5.0; 40
-2.0, -1.0, -5.0; 33
-1.0, -1.0, -5.0; 24
0.0, -1.0, -5.0; 17
1.0, -1.0, -5.0; 17
2.0, -1.0, -5.0; 2
3.0, -1.0, -5.0; 3
4.0, -1.0, -5.0; 10
5.0, -1.0, -5.0; 3
6.0, -1.0, -5.0; 5
7.0, -1.0, -5.0; 2
-9.0, 0.0, -5.0; 2
-8.0, 0.0, -5.0; 2
-7.0, 0.0, -5.0; 10
-6.0, 0.0, -5.0; 5
-5.0, 0.0, -5.0; 14
-4.0, 0.0, -5.0; 32
-3.0, 0.0, -5.0; 40
-2.0, 0.0, -5.0; 44
-1.0, 0.0, -5.0; 32
0.0, 0.0, -5.0; 4
1.0, 0.0, -5.0; 8
2.0, 0.0, -5.0; 4
3.0, 0.0, -5.0; 11
4.0, 0.0, -5.0; 8
5.0, 0.0, -5.0; 1
7.0, 0.0, -5.0; 1
-9.0, 1.0, -5.0; 2
-8.0, 1.0, -5.0; 6
-7.0, 1.0, -5.0; 5
-6.0, 1.0, -5.0; 16
-5.0, 1.0, -5.0; 34
-4.0, 1.0, -5.0; 18
-3.0, 1.0, -5.0; 34
-2.0, 1.0, -5.0; 11
-1.0, 1.0, -5.0; 16
0.0, 1.0, -5.0; 11
1.0, 1.0, -5.0; 11
2.0, 1.0, -5.0; 3
3.0, 1.0, -5.0; 7
5.0, 1.0, -5.0; 1
6.0, 1.0, -5.0; 2
-9.0, 2.0, -5.0; 3
-8.0, 2.0, -5.0; 14
-7.0, 2.0, -5.0; 7
-6.0, 2.0, -5.0; 28
-5.0, 2.0, -5.0; 36
-4.0, 2.0, -5.0; 7
-3.0, 2.0, -5.0; 19
-2.0, 2.0, -5.0; 20
-1.0, 2.0, -5.0; 24
0.0, 2.0, -5.0; 43
1.0, 2.0, -5.0; 12
2.0, 2.0, -5.0; 6
3.0, 2.0, -5.0; 10
4.0, 2.0, -5.0; 4
5.0, 2.0, -5.0; 1
6.0, 2.0, -5.0; 2
7.0, 2.0, -5.0; 1
-9.0, 3.0, -5.0; 5
-8.0, 3.0, -5.0; 12
-7.0, 3.0, -5.0; 13
-6.0, 3.0, -5.0; 6
-5.0, 3.0, -5.0; 9
-4.0, 3.0, -5.0; 4
-3.0, 3.0, -5.0; 22
-2.0, 3.0, -5.0; 22
-1.0, 3.0, -5.0; 25
0.0, 3.0, -5.0; 25
1.0, 3.0, -5.0; 12
2.0, 3.0, -5.0; 1
3.0, 3.0, -5.0; 7
4.0, 3.0, -5.0; 6
5.0, 3.0, -5.0; 3
6.0, 3.0, -5.0; 1
7.0, 3.0, -5.0; 3
8.0, 3.0, -5.0; 1
-8.0, 4.0, -5.0; 8
-7.0, 4.0, -5.0; 14
-6.0, 4.0, -5.0; 13
-5.0, 4.0, -5.0; 8
-4.0, 4.0, -5.0; 3
-3.0, 4.0, -5.0; 9
-2.0, 4.0, -5.0; 56
-1.0, 4.0, -5.0; 32
0.0, 4.0, -5.0; 8
1.0, 4.0, -5.0; 3
2.0, 4.0, -5.0; 2
3.0, 4.0, -5.0; 6
4.0, 4.0, -5.0; 8
5.0, 4.0, -5.0; 1
6.0, 4.0, -5.0; 3
-7.0, 5.0, -5.0; 5
-6.0, 5.0, -5.0; 18
-5.0, 5.0, -5.0; 50
-4.0, 5.0, -5.0; 15
-3.0, 5.0, -5.0; 7
-2.0, 5.0, -5.0; 8
-1.0, 5.0, -5.0; 11
0.0, 5.0, -5.0; 4
1.0, 5.0, -5.0; 2
2.0, 5.0, -5.0; 9
3.0, 5.0, -5.0; 6
4.0, 5.0, -5.0; 7
6.0, 5.0, -5.0; 6
-7.0, 6.0, -5.0; 3
-6.0, 6.0, -5.0; 11
-5.0, 6.0, -5.0; 19
-4.0, 6.0, -5.0; 25
-3.0, 6.0, -5.0; 16
-2.0, 6.0, -5.0; 22
-1.0, 6.0, -5.0; 8
0.0, 6.0, -5.0; 3
1.0, 6.0, -5.0; 23
2.0, 6.0, -5.0; 27
3.0, 6.0, -5.0; 8
4.0, 6.0, -5.0; 6
5.0, 6.0, -5.0; 4
6.0, 6.0, -5.0; 2
-6.0, 7.0, -5.0; 2
-5.0, 7.0, -5.0; 5
-4.0, 7.0, -5.0; 11
-3.0, 7.0, -5.0; 9
-2.0, 7.0, -5.0; 10
-1.0, 7.0, -5.0; 10
0.0, 7.0, -5.0; 7
1.0, 7.0, -5.0; 22
2.0, 7.0, -5.0; 24
3.0, 7.0, -5.0; 8
4.0, 7.0, -5.0; 2
-5.0, 8.0, -5.0; 1
-4.0, 8.0, -5.0; 3
-3.0, 8.0, -5.0; 9
-2.0, 8.0, -5.0; 10
-1.0, 8.0, -5.0; 23
0.0, 8.0, -5.0; 23
1.0, 8.0, -5.0; 20
2.0, 8.0, -5.0; 2
3.0, 8.0, -5.0; 3
-1.0, 9.0, -5.0; 4
-3.0, -10.0, -4.0; 3
-2.0, -10.0, -4.0; 13
-1.0, -10.0, -4.0; 17
0.0, -10.0, -4.0; 23
1.0, -10.0, -4.0; 18
2.0, -10.0, -4.0; 1
-5.0, -9.0, -4.0; 2
-4.0, -9.0, -4.0; 9
-3.0, -9.0, -4.0; 17
-2.0, -9.0, -4.0; 27
-1.0, -9.0, -4.0; 86
0.0, -9.0, -4.0; 111
1.0, -9.0, -4.0; 132
2.0, -9.0, -4.0; 54
3.0, -9.0, -4.0; 25
4.0, -9.0, -4.0; 5
5.0, -9.0, -4.0; 1
-6.0, -8.0, -4.0; 5
-5.0, -8.0, -4.0; 6
-4.0, -8.0, -4.0; 9
-3.0, -8.0, -4.0; 31
-2.0, -8.0, -4.0; 65
-1.0, -8.0, -4.0; 70
0.0, -8.0, -4.0; 41
1.0, -8.0, -4.0; 39
2.0, -8.0, -4.0; 36
3.0, -8.0, -4.0; 9
4.0, -8.0, -4.0; 32
5.0, -8.0, -4.0; 12
-7.0, -7.0, -4.0; 12
-6.0, -7.0, -4.0; 12
-5.0, -7.0, -4.0; 11
-4.0, -7.0, -4.0; 2
-3.0, -7.0, -4.0; 4
-2.0, -7.0, -4.0; 5
-1.0, -7.0, -4.0; 6
0.0, -7.0, -4.0; 35
1.0, -7.0, -4.0; 50
2.0, -7.0, -4.0; 17
3.0, -7.0, -4.0; 10
4.0, -7.0, -4.0; 12
5.0, -7.0, -4.0; 17
6.0, -7.0, -4.0; 5
7.0, -7.0, -4.0; 1
-8.0, -6.0, -4.0; 12
-7.0, -6.0, -4.0; 25
-6.0, -6.0, -4.0; 3
-5.0, -6.0, -4.0; 3
-4.0, -6.0, -4.0; 2
-3.0, -6.0, -4.0; 3
-2.0, -6.0, -4.0; 10
-1.0, -6.0, -4.0; 23
0.0, -6.0, -4.0; 34
1.0, -6.0, -4.0; 125
2.0, -6.0, -4.0; 39
3.0, -6.0, -4.0; 2
4.0, -6.0, -4.0; 1
5.0, -6.0, -4.0; 7
6.0, -6.0, -4.0; 2
7.0, -6.0, -4.0; 1
-8.0, -5.0, -4.0; 28
-7.0, -5.0, -4.0; 9
-6.0, -5.0, -4.0; 2
-5.0, -5.0, -4.0; 2
-4.0, -5.0, -4.0; 4
-3.0, -5.0, -4.0; 14
-2.0, -5.0, -4.0; 87
-1.0, -5.0, -4.0; 189
0.0, -5.0, -4.0; 47
1.0, -5.0, -4.0; 90
2.0, -5.0, -4.0; 41
3.0, -5.0, -4.0; 6
4.0, -5.0, -4.0; 2
5.0, -5.0, -4.0; 2
6.0, -5.0, -4.0; 4
7.0, -5.0, -4.0; 2
-9.0, -4.0, -4.0; 3
-8.0, -4.0, -4.0; 14
-7.0, -4.0, -4.0; 5
-6.0, -4.0, -4.0; 4
-5.0, -4.0, -4.0; 17
-4.0, -4.0, -4.0; 92
-3.0, -4.0, -4.0; 70
-2.0, -4.0, -4.0; 56
-1.0, -4.0, -4.0; 66
0.0, -4.0, -4.0; 13
1.0, -4.0, -4.0; 81
2.0, -4.0, -4.0; 74
3.0, -4.0, -4.0; 17
4.0, -4.0, -4.0; 4
5.0, -4.0, -4.0; 3
6.0, -4.0, -4.0; 1
8.0, -4.0, -4.0; 1
-9.0, -3.0, -4.0; 4
-8.0, -3.0, -4.0; 15
-7.0, -3.0, -4.0; 4
-6.0, -3.0, -4.0; 10
-5.0, -3.0, -4.0; 81
-4.0, -3.0, -4.0; 259
-3.0, -3.0, -4.0; 62
-2.0, -3.0, -4.0; 2
-1.0, -3.0, -4.0; 3
0.0, -3.0, -4.0; 1
1.0, -3.0, -4.0; 253
2.0, -3.0, -4.0; 57
3.0, -3.0, -4.0; 24
4.0, -3.0, -4.0; 3
5.0, -3.0, -4.0; 3
7.0, -3.0, -4.0; 1
8.0, -3.0, -4.0; 1
-9.0, -2.0, -4.0; 4
-8.0, -2.0, -4.0; 13
-7.0, -2.0, -4.0; 5
-6.0, -2.0, -4.0; 15
-5.0, -2.0, -4.0; 42
-4.0, -2.0, -4.0; 71
-3.0, -2.0, -4.0; 10
-2.0, -2.0, -4.0; 1
1.0, -2.0, -4.0; 8
2.0, -2.0, -4.0; 9
3.0, -2.0, -4.0; 6
4.0, -2.0, -4.0; 14
5.0, -2.0, -4.0; 16
6.0, -2.0, -4.0; 2
7.0, -2.0, -4.0; 1
-10.0, -1.0, -4.0; 1
-9.0, -1.0, -4.0; 5
-8.0, -1.0, -4.0; 5
-7.0, -1.0, -4.0; 18
-6.0, -1.0, -4.0; 1
-5.0, -1.0, -4.0; 8
-4.0, -1.0, -4.0; 12
-3.0, -1.0, -4.0; 3
2.0, -1.0, -4.0; 2
3.0, -1.0, -4.0; 3
4.0, -1.0, -4.0; 12
5.0, -1.0, -4.0; 8
6.0, -1.0, -4.0; 1
7.0, -1.0, -4.0; 1
-9.0, 0.0, -4.0; 9
-8.0, 0.0, -4.0; 6
-7.0, 0.0, -4.0; 12
-6.0, 0.0, -4.0; 24
-5.0, 0.0, -4.0; 63
-4.0, 0.0, -4.0; 11
-3.0, 0.0, -4.0; 4
2.0, 0.0, -4.0; 2
3.0, 0.0, -4.0; 10
4.0, 0.0, -4.0; 8
6.0, 0.0, -4.0; 2
7.0, 0.0, -4.0; 2
-10.0, 1.0, -4.0; 1
-9.0, 1.0, -4.0; 6
-8.0, 1.0, -4.0; 7
-7.0, 1.0, -4.0; 8
-6.0, 1.0, -4.0; 47
-5.0, 1.0, -4.0; 106
-4.0, 1.0, -4.0; 25
1.0, 1.0, -4.0; 1
2.0, 1.0, -4.0; 3
3.0, 1.0, -4.0; 3
4.0, 1.0, -4.0; 1
5.0, 1.0, -4.0; 1
7.0, 1.0, -4.0; 1
9.0, 1.0, -4.0; 1
-10.0, 2.0, -4.0; 1
-9.0, 2.0, -4.0; 6
-8.0, 2.0, -4.0; 9
-7.0, 2.0, -4.0; 5
-6.0, 2.0, -4.0; 55
-5.0, 2.0, -4.0; 18
-4.0, 2.0, -4.0; 8
-3.0, 2.0, -4.0; 3
-2.0, 2.0, -4.0; 1
0.0, 2.0, -4.0; 2
1.0, 2.0, -4.0; 14
2.0, 2.0, -4.0; 9
3.0, 2.0, -4.0; 7
4.0, 2.0, -4.0; 8
5.0, 2.0, -4.0; 5
6.0, 2.0, -4.0; 1
-9.0, 3.0, -4.0; 2
-8.0, 3.0, -4.0; 6
-7.0, 3.0, -4.0; 3
-6.0, 3.0, -4.0; 12
-5.0, 3.0, -4.0; 5
-4.0, 3.0, -4.0; 7
-3.0, 3.0, -4.0; 9
-2.0, 3.0, -4.0; 1
-1.0, 3.0, -4.0; 2
0.0, 3.0, -4.0; 18
1.0, 3.0, -4.0; 23
2.0, 3.0, -4.0; 18
3.0, 3.0, -4.0; 9
4.0, 3.0, -4.0; 9
5.0, 3.0, -4.0; 2
6.0, 3.0, -4.0; 2
8.0, 3.0, -4.0; 2
-8.0, 4.0, -4.0; 12
-7.0, 4.0, -4.0; 15
-6.0, 4.0, -4.0; 9
-5.0, 4.0, -4.0; 7
-4.0, 4.0, -4.0; 3
-3.0, 4.0, -4.0; 70
-2.0, 4.0, -4.0; 171
-1.0, 4.0, -4.0; 74
0.0, 4.0, -4.0; 93
1.0, 4.0, -4.0; 32
2.0, 4.0, -4.0; 17
3.0, 4.0, -4.0; 8
4.0, 4.0, -4.0; 4
5.0, 4.0, -4.0; 3
6.0, 4.0, -4.0; 1
7.0, 4.0, -4.0; 1
-8.0, 5.0, -4.0; 4
-7.0, 5.0, -4.0; 12
-6.0, 5.0, -4.0; 15
-5.0, 5.0, -4.0; 13
-4.0, 5.0, -4.0; 1
-3.0, 5.0, -4.0; 13
-2.0, 5.0, -4.0; 288
-1.0, 5.0, -4.0; 278
0.0, 5.0, -4.0; 84
1.0, 5.0, -4.0; 10
2.0, 5.0, -4.0; 6
3.0, 5.0, -4.0; 15
4.0, 5.0, -4.0; 5
5.0, 5.0, -4.0; 3
6.0, 5.0, -4.0; 2
7.0, 5.0, -4.0; 1
-7.0, 6.0, -4.0; 16
-6.0, 6.0, -4.0; 13
-5.0, 6.0, -4.0; 8
-4.0, 6.0, -4.0; 6
-3.0, 6.0, -4.0; 7
-2.0, 6.0, -4.0; 13
-1.0, 6.0, -4.0; 15
0.0, 6.0, -4.0; 8
1.0, 6.0, -4.0; 7
2.0, 6.0, -4.0; 12
3.0, 6.0, -4.0; 19
4.0, 6.0, -4.0; 5
5.0, 6.0, -4.0; 6
-7.0, 7.0, -4.0; 3
-6.0, 7.0, -4.0; 8
-5.0, 7.0, -4.0; 13
-4.0, 7.0, -4.0; 11
-3.0, 7.0, -4.0; 15
-2.0, 7.0, -4.0; 10
-1.0, 7.0, -4.0; 4
0.0, 7.0, -4.0; 14
1.0, 7.0, -4.0; 33
2.0, 7.0, -4.0; 36
3.0, 7.0, -4.0; 12
4.0, 7.0, -4.0; 4
5.0, 7.0, -4.0; 3
-5.0, 8.0, -4.0; 7
-4.0, 8.0, -4.0; 23
-3.0, 8.0, -4.0; 41
-2.0, 8.0, -4.0; 29
-1.0, 8.0, -4.0; 24
0.0, 8.0, -4.0; 19
1.0, 8.0, -4.0; 23
2.0, 8.0, -4.0; 11
3.0, 8.0, -4.0; 2
4.0, 8.0, -4.0; 2
-3.0, 9.0, -4.0; 4
-2.0, 9.0, -4.0; 15
-1.0, 9.0, -4.0; 20
0.0, 9.0, -4.0; 27
1.0, 9.0, -4.0; 9
-4.0, -10.0, -3.0; 4
-3.0, -10.0, -3.0; 31
-2.0, -10.0, -3.0; 96
-1.0, -10.0, -3.0; 167
0.0, -10.0, -3.0; 202
1.0, -10.0, -3.0; 97
2.0, -10.0, -3.0; 23
3.0, -10.0, -3.0; 4
-6.0, -9.0, -3.0; 1
-5.0, -9.0, -3.0; 4
-4.0, -9.0, -3.0; 15
-3.0, -9.0, -3.0; 15
-2.0, -9.0, -3.0; 34
-1.0, -9.0, -3.0; 56
0.0, -9.0, -3.0; 175
1.0, -9.0, -3.0; 274
2.0, -9.0, -3.0; 153
3.0, -9.0, -3.0; 58
4.0, -9.0, -3.0; 19
5.0, -9.0, -3.0; 1
-7.0, -8.0, -3.0; 1
-6.0, -8.0, -3.0; 4
-5.0, -8.0, -3.0; 5
-4.0, -8.0, -3.0; 9
-3.0, -8.0, -3.0; 14
-2.0, -8.0, -3.0; 25
-1.0, -8.0, -3.0; 20
0.0, -8.0, -3.0; 24
1.0, -8.0, -3.0; 28
2.0, -8.0, -3.0; 41
3.0, -8.0, -3.0; 23
4.0, -8.0, -3.0; 19
5.0, -8.0, -3.0; 20
6.0, -8.0, -3.0; 1
-8.0, -7.0, -3.0; 2
-7.0, -7.0, -3.0; 9
-6.0, -7.0, -3.0; 5
-5.0, -7.0, -3.0; 2
-4.0, -7.0, -3.0; 1
-3.0, -7.0, -3.0; 3
-2.0, -7.0, -3.0; 2
-1.0, -7.0, -3.0; 4
0.0, -7.0, -3.0; 104
1.0, -7.0, -3.0; 112
2.0, -7.0, -3.0; 16
3.0, -7.0, -3.0; 6
4.0, -7.0, -3.0; 7
5.0, -7.0, -3.0; 19
6.0, -7.0, -3.0; 8
7.0, -7.0, -3.0; 1
-8.0, -6.0, -3.0; 22
-7.0, -6.0, -3.0; 15
-6.0, -6.0, -3.0; 5
-5.0, -6.0, -3.0; 2
-4.0, -6.0, -3.0; 1
-3.0, -6.0, -3.0; 1
-2.0, -6.0, -3.0; 4
-1.0, -6.0, -3.0; 71
0.0, -6.0, -3.0; 204
1.0, -6.0, -3.0; 1133
2.0, -6.0, -3.0; 130
3.0, -6.0, -3.0; 10
4.0, -6.0, -3.0; 6
5.0, -6.0, -3.0; 9
6.0, -6.0, -3.0; 6
7.0, -6.0, -3.0; 1
-9.0, -5.0, -3.0; 7
-8.0, -5.0, -3.0; 34
-7.0, -5.0, -3.0; 2
-6.0, -5.0, -3.0; 3
-5.0, -5.0, -3.0; 3
-1.0, -5.0, -3.0; 15
0.0, -5.0, -3.0; 46
1.0, -5.0, -3.0; 40
2.0, -5.0, -3.0; 89
3.0, -5.0, -3.0; 16
4.0, -5.0, -3.0; 4
5.0, -5.0, -3.0; 1
6.0, -5.0, -3.0; 3
7.0, -5.0, -3.0; 1
-9.0, -4.0, -3.0; 10
-8.0, -4.0, -3.0; 14
-7.0, -4.0, -3.0; 2
-6.0, -4.0, -3.0; 8
-5.0, -4.0, -3.0; 29
-4.0, -4.0, -3.0; 2
-2.0, -4.0, -3.0; 1
0.0, -4.0, -3.0; 2
1.0, -4.0, -3.0; 4
2.0, -4.0, -3.0; 28
3.0, -4.0, -3.0; 37
4.0, -4.0, -3.0; 6
5.0, -4.0, -3.0; 4
6.0, -4.0, -3.0; 1
7.0, -4.0, -3.0; 2
-10.0, -3.0, -3.0; 1
-9.0, -3.0, -3.0; 10
-8.0, -3.0, -3.0; 7
-7.0, -3.0, -3.0; 3
-6.0, -3.0, -3.0; 23
-5.0, -3.0, -3.0; 164
-4.0, -3.0, -3.0; 3
-3.0, -3.0, -3.0; 2
1.0, -3.0, -3.0; 1
2.0, -3.0, -3.0; 2
3.0, -3.0, -3.0; 8
4.0, -3.0, -3.0; 7
5.0, -3.0, -3.0; 4
6.0, -3.0, -3.0; 1
7.0, -3.0, -3.0; 1
-10.0, -2.0, -3.0; 1
-9.0, -2.0, -3.0; 12
-8.0, -2.0, -3.0; 6
-7.0, -2.0, -3.0; 10
-6.0, -2.0, -3.0; 14
-5.0, -2.0, -3.0; 151
-4.0, -2.0, -3.0; 9
3.0, -2.0, -3.0; 1
4.0, -2.0, -3.0; 6
5.0, -2.0, -3.0; 2
6.0, -2.0, -3.0; 1
7.0, -2.0, -3.0; 3
8.0, -2.0, -3.0; 1
-10.0, -1.0, -3.0; 4
-9.0, -1.0, -3.0; 2
-8.0, -1.0, -3.0; 6
-7.0, -1.0, -3.0; 5
-6.0, -1.0, -3.0; 4
-5.0, -1.0, -3.0; 29
-4.0, -1.0, -3.0; 9
4.0, -1.0, -3.0; 4
5.0, -1.0, -3.0; 4
6.0, -1.0, -3.0; 3
-10.0, 0.0, -3.0; 2
-9.0, 0.0, -3.0; 3
-8.0, 0.0, -3.0; 10
-7.0, 0.0, -3.0; 5
-6.0, 0.0, -3.0; 69
-5.0, 0.0, -3.0; 38
-4.0, 0.0, -3.0; 1
3.0, 0.0, -3.0; 2
4.0, 0.0, -3.0; 1
5.0, 0.0, -3.0; 2
8.0, 0.0, -3.0; 1
-10.0, 1.0, -3.0; 1
-9.0, 1.0, -3.0; 9
-8.0, 1.0, -3.0; 8
-7.0, 1.0, -3.0; 11
-6.0, 1.0, -3.0; 266
-5.0, 1.0, -3.0; 152
-9.0, 2.0, -3.0; 12
-8.0, 2.0, -3.0; 9
-7.0, 2.0, -3.0; 15
-6.0, 2.0, -3.0; 30
-5.0, 2.0, -3.0; 36
-4.0, 2.0, -3.0; 1
2.0, 2.0, -3.0; 1
3.0, 2.0, -3.0; 2
4.0, 2.0, -3.0; 4
5.0, 2.0, -3.0; 7
7.0, 2.0, -3.0; 1
-9.0, 3.0, -3.0; 4
-8.0, 3.0, -3.0; 18
-7.0, 3.0, -3.0; 6
-6.0, 3.0, -3.0; 20
-5.0, 3.0, -3.0; 12
-4.0, 3.0, -3.0; 2
2.0, 3.0, -3.0; 22
3.0, 3.0, -3.0; 16
4.0, 3.0, -3.0; 6
5.0, 3.0, -3.0; 3
6.0, 3.0, -3.0; 1
7.0, 3.0, -3.0; 4
-9.0, 4.0, -3.0; 3
-8.0, 4.0, -3.0; 14
-7.0, 4.0, -3.0; 7
-6.0, 4.0, -3.0; 4
-5.0, 4.0, -3.0; 15
-4.0, 4.0, -3.0; 6
-3.0, 4.0, -3.0; 1
-2.0, 4.0, -3.0; 3
-1.0, 4.0, -3.0; 2
0.0, 4.0, -3.0; 24
1.0, 4.0, -3.0; 76
2.0, 4.0, -3.0; 22
3.0, 4.0, -3.0; 17
4.0, 4.0, -3.0; 10
5.0, 4.0, -3.0; 3
6.0, 4.0, -3.0; 2
7.0, 4.0, -3.0; 6
8.0, 4.0, -3.0; 1
-8.0, 5.0, -3.0; 9
-7.0, 5.0, -3.0; 10
-6.0, 5.0, -3.0; 8
-5.0, 5.0, -3.0; 1
-4.0, 5.0, -3.0; 3
-3.0, 5.0, -3.0; 7
-2.0, 5.0, -3.0; 196
-1.0, 5.0, -3.0; 315
0.0, 5.0, -3.0; 148
1.0, 5.0, -3.0; 47
2.0, 5.0, -3.0; 10
3.0, 5.0, -3.0; 4
4.0, 5.0, -3.0; 10
5.0, 5.0, -3.0; 2
6.0, 5.0, -3.0; 7
7.0, 5.0, -3.0; 5
-8.0, 6.0, -3.0; 3
-7.0, 6.0, -3.0; 14
-6.0, 6.0, -3.0; 8
-5.0, 6.0, -3.0; 6
-4.0, 6.0, -3.0; 8
-3.0, 6.0, -3.0; 12
-2.0, 6.0, -3.0; 69
-1.0, 6.0, -3.0; 132
0.0, 6.0, -3.0; 68
1.0, 6.0, -3.0; 18
2.0, 6.0, -3.0; 8
3.0, 6.0, -3.0; 21
4.0, 6.0, -3.0; 12
5.0, 6.0, -3.0; 3
6.0, 6.0, -3.0; 6
-7.0, 7.0, -3.0; 3
-6.0, 7.0, -3.0; 22
-5.0, 7.0, -3.0; 32
-4.0, 7.0, -3.0; 17
-3.0, 7.0, -3.0; 11
-2.0, 7.0, -3.0; 9
-1.0, 7.0, -3.0; 4
0.0, 7.0, -3.0; 4
1.0, 7.0, -3.0; 29
2.0, 7.0, -3.0; 43
3.0, 7.0, -3.0; 30
4.0, 7.0, -3.0; 7
5.0, 7.0, -3.0; 3
6.0, 7.0, -3.0; 6
-6.0, 8.0, -3.0; 1
-5.0, 8.0, -3.0; 58
-4.0, 8.0, -3.0; 98
-3.0, 8.0, -3.0; 116
-2.0, 8.0, -3.0; 75
-1.0, 8.0, -3.0; 43
0.0, 8.0, -3.0; 36
1.0, 8.0, -3.0; 61
2.0, 8.0, -3.0; 37
3.0, 8.0, -3.0; 10
4.0, 8.0, -3.0; 2
5.0, 8.0, -3.0; 1
-4.0, 9.0, -3.0; 11
-3.0, 9.0, -3.0; 24
-2.0, 9.0, -3.0; 37
-1.0, 9.0, -3.0; 54
0.0, 9.0, -3.0; 44
1.0, 9.0, -3.0; 31
2.0, 9.0, -3.0; 5
3.0, 9.0, -3.0; 1
-5.0, -10.0, -2.0; 1
-4.0, -10.0, -2.0; 33
-3.0, -10.0, -2.0; 84
-2.0, -10.0, -2.0; 175
-1.0, -10.0, -2.0; 291
0.0, -10.0, -2.0; 357
1.0, -10.0, -2.0; 287
2.0, -10.0, -2.0; 52
3.0, -10.0, -2.0; 8
-6.0, -9.0, -2.0; 6
-5.0, -9.0, -2.0; 18
-4.0, -9.0, -2.0; 9
-3.0, -9.0, -2.0; 14
-2.0, -9.0, -2.0; 23
-1.0, -9.0, -2.0; 30
0.0, -9.0, -2.0; 82
1.0, -9.0, -2.0; 171
2.0, -9.0, -2.0; 174
3.0, -9.0, -2.0; 55
4.0, -9.0, -2.0; 23
5.0, -9.0, -2.0; 3
-7.0, -8.0, -2.0; 8
-6.0, -8.0, -2.0; 12
-5.0, -8.0, -2.0; 9
-4.0, -8.0, -2.0; 3
-3.0, -8.0, -2.0; 1
-2.0, -8.0, -2.0; 6
-1.0, -8.0, -2.0; 13
0.0, -8.0, -2.0; 16
1.0, -8.0, -2.0; 10
2.0, -8.0, -2.0; 10
3.0, -8.0, -2.0; 20
4.0, -8.0, -2.0; 15
5.0, -8.0, -2.0; 16
6.0, -8.0, -2.0; 3
-8.0, -7.0, -2.0; 10
-7.0, -7.0, -2.0; 16
-6.0, -7.0, -2.0; 3
-5.0, -7.0, -2.0; 4
-4.0, -7.0, -2.0; 1
-2.0, -7.0, -2.0; 5
-1.0, -7.0, -2.0; 27
0.0, -7.0, -2.0; 88
1.0, -7.0, -2.0; 57
2.0, -7.0, -2.0; 15
3.0, -7.0, -2.0; 5
4.0, -7.0, -2.0; 4
5.0, -7.0, -2.0; 33
6.0, -7.0, -2.0; 5
7.0, -7.0, -2.0; 2
-9.0, -6.0, -2.0; 3
-8.0, -6.0, -2.0; 15
-7.0, -6.0, -2.0; 1
-6.0, -6.0, -2.0; 2
-3.0, -6.0, -2.0; 1
-2.0, -6.0, -2.0; 2
-1.0, -6.0, -2.0; 35
0.0, -6.0, -2.0; 114
1.0, -6.0, -2.0; 207
2.0, -6.0, -2.0; 43
3.0, -6.0, -2.0; 13
4.0, -6.0, -2.0; 5
5.0, -6.0, -2.0; 22
6.0, -6.0, -2.0; 6
7.0, -6.0, -2.0; 3
-9.0, -5.0, -2.0; 7
-8.0, -5.0, -2.0; 22
-7.0, -5.0, -2.0; 3
-6.0, -5.0, -2.0; 3
-5.0, -5.0, -2.0; 1
-4.0, -5.0, -2.0; 2
-1.0, -5.0, -2.0; 1
0.0, -5.0, -2.0; 14
1.0, -5.0, -2.0; 12
2.0, -5.0, -2.0; 38
3.0, -5.0, -2.0; 29
4.0, -5.0, -2.0; 25
5.0, -5.0, -2.0; 3
6.0, -5.0, -2.0; 1
7.0, -5.0, -2.0; 2
8.0, -5.0, -2.0; 2
-9.0, -4.0, -2.0; 20
-8.0, -4.0, -2.0; 7
-7.0, -4.0, -2.0; 12
-6.0, -4.0, -2.0; 4
-5.0, -4.0, -2.0; 4
-1.0, -4.0, -2.0; 1
2.0, -4.0, -2.0; 1
3.0, -4.0, -2.0; 5
4.0, -4.0, -2.0; 12
5.0, -4.0, -2.0; 4
6.0, -4.0, -2.0; 1
7.0, -4.0, -2.0; 1
9.0, -4.0, -2.0; 1
-10.0, -3.0, -2.0; 1
-9.0, -3.0, -2.0; 14
-8.0, -3.0, -2.0; 7
-7.0, -3.0, -2.0; 20
-6.0, -3.0, -2.0; 21
-5.0, -3.0, -2.0; 23
-4.0, -3.0, -2.0; 1
3.0, -3.0, -2.0; 1
5.0, -3.0, -2.0; 5
6.0, -3.0, -2.0; 1
-9.0, -2.0, -2.0; 8
-8.0, -2.0, -2.0; 6
-7.0, -2.0, -2.0; 12
-6.0, -2.0, -2.0; 19
-5.0, -2.0, -2.0; 31
-4.0, -2.0, -2.0; 2
5.0, -2.0, -2.0; 4
6.0, -2.0, -2.0; 1
8.0, -2.0, -2.0; 1
-10.0, -1.0, -2.0; 6
-9.0, -1.0, -2.0; 4
-8.0, -1.0, -2.0; 9
-7.0, -1.0, -2.0; 4
-6.0, -1.0, -2.0; 1
-5.0, -1.0, -2.0; 15
-4.0, -1.0, -2.0; 2
5.0, -1.0, -2.0; 1
6.0, -1.0, -2.0; 3
-9.0, 0.0, -2.0; 3
-8.0, 0.0, -2.0; 3
-7.0, 0.0, -2.0; 2
-6.0, 0.0, -2.0; 61
-5.0, 0.0, -2.0; 40
-4.0, 0.0, -2.0; 1
5.0, 0.0, -2.0; 1
-10.0, 1.0, -2.0; 1
-9.0, 1.0, -2.0; 7
-8.0, 1.0, -2.0; 5
-7.0, 1.0, -2.0; 5
-6.0, 1.0, -2.0; 948
-5.0, 1.0, -2.0; 391
-4.0, 1.0, -2.0; 1
7.0, 1.0, -2.0; 1
-10.0, 2.0, -2.0; 1
-9.0, 2.0, -2.0; 6
-8.0, 2.0, -2.0; 5
-7.0, 2.0, -2.0; 14
-6.0, 2.0, -2.0; 58
-5.0, 2.0, -2.0; 67
3.0, 2.0, -2.0; 2
4.0, 2.0, -2.0; 2
5.0, 2.0, -2.0; 5
6.0, 2.0, -2.0; 1
-9.0, 3.0, -2.0; 12
-8.0, 3.0, -2.0; 7
-7.0, 3.0, -2.0; 4
-6.0, 3.0, -2.0; 35
-5.0, 3.0, -2.0; 11
2.0, 3.0, -2.0; 8
3.0, 3.0, -2.0; 11
4.0, 3.0, -2.0; 12
5.0, 3.0, -2.0; 2
6.0, 3.0, -2.0; 2
7.0, 3.0, -2.0; 2
8.0, 3.0, -2.0; 1
-9.0, 4.0, -2.0; 5
-8.0, 4.0, -2.0; 21
-7.0, 4.0, -2.0; 4
-6.0, 4.0, -2.0; 9
-5.0, 4.0, -2.0; 29
1.0, 4.0, -2.0; 22
2.0, 4.0, -2.0; 31
3.0, 4.0, -2.0; 9
4.0, 4.0, -2.0; 7
5.0, 4.0, -2.0; 8
6.0, 4.0, -2.0; 3
7.0, 4.0, -2.0; 5
8.0, 4.0, -2.0; 4
-9.0, 5.0, -2.0; 3
-8.0, 5.0, -2.0; 23
-7.0, 5.0, -2.0; 27
-6.0, 5.0, -2.0; 14
-5.0, 5.0, -2.0; 4
-4.0, 5.0, -2.0; 7
-3.0, 5.0, -2.0; 4
-2.0, 5.0, -2.0; 11
-1.0, 5.0, -2.0; 32
0.0, 5.0, -2.0; 145
1.0, 5.0, -2.0; 99
2.0, 5.0, -2.0; 21
3.0, 5.0, -2.0; 5
4.0, 5.0, -2.0; 8
5.0, 5.0, -2.0; 6
6.0, 5.0, -2.0; 6
-8.0, 6.0, -2.0; 7
-7.0, 6.0, -2.0; 53
-6.0, 6.0, -2.0; 32
-5.0, 6.0, -2.0; 22
-4.0, 6.0, -2.0; 29
-3.0, 6.0, -2.0; 76
-2.0, 6.0, -2.0; 126
-1.0, 6.0, -2.0; 385
0.0, 6.0, -2.0; 340
1.0, 6.0, -2.0; 57
2.0, 6.0, -2.0; 2
3.0, 6.0, -2.0; 9
4.0, 6.0, -2.0; 9
5.0, 6.0, -2.0; 5
6.0, 6.0, -2.0; 4
7.0, 6.0, -2.0; 1
-7.0, 7.0, -2.0; 12
-6.0, 7.0, -2.0; 44
-5.0, 7.0, -2.0; 46
-4.0, 7.0, -2.0; 28
-3.0, 7.0, -2.0; 20
-2.0, 7.0, -2.0; 4
-1.0, 7.0, -2.0; 8
0.0, 7.0, -2.0; 10
1.0, 7.0, -2.0; 12
2.0, 7.0, -2.0; 46
3.0, 7.0, -2.0; 36
4.0, 7.0, -2.0; 15
5.0, 7.0, -2.0; 5
6.0, 7.0, -2.0; 6
-6.0, 8.0, -2.0; 13
-5.0, 8.0, -2.0; 108
-4.0, 8.0, -2.0; 97
-3.0, 8.0, -2.0; 85
-2.0, 8.0, -2.0; 58
-1.0, 8.0, -2.0; 51
0.0, 8.0, -2.0; 55
1.0, 8.0, -2.0; 94
2.0, 8.0, -2.0; 24
3.0, 8.0, -2.0; 14
4.0, 8.0, -2.0; 2
5.0, 8.0, -2.0; 2
-4.0, 9.0, -2.0; 13
-3.0, 9.0, -2.0; 40
-2.0, 9.0, -2.0; 71
-1.0, 9.0, -2.0; 67
0.0, 9.0, -2.0; 89
1.0, 9.0, -2.0; 56
2.0, 9.0, -2.0; 16
3.0, 9.0, -2.0; 4
-5.0, -10.0, -1.0; 3
-4.0, -10.0, -1.0; 35
-3.0, -10.0, -1.0; 79
-2.0, -10.0, -1.0; 162
-1.0, -10.0, -1.0; 245
0.0, -10.0, -1.0; 342
1.0, -10.0, -1.0; 249
2.0, -10.0, -1.0; 50
3.0, -10.0, -1.0; 5
-6.0, -9.0, -1.0; 12
-5.0, -9.0, -1.0; 36
-4.0, -9.0, -1.0; 14
-3.0, -9.0, -1.0; 17
-2.0, -9.0, -1.0; 7
-1.0, -9.0, -1.0; 18
0.0, -9.0, -1.0; 65
1.0, -9.0, -1.0; 151
2.0, -9.0, -1.0; 117
3.0, -9.0, -1.0; 39
4.0, -9.0, -1.0; 12
5.0, -9.0, -1.0; 7
-8.0, -8.0, -1.0; 1
-7.0, -8.0, -1.0; 22
-6.0, -8.0, -1.0; 19
-5.0, -8.0, -1.0; 5
-4.0, -8.0, -1.0; 2
-3.0, -8.0, -1.0; 5
-2.0, -8.0, -1.0; 33
-1.0, -8.0, -1.0; 62
0.0, -8.0, -1.0; 22
1.0, -8.0, -1.0; 14
2.0, -8.0, -1.0; 7
3.0, -8.0, -1.0; 13
4.0, -8.0, -1.0; 20
5.0, -8.0, -1.0; 17
6.0, -8.0, -1.0; 7
-8.0, -7.0, -1.0; 10
-7.0, -7.0, -1.0; 16
-6.0, -7.0, -1.0; 3
-3.0, -7.0, -1.0; 7
-2.0, -7.0, -1.0; 81
-1.0, -7.0, -1.0; 263
0.0, -7.0, -1.0; 360
1.0, -7.0, -1.0; 56
2.0, -7.0, -1.0; 3
3.0, -7.0, -1.0; 9
4.0, -7.0, -1.0; 19
5.0, -7.0, -1.0; 8
6.0, -7.0, -1.0; 4
7.0, -7.0, -1.0; 4
-9.0, -6.0, -1.0; 5
-8.0, -6.0, -1.0; 18
-7.0, -6.0, -1.0; 6
-6.0, -6.0, -1.0; 5
-5.0, -6.0, -1.0; 1
-3.0, -6.0, -1.0; 3
-2.0, -6.0, -1.0; 3
-1.0, -6.0, -1.0; 25
0.0, -6.0, -1.0; 75
1.0, -6.0, -1.0; 61
2.0, -6.0, -1.0; 14
3.0, -6.0, -1.0; 5
4.0, -6.0, -1.0; 8
5.0, -6.0, -1.0; 8
6.0, -6.0, -1.0; 3
7.0, -6.0, -1.0; 1
8.0, -6.0, -1.0; 1
-9.0, -5.0, -1.0; 5
-8.0, -5.0, -1.0; 14
-7.0, -5.0, -1.0; 3
-6.0, -5.0, -1.0; 15
-5.0, -5.0, -1.0; 2
-1.0, -5.0, -1.0; 1
0.0, -5.0, -1.0; 16
1.0, -5.0, -1.0; 2
2.0, -5.0, -1.0; 9
3.0, -5.0, -1.0; 15
4.0, -5.0, -1.0; 14
5.0, -5.0, -1.0; 3
6.0, -5.0, -1.0; 1
7.0, -5.0, -1.0; 1
8.0, -5.0, -1.0; 1
-9.0, -4.0, -1.0; 13
-8.0, -4.0, -1.0; 9
-7.0, -4.0, -1.0; 18
-6.0, -4.0, -1.0; 14
1.0, -4.0, -1.0; 1
3.0, -4.0, -1.0; 2
4.0, -4.0, -1.0; 5
5.0, -4.0, -1.0; 6
6.0, -4.0, -1.0; 1
8.0, -4.0, -1.0; 1
-10.0, -3.0, -1.0; 3
-9.0, -3.0, -1.0; 18
-8.0, -3.0, -1.0; 6
-7.0, -3.0, -1.0; 10
-6.0, -3.0, -1.0; 14
-5.0, -3.0, -1.0; 3
4.0, -3.0, -1.0; 1
5.0, -3.0, -1.0; 5
8.0, -3.0, -1.0; 1
-10.0, -2.0, -1.0; 1
-9.0, -2.0, -1.0; 7
-8.0, -2.0, -1.0; 8
-7.0, -2.0, -1.0; 4
-6.0, -2.0, -1.0; 10
-5.0, -2.0, -1.0; 3
5.0, -2.0, -1.0; 4
-10.0, -1.0, -1.0; 8
-9.0, -1.0, -1.0; 4
-8.0, -1.0, -1.0; 9
-7.0, -1.0, -1.0; 5
-6.0, -1.0, -1.0; 3
-5.0, -1.0, -1.0; 3
5.0, -1.0, -1.0; 1
6.0, -1.0, -1.0; 3
-10.0, 0.0, -1.0; 2
-9.0, 0.0, -1.0; 7
-8.0, 0.0, -1.0; 3
-7.0, 0.0, -1.0; 8
-6.0, 0.0, -1.0; 32
-5.0, 0.0, -1.0; 10
6.0, 0.0, -1.0; 3
8.0, 0.0, -1.0; 1
-9.0, 1.0, -1.0; 3
-8.0, 1.0, -1.0; 4
-7.0, 1.0, -1.0; 7
-6.0, 1.0, -1.0; 1554
-5.0, 1.0, -1.0; 327
4.0, 1.0, -1.0; 1
5.0, 1.0, -1.0; 1
6.0, 1.0, -1.0; 2
-10.0, 2.0, -1.0; 1
-9.0, 2.0, -1.0; 9
-8.0, 2.0, -1.0; 6
-7.0, 2.0, -1.0; 9
-6.0, 2.0, -1.0; 130
-5.0, 2.0, -1.0; 91
3.0, 2.0, -1.0; 2
4.0, 2.0, -1.0; 40
5.0, 2.0, -1.0; 7
6.0, 2.0, -1.0; 4
7.0, 2.0, -1.0; 2
-9.0, 3.0, -1.0; 8
-8.0, 3.0, -1.0; 9
-7.0, 3.0, -1.0; 10
-6.0, 3.0, -1.0; 34
-5.0, 3.0, -1.0; 16
-3.0, 3.0, -1.0; 1
2.0, 3.0, -1.0; 6
3.0, 3.0, -1.0; 30
4.0, 3.0, -1.0; 39
5.0, 3.0, -1.0; 1
6.0, 3.0, -1.0; 1
7.0, 3.0, -1.0; 2
-9.0, 4.0, -1.0; 8
-8.0, 4.0, -1.0; 37
-7.0, 4.0, -1.0; 6
-6.0, 4.0, -1.0; 20
-5.0, 4.0, -1.0; 63
-4.0, 4.0, -1.0; 9
0.0, 4.0, -1.0; 2
1.0, 4.0, -1.0; 7
2.0, 4.0, -1.0; 5
3.0, 4.0, -1.0; 27
4.0, 4.0, -1.0; 20
5.0, 4.0, -1.0; 5
6.0, 4.0, -1.0; 1
7.0, 4.0, -1.0; 1
-9.0, 5.0, -1.0; 5
-8.0, 5.0, -1.0; 25
-7.0, 5.0, -1.0; 29
-6.0, 5.0, -1.0; 8
-5.0, 5.0, -1.0; 19
-4.0, 5.0, -1.0; 50
-3.0, 5.0, -1.0; 32
-2.0, 5.0, -1.0; 8
-1.0, 5.0, -1.0; 14
0.0, 5.0, -1.0; 97
1.0, 5.0, -1.0; 132
2.0, 5.0, -1.0; 21
3.0, 5.0, -1.0; 12
4.0, 5.0, -1.0; 9
5.0, 5.0, -1.0; 9
6.0, 5.0, -1.0; 1
7.0, 5.0, -1.0; 8
-8.0, 6.0, -1.0; 12
-7.0, 6.0, -1.0; 131
-6.0, 6.0, -1.0; 467
-5.0, 6.0, -1.0; 191
-4.0, 6.0, -1.0; 54
-3.0, 6.0, -1.0; 75
-2.0, 6.0, -1.0; 184
-1.0, 6.0, -1.0; 519
0.0, 6.0, -1.0; 612
1.0, 6.0, -1.0; 172
2.0, 6.0, -1.0; 4
3.0, 6.0, -1.0; 12
4.0, 6.0, -1.0; 17
5.0, 6.0, -1.0; 6
6.0, 6.0, -1.0; 3
-7.0, 7.0, -1.0; 30
-6.0, 7.0, -1.0; 83
-5.0, 7.0, -1.0; 130
-4.0, 7.0, -1.0; 55
-3.0, 7.0, -1.0; 17
-2.0, 7.0, -1.0; 14
-1.0, 7.0, -1.0; 65
0.0, 7.0, -1.0; 49
1.0, 7.0, -1.0; 7
2.0, 7.0, -1.0; 23
3.0, 7.0, -1.0; 30
4.0, 7.0, -1.0; 5
5.0, 7.0, -1.0; 1
6.0, 7.0, -1.0; 6
-6.0, 8.0, -1.0; 16
-5.0, 8.0, -1.0; 66
-4.0, 8.0, -1.0; 64
-3.0, 8.0, -1.0; 51
-2.0, 8.0, -1.0; 48
-1.0, 8.0, -1.0; 58
0.0, 8.0, -1.0; 70
1.0, 8.0, -1.0; 82
2.0, 8.0, -1.0; 60
3.0, 8.0, -1.0; 21
4.0, 8.0, -1.0; 4
5.0, 8.0, -1.0; 1
-4.0, 9.0, -1.0; 13
-3.0, 9.0, -1.0; 46
-2.0, 9.0, -1.0; 103
-1.0, 9.0, -1.0; 157
0.0, 9.0, -1.0; 97
1.0, 9.0, -1.0; 52
2.0, 9.0, -1.0; 17
3.0, 9.0, -1.0; 5
-5.0, -10.0, 0.0; 8
-4.0, -10.0, 0.0; 26
-3.0, -10.0, 0.0; 74
-2.0, -10.0, 0.0; 96
-1.0, -10.0, 0.0; 149
0.0, -10.0, 0.0; 172
1.0, -10.0, 0.0; 140
2.0, -10.0, 0.0; 38
3.0, -10.0, 0.0; 5
4.0, -10.0, 0.0; 1
-6.0, -9.0, 0.0; 19
-5.0, -9.0, 0.0; 38
-4.0, -9.0, 0.0; 21
-3.0, -9.0, 0.0; 21
-2.0, -9.0, 0.0; 18
-1.0, -9.0, 0.0; 30
0.0, -9.0, 0.0; 46
1.0, -9.0, 0.0; 67
2.0, -9.0, 0.0; 77
3.0, -9.0, 0.0; 19
4.0, -9.0, 0.0; 9
5.0, -9.0, 0.0; 9
-7.0, -8.0, 0.0; 27
-6.0, -8.0, 0.0; 21
-5.0, -8.0, 0.0; 11
-4.0, -8.0, 0.0; 4
-3.0, -8.0, 0.0; 1
-2.0, -8.0, 0.0; 83
-1.0, -8.0, 0.0; 84
0.0, -8.0, 0.0; 19
1.0, -8.0, 0.0; 18
2.0, -8.0, 0.0; 10
3.0, -8.0, 0.0; 8
4.0, -8.0, 0.0; 10
5.0, -8.0, 0.0; 17
6.0, -8.0, 0.0; 8
-8.0, -7.0, 0.0; 13
-7.0, -7.0, 0.0; 16
-6.0, -7.0, 0.0; 9
-5.0, -7.0, 0.0; 3
-4.0, -7.0, 0.0; 68
-3.0, -7.0, 0.0; 325
-2.0, -7.0, 0.0; 811
-1.0, -7.0, 0.0; 902
0.0, -7.0, 0.0; 487
1.0, -7.0, 0.0; 27
2.0, -7.0, 0.0; 15
3.0, -7.0, 0.0; 11
4.0, -7.0, 0.0; 10
5.0, -7.0, 0.0; 4
6.0, -7.0, 0.0; 10
7.0, -7.0, 0.0; 4
-9.0, -6.0, 0.0; 3
-8.0, -6.0, 0.0; 21
-7.0, -6.0, 0.0; 10
-6.0, -6.0, 0.0; 8
-5.0, -6.0, 0.0; 54
-4.0, -6.0, 0.0; 16
-3.0, -6.0, 0.0; 2
-2.0, -6.0, 0.0; 12
-1.0, -6.0, 0.0; 56
0.0, -6.0, 0.0; 81
1.0, -6.0, 0.0; 39
2.0, -6.0, 0.0; 22
3.0, -6.0, 0.0; 16
4.0, -6.0, 0.0; 12
5.0, -6.0, 0.0; 4
6.0, -6.0, 0.0; 2
-9.0, -5.0, 0.0; 10
-8.0, -5.0, 0.0; 13
-7.0, -5.0, 0.0; 2
-6.0, -5.0, 0.0; 76
-5.0, -5.0, 0.0; 5
-4.0, -5.0, 0.0; 3
-2.0, -5.0, 0.0; 2
-1.0, -5.0, 0.0; 2
0.0, -5.0, 0.0; 9
1.0, -5.0, 0.0; 1
2.0, -5.0, 0.0; 17
3.0, -5.0, 0.0; 18
4.0, -5.0, 0.0; 21
5.0, -5.0, 0.0; 3
-10.0, -4.0, 0.0; 2
-9.0, -4.0, 0.0; 13
-8.0, -4.0, 0.0; 10
-7.0, -4.0, 0.0; 12
-6.0, -4.0, 0.0; 44
-4.0, -4.0, 0.0; 1
2.0, -4.0, 0.0; 1
3.0, -4.0, 0.0; 2
4.0, -4.0, 0.0; 5
5.0, -4.0, 0.0; 1
6.0, -4.0, 0.0; 1
8.0, -4.0, 0.0; 2
-10.0, -3.0, 0.0; 2
-9.0, -3.0, 0.0; 10
-8.0, -3.0, 0.0; 7
-7.0, -3.0, 0.0; 5
-6.0, -3.0, 0.0; 12
3.0, -3.0, 0.0; 1
4.0, -3.0, 0.0; 1
5.0, -3.0, 0.0; 2
6.0, -3.0, 0.0; 1
-10.0, -2.0, 0.0; 6
-9.0, -2.0, 0.0; 9
-8.0, -2.0, 0.0; 7
-7.0, -2.0, 0.0; 8
-6.0, -2.0, 0.0; 7
-5.0, -2.0, 0.0; 2
5.0, -2.0, 0.0; 1
6.0, -2.0, 0.0; 1
7.0, -2.0, 0.0; 1
-10.0, -1.0, 0.0; 3
-9.0, -1.0, 0.0; 6
-8.0, -1.0, 0.0; 7
-7.0, -1.0, 0.0; 11
-6.0, -1.0, 0.0; 49
-5.0, -1.0, 0.0; 7
6.0, -1.0, 0.0; 2
7.0, -1.0, 0.0; 1
8.0, -1.0, 0.0; 1
9.0, -1.0, 0.0; 1
-10.0, 0.0, 0.0; 6
-9.0, 0.0, 0.0; 4
-8.0, 0.0, 0.0; 4
-7.0, 0.0, 0.0; 11
-6.0, 0.0, 0.0; 18
-5.0, 0.0, 0.0; 3
-4.0, 0.0, 0.0; 1
6.0
22.2735669655
