6.0, 0.0, 0.0; 3
-10.0, 1.0, 0.0; 4
-9.0, 1.0, 0.0; 19
-8.0, 1.0, 0.0; 16
-7.0, 1.0, 0.0; 11
-6.0, 1.0, 0.0; 463
-5.0, 1.0, 0.0; 139
6.0, 1.0, 0.0; 12
7.0, 1.0, 0.0; 3
-10.0, 2.0, 0.0; 9
-9.0, 2.0, 0.0; 25
-8.0, 2.0, 0.0; 17
-7.0, 2.0, 0.0; 7
-6.0, 2.0, 0.0; 145
-5.0, 2.0, 0.0; 325
-4.0, 2.0, 0.0; 2
7.0, 2.0, 0.0; 2
-10.0, 3.0, 0.0; 4
-9.0, 3.0, 0.0; 32
-8.0, 3.0, 0.0; 27
-7.0, 3.0, 0.0; 23
-6.0, 3.0, 0.0; 57
-5.0, 3.0, 0.0; 63
-4.0, 3.0, 0.0; 1
-3.0, 3.0, 0.0; 2
2.0, 3.0, 0.0; 1
5.0, 3.0, 0.0; 1
-9.0, 4.0, 0.0; 31
-8.0, 4.0, 0.0; 33
-7.0, 4.0, 0.0; 12
-6.0, 4.0, 0.0; 70
-5.0, 4.0, 0.0; 92
-4.0, 4.0, 0.0; 24
-3.0, 4.0, 0.0; 1
-2.0, 4.0, 0.0; 2
-1.0, 4.0, 0.0; 2
0.0, 4.0, 0.0; 1
1.0, 4.0, 0.0; 6
2.0, 4.0, 0.0; 4
3.0, 4.0, 0.0; 3
4.0, 4.0, 0.0; 3
5.0, 4.0, 0.0; 3
7.0, 4.0, 0.0; 1
-9.0, 5.0, 0.0; 19
-8.0, 5.0, 0.0; 70
-7.0, 5.0, 0.0; 69
-6.0, 5.0, 0.0; 11
-5.0, 5.0, 0.0; 33
-4.0, 5.0, 0.0; 90
-3.0, 5.0, 0.0; 63
-2.0, 5.0, 0.0; 31
-1.0, 5.0, 0.0; 62
0.0, 5.0, 0.0; 122
1.0, 5.0, 0.0; 34
2.0, 5.0, 0.0; 4
3.0, 5.0, 0.0; 3
4.0, 5.0, 0.0; 2
5.0, 5.0, 0.0; 2
-8.0, 6.0, 0.0; 41
-7.0, 6.0, 0.0; 338
-6.0, 6.0, 0.0; 1958
-5.0, 6.0, 0.0; 162
-4.0, 6.0, 0.0; 34
-3.0, 6.0, 0.0; 69
-2.0, 6.0, 0.0; 69
-1.0, 6.0, 0.0; 64
0.0, 6.0, 0.0; 49
1.0, 6.0, 0.0; 10
2.0, 6.0, 0.0; 2
3.0, 6.0, 0.0; 3
4.0, 6.0, 0.0; 5
5.0, 6.0, 0.0; 1
6.0, 6.0, 0.0; 3
-7.0, 7.0, 0.0; 14
-6.0, 7.0, 0.0; 78
-5.0, 7.0, 0.0; 150
-4.0, 7.0, 0.0; 25
-3.0, 7.0, 0.0; 26
-2.0, 7.0, 0.0; 28
-1.0, 7.0, 0.0; 46
0.0, 7.0, 0.0; 16
1.0, 7.0, 0.0; 8
2.0, 7.0, 0.0; 5
3.0, 7.0, 0.0; 2
4.0, 7.0, 0.0; 2
-6.0, 8.0, 0.0; 4
-5.0, 8.0, 0.0; 23
-4.0, 8.0, 0.0; 33
-3.0, 8.0, 0.0; 12
-2.0, 8.0, 0.0; 3
-1.0, 8.0, 0.0; 5
0.0, 8.0, 0.0; 9
1.0, 8.0, 0.0; 12
2.0, 8.0, 0.0; 2
3.0, 8.0, 0.0; 4
5.0, 8.0, 0.0; 1
-5.0, 9.0, 0.0; 1
-4.0, 9.0, 0.0; 19
-3.0, 9.0, 0.0; 29
-2.0, 9.0, 0.0; 44
-1.0, 9.0, 0.0; 32
0.0, 9.0, 0.0; 34
1.0, 9.0, 0.0; 16
2.0, 9.0, 0.0; 5
3.0, 9.0, 0.0; 1
-5.0, -10.0, 1.0; 1
-4.0, -10.0, 1.0; 16
-3.0, -10.0, 1.0; 16
-2.0, -10.0, 1.0; 21
-1.0, -10.0, 1.0; 25
0.0, -10.0, 1.0; 11
1.0, -10.0, 1.0; 6
2.0, -10.0, 1.0; 2
-6.0, -9.0, 1.0; 14
-5.0, -9.0, 1.0; 48
-4.0, -9.0, 1.0; 48
-3.0, -9.0, 1.0; 19
-2.0, -9.0, 1.0; 18
-1.0, -9.0, 1.0; 7
0.0, -9.0, 1.0; 11
1.0, -9.0, 1.0; 7
2.0, -9.0, 1.0; 4
3.0, -9.0, 1.0; 2
4.0, -9.0, 1.0; 2
-7.0, -8.0, 1.0; 16
-6.0, -8.0, 1.0; 50
-5.0, -8.0, 1.0; 26
-4.0, -8.0, 1.0; 12
-3.0, -8.0, 1.0; 4
-2.0, -8.0, 1.0; 3
-1.0, -8.0, 1.0; 8
0.0, -8.0, 1.0; 6
1.0, -8.0, 1.0; 10
2.0, -8.0, 1.0; 8
4.0, -8.0, 1.0; 3
5.0, -8.0, 1.0; 3
-8.0, -7.0, 1.0; 10
-7.0, -7.0, 1.0; 63
-6.0, -7.0, 1.0; 26
-5.0, -7.0, 1.0; 6
-4.0, -7.0, 1.0; 116
-3.0, -7.0, 1.0; 304
-2.0, -7.0, 1.0; 263
-1.0, -7.0, 1.0; 94
0.0, -7.0, 1.0; 29
1.0, -7.0, 1.0; 4
2.0, -7.0, 1.0; 10
3.0, -7.0, 1.0; 4
4.0, -7.0, 1.0; 1
5.0, -7.0, 1.0; 1
-9.0, -6.0, 1.0; 2
-8.0, -6.0, 1.0; 43
-7.0, -6.0, 1.0; 58
-6.0, -6.0, 1.0; 13
-5.0, -6.0, 1.0; 238
-4.0, -6.0, 1.0; 324
-3.0, -6.0, 1.0; 163
-2.0, -6.0, 1.0; 89
-1.0, -6.0, 1.0; 42
0.0, -6.0, 1.0; 26
1.0, -6.0, 1.0; 17
2.0, -6.0, 1.0; 11
3.0, -6.0, 1.0; 4
4.0, -6.0, 1.0; 1
7.0, -6.0, 1.0; 1
-9.0, -5.0, 1.0; 11
-8.0, -5.0, 1.0; 73
-7.0, -5.0, 1.0; 33
-6.0, -5.0, 1.0; 180
-5.0, -5.0, 1.0; 252
-4.0, -5.0, 1.0; 17
-3.0, -5.0, 1.0; 18
-2.0, -5.0, 1.0; 8
0.0, -5.0, 1.0; 4
1.0, -5.0, 1.0; 5
2.0, -5.0, 1.0; 12
3.0, -5.0, 1.0; 10
4.0, -5.0, 1.0; 4
5.0, -5.0, 1.0; 1
6.0, -5.0, 1.0; 1
7.0, -5.0, 1.0; 1
8.0, -5.0, 1.0; 2
-10.0, -4.0, 1.0; 2
-9.0, -4.0, 1.0; 23
-8.0, -4.0, 1.0; 74
-7.0, -4.0, 1.0; 19
-6.0, -4.0, 1.0; 410
-5.0, -4.0, 1.0; 73
-4.0, -4.0, 1.0; 5
-3.0, -4.0, 1.0; 1
2.0, -4.0, 1.0; 3
3.0, -4.0, 1.0; 6
4.0, -4.0, 1.0; 1
-10.0, -3.0, 1.0; 7
-9.0, -3.0, 1.0; 25
-8.0, -3.0, 1.0; 77
-7.0, -3.0, 1.0; 18
-6.0, -3.0, 1.0; 20
-5.0, -3.0, 1.0; 1
-4.0, -3.0, 1.0; 1
3.0, -3.0, 1.0; 1
4.0, -3.0, 1.0; 3
8.0, -3.0, 1.0; 1
9.0, -3.0, 1.0; 1
-10.0, -2.0, 1.0; 12
-9.0, -2.0, 1.0; 18
-8.0, -2.0, 1.0; 34
-7.0, -2.0, 1.0; 19
-6.0, -2.0, 1.0; 39
-5.0, -2.0, 1.0; 18
3.0, -2.0, 1.0; 1
-10.0, -1.0, 1.0; 3
-9.0, -1.0, 1.0; 6
-8.0, -1.0, 1.0; 28
-7.0, -1.0, 1.0; 46
-6.0, -1.0, 1.0; 29
-5.0, -1.0, 1.0; 6
-10.0, 0.0, 1.0; 8
-9.0, 0.0, 1.0; 11
-8.0, 0.0, 1.0; 18
-7.0, 0.0, 1.0; 20
-6.0, 0.0, 1.0; 34
-5.0, 0.0, 1.0; 4
6.0, 0.0, 1.0; 1
-10.0, 1.0, 1.0; 8
-9.0, 1.0, 1.0; 16
-8.0, 1.0, 1.0; 17
-7.0, 1.0, 1.0; 10
-6.0, 1.0, 1.0; 44
-5.0, 1.0, 1.0; 35
5.0, 1.0, 1.0; 2
6.0, 1.0, 1.0; 4
-10.0, 2.0, 1.0; 3
-9.0, 2.0, 1.0; 18
-8.0, 2.0, 1.0; 19
-7.0, 2.0, 1.0; 9
-6.0, 2.0, 1.0; 37
-5.0, 2.0, 1.0; 137
-4.0, 2.0, 1.0; 4
4.0, 2.0, 1.0; 2
5.0, 2.0, 1.0; 1
-10.0, 3.0, 1.0; 3
-9.0, 3.0, 1.0; 9
-8.0, 3.0, 1.0; 33
-7.0, 3.0, 1.0; 11
-6.0, 3.0, 1.0; 22
-5.0, 3.0, 1.0; 73
-4.0, 3.0, 1.0; 41
-3.0, 3.0, 1.0; 1
-2.0, 3.0, 1.0; 1
3.0, 3.0, 1.0; 2
4.0, 3.0, 1.0; 6
5.0, 3.0, 1.0; 3
7.0, 3.0, 1.0; 1
8.0, 3.0, 1.0; 1
-9.0, 4.0, 1.0; 11
-8.0, 4.0, 1.0; 46
-7.0, 4.0, 1.0; 24
-6.0, 4.0, 1.0; 35
-5.0, 4.0, 1.0; 51
-4.0, 4.0, 1.0; 79
-3.0, 4.0, 1.0; 55
-2.0, 4.0, 1.0; 5
-1.0, 4.0, 1.0; 5
0.0, 4.0, 1.0; 5
1.0, 4.0, 1.0; 17
2.0, 4.0, 1.0; 2
4.0, 4.0, 1.0; 5
-9.0, 5.0, 1.0; 5
-8.0, 5.0, 1.0; 59
-7.0, 5.0, 1.0; 30
-6.0, 5.0, 1.0; 10
-5.0, 5.0, 1.0; 44
-4.0, 5.0, 1.0; 144
-3.0, 5.0, 1.0; 1496
-2.0, 5.0, 1.0; 716
-1.0, 5.0, 1.0; 67
0.0, 5.0, 1.0; 61
1.0, 5.0, 1.0; 25
2.0, 5.0, 1.0; 2
3.0, 5.0, 1.0; 1
4.0, 5.0, 1.0; 2
5.0, 5.0, 1.0; 3
7.0, 5.0, 1.0; 1
-8.0, 6.0, 1.0; 27
-7.0, 6.0, 1.0; 84
-6.0, 6.0, 1.0; 224
-5.0, 6.0, 1.0; 51
-4.0, 6.0, 1.0; 48
-3.0, 6.0, 1.0; 82
-2.0, 6.0, 1.0; 54
-1.0, 6.0, 1.0; 29
0.0, 6.0, 1.0; 6
1.0, 6.0, 1.0; 1
3.0, 6.0, 1.0; 1
4.0, 6.0, 1.0; 2
-7.0, 7.0, 1.0; 20
-6.0, 7.0, 1.0; 51
-5.0, 7.0, 1.0; 42
-4.0, 7.0, 1.0; 12
-3.0, 7.0, 1.0; 2
-2.0, 7.0, 1.0; 7
-1.0, 7.0, 1.0; 7
0.0, 7.0, 1.0; 3
1.0, 7.0, 1.0; 7
2.0, 7.0, 1.0; 5
3.0, 7.0, 1.0; 3
4.0, 7.0, 1.0; 1
5.0, 7.0, 1.0; 1
-6.0, 8.0, 1.0; 4
-5.0, 8.0, 1.0; 11
-4.0, 8.0, 1.0; 27
-3.0, 8.0, 1.0; 15
-2.0, 8.0, 1.0; 8
-1.0, 8.0, 1.0; 6
0.0, 8.0, 1.0; 9
1.0, 8.0, 1.0; 9
2.0, 8.0, 1.0; 8
3.0, 8.0, 1.0; 1
4.0, 8.0, 1.0; 2
-4.0, 9.0, 1.0; 14
-3.0, 9.0, 1.0; 25
-2.0, 9.0, 1.0; 26
-1.0, 9.0, 1.0; 25
0.0, 9.0, 1.0; 17
1.0, 9.0, 1.0; 9
2.0, 9.0, 1.0; 4
-4.0, -10.0, 2.0; 1
-3.0, -10.0, 2.0; 9
-2.0, -10.0, 2.0; 15
-1.0, -10.0, 2.0; 9
0.0, -10.0, 2.0; 2
2.0, -10.0, 2.0; 1
-6.0, -9.0, 2.0; 1
-5.0, -9.0, 2.0; 21
-4.0, -9.0, 2.0; 31
-3.0, -9.0, 2.0; 31
-2.0, -9.0, 2.0; 24
-1.0, -9.0, 2.0; 16
0.0, -9.0, 2.0; 11
1.0, -9.0, 2.0; 5
2.0, -9.0, 2.0; 2
3.0, -9.0, 2.0; 2
-7.0, -8.0, 2.0; 5
-6.0, -8.0, 2.0; 42
-5.0, -8.0, 2.0; 41
-4.0, -8.0, 2.0; 25
-3.0, -8.0, 2.0; 6
-2.0, -8.0, 2.0; 5
-1.0, -8.0, 2.0; 7
0.0, -8.0, 2.0; 5
1.0, -8.0, 2.0; 8
2.0, -8.0, 2.0; 2
3.0, -8.0, 2.0; 2
4.0, -8.0, 2.0; 1
5.0, -8.0, 2.0; 3
-8.0, -7.0, 2.0; 7
-7.0, -7.0, 2.0; 23
-6.0, -7.0, 2.0; 38
-5.0, -7.0, 2.0; 14
-4.0, -7.0, 2.0; 6
-3.0, -7.0, 2.0; 20
-2.0, -7.0, 2.0; 15
-1.0, -7.0, 2.0; 6
0.0, -7.0, 2.0; 7
1.0, -7.0, 2.0; 6
2.0, -7.0, 2.0; 5
3.0, -7.0, 2.0; 2
4.0, -7.0, 2.0; 1
5.0, -7.0, 2.0; 1
-8.0, -6.0, 2.0; 15
-7.0, -6.0, 2.0; 37
-6.0, -6.0, 2.0; 19
-5.0, -6.0, 2.0; 15
-4.0, -6.0, 2.0; 150
-3.0, -6.0, 2.0; 206
-2.0, -6.0, 2.0; 70
-1.0, -6.0, 2.0; 19
0.0, -6.0, 2.0; 12
1.0, -6.0, 2.0; 8
2.0, -6.0, 2.0; 3
3.0, -6.0, 2.0; 3
6.0, -6.0, 2.0; 3
-9.0, -5.0, 2.0; 5
-8.0, -5.0, 2.0; 23
-7.0, -5.0, 2.0; 51
-6.0, -5.0, 2.0; 8
-5.0, -5.0, 2.0; 202
-4.0, -5.0, 2.0; 154
-3.0, -5.0, 2.0; 26
-2.0, -5.0, 2.0; 6
-1.0, -5.0, 2.0; 5
0.0, -5.0, 2.0; 3
1.0, -5.0, 2.0; 5
2.0, -5.0, 2.0; 4
3.0, -5.0, 2.0; 2
6.0, -5.0, 2.0; 1
7.0, -5.0, 2.0; 1
-10.0, -4.0, 2.0; 1
-9.0, -4.0, 2.0; 16
-8.0, -4.0, 2.0; 49
-7.0, -4.0, 2.0; 34
-6.0, -4.0, 2.0; 28
-5.0, -4.0, 2.0; 155
-4.0, -4.0, 2.0; 19
-3.0, -4.0, 2.0; 4
-1.0, -4.0, 2.0; 1
0.0, -4.0, 2.0; 2
2.0, -4.0, 2.0; 2
3.0, -4.0, 2.0; 3
8.0, -4.0, 2.0; 1
-10.0, -3.0, 2.0; 2
-9.0, -3.0, 2.0; 16
-8.0, -3.0, 2.0; 57
-7.0, -3.0, 2.0; 48
-6.0, -3.0, 2.0; 20
-5.0, -3.0, 2.0; 10
-4.0, -3.0, 2.0; 24
-3.0, -3.0, 2.0; 1
1.0, -3.0, 2.0; 1
2.0, -3.0, 2.0; 2
3.0, -3.0, 2.0; 1
4.0, -3.0, 2.0; 1
5.0, -3.0, 2.0; 1
8.0, -3.0, 2.0; 1
-10.0, -2.0, 2.0; 4
-9.0, -2.0, 2.0; 11
-8.0, -2.0, 2.0; 24
-7.0, -2.0, 2.0; 37
-6.0, -2.0, 2.0; 21
-5.0, -2.0, 2.0; 24
-4.0, -2.0, 2.0; 17
4.0, -2.0, 2.0; 1
8.0, -2.0, 2.0; 1
-10.0, -1.0, 2.0; 5
-9.0, -1.0, 2.0; 5
-8.0, -1.0, 2.0; 17
-7.0, -1.0, 2.0; 26
-6.0, -1.0, 2.0; 59
-5.0, -1.0, 2.0; 11
-4.0, -1.0, 2.0; 7
-3.0, -1.0, 2.0; 1
5.0, -1.0, 2.0; 1
-10.0, 0.0, 2.0; 9
-9.0, 0.0, 2.0; 3
-8.0, 0.0, 2.0; 10
-7.0, 0.0, 2.0; 14
-6.0, 0.0, 2.0; 49
-5.0, 0.0, 2.0; 27
-4.0, 0.0, 2.0; 1
4.0, 0.0, 2.0; 1
5.0, 0.0, 2.0; 6
6.0, 0.0, 2.0; 1
7.0, 0.0, 2.0; 1
-10.0, 1.0, 2.0; 5
-9.0, 1.0, 2.0; 6
-8.0, 1.0, 2.0; 14
-7.0, 1.0, 2.0; 10
-6.0, 1.0, 2.0; 28
-5.0, 1.0, 2.0; 383
-4.0, 1.0, 2.0; 283
-3.0, 1.0, 2.0; 2
5.0, 1.0, 2.0; 5
-10.0, 2.0, 2.0; 1
-9.0, 2.0, 2.0; 11
-8.0, 2.0, 2.0; 26
-7.0, 2.0, 2.0; 15
-6.0, 2.0, 2.0; 10
-5.0, 2.0, 2.0; 610
-4.0, 2.0, 2.0; 2072
-3.0, 2.0, 2.0; 23
4.0, 2.0, 2.0; 2
-10.0, 3.0, 2.0; 1
-9.0, 3.0, 2.0; 11
-8.0, 3.0, 2.0; 30
-7.0, 3.0, 2.0; 23
-6.0, 3.0, 2.0; 9
-5.0, 3.0, 2.0; 31
-4.0, 3.0, 2.0; 133
-3.0, 3.0, 2.0; 33
-2.0, 3.0, 2.0; 5
-1.0, 3.0, 2.0; 2
0.0, 3.0, 2.0; 2
1.0, 3.0, 2.0; 3
2.0, 3.0, 2.0; 1
4.0, 3.0, 2.0; 2
5.0, 3.0, 2.0; 1
7.0, 3.0, 2.0; 1
-9.0, 4.0, 2.0; 15
-8.0, 4.0, 2.0; 29
-7.0, 4.0, 2.0; 26
-6.0, 4.0, 2.0; 19
-5.0, 4.0, 2.0; 18
-4.0, 4.0, 2.0; 40
-3.0, 4.0, 2.0; 67
-2.0, 4.0, 2.0; 80
-1.0, 4.0, 2.0; 55
0.0, 4.0, 2.0; 34
1.0, 4.0, 2.0; 7
2.0, 4.0, 2.0; 2
3.0, 4.0, 2.0; 5
4.0, 4.0, 2.0; 7
6.0, 4.0, 2.0; 1
7.0, 4.0, 2.0; 1
-9.0, 5.0, 2.0; 3
-8.0, 5.0, 2.0; 30
-7.0, 5.0, 2.0; 27
-6.0, 5.0, 2.0; 12
-5.0, 5.0, 2.0; 11
-4.0, 5.0, 2.0; 28
-3.0, 5.0, 2.0; 107
-2.0, 5.0, 2.0; 173
-1.0, 5.0, 2.0; 29
0.0, 5.0, 2.0; 16
1.0, 5.0, 2.0; 2
2.0, 5.0, 2.0; 3
3.0, 5.0, 2.0; 3
4.0, 5.0, 2.0; 4
5.0, 5.0, 2.0; 1
6.0, 5.0, 2.0; 2
-8.0, 6.0, 2.0; 11
-7.0, 6.0, 2.0; 35
-6.0, 6.0, 2.0; 29
-5.0, 6.0, 2.0; 16
-4.0, 6.0, 2.0; 9
-3.0, 6.0, 2.0; 8
-2.0, 6.0, 2.0; 6
-1.0, 6.0, 2.0; 4
0.0, 6.0, 2.0; 2
1.0, 6.0, 2.0; 3
2.0, 6.0, 2.0; 1
3.0, 6.0, 2.0; 2
4.0, 6.0, 2.0; 2
5.0, 6.0, 2.0; 1
6.0, 6.0, 2.0; 1
-7.0, 7.0, 2.0; 3
-6.0, 7.0, 2.0; 18
-5.0, 7.0, 2.0; 18
-4.0, 7.0, 2.0; 14
-3.0, 7.0, 2.0; 11
-2.0, 7.0, 2.0; 11
-1.0, 7.0, 2.0; 7
0.0, 7.0, 2.0; 8
1.0, 7.0, 2.0; 7
2.0, 7.0, 2.0; 8
3.0, 7.0, 2.0; 3
4.0, 7.0, 2.0; 2
-6.0, 8.0, 2.0; 5
-5.0, 8.0, 2.0; 14
-4.0, 8.0, 2.0; 38
-3.0, 8.0, 2.0; 15
-2.0, 8.0, 2.0; 13
-1.0, 8.0, 2.0; 13
0.0, 8.0, 2.0; 8
1.0, 8.0, 2.0; 5
2.0, 8.0, 2.0; 3
3.0, 8.0, 2.0; 2
4.0, 8.0, 2.0; 2
-4.0, 9.0, 2.0; 1
-3.0, 9.0, 2.0; 13
-2.0, 9.0, 2.0; 24
-1.0, 9.0, 2.0; 31
0.0, 9.0, 2.0; 10
1.0, 9.0, 2.0; 7
2.0, 9.0, 2.0; 1
-3.0, -10.0, 3.0; 1
-2.0, -10.0, 3.0; 1
-1.0, -10.0, 3.0; 1
-5.0, -9.0, 3.0; 4
-4.0, -9.0, 3.0; 14
-3.0, -9.0, 3.0; 16
-2.0, -9.0, 3.0; 11
-1.0, -9.0, 3.0; 9
0.0, -9.0, 3.0; 4
1.0, -9.0, 3.0; 6
2.0, -9.0, 3.0; 2
3.0, -9.0, 3.0; 1
4.0, -9.0, 3.0; 1
-6.0, -8.0, 3.0; 20
-5.0, -8.0, 3.0; 21
-4.0, -8.0, 3.0; 34
-3.0, -8.0, 3.0; 11
-2.0, -8.0, 3.0; 7
-1.0, -8.0, 3.0; 10
0.0, -8.0, 3.0; 6
1.0, -8.0, 3.0; 3
2.0, -8.0, 3.0; 2
3.0, -8.0, 3.0; 2
5.0, -8.0, 3.0; 1
-7.0, -7.0, 3.0; 11
-6.0, -7.0, 3.0; 22
-5.0, -7.0, 3.0; 28
-4.0, -7.0, 3.0; 12
-3.0, -7.0, 3.0; 8
-2.0, -7.0, 3.0; 1
-1.0, -7.0, 3.0; 10
0.0, -7.0, 3.0; 5
1.0, -7.0, 3.0; 3
2.0, -7.0, 3.0; 1
4.0, -7.0, 3.0; 1
5.0, -7.0, 3.0; 2
-8.0, -6.0, 3.0; 1
-7.0, -6.0, 3.0; 15
-6.0, -6.0, 3.0; 19
-5.0, -6.0, 3.0; 17
-4.0, -6.0, 3.0; 1
-3.0, -6.0, 3.0; 2
-2.0, -6.0, 3.0; 4
-1.0, -6.0, 3.0; 3
0.0, -6.0, 3.0; 5
1.0, -6.0, 3.0; 3
2.0, -6.0, 3.0; 1
3.0, -6.0, 3.0; 1
4.0, -6.0, 3.0; 2
6.0, -6.0, 3.0; 1
-8.0, -5.0, 3.0; 10
-7.0, -5.0, 3.0; 38
-6.0, -5.0, 3.0; 27
-5.0, -5.0, 3.0; 5
-4.0, -5.0, 3.0; 6
-3.0, -5.0, 3.0; 8
-2.0, -5.0, 3.0; 5
-1.0, -5.0, 3.0; 4
0.0, -5.0, 3.0; 7
1.0, -5.0, 3.0; 2
2.0, -5.0, 3.0; 4
3.0, -5.0, 3.0; 1
4.0, -5.0, 3.0; 4
7.0, -5.0, 3.0; 1
-9.0, -4.0, 3.0; 7
-8.0, -4.0, 3.0; 16
-7.0, -4.0, 3.0; 41
-6.0, -4.0, 3.0; 26
-5.0, -4.0, 3.0; 6
-4.0, -4.0, 3.0; 5
-3.0, -4.0, 3.0; 9
-2.0, -4.0, 3.0; 10
-1.0, -4.0, 3.0; 3
0.0, -4.0, 3.0; 6
1.0, -4.0, 3.0; 3
2.0, -4.0, 3.0; 1
3.0, -4.0, 3.0; 2
5.0, -4.0, 3.0; 1
-10.0, -3.0, 3.0; 1
-9.0, -3.0, 3.0; 8
-8.0, -3.0, 3.0; 33
-7.0, -3.0, 3.0; 46
-6.0, -3.0, 3.0; 52
-5.0, -3.0, 3.0; 17
-4.0, -3.0, 3.0; 15
-3.0, -3.0, 3.0; 16
-2.0, -3.0, 3.0; 11
-1.0, -3.0, 3.0; 11
1.0, -3.0, 3.0; 4
4.0, -3.0, 3.0; 3
5.0, -3.0, 3.0; 1
6.0, -3.0, 3.0; 1
-10.0, -2.0, 3.0; 1
-9.0, -2.0, 3.0; 6
-8.0, -2.0, 3.0; 24
-7.0, -2.0, 3.0; 34
-6.0, -2.0, 3.0; 59
-5.0, -2.0, 3.0; 77
-4.0, -2.0, 3.0; 13
-3.0, -2.0, 3.0; 8
0.0, -2.0, 3.0; 1
1.0, -2.0, 3.0; 1
4.0, -2.0, 3.0; 1
5.0, -2.0, 3.0; 1
6.0, -2.0, 3.0; 1
-10.0, -1.0, 3.0; 4
-9.0, -1.0, 3.0; 10
-8.0, -1.0, 3.0; 9
-7.0, -1.0, 3.0; 10
-6.0, -1.0, 3.0; 21
-5.0, -1.0, 3.0; 22
-4.0, -1.0, 3.0; 13
-3.0, -1.0, 3.0; 5
-2.0, -1.0, 3.0; 2
0.0, -1.0, 3.0; 1
4.0, -1.0, 3.0; 1
-10.0, 0.0, 3.0; 4
-9.0, 0.0, 3.0; 7
-8.0, 0.0, 3.0; 4
-7.0, 0.0, 3.0; 10
-6.0, 0.0, 3.0; 10
-5.0, 0.0, 3.0; 14
-4.0, 0.0, 3.0; 9
-3.0, 0.0, 3.0; 6
2.0, 0.0, 3.0; 2
4.0, 0.0, 3.0; 1
-10.0, 1.0, 3.0; 6
-9.0, 1.0, 3.0; 6
-8.0, 1.0, 3.0; 8
-7.0, 1.0, 3.0; 11
-6.0, 1.0, 3.0; 14
-5.0, 1.0, 3.0; 34
-4.0, 1.0, 3.0; 171
-3.0, 1.0, 3.0; 50
-2.0, 1.0, 3.0; 4
-1.0, 1.0, 3.0; 1
0.0, 1.0, 3.0; 1
3.0, 1.0, 3.0; 1
4.0, 1.0, 3.0; 2
5.0, 1.0, 3.0; 3
-9.0, 2.0, 3.0; 9
-8.0, 2.0, 3.0; 14
-7.0, 2.0, 3.0; 18
-6.0, 2.0, 3.0; 10
-5.0, 2.0, 3.0; 10
-4.0, 2.0, 3.0; 309
-3.0, 2.0, 3.0; 171
-2.0, 2.0, 3.0; 7
-1.0, 2.0, 3.0; 6
0.0, 2.0, 3.0; 4
1.0, 2.0, 3.0; 2
2.0, 2.0, 3.0; 3
3.0, 2.0, 3.0; 1
4.0, 2.0, 3.0; 2
5.0, 2.0, 3.0; 1
-9.0, 3.0, 3.0; 10
-8.0, 3.0, 3.0; 17
-7.0, 3.0, 3.0; 25
-6.0, 3.0, 3.0; 19
-5.0, 3.0, 3.0; 8
-4.0, 3.0, 3.0; 18
-3.0, 3.0, 3.0; 46
-2.0, 3.0, 3.0; 33
-1.0, 3.0, 3.0; 13
0.0, 3.0, 3.0; 6
1.0, 3.0, 3.0; 4
2.0, 3.0, 3.0; 2
3.0, 3.0, 3.0; 4
4.0, 3.0, 3.0; 2
-9.0, 4.0, 3.0; 3
-8.0, 4.0, 3.0; 20
-7.0, 4.0, 3.0; 20
-6.0, 4.0, 3.0; 20
-5.0, 4.0, 3.0; 8
-4.0, 4.0, 3.0; 5
-3.0, 4.0, 3.0; 19
-2.0, 4.0, 3.0; 16
-1.0, 4.0, 3.0; 17
0.0, 4.0, 3.0; 2
1.0, 4.0, 3.0; 4
2.0, 4.0, 3.0; 3
3.0, 4.0, 3.0; 4
4.0, 4.0, 3.0; 2
-9.0, 5.0, 3.0; 1
-8.0, 5.0, 3.0; 44
-7.0, 5.0, 3.0; 28
-6.0, 5.0, 3.0; 13
-5.0, 5.0, 3.0; 11
-4.0, 5.0, 3.0; 3
-3.0, 5.0, 3.0; 2
-2.0, 5.0, 3.0; 3
-1.0, 5.0, 3.0; 3
0.0, 5.0, 3.0; 1
1.0, 5.0, 3.0; 1
2.0, 5.0, 3.0; 3
6.0, 5.0, 3.0; 1
-8.0, 6.0, 3.0; 3
-7.0, 6.0, 3.0; 9
-6.0, 6.0, 3.0; 17
-5.0, 6.0, 3.0; 13
-4.0, 6.0, 3.0; 14
-3.0, 6.0, 3.0; 2
-2.0, 6.0, 3.0; 5
-1.0, 6.0, 3.0; 4
0.0, 6.0, 3.0; 1
2.0, 6.0, 3.0; 1
4.0, 6.0, 3.0; 2
5.0, 6.0, 3.0; 3
6.0, 6.0, 3.0; 1
-7.0, 7.0, 3.0; 1
-6.0, 7.0, 3.0; 9
-5.0, 7.0, 3.0; 11
-4.0, 7.0, 3.0; 9
-3.0, 7.0, 3.0; 15
-2.0, 7.0, 3.0; 7
-1.0, 7.0, 3.0; 6
0.0, 7.0, 3.0; 3
1.0, 7.0, 3.0; 9
3.0, 7.0, 3.0; 1
4.0, 7.0, 3.0; 1
5.0, 7.0, 3.0; 2
-6.0, 8.0, 3.0; 1
-5.0, 8.0, 3.0; 4
-4.0, 8.0, 3.0; 7
-3.0, 8.0, 3.0; 17
-2.0, 8.0, 3.0; 17
-1.0, 8.0, 3.0; 7
0.0, 8.0, 3.0; 5
1.0, 8.0, 3.0; 6
2.0, 8.0, 3.0; 2
-3.0, 9.0, 3.0; 2
-2.0, 9.0, 3.0; 4
-1.0, 9.0, 3.0; 1
0.0, 9.0, 3.0; 3
-4.0, -9.0, 4.0; 1
-3.0, -9.0, 4.0; 6
-2.0, -9.0, 4.0; 7
0.0, -9.0, 4.0; 1
1.0, -9.0, 4.0; 2
-5.0, -8.0, 4.0; 4
-4.0, -8.0, 4.0; 16
-3.0, -8.0, 4.0; 16
-2.0, -8.0, 4.0; 13
-1.0, -8.0, 4.0; 7
0.0, -8.0, 4.0; 1
1.0, -8.0, 4.0; 4
4.0, -8.0, 4.0; 3
-7.0, -7.0, 4.0; 6
-6.0, -7.0, 4.0; 10
-5.0, -7.0, 4.0; 27
-4.0, -7.0, 4.0; 24
-3.0, -7.0, 4.0; 19
-2.0, -7.0, 4.0; 11
-1.0, -7.0, 4.0; 8
0.0, -7.0, 4.0; 8
1.0, -7.0, 4.0; 1
3.0, -7.0, 4.0; 1
4.0, -7.0, 4.0; 1
5.0, -7.0, 4.0; 1
-8.0, -6.0, 4.0; 1
-7.0, -6.0, 4.0; 4
-6.0, -6.0, 4.0; 12
-5.0, -6.0, 4.0; 29
-4.0, -6.0, 4.0; 25
-3.0, -6.0, 4.0; 14
-2.0, -6.0, 4.0; 8
-1.0, -6.0, 4.0; 8
0.0, -6.0, 4.0; 2
1.0, -6.0, 4.0; 4
2.0, -6.0, 4.0; 3
4.0, -6.0, 4.0; 1
5.0, -6.0, 4.0; 1
-8.0, -5.0, 4.0; 5
-7.0, -5.0, 4.0; 8
-6.0, -5.0, 4.0; 26
-5.0, -5.0, 4.0; 41
-4.0, -5.0, 4.0; 17
-3.0, -5.0, 4.0; 12
-2.0, -5.0, 4.0; 14
-1.0, -5.0, 4.0; 8
0.0, -5.0, 4.0; 1
1.0, -5.0, 4.0; 1
2.0, -5.0, 4.0; 2
-9.0, -4.0, 4.0; 3
-8.0, -4.0, 4.0; 5
-7.0, -4.0, 4.0; 4
-6.0, -4.0, 4.0; 39
-5.0, -4.0, 4.0; 41
-4.0, -4.0, 4.0; 18
-3.0, -4.0, 4.0; 7
-2.0, -4.0, 4.0; 5
-1.0, -4.0, 4.0; 4
0.0, -4.0, 4.0; 1
1.0, -4.0, 4.0; 1
2.0, -4.0, 4.0; 1
3.0, -4.0, 4.0; 1
5.0, -4.0, 4.0; 2
7.0, -4.0, 4.0; 1
-9.0, -3.0, 4.0; 3
-8.0, -3.0, 4.0; 7
-7.0, -3.0, 4.0; 9
-6.0, -3.0, 4.0; 27
-5.0, -3.0, 4.0; 34
-4.0, -3.0, 4.0; 18
-3.0, -3.0, 4.0; 9
-2.0, -3.0, 4.0; 8
-1.0, -3.0, 4.0; 11
0.0, -3.0, 4.0; 4
1.0, -3.0, 4.0; 1
4.0, -3.0, 4.0; 1
5.0, -3.0, 4.0; 2
-9.0, -2.0, 4.0; 5
-8.0, -2.0, 4.0; 9
-7.0, -2.0, 4.0; 16
-6.0, -2.0, 4.0; 15
-5.0, -2.0, 4.0; 20
-4.0, -2.0, 4.0; 32
-3.0, -2.0, 4.0; 12
-2.0, -2.0, 4.0; 7
-1.0, -2.0, 4.0; 15
0.0, -2.0, 4.0; 6
1.0, -2.0, 4.0; 5
2.0, -2.0, 4.0; 5
3.0, -2.0, 4.0; 1
4.0, -2.0, 4.0; 1
5.0, -2.0, 4.0; 1
-9.0, -1.0, 4.0; 5
-8.0, -1.0, 4.0; 16
-7.0, -1.0, 4.0; 5
-6.0, -1.0, 4.0; 15
-5.0, -1.0, 4.0; 8
-4.0, -1.0, 4.0; 19
-3.0, -1.0, 4.0; 12
-2.0, -1.0, 4.0; 6
-1.0, -1.0, 4.0; 17
0.0, -1.0, 4.0; 8
1.0, -1.0, 4.0; 5
2.0, -1.0, 4.0; 2
3.0, -1.0, 4.0; 1
5.0, -1.0, 4.0; 1
6.0, -1.0, 4.0; 1
-9.0, 0.0, 4.0; 8
-8.0, 0.0, 4.0; 6
-7.0, 0.0, 4.0; 8
-6.0, 0.0, 4.0; 6
-5.0, 0.0, 4.0; 5
-4.0, 0.0, 4.0; 12
-3.0, 0.0, 4.0; 17
-2.0, 0.0, 4.0; 7
-1.0, 0.0, 4.0; 2
0.0, 0.0, 4.0; 2
2.0, 0.0, 4.0; 2
3.0, 0.0, 4.0; 1
5.0, 0.0, 4.0; 1
7.0, 0.0, 4.0; 1
-9.0, 1.0, 4.0; 12
-8.0, 1.0, 4.0; 8
-7.0, 1.0, 4.0; 14
-6.0, 1.0, 4.0; 7
-5.0, 1.0, 4.0; 9
-4.0, 1.0, 4.0; 9
-3.0, 1.0, 4.0; 10
-2.0, 1.0, 4.0; 9
-1.0, 1.0, 4.0; 5
0.0, 1.0, 4.0; 3
1.0, 1.0, 4.0; 3
2.0, 1.0, 4.0; 1
4.0, 1.0, 4.0; 1
5.0, 1.0, 4.0; 1
8.0, 1.0, 4.0; 1
-9.0, 2.0, 4.0; 8
-8.0, 2.0, 4.0; 8
-7.0, 2.0, 4.0; 8
-6.0, 2.0, 4.0; 22
-5.0, 2.0, 4.0; 11
-4.0, 2.0, 4.0; 8
-3.0, 2.0, 4.0; 2
-2.0, 2.0, 4.0; 2
-1.0, 2.0, 4.0; 10
0.0, 2.0, 4.0; 6
1.0, 2.0, 4.0; 2
2.0, 2.0, 4.0; 3
4.0, 2.0, 4.0; 1
5.0, 2.0, 4.0; 2
-8.0, 3.0, 4.0; 14
-7.0, 3.0, 4.0; 12
-6.0, 3.0, 4.0; 12
-5.0, 3.0, 4.0; 8
-4.0, 3.0, 4.0; 6
-3.0, 3.0, 4.0; 5
-2.0, 3.0, 4.0; 7
-1.0, 3.0, 4.0; 6
0.0, 3.0, 4.0; 5
1.0, 3.0, 4.0; 1
3.0, 3.0, 4.0; 1
4.0, 3.0, 4.0; 2
6.0, 3.0, 4.0; 1
7.0, 3.0, 4.0; 1
-8.0, 4.0, 4.0; 6
-7.0, 4.0, 4.0; 10
-6.0, 4.0, 4.0; 7
-5.0, 4.0, 4.0; 11
-4.0, 4.0, 4.0; 7
-3.0, 4.0, 4.0; 2
-2.0, 4.0, 4.0; 1
-1.0, 4.0, 4.0; 1
0.0, 4.0, 4.0; 2
1.0, 4.0, 4.0; 2
2.0, 4.0, 4.0; 1
3.0, 4.0, 4.0; 1
-8.0, 5.0, 4.0; 2
-7.0, 5.0, 4.0; 21
-6.0, 5.0, 4.0; 12
-5.0, 5.0, 4.0; 14
-4.0, 5.0, 4.0; 9
-3.0, 5.0, 4.0; 8
-2.0, 5.0, 4.0; 8
-1.0, 5.0, 4.0; 5
0.0, 5.0, 4.0; 4
1.0, 5.0, 4.0; 3
2.0, 5.0, 4.0; 2
5.0, 5.0, 4.0; 1
-7.0, 6.0, 4.0; 7
-6.0, 6.0, 4.0; 19
-5.0, 6.0, 4.0; 11
-4.0, 6.0, 4.0; 16
-3.0, 6.0, 4.0; 7
-2.0, 6.0, 4.0; 8
-1.0, 6.0, 4.0; 4
0.0, 6.0, 4.0; 3
1.0, 6.0, 4.0; 1
4.0, 6.0, 4.0; 1
-5.0, 7.0, 4.0; 5
-4.0, 7.0, 4.0; 16
-3.0, 7.0, 4.0; 12
-2.0, 7.0, 4.0; 9
-1.0, 7.0, 4.0; 7
0.0, 7.0, 4.0; 2
1.0, 7.0, 4.0; 2
2.0, 7.0, 4.0; 1
4.0, 7.0, 4.0; 1
-4.0, 8.0, 4.0; 1
-3.0, 8.0, 4.0; 6
-2.0, 8.0, 4.0; 3
-1.0, 8.0, 4.0; 4
0.0, 8.0, 4.0; 1
-1.0, -9.0, 5.0; 2
0.0, -9.0, 5.0; 1
1.0, -9.0, 5.0; 2
-5.0, -8.0, 5.0; 2
-4.0, -8.0, 5.0; 3
-3.0, -8.0, 5.0; 3
-2.0, -8.0, 5.0; 1
-1.0, -8.0, 5.0; 6
0.0, -8.0, 5.0; 7
2.0, -8.0, 5.0; 2
-5.0, -7.0, 5.0; 7
-4.0, -7.0, 5.0; 8
-3.0, -7.0, 5.0; 6
-2.0, -7.0, 5.0; 3
-1.0, -7.0, 5.0; 2
0.0, -7.0, 5.0; 4
1.0, -7.0, 5.0; 3
2.0, -7.0, 5.0; 3
3.0, -7.0, 5.0; 1
-7.0, -6.0, 5.0; 3
-6.0, -6.0, 5.0; 10
-5.0, -6.0, 5.0; 6
-4.0, -6.0, 5.0; 10
-3.0, -6.0, 5.0; 7
-2.0, -6.0, 5.0; 3
3.0, -6.0, 5.0; 1
-7.0, -5.0, 5.0; 10
-6.0, -5.0, 5.0; 8
-5.0, -5.0, 5.0; 5
-4.0, -5.0, 5.0; 12
-3.0, -5.0, 5.0; 19
-2.0, -5.0, 5.0; 3
-1.0, -5.0, 5.0; 1
0.0, -5.0, 5.0; 3
1.0, -5.0, 5.0; 3
3.0, -5.0, 5.0; 1
4.0, -5.0, 5.0; 1
-8.0, -4.0, 5.0; 1
-7.0, -4.0, 5.0; 6
-6.0, -4.0, 5.0; 4
-5.0, -4.0, 5.0; 17
-4.0, -4.0, 5.0; 11
-3.0, -4.0, 5.0; 5
-2.0, -4.0, 5.0; 4
-1.0, -4.0, 5.0; 5
1.0, -4.0, 5.0; 1
2.0, -4.0, 5.0; 1
3.0, -4.0, 5.0; 1
-9.0, -3.0, 5.0; 1
-8.0, -3.0, 5.0; 6
-7.0, -3.0, 5.0; 5
-6.0, -3.0, 5.0; 4
-5.0, -3.0, 5.0; 9
-4.0, -3.0, 5.0; 8
-2.0, -3.0, 5.0; 4
-1.0, -3.0, 5.0; 1
1.0, -3.0, 5.0; 1
2.0, -3.0, 5.0; 2
3.0, -3.0, 5.0; 1
-9.0, -2.0, 5.0; 2
-8.0, -2.0, 5.0; 4
-7.0, -2.0, 5.0; 5
-6.0, -2.0, 5.0; 4
-5.0, -2.0, 5.0; 3
-4.0, -2.0, 5.0; 4
-3.0, -2.0, 5.0; 6
-2.0, -2.0, 5.0; 2
0.0, -2.0, 5.0; 1
4.0, -2.0, 5.0; 1
-9.0, -1.0, 5.0; 3
-8.0, -1.0, 5.0; 15
-7.0, -1.0, 5.0; 6
-6.0, -1.0, 5.0; 4
-5.0, -1.0, 5.0; 3
-4.0, -1.0, 5.0; 3
-3.0, -1.0, 5.0; 4
-2.0, -1.0, 5.0; 2
0.0, -1.0, 5.0; 2
4.0, -1.0, 5.0; 1
-9.0, 0.0, 5.0; 1
-8.0, 0.0, 5.0; 12
-7.0, 0.0, 5.0; 12
-6.0, 0.0, 5.0; 7
-5.0, 0.0, 5.0; 6
-4.0, 0.0, 5.0; 1
-3.0, 0.0, 5.0; 2
-2.0, 0.0, 5.0; 1
-1.0, 0.0, 5.0; 2
0.0, 0.0, 5.0; 1
1.0, 0.0, 5.0; 1
2.0, 0.0, 5.0; 1
3.0, 0.0, 5.0; 1
5.0, 0.0, 5.0; 1
8.0, 0.0, 5.0; 1
-9.0, 1.0, 5.0; 1
-8.0, 1.0, 5.0; 4
-7.0, 1.0, 5.0; 7
-6.0, 1.0, 5.0; 7
-5.0, 1.0, 5.0; 5
-4.0, 1.0, 5.0; 7
-3.0, 1.0, 5.0; 3
-2.0, 1.0, 5.0; 4
-1.0, 1.0, 5.0; 2
0.0, 1.0, 5.0; 3
1.0, 1.0, 5.0; 1
3.0, 1.0, 5.0; 1
4.0, 1.0, 5.0; 1
7.0, 1.0, 5.0; 1
-9.0, 2.0, 5.0; 1
-8.0, 2.0, 5.0; 7
-7.0, 2.0, 5.0; 9
-6.0, 2.0, 5.0; 7
-5.0, 2.0, 5.0; 3
-4.0, 2.0, 5.0; 5
-3.0, 2.0, 5.0; 7
-2.0, 2.0, 5.0; 3
-1.0, 2.0, 5.0; 6
0.0, 2.0, 5.0; 1
1.0, 2.0, 5.0; 4
2.0, 2.0, 5.0; 1
5.0, 2.0, 5.0; 1
-8.0, 3.0, 5.0; 7
-7.0, 3.0, 5.0; 9
-6.0, 3.0, 5.0; 6
-5.0, 3.0, 5.0; 4
-4.0, 3.0, 5.0; 6
-3.0, 3.0, 5.0; 8
-2.0, 3.0, 5.0; 7
-1.0, 3.0, 5.0; 8
0.0, 3.0, 5.0; 1
1.0, 3.0, 5.0; 1
2.0, 3.0, 5.0; 2
3.0, 3.0, 5.0; 2
6.0, 3.0, 5.0; 1
-8.0, 4.0, 5.0; 1
-7.0, 4.0, 5.0; 9
-6.0, 4.0, 5.0; 5
-5.0, 4.0, 5.0; 6
-4.0, 4.0, 5.0; 11
-3.0, 4.0, 5.0; 6
-2.0, 4.0, 5.0; 4
-1.0, 4.0, 5.0; 1
0.0, 4.0, 5.0; 1
1.0, 4.0, 5.0; 1
2.0, 4.0, 5.0; 1
3.0, 4.0, 5.0; 1
-7.0, 5.0, 5.0; 2
-6.0, 5.0, 5.0; 2
-5.0, 5.0, 5.0; 3
-4.0, 5.0, 5.0; 3
-3.0, 5.0, 5.0; 4
-2.0, 5.0, 5.0; 4
-1.0, 5.0, 5.0; 2
0.0, 5.0, 5.0; 2
1.0, 5.0, 5.0; 1
2.0, 5.0, 5.0; 3
5.0, 5.0, 5.0; 1
-5.0, 6.0, 5.0; 5
-4.0, 6.0, 5.0; 4
-3.0, 6.0, 5.0; 4
-2.0, 6.0, 5.0; 4
-1.0, 6.0, 5.0; 4
1.0, 6.0, 5.0; 3
2.0, 6.0, 5.0; 1
-4.0, 7.0, 5.0; 3
-3.0, 7.0, 5.0; 3
-2.0, 7.0, 5.0; 9
0.0, 7.0, 5.0; 1
1.0, 7.0, 5.0; 2
2.0, 7.0, 5.0; 2
3.0, 7.0, 5.0; 1
-2.0, 8.0, 5.0; 1
-3.0, -8.0, 6.0; 2
-1.0, -8.0, 6.0; 2
2.0, -8.0, 6.0; 2
-5.0, -7.0, 6.0; 1
-4.0, -7.0, 6.0; 3
-3.0, -7.0, 6.0; 8
-2.0, -7.0, 6.0; 1
-1.0, -7.0, 6.0; 4
0.0, -7.0, 6.0; 1
-7.0, -6.0, 6.0; 1
-6.0, -6.0, 6.0; 2
-5.0, -6.0, 6.0; 5
-4.0, -6.0, 6.0; 9
-3.0, -6.0, 6.0; 7
-2.0, -6.0, 6.0; 3
-1.0, -6.0, 6.0; 5
0.0, -6.0, 6.0; 1
1.0, -6.0, 6.0; 2
2.0, -6.0, 6.0; 1
4.0, -6.0, 6.0; 1
-6.0, -5.0, 6.0; 7
-5.0, -5.0, 6.0; 7
-4.0, -5.0, 6.0; 3
-3.0, -5.0, 6.0; 7
-2.0, -5.0, 6.0; 1
-1.0, -5.0, 6.0; 1
0.0, -5.0, 6.0; 1
1.0, -5.0, 6.0; 1
2.0, -5.0, 6.0; 1
5.0, -5.0, 6.0; 2
-7.0, -4.0, 6.0; 3
-6.0, -4.0, 6.0; 10
-5.0, -4.0, 6.0; 3
-4.0, -4.0, 6.0; 3
-3.0, -4.0, 6.0; 4
-2.0, -4.0, 6.0; 1
-1.0, -4.0, 6.0; 3
0.0, -4.0, 6.0; 2
1.0, -4.0, 6.0; 1
2.0, -4.0, 6.0; 1
-8.0, -3.0, 6.0; 3
-7.0, -3.0, 6.0; 12
-6.0, -3.0, 6.0; 5
-5.0, -3.0, 6.0; 5
-4.0, -3.0, 6.0; 2
-3.0, -3.0, 6.0; 3
-2.0, -3.0, 6.0; 1
0.0, -3.0, 6.0; 1
5.0, -3.0, 6.0; 1
-8.0, -2.0, 6.0; 2
-7.0, -2.0, 6.0; 12
-6.0, -2.0, 6.0; 9
-5.0, -2.0, 6.0; 4
-4.0, -2.0, 6.0; 1
-3.0, -2.0, 6.0; 1
-2.0, -2.0, 6.0; 2
-1.0, -2.0, 6.0; 1
0.0, -2.0, 6.0; 1
2.0, -2.0, 6.0; 1
-8.0, -1.0, 6.0; 3
-7.0, -1.0, 6.0; 4
-6.0, -1.0, 6.0; 8
-5.0, -1.0, 6.0; 2
-4.0, -1.0, 6.0; 2
-3.0, -1.0, 6.0; 1
0.0, -1.0, 6.0; 1
2.0, -1.0, 6.0; 1
-8.0, 0.0, 6.0; 1
-7.0, 0.0, 6.0; 8
-6.0, 0.0, 6.0; 6
-5.0, 0.0, 6.0; 3
-4.0, 0.0, 6.0; 1
-3.0, 0.0, 6.0; 1
-2.0, 0.0, 6.0; 3
-8.0, 1.0, 6.0; 6
-7.0, 1.0, 6.0; 9
-6.0, 1.0, 6.0; 4
-5.0, 1.0, 6.0; 6
-4.0, 1.0, 6.0; 1
-3.0, 1.0, 6.0; 1
-1.0, 1.0, 6.0; 2
0.0, 1.0, 6.0; 1
1.0, 1.0, 6.0; 2
-8.0, 2.0, 6.0; 2
-7.0, 2.0, 6.0; 10
-6.0, 2.0, 6.0; 7
-5.0, 2.0, 6.0; 5
-4.0, 2.0, 6.0; 3
-3.0, 2.0, 6.0; 3
0.0, 2.0, 6.0; 1
1.0, 2.0, 6.0; 1
2.0, 2.0, 6.0; 1
-7.0, 3.0, 6.0; 8
-6.0, 3.0, 6.0; 11
-5.0, 3.0, 6.0; 2
-4.0, 3.0, 6.0; 4
-3.0, 3.0, 6.0; 2
-2.0, 3.0, 6.0; 1
0.0, 3.0, 6.0; 3
2.0, 3.0, 6.0; 1
-7.0, 4.0, 6.0; 1
-6.0, 4.0, 6.0; 6
-5.0, 4.0, 6.0; 3
-4.0, 4.0, 6.0; 6
-3.0, 4.0, 6.0; 4
-2.0, 4.0, 6.0; 5
-1.0, 4.0, 6.0; 1
1.0, 4.0, 6.0; 1
-6.0, 5.0, 6.0; 3
-5.0, 5.0, 6.0; 1
-4.0, 5.0, 6.0; 2
-3.0, 5.0, 6.0; 2
-1.0, 5.0, 6.0; 4
0.0, 5.0, 6.0; 2
1.0, 5.0, 6.0; 1
-4.0, 6.0, 6.0; 4
-3.0, 6.0, 6.0; 2
-2.0, 6.0, 6.0; 1
-1.0, 6.0, 6.0; 1
0.0, 6.0, 6.0; 1
1.0, 6.0, 6.0; 1
-1.0, 7.0, 6.0; 2
-3.0, -7.0, 7.0; 1
-2.0, -7.0, 7.0; 2
1.0, -7.0, 7.0; 1
-4.0, -6.0, 7.0; 7
-3.0, -6.0, 7.0; 4
-2.0, -6.0, 7.0; 2
-1.0, -6.0, 7.0; 5
0.0, -6.0, 7.0; 1
-6.0, -5.0, 7.0; 1
-5.0, -5.0, 7.0; 7
-4.0, -5.0, 7.0; 5
-3.0, -5.0, 7.0; 5
-2.0, -5.0, 7.0; 5
-1.0, -5.0, 7.0; 3
0.0, -5.0, 7.0; 1
-6.0, -4.0, 7.0; 13
-5.0, -4.0, 7.0; 4
-4.0, -4.0, 7.0; 5
-3.0, -4.0, 7.0; 2
-2.0, -4.0, 7.0; 2
-1.0, -4.0, 7.0; 2
5.0, -4.0, 7.0; 1
-7.0, -3.0, 7.0; 4
-6.0, -3.0, 7.0; 10
-5.0, -3.0, 7.0; 6
-4.0, -3.0, 7.0; 5
-3.0, -3.0, 7.0; 3
-2.0, -3.0, 7.0; 4
0.0, -3.0, 7.0; 2
1.0, -3.0, 7.0; 2
-7.0, -2.0, 7.0; 2
-6.0, -2.0, 7.0; 10
-5.0, -2.0, 7.0; 4
-4.0, -2.0, 7.0; 3
-2.0, -2.0, 7.0; 3
-1.0, -2.0, 7.0; 1
1.0, -2.0, 7.0; 1
2.0, -2.0, 7.0; 1
-7.0, -1.0, 7.0; 2
-6.0, -1.0, 7.0; 2
-5.0, -1.0, 7.0; 4
-4.0, -1.0, 7.0; 3
-3.0, -1.0, 7.0; 1
0.0, -1.0, 7.0; 1
3.0, -1.0, 7.0; 1
-7.0, 0.0, 7.0; 3
-6.0, 0.0, 7.0; 5
-5.0, 0.0, 7.0; 2
-4.0, 0.0, 7.0; 2
-3.0, 0.0, 7.0; 4
-2.0, 0.0, 7.0; 3
1.0, 0.0, 7.0; 1
2.0, 0.0, 7.0; 1
-7.0, 1.0, 7.0; 1
-6.0, 1.0, 7.0; 2
-5.0, 1.0, 7.0; 4
-3.0, 1.0, 7.0; 2
-2.0, 1.0, 7.0; 1
-1.0, 1.0, 7.0; 1
1.0, 1.0, 7.0; 2
2.0, 1.0, 7.0; 1
-6.0, 2.0, 7.0; 8
-5.0, 2.0, 7.0; 1
-4.0, 2.0, 7.0; 4
-3.0, 2.0, 7.0; 4
-1.0, 2.0, 7.0; 2
0.0, 2.0, 7.0; 2
1.0, 2.0, 7.0; 2
2.0, 2.0, 7.0; 3
-6.0, 3.0, 7.0; 2
-5.0, 3.0, 7.0; 2
-4.0, 3.0, 7.0; 3
-3.0, 3.0, 7.0; 1
-2.0, 3.0, 7.0; 2
-1.0, 3.0, 7.0; 2
1.0, 3.0, 7.0; 1
3.0, 3.0, 7.0; 1
-6.0, 4.0, 7.0; 1
-5.0, 4.0, 7.0; 2
-4.0, 4.0, 7.0; 1
-3.0, 4.0, 7.0; 6
-2.0, 4.0, 7.0; 6
-1.0, 4.0, 7.0; 2
0.0, 4.0, 7.0; 3
1.0, 4.0, 7.0; 1
-5.0, 5.0, 7.0; 2
-4.0, 5.0, 7.0; 1
-3.0, 5.0, 7.0; 2
-2.0, 5.0, 7.0; 1
-1.0, 5.0, 7.0; 3
1.0, 5.0, 7.0; 1
2.0, 5.0, 7.0; 2
4.0, 5.0, 7.0; 1
-3.0, 6.0, 7.0; 2
-1.0, 6.0, 7.0; 2
0.0, 6.0, 7.0; 1
-3.0, -5.0, 8.0; 5
-2.0, -5.0, 8.0; 2
-1.0, -5.0, 8.0; 1
0.0, -5.0, 8.0; 2
1.0, -5.0, 8.0; 1
-5.0, -4.0, 8.0; 2
-4.0, -4.0, 8.0; 3
-3.0, -4.0, 8.0; 3
-2.0, -4.0, 8.0; 1
-1.0, -4.0, 8.0; 1
2.0, -4.0, 8.0; 1
-4.0, -3.0, 8.0; 2
-3.0, -3.0, 8.0; 5
-1.0, -3.0, 8.0; 2
3.0, -3.0, 8.0; 1
-6.0, -2.0, 8.0; 1
-5.0, -2.0, 8.0; 2
-4.0, -2.0, 8.0; 5
-3.0, -2.0, 8.0; 1
-2.0, -2.0, 8.0; 1
4.0, -2.0, 8.0; 1
-6.0, -1.0, 8.0; 2
-5.0, -1.0, 8.0; 1
-3.0, -1.0, 8.0; 2
-2.0, -1.0, 8.0; 1
-1.0, -1.0, 8.0; 2
2.0, -1.0, 8.0; 2
-6.0, 0.0, 8.0; 1
-5.0, 0.0, 8.0; 3
-3.0, 0.0, 8.0; 1
-2.0, 0.0, 8.0; 4
-1.0, 0.0, 8.0; 1
0.0, 0.0, 8.0; 1
-4.0, 1.0, 8.0; 1
-3.0, 1.0, 8.0; 1
-1.0, 1.0, 8.0; 1
0.0, 1.0, 8.0; 1
-5.0, 2.0, 8.0; 1
-4.0, 2.0, 8.0; 3
-3.0, 2.0, 8.0; 1
-2.0, 2.0, 8.0; 1
-1.0, 2.0, 8.0; 1
-4.0, 3.0, 8.0; 5
-3.0, 3.0, 8.0; 1
-2.0, 3.0, 8.0; 1
-1.0, 3.0, 8.0; 2
-3.0, 4.0, 8.0; 1
-2.0, 4.0, 8.0; 1
-1.0, 4.0, 8.0; 1
2.0, 4.0, 8.0; 1
-1.0, 5.0, 8.0; 1
-2.0, -3.0, 9.0; 2
-1.0, -3.0, 9.0; 3
-2.0, -2.0, 9.0; 1
0.0, -2.0, 9.0; 1
-3.0, -1.0, 9.0; 1
-2.0, -1.0, 9.0; 1
-3.0, 1.0, 9.0; 1
2.0, 1.0, 9.0; 1
-1.0, 2.0, 9.0; 1
-3.0, -4.0, -10.0; 1
-2.0, -4.0, -10.0; 3
-1.0, -4.0, -10.0; 4
0.0, -4.0, -10.0; 1
-4.0, -3.0, -10.0; 2
-3.0, -3.0, -10.0; 6
-2.0, -3.0, -10.0; 12
-1.0, -3.0, -10.0; 10
0.0, -3.0, -10.0; 6
1.0, -3.0, -10.0; 3
2.0, -3.0, -10.0; 3
-4.0, -2.0, -10.0; 4
-3.0, -2.0, -10.0; 5
-2.0, -2.0, -10.0; 14
-1.0, -2.0, -10.0; 8
0.0, -2.0, -10.0; 6
1.0, -2.0, -10.0; 1
2.0, -2.0, -10.0; 1
3.0, -2.0, -10.0; 4
-4.0, -1.0, -10.0; 5
-3.0, -1.0, -10.0; 14
-2.0, -1.0, -10.0; 11
-1.0, -1.0, -10.0; 7
0.0, -1.0, -10.0; 9
2.0, -1.0, -10.0; 1
-5.0, 0.0, -10.0; 1
-4.0, 0.0, -10.0; 3
-3.0, 0.0, -10.0; 4
-2.0, 0.0, -10.0; 11
-1.0, 0.0, -10.0; 8
0.0, 0.0, -10.0; 4
1.0, 0.0, -10.0; 4
2.0, 0.0, -10.0; 3
-4.0, 1.0, -10.0; 1
-3.0, 1.0, -10.0; 4
-2.0, 1.0, -10.0; 5
-1.0, 1.0, -10.0; 3
0.0, 1.0, -10.0; 4
1.0, 1.0, -10.0; 3
2.0, 1.0, -10.0; 5
3.0, 1.0, -10.0; 2
-4.0, 2.0, -10.0; 1
-3.0, 2.0, -10.0; 4
-2.0, 2.0, -10.0; 3
-1.0, 2.0, -10.0; 5
1.0, 2.0, -10.0; 2
2.0, 2.0, -10.0; 2
3.0, 2.0, -10.0; 1
-1.0, 3.0, -10.0; 2
0.0, 3.0, -10.0; 2
1.0, 3.0, -10.0; 3
-2.0, -6.0, -9.0; 2
-1.0, -6.0, -9.0; 3
0.0, -6.0, -9.0; 6
1.0, -6.0, -9.0; 6
-4.0, -5.0, -9.0; 1
-3.0, -5.0, -9.0; 2
-2.0, -5.0, -9.0; 1
-1.0, -5.0, -9.0; 8
0.0, -5.0, -9.0; 7
1.0, -5.0, -9.0; 3
2.0, -5.0, -9.0; 1
3.0, -5.0, -9.0; 1
-5.0, -4.0, -9.0; 3
-4.0, -4.0, -9.0; 9
-3.0, -4.0, -9.0; 8
-2.0, -4.0, -9.0; 11
-1.0, -4.0, -9.0; 8
0.0, -4.0, -9.0; 7
1.0, -4.0, -9.0; 11
2.0, -4.0, -9.0; 4
-6.0, -3.0, -9.0; 1
-5.0, -3.0, -9.0; 10
-4.0, -3.0, -9.0; 23
-3.0, -3.0, -9.0; 17
-2.0, -3.0, -9.0; 13
-1.0, -3.0, -9.0; 13
0.0, -3.0, -9.0; 8
1.0, -3.0, -9.0; 14
2.0, -3.0, -9.0; 8
3.0, -3.0, -9.0; 1
4.0, -3.0, -9.0; 2
-6.0, -2.0, -9.0; 2
-5.0, -2.0, -9.0; 12
-4.0, -2.0, -9.0; 19
-3.0, -2.0, -9.0; 7
-2.0, -2.0, -9.0; 9
-1.0, -2.0, -9.0; 6
0.0, -2.0, -9.0; 7
1.0, -2.0, -9.0; 10
2.0, -2.0, -9.0; 4
3.0, -2.0, -9.0; 2
-6.0, -1.0, -9.0; 10
-5.0, -1.0, -9.0; 10
-4.0, -1.0, -9.0; 13
-3.0, -1.0, -9.0; 16
-2.0, -1.0, -9.0; 8
-1.0, -1.0, -9.0; 16
0.0, -1.0, -9.0; 13
1.0, -1.0, -9.0; 14
2.0, -1.0, -9.0; 5
3.0, -1.0, -9.0; 1
4.0, -1.0, -9.0; 1
-6.0, 0.0, -9.0; 1
-5.0, 0.0, -9.0; 25
-4.0, 0.0, -9.0; 25
-3.0, 0.0, -9.0; 24
-2.0, 0.0, -9.0; 19
-1.0, 0.0, -9.0; 26
0.0, 0.0, -9.0; 9
1.0, 0.0, -9.0; 7
2.0, 0.0, -9.0; 3
3.0, 0.0, -9.0; 3
4.0, 0.0, -9.0; 4
5.0, 0.0, -9.0; 2
-6.0, 1.0, -9.0; 5
-5.0, 1.0, -9.0; 10
-4.0, 1.0, -9.0; 33
-3.0, 1.0, -9.0; 52
-2.0, 1.0, -9.0; 48
-1.0, 1.0, -9.0; 34
0.0, 1.0, -9.0; 5
1.0, 1.0, -9.0; 5
2.0, 1.0, -9.0; 3
3.0, 1.0, -9.0; 3
4.0, 1.0, -9.0; 4
5.0, 1.0, -9.0; 3
-6.0, 2.0, -9.0; 2
-5.0, 2.0, -9.0; 9
-4.0, 2.0, -9.0; 26
-3.0, 2.0, -9.0; 76
-2.0, 2.0, -9.0; 42
-1.0, 2.0, -9.0; 33
0.0, 2.0, -9.0; 10
1.0, 2.0, -9.0; 2
2.0, 2.0, -9.0; 4
3.0, 2.0, -9.0; 6
4.0, 2.0, -9.0; 3
-5.0, 3.0, -9.0; 5
-4.0, 3.0, -9.0; 15
-3.0, 3.0, -9.0; 23
-2.0, 3.0, -9.0; 14
-1.0, 3.0, -9.0; 12
0.0, 3.0, -9.0; 8
1.0, 3.0, -9.0; 6
2.0, 3.0, -9.0; 1
3.0, 3.0, -9.0; 3
4.0, 3.0, -9.0; 1
-5.0, 4.0, -9.0; 1
-4.0, 4.0, -9.0; 4
-3.0, 4.0, -9.0; 4
-2.0, 4.0, -9.0; 8
-1.0, 4.0, -9.0; 8
0.0, 4.0, -9.0; 5
1.0, 4.0, -9.0; 3
-1.0, 5.0, -9.0; 1
-3.0, -7.0, -8.0; 1
-2.0, -7.0, -8.0; 6
-1.0, -7.0, -8.0; 9
0.0, -7.0, -8.0; 4
1.0, -7.0, -8.0; 19
2.0, -7.0, -8.0; 7
-5.0, -6.0, -8.0; 2
-4.0, -6.0, -8.0; 6
-3.0, -6.0, -8.0; 4
-2.0, -6.0, -8.0; 15
-1.0, -6.0, -8.0; 3
0.0, -6.0, -8.0; 5
1.0, -6.0, -8.0; 8
2.0, -6.0, -8.0; 12
3.0, -6.0, -8.0; 1
4.0, -6.0, -8.0; 1
-5.0, -5.0, -8.0; 5
-4.0, -5.0, -8.0; 13
-3.0, -5.0, -8.0; 17
-2.0, -5.0, -8.0; 15
-1.0, -5.0, -8.0; 10
0.0, -5.0, -8.0; 5
1.0, -5.0, -8.0; 12
2.0, -5.0, -8.0; 8
3.0, -5.0, -8.0; 3
-6.0, -4.0, -8.0; 5
-5.0, -4.0, -8.0; 16
-4.0, -4.0, -8.0; 28
-3.0, -4.0, -8.0; 22
-2.0, -4.0, -8.0; 14
-1.0, -4.0, -8.0; 10
0.0, -4.0, -8.0; 3
1.0, -4.0, -8.0; 3
2.0, -4.0, -8.0; 9
3.0, -4.0, -8.0; 4
4.0, -4.0, -8.0; 1
-7.0, -3.0, -8.0; 2
-6.0, -3.0, -8.0; 15
-5.0, -3.0, -8.0; 20
-4.0, -3.0, -8.0; 35
-3.0, -3.0, -8.0; 24
-2.0, -3.0, -8.0; 9
-1.0, -3.0, -8.0; 10
0.0, -3.0, -8.0; 2
1.0, -3.0, -8.0; 3
2.0, -3.0, -8.0; 6
3.0, -3.0, -8.0; 9
5.0, -3.0, -8.0; 1
-7.0, -2.0, -8.0; 5
-6.0, -2.0, -8.0; 9
-5.0, -2.0, -8.0; 34
-4.0, -2.0, -8.0; 71
-3.0, -2.0, -8.0; 40
-2.0, -2.0, -8.0; 25
-1.0, -2.0, -8.0; 9
0.0, -2.0, -8.0; 5
1.0, -2.0, -8.0; 6
2.0, -2.0, -8.0; 15
3.0, -2.0, -8.0; 9
4.0, -2.0, -8.0; 2
5.0, -2.0, -8.0; 2
6.0, -2.0, -8.0; 2
-7.0, -1.0, -8.0; 13
-6.0, -1.0, -8.0; 14
-5.0, -1.0, -8.0; 50
-4.0, -1.0, -8.0; 108
-3.0, -1.0, -8.0; 31
-2.0, -1.0, -8.0; 21
-1.0, -1.0, -8.0; 6
0.0, -1.0, -8.0; 5
1.0, -1.0, -8.0; 5
2.0, -1.0, -8.0; 21
3.0, -1.0, -8.0; 9
4.0, -1.0, -8.0; 2
5.0, -1.0, -8.0; 3
6.0, -1.0, -8.0; 5
7.0, -1.0, -8.0; 1
-7.0, 0.0, -8.0; 24
-6.0, 0.0, -8.0; 32
-5.0, 0.0, -8.0; 67
-4.0, 0.0, -8.0; 27
-3.0, 0.0, -8.0; 23
-2.0, 0.0, -8.0; 8
-1.0, 0.0, -8.0; 5
0.0, 0.0, -8.0; 6
1.0, 0.0, -8.0; 6
2.0, 0.0, -8.0; 12
3.0, 0.0, -8.0; 4
4.0, 0.0, -8.0; 3
5.0, 0.0, -8.0; 1
-7.0, 1.0, -8.0; 9
-6.0, 1.0, -8.0; 23
-5.0, 1.0, -8.0; 39
-4.0, 1.0, -8.0; 39
-3.0, 1.0, -8.0; 38
-2.0, 1.0, -8.0; 29
-1.0, 1.0, -8.0; 15
0.0, 1.0, -8.0; 4
1.0, 1.0, -8.0; 6
2.0, 1.0, -8.0; 4
3.0, 1.0, -8.0; 3
4.0, 1.0, -8.0; 1
5.0, 1.0, -8.0; 5
6.0, 1.0, -8.0; 3
-7.0, 2.0, -8.0; 5
-6.0, 2.0, -8.0; 18
-5.0, 2.0, -8.0; 19
-4.0, 2.0, -8.0; 42
-3.0, 2.0, -8.0; 22
-2.0, 2.0, -8.0; 15
-1.0, 2.0, -8.0; 14
0.0, 2.0, -8.0; 10
1.0, 2.0, -8.0; 5
2.0, 2.0, -8.0; 7
3.0, 2.0, -8.0; 2
4.0, 2.0, -8.0; 3
5.0, 2.0, -8.0; 5
-6.0, 3.0, -8.0; 14
-5.0, 3.0, -8.0; 21
-4.0, 3.0, -8.0; 32
-3.0, 3.0, -8.0; 19
-2.0, 3.0, -8.0; 21
-1.0, 3.0, -8.0; 16
0.0, 3.0, -8.0; 15
1.0, 3.0, -8.0; 10
2.0, 3.0, -8.0; 8
3.0, 3.0, -8.0; 4
4.0, 3.0, -8.0; 5
-6.0, 4.0, -8.0; 4
-5.0, 4.0, -8.0; 12
-4.0, 4.0, -8.0; 12
-3.0, 4.0, -8.0; 17
-2.0, 4.0, -8.0; 19
-1.0, 4.0, -8.0; 25
0.0, 4.0, -8.0; 9
1.0, 4.0, -8.0; 7
2.0, 4.0, -8.0; 7
3.0, 4.0, -8.0; 5
4.0, 4.0, -8.0; 2
-4.0, 5.0, -8.0; 4
-3.0, 5.0, -8.0; 4
-2.0, 5.0, -8.0; 8
-1.0, 5.0, -8.0; 14
0.0, 5.0, -8.0; 11
1.0, 5.0, -8.0; 7
2.0, 5.0, -8.0; 1
3.0, 5.0, -8.0; 2
4.0, 5.0, -8.0; 2
-4.0, 6.0, -8.0; 1
-1.0, 6.0, -8.0; 2
0.0, 6.0, -8.0; 6
1.0, 6.0, -8.0; 2
2.0, 6.0, -8.0; 1
-3.0, -8.0, -7.0; 6
-2.0, -8.0, -7.0; 7
-1.0, -8.0, -7.0; 8
0.0, -8.0, -7.0; 5
1.0, -8.0, -7.0; 7
2.0, -8.0, -7.0; 4
-5.0, -7.0, -7.0; 5
-4.0, -7.0, -7.0; 16
-3.0, -7.0, -7.0; 20
-2.0, -7.0, -7.0; 23
-1.0, -7.0, -7.0; 18
0.0, -7.0, -7.0; 11
1.0, -7.0, -7.0; 7
2.0, -7.0, -7.0; 17
3.0, -7.0, -7.0; 1
-7.0, -6.0, -7.0; 1
-6.0, -6.0, -7.0; 8
-5.0, -6.0, -7.0; 36
-4.0, -6.0, -7.0; 39
-3.0, -6.0, -7.0; 25
-2.0, -6.0, -7.0; 12
-1.0, -6.0, -7.0; 19
0.0, -6.0, -7.0; 11
1.0, -6.0, -7.0; 16
2.0, -6.0, -7.0; 6
3.0, -6.0, -7.0; 3
4.0, -6.0, -7.0; 2
-7.0, -5.0, -7.0; 4
-6.0, -5.0, -7.0; 18
-5.0, -5.0, -7.0; 47
-4.0, -5.0, -7.0; 32
-3.0, -5.0, -7.0; 18
-2.0, -5.0, -7.0; 19
-1.0, -5.0, -7.0; 9
0.0, -5.0, -7.0; 3
1.0, -5.0, -7.0; 3
2.0, -5.0, -7.0; 6
3.0, -5.0, -7.0; 4
4.0, -5.0, -7.0; 3
5.0, -5.0, -7.0; 1
-7.0, -4.0, -7.0; 5
-6.0, -4.0, -7.0; 58
-5.0, -4.0, -7.0; 57
-4.0, -4.0, -7.0; 10
-3.0, -4.0, -7.0; 12
-2.0, -4.0, -7.0; 6
-1.0, -4.0, -7.0; 13
0.0, -4.0, -7.0; 4
1.0, -4.0, -7.0; 2
2.0, -4.0, -7.0; 3
3.0, -4.0, -7.0; 2
4.0, -4.0, -7.0; 5
5.0, -4.0, -7.0; 2
-8.0, -3.0, -7.0; 5
-7.0, -3.0, -7.0; 18
-6.0, -3.0, -7.0; 83
-5.0, -3.0, -7.0; 58
-4.0, -3.0, -7.0; 11
-3.0, -3.0, -7.0; 11
-2.0, -3.0, -7.0; 6
-1.0, -3.0, -7.0; 7
0.0, -3.0, -7.0; 2
1.0, -3.0, -7.0; 5
2.0, -3.0, -7.0; 2
3.0, -3.0, -7.0; 7
4.0, -3.0, -7.0; 18
6.0, -3.0, -7.0; 2
7.0, -3.0, -7.0; 1
-8.0, -2.0, -7.0; 4
-7.0, -2.0, -7.0; 20
-6.0, -2.0, -7.0; 111
-5.0, -2.0, -7.0; 150
-4.0, -2.0, -7.0; 23
-3.0, -2.0, -7.0; 4
-2.0, -2.0, -7.0; 7
-1.0, -2.0, -7.0; 12
0.0, -2.0, -7.0; 6
1.0, -2.0, -7.0; 3
2.0, -2.0, -7.0; 3
3.0, -2.0, -7.0; 17
4.0, -2.0, -7.0; 13
5.0, -2.0, -7.0; 3
6.0, -2.0, -7.0; 1
-8.0, -1.0, -7.0; 12
-7.0, -1.0, -7.0; 22
-6.0, -1.0, -7.0; 112
-5.0, -1.0, -7.0; 269
-4.0, -1.0, -7.0; 53
-3.0, -1.0, -7.0; 12
-2.0, -1.0, -7.0; 9
-1.0, -1.0, -7.0; 7
0.0, -1.0, -7.0; 4
1.0, -1.0, -7.0; 10
2.0, -1.0, -7.0; 18
3.0, -1.0, -7.0; 34
4.0, -1.0, -7.0; 15
6.0, -1.0, -7.0; 4
7.0, -1.0, -7.0; 7
-8.0, 0.0, -7.0; 11
-7.0, 0.0, -7.0; 24
-6.0, 0.0, -7.0; 65
-5.0, 0.0, -7.0; 54
-4.0, 0.0, -7.0; 20
-3.0, 0.0, -7.0; 10
-2.0, 0.0, -7.0; 2
-1.0, 0.0, -7.0; 3
0.0, 0.0, -7.0; 3
1.0, 0.0, -7.0; 8
2.0, 0.0, -7.0; 27
3.0, 0.0, -7.0; 19
4.0, 0.0, -7.0; 6
5.0, 0.0, -7.0; 1
6.0, 0.0, -7.0; 4
7.0, 0.0, -7.0; 2
-8.0, 1.0, -7.0; 5
-7.0, 1.0, -7.0; 20
-6.0, 1.0, -7.0; 30
-5.0, 1.0, -7.0; 21
-4.0, 1.0, -7.0; 13
-3.0, 1.0, -7.0; 5
-2.0, 1.0, -7.0; 2
-1.0, 1.0, -7.0; 2
0.0, 1.0, -7.0; 4
1.0, 1.0, -7.0; 8
2.0, 1.0, -7.0; 9
3.0, 1.0, -7.0; 8
4.0, 1.0, -7.0; 3
5.0, 1.0, -7.0; 3
6.0, 1.0, -7.0; 3
-8.0, 2.0, -7.0; 4
-7.0, 2.0, -7.0; 19
-6.0, 2.0, -7.0; 29
-5.0, 2.0, -7.0; 28
-4.0, 2.0, -7.0; 12
-2.0, 2.0, -7.0; 6
-1.0, 2.0, -7.0; 2
0.0, 2.0, -7.0; 1
1.0, 2.0, -7.0; 2
2.0, 2.0, -7.0; 5
3.0, 2.0, -7.0; 7
4.0, 2.0, -7.0; 4
5.0, 2.0, -7.0; 4
6.0, 2.0, -7.0; 1
7.0, 2.0, -7.0; 1
-8.0, 3.0, -7.0; 2
-7.0, 3.0, -7.0; 19
-6.0, 3.0, -7.0; 30
-5.0, 3.0, -7.0; 13
-4.0, 3.0, -7.0; 8
-3.0, 3.0, -7.0; 8
-2.0, 3.0, -7.0; 6
-1.0, 3.0, -7.0; 1
0.0, 3.0, -7.0; 5
1.0, 3.0, -7.0; 12
2.0, 3.0, -7.0; 10
3.0, 3.0, -7.0; 1
4.0, 3.0, -7.0; 2
5.0, 3.0, -7.0; 2
6.0, 3.0, -7.0; 1
-7.0, 4.0, -7.0; 10
-6.0, 4.0, -7.0; 21
-5.0, 4.0, -7.0; 22
-4.0, 4.0, -7.0; 14
-3.0, 4.0, -7.0; 10
-2.0, 4.0, -7.0; 18
-1.0, 4.0, -7.0; 12
0.0, 4.0, -7.0; 7
1.0, 4.0, -7.0; 5
2.0, 4.0, -7.0; 2
3.0, 4.0, -7.0; 3
4.0, 4.0, -7.0; 6
5.0, 4.0, -7.0; 3
6.0, 4.0, -7.0; 1
-6.0, 5.0, -7.0; 4
-5.0, 5.0, -7.0; 8
-4.0, 5.0, -7.0; 20
-3.0, 5.0, -7.0; 11
-2.0, 5.0, -7.0; 10
-1.0, 5.0, -7.0; 12
0.0, 5.0, -7.0; 12
1.0, 5.0, -7.0; 14
2.0, 5.0, -7.0; 4
3.0, 5.0, -7.0; 5
4.0, 5.0, -7.0; 3
5.0, 5.0, -7.0; 2
-4.0, 6.0, -7.0; 7
-3.0, 6.0, -7.0; 4
-2.0, 6.0, -7.0; 16
-1.0, 6.0, -7.0; 7
0.0, 6.0, -7.0; 8
1.0, 6.0, -7.0; 8
2.0, 6.0, -7.0; 6
3.0, 6.0, -7.0; 2
-2.0, 7.0, -7.0; 4
-1.0, 7.0, -7.0; 4
0.0, 7.0, -7.0; 4
1.0, 7.0, -7.0; 1
2.0, 7.0, -7.0; 2
-2.0, -9.0, -6.0; 2
-1.0, -9.0, -6.0; 3
0.0, -9.0, -6.0; 3
1.0, -9.0, -6.0; 2
2.0, -9.0, -6.0; 1
-5.0, -8.0, -6.0; 2
-4.0, -8.0, -6.0; 9
-3.0, -8.0, -6.0; 27
-2.0, -8.0, -6.0; 84
-1.0, -8.0, -6.0; 131
0.0, -8.0, -6.0; 35
1.0, -8.0, -6.0; 10
2.0, -8.0, -6.0; 4
3.0, -8.0, -6.0; 3
-6.0, -7.0, -6.0; 10
-5.0, -7.0, -6.0; 28
-4.0, -7.0, -6.0; 49
-3.0, -7.0, -6.0; 73
-2.0, -7.0, -6.0; 222
-1.0, -7.0, -6.0; 281
0.0, -7.0, -6.0; 39
1.0, -7.0, -6.0; 11
2.0, -7.0, -6.0; 8
3.0, -7.0, -6.0; 3
4.0, -7.0, -6.0; 2
-7.0, -6.0, -6.0; 11
-6.0, -6.0, -6.0; 41
-5.0, -6.0, -6.0; 72
-4.0, -6.0, -6.0; 36
-3.0, -6.0, -6.0; 24
-2.0, -6.0, -6.0; 61
-1.0, -6.0, -6.0; 57
0.0, -6.0, -6.0; 14
1.0, -6.0, -6.0; 5
2.0, -6.0, -6.0; 13
3.0, -6.0, -6.0; 5
4.0, -6.0, -6.0; 3
5.0, -6.0, -6.0; 1
-8.0, -5.0, -6.0; 1
-7.0, -5.0, -6.0; 18
-6.0, -5.0, -6.0; 71
-5.0, -5.0, -6.0; 43
-4.0, -5.0, -6.0; 18
-3.0, -5.0, -6.0; 49
-2.0, -5.0, -6.0; 30
-1.0, -5.0, -6.0; 21
0.0, -5.0, -6.0; 15
1.0, -5.0, -6.0; 4
2.0, -5.0, -6.0; 1
3.0, -5.0, -6.0; 1
4.0, -5.0, -6.0; 7
-8.0, -4.0, -6.0; 13
-7.0, -4.0, -6.0; 41
-6.0, -4.0, -6.0; 55
-5.0, -4.0, -6.0; 4
-4.0, -4.0, -6.0; 51
-3.0, -4.0, -6.0; 54
-2.0, -4.0, -6.0; 32
-1.0, -4.0, -6.0; 17
0.0, -4.0, -6.0; 26
1.0, -4.0, -6.0; 9
2.0, -4.0, -6.0; 3
3.0, -4.0, -6.0; 2
4.0, -4.0, -6.0; 6
5.0, -4.0, -6.0; 2
7.0, -4.0, -6.0; 1
-9.0, -3.0, -6.0; 1
-8.0, -3.0, -6.0; 17
-7.0, -3.0, -6.0; 72
-6.0, -3.0, -6.0; 59
-5.0, -3.0, -6.0; 15
-4.0, -3.0, -6.0; 60
-3.0, -3.0, -6.0; 45
-2.0, -3.0, -6.0; 43
-1.0, -3.0, -6.0; 51
0.0, -3.0, -6.0; 103
1.0, -3.0, -6.0; 20
2.0, -3.0, -6.0; 2
4.0, -3.0, -6.0; 13
5.0, -3.0, -6.0; 2
6.0, -3.0, -6.0; 2
7.0, -3.0, -6.0; 2
8.0, -3.0, -6.0; 2
-9.0, -2.0, -6.0; 5
-8.0, -2.0, -6.0; 14
-7.0, -2.0, -6.0; 77
-6.0, -2.0, -6.0; 112
-5.0, -2.0, -6.0; 7
-4.0, -2.0, -6.0; 16
-3.0, -2.0, -6.0; 37
-2.0, -2.0, -6.0; 71
-1.0, -2.0, -6.0; 128
0.0, -2.0, -6.0; 86
1.0, -2.0, -6.0; 39
2.0, -2.0, -6.0; 1
3.0, -2.0, -6.0; 9
4.0, -2.0, -6.0; 33
5.0, -2.0, -6.0; 5
6.0, -2.0, -6.0; 3
7.0, -2.0, -6.0; 3
-9.0, -1.0, -6.0; 1
-8.0, -1.0, -6.0; 22
-7.0, -1.0, -6.0; 73
-6.0, -1.0, -6.0; 132
-5.0, -1.0, -6.0; 24
-4.0, -1.0, -6.0; 6
-3.0, -1.0, -6.0; 19
-2.0, -1.0, -6.0; 47
-1.0, -1.0, -6.0; 49
0.0, -1.0, -6.0; 28
1.0, -1.0, -6.0; 12
2.0, -1.0, -6.0; 5
3.0, -1.0, -6.0; 31
4.0, -1.0, -6.0; 20
5.0, -1.0, -6.0; 5
6.0, -1.0, -6.0; 1
7.0, -1.0, -6.0; 10
8.0, -1.0, -6.0; 2
-9.0, 0.0, -6.0; 2
-8.0, 0.0, -6.0; 17
-7.0, 0.0, -6.0; 43
-6.0, 0.0, -6.0; 55
-5.0, 0.0, -6.0; 21
-4.0, 0.0, -6.0; 5
-3.0, 0.0, -6.0; 9
-2.0, 0.0, -6.0; 21
-1.0, 0.0, -6.0; 11
0.0, 0.0, -6.0; 14
1.0, 0.0, -6.0; 3
2.0, 0.0, -6.0; 51
3.0, 0.0, -6.0; 112
4.0, 0.0, -6.0; 11
5.0, 0.0, -6.0; 4
6.0, 0.0, -6.0; 1
7.0, 0.0, -6.0; 5
8.0, 0.0, -6.0; 2
-9.0, 1.0, -6.0; 5
-8.0, 1.0, -6.0; 26
-7.0, 1.0, -6.0; 34
-6.0, 1.0, -6.0; 28
-5.0, 1.0, -6.0; 2
-4.0, 1.0, -6.0; 11
-3.0, 1.0, -6.0; 30
-2.0, 1.0, -6.0; 70
-1.0, 1.0, -6.0; 40
0.0, 1.0, -6.0; 15
1.0, 1.0, -6.0; 10
2.0, 1.0, -6.0; 51
3.0, 1.0, -6.0; 20
4.0, 1.0, -6.0; 10
6.0, 1.0, -6.0; 3
7.0, 1.0, -6.0; 3
-8.0, 2.0, -6.0; 25
-7.0, 2.0, -6.0; 21
-6.0, 2.0, -6.0; 12
-5.0, 2.0, -6.0; 24
-4.0, 2.0, -6.0; 41
-3.0, 2.0, -6.0; 82
-2.0, 2.0, -6.0; 81
-1.0, 2.0, -6.0; 99
0.0, 2.0, -6.0; 35
1.0, 2.0, -6.0; 8
2.0, 2.0, -6.0; 10
3.0, 2.0, -6.0; 7
4.0, 2.0, -6.0; 5
5.0, 2.0, -6.0; 3
6.0, 2.0, -6.0; 4
7.0, 2.0, -6.0; 1
-8.0, 3.0, -6.0; 18
-7.0, 3.0, -6.0; 14
-6.0, 3.0, -6.0; 19
-5.0, 3.0, -6.0; 17
-4.0, 3.0, -6.0; 75
-3.0, 3.0, -6.0; 87
-2.0, 3.0, -6.0; 109
-1.0, 3.0, -6.0; 29
0.0, 3.0, -6.0; 6
1.0, 3.0, -6.0; 5
2.0, 3.0, -6.0; 7
3.0, 3.0, -6.0; 5
4.0, 3.0, -6.0; 3
5.0, 3.0, -6.0; 2
6.0, 3.0, -6.0; 1
7.0, 3.0, -6.0; 1
-8.0, 4.0, -6.0; 6
-7.0, 4.0, -6.0; 19
-6.0, 4.0, -6.0; 25
-5.0, 4.0, -6.0; 19
-4.0, 4.0, -6.0; 57
-3.0, 4.0, -6.0; 84
-2.0, 4.0, -6.0; 52
-1.0, 4.0, -6.0; 20
0.0, 4.0, -6.0; 4
1.0, 4.0, -6.0; 8
2.0, 4.0, -6.0; 7
3.0, 4.0, -6.0; 3
4.0, 4.0, -6.0; 1
5.0, 4.0, -6.0; 3
7.0, 4.0, -6.0; 1
-7.0, 5.0, -6.0; 4
-6.0, 5.0, -6.0; 16
-5.0, 5.0, -6.0; 62
-4.0, 5.0, -6.0; 61
-3.0, 5.0, -6.0; 51
-2.0, 5.0, -6.0; 28
-1.0, 5.0, -6.0; 6
0.0, 5.0, -6.0; 6
1.0, 5.0, -6.0; 5
2.0, 5.0, -6.0; 3
3.0, 5.0, -6.0; 2
4.0, 5.0, -6.0; 3
5.0, 5.0, -6.0; 1
-6.0, 6.0, -6.0; 1
-5.0, 6.0, -6.0; 13
-4.0, 6.0, -6.0; 70
-3.0, 6.0, -6.0; 100
-2.0, 6.0, -6.0; 30
-1.0, 6.0, -6.0; 5
0.0, 6.0, -6.0; 7
1.0, 6.0, -6.0; 13
2.0, 6.0, -6.0; 13
3.0, 6.0, -6.0; 6
4.0, 6.0, -6.0; 2
5.0, 6.0, -6.0; 2
-4.0, 7.0, -6.0; 4
-3.0, 7.0, -6.0; 13
-2.0, 7.0, -6.0; 18
-1.0, 7.0, -6.0; 8
0.0, 7.0, -6.0; 8
1.0, 7.0, -6.0; 12
2.0, 7.0, -6.0; 3
3.0, 7.0, -6.0; 1
4.0, 7.0, -6.0; 1
-2.0, 8.0, -6.0; 3
-1.0, 8.0, -6.0; 4
0.0, 8.0, -6.0; 1
1.0, 8.0, -6.0; 2
-2.0, -10.0, -5.0; 1
-1.0, -10.0, -5.0; 1
0.0, -10.0, -5.0; 1
-5.0, -9.0, -5.0; 1
-4.0, -9.0, -5.0; 2
-3.0, -9.0, -5.0; 2
-2.0, -9.0, -5.0; 20
-1.0, -9.0, -5.0; 14
0.0, -9.0, -5.0; 17
1.0, -9.0, -5.0; 7
2.0, -9.0, -5.0; 3
-6.0, -8.0, -5.0; 9
-5.0, -8.0, -5.0; 7
-4.0, -8.0, -5.0; 25
-3.0, -8.0, -5.0; 30
-2.0, -8.0, -5.0; 536
-1.0, -8.0, -5.0; 1448
0.0, -8.0, -5.0; 95
1.0, -8.0, -5.0; 5
2.0, -8.0, -5.0; 8
3.0, -8.0, -5.0; 3
-7.0, -7.0, -5.0; 8
-6.0, -7.0, -5.0; 27
-5.0, -7.0, -5.0; 28
-4.0, -7.0, -5.0; 31
-3.0, -7.0, -5.0; 20
-2.0, -7.0, -5.0; 139
-1.0, -7.0, -5.0; 228
0.0, -7.0, -5.0; 46
1.0, -7.0, -5.0; 11
2.0, -7.0, -5.0; 5
3.0, -7.0, -5.0; 6
5.0, -7.0, -5.0; 1
-8.0, -6.0, -5.0; 6
-7.0, -6.0, -5.0; 48
-6.0, -6.0, -5.0; 40
-5.0, -6.0, -5.0; 21
-4.0, -6.0, -5.0; 6
-3.0, -6.0, -5.0; 4
-2.0, -6.0, -5.0; 17
-1.0, -6.0, -5.0; 27
0.0, -6.0, -5.0; 29
1.0, -6.0, -5.0; 7
2.0, -6.0, -5.0; 3
3.0, -6.0, -5.0; 4
4.0, -6.0, -5.0; 3
6.0, -6.0, -5.0; 2
7.0, -6.0, -5.0; 1
-9.0, -5.0, -5.0; 1
-8.0, -5.0, -5.0; 27
-7.0, -5.0, -5.0; 32
-6.0, -5.0, -5.0; 21
-5.0, -5.0, -5.0; 1
-4.0, -5.0, -5.0; 7
-3.0, -5.0, -5.0; 24
-2.0, -5.0, -5.0; 20
-1.0, -5.0, -5.0; 11
0.0, -5.0, -5.0; 18
1.0, -5.0, -5.0; 13
2.0, -5.0, -5.0; 4
4.0, -5.0, -5.0; 3
5.0, -5.0, -5.0; 1
7.0, -5.0, -5.0; 1
-9.0, -4.0, -5.0; 9
-8.0, -4.0, -5.0; 28
-7.0, -4.0, -5.0; 32
-6.0, -4.0, -5.0; 9
-5.0, -4.0, -5.0; 49
-4.0, -4.0, -5.0; 63
-3.0, -4.0, -5.0; 163
-2.0, -4.0, -5.0; 358
-1.0, -4.0, -5.0; 89
0.0, -4.0, -5.0; 39
1.0, -4.0, -5.0; 120
2.0, -4.0, -5.0; 10
4.0, -4.0, -5.0; 2
5.0, -4.0, -5.0; 5
6.0, -4.0, -5.0; 1
7.0, -4.0, -5.0; 2
8.0, -4.0, -5.0; 5
-9.0, -3.0, -5.0; 1
-8.0, -3.0, -5.0; 46
-7.0, -3.0, -5.0; 58
-6.0, -3.0, -5.0; 14
-5.0, -3.0, -5.0; 104
-4.0, -3.0, -5.0; 186
-3.0, -3.0, -5.0; 4034
-2.0, -3.0, -5.0; 2546
-1.0, -3.0, -5.0; 53
0.0, -3.0, -5.0; 132
1.0, -3.0, -5.0; 1629
2.0, -3.0, -5.0; 59
3.0, -3.0, -5.0; 3
4.0, -3.0, -5.0; 12
5.0, -3.0, -5.0; 8
7.0, -3.0, -5.0; 1
8.0, -3.0, -5.0; 10
-9.0, -2.0, -5.0; 8
-8.0, -2.0, -5.0; 39
-7.0, -2.0, -5.0; 67
-6.0, -2.0, -5.0; 7
-5.0, -2.0, -5.0; 50
-4.0, -2.0, -5.0; 74
-3.0, -2.0, -5.0; 532
-2.0, -2.0, -5.0; 190
-1.0, -2.0, -5.0; 12
0.0, -2.0, -5.0; 88
1.0, -2.0, -5.0; 216
2.0, -2.0, -5.0; 21
3.0, -2.0, -5.0; 6
4.0, -2.0, -5.0; 23
5.0, -2.0, -5.0; 9
6.0, -2.0, -5.0; 1
7.0, -2.0, -5.0; 2
8.0, -2.0, -5.0; 4
-9.0, -1.0, -5.0; 5
-8.0, -1.0, -5.0; 28
-7.0, -1.0, -5.0; 78
-6.0, -1.0, -5.0; 16
-5.0, -1.0, -5.0; 14
-4.0, -1.0, -5.0; 21
-3.0, -1.0, -5.0; 43
-2.0, -1.0, -5.0; 33
-1.0, -1.0, -5.0; 13
0.0, -1.0, -5.0; 20
1.0, -1.0, -5.0; 23
2.0, -1.0, -5.0; 1
3.0, -1.0, -5.0; 18
4.0, -1.0, -5.0; 56
5.0, -1.0, -5.0; 3
7.0, -1.0, -5.0; 4
8.0, -1.0, -5.0; 13
-9.0, 0.0, -5.0; 7
-8.0, 0.0, -5.0; 18
-7.0, 0.0, -5.0; 84
-6.0, 0.0, -5.0; 3
-5.0, 0.0, -5.0; 8
-4.0, 0.0, -5.0; 23
-3.0, 0.0, -5.0; 117
-2.0, 0.0, -5.0; 38
-1.0, 0.0, -5.0; 15
0.0, 0.0, -5.0; 4
1.0, 0.0, -5.0; 2
2.0, 0.0, -5.0; 8
3.0, 0.0, -5.0; 80
4.0, 0.0, -5.0; 25
5.0, 0.0, -5.0; 2
6.0, 0.0, -5.0; 1
7.0, 0.0, -5.0; 6
8.0, 0.0, -5.0; 6
-9.0, 1.0, -5.0; 11
-8.0, 1.0, -5.0; 22
-7.0, 1.0, -5.0; 15
-6.0, 1.0, -5.0; 22
-5.0, 1.0, -5.0; 22
-4.0, 1.0, -5.0; 56
-3.0, 1.0, -5.0; 65
-2.0, 1.0, -5.0; 31
-1.0, 1.0, -5.0; 6
0.0, 1.0, -5.0; 29
1.0, 1.0, -5.0; 14
2.0, 1.0, -5.0; 41
3.0, 1.0, -5.0; 41
4.0, 1.0, -5.0; 4
5.0, 1.0, -5.0; 5
6.0, 1.0, -5.0; 1
7.0, 1.0, -5.0; 2
-9.0, 2.0, -5.0; 16
-8.0, 2.0, -5.0; 20
-7.0, 2.0, -5.0; 13
-6.0, 2.0, -5.0; 106
-5.0, 2.0, -5.0; 157
-4.0, 2.0, -5.0; 138
-3.0, 2.0, -5.0; 155
-2.0, 2.0, -5.0; 54
-1.0, 2.0, -5.0; 94
0.0, 2.0, -5.0; 174
1.0, 2.0, -5.0; 164
2.0, 2.0, -5.0; 28
3.0, 2.0, -5.0; 11
4.0, 2.0, -5.0; 13
5.0, 2.0, -5.0; 4
-9.0, 3.0, -5.0; 6
-8.0, 3.0, -5.0; 30
-7.0, 3.0, -5.0; 6
-6.0, 3.0, -5.0; 16
-5.0, 3.0, -5.0; 83
-4.0, 3.0, -5.0; 114
-3.0, 3.0, -5.0; 163
-2.0, 3.0, -5.0; 200
-1.0, 3.0, -5.0; 167
0.0, 3.0, -5.0; 314
1.0, 3.0, -5.0; 198
2.0, 3.0, -5.0; 16
3.0, 3.0, -5.0; 6
4.0, 3.0, -5.0; 4
5.0, 3.0, -5.0; 1
6.0, 3.0, -5.0; 2
-9.0, 4.0, -5.0; 1
-8.0, 4.0, -5.0; 25
-7.0, 4.0, -5.0; 28
-6.0, 4.0, -5.0; 29
-5.0, 4.0, -5.0; 30
-4.0, 4.0, -5.0; 66
-3.0, 4.0, -5.0; 55
-2.0, 4.0, -5.0; 156
-1.0, 4.0, -5.0; 137
0.0, 4.0, -5.0; 49
1.0, 4.0, -5.0; 29
2.0, 4.0, -5.0; 10
3.0, 4.0, -5.0; 1
4.0, 4.0, -5.0; 2
6.0, 4.0, -5.0; 1
-8.0, 5.0, -5.0; 3
-7.0, 5.0, -5.0; 18
-6.0, 5.0, -5.0; 45
-5.0, 5.0, -5.0; 113
-4.0, 5.0, -5.0; 43
-3.0, 5.0, -5.0; 48
-2.0, 5.0, -5.0; 24
-1.0, 5.0, -5.0; 21
0.0, 5.0, -5.0; 10
1.0, 5.0, -5.0; 6
2.0, 5.0, -5.0; 5
3.0, 5.0, -5.0; 4
4.0, 5.0, -5.0; 2
5.0, 5.0, -5.0; 3
-7.0, 6.0, -5.0; 4
-6.0, 6.0, -5.0; 10
-5.0, 6.0, -5.0; 40
-4.0, 6.0, -5.0; 113
-3.0, 6.0, -5.0; 116
-2.0, 6.0, -5.0; 37
-1.0, 6.0, -5.0; 7
0.0, 6.0, -5.0; 8
1.0, 6.0, -5.0; 8
2.0, 6.0, -5.0; 6
3.0, 6.0, -5.0; 4
4.0, 6.0, -5.0; 3
5.0, 6.0, -5.0; 2
6.0, 6.0, -5.0; 3
-6.0, 7.0, -5.0; 2
-5.0, 7.0, -5.0; 2
-4.0, 7.0, -5.0; 13
-3.0, 7.0, -5.0; 141
-2.0, 7.0, -5.0; 90
-1.0, 7.0, -5.0; 5
0.0, 7.0, -5.0; 6
1.0, 7.0, -5.0; 9
2.0, 7.0, -5.0; 7
3.0, 7.0, -5.0; 1
4.0, 7.0, -5.0; 1
-3.0, 8.0, -5.0; 10
-2.0, 8.0, -5.0; 22
-1.0, 8.0, -5.0; 9
0.0, 8.0, -5.0; 11
1.0, 8.0, -5.0; 9
2.0, 8.0, -5.0; 1
-1.0, 9.0, -5.0; 2
-2.0, -10.0, -4.0; 7
-1.0, -10.0, -4.0; 10
0.0, -10.0, -4.0; 9
1.0, -10.0, -4.0; 3
-5.0, -9.0, -4.0; 3
-4.0, -9.0, -4.0; 18
-3.0, -9.0, -4.0; 14
-2.0, -9.0, -4.0; 25
-1.0, -9.0, -4.0; 30
0.0, -9.0, -4.0; 23
1.0, -9.0, -4.0; 21
2.0, -9.0, -4.0; 11
3.0, -9.0, -4.0; 4
-6.0, -8.0, -4.0; 22
-5.0, -8.0, -4.0; 30
-4.0, -8.0, -4.0; 27
-3.0, -8.0, -4.0; 25
-2.0, -8.0, -4.0; 60
-1.0, -8.0, -4.0; 200
0.0, -8.0, -4.0; 52
1.0, -8.0, -4.0; 6
2.0, -8.0, -4.0; 5
3.0, -8.0, -4.0; 4
5.0, -8.0, -4.0; 1
-8.0, -7.0, -4.0; 1
-7.0, -7.0, -4.0; 16
-6.0, -7.0, -4.0; 48
-5.0, -7.0, -4.0; 17
-4.0, -7.0, -4.0; 3
-3.0, -7.0, -4.0; 1
-2.0, -7.0, -4.0; 6
-1.0, -7.0, -4.0; 32
0.0, -7.0, -4.0; 37
1.0, -7.0, -4.0; 14
2.0, -7.0, -4.0; 5
3.0, -7.0, -4.0; 7
4.0, -7.0, -4.0; 3
5.0, -7.0, -4.0; 2
-8.0, -6.0, -4.0; 21
-7.0, -6.0, -4.0; 53
-6.0, -6.0, -4.0; 11
-5.0, -6.0, -4.0; 3
-4.0, -6.0, -4.0; 1
-3.0, -6.0, -4.0; 1
-2.0, -6.0, -4.0; 21
-1.0, -6.0, -4.0; 158
0.0, -6.0, -4.0; 57
1.0, -6.0, -4.0; 46
2.0, -6.0, -4.0; 4
3.0, -6.0, -4.0; 3
4.0, -6.0, -4.0; 3
5.0, -6.0, -4.0; 2
7.0, -6.0, -4.0; 2
-9.0, -5.0, -4.0; 7
-8.0, -5.0, -4.0; 40
-7.0, -5.0, -4.0; 22
-6.0, -5.0, -4.0; 4
-5.0, -5.0, -4.0; 2
-4.0, -5.0, -4.0; 11
-3.0, -5.0, -4.0; 22
-2.0, -5.0, -4.0; 47
-1.0, -5.0, -4.0; 217
0.0, -5.0, -4.0; 36
1.0, -5.0, -4.0; 74
2.0, -5.0, -4.0; 22
3.0, -5.0, -4.0; 2
5.0, -5.0, -4.0; 3
6.0, -5.0, -4.0; 2
7.0, -5.0, -4.0; 2
8.0, -5.0, -4.0; 2
-9.0, -4.0, -4.0; 25
-8.0, -4.0, -4.0; 41
-7.0, -4.0, -4.0; 20
-6.0, -4.0, -4.0; 10
-5.0, -4.0, -4.0; 28
-4.0, -4.0, -4.0; 83
-3.0, -4.0, -4.0; 44
-2.0, -4.0, -4.0; 35
-1.0, -4.0, -4.0; 85
0.0, -4.0, -4.0; 12
1.0, -4.0, -4.0; 92
2.0, -4.0, -4.0; 122
3.0, -4.0, -4.0; 8
4.0, -4.0, -4.0; 4
5.0, -4.0, -4.0; 3
6.0, -4.0, -4.0; 4
7.0, -4.0, -4.0; 4
8.0, -4.0, -4.0; 4
-10.0, -3.0, -4.0; 3
-9.0, -3.0, -4.0; 17
-8.0, -3.0, -4.0; 41
-7.0, -3.0, -4.0; 18
-6.0, -3.0, -4.0; 49
-5.0, -3.0, -4.0; 129
-4.0, -3.0, -4.0; 397
-3.0, -3.0, -4.0; 138
-2.0, -3.0, -4.0; 12
0.0, -3.0, -4.0; 1
1.0, -3.0, -4.0; 407
2.0, -3.0, -4.0; 217
3.0, -3.0, -4.0; 10
4.0, -3.0, -4.0; 12
5.0, -3.0, -4.0; 35
6.0, -3.0, -4.0; 4
7.0, -3.0, -4.0; 1
8.0, -3.0, -4.0; 8
-9.0, -2.0, -4.0; 8
-8.0, -2.0, -4.0; 44
-7.0, -2.0, -4.0; 26
-6.0, -2.0, -4.0; 47
-5.0, -2.0, -4.0; 63
-4.0, -2.0, -4.0; 72
-3.0, -2.0, -4.0; 20
-2.0, -2.0, -4.0; 1
0.0, -2.0, -4.0; 4
1.0, -2.0, -4.0; 5
2.0, -2.0, -4.0; 11
3.0, -2.0, -4.0; 5
4.0, -2.0, -4.0; 72
5.0, -2.0, -4.0; 152
6.0, -2.0, -4.0; 2
8.0, -2.0, -4.0; 7
9.0, -2.0, -4.0; 3
-10.0, -1.0, -4.0; 1
-9.0, -1.0, -4.0; 14
-8.0, -1.0, -4.0; 39
-7.0, -1.0, -4.0; 60
-6.0, -1.0, -4.0; 3
-5.0, -1.0, -4.0; 10
-4.0, -1.0, -4.0; 8
-3.0, -1.0, -4.0; 4
2.0, -1.0, -4.0; 3
3.0, -1.0, -4.0; 2
4.0, -1.0, -4.0; 186
5.0, -1.0, -4.0; 56
6.0, -1.0, -4.0; 1
8.0, -1.0, -4.0; 11
9.0, -1.0, -4.0; 1
-10.0, 0.0, -4.0; 4
-9.0, 0.0, -4.0; 15
-8.0, 0.0, -4.0; 31
-7.0, 0.0, -4.0; 40
-6.0, 0.0, -4.0; 3
-5.0, 0.0, -4.0; 34
-4.0, 0.0, -4.0; 33
-3.0, 0.0, -4.0; 12
2.0, 0.0, -4.0; 3
3.0, 0.0, -4.0; 22
4.0, 0.0, -4.0; 105
5.0, 0.0, -4.0; 7
6.0, 0.0, -4.0; 2
7.0, 0.0, -4.0; 4
8.0, 0.0, -4.0; 6
-10.0, 1.0, -4.0; 5
-9.0, 1.0, -4.0; 19
-8.0, 1.0, -4.0; 35
-7.0, 1.0, -4.0; 6
-6.0, 1.0, -4.0; 112
-5.0, 1.0, -4.0; 93
-4.0, 1.0, -4.0; 17
0.0, 1.0, -4.0; 1
1.0, 1.0, -4.0; 1
2.0, 1.0, -4.0; 3
3.0, 1.0, -4.0; 9
4.0, 1.0, -4.0; 12
5.0, 1.0, -4.0; 5
6.0, 1.0, -4.0; 1
7.0, 1.0, -4.0; 4
-10.0, 2.0, -4.0; 1
-9.0, 2.0, -4.0; 19
-8.0, 2.0, -4.0; 23
-7.0, 2.0, -4.0; 12
-6.0, 2.0, -4.0; 279
-5.0, 2.0, -4.0; 225
-4.0, 2.0, -4.0; 15
-3.0, 2.0, -4.0; 1
-1.0, 2.0, -4.0; 1
0.0, 2.0, -4.0; 1
1.0, 2.0, -4.0; 10
2.0, 2.0, -4.0; 13
3.0, 2.0, -4.0; 15
4.0, 2.0, -4.0; 4
5.0, 2.0, -4.0; 3
6.0, 2.0, -4.0; 3
7.0, 2.0, -4.0; 3
8.0, 2.0, -4.0; 2
-9.0, 3.0, -4.0; 22
-8.0, 3.0, -4.0; 19
-7.0, 3.0, -4.0; 6
-6.0, 3.0, -4.0; 54
-5.0, 3.0, -4.0; 51
-4.0, 3.0, -4.0; 4
-3.0, 3.0, -4.0; 1
-2.0, 3.0, -4.0; 1
-1.0, 3.0, -4.0; 6
0.0, 3.0, -4.0; 47
1.0, 3.0, -4.0; 216
2.0, 3.0, -4.0; 119
3.0, 3.0, -4.0; 4
4.0, 3.0, -4.0; 5
5.0, 3.0, -4.0; 5
6.0, 3.0, -4.0; 1
7.0, 3.0, -4.0; 3
-9.0, 4.0, -4.0; 6
-8.0, 4.0, -4.0; 30
-7.0, 4.0, -4.0; 16
-6.0, 4.0, -4.0; 7
-5.0, 4.0, -4.0; 3
-4.0, 4.0, -4.0; 1
-3.0, 4.0, -4.0; 11
-2.0, 4.0, -4.0; 16
-1.0, 4.0, -4.0; 23
0.0, 4.0, -4.0; 141
1.0, 4.0, -4.0; 210
2.0, 4.0, -4.0; 42
3.0, 4.0, -4.0; 2
4.0, 4.0, -4.0; 5
5.0, 4.0, -4.0; 2
6.0, 4.0, -4.0; 3
7.0, 4.0, -4.0; 1
-8.0, 5.0, -4.0; 22
-7.0, 5.0, -4.0; 26
-6.0, 5.0, -4.0; 16
-5.0, 5.0, -4.0; 4
-4.0, 5.0, -4.0; 3
-3.0, 5.0, -4.0; 11
-2.0, 5.0, -4.0; 50
-1.0, 5.0, -4.0; 114
0.0, 5.0, -4.0; 83
1.0, 5.0, -4.0; 17
2.0, 5.0, -4.0; 5
3.0, 5.0, -4.0; 5
4.0, 5.0, -4.0; 2
6.0, 5.0, -4.0; 5
-7.0, 6.0, -4.0; 15
-6.0, 6.0, -4.0; 18
-5.0, 6.0, -4.0; 15
-4.0, 6.0, -4.0; 32
-3.0, 6.0, -4.0; 18
-2.0, 6.0, -4.0; 9
-1.0, 6.0, -4.0; 24
0.0, 6.0, -4.0; 12
1.0, 6.0, -4.0; 7
2.0, 6.0, -4.0; 5
3.0, 6.0, -4.0; 4
4.0, 6.0, -4.0; 4
5.0, 6.0, -4.0; 1
-7.0, 7.0, -4.0; 1
-6.0, 7.0, -4.0; 4
-5.0, 7.0, -4.0; 11
-4.0, 7.0, -4.0; 28
-3.0, 7.0, -4.0; 84
-2.0, 7.0, -4.0; 66
-1.0, 7.0, -4.0; 11
0.0, 7.0, -4.0; 8
1.0, 7.0, -4.0; 12
2.0, 7.0, -4.0; 6
3.0, 7.0, -4.0; 4
4.0, 7.0, -4.0; 2
5.0, 7.0, -4.0; 1
-5.0, 8.0, -4.0; 1
-4.0, 8.0, -4.0; 8
-3.0, 8.0, -4.0; 27
-2.0, 8.0, -4.0; 49
-1.0, 8.0, -4.0; 12
0.0, 8.0, -4.0; 13
1.0, 8.0, -4.0; 13
2.0, 8.0, -4.0; 6
3.0, 8.0, -4.0; 3
4.0, 8.0, -4.0; 2
-2.0, 9.0, -4.0; 7
-1.0, 9.0, -4.0; 4
0.0, 9.0, -4.0; 9
1.0, 9.0, -4.0; 7
2.0, 9.0, -4.0; 3
-4.0, -10.0, -3.0; 3
-3.0, -10.0, -3.0; 11
-2.0, -10.0, -3.0; 14
-1.0, -10.0, -3.0; 27
0.0, -10.0, -3.0; 17
1.0, -10.0, -3.0; 9
2.0, -10.0, -3.0; 1
-6.0, -9.0, -3.0; 1
-5.0, -9.0, -3.0; 8
-4.0, -9.0, -3.0; 11
-3.0, -9.0, -3.0; 17
-2.0, -9.0, -3.0; 26
-1.0, -9.0, -3.0; 31
0.0, -9.0, -3.0; 24
1.0, -9.0, -3.0; 13
2.0, -9.0, -3.0; 11
3.0, -9.0, -3.0; 3
-7.0, -8.0, -3.0; 7
-6.0, -8.0, -3.0; 33
-5.0, -8.0, -3.0; 17
-4.0, -8.0, -3.0; 34
-3.0, -8.0, -3.0; 25
-2.0, -8.0, -3.0; 34
-1.0, -8.0, -3.0; 35
0.0, -8.0, -3.0; 31
1.0, -8.0, -3.0; 7
2.0, -8.0, -3.0; 1
3.0, -8.0, -3.0; 6
4.0, -8.0, -3.0; 2
5.0, -8.0, -3.0; 1
6.0, -8.0, -3.0; 1
-8.0, -7.0, -3.0; 4
-7.0, -7.0, -3.0; 26
-6.0, -7.0, -3.0; 21
-5.0, -7.0, -3.0; 9
-4.0, -7.0, -3.0; 3
-2.0, -7.0, -3.0; 2
-1.0, -7.0, -3.0; 8
0.0, -7.0, -3.0; 51
1.0, -7.0, -3.0; 47
2.0, -7.0, -3.0; 11
3.0, -7.0, -3.0; 4
4.0, -7.0, -3.0; 2
5.0, -7.0, -3.0; 2
6.0, -7.0, -3.0; 1
-9.0, -6.0, -3.0; 1
-8.0, -6.0, -3.0; 33
-7.0, -6.0, -3.0; 25
-6.0, -6.0, -3.0; 7
-4.0, -6.0, -3.0; 2
-3.0, -6.0, -3.0; 1
-2.0, -6.0, -3.0; 3
-1.0, -6.0, -3.0; 62
0.0, -6.0, -3.0; 133
1.0, -6.0, -3.0; 850
2.0, -6.0, -3.0; 43
4.0, -6.0, -3.0; 4
5.0, -6.0, -3.0; 3
-9.0, -5.0, -3.0; 13
-8.0, -5.0, -3.0; 39
-7.0, -5.0, -3.0; 18
-6.0, -5.0, -3.0; 2
-5.0, -5.0, -3.0; 3
-4.0, -5.0, -3.0; 1
-1.0, -5.0, -3.0; 25
0.0, -5.0, -3.0; 39
1.0, -5.0, -3.0; 36
2.0, -5.0, -3.0; 62
3.0, -5.0, -3.0; 8
4.0, -5.0, -3.0; 1
5.0, -5.0, -3.0; 3
6.0, -5.0, -3.0; 3
8.0, -5.0, -3.0; 4
-10.0, -4.0, -3.0; 4
-9.0, -4.0, -3.0; 33
-8.0, -4.0, -3.0; 35
-7.0, -4.0, -3.0; 27
-6.0, -4.0, -3.0; 21
-5.0, -4.0, -3.0; 45
-4.0, -4.0, -3.0; 2
-3.0, -4.0, -3.0; 1
-2.0, -4.0, -3.0; 2
0.0, -4.0, -3.0; 1
1.0, -4.0, -3.0; 6
2.0, -4.0, -3.0; 80
3.0, -4.0, -3.0; 23
4.0, -4.0, -3.0; 3
5.0, -4.0, -3.0; 10
6.0, -4.0, -3.0; 1
7.0, -4.0, -3.0; 1
8.0, -4.0, -3.0; 8
-10.0, -3.0, -3.0; 8
-9.0, -3.0, -3.0; 21
-8.0, -3.0, -3.0; 39
-7.0, -3.0, -3.0; 16
-6.0, -3.0, -3.0; 75
-5.0, -3.0, -3.0; 179
-4.0, -3.0, -3.0; 8
-3.0, -3.0, -3.0; 12
2.0, -3.0, -3.0; 4
3.0, -3.0, -3.0; 8
4.0, -3.0, -3.0; 3
5.0, -3.0, -3.0; 60
6.0, -3.0, -3.0; 23
8.0, -3.0, -3.0; 6
9.0, -3.0, -3.0; 2
-10.0, -2.0, -3.0; 4
-9.0, -2.0, -3.0; 19
-8.0, -2.0, -3.0; 28
-7.0, -2.0, -3.0; 31
-6.0, -2.0, -3.0; 76
-5.0, -2.0, -3.0; 70
-4.0, -2.0, -3.0; 6
-3.0, -2.0, -3.0; 2
2.0, -2.0, -3.0; 1
3.0, -2.0, -3.0; 2
4.0, -2.0, -3.0; 5
5.0, -2.0, -3.0; 98
6.0, -2.0, -3.0; 22
8.0, -2.0, -3.0; 4
9.0, -2.0, -3.0; 5
-10.0, -1.0, -3.0; 5
-9.0, -1.0, -3.0; 8
-8.0, -1.0, -3.0; 39
-7.0, -1.0, -3.0; 28
-6.0, -1.0, -3.0; 8
-5.0, -1.0, -3.0; 2
-4.0, -1.0, -3.0; 1
3.0, -1.0, -3.0; 1
4.0, -1.0, -3.0; 8
5.0, -1.0, -3.0; 27
6.0, -1.0, -3.0; 9
8.0, -1.0, -3.0; 3
9.0, -1.0, -3.0; 4
-10.0, 0.0, -3.0; 5
-9.0, 0.0, -3.0; 16
-8.0, 0.0, -3.0; 28
-7.0, 0.0, -3.0; 1
-6.0, 0.0, -3.0; 43
-5.0, 0.0, -3.0; 16
4.0, 0.0, -3.0; 5
5.0, 0.0, -3.0; 8
6.0, 0.0, -3.0; 3
8.0, 0.0, -3.0; 2
-10.0, 1.0, -3.0; 8
-9.0, 1.0, -3.0; 12
-8.0, 1.0, -3.0; 24
-7.0, 1.0, -3.0; 8
-6.0, 1.0, -3.0; 249
-5.0, 1.0, -3.0; 34
-4.0, 1.0, -3.0; 2
4.0, 1.0, -3.0; 20
5.0, 1.0, -3.0; 7
6.0, 1.0, -3.0; 1
8.0, 1.0, -3.0; 1
-10.0, 2.0, -3.0; 10
-9.0, 2.0, -3.0; 21
-8.0, 2.0, -3.0; 20
-7.0, 2.0, -3.0; 36
-6.0, 2.0, -3.0; 153
-5.0, 2.0, -3.0; 38
-4.0, 2.0, -3.0; 1
-3.0, 2.0, -3.0; 4
3.0, 2.0, -3.0; 5
4.0, 2.0, -3.0; 19
5.0, 2.0, -3.0; 2
6.0, 2.0, -3.0; 1
7.0, 2.0, -3.0; 2
-10.0, 3.0, -3.0; 4
-9.0, 3.0, -3.0; 24
-8.0, 3.0, -3.0; 21
-7.0, 3.0, -3.0; 10
-6.0, 3.0, -3.0; 57
-5.0, 3.0, -3.0; 8
-4.0, 3.0, -3.0; 1
-3.0, 3.0, -3.0; 2
-2.0, 3.0, -3.0; 2
-1.0, 3.0, -3.0; 1
1.0, 3.0, -3.0; 8
2.0, 3.0, -3.0; 24
3.0, 3.0, -3.0; 7
4.0, 3.0, -3.0; 1
5.0, 3.0, -3.0; 3
7.0, 3.0, -3.0; 3
8.0, 3.0, -3.0; 1
-9.0, 4.0, -3.0; 17
-8.0, 4.0, -3.0; 28
-7.0, 4.0, -3.0; 9
-6.0, 4.0, -3.0; 12
-5.0, 4.0, -3.0; 6
-4.0, 4.0, -3.0; 3
-3.0, 4.0, -3.0; 1
-2.0, 4.0, -3.0; 1
-1.0, 4.0, -3.0; 2
0.0, 4.0, -3.0; 38
1.0, 4.0, -3.0; 142
2.0, 4.0, -3.0; 109
3.0, 4.0, -3.0; 7
4.0, 4.0, -3.0; 5
5.0, 4.0, -3.0; 1
-9.0, 5.0, -3.0; 3
-8.0, 5.0, -3.0; 56
-7.0, 5.0, -3.0; 18
-6.0, 5.0, -3.0; 6
-5.0, 5.0, -3.0; 3
-3.0, 5.0, -3.0; 6
-2.0, 5.0, -3.0; 24
-1.0, 5.0, -3.0; 52
0.0, 5.0, -3.0; 156
1.0, 5.0, -3.0; 96
2.0, 5.0, -3.0; 6
3.0, 5.0, -3.0; 5
4.0, 5.0, -3.0; 3
5.0, 5.0, -3.0; 4
6.0, 5.0, -3.0; 2
-8.0, 6.0, -3.0; 10
-7.0, 6.0, -3.0; 35
-6.0, 6.0, -3.0; 32
-5.0, 6.0, -3.0; 9
-4.0, 6.0, -3.0; 5
-3.0, 6.0, -3.0; 2
-2.0, 6.0, -3.0; 9
-1.0, 6.0, -3.0; 51
0.0, 6.0, -3.0; 100
1.0, 6.0, -3.0; 26
2.0, 6.0, -3.0; 2
3.0, 6.0, -3.0; 1
4.0, 6.0, -3.0; 3
5.0, 6.0, -3.0; 2
-7.0, 7.0, -3.0; 5
-6.0, 7.0, -3.0; 17
-5.0, 7.0, -3.0; 26
-4.0, 7.0, -3.0; 32
-3.0, 7.0, -3.0; 33
-2.0, 7.0, -3.0; 19
-1.0, 7.0, -3.0; 12
0.0, 7.0, -3.0; 12
1.0, 7.0, -3.0; 14
2.0, 7.0, -3.0; 6
3.0, 7.0, -3.0; 4
4.0, 7.0, -3.0; 3
5.0, 7.0, -3.0; 2
-5.0, 8.0, -3.0; 2
-4.0, 8.0, -3.0; 24
-3.0, 8.0, -3.0; 63
-2.0, 8.0, -3.0; 58
-1.0, 8.0, -3.0; 15
0.0, 8.0, -3.0; 9
1.0, 8.0, -3.0; 10
2.0, 8.0, -3.0; 11
3.0, 8.0, -3.0; 5
4.0, 8.0, -3.0; 1
-3.0, 9.0, -3.0; 1
-2.0, 9.0, -3.0; 11
-1.0, 9.0, -3.0; 17
0.0, 9.0, -3.0; 22
1.0, 9.0, -3.0; 17
2.0, 9.0, -3.0; 8
-4.0, -10.0, -2.0; 20
-3.0, -10.0, -2.0; 41
-2.0, -10.0, -2.0; 45
-1.0, -10.0, -2.0; 47
0.0, -10.0, -2.0; 36
1.0, -10.0, -2.0; 17
3.0, -10.0, -2.0; 1
-6.0, -9.0, -2.0; 17
-5.0, -9.0, -2.0; 29
-4.0, -9.0, -2.0; 15
-3.0, -9.0, -2.0; 24
-2.0, -9.0, -2.0; 18
-1.0, -9.0, -2.0; 18
0.0, -9.0, -2.0; 15
1.0, -9.0, -2.0; 8
2.0, -9.0, -2.0; 5
3.0, -9.0, -2.0; 7
4.0, -9.0, -2.0; 1
-7.0, -8.0, -2.0; 23
-6.0, -8.0, -2.0; 36
-5.0, -8.0, -2.0; 13
-4.0, -8.0, -2.0; 11
-3.0, -8.0, -2.0; 7
-2.0, -8.0, -2.0; 10
-1.0, -8.0, -2.0; 18
0.0, -8.0, -2.0; 16
1.0, -8.0, -2.0; 11
2.0, -8.0, -2.0; 4
3.0, -8.0, -2.0; 6
4.0, -8.0, -2.0; 5
5.0, -8.0, -2.0; 2
-8.0, -7.0, -2.0; 14
-7.0, -7.0, -2.0; 40
-6.0, -7.0, -2.0; 13
-5.0, -7.0, -2.0; 2
-4.0, -7.0, -2.0; 2
-2.0, -7.0, -2.0; 3
-1.0, -7.0, -2.0; 20
0.0, -7.0, -2.0; 98
1.0, -7.0, -2.0; 42
2.0, -7.0, -2.0; 6
3.0, -7.0, -2.0; 2
4.0, -7.0, -2.0; 2
5.0, -7.0, -2.0; 1
-9.0, -6.0, -2.0; 11
-8.0, -6.0, -2.0; 60
-7.0, -6.0, -2.0; 35
-6.0, -6.0, -2.0; 4
-1.0, -6.0, -2.0; 16
0.0, -6.0, -2.0; 65
1.0, -6.0, -2.0; 581
2.0, -6.0, -2.0; 38
3.0, -6.0, -2.0; 5
4.0, -6.0, -2.0; 1
5.0, -6.0, -2.0; 2
6.0, -6.0, -2.0; 2
8.0, -6.0, -2.0; 1
-9.0, -5.0, -2.0; 41
-8.0, -5.0, -2.0; 80
-7.0, -5.0, -2.0; 15
-6.0, -5.0, -2.0; 4
-5.0, -5.0, -2.0; 2
-2.0, -5.0, -2.0; 1
-1.0, -5.0, -2.0; 2
0.0, -5.0, -2.0; 4
1.0, -5.0, -2.0; 8
2.0, -5.0, -2.0; 28
3.0, -5.0, -2.0; 14
5.0, -5.0, -2.0; 1
6.0, -5.0, -2.0; 2
7.0, -5.0, -2.0; 1
8.0, -5.0, -2.0; 2
-10.0, -4.0, -2.0; 13
-9.0, -4.0, -2.0; 61
-8.0, -4.0, -2.0; 59
-7.0, -4.0, -2.0; 28
-6.0, -4.0, -2.0; 24
-5.0, -4.0, -2.0; 40
-4.0, -4.0, -2.0; 1
-3.0, -4.0, -2.0; 1
2.0, -4.0, -2.0; 11
3.0, -4.0, -2.0; 8
4.0, -4.0, -2.0; 1
5.0, -4.0, -2.0; 6
8.0, -4.0, -2.0; 1
-10.0, -3.0, -2.0; 4
-9.0, -3.0, -2.0; 34
-8.0, -3.0, -2.0; 31
-7.0, -3.0, -2.0; 18
-6.0, -3.0, -2.0; 58
-5.0, -3.0, -2.0; 85
-4.0, -3.0, -2.0; 2
5.0, -3.0, -2.0; 13
6.0, -3.0, -2.0; 10
7.0, -3.0, -2.0; 1
8.0, -3.0, -2.0; 1
9.0, -3.0, -2.0; 2
-10.0, -2.0, -2.0; 9
-9.0, -2.0, -2.0; 26
-8.0, -2.0, -2.0; 29
-7.0, -2.0, -2.0; 53
-6.0, -2.0, -2.0; 50
-5.0, -2.0, -2.0; 31
5.0, -2.0, -2.0; 3
6.0, -2.0, -2.0; 2
9.0, -2.0, -2.0; 3
-10.0, -1.0, -2.0; 7
-9.0, -1.0, -2.0; 29
-8.0, -1.0, -2.0; 32
-7.0, -1.0, -2.0; 14
-6.0, -1.0, -2.0; 5
-5.0, -1.0, -2.0; 1
5.0, -1.0, -2.0; 3
6.0, -1.0, -2.0; 3
7.0, -1.0, -2.0; 1
-10.0, 0.0, -2.0; 8
-9.0, 0.0, -2.0; 22
-8.0, 0.0, -2.0; 19
-7.0, 0.0, -2.0; 6
-6.0, 0.0, -2.0; 94
-5.0, 0.0, -2.0; 7
4.0, 0.0, -2.0; 2
5.0, 0.0, -2.0; 5
-10.0, 1.0, -2.0; 10
-9.0, 1.0, -2.0; 21
-8.0, 1.0, -2.0; 22
-7.0, 1.0, -2.0; 21
-6.0, 1.0, -2.0; 1864
-5.0, 1.0, -2.0; 145
-4.0, 1.0, -2.0; 1
3.0, 1.0, -2.0; 1
4.0, 1.0, -2.0; 6
5.0, 1.0, -2.0; 2
6.0, 1.0, -2.0; 2
7.0, 1.0, -2.0; 1
9.0, 1.0, -2.0; 1
-10.0, 2.0, -2.0; 12
-9.0, 2.0, -2.0; 25
-8.0, 2.0, -2.0; 14
-7.0, 2.0, -2.0; 43
-6.0, 2.0, -2.0; 118
-5.0, 2.0, -2.0; 65
-4.0, 2.0, -2.0; 1
4.0, 2.0, -2.0; 10
5.0, 2.0, -2.0; 1
6.0, 2.0, -2.0; 1
-10.0, 3.0, -2.0; 3
-9.0, 3.0, -2.0; 25
-8.0, 3.0, -2.0; 20
-7.0, 3.0, -2.0; 24
-6.0, 3.0, -2.0; 34
-5.0, 3.0, -2.0; 6
-4.0, 3.0, -2.0; 1
-3.0, 3.0, -2.0; 5
-2.0, 3.0, -2.0; 1
0.0, 3.0, -2.0; 1
2.0, 3.0, -2.0; 3
3.0, 3.0, -2.0; 1
4.0, 3.0, -2.0; 7
5.0, 3.0, -2.0; 3
6.0, 3.0, -2.0; 1
7.0, 3.0, -2.0; 1
-9.0, 4.0, -2.0; 33
-8.0, 4.0, -2.0; 30
-7.0, 4.0, -2.0; 4
-6.0, 4.0, -2.0; 29
-5.0, 4.0, -2.0; 13
-2.0, 4.0, -2.0; 1
0.0, 4.0, -2.0; 12
1.0, 4.0, -2.0; 65
2.0, 4.0, -2.0; 39
3.0, 4.0, -2.0; 8
4.0, 4.0, -2.0; 4
5.0, 4.0, -2.0; 4
-9.0, 5.0, -2.0; 10
-8.0, 5.0, -2.0; 40
-7.0, 5.0, -2.0; 22
-5.0, 5.0, -2.0; 5
-4.0, 5.0, -2.0; 2
-3.0, 5.0, -2.0; 2
-2.0, 5.0, -2.0; 2
-1.0, 5.0, -2.0; 14
0.0, 5.0, -2.0; 192
1.0, 5.0, -2.0; 175
2.0, 5.0, -2.0; 18
3.0, 5.0, -2.0; 1
4.0, 5.0, -2.0; 3
5.0, 5.0, -2.0; 1
7.0, 5.0, -2.0; 1
-8.0, 6.0, -2.0; 19
-7.0, 6.0, -2.0; 70
-6.0, 6.0, -2.0; 73
-5.0, 6.0, -2.0; 23
-4.0, 6.0, -2.0; 3
-3.0, 6.0, -2.0; 4
-2.0, 6.0, -2.0; 14
-1.0, 6.0, -2.0; 49
0.0, 6.0, -2.0; 157
1.0, 6.0, -2.0; 72
2.0, 6.0, -2.0; 4
4.0, 6.0, -2.0; 2
5.0, 6.0, -2.0; 3
6.0, 6.0, -2.0; 2
-7.0, 7.0, -2.0; 9
-6.0, 7.0, -2.0; 30
-5.0, 7.0, -2.0; 45
-4.0, 7.0, -2.0; 29
-3.0, 7.0, -2.0; 9
-2.0, 7.0, -2.0; 5
-1.0, 7.0, -2.0; 12
0.0, 7.0, -2.0; 19
1.0, 7.0, -2.0; 12
2.0, 7.0, -2.0; 4
3.0, 7.0, -2.0; 1
4.0, 7.0, -2.0; 3
5.0, 7.0, -2.0; 2
-6.0, 8.0, -2.0; 4
-5.0, 8.0, -2.0; 11
-4.0, 8.0, -2.0; 44
-3.0, 8.0, -2.0; 86
-2.0, 8.0, -2.0; 59
-1.0, 8.0, -2.0; 13
0.0, 8.0, -2.0; 12
1.0, 8.0, -2.0; 16
2.0, 8.0, -2.0; 5
3.0, 8.0, -2.0; 6
4.0, 8.0, -2.0; 1
-4.0, 9.0, -2.0; 3
-3.0, 9.0, -2.0; 20
-2.0, 9.0, -2.0; 25
-1.0, 9.0, -2.0; 21
0.0, 9.0, -2.0; 18
1.0, 9.0, -2.0; 22
2.0, 9.0, -2.0; 6
3.0, 9.0, -2.0; 2
-5.0, -10.0, -1.0; 5
-4.0, -10.0, -1.0; 45
-3.0, -10.0, -1.0; 96
-2.0, -10.0, -1.0; 84
-1.0, -10.0, -1.0; 59
0.0, -10.0, -1.0; 37
1.0, -10.0, -1.0; 12
2.0, -10.0, -1.0; 4
-6.0, -9.0, -1.0; 29
-5.0, -9.0, -1.0; 79
-4.0, -9.0, -1.0; 39
-3.0, -9.0, -1.0; 11
-2.0, -9.0, -1.0; 12
-1.0, -9.0, -1.0; 17
0.0, -9.0, -1.0; 12
1.0, -9.0, -1.0; 11
2.0, -9.0, -1.0; 9
3.0, -9.0, -1.0; 2
4.0, -9.0, -1.0; 1
-7.0, -8.0, -1.0; 36
-6.0, -8.0, -1.0; 35
-5.0, -8.0, -1.0; 12
-4.0, -8.0, -1.0; 5
-3.0, -8.0, -1.0; 2
-2.0, -8.0, -1.0; 10
-1.0, -8.0, -1.0; 30
0.0, -8.0, -1.0; 19
1.0, -8.0, -1.0; 4
2.0, -8.0, -1.0; 2
3.0, -8.0, -1.0; 3
4.0, -8.0, -1.0; 1
-8.0, -7.0, -1.0; 36
-7.0, -7.0, -1.0; 38
-6.0, -7.0, -1.0; 9
-5.0, -7.0, -1.0; 2
-3.0, -7.0, -1.0; 5
-2.0, -7.0, -1.0; 23
-1.0, -7.0, -1.0; 98
0.0, -7.0, -1.0; 107
1.0, -7.0, -1.0; 44
2.0, -7.0, -1.0; 10
3.0, -7.0, -1.0; 4
4.0, -7.0, -1.0; 3
5.0, -7.0, -1.0; 2
6.0, -7.0, -1.0; 2
-9.0, -6.0, -1.0; 17
-8.0, -6.0, -1.0; 74
-7.0, -6.0, -1.0; 23
-6.0, -6.0, -1.0; 5
-5.0, -6.0, -1.0; 5
-3.0, -6.0, -1.0; 4
-2.0, -6.0, -1.0; 6
-1.0, -6.0, -1.0; 15
0.0, -6.0, -1.0; 46
1.0, -6.0, -1.0; 40
2.0, -6.0, -1.0; 15
3.0, -6.0, -1.0; 6
4.0, -6.0, -1.0; 1
5.0, -6.0, -1.0; 2
6.0, -6.0, -1.0; 4
7.0, -6.0, -1.0; 1
-10.0, -5.0, -1.0; 3
-9.0, -5.0, -1.0; 42
-8.0, -5.0, -1.0; 88
-7.0, -5.0, -1.0; 34
-6.0, -5.0, -1.0; 26
-5.0, -5.0, -1.0; 7
-4.0, -5.0, -1.0; 3
-2.0, -5.0, -1.0; 1
-1.0, -5.0, -1.0; 1
0.0, -5.0, -1.0; 3
1.0, -5.0, -1.0; 5
2.0, -5.0, -1.0; 18
3.0, -5.0, -1.0; 7
4.0, -5.0, -1.0; 2
5.0, -5.0, -1.0; 4
6.0, -5.0, -1.0; 3
7.0, -5.0, -1.0; 3
8.0, -5.0, -1.0; 1
-10.0, -4.0, -1.0; 10
-9.0, -4.0, -1.0; 47
-8.0, -4.0, -1.0; 58
-7.0, -4.0, -1.0; 54
-6.0, -4.0, -1.0; 28
-5.0, -4.0, -1.0; 28
2.0, -4.0, -1.0; 5
3.0, -4.0, -1.0; 4
5.0, -4.0, -1.0; 1
6.0, -4.0, -1.0; 2
8.0, -4.0, -1.0; 1
-10.0, -3.0, -1.0; 17
-9.0, -3.0, -1.0; 42
-8.0, -3.0, -1.0; 43
-7.0, -3.0, -1.0; 33
-6.0, -3.0, -1.0; 61
-5.0, -3.0, -1.0; 48
3.0, -3.0, -1.0; 2
5.0, -3.0, -1.0; 3
6.0, -3.0, -1.0; 3
7.0, -3.0, -1.0; 1
-10.0, -2.0, -1.0; 11
-9.0, -2.0, -1.0; 36
-8.0, -2.0, -1.0; 24
-7.0, -2.0, -1.0; 54
-6.0, -2.0, -1.0; 51
-5.0, -2.0, -1.0; 11
3.0, -2.0, -1.0; 1
4.0, -2.0, -1.0; 3
5.0, -2.0, -1.0; 2
6.0, -2.0, -1.0; 1
8.0, -2.0, -1.0; 1
-10.0, -1.0, -1.0; 10
-9.0, -1.0, -1.0; 29
-8.0, -1.0, -1.0; 26
-7.0, -1.0, -1.0; 19
-6.0, -1.0, -1.0; 4
-5.0, -1.0, -1.0; 1
5.0, -1.0, -1.0; 1
9.0, -1.0, -1.0; 1
-10.0, 0.0, -1.0; 6
-9.0, 0.0, -1.0; 24
-8.0, 0.0, -1.0; 18
-7.0, 0.0, -1.0; 6
-6.0, 0.0, -1.0; 54
5.0, 0.0, -1.0; 1
6.0, 0.0, -1.0; 1
7.0, 0.0, -1.0; 1
-10.0, 1.0, -1.0; 4
-9.0, 1.0, -1.0; 12
-8.0, 1.0, -1.0; 8
-7.0, 1.0, -1.0; 7
-6.0, 1.0, -1.0; 5069
-5.0, 1.0, -1.0; 333
5.0, 1.0, -1.0; 1
6.0, 1.0, -1.0; 5
7.0, 1.0, -1.0; 3
-10.0, 2.0, -1.0; 5
-9.0, 2.0, -1.0; 37
-8.0, 2.0, -1.0; 16
-7.0, 2.0, -1.0; 22
-6.0, 2.0, -1.0; 277
-5.0, 2.0, -1.0; 249
-4.0, 2.0, -1.0; 1
4.0, 2.0, -1.0; 1
5.0, 2.0, -1.0; 1
6.0, 2.0, -1.0; 1
7.0, 2.0, -1.0; 1
-10.0, 3.0, -1.0; 7
-9.0, 3.0, -1.0; 38
-8.0, 3.0, -1.0; 19
-7.0, 3.0, -1.0; 27
-6.0, 3.0, -1.0; 74
-5.0, 3.0, -1.0; 14
4.0, 3.0, -1.0; 4
5.0, 3.0, -1.0; 2
6.0, 3.0, -1.0; 1
7.0, 3.0, -1.0; 1
8.0, 3.0, -1.0; 2
-9.0, 4.0, -1.0; 38
-8.0, 4.0, -1.0; 45
-7.0, 4.0, -1.0; 7
-6.0, 4.0, -1.0; 67
-5.0, 4.0, -1.0; 45
-4.0, 4.0, -1.0; 1
-3.0, 4.0, -1.0; 2
0.0, 4.0, -1.0; 1
1.0, 4.0, -1.0; 3
2.0, 4.0, -1.0; 11
3.0, 4.0, -1.0; 4
4.0, 4.0, -1.0; 1
5.0, 4.0, -1.0; 4
6.0, 4.0, -1.0; 1
-9.0, 5.0, -1.0; 15
-8.0, 5.0, -1.0; 52
-7.0, 5.0, -1.0; 55
-6.0, 5.0, -1.0; 2
-5.0, 5.0, -1.0; 21
-4.0, 5.0, -1.0; 43
-3.0, 5.0, -1.0; 21
-2.0, 5.0, -1.0; 1
-1.0, 5.0, -1.0; 15
0.0, 5.0, -1.0; 179
1.0, 5.0, -1.0; 123
2.0, 5.0, -1.0; 15
3.0, 5.0, -1.0; 1
4.0, 5.0, -1.0; 2
5.0, 5.0, -1.0; 3
-8.0, 6.0, -1.0; 21
-7.0, 6.0, -1.0; 328
-6.0, 6.0, -1.0; 1214
-5.0, 6.0, -1.0; 84
-4.0, 6.0, -1.0; 12
-3.0, 6.0, -1.0; 18
-2.0, 6.0, -1.0; 34
-1.0, 6.0, -1.0; 62
0.0, 6.0, -1.0; 154
1.0, 6.0, -1.0; 54
2.0, 6.0, -1.0; 2
3.0, 6.0, -1.0; 2
4.0, 6.0, -1.0; 2
5.0, 6.0, -1.0; 5
6.0, 6.0, -1.0; 2
7.0, 6.0, -1.0; 1
-7.0, 7.0, -1.0; 20
-6.0, 7.0, -1.0; 111
-5.0, 7.0, -1.0; 162
-4.0, 7.0, -1.0; 46
-3.0, 7.0, -1.0; 13
-2.0, 7.0, -1.0; 11
-1.0, 7.0, -1.0; 51
0.0, 7.0, -1.0; 37
1.0, 7.0, -1.0; 6
2.0, 7.0, -1.0; 4
3.0, 7.0, -1.0; 3
4.0, 7.0, -1.0; 2
5.0, 7.0, -1.0; 2
6.0, 7.0, -1.0; 1
-6.0, 8.0, -1.0; 4
-5.0, 8.0, -1.0; 11
-4.0, 8.0, -1.0; 63
-3.0, 8.0, -1.0; 48
-2.0, 8.0, -1.0; 31
-1.0, 8.0, -1.0; 9
0.0, 8.0, -1.0; 9
1.0, 8.0, -1.0; 15
2.0, 8.0, -1.0; 11
3.0, 8.0, -1.0; 4
4.0, 8.0, -1.0; 2
-5.0, 9.0, -1.0; 1
-4.0, 9.0, -1.0; 9
-3.0, 9.0, -1.0; 31
-2.0, 9.0, -1.0; 23
-1.0, 9.0, -1.0; 31
0.0, 9.0, -1.0; 38
1.0, 9.0, -1.0; 31
2.0, 9.0, -1.0; 9
3.0, 9.0, -1.0; 1
-5.0, -10.0, 0.0; 3
-4.0, -10.0, 0.0; 41
-3.0, -10.0, 0.0; 41
-2.0, -10.0, 0.0; 43
-1.0, -10.0, 0.0; 43
0.0, -10.0, 0.0; 23
1.0, -10.0, 0.0; 6
2.0, -10.0, 0.0; 2
-6.0, -9.0, 0.0; 23
-5.0, -9.0, 0.0; 54
-4.0, -9.0, 0.0; 22
-3.0, -9.0, 0.0; 12
-2.0, -9.0, 0.0; 17
-1.0, -9.0, 0.0; 16
0.0, -9.0, 0.0; 11
1.0, -9.0, 0.0; 3
2.0, -9.0, 0.0; 9
4.0, -9.0, 0.0; 2
-8.0, -8.0, 0.0; 1
-7.0, -8.0, 0.0; 34
-6.0, -8.0, 0.0; 50
-5.0, -8.0, 0.0; 26
-4.0, -8.0, 0.0; 4
-3.0, -8.0, 0.0; 2
-2.0, -8.0, 0.0; 16
-1.0, -8.0, 0.0; 20
0.0, -8.0, 0.0; 10
1.0, -8.0, 0.0; 5
2.0, -8.0, 0.0; 8
3.0, -8.0, 0.0; 6
4.0, -8.0, 0.0; 2
5.0, -8.0, 0.0; 2
6.0, -8.0, 0.0; 1
-8.0, -7.0, 0.0; 25
-7.0, -7.0, 0.0; 54
-6.0, -7.0, 0.0; 14
-5.0, -7.0, 0.0; 5
-4.0, -7.0, 0.0; 55
-3.0, -7.0, 0.0; 132
-2.0, -7.0, 0.0; 206
-1.0, -7.0, 0.0; 216
0.0, -7.0, 0.0; 83
1.0, -7.0, 0.0; 22
2.0, -7.0, 0.0; 3
3.0, -7.0, 0.0; 1
6.0, -7.0, 0.0; 3
-9.0, -6.0, 0.0; 14
-8.0, -6.0, 0.0; 55
-7.0, -6.0, 0.0; 62
-6.0, -6.0, 0.0; 18
-5.0, -6.0, 0.0; 74
-4.0, -6.0, 0.0; 28
-3.0, -6.0, 0.0; 53
-2.0, -6.0, 0.0; 68
-1.0, -6.0, 0.0; 30
0.0, -6.0, 0.0; 35
1.0, -6.0, 0.0; 29
2.0, -6.0, 0.0; 11
3.0, -6.0, 0.0; 5
4.0, -6.0, 0.0; 2
7.0, -6.0, 0.0; 1
8.0, -6.0, 0.0; 1
-9.0, -5.0, 0.0; 19
-8.0, -5.0, 0.0; 79
-7.0, -5.0, 0.0; 62
-6.0, -5.0, 0.0; 192
-5.0, -5.0, 0.0; 7
-4.0, -5.0, 0.0; 13
-3.0, -5.0, 0.0; 16
-2.0, -5.0, 0.0; 6
1.0, -5.0, 0.0; 2
2.0, -5.0, 0.0; 16
3.0, -5.0, 0.0; 2
4.0, -5.0, 0.0; 4
5.0, -5.0, 0.0; 2
6.0, -5.0, 0.0; 2
-10.0, -4.0, 0.0; 3
-9.0, -4.0, 0.0; 39
-8.0, -4.0, 0.0; 76
-7.0, -4.0, 0.0; 55
-6.0, -4.0, 0.0; 123
-5.0, -4.0, 0.0; 19
-4.0, -4.0, 0.0; 3
2.0, -4.0, 0.0; 4
3.0, -4.0, 0.0; 4
4.0, -4.0, 0.0; 1
5.0, -4.0, 0.0; 1
7.0, -4.0, 0.0; 1
8.0, -4.0, 0.0; 1
-10.0, -3.0, 0.0; 12
-9.0, -3.0, 0.0; 42
-8.0, -3.0, 0.0; 55
-7.0, -3.0, 0.0; 40
-6.0, -3.0, 0.0; 35
-5.0, -3.0, 0.0; 14
5.0, -3.0, 0.0; 2
9.0, -3.0, 0.0; 1
-10.0, -2.0, 0.0; 13
-9.0, -2.0, 0.0; 23
-8.0, -2.0, 0.0; 39
-7.0, -2.0, 0.0; 39
-6.0, -2.0, 0.0; 41
-5.0, -2.0, 0.0; 1
-10.0, -1.0, 0.0; 7
-9.0, -1.0, 0.0; 19
-8.0, -1.0, 0.0; 25
-7.0, -1.0, 0.0; 42
-6.0, -1.0, 0.0; 9
-5.0, -1.0, 0.0; 1
-10.0, 0.0, 0.0; 13
-9.0, 0.0, 0.0; 21
-8.0, 0.0, 0.0; 21
-7.0, 0.0, 0.0; 12
-6.0, 0.0, 0.0; 25
-5.0, 0.0, 0.0; 3
7.0
26.9154575893
