4.0, 0.0, 0.0; 1
-10.0, 1.0, 0.0; 1
-9.0, 1.0, 0.0; 10
-8.0, 1.0, 0.0; 10
-7.0, 1.0, 0.0; 3
-6.0, 1.0, 0.0; 103
-5.0, 1.0, 0.0; 36
4.0, 1.0, 0.0; 1
6.0, 1.0, 0.0; 2
9.0, 1.0, 0.0; 1
-9.0, 2.0, 0.0; 17
-8.0, 2.0, 0.0; 6
-7.0, 2.0, 0.0; 3
-6.0, 2.0, 0.0; 33
-5.0, 2.0, 0.0; 93
-4.0, 2.0, 0.0; 3
4.0, 2.0, 0.0; 1
5.0, 2.0, 0.0; 3
6.0, 2.0, 0.0; 1
9.0, 2.0, 0.0; 1
-10.0, 3.0, 0.0; 1
-9.0, 3.0, 0.0; 9
-8.0, 3.0, 0.0; 13
-7.0, 3.0, 0.0; 19
-6.0, 3.0, 0.0; 45
-5.0, 3.0, 0.0; 59
-4.0, 3.0, 0.0; 2
3.0, 3.0, 0.0; 4
4.0, 3.0, 0.0; 1
5.0, 3.0, 0.0; 1
6.0, 3.0, 0.0; 1
8.0, 3.0, 0.0; 1
-9.0, 4.0, 0.0; 8
-8.0, 4.0, 0.0; 25
-7.0, 4.0, 0.0; 14
-6.0, 4.0, 0.0; 44
-5.0, 4.0, 0.0; 103
-4.0, 4.0, 0.0; 36
-3.0, 4.0, 0.0; 3
-1.0, 4.0, 0.0; 1
0.0, 4.0, 0.0; 2
1.0, 4.0, 0.0; 11
2.0, 4.0, 0.0; 2
3.0, 4.0, 0.0; 3
4.0, 4.0, 0.0; 3
5.0, 4.0, 0.0; 1
-9.0, 5.0, 0.0; 4
-8.0, 5.0, 0.0; 19
-7.0, 5.0, 0.0; 25
-6.0, 5.0, 0.0; 16
-5.0, 5.0, 0.0; 30
-4.0, 5.0, 0.0; 172
-3.0, 5.0, 0.0; 157
-2.0, 5.0, 0.0; 72
-1.0, 5.0, 0.0; 126
0.0, 5.0, 0.0; 229
1.0, 5.0, 0.0; 80
2.0, 5.0, 0.0; 5
3.0, 5.0, 0.0; 7
4.0, 5.0, 0.0; 3
5.0, 5.0, 0.0; 2
6.0, 5.0, 0.0; 1
7.0, 5.0, 0.0; 1
-8.0, 6.0, 0.0; 6
-7.0, 6.0, 0.0; 102
-6.0, 6.0, 0.0; 644
-5.0, 6.0, 0.0; 69
-4.0, 6.0, 0.0; 29
-3.0, 6.0, 0.0; 59
-2.0, 6.0, 0.0; 96
-1.0, 6.0, 0.0; 71
0.0, 6.0, 0.0; 42
1.0, 6.0, 0.0; 14
2.0, 6.0, 0.0; 3
3.0, 6.0, 0.0; 1
4.0, 6.0, 0.0; 2
5.0, 6.0, 0.0; 4
-7.0, 7.0, 0.0; 13
-6.0, 7.0, 0.0; 38
-5.0, 7.0, 0.0; 76
-4.0, 7.0, 0.0; 15
-3.0, 7.0, 0.0; 12
-2.0, 7.0, 0.0; 18
-1.0, 7.0, 0.0; 32
0.0, 7.0, 0.0; 24
1.0, 7.0, 0.0; 2
2.0, 7.0, 0.0; 4
3.0, 7.0, 0.0; 4
4.0, 7.0, 0.0; 1
5.0, 7.0, 0.0; 1
-6.0, 8.0, 0.0; 1
-5.0, 8.0, 0.0; 6
-4.0, 8.0, 0.0; 17
-3.0, 8.0, 0.0; 7
-2.0, 8.0, 0.0; 4
-1.0, 8.0, 0.0; 7
0.0, 8.0, 0.0; 6
1.0, 8.0, 0.0; 10
2.0, 8.0, 0.0; 5
3.0, 8.0, 0.0; 2
4.0, 8.0, 0.0; 2
5.0, 8.0, 0.0; 1
-4.0, 9.0, 0.0; 3
-3.0, 9.0, 0.0; 10
-2.0, 9.0, 0.0; 6
-1.0, 9.0, 0.0; 9
0.0, 9.0, 0.0; 10
1.0, 9.0, 0.0; 9
2.0, 9.0, 0.0; 1
3.0, 9.0, 0.0; 3
-4.0, -10.0, 1.0; 11
-3.0, -10.0, 1.0; 14
-2.0, -10.0, 1.0; 14
-1.0, -10.0, 1.0; 15
0.0, -10.0, 1.0; 11
1.0, -10.0, 1.0; 2
2.0, -10.0, 1.0; 2
-6.0, -9.0, 1.0; 1
-5.0, -9.0, 1.0; 25
-4.0, -9.0, 1.0; 24
-3.0, -9.0, 1.0; 21
-2.0, -9.0, 1.0; 9
-1.0, -9.0, 1.0; 14
0.0, -9.0, 1.0; 7
1.0, -9.0, 1.0; 3
2.0, -9.0, 1.0; 1
3.0, -9.0, 1.0; 3
4.0, -9.0, 1.0; 1
-7.0, -8.0, 1.0; 5
-6.0, -8.0, 1.0; 26
-5.0, -8.0, 1.0; 19
-4.0, -8.0, 1.0; 5
-3.0, -8.0, 1.0; 3
-2.0, -8.0, 1.0; 9
-1.0, -8.0, 1.0; 2
0.0, -8.0, 1.0; 9
1.0, -8.0, 1.0; 9
2.0, -8.0, 1.0; 1
3.0, -8.0, 1.0; 2
5.0, -8.0, 1.0; 1
-8.0, -7.0, 1.0; 5
-7.0, -7.0, 1.0; 26
-6.0, -7.0, 1.0; 8
-5.0, -7.0, 1.0; 3
-4.0, -7.0, 1.0; 73
-3.0, -7.0, 1.0; 188
-2.0, -7.0, 1.0; 217
-1.0, -7.0, 1.0; 79
0.0, -7.0, 1.0; 23
1.0, -7.0, 1.0; 9
2.0, -7.0, 1.0; 4
3.0, -7.0, 1.0; 5
4.0, -7.0, 1.0; 1
5.0, -7.0, 1.0; 1
7.0, -7.0, 1.0; 1
-8.0, -6.0, 1.0; 18
-7.0, -6.0, 1.0; 18
-6.0, -6.0, 1.0; 4
-5.0, -6.0, 1.0; 182
-4.0, -6.0, 1.0; 243
-3.0, -6.0, 1.0; 135
-2.0, -6.0, 1.0; 81
-1.0, -6.0, 1.0; 39
0.0, -6.0, 1.0; 14
1.0, -6.0, 1.0; 8
2.0, -6.0, 1.0; 4
3.0, -6.0, 1.0; 6
4.0, -6.0, 1.0; 3
-9.0, -5.0, 1.0; 1
-8.0, -5.0, 1.0; 18
-7.0, -5.0, 1.0; 3
-6.0, -5.0, 1.0; 79
-5.0, -5.0, 1.0; 144
-4.0, -5.0, 1.0; 12
-3.0, -5.0, 1.0; 28
-2.0, -5.0, 1.0; 5
-1.0, -5.0, 1.0; 2
0.0, -5.0, 1.0; 3
1.0, -5.0, 1.0; 4
2.0, -5.0, 1.0; 4
3.0, -5.0, 1.0; 2
4.0, -5.0, 1.0; 1
5.0, -5.0, 1.0; 1
6.0, -5.0, 1.0; 1
8.0, -5.0, 1.0; 1
-9.0, -4.0, 1.0; 11
-8.0, -4.0, 1.0; 35
-7.0, -4.0, 1.0; 5
-6.0, -4.0, 1.0; 77
-5.0, -4.0, 1.0; 13
-4.0, -4.0, 1.0; 3
-3.0, -4.0, 1.0; 1
2.0, -4.0, 1.0; 2
3.0, -4.0, 1.0; 4
4.0, -4.0, 1.0; 1
6.0, -4.0, 1.0; 1
-10.0, -3.0, 1.0; 6
-9.0, -3.0, 1.0; 5
-8.0, -3.0, 1.0; 26
-7.0, -3.0, 1.0; 8
-6.0, -3.0, 1.0; 7
-5.0, -3.0, 1.0; 1
4.0, -3.0, 1.0; 1
7.0, -3.0, 1.0; 3
-10.0, -2.0, 1.0; 12
-9.0, -2.0, 1.0; 9
-8.0, -2.0, 1.0; 20
-7.0, -2.0, 1.0; 5
-6.0, -2.0, 1.0; 12
-5.0, -2.0, 1.0; 14
-4.0, -2.0, 1.0; 1
4.0, -2.0, 1.0; 1
-10.0, -1.0, 1.0; 5
-9.0, -1.0, 1.0; 6
-8.0, -1.0, 1.0; 10
-7.0, -1.0, 1.0; 11
-6.0, -1.0, 1.0; 19
-5.0, -1.0, 1.0; 2
5.0, -1.0, 1.0; 1
6.0, -1.0, 1.0; 1
-10.0, 0.0, 1.0; 3
-9.0, 0.0, 1.0; 4
-8.0, 0.0, 1.0; 16
-7.0, 0.0, 1.0; 24
-6.0, 0.0, 1.0; 25
-5.0, 0.0, 1.0; 9
4.0, 0.0, 1.0; 1
6.0, 0.0, 1.0; 2
-10.0, 1.0, 1.0; 1
-9.0, 1.0, 1.0; 8
-8.0, 1.0, 1.0; 15
-7.0, 1.0, 1.0; 12
-6.0, 1.0, 1.0; 17
-5.0, 1.0, 1.0; 26
4.0, 1.0, 1.0; 1
6.0, 1.0, 1.0; 3
-10.0, 2.0, 1.0; 4
-9.0, 2.0, 1.0; 9
-8.0, 2.0, 1.0; 14
-7.0, 2.0, 1.0; 8
-6.0, 2.0, 1.0; 18
-5.0, 2.0, 1.0; 59
-4.0, 2.0, 1.0; 6
3.0, 2.0, 1.0; 2
4.0, 2.0, 1.0; 1
6.0, 2.0, 1.0; 1
-10.0, 3.0, 1.0; 1
-9.0, 3.0, 1.0; 13
-8.0, 3.0, 1.0; 17
-7.0, 3.0, 1.0; 8
-6.0, 3.0, 1.0; 22
-5.0, 3.0, 1.0; 32
-4.0, 3.0, 1.0; 19
-3.0, 3.0, 1.0; 3
1.0, 3.0, 1.0; 1
2.0, 3.0, 1.0; 2
3.0, 3.0, 1.0; 1
4.0, 3.0, 1.0; 4
5.0, 3.0, 1.0; 2
-9.0, 4.0, 1.0; 9
-8.0, 4.0, 1.0; 26
-7.0, 4.0, 1.0; 26
-6.0, 4.0, 1.0; 39
-5.0, 4.0, 1.0; 51
-4.0, 4.0, 1.0; 69
-3.0, 4.0, 1.0; 36
-2.0, 4.0, 1.0; 14
-1.0, 4.0, 1.0; 7
0.0, 4.0, 1.0; 6
1.0, 4.0, 1.0; 36
2.0, 4.0, 1.0; 3
3.0, 4.0, 1.0; 2
4.0, 4.0, 1.0; 8
5.0, 4.0, 1.0; 2
-9.0, 5.0, 1.0; 5
-8.0, 5.0, 1.0; 27
-7.0, 5.0, 1.0; 28
-6.0, 5.0, 1.0; 13
-5.0, 5.0, 1.0; 41
-4.0, 5.0, 1.0; 217
-3.0, 5.0, 1.0; 2064
-2.0, 5.0, 1.0; 619
-1.0, 5.0, 1.0; 73
0.0, 5.0, 1.0; 87
1.0, 5.0, 1.0; 39
2.0, 5.0, 1.0; 1
3.0, 5.0, 1.0; 4
4.0, 5.0, 1.0; 1
6.0, 5.0, 1.0; 2
-8.0, 6.0, 1.0; 3
-7.0, 6.0, 1.0; 30
-6.0, 6.0, 1.0; 118
-5.0, 6.0, 1.0; 43
-4.0, 6.0, 1.0; 45
-3.0, 6.0, 1.0; 74
-2.0, 6.0, 1.0; 46
-1.0, 6.0, 1.0; 19
0.0, 6.0, 1.0; 8
1.0, 6.0, 1.0; 2
2.0, 6.0, 1.0; 1
3.0, 6.0, 1.0; 1
5.0, 6.0, 1.0; 2
6.0, 6.0, 1.0; 1
-7.0, 7.0, 1.0; 3
-6.0, 7.0, 1.0; 19
-5.0, 7.0, 1.0; 29
-4.0, 7.0, 1.0; 7
-3.0, 7.0, 1.0; 4
-2.0, 7.0, 1.0; 8
-1.0, 7.0, 1.0; 11
0.0, 7.0, 1.0; 1
1.0, 7.0, 1.0; 2
2.0, 7.0, 1.0; 3
3.0, 7.0, 1.0; 1
4.0, 7.0, 1.0; 2
5.0, 7.0, 1.0; 4
6.0, 7.0, 1.0; 2
-6.0, 8.0, 1.0; 4
-5.0, 8.0, 1.0; 7
-4.0, 8.0, 1.0; 13
-3.0, 8.0, 1.0; 6
-2.0, 8.0, 1.0; 4
-1.0, 8.0, 1.0; 2
0.0, 8.0, 1.0; 10
1.0, 8.0, 1.0; 8
2.0, 8.0, 1.0; 3
3.0, 8.0, 1.0; 1
-4.0, 9.0, 1.0; 3
-3.0, 9.0, 1.0; 10
-2.0, 9.0, 1.0; 7
-1.0, 9.0, 1.0; 11
0.0, 9.0, 1.0; 7
1.0, 9.0, 1.0; 1
2.0, 9.0, 1.0; 1
-3.0, -10.0, 2.0; 6
-2.0, -10.0, 2.0; 4
-1.0, -10.0, 2.0; 4
1.0, -10.0, 2.0; 2
2.0, -10.0, 2.0; 1
-6.0, -9.0, 2.0; 3
-5.0, -9.0, 2.0; 18
-4.0, -9.0, 2.0; 10
-3.0, -9.0, 2.0; 18
-2.0, -9.0, 2.0; 18
-1.0, -9.0, 2.0; 14
0.0, -9.0, 2.0; 16
1.0, -9.0, 2.0; 1
2.0, -9.0, 2.0; 1
-7.0, -8.0, 2.0; 1
-6.0, -8.0, 2.0; 21
-5.0, -8.0, 2.0; 26
-4.0, -8.0, 2.0; 12
-3.0, -8.0, 2.0; 10
-2.0, -8.0, 2.0; 4
-1.0, -8.0, 2.0; 5
0.0, -8.0, 2.0; 6
1.0, -8.0, 2.0; 10
2.0, -8.0, 2.0; 5
3.0, -8.0, 2.0; 3
4.0, -8.0, 2.0; 1
5.0, -8.0, 2.0; 3
-8.0, -7.0, 2.0; 1
-7.0, -7.0, 2.0; 17
-6.0, -7.0, 2.0; 26
-5.0, -7.0, 2.0; 7
-4.0, -7.0, 2.0; 2
-3.0, -7.0, 2.0; 16
-2.0, -7.0, 2.0; 19
-1.0, -7.0, 2.0; 7
0.0, -7.0, 2.0; 4
1.0, -7.0, 2.0; 4
2.0, -7.0, 2.0; 3
3.0, -7.0, 2.0; 1
4.0, -7.0, 2.0; 2
5.0, -7.0, 2.0; 2
-8.0, -6.0, 2.0; 6
-7.0, -6.0, 2.0; 27
-6.0, -6.0, 2.0; 11
-5.0, -6.0, 2.0; 7
-4.0, -6.0, 2.0; 185
-3.0, -6.0, 2.0; 183
-2.0, -6.0, 2.0; 94
-1.0, -6.0, 2.0; 13
0.0, -6.0, 2.0; 8
1.0, -6.0, 2.0; 12
3.0, -6.0, 2.0; 1
-9.0, -5.0, 2.0; 1
-8.0, -5.0, 2.0; 11
-7.0, -5.0, 2.0; 22
-6.0, -5.0, 2.0; 2
-5.0, -5.0, 2.0; 89
-4.0, -5.0, 2.0; 111
-3.0, -5.0, 2.0; 23
-2.0, -5.0, 2.0; 8
-1.0, -5.0, 2.0; 5
0.0, -5.0, 2.0; 5
1.0, -5.0, 2.0; 1
2.0, -5.0, 2.0; 2
3.0, -5.0, 2.0; 4
4.0, -5.0, 2.0; 2
-9.0, -4.0, 2.0; 8
-8.0, -4.0, 2.0; 22
-7.0, -4.0, 2.0; 21
-6.0, -4.0, 2.0; 8
-5.0, -4.0, 2.0; 25
-4.0, -4.0, 2.0; 7
-3.0, -4.0, 2.0; 1
0.0, -4.0, 2.0; 1
1.0, -4.0, 2.0; 3
2.0, -4.0, 2.0; 3
3.0, -4.0, 2.0; 6
4.0, -4.0, 2.0; 1
5.0, -4.0, 2.0; 1
-10.0, -3.0, 2.0; 1
-9.0, -3.0, 2.0; 7
-8.0, -3.0, 2.0; 24
-7.0, -3.0, 2.0; 13
-6.0, -3.0, 2.0; 6
-5.0, -3.0, 2.0; 10
-4.0, -3.0, 2.0; 21
-3.0, -3.0, 2.0; 3
0.0, -3.0, 2.0; 1
2.0, -3.0, 2.0; 4
3.0, -3.0, 2.0; 3
-10.0, -2.0, 2.0; 2
-9.0, -2.0, 2.0; 5
-8.0, -2.0, 2.0; 17
-7.0, -2.0, 2.0; 22
-6.0, -2.0, 2.0; 10
-5.0, -2.0, 2.0; 18
-4.0, -2.0, 2.0; 17
3.0, -2.0, 2.0; 2
4.0, -2.0, 2.0; 2
-10.0, -1.0, 2.0; 5
-9.0, -1.0, 2.0; 7
-8.0, -1.0, 2.0; 9
-7.0, -1.0, 2.0; 13
-6.0, -1.0, 2.0; 16
-5.0, -1.0, 2.0; 9
-4.0, -1.0, 2.0; 8
-3.0, -1.0, 2.0; 1
3.0, -1.0, 2.0; 1
-10.0, 0.0, 2.0; 11
-9.0, 0.0, 2.0; 1
-8.0, 0.0, 2.0; 11
-7.0, 0.0, 2.0; 19
-6.0, 0.0, 2.0; 29
-5.0, 0.0, 2.0; 42
-4.0, 0.0, 2.0; 6
3.0, 0.0, 2.0; 1
4.0, 0.0, 2.0; 2
5.0, 0.0, 2.0; 1
-10.0, 1.0, 2.0; 2
-9.0, 1.0, 2.0; 2
-8.0, 1.0, 2.0; 15
-7.0, 1.0, 2.0; 14
-6.0, 1.0, 2.0; 22
-5.0, 1.0, 2.0; 233
-4.0, 1.0, 2.0; 299
-3.0, 1.0, 2.0; 3
1.0, 1.0, 2.0; 1
4.0, 1.0, 2.0; 1
5.0, 1.0, 2.0; 1
9.0, 1.0, 2.0; 1
-10.0, 2.0, 2.0; 1
-9.0, 2.0, 2.0; 6
-8.0, 2.0, 2.0; 13
-7.0, 2.0, 2.0; 12
-6.0, 2.0, 2.0; 7
-5.0, 2.0, 2.0; 438
-4.0, 2.0, 2.0; 2099
-3.0, 2.0, 2.0; 29
1.0, 2.0, 2.0; 2
2.0, 2.0, 2.0; 1
3.0, 2.0, 2.0; 3
4.0, 2.0, 2.0; 2
5.0, 2.0, 2.0; 2
7.0, 2.0, 2.0; 1
-9.0, 3.0, 2.0; 1
-8.0, 3.0, 2.0; 15
-7.0, 3.0, 2.0; 20
-6.0, 3.0, 2.0; 7
-5.0, 3.0, 2.0; 28
-4.0, 3.0, 2.0; 162
-3.0, 3.0, 2.0; 40
-2.0, 3.0, 2.0; 4
-1.0, 3.0, 2.0; 4
0.0, 3.0, 2.0; 10
1.0, 3.0, 2.0; 11
2.0, 3.0, 2.0; 3
3.0, 3.0, 2.0; 1
4.0, 3.0, 2.0; 2
7.0, 3.0, 2.0; 1
-9.0, 4.0, 2.0; 5
-8.0, 4.0, 2.0; 19
-7.0, 4.0, 2.0; 26
-6.0, 4.0, 2.0; 21
-5.0, 4.0, 2.0; 27
-4.0, 4.0, 2.0; 51
-3.0, 4.0, 2.0; 77
-2.0, 4.0, 2.0; 80
-1.0, 4.0, 2.0; 73
0.0, 4.0, 2.0; 50
1.0, 4.0, 2.0; 29
2.0, 4.0, 2.0; 5
3.0, 4.0, 2.0; 2
4.0, 4.0, 2.0; 10
-9.0, 5.0, 2.0; 1
-8.0, 5.0, 2.0; 18
-7.0, 5.0, 2.0; 14
-6.0, 5.0, 2.0; 19
-5.0, 5.0, 2.0; 22
-4.0, 5.0, 2.0; 56
-3.0, 5.0, 2.0; 240
-2.0, 5.0, 2.0; 216
-1.0, 5.0, 2.0; 29
0.0, 5.0, 2.0; 18
1.0, 5.0, 2.0; 4
2.0, 5.0, 2.0; 1
3.0, 5.0, 2.0; 2
4.0, 5.0, 2.0; 3
6.0, 5.0, 2.0; 1
7.0, 5.0, 2.0; 1
-8.0, 6.0, 2.0; 2
-7.0, 6.0, 2.0; 7
-6.0, 6.0, 2.0; 8
-5.0, 6.0, 2.0; 13
-4.0, 6.0, 2.0; 3
-3.0, 6.0, 2.0; 11
-2.0, 6.0, 2.0; 10
-1.0, 6.0, 2.0; 5
0.0, 6.0, 2.0; 2
1.0, 6.0, 2.0; 2
2.0, 6.0, 2.0; 3
3.0, 6.0, 2.0; 1
4.0, 6.0, 2.0; 1
5.0, 6.0, 2.0; 1
-7.0, 7.0, 2.0; 1
-6.0, 7.0, 2.0; 8
-5.0, 7.0, 2.0; 16
-4.0, 7.0, 2.0; 9
-3.0, 7.0, 2.0; 4
-2.0, 7.0, 2.0; 2
-1.0, 7.0, 2.0; 6
0.0, 7.0, 2.0; 9
1.0, 7.0, 2.0; 8
2.0, 7.0, 2.0; 2
3.0, 7.0, 2.0; 1
-5.0, 8.0, 2.0; 3
-4.0, 8.0, 2.0; 6
-3.0, 8.0, 2.0; 5
-2.0, 8.0, 2.0; 10
-1.0, 8.0, 2.0; 6
0.0, 8.0, 2.0; 7
1.0, 8.0, 2.0; 6
2.0, 8.0, 2.0; 3
3.0, 8.0, 2.0; 2
5.0, 8.0, 2.0; 1
-4.0, 9.0, 2.0; 1
-3.0, 9.0, 2.0; 6
-2.0, 9.0, 2.0; 3
-1.0, 9.0, 2.0; 5
0.0, 9.0, 2.0; 2
1.0, 9.0, 2.0; 1
3.0, 9.0, 2.0; 1
-2.0, -10.0, 3.0; 2
-5.0, -9.0, 3.0; 4
-4.0, -9.0, 3.0; 11
-3.0, -9.0, 3.0; 16
-2.0, -9.0, 3.0; 11
-1.0, -9.0, 3.0; 11
0.0, -9.0, 3.0; 1
1.0, -9.0, 3.0; 2
2.0, -9.0, 3.0; 2
3.0, -9.0, 3.0; 1
-6.0, -8.0, 3.0; 12
-5.0, -8.0, 3.0; 16
-4.0, -8.0, 3.0; 19
-3.0, -8.0, 3.0; 16
-2.0, -8.0, 3.0; 15
-1.0, -8.0, 3.0; 15
0.0, -8.0, 3.0; 13
1.0, -8.0, 3.0; 4
2.0, -8.0, 3.0; 2
3.0, -8.0, 3.0; 5
5.0, -8.0, 3.0; 1
-7.0, -7.0, 3.0; 11
-6.0, -7.0, 3.0; 25
-5.0, -7.0, 3.0; 11
-4.0, -7.0, 3.0; 16
-3.0, -7.0, 3.0; 5
-2.0, -7.0, 3.0; 5
-1.0, -7.0, 3.0; 11
0.0, -7.0, 3.0; 5
1.0, -7.0, 3.0; 7
2.0, -7.0, 3.0; 1
3.0, -7.0, 3.0; 1
4.0, -7.0, 3.0; 1
5.0, -7.0, 3.0; 2
-8.0, -6.0, 3.0; 3
-7.0, -6.0, 3.0; 9
-6.0, -6.0, 3.0; 21
-5.0, -6.0, 3.0; 10
-4.0, -6.0, 3.0; 9
-3.0, -6.0, 3.0; 5
-2.0, -6.0, 3.0; 2
-1.0, -6.0, 3.0; 2
0.0, -6.0, 3.0; 4
2.0, -6.0, 3.0; 1
3.0, -6.0, 3.0; 1
5.0, -6.0, 3.0; 1
7.0, -6.0, 3.0; 2
-9.0, -5.0, 3.0; 3
-8.0, -5.0, 3.0; 4
-7.0, -5.0, 3.0; 36
-6.0, -5.0, 3.0; 23
-5.0, -5.0, 3.0; 6
-4.0, -5.0, 3.0; 4
-3.0, -5.0, 3.0; 7
-2.0, -5.0, 3.0; 6
-1.0, -5.0, 3.0; 6
0.0, -5.0, 3.0; 10
1.0, -5.0, 3.0; 2
2.0, -5.0, 3.0; 2
3.0, -5.0, 3.0; 1
-9.0, -4.0, 3.0; 7
-8.0, -4.0, 3.0; 8
-7.0, -4.0, 3.0; 28
-6.0, -4.0, 3.0; 22
-5.0, -4.0, 3.0; 3
-4.0, -4.0, 3.0; 6
-3.0, -4.0, 3.0; 14
-2.0, -4.0, 3.0; 21
-1.0, -4.0, 3.0; 3
0.0, -4.0, 3.0; 6
1.0, -4.0, 3.0; 4
3.0, -4.0, 3.0; 4
5.0, -4.0, 3.0; 3
-10.0, -3.0, 3.0; 1
-9.0, -3.0, 3.0; 9
-8.0, -3.0, 3.0; 5
-7.0, -3.0, 3.0; 39
-6.0, -3.0, 3.0; 22
-5.0, -3.0, 3.0; 5
-4.0, -3.0, 3.0; 15
-3.0, -3.0, 3.0; 36
-2.0, -3.0, 3.0; 11
-1.0, -3.0, 3.0; 4
0.0, -3.0, 3.0; 2
1.0, -3.0, 3.0; 4
2.0, -3.0, 3.0; 2
3.0, -3.0, 3.0; 1
-10.0, -2.0, 3.0; 1
-9.0, -2.0, 3.0; 3
-8.0, -2.0, 3.0; 7
-7.0, -2.0, 3.0; 14
-6.0, -2.0, 3.0; 26
-5.0, -2.0, 3.0; 18
-4.0, -2.0, 3.0; 7
-3.0, -2.0, 3.0; 4
-2.0, -2.0, 3.0; 7
-1.0, -2.0, 3.0; 3
0.0, -2.0, 3.0; 3
2.0, -2.0, 3.0; 2
3.0, -2.0, 3.0; 1
5.0, -2.0, 3.0; 1
-10.0, -1.0, 3.0; 2
-9.0, -1.0, 3.0; 7
-8.0, -1.0, 3.0; 5
-7.0, -1.0, 3.0; 4
-6.0, -1.0, 3.0; 10
-5.0, -1.0, 3.0; 10
-4.0, -1.0, 3.0; 5
-3.0, -1.0, 3.0; 12
-2.0, -1.0, 3.0; 1
-1.0, -1.0, 3.0; 1
0.0, -1.0, 3.0; 1
1.0, -1.0, 3.0; 3
2.0, -1.0, 3.0; 1
3.0, -1.0, 3.0; 2
4.0, -1.0, 3.0; 1
-10.0, 0.0, 3.0; 3
-9.0, 0.0, 3.0; 7
-8.0, 0.0, 3.0; 5
-7.0, 0.0, 3.0; 6
-6.0, 0.0, 3.0; 3
-5.0, 0.0, 3.0; 14
-4.0, 0.0, 3.0; 19
-3.0, 0.0, 3.0; 8
-2.0, 0.0, 3.0; 1
0.0, 0.0, 3.0; 1
1.0, 0.0, 3.0; 4
2.0, 0.0, 3.0; 4
3.0, 0.0, 3.0; 4
5.0, 0.0, 3.0; 2
8.0, 0.0, 3.0; 1
-10.0, 1.0, 3.0; 2
-9.0, 1.0, 3.0; 6
-8.0, 1.0, 3.0; 10
-7.0, 1.0, 3.0; 15
-6.0, 1.0, 3.0; 13
-5.0, 1.0, 3.0; 24
-4.0, 1.0, 3.0; 176
-3.0, 1.0, 3.0; 43
-2.0, 1.0, 3.0; 6
1.0, 1.0, 3.0; 2
2.0, 1.0, 3.0; 3
3.0, 1.0, 3.0; 1
-10.0, 2.0, 3.0; 3
-9.0, 2.0, 3.0; 7
-8.0, 2.0, 3.0; 8
-7.0, 2.0, 3.0; 14
-6.0, 2.0, 3.0; 14
-5.0, 2.0, 3.0; 20
-4.0, 2.0, 3.0; 363
-3.0, 2.0, 3.0; 172
-2.0, 2.0, 3.0; 11
-1.0, 2.0, 3.0; 4
0.0, 2.0, 3.0; 4
1.0, 2.0, 3.0; 6
2.0, 2.0, 3.0; 4
5.0, 2.0, 3.0; 1
-9.0, 3.0, 3.0; 1
-8.0, 3.0, 3.0; 8
-7.0, 3.0, 3.0; 8
-6.0, 3.0, 3.0; 15
-5.0, 3.0, 3.0; 6
-4.0, 3.0, 3.0; 23
-3.0, 3.0, 3.0; 54
-2.0, 3.0, 3.0; 39
-1.0, 3.0, 3.0; 34
0.0, 3.0, 3.0; 16
1.0, 3.0, 3.0; 7
2.0, 3.0, 3.0; 4
3.0, 3.0, 3.0; 1
4.0, 3.0, 3.0; 3
-9.0, 4.0, 3.0; 2
-8.0, 4.0, 3.0; 10
-7.0, 4.0, 3.0; 13
-6.0, 4.0, 3.0; 16
-5.0, 4.0, 3.0; 16
-4.0, 4.0, 3.0; 10
-3.0, 4.0, 3.0; 19
-2.0, 4.0, 3.0; 32
-1.0, 4.0, 3.0; 22
0.0, 4.0, 3.0; 4
1.0, 4.0, 3.0; 6
2.0, 4.0, 3.0; 1
3.0, 4.0, 3.0; 2
-8.0, 5.0, 3.0; 19
-7.0, 5.0, 3.0; 17
-6.0, 5.0, 3.0; 17
-5.0, 5.0, 3.0; 11
-4.0, 5.0, 3.0; 6
-3.0, 5.0, 3.0; 4
-2.0, 5.0, 3.0; 6
-1.0, 5.0, 3.0; 2
0.0, 5.0, 3.0; 1
1.0, 5.0, 3.0; 1
2.0, 5.0, 3.0; 3
-8.0, 6.0, 3.0; 2
-7.0, 6.0, 3.0; 8
-6.0, 6.0, 3.0; 14
-5.0, 6.0, 3.0; 12
-4.0, 6.0, 3.0; 9
-3.0, 6.0, 3.0; 2
-2.0, 6.0, 3.0; 4
-1.0, 6.0, 3.0; 4
0.0, 6.0, 3.0; 2
1.0, 6.0, 3.0; 3
3.0, 6.0, 3.0; 2
5.0, 6.0, 3.0; 1
-6.0, 7.0, 3.0; 1
-5.0, 7.0, 3.0; 11
-4.0, 7.0, 3.0; 10
-3.0, 7.0, 3.0; 7
-2.0, 7.0, 3.0; 9
-1.0, 7.0, 3.0; 4
0.0, 7.0, 3.0; 3
1.0, 7.0, 3.0; 3
2.0, 7.0, 3.0; 2
3.0, 7.0, 3.0; 2
5.0, 7.0, 3.0; 1
-6.0, 8.0, 3.0; 1
-5.0, 8.0, 3.0; 1
-4.0, 8.0, 3.0; 6
-3.0, 8.0, 3.0; 5
-2.0, 8.0, 3.0; 7
-1.0, 8.0, 3.0; 3
0.0, 8.0, 3.0; 1
1.0, 8.0, 3.0; 4
2.0, 8.0, 3.0; 3
3.0, 8.0, 3.0; 2
-2.0, 9.0, 3.0; 2
-1.0, 9.0, 3.0; 4
0.0, 9.0, 3.0; 1
1.0, 9.0, 3.0; 1
-4.0, -9.0, 4.0; 1
-3.0, -9.0, 4.0; 5
-2.0, -9.0, 4.0; 4
-1.0, -9.0, 4.0; 3
0.0, -9.0, 4.0; 3
1.0, -9.0, 4.0; 3
2.0, -9.0, 4.0; 1
-6.0, -8.0, 4.0; 1
-5.0, -8.0, 4.0; 9
-4.0, -8.0, 4.0; 14
-3.0, -8.0, 4.0; 17
-2.0, -8.0, 4.0; 9
-1.0, -8.0, 4.0; 8
0.0, -8.0, 4.0; 5
1.0, -8.0, 4.0; 2
3.0, -8.0, 4.0; 1
-6.0, -7.0, 4.0; 12
-5.0, -7.0, 4.0; 24
-4.0, -7.0, 4.0; 19
-3.0, -7.0, 4.0; 24
-2.0, -7.0, 4.0; 16
-1.0, -7.0, 4.0; 15
0.0, -7.0, 4.0; 6
1.0, -7.0, 4.0; 2
2.0, -7.0, 4.0; 2
4.0, -7.0, 4.0; 1
5.0, -7.0, 4.0; 2
-8.0, -6.0, 4.0; 1
-7.0, -6.0, 4.0; 5
-6.0, -6.0, 4.0; 14
-5.0, -6.0, 4.0; 18
-4.0, -6.0, 4.0; 24
-3.0, -6.0, 4.0; 22
-2.0, -6.0, 4.0; 9
-1.0, -6.0, 4.0; 7
0.0, -6.0, 4.0; 1
1.0, -6.0, 4.0; 2
2.0, -6.0, 4.0; 1
3.0, -6.0, 4.0; 1
6.0, -6.0, 4.0; 1
-9.0, -5.0, 4.0; 1
-8.0, -5.0, 4.0; 8
-7.0, -5.0, 4.0; 10
-6.0, -5.0, 4.0; 27
-5.0, -5.0, 4.0; 34
-4.0, -5.0, 4.0; 31
-3.0, -5.0, 4.0; 16
-2.0, -5.0, 4.0; 13
-1.0, -5.0, 4.0; 8
0.0, -5.0, 4.0; 6
1.0, -5.0, 4.0; 2
-9.0, -4.0, 4.0; 3
-8.0, -4.0, 4.0; 11
-7.0, -4.0, 4.0; 11
-6.0, -4.0, 4.0; 35
-5.0, -4.0, 4.0; 30
-4.0, -4.0, 4.0; 10
-3.0, -4.0, 4.0; 8
-2.0, -4.0, 4.0; 11
-1.0, -4.0, 4.0; 6
0.0, -4.0, 4.0; 4
4.0, -4.0, 4.0; 1
-9.0, -3.0, 4.0; 4
-8.0, -3.0, 4.0; 8
-7.0, -3.0, 4.0; 4
-6.0, -3.0, 4.0; 22
-5.0, -3.0, 4.0; 7
-4.0, -3.0, 4.0; 19
-3.0, -3.0, 4.0; 18
-2.0, -3.0, 4.0; 9
-1.0, -3.0, 4.0; 3
0.0, -3.0, 4.0; 6
1.0, -3.0, 4.0; 1
5.0, -3.0, 4.0; 1
7.0, -3.0, 4.0; 1
-9.0, -2.0, 4.0; 2
-8.0, -2.0, 4.0; 5
-7.0, -2.0, 4.0; 8
-6.0, -2.0, 4.0; 9
-5.0, -2.0, 4.0; 10
-4.0, -2.0, 4.0; 15
-3.0, -2.0, 4.0; 6
-2.0, -2.0, 4.0; 7
-1.0, -2.0, 4.0; 7
0.0, -2.0, 4.0; 10
1.0, -2.0, 4.0; 1
2.0, -2.0, 4.0; 1
3.0, -2.0, 4.0; 2
4.0, -2.0, 4.0; 2
-9.0, -1.0, 4.0; 9
-8.0, -1.0, 4.0; 5
-7.0, -1.0, 4.0; 10
-6.0, -1.0, 4.0; 2
-5.0, -1.0, 4.0; 1
-4.0, -1.0, 4.0; 7
-3.0, -1.0, 4.0; 5
-2.0, -1.0, 4.0; 29
-1.0, -1.0, 4.0; 18
0.0, -1.0, 4.0; 22
1.0, -1.0, 4.0; 7
2.0, -1.0, 4.0; 3
3.0, -1.0, 4.0; 2
6.0, -1.0, 4.0; 1
8.0, -1.0, 4.0; 1
-9.0, 0.0, 4.0; 8
-8.0, 0.0, 4.0; 3
-7.0, 0.0, 4.0; 6
-6.0, 0.0, 4.0; 5
-5.0, 0.0, 4.0; 4
-4.0, 0.0, 4.0; 5
-3.0, 0.0, 4.0; 6
-2.0, 0.0, 4.0; 6
-1.0, 0.0, 4.0; 3
0.0, 0.0, 4.0; 6
1.0, 0.0, 4.0; 4
2.0, 0.0, 4.0; 3
3.0, 0.0, 4.0; 1
7.0, 0.0, 4.0; 1
-9.0, 1.0, 4.0; 3
-8.0, 1.0, 4.0; 5
-7.0, 1.0, 4.0; 8
-6.0, 1.0, 4.0; 7
-5.0, 1.0, 4.0; 10
-4.0, 1.0, 4.0; 15
-3.0, 1.0, 4.0; 11
-2.0, 1.0, 4.0; 5
-1.0, 1.0, 4.0; 1
0.0, 1.0, 4.0; 4
1.0, 1.0, 4.0; 1
2.0, 1.0, 4.0; 1
4.0, 1.0, 4.0; 1
-9.0, 2.0, 4.0; 3
-8.0, 2.0, 4.0; 5
-7.0, 2.0, 4.0; 13
-6.0, 2.0, 4.0; 15
-5.0, 2.0, 4.0; 7
-4.0, 2.0, 4.0; 17
-3.0, 2.0, 4.0; 16
-2.0, 2.0, 4.0; 4
-1.0, 2.0, 4.0; 2
0.0, 2.0, 4.0; 11
1.0, 2.0, 4.0; 3
2.0, 2.0, 4.0; 2
3.0, 2.0, 4.0; 3
4.0, 2.0, 4.0; 1
5.0, 2.0, 4.0; 1
-9.0, 3.0, 4.0; 2
-8.0, 3.0, 4.0; 6
-7.0, 3.0, 4.0; 14
-6.0, 3.0, 4.0; 7
-5.0, 3.0, 4.0; 14
-4.0, 3.0, 4.0; 8
-3.0, 3.0, 4.0; 6
-2.0, 3.0, 4.0; 10
-1.0, 3.0, 4.0; 5
0.0, 3.0, 4.0; 8
1.0, 3.0, 4.0; 3
2.0, 3.0, 4.0; 2
4.0, 3.0, 4.0; 1
6.0, 3.0, 4.0; 1
-8.0, 4.0, 4.0; 3
-7.0, 4.0, 4.0; 7
-6.0, 4.0, 4.0; 4
-5.0, 4.0, 4.0; 9
-4.0, 4.0, 4.0; 6
-3.0, 4.0, 4.0; 4
-2.0, 4.0, 4.0; 6
-1.0, 4.0, 4.0; 2
0.0, 4.0, 4.0; 1
1.0, 4.0, 4.0; 3
2.0, 4.0, 4.0; 1
3.0, 4.0, 4.0; 2
6.0, 4.0, 4.0; 1
-7.0, 5.0, 4.0; 7
-6.0, 5.0, 4.0; 6
-5.0, 5.0, 4.0; 15
-4.0, 5.0, 4.0; 5
-3.0, 5.0, 4.0; 4
-2.0, 5.0, 4.0; 5
-1.0, 5.0, 4.0; 4
0.0, 5.0, 4.0; 3
1.0, 5.0, 4.0; 5
2.0, 5.0, 4.0; 2
4.0, 5.0, 4.0; 1
6.0, 5.0, 4.0; 1
-7.0, 6.0, 4.0; 1
-6.0, 6.0, 4.0; 3
-5.0, 6.0, 4.0; 4
-4.0, 6.0, 4.0; 5
-3.0, 6.0, 4.0; 4
-2.0, 6.0, 4.0; 3
-1.0, 6.0, 4.0; 4
0.0, 6.0, 4.0; 10
1.0, 6.0, 4.0; 4
2.0, 6.0, 4.0; 2
3.0, 6.0, 4.0; 2
4.0, 6.0, 4.0; 1
-6.0, 7.0, 4.0; 1
-5.0, 7.0, 4.0; 4
-4.0, 7.0, 4.0; 5
-3.0, 7.0, 4.0; 4
-2.0, 7.0, 4.0; 8
-1.0, 7.0, 4.0; 4
0.0, 7.0, 4.0; 7
1.0, 7.0, 4.0; 2
2.0, 7.0, 4.0; 1
3.0, 7.0, 4.0; 1
-5.0, 8.0, 4.0; 1
-3.0, 8.0, 4.0; 2
-2.0, 8.0, 4.0; 3
-1.0, 8.0, 4.0; 2
0.0, 8.0, 4.0; 4
1.0, 8.0, 4.0; 2
0.0, -9.0, 5.0; 1
-4.0, -8.0, 5.0; 1
-3.0, -8.0, 5.0; 2
-2.0, -8.0, 5.0; 7
-1.0, -8.0, 5.0; 2
0.0, -8.0, 5.0; 3
1.0, -8.0, 5.0; 2
2.0, -8.0, 5.0; 3
-6.0, -7.0, 5.0; 3
-5.0, -7.0, 5.0; 8
-4.0, -7.0, 5.0; 9
-3.0, -7.0, 5.0; 4
-2.0, -7.0, 5.0; 6
-1.0, -7.0, 5.0; 5
0.0, -7.0, 5.0; 5
1.0, -7.0, 5.0; 1
2.0, -7.0, 5.0; 2
4.0, -7.0, 5.0; 1
-7.0, -6.0, 5.0; 6
-6.0, -6.0, 5.0; 6
-5.0, -6.0, 5.0; 4
-4.0, -6.0, 5.0; 7
-3.0, -6.0, 5.0; 14
-2.0, -6.0, 5.0; 7
-1.0, -6.0, 5.0; 4
0.0, -6.0, 5.0; 3
2.0, -6.0, 5.0; 1
3.0, -6.0, 5.0; 1
-7.0, -5.0, 5.0; 10
-6.0, -5.0, 5.0; 6
-5.0, -5.0, 5.0; 9
-4.0, -5.0, 5.0; 13
-3.0, -5.0, 5.0; 18
-2.0, -5.0, 5.0; 7
-1.0, -5.0, 5.0; 2
0.0, -5.0, 5.0; 2
1.0, -5.0, 5.0; 3
2.0, -5.0, 5.0; 2
3.0, -5.0, 5.0; 1
5.0, -5.0, 5.0; 1
-8.0, -4.0, 5.0; 3
-7.0, -4.0, 5.0; 8
-6.0, -4.0, 5.0; 5
-5.0, -4.0, 5.0; 13
-4.0, -4.0, 5.0; 12
-3.0, -4.0, 5.0; 10
-2.0, -4.0, 5.0; 11
-1.0, -4.0, 5.0; 2
0.0, -4.0, 5.0; 2
-8.0, -3.0, 5.0; 5
-7.0, -3.0, 5.0; 4
-6.0, -3.0, 5.0; 5
-5.0, -3.0, 5.0; 5
-4.0, -3.0, 5.0; 6
-3.0, -3.0, 5.0; 3
-2.0, -3.0, 5.0; 3
-1.0, -3.0, 5.0; 2
0.0, -3.0, 5.0; 2
1.0, -3.0, 5.0; 1
2.0, -3.0, 5.0; 1
6.0, -3.0, 5.0; 2
-8.0, -2.0, 5.0; 2
-7.0, -2.0, 5.0; 4
-6.0, -2.0, 5.0; 8
-5.0, -2.0, 5.0; 2
-3.0, -2.0, 5.0; 2
-2.0, -2.0, 5.0; 5
0.0, -2.0, 5.0; 2
-9.0, -1.0, 5.0; 1
-8.0, -1.0, 5.0; 9
-7.0, -1.0, 5.0; 5
-6.0, -1.0, 5.0; 5
-5.0, -1.0, 5.0; 2
-4.0, -1.0, 5.0; 2
-3.0, -1.0, 5.0; 1
-1.0, -1.0, 5.0; 3
0.0, -1.0, 5.0; 5
-9.0, 0.0, 5.0; 1
-8.0, 0.0, 5.0; 5
-7.0, 0.0, 5.0; 7
-6.0, 0.0, 5.0; 4
-5.0, 0.0, 5.0; 3
-4.0, 0.0, 5.0; 4
-2.0, 0.0, 5.0; 1
-1.0, 0.0, 5.0; 1
0.0, 0.0, 5.0; 1
-8.0, 1.0, 5.0; 1
-7.0, 1.0, 5.0; 5
-6.0, 1.0, 5.0; 6
-5.0, 1.0, 5.0; 5
-4.0, 1.0, 5.0; 2
-3.0, 1.0, 5.0; 8
-2.0, 1.0, 5.0; 4
-1.0, 1.0, 5.0; 2
0.0, 1.0, 5.0; 2
1.0, 1.0, 5.0; 2
-8.0, 2.0, 5.0; 7
-7.0, 2.0, 5.0; 7
-6.0, 2.0, 5.0; 7
-5.0, 2.0, 5.0; 13
-4.0, 2.0, 5.0; 7
-3.0, 2.0, 5.0; 10
-2.0, 2.0, 5.0; 7
-1.0, 2.0, 5.0; 7
0.0, 2.0, 5.0; 1
1.0, 2.0, 5.0; 1
2.0, 2.0, 5.0; 1
3.0, 2.0, 5.0; 2
4.0, 2.0, 5.0; 1
-8.0, 3.0, 5.0; 2
-7.0, 3.0, 5.0; 6
-6.0, 3.0, 5.0; 5
-5.0, 3.0, 5.0; 4
-4.0, 3.0, 5.0; 5
-3.0, 3.0, 5.0; 11
-2.0, 3.0, 5.0; 8
-1.0, 3.0, 5.0; 7
0.0, 3.0, 5.0; 5
1.0, 3.0, 5.0; 4
2.0, 3.0, 5.0; 4
3.0, 3.0, 5.0; 2
5.0, 3.0, 5.0; 2
-7.0, 4.0, 5.0; 2
-6.0, 4.0, 5.0; 9
-5.0, 4.0, 5.0; 4
-4.0, 4.0, 5.0; 8
-2.0, 4.0, 5.0; 5
-1.0, 4.0, 5.0; 7
0.0, 4.0, 5.0; 1
1.0, 4.0, 5.0; 2
2.0, 4.0, 5.0; 3
3.0, 4.0, 5.0; 1
-7.0, 5.0, 5.0; 3
-6.0, 5.0, 5.0; 2
-5.0, 5.0, 5.0; 2
-4.0, 5.0, 5.0; 1
-3.0, 5.0, 5.0; 4
-2.0, 5.0, 5.0; 3
-1.0, 5.0, 5.0; 2
0.0, 5.0, 5.0; 3
1.0, 5.0, 5.0; 3
2.0, 5.0, 5.0; 1
3.0, 5.0, 5.0; 1
4.0, 5.0, 5.0; 1
-6.0, 6.0, 5.0; 1
-5.0, 6.0, 5.0; 2
-4.0, 6.0, 5.0; 3
-3.0, 6.0, 5.0; 2
-2.0, 6.0, 5.0; 4
-1.0, 6.0, 5.0; 1
0.0, 6.0, 5.0; 2
1.0, 6.0, 5.0; 3
2.0, 6.0, 5.0; 1
3.0, 6.0, 5.0; 1
4.0, 6.0, 5.0; 2
-3.0, 7.0, 5.0; 1
-2.0, 7.0, 5.0; 6
-1.0, 7.0, 5.0; 3
0.0, 7.0, 5.0; 3
1.0, 7.0, 5.0; 1
2.0, 7.0, 5.0; 1
3.0, 7.0, 5.0; 2
-2.0, 8.0, 5.0; 1
-1.0, 8.0, 5.0; 1
-3.0, -8.0, 6.0; 1
-2.0, -8.0, 6.0; 1
-1.0, -8.0, 6.0; 4
2.0, -8.0, 6.0; 1
-5.0, -7.0, 6.0; 3
-4.0, -7.0, 6.0; 8
-3.0, -7.0, 6.0; 8
-2.0, -7.0, 6.0; 3
-1.0, -7.0, 6.0; 6
0.0, -7.0, 6.0; 4
1.0, -7.0, 6.0; 1
-6.0, -6.0, 6.0; 1
-5.0, -6.0, 6.0; 3
-4.0, -6.0, 6.0; 5
-3.0, -6.0, 6.0; 12
-2.0, -6.0, 6.0; 2
-1.0, -6.0, 6.0; 8
0.0, -6.0, 6.0; 3
1.0, -6.0, 6.0; 3
3.0, -6.0, 6.0; 1
-6.0, -5.0, 6.0; 12
-5.0, -5.0, 6.0; 9
-4.0, -5.0, 6.0; 13
-3.0, -5.0, 6.0; 5
-2.0, -5.0, 6.0; 1
-1.0, -5.0, 6.0; 2
0.0, -5.0, 6.0; 2
1.0, -5.0, 6.0; 1
4.0, -5.0, 6.0; 1
-7.0, -4.0, 6.0; 3
-6.0, -4.0, 6.0; 2
-5.0, -4.0, 6.0; 4
-4.0, -4.0, 6.0; 9
-3.0, -4.0, 6.0; 10
-2.0, -4.0, 6.0; 4
-1.0, -4.0, 6.0; 1
1.0, -4.0, 6.0; 1
3.0, -4.0, 6.0; 1
-7.0, -3.0, 6.0; 5
-6.0, -3.0, 6.0; 3
-5.0, -3.0, 6.0; 1
-4.0, -3.0, 6.0; 4
-3.0, -3.0, 6.0; 2
-2.0, -3.0, 6.0; 4
-1.0, -3.0, 6.0; 4
0.0, -3.0, 6.0; 1
1.0, -3.0, 6.0; 1
-8.0, -2.0, 6.0; 1
-7.0, -2.0, 6.0; 12
-6.0, -2.0, 6.0; 6
-5.0, -2.0, 6.0; 6
-4.0, -2.0, 6.0; 2
-3.0, -2.0, 6.0; 5
-2.0, -2.0, 6.0; 2
-1.0, -2.0, 6.0; 2
0.0, -2.0, 6.0; 1
1.0, -2.0, 6.0; 1
5.0, -2.0, 6.0; 1
-8.0, -1.0, 6.0; 2
-7.0, -1.0, 6.0; 3
-6.0, -1.0, 6.0; 4
-5.0, -1.0, 6.0; 1
-4.0, -1.0, 6.0; 2
-2.0, -1.0, 6.0; 3
-1.0, -1.0, 6.0; 4
0.0, -1.0, 6.0; 1
-8.0, 0.0, 6.0; 2
-7.0, 0.0, 6.0; 3
-6.0, 0.0, 6.0; 6
-5.0, 0.0, 6.0; 2
-4.0, 0.0, 6.0; 4
-3.0, 0.0, 6.0; 5
-2.0, 0.0, 6.0; 1
0.0, 0.0, 6.0; 1
3.0, 0.0, 6.0; 1
-8.0, 1.0, 6.0; 1
-7.0, 1.0, 6.0; 2
-6.0, 1.0, 6.0; 5
-5.0, 1.0, 6.0; 8
-4.0, 1.0, 6.0; 6
-2.0, 1.0, 6.0; 1
4.0, 1.0, 6.0; 1
-7.0, 2.0, 6.0; 6
-6.0, 2.0, 6.0; 4
-5.0, 2.0, 6.0; 2
-4.0, 2.0, 6.0; 3
-3.0, 2.0, 6.0; 3
-2.0, 2.0, 6.0; 6
0.0, 2.0, 6.0; 1
1.0, 2.0, 6.0; 1
2.0, 2.0, 6.0; 1
3.0, 2.0, 6.0; 2
-7.0, 3.0, 6.0; 5
-6.0, 3.0, 6.0; 1
-5.0, 3.0, 6.0; 2
-4.0, 3.0, 6.0; 3
-3.0, 3.0, 6.0; 2
-2.0, 3.0, 6.0; 1
-1.0, 3.0, 6.0; 4
0.0, 3.0, 6.0; 1
1.0, 3.0, 6.0; 2
2.0, 3.0, 6.0; 1
-7.0, 4.0, 6.0; 1
-6.0, 4.0, 6.0; 1
-5.0, 4.0, 6.0; 3
-4.0, 4.0, 6.0; 6
-3.0, 4.0, 6.0; 5
-1.0, 4.0, 6.0; 3
0.0, 4.0, 6.0; 1
1.0, 4.0, 6.0; 1
2.0, 4.0, 6.0; 2
3.0, 4.0, 6.0; 1
4.0, 4.0, 6.0; 1
-5.0, 5.0, 6.0; 2
-4.0, 5.0, 6.0; 3
-3.0, 5.0, 6.0; 3
-2.0, 5.0, 6.0; 2
-1.0, 5.0, 6.0; 1
0.0, 5.0, 6.0; 2
1.0, 5.0, 6.0; 1
2.0, 5.0, 6.0; 1
-5.0, 6.0, 6.0; 2
-4.0, 6.0, 6.0; 1
-3.0, 6.0, 6.0; 1
-2.0, 6.0, 6.0; 1
-1.0, 6.0, 6.0; 3
0.0, 6.0, 6.0; 2
1.0, 6.0, 6.0; 1
2.0, 6.0, 6.0; 2
-3.0, 7.0, 6.0; 2
-2.0, 7.0, 6.0; 1
-1.0, 7.0, 6.0; 1
0.0, 7.0, 6.0; 1
-1.0, -7.0, 7.0; 2
1.0, -7.0, 7.0; 1
-5.0, -6.0, 7.0; 1
-4.0, -6.0, 7.0; 5
-3.0, -6.0, 7.0; 4
-2.0, -6.0, 7.0; 3
-1.0, -6.0, 7.0; 1
0.0, -6.0, 7.0; 2
2.0, -6.0, 7.0; 1
-6.0, -5.0, 7.0; 1
-5.0, -5.0, 7.0; 4
-4.0, -5.0, 7.0; 5
-3.0, -5.0, 7.0; 6
-2.0, -5.0, 7.0; 5
0.0, -5.0, 7.0; 2
1.0, -5.0, 7.0; 1
-7.0, -4.0, 7.0; 1
-6.0, -4.0, 7.0; 2
-5.0, -4.0, 7.0; 1
-4.0, -4.0, 7.0; 2
-2.0, -4.0, 7.0; 3
0.0, -4.0, 7.0; 2
1.0, -4.0, 7.0; 1
2.0, -4.0, 7.0; 2
-7.0, -3.0, 7.0; 3
-6.0, -3.0, 7.0; 5
-5.0, -3.0, 7.0; 4
-4.0, -3.0, 7.0; 4
-3.0, -3.0, 7.0; 5
-2.0, -3.0, 7.0; 3
0.0, -3.0, 7.0; 3
1.0, -3.0, 7.0; 1
2.0, -3.0, 7.0; 1
-7.0, -2.0, 7.0; 1
-6.0, -2.0, 7.0; 2
-5.0, -2.0, 7.0; 6
-4.0, -2.0, 7.0; 5
-3.0, -2.0, 7.0; 1
-2.0, -2.0, 7.0; 2
-1.0, -2.0, 7.0; 1
0.0, -2.0, 7.0; 1
4.0, -2.0, 7.0; 1
-7.0, -1.0, 7.0; 1
-6.0, -1.0, 7.0; 1
-5.0, -1.0, 7.0; 1
-4.0, -1.0, 7.0; 5
-3.0, -1.0, 7.0; 2
-2.0, -1.0, 7.0; 2
-1.0, -1.0, 7.0; 1
0.0, -1.0, 7.0; 2
-7.0, 0.0, 7.0; 1
-6.0, 0.0, 7.0; 4
-5.0, 0.0, 7.0; 2
-4.0, 0.0, 7.0; 2
-3.0, 0.0, 7.0; 1
-1.0, 0.0, 7.0; 4
0.0, 0.0, 7.0; 2
1.0, 0.0, 7.0; 2
-6.0, 1.0, 7.0; 2
-4.0, 1.0, 7.0; 2
-3.0, 1.0, 7.0; 1
-2.0, 1.0, 7.0; 3
-1.0, 1.0, 7.0; 2
-6.0, 2.0, 7.0; 3
-5.0, 2.0, 7.0; 4
-4.0, 2.0, 7.0; 4
-3.0, 2.0, 7.0; 2
-2.0, 2.0, 7.0; 2
-1.0, 2.0, 7.0; 2
0.0, 2.0, 7.0; 1
-6.0, 3.0, 7.0; 1
-5.0, 3.0, 7.0; 4
-4.0, 3.0, 7.0; 3
-3.0, 3.0, 7.0; 2
-2.0, 3.0, 7.0; 1
-1.0, 3.0, 7.0; 1
1.0, 3.0, 7.0; 2
2.0, 3.0, 7.0; 1
3.0, 3.0, 7.0; 1
-5.0, 4.0, 7.0; 1
-4.0, 4.0, 7.0; 2
-3.0, 4.0, 7.0; 2
-2.0, 4.0, 7.0; 2
-1.0, 4.0, 7.0; 2
0.0, 4.0, 7.0; 6
3.0, 4.0, 7.0; 1
-4.0, 5.0, 7.0; 1
-3.0, 5.0, 7.0; 5
2.0, 5.0, 7.0; 1
-1.0, 6.0, 7.0; 3
0.0, 6.0, 7.0; 1
-1.0, 7.0, 7.0; 1
-2.0, -6.0, 8.0; 2
-3.0, -5.0, 8.0; 3
-1.0, -5.0, 8.0; 1
0.0, -5.0, 8.0; 1
2.0, -5.0, 8.0; 1
-3.0, -4.0, 8.0; 1
-2.0, -4.0, 8.0; 2
-1.0, -4.0, 8.0; 2
2.0, -4.0, 8.0; 1
-5.0, -3.0, 8.0; 2
-3.0, -3.0, 8.0; 1
-2.0, -3.0, 8.0; 3
-1.0, -3.0, 8.0; 2
1.0, -3.0, 8.0; 1
-4.0, -2.0, 8.0; 2
-2.0, -2.0, 8.0; 2
-5.0, -1.0, 8.0; 1
-3.0, -1.0, 8.0; 1
-1.0, -1.0, 8.0; 1
4.0, -1.0, 8.0; 1
-5.0, 0.0, 8.0; 1
-4.0, 0.0, 8.0; 2
-3.0, 0.0, 8.0; 2
-2.0, 0.0, 8.0; 3
0.0, 0.0, 8.0; 1
-6.0, 1.0, 8.0; 2
-5.0, 1.0, 8.0; 2
-4.0, 1.0, 8.0; 2
-3.0, 1.0, 8.0; 1
-1.0, 1.0, 8.0; 1
0.0, 1.0, 8.0; 1
-5.0, 2.0, 8.0; 1
-4.0, 2.0, 8.0; 1
-3.0, 2.0, 8.0; 1
-2.0, 2.0, 8.0; 2
-1.0, 2.0, 8.0; 1
0.0, 2.0, 8.0; 2
1.0, 2.0, 8.0; 1
2.0, 2.0, 8.0; 1
-4.0, 3.0, 8.0; 1
-3.0, 3.0, 8.0; 1
-2.0, 3.0, 8.0; 1
-1.0, 3.0, 8.0; 1
-4.0, 4.0, 8.0; 3
-3.0, 4.0, 8.0; 2
-2.0, 4.0, 8.0; 2
-1.0, 4.0, 8.0; 1
0.0, 4.0, 8.0; 1
1.0, 5.0, 8.0; 1
-1.0, -4.0, 9.0; 1
-2.0, -3.0, 9.0; 2
-1.0, -3.0, 9.0; 1
0.0, -3.0, 9.0; 1
-2.0, -2.0, 9.0; 1
-1.0, -2.0, 9.0; 1
-4.0, -1.0, 9.0; 1
-3.0, -1.0, 9.0; 1
-1.0, 1.0, 9.0; 1
2.0, 1.0, 9.0; 1
-1.0, 2.0, 9.0; 1
-3.0, -4.0, -10.0; 1
-2.0, -4.0, -10.0; 2
-1.0, -4.0, -10.0; 1
2.0, -4.0, -10.0; 1
-4.0, -3.0, -10.0; 1
-3.0, -3.0, -10.0; 3
-2.0, -3.0, -10.0; 2
-1.0, -3.0, -10.0; 5
1.0, -3.0, -10.0; 1
-4.0, -2.0, -10.0; 2
-3.0, -2.0, -10.0; 3
-2.0, -2.0, -10.0; 1
-1.0, -2.0, -10.0; 2
0.0, -2.0, -10.0; 4
1.0, -2.0, -10.0; 1
2.0, -2.0, -10.0; 1
-4.0, -1.0, -10.0; 3
-3.0, -1.0, -10.0; 4
-2.0, -1.0, -10.0; 3
-1.0, -1.0, -10.0; 5
0.0, -1.0, -10.0; 1
1.0, -1.0, -10.0; 2
2.0, -1.0, -10.0; 2
3.0, -1.0, -10.0; 1
-4.0, 0.0, -10.0; 2
-3.0, 0.0, -10.0; 5
-2.0, 0.0, -10.0; 6
-1.0, 0.0, -10.0; 6
0.0, 0.0, -10.0; 6
1.0, 0.0, -10.0; 5
2.0, 0.0, -10.0; 1
3.0, 0.0, -10.0; 1
-4.0, 1.0, -10.0; 1
-3.0, 1.0, -10.0; 2
-2.0, 1.0, -10.0; 4
-1.0, 1.0, -10.0; 3
0.0, 1.0, -10.0; 4
1.0, 1.0, -10.0; 2
2.0, 1.0, -10.0; 3
-3.0, 2.0, -10.0; 1
-2.0, 2.0, -10.0; 2
-1.0, 2.0, -10.0; 4
0.0, 2.0, -10.0; 2
1.0, 2.0, -10.0; 2
2.0, 2.0, -10.0; 2
-1.0, 3.0, -10.0; 2
0.0, 3.0, -10.0; 1
-3.0, -6.0, -9.0; 1
-2.0, -6.0, -9.0; 1
-1.0, -6.0, -9.0; 6
0.0, -6.0, -9.0; 6
1.0, -6.0, -9.0; 2
2.0, -6.0, -9.0; 1
-4.0, -5.0, -9.0; 1
-2.0, -5.0, -9.0; 2
-1.0, -5.0, -9.0; 1
0.0, -5.0, -9.0; 8
2.0, -5.0, -9.0; 1
3.0, -5.0, -9.0; 1
-5.0, -4.0, -9.0; 1
-4.0, -4.0, -9.0; 5
-3.0, -4.0, -9.0; 7
-2.0, -4.0, -9.0; 1
-1.0, -4.0, -9.0; 3
0.0, -4.0, -9.0; 4
1.0, -4.0, -9.0; 3
2.0, -4.0, -9.0; 3
3.0, -4.0, -9.0; 1
-6.0, -3.0, -9.0; 1
-5.0, -3.0, -9.0; 5
-4.0, -3.0, -9.0; 5
-3.0, -3.0, -9.0; 11
-2.0, -3.0, -9.0; 5
-1.0, -3.0, -9.0; 3
0.0, -3.0, -9.0; 6
1.0, -3.0, -9.0; 4
2.0, -3.0, -9.0; 5
3.0, -3.0, -9.0; 1
4.0, -3.0, -9.0; 1
-5.0, -2.0, -9.0; 1
-4.0, -2.0, -9.0; 2
-3.0, -2.0, -9.0; 4
-2.0, -2.0, -9.0; 4
-1.0, -2.0, -9.0; 2
0.0, -2.0, -9.0; 3
1.0, -2.0, -9.0; 2
2.0, -2.0, -9.0; 2
-6.0, -1.0, -9.0; 1
-5.0, -1.0, -9.0; 5
-4.0, -1.0, -9.0; 4
-3.0, -1.0, -9.0; 1
-2.0, -1.0, -9.0; 3
-1.0, -1.0, -9.0; 5
0.0, -1.0, -9.0; 3
1.0, -1.0, -9.0; 3
2.0, -1.0, -9.0; 3
4.0, -1.0, -9.0; 1
5.0, -1.0, -9.0; 3
-6.0, 0.0, -9.0; 1
-5.0, 0.0, -9.0; 8
-4.0, 0.0, -9.0; 9
-3.0, 0.0, -9.0; 8
-2.0, 0.0, -9.0; 6
-1.0, 0.0, -9.0; 12
0.0, 0.0, -9.0; 6
1.0, 0.0, -9.0; 2
2.0, 0.0, -9.0; 3
3.0, 0.0, -9.0; 1
4.0, 0.0, -9.0; 3
5.0, 0.0, -9.0; 1
-6.0, 1.0, -9.0; 1
-5.0, 1.0, -9.0; 6
-4.0, 1.0, -9.0; 11
-3.0, 1.0, -9.0; 16
-2.0, 1.0, -9.0; 16
-1.0, 1.0, -9.0; 7
0.0, 1.0, -9.0; 3
1.0, 1.0, -9.0; 3
2.0, 1.0, -9.0; 3
3.0, 1.0, -9.0; 5
4.0, 1.0, -9.0; 6
5.0, 1.0, -9.0; 4
-6.0, 2.0, -9.0; 1
-5.0, 2.0, -9.0; 2
-4.0, 2.0, -9.0; 16
-3.0, 2.0, -9.0; 37
-2.0, 2.0, -9.0; 15
-1.0, 2.0, -9.0; 9
0.0, 2.0, -9.0; 6
1.0, 2.0, -9.0; 2
2.0, 2.0, -9.0; 1
3.0, 2.0, -9.0; 8
4.0, 2.0, -9.0; 6
5.0, 2.0, -9.0; 1
-5.0, 3.0, -9.0; 3
-4.0, 3.0, -9.0; 5
-3.0, 3.0, -9.0; 8
-2.0, 3.0, -9.0; 13
-1.0, 3.0, -9.0; 9
0.0, 3.0, -9.0; 5
1.0, 3.0, -9.0; 6
2.0, 3.0, -9.0; 6
3.0, 3.0, -9.0; 1
4.0, 3.0, -9.0; 1
-5.0, 4.0, -9.0; 1
-3.0, 4.0, -9.0; 3
-2.0, 4.0, -9.0; 4
-1.0, 4.0, -9.0; 7
0.0, 4.0, -9.0; 4
1.0, 4.0, -9.0; 2
2.0, 4.0, -9.0; 4
-2.0, 5.0, -9.0; 1
0.0, 5.0, -9.0; 1
-3.0, -7.0, -8.0; 1
-2.0, -7.0, -8.0; 3
-1.0, -7.0, -8.0; 6
0.0, -7.0, -8.0; 6
1.0, -7.0, -8.0; 8
2.0, -7.0, -8.0; 4
-5.0, -6.0, -8.0; 4
-4.0, -6.0, -8.0; 6
-3.0, -6.0, -8.0; 3
-2.0, -6.0, -8.0; 4
-1.0, -6.0, -8.0; 5
0.0, -6.0, -8.0; 2
1.0, -6.0, -8.0; 9
2.0, -6.0, -8.0; 3
-5.0, -5.0, -8.0; 6
-4.0, -5.0, -8.0; 15
-3.0, -5.0, -8.0; 13
-2.0, -5.0, -8.0; 5
-1.0, -5.0, -8.0; 5
0.0, -5.0, -8.0; 3
1.0, -5.0, -8.0; 5
2.0, -5.0, -8.0; 13
3.0, -5.0, -8.0; 2
-6.0, -4.0, -8.0; 4
-5.0, -4.0, -8.0; 10
-4.0, -4.0, -8.0; 13
-3.0, -4.0, -8.0; 11
-2.0, -4.0, -8.0; 5
-1.0, -4.0, -8.0; 2
0.0, -4.0, -8.0; 4
1.0, -4.0, -8.0; 1
2.0, -4.0, -8.0; 2
3.0, -4.0, -8.0; 2
-7.0, -3.0, -8.0; 2
-6.0, -3.0, -8.0; 4
-5.0, -3.0, -8.0; 9
-4.0, -3.0, -8.0; 11
-3.0, -3.0, -8.0; 8
-2.0, -3.0, -8.0; 9
-1.0, -3.0, -8.0; 6
0.0, -3.0, -8.0; 2
1.0, -3.0, -8.0; 4
2.0, -3.0, -8.0; 4
3.0, -3.0, -8.0; 2
4.0, -3.0, -8.0; 1
5.0, -3.0, -8.0; 1
-7.0, -2.0, -8.0; 2
-6.0, -2.0, -8.0; 3
-5.0, -2.0, -8.0; 13
-4.0, -2.0, -8.0; 25
-3.0, -2.0, -8.0; 17
-2.0, -2.0, -8.0; 7
-1.0, -2.0, -8.0; 3
0.0, -2.0, -8.0; 7
1.0, -2.0, -8.0; 4
2.0, -2.0, -8.0; 4
3.0, -2.0, -8.0; 5
4.0, -2.0, -8.0; 2
5.0, -2.0, -8.0; 1
6.0, -2.0, -8.0; 1
-7.0, -1.0, -8.0; 1
-6.0, -1.0, -8.0; 4
-5.0, -1.0, -8.0; 8
-4.0, -1.0, -8.0; 23
-3.0, -1.0, -8.0; 23
-2.0, -1.0, -8.0; 8
-1.0, -1.0, -8.0; 7
0.0, -1.0, -8.0; 5
1.0, -1.0, -8.0; 7
2.0, -1.0, -8.0; 5
3.0, -1.0, -8.0; 3
4.0, -1.0, -8.0; 2
5.0, -1.0, -8.0; 2
6.0, -1.0, -8.0; 2
-7.0, 0.0, -8.0; 6
-6.0, 0.0, -8.0; 4
-5.0, 0.0, -8.0; 13
-4.0, 0.0, -8.0; 7
-3.0, 0.0, -8.0; 9
-2.0, 0.0, -8.0; 6
-1.0, 0.0, -8.0; 4
0.0, 0.0, -8.0; 3
1.0, 0.0, -8.0; 2
2.0, 0.0, -8.0; 8
3.0, 0.0, -8.0; 2
4.0, 0.0, -8.0; 1
5.0, 0.0, -8.0; 4
6.0, 0.0, -8.0; 8
-7.0, 1.0, -8.0; 2
-6.0, 1.0, -8.0; 12
-5.0, 1.0, -8.0; 14
-4.0, 1.0, -8.0; 13
-3.0, 1.0, -8.0; 21
-2.0, 1.0, -8.0; 15
-1.0, 1.0, -8.0; 12
0.0, 1.0, -8.0; 3
1.0, 1.0, -8.0; 4
2.0, 1.0, -8.0; 3
4.0, 1.0, -8.0; 6
5.0, 1.0, -8.0; 3
6.0, 1.0, -8.0; 4
-7.0, 2.0, -8.0; 1
-6.0, 2.0, -8.0; 2
-5.0, 2.0, -8.0; 16
-4.0, 2.0, -8.0; 29
-3.0, 2.0, -8.0; 17
-2.0, 2.0, -8.0; 15
-1.0, 2.0, -8.0; 6
0.0, 2.0, -8.0; 4
1.0, 2.0, -8.0; 3
4.0, 2.0, -8.0; 7
5.0, 2.0, -8.0; 4
-7.0, 3.0, -8.0; 1
-6.0, 3.0, -8.0; 4
-5.0, 3.0, -8.0; 8
-4.0, 3.0, -8.0; 21
-3.0, 3.0, -8.0; 11
-2.0, 3.0, -8.0; 14
-1.0, 3.0, -8.0; 17
0.0, 3.0, -8.0; 12
1.0, 3.0, -8.0; 7
2.0, 3.0, -8.0; 3
3.0, 3.0, -8.0; 5
4.0, 3.0, -8.0; 4
5.0, 3.0, -8.0; 1
-6.0, 4.0, -8.0; 2
-5.0, 4.0, -8.0; 3
-4.0, 4.0, -8.0; 10
-3.0, 4.0, -8.0; 12
-2.0, 4.0, -8.0; 15
-1.0, 4.0, -8.0; 17
0.0, 4.0, -8.0; 16
1.0, 4.0, -8.0; 11
2.0, 4.0, -8.0; 8
3.0, 4.0, -8.0; 3
-5.0, 5.0, -8.0; 1
-4.0, 5.0, -8.0; 5
-3.0, 5.0, -8.0; 3
-2.0, 5.0, -8.0; 9
-1.0, 5.0, -8.0; 14
0.0, 5.0, -8.0; 16
1.0, 5.0, -8.0; 3
2.0, 5.0, -8.0; 2
-2.0, 6.0, -8.0; 2
-1.0, 6.0, -8.0; 3
0.0, 6.0, -8.0; 6
1.0, 6.0, -8.0; 2
2.0, 6.0, -8.0; 2
-3.0, -8.0, -7.0; 2
-2.0, -8.0, -7.0; 4
-1.0, -8.0, -7.0; 9
0.0, -8.0, -7.0; 3
1.0, -8.0, -7.0; 2
-5.0, -7.0, -7.0; 2
-4.0, -7.0, -7.0; 6
-3.0, -7.0, -7.0; 13
-2.0, -7.0, -7.0; 15
-1.0, -7.0, -7.0; 9
0.0, -7.0, -7.0; 10
1.0, -7.0, -7.0; 9
2.0, -7.0, -7.0; 3
-6.0, -6.0, -7.0; 3
-5.0, -6.0, -7.0; 23
-4.0, -6.0, -7.0; 23
-3.0, -6.0, -7.0; 21
-2.0, -6.0, -7.0; 21
-1.0, -6.0, -7.0; 9
0.0, -6.0, -7.0; 7
1.0, -6.0, -7.0; 16
2.0, -6.0, -7.0; 12
3.0, -6.0, -7.0; 4
4.0, -6.0, -7.0; 1
-7.0, -5.0, -7.0; 3
-6.0, -5.0, -7.0; 7
-5.0, -5.0, -7.0; 33
-4.0, -5.0, -7.0; 20
-3.0, -5.0, -7.0; 9
-2.0, -5.0, -7.0; 9
-1.0, -5.0, -7.0; 8
0.0, -5.0, -7.0; 8
1.0, -5.0, -7.0; 2
2.0, -5.0, -7.0; 3
3.0, -5.0, -7.0; 5
4.0, -5.0, -7.0; 7
6.0, -5.0, -7.0; 2
-7.0, -4.0, -7.0; 4
-6.0, -4.0, -7.0; 21
-5.0, -4.0, -7.0; 22
-4.0, -4.0, -7.0; 6
-3.0, -4.0, -7.0; 8
-2.0, -4.0, -7.0; 8
-1.0, -4.0, -7.0; 7
0.0, -4.0, -7.0; 4
1.0, -4.0, -7.0; 3
2.0, -4.0, -7.0; 2
3.0, -4.0, -7.0; 3
4.0, -4.0, -7.0; 2
5.0, -4.0, -7.0; 1
6.0, -4.0, -7.0; 1
-7.0, -3.0, -7.0; 4
-6.0, -3.0, -7.0; 21
-5.0, -3.0, -7.0; 12
-4.0, -3.0, -7.0; 6
-3.0, -3.0, -7.0; 3
-2.0, -3.0, -7.0; 3
-1.0, -3.0, -7.0; 3
0.0, -3.0, -7.0; 8
1.0, -3.0, -7.0; 4
2.0, -3.0, -7.0; 3
3.0, -3.0, -7.0; 5
7.0, -3.0, -7.0; 2
-8.0, -2.0, -7.0; 1
-7.0, -2.0, -7.0; 4
-6.0, -2.0, -7.0; 29
-5.0, -2.0, -7.0; 25
-4.0, -2.0, -7.0; 2
-3.0, -2.0, -7.0; 1
-1.0, -2.0, -7.0; 5
0.0, -2.0, -7.0; 2
1.0, -2.0, -7.0; 4
2.0, -2.0, -7.0; 2
3.0, -2.0, -7.0; 9
4.0, -2.0, -7.0; 10
7.0, -2.0, -7.0; 1
-8.0, -1.0, -7.0; 1
-7.0, -1.0, -7.0; 2
-6.0, -1.0, -7.0; 17
-5.0, -1.0, -7.0; 69
-4.0, -1.0, -7.0; 9
-3.0, -1.0, -7.0; 1
-2.0, -1.0, -7.0; 5
-1.0, -1.0, -7.0; 5
0.0, -1.0, -7.0; 7
1.0, -1.0, -7.0; 9
2.0, -1.0, -7.0; 8
3.0, -1.0, -7.0; 17
4.0, -1.0, -7.0; 2
7.0, -1.0, -7.0; 5
-8.0, 0.0, -7.0; 1
-7.0, 0.0, -7.0; 5
-6.0, 0.0, -7.0; 31
-5.0, 0.0, -7.0; 33
-4.0, 0.0, -7.0; 3
-3.0, 0.0, -7.0; 2
-1.0, 0.0, -7.0; 2
0.0, 0.0, -7.0; 4
1.0, 0.0, -7.0; 1
2.0, 0.0, -7.0; 11
3.0, 0.0, -7.0; 9
4.0, 0.0, -7.0; 1
5.0, 0.0, -7.0; 1
6.0, 0.0, -7.0; 2
7.0, 0.0, -7.0; 1
-8.0, 1.0, -7.0; 4
-7.0, 1.0, -7.0; 7
-6.0, 1.0, -7.0; 14
-5.0, 1.0, -7.0; 20
-4.0, 1.0, -7.0; 1
-3.0, 1.0, -7.0; 4
-2.0, 1.0, -7.0; 4
-1.0, 1.0, -7.0; 1
0.0, 1.0, -7.0; 3
1.0, 1.0, -7.0; 2
2.0, 1.0, -7.0; 1
4.0, 1.0, -7.0; 1
5.0, 1.0, -7.0; 2
6.0, 1.0, -7.0; 2
7.0, 1.0, -7.0; 1
-8.0, 2.0, -7.0; 2
-7.0, 2.0, -7.0; 1
-6.0, 2.0, -7.0; 10
-5.0, 2.0, -7.0; 12
-4.0, 2.0, -7.0; 3
-3.0, 2.0, -7.0; 1
-1.0, 2.0, -7.0; 6
0.0, 2.0, -7.0; 2
1.0, 2.0, -7.0; 2
2.0, 2.0, -7.0; 1
3.0, 2.0, -7.0; 1
4.0, 2.0, -7.0; 3
5.0, 2.0, -7.0; 3
6.0, 2.0, -7.0; 2
-7.0, 3.0, -7.0; 2
-6.0, 3.0, -7.0; 9
-5.0, 3.0, -7.0; 10
-4.0, 3.0, -7.0; 1
-3.0, 3.0, -7.0; 4
-2.0, 3.0, -7.0; 6
-1.0, 3.0, -7.0; 3
0.0, 3.0, -7.0; 3
1.0, 3.0, -7.0; 2
2.0, 3.0, -7.0; 3
3.0, 3.0, -7.0; 2
4.0, 3.0, -7.0; 3
5.0, 3.0, -7.0; 7
-7.0, 4.0, -7.0; 3
-6.0, 4.0, -7.0; 6
-5.0, 4.0, -7.0; 4
-4.0, 4.0, -7.0; 14
-3.0, 4.0, -7.0; 10
-2.0, 4.0, -7.0; 7
-1.0, 4.0, -7.0; 6
0.0, 4.0, -7.0; 4
1.0, 4.0, -7.0; 7
2.0, 4.0, -7.0; 2
3.0, 4.0, -7.0; 6
4.0, 4.0, -7.0; 4
5.0, 4.0, -7.0; 2
-6.0, 5.0, -7.0; 3
-5.0, 5.0, -7.0; 12
-4.0, 5.0, -7.0; 7
-3.0, 5.0, -7.0; 20
-2.0, 5.0, -7.0; 19
-1.0, 5.0, -7.0; 17
0.0, 5.0, -7.0; 12
1.0, 5.0, -7.0; 9
2.0, 5.0, -7.0; 5
3.0, 5.0, -7.0; 6
4.0, 5.0, -7.0; 5
-5.0, 6.0, -7.0; 1
-4.0, 6.0, -7.0; 6
-3.0, 6.0, -7.0; 6
-2.0, 6.0, -7.0; 9
-1.0, 6.0, -7.0; 4
0.0, 6.0, -7.0; 13
1.0, 6.0, -7.0; 11
2.0, 6.0, -7.0; 12
3.0, 6.0, -7.0; 2
-4.0, 7.0, -7.0; 1
-3.0, 7.0, -7.0; 4
-2.0, 7.0, -7.0; 6
-1.0, 7.0, -7.0; 3
0.0, 7.0, -7.0; 7
1.0, 7.0, -7.0; 2
-3.0, -9.0, -6.0; 1
-1.0, -9.0, -6.0; 3
1.0, -9.0, -6.0; 1
2.0, -9.0, -6.0; 1
-5.0, -8.0, -6.0; 1
-4.0, -8.0, -6.0; 10
-3.0, -8.0, -6.0; 15
-2.0, -8.0, -6.0; 42
-1.0, -8.0, -6.0; 69
0.0, -8.0, -6.0; 30
1.0, -8.0, -6.0; 6
2.0, -8.0, -6.0; 6
3.0, -8.0, -6.0; 4
-6.0, -7.0, -6.0; 5
-5.0, -7.0, -6.0; 16
-4.0, -7.0, -6.0; 43
-3.0, -7.0, -6.0; 42
-2.0, -7.0, -6.0; 101
-1.0, -7.0, -6.0; 108
0.0, -7.0, -6.0; 20
1.0, -7.0, -6.0; 14
2.0, -7.0, -6.0; 7
3.0, -7.0, -6.0; 5
4.0, -7.0, -6.0; 1
5.0, -7.0, -6.0; 1
-7.0, -6.0, -6.0; 10
-6.0, -6.0, -6.0; 35
-5.0, -6.0, -6.0; 38
-4.0, -6.0, -6.0; 19
-3.0, -6.0, -6.0; 23
-2.0, -6.0, -6.0; 57
-1.0, -6.0, -6.0; 66
0.0, -6.0, -6.0; 29
1.0, -6.0, -6.0; 8
2.0, -6.0, -6.0; 14
3.0, -6.0, -6.0; 5
4.0, -6.0, -6.0; 4
-8.0, -5.0, -6.0; 4
-7.0, -5.0, -6.0; 17
-6.0, -5.0, -6.0; 32
-5.0, -5.0, -6.0; 18
-4.0, -5.0, -6.0; 9
-3.0, -5.0, -6.0; 34
-2.0, -5.0, -6.0; 29
-1.0, -5.0, -6.0; 19
0.0, -5.0, -6.0; 20
1.0, -5.0, -6.0; 8
4.0, -5.0, -6.0; 1
5.0, -5.0, -6.0; 1
6.0, -5.0, -6.0; 1
-8.0, -4.0, -6.0; 5
-7.0, -4.0, -6.0; 9
-6.0, -4.0, -6.0; 9
-5.0, -4.0, -6.0; 5
-4.0, -4.0, -6.0; 13
-3.0, -4.0, -6.0; 16
-2.0, -4.0, -6.0; 14
-1.0, -4.0, -6.0; 9
0.0, -4.0, -6.0; 9
1.0, -4.0, -6.0; 10
2.0, -4.0, -6.0; 2
4.0, -4.0, -6.0; 1
5.0, -4.0, -6.0; 1
6.0, -4.0, -6.0; 2
7.0, -4.0, -6.0; 2
-8.0, -3.0, -6.0; 6
-7.0, -3.0, -6.0; 19
-6.0, -3.0, -6.0; 5
-5.0, -3.0, -6.0; 6
-4.0, -3.0, -6.0; 11
-3.0, -3.0, -6.0; 17
-2.0, -3.0, -6.0; 13
-1.0, -3.0, -6.0; 56
0.0, -3.0, -6.0; 97
1.0, -3.0, -6.0; 13
2.0, -3.0, -6.0; 6
3.0, -3.0, -6.0; 1
4.0, -3.0, -6.0; 6
5.0, -3.0, -6.0; 3
7.0, -3.0, -6.0; 5
-9.0, -2.0, -6.0; 1
-8.0, -2.0, -6.0; 10
-7.0, -2.0, -6.0; 21
-6.0, -2.0, -6.0; 29
-5.0, -2.0, -6.0; 4
-4.0, -2.0, -6.0; 10
-3.0, -2.0, -6.0; 18
-2.0, -2.0, -6.0; 20
-1.0, -2.0, -6.0; 62
0.0, -2.0, -6.0; 100
1.0, -2.0, -6.0; 25
2.0, -2.0, -6.0; 1
3.0, -2.0, -6.0; 1
4.0, -2.0, -6.0; 11
5.0, -2.0, -6.0; 5
6.0, -2.0, -6.0; 2
7.0, -2.0, -6.0; 9
8.0, -2.0, -6.0; 1
-8.0, -1.0, -6.0; 3
-7.0, -1.0, -6.0; 11
-6.0, -1.0, -6.0; 47
-5.0, -1.0, -6.0; 9
-4.0, -1.0, -6.0; 3
-3.0, -1.0, -6.0; 10
-2.0, -1.0, -6.0; 25
-1.0, -1.0, -6.0; 49
0.0, -1.0, -6.0; 53
1.0, -1.0, -6.0; 9
2.0, -1.0, -6.0; 4
3.0, -1.0, -6.0; 14
4.0, -1.0, -6.0; 14
5.0, -1.0, -6.0; 3
6.0, -1.0, -6.0; 1
7.0, -1.0, -6.0; 5
8.0, -1.0, -6.0; 1
-9.0, 0.0, -6.0; 2
-8.0, 0.0, -6.0; 7
-7.0, 0.0, -6.0; 22
-6.0, 0.0, -6.0; 25
-5.0, 0.0, -6.0; 15
-4.0, 0.0, -6.0; 4
-3.0, 0.0, -6.0; 8
-2.0, 0.0, -6.0; 30
-1.0, 0.0, -6.0; 15
0.0, 0.0, -6.0; 10
1.0, 0.0, -6.0; 6
2.0, 0.0, -6.0; 8
3.0, 0.0, -6.0; 24
4.0, 0.0, -6.0; 2
5.0, 0.0, -6.0; 2
6.0, 0.0, -6.0; 3
7.0, 0.0, -6.0; 6
-8.0, 1.0, -6.0; 9
-7.0, 1.0, -6.0; 18
-6.0, 1.0, -6.0; 11
-5.0, 1.0, -6.0; 3
-4.0, 1.0, -6.0; 3
-3.0, 1.0, -6.0; 19
-2.0, 1.0, -6.0; 73
-1.0, 1.0, -6.0; 40
0.0, 1.0, -6.0; 10
1.0, 1.0, -6.0; 4
2.0, 1.0, -6.0; 9
3.0, 1.0, -6.0; 1
4.0, 1.0, -6.0; 4
5.0, 1.0, -6.0; 3
6.0, 1.0, -6.0; 2
7.0, 1.0, -6.0; 5
8.0, 1.0, -6.0; 1
-8.0, 2.0, -6.0; 2
-7.0, 2.0, -6.0; 11
-6.0, 2.0, -6.0; 7
-5.0, 2.0, -6.0; 7
-4.0, 2.0, -6.0; 9
-3.0, 2.0, -6.0; 30
-2.0, 2.0, -6.0; 31
-1.0, 2.0, -6.0; 91
0.0, 2.0, -6.0; 15
1.0, 2.0, -6.0; 7
2.0, 2.0, -6.0; 5
3.0, 2.0, -6.0; 3
4.0, 2.0, -6.0; 1
5.0, 2.0, -6.0; 3
6.0, 2.0, -6.0; 1
7.0, 2.0, -6.0; 1
-8.0, 3.0, -6.0; 1
-7.0, 3.0, -6.0; 5
-6.0, 3.0, -6.0; 12
-5.0, 3.0, -6.0; 10
-4.0, 3.0, -6.0; 11
-3.0, 3.0, -6.0; 22
-2.0, 3.0, -6.0; 22
-1.0, 3.0, -6.0; 18
0.0, 3.0, -6.0; 6
1.0, 3.0, -6.0; 4
2.0, 3.0, -6.0; 2
4.0, 3.0, -6.0; 2
5.0, 3.0, -6.0; 5
6.0, 3.0, -6.0; 3
7.0, 3.0, -6.0; 1
-8.0, 4.0, -6.0; 1
-7.0, 4.0, -6.0; 12
-6.0, 4.0, -6.0; 24
-5.0, 4.0, -6.0; 9
-4.0, 4.0, -6.0; 10
-3.0, 4.0, -6.0; 11
-2.0, 4.0, -6.0; 8
-1.0, 4.0, -6.0; 9
0.0, 4.0, -6.0; 5
1.0, 4.0, -6.0; 7
2.0, 4.0, -6.0; 1
4.0, 4.0, -6.0; 1
5.0, 4.0, -6.0; 4
6.0, 4.0, -6.0; 2
-7.0, 5.0, -6.0; 3
-6.0, 5.0, -6.0; 7
-5.0, 5.0, -6.0; 62
-4.0, 5.0, -6.0; 38
-3.0, 5.0, -6.0; 18
-2.0, 5.0, -6.0; 7
-1.0, 5.0, -6.0; 5
0.0, 5.0, -6.0; 6
1.0, 5.0, -6.0; 2
2.0, 5.0, -6.0; 8
3.0, 5.0, -6.0; 2
4.0, 5.0, -6.0; 7
5.0, 5.0, -6.0; 2
-6.0, 6.0, -6.0; 2
-5.0, 6.0, -6.0; 6
-4.0, 6.0, -6.0; 40
-3.0, 6.0, -6.0; 106
-2.0, 6.0, -6.0; 22
-1.0, 6.0, -6.0; 14
0.0, 6.0, -6.0; 4
1.0, 6.0, -6.0; 10
2.0, 6.0, -6.0; 6
3.0, 6.0, -6.0; 7
4.0, 6.0, -6.0; 3
-5.0, 7.0, -6.0; 1
-4.0, 7.0, -6.0; 2
-3.0, 7.0, -6.0; 12
-2.0, 7.0, -6.0; 20
-1.0, 7.0, -6.0; 18
0.0, 7.0, -6.0; 9
1.0, 7.0, -6.0; 7
2.0, 7.0, -6.0; 4
3.0, 7.0, -6.0; 4
4.0, 7.0, -6.0; 1
-2.0, 8.0, -6.0; 2
-1.0, 8.0, -6.0; 3
0.0, 8.0, -6.0; 3
-4.0, -9.0, -5.0; 1
-3.0, -9.0, -5.0; 6
-2.0, -9.0, -5.0; 7
-1.0, -9.0, -5.0; 8
0.0, -9.0, -5.0; 12
1.0, -9.0, -5.0; 3
2.0, -9.0, -5.0; 2
-6.0, -8.0, -5.0; 1
-5.0, -8.0, -5.0; 8
-4.0, -8.0, -5.0; 14
-3.0, -8.0, -5.0; 24
-2.0, -8.0, -5.0; 193
-1.0, -8.0, -5.0; 528
0.0, -8.0, -5.0; 36
1.0, -8.0, -5.0; 9
2.0, -8.0, -5.0; 5
3.0, -8.0, -5.0; 7
4.0, -8.0, -5.0; 3
-7.0, -7.0, -5.0; 2
-6.0, -7.0, -5.0; 20
-5.0, -7.0, -5.0; 27
-4.0, -7.0, -5.0; 21
-3.0, -7.0, -5.0; 15
-2.0, -7.0, -5.0; 60
-1.0, -7.0, -5.0; 90
0.0, -7.0, -5.0; 30
1.0, -7.0, -5.0; 10
2.0, -7.0, -5.0; 6
3.0, -7.0, -5.0; 7
4.0, -7.0, -5.0; 3
-8.0, -6.0, -5.0; 2
-7.0, -6.0, -5.0; 25
-6.0, -6.0, -5.0; 31
-5.0, -6.0, -5.0; 12
-4.0, -6.0, -5.0; 5
-3.0, -6.0, -5.0; 5
-2.0, -6.0, -5.0; 9
-1.0, -6.0, -5.0; 17
0.0, -6.0, -5.0; 31
1.0, -6.0, -5.0; 12
2.0, -6.0, -5.0; 2
3.0, -6.0, -5.0; 4
4.0, -6.0, -5.0; 3
5.0, -6.0, -5.0; 3
-8.0, -5.0, -5.0; 7
-7.0, -5.0, -5.0; 28
-6.0, -5.0, -5.0; 7
-5.0, -5.0, -5.0; 2
-4.0, -5.0, -5.0; 3
-3.0, -5.0, -5.0; 8
-2.0, -5.0, -5.0; 10
-1.0, -5.0, -5.0; 15
0.0, -5.0, -5.0; 8
1.0, -5.0, -5.0; 17
2.0, -5.0, -5.0; 12
3.0, -5.0, -5.0; 1
4.0, -5.0, -5.0; 1
5.0, -5.0, -5.0; 3
7.0, -5.0, -5.0; 2
-9.0, -4.0, -5.0; 3
-8.0, -4.0, -5.0; 11
-7.0, -4.0, -5.0; 11
-6.0, -4.0, -5.0; 7
-5.0, -4.0, -5.0; 13
-4.0, -4.0, -5.0; 18
-3.0, -4.0, -5.0; 73
-2.0, -4.0, -5.0; 199
-1.0, -4.0, -5.0; 51
0.0, -4.0, -5.0; 17
1.0, -4.0, -5.0; 141
2.0, -4.0, -5.0; 20
3.0, -4.0, -5.0; 2
4.0, -4.0, -5.0; 2
5.0, -4.0, -5.0; 5
6.0, -4.0, -5.0; 2
8.0, -4.0, -5.0; 2
-9.0, -3.0, -5.0; 2
-8.0, -3.0, -5.0; 10
-7.0, -3.0, -5.0; 17
-6.0, -3.0, -5.0; 6
-5.0, -3.0, -5.0; 38
-4.0, -3.0, -5.0; 68
-3.0, -3.0, -5.0; 1111
-2.0, -3.0, -5.0; 708
-1.0, -3.0, -5.0; 70
0.0, -3.0, -5.0; 171
1.0, -3.0, -5.0; 1488
2.0, -3.0, -5.0; 86
3.0, -3.0, -5.0; 3
4.0, -3.0, -5.0; 3
5.0, -3.0, -5.0; 5
6.0, -3.0, -5.0; 4
7.0, -3.0, -5.0; 3
8.0, -3.0, -5.0; 6
-9.0, -2.0, -5.0; 1
-8.0, -2.0, -5.0; 15
-7.0, -2.0, -5.0; 12
-6.0, -2.0, -5.0; 12
-5.0, -2.0, -5.0; 25
-4.0, -2.0, -5.0; 21
-3.0, -2.0, -5.0; 96
-2.0, -2.0, -5.0; 36
-1.0, -2.0, -5.0; 11
0.0, -2.0, -5.0; 58
1.0, -2.0, -5.0; 121
2.0, -2.0, -5.0; 17
3.0, -2.0, -5.0; 5
4.0, -2.0, -5.0; 13
5.0, -2.0, -5.0; 9
6.0, -2.0, -5.0; 1
7.0, -2.0, -5.0; 2
8.0, -2.0, -5.0; 9
-9.0, -1.0, -5.0; 5
-8.0, -1.0, -5.0; 10
-7.0, -1.0, -5.0; 26
-6.0, -1.0, -5.0; 11
-5.0, -1.0, -5.0; 4
-4.0, -1.0, -5.0; 11
-3.0, -1.0, -5.0; 30
-2.0, -1.0, -5.0; 12
-1.0, -1.0, -5.0; 9
0.0, -1.0, -5.0; 10
1.0, -1.0, -5.0; 15
2.0, -1.0, -5.0; 3
3.0, -1.0, -5.0; 5
4.0, -1.0, -5.0; 26
5.0, -1.0, -5.0; 4
7.0, -1.0, -5.0; 6
8.0, -1.0, -5.0; 17
9.0, -1.0, -5.0; 1
-9.0, 0.0, -5.0; 2
-8.0, 0.0, -5.0; 10
-7.0, 0.0, -5.0; 27
-6.0, 0.0, -5.0; 4
-5.0, 0.0, -5.0; 2
-4.0, 0.0, -5.0; 21
-3.0, 0.0, -5.0; 73
-2.0, 0.0, -5.0; 38
-1.0, 0.0, -5.0; 26
0.0, 0.0, -5.0; 2
1.0, 0.0, -5.0; 4
3.0, 0.0, -5.0; 25
4.0, 0.0, -5.0; 13
5.0, 0.0, -5.0; 5
6.0, 0.0, -5.0; 2
7.0, 0.0, -5.0; 1
8.0, 0.0, -5.0; 2
-9.0, 1.0, -5.0; 3
-8.0, 1.0, -5.0; 9
-7.0, 1.0, -5.0; 7
-6.0, 1.0, -5.0; 7
-5.0, 1.0, -5.0; 7
-4.0, 1.0, -5.0; 49
-3.0, 1.0, -5.0; 166
-2.0, 1.0, -5.0; 39
-1.0, 1.0, -5.0; 13
0.0, 1.0, -5.0; 21
1.0, 1.0, -5.0; 9
2.0, 1.0, -5.0; 17
3.0, 1.0, -5.0; 10
4.0, 1.0, -5.0; 2
5.0, 1.0, -5.0; 4
6.0, 1.0, -5.0; 1
7.0, 1.0, -5.0; 5
8.0, 1.0, -5.0; 2
-9.0, 2.0, -5.0; 3
-8.0, 2.0, -5.0; 6
-7.0, 2.0, -5.0; 6
-6.0, 2.0, -5.0; 16
-5.0, 2.0, -5.0; 30
-4.0, 2.0, -5.0; 50
-3.0, 2.0, -5.0; 159
-2.0, 2.0, -5.0; 141
-1.0, 2.0, -5.0; 243
0.0, 2.0, -5.0; 189
1.0, 2.0, -5.0; 175
2.0, 2.0, -5.0; 24
3.0, 2.0, -5.0; 4
4.0, 2.0, -5.0; 5
5.0, 2.0, -5.0; 3
6.0, 2.0, -5.0; 2
7.0, 2.0, -5.0; 2
-8.0, 3.0, -5.0; 6
-7.0, 3.0, -5.0; 5
-6.0, 3.0, -5.0; 11
-5.0, 3.0, -5.0; 20
-4.0, 3.0, -5.0; 19
-3.0, 3.0, -5.0; 35
-2.0, 3.0, -5.0; 52
-1.0, 3.0, -5.0; 303
0.0, 3.0, -5.0; 455
1.0, 3.0, -5.0; 247
2.0, 3.0, -5.0; 12
3.0, 3.0, -5.0; 3
5.0, 3.0, -5.0; 1
6.0, 3.0, -5.0; 1
7.0, 3.0, -5.0; 3
-8.0, 4.0, -5.0; 5
-7.0, 4.0, -5.0; 11
-6.0, 4.0, -5.0; 19
-5.0, 4.0, -5.0; 11
-4.0, 4.0, -5.0; 14
-3.0, 4.0, -5.0; 20
-2.0, 4.0, -5.0; 22
-1.0, 4.0, -5.0; 31
0.0, 4.0, -5.0; 47
1.0, 4.0, -5.0; 24
2.0, 4.0, -5.0; 1
3.0, 4.0, -5.0; 1
4.0, 4.0, -5.0; 1
-7.0, 5.0, -5.0; 8
-6.0, 5.0, -5.0; 29
-5.0, 5.0, -5.0; 57
-4.0, 5.0, -5.0; 13
-3.0, 5.0, -5.0; 10
-2.0, 5.0, -5.0; 8
-1.0, 5.0, -5.0; 7
1.0, 5.0, -5.0; 4
2.0, 5.0, -5.0; 2
3.0, 5.0, -5.0; 4
4.0, 5.0, -5.0; 1
5.0, 5.0, -5.0; 2
6.0, 5.0, -5.0; 1
-7.0, 6.0, -5.0; 3
-6.0, 6.0, -5.0; 11
-5.0, 6.0, -5.0; 21
-4.0, 6.0, -5.0; 62
-3.0, 6.0, -5.0; 89
-2.0, 6.0, -5.0; 11
-1.0, 6.0, -5.0; 1
0.0, 6.0, -5.0; 9
1.0, 6.0, -5.0; 9
2.0, 6.0, -5.0; 6
3.0, 6.0, -5.0; 7
4.0, 6.0, -5.0; 1
5.0, 6.0, -5.0; 1
-6.0, 7.0, -5.0; 2
-5.0, 7.0, -5.0; 2
-4.0, 7.0, -5.0; 9
-3.0, 7.0, -5.0; 90
-2.0, 7.0, -5.0; 70
-1.0, 7.0, -5.0; 11
0.0, 7.0, -5.0; 5
1.0, 7.0, -5.0; 6
2.0, 7.0, -5.0; 9
3.0, 7.0, -5.0; 5
4.0, 7.0, -5.0; 2
-3.0, 8.0, -5.0; 2
-2.0, 8.0, -5.0; 7
-1.0, 8.0, -5.0; 4
0.0, 8.0, -5.0; 5
1.0, 8.0, -5.0; 3
2.0, 8.0, -5.0; 2
-2.0, -10.0, -4.0; 4
-1.0, -10.0, -4.0; 6
0.0, -10.0, -4.0; 4
1.0, -10.0, -4.0; 3
-5.0, -9.0, -4.0; 4
-4.0, -9.0, -4.0; 9
-3.0, -9.0, -4.0; 7
-2.0, -9.0, -4.0; 18
-1.0, -9.0, -4.0; 15
0.0, -9.0, -4.0; 13
1.0, -9.0, -4.0; 13
2.0, -9.0, -4.0; 4
3.0, -9.0, -4.0; 4
4.0, -9.0, -4.0; 1
-6.0, -8.0, -4.0; 19
-5.0, -8.0, -4.0; 12
-4.0, -8.0, -4.0; 13
-3.0, -8.0, -4.0; 16
-2.0, -8.0, -4.0; 33
-1.0, -8.0, -4.0; 60
0.0, -8.0, -4.0; 26
1.0, -8.0, -4.0; 5
2.0, -8.0, -4.0; 10
3.0, -8.0, -4.0; 7
4.0, -8.0, -4.0; 3
-8.0, -7.0, -4.0; 1
-7.0, -7.0, -4.0; 19
-6.0, -7.0, -4.0; 24
-5.0, -7.0, -4.0; 7
-4.0, -7.0, -4.0; 3
-3.0, -7.0, -4.0; 2
-2.0, -7.0, -4.0; 4
-1.0, -7.0, -4.0; 15
0.0, -7.0, -4.0; 25
1.0, -7.0, -4.0; 18
2.0, -7.0, -4.0; 3
3.0, -7.0, -4.0; 2
4.0, -7.0, -4.0; 1
5.0, -7.0, -4.0; 4
-8.0, -6.0, -4.0; 5
-7.0, -6.0, -4.0; 23
-6.0, -6.0, -4.0; 6
-5.0, -6.0, -4.0; 2
-4.0, -6.0, -4.0; 1
-3.0, -6.0, -4.0; 2
-2.0, -6.0, -4.0; 10
-1.0, -6.0, -4.0; 41
0.0, -6.0, -4.0; 35
1.0, -6.0, -4.0; 59
2.0, -6.0, -4.0; 7
3.0, -6.0, -4.0; 2
4.0, -6.0, -4.0; 2
5.0, -6.0, -4.0; 1
6.0, -6.0, -4.0; 2
-9.0, -5.0, -4.0; 1
-8.0, -5.0, -4.0; 18
-7.0, -5.0, -4.0; 15
-6.0, -5.0, -4.0; 5
-5.0, -5.0, -4.0; 1
-4.0, -5.0, -4.0; 2
-3.0, -5.0, -4.0; 7
-2.0, -5.0, -4.0; 52
-1.0, -5.0, -4.0; 216
0.0, -5.0, -4.0; 35
1.0, -5.0, -4.0; 60
2.0, -5.0, -4.0; 44
3.0, -5.0, -4.0; 6
4.0, -5.0, -4.0; 2
5.0, -5.0, -4.0; 3
6.0, -5.0, -4.0; 2
7.0, -5.0, -4.0; 1
-9.0, -4.0, -4.0; 5
-8.0, -4.0, -4.0; 16
-7.0, -4.0, -4.0; 10
-6.0, -4.0, -4.0; 11
-5.0, -4.0, -4.0; 17
-4.0, -4.0, -4.0; 45
-3.0, -4.0, -4.0; 27
-2.0, -4.0, -4.0; 24
-1.0, -4.0, -4.0; 45
0.0, -4.0, -4.0; 9
1.0, -4.0, -4.0; 146
2.0, -4.0, -4.0; 197
3.0, -4.0, -4.0; 23
4.0, -4.0, -4.0; 2
5.0, -4.0, -4.0; 3
6.0, -4.0, -4.0; 1
7.0, -4.0, -4.0; 1
8.0, -4.0, -4.0; 7
-9.0, -3.0, -4.0; 3
-8.0, -3.0, -4.0; 10
-7.0, -3.0, -4.0; 7
-6.0, -3.0, -4.0; 35
-5.0, -3.0, -4.0; 40
-4.0, -3.0, -4.0; 160
-3.0, -3.0, -4.0; 46
-2.0, -3.0, -4.0; 3
-1.0, -3.0, -4.0; 1
0.0, -3.0, -4.0; 4
1.0, -3.0, -4.0; 375
2.0, -3.0, -4.0; 240
3.0, -3.0, -4.0; 13
4.0, -3.0, -4.0; 5
5.0, -3.0, -4.0; 31
6.0, -3.0, -4.0; 1
7.0, -3.0, -4.0; 3
8.0, -3.0, -4.0; 12
-10.0, -2.0, -4.0; 4
-9.0, -2.0, -4.0; 10
-8.0, -2.0, -4.0; 13
-7.0, -2.0, -4.0; 3
-6.0, -2.0, -4.0; 25
-5.0, -2.0, -4.0; 21
-4.0, -2.0, -4.0; 26
-3.0, -2.0, -4.0; 5
-2.0, -2.0, -4.0; 5
0.0, -2.0, -4.0; 2
1.0, -2.0, -4.0; 7
2.0, -2.0, -4.0; 16
3.0, -2.0, -4.0; 3
4.0, -2.0, -4.0; 27
5.0, -2.0, -4.0; 40
7.0, -2.0, -4.0; 2
8.0, -2.0, -4.0; 7
9.0, -2.0, -4.0; 1
-9.0, -1.0, -4.0; 6
-8.0, -1.0, -4.0; 14
-7.0, -1.0, -4.0; 21
-6.0, -1.0, -4.0; 3
-5.0, -1.0, -4.0; 7
-4.0, -1.0, -4.0; 3
3.0, -1.0, -4.0; 1
4.0, -1.0, -4.0; 43
5.0, -1.0, -4.0; 24
6.0, -1.0, -4.0; 1
7.0, -1.0, -4.0; 2
8.0, -1.0, -4.0; 9
9.0, -1.0, -4.0; 1
-10.0, 0.0, -4.0; 2
-9.0, 0.0, -4.0; 4
-8.0, 0.0, -4.0; 8
-7.0, 0.0, -4.0; 11
-6.0, 0.0, -4.0; 3
-5.0, 0.0, -4.0; 16
-4.0, 0.0, -4.0; 20
-3.0, 0.0, -4.0; 4
2.0, 0.0, -4.0; 1
3.0, 0.0, -4.0; 6
4.0, 0.0, -4.0; 21
5.0, 0.0, -4.0; 6
6.0, 0.0, -4.0; 1
7.0, 0.0, -4.0; 1
8.0, 0.0, -4.0; 8
-10.0, 1.0, -4.0; 1
-9.0, 1.0, -4.0; 6
-8.0, 1.0, -4.0; 9
-7.0, 1.0, -4.0; 2
-6.0, 1.0, -4.0; 20
-5.0, 1.0, -4.0; 24
-4.0, 1.0, -4.0; 6
1.0, 1.0, -4.0; 4
2.0, 1.0, -4.0; 1
3.0, 1.0, -4.0; 8
4.0, 1.0, -4.0; 5
5.0, 1.0, -4.0; 5
6.0, 1.0, -4.0; 1
8.0, 1.0, -4.0; 1
-10.0, 2.0, -4.0; 1
-9.0, 2.0, -4.0; 10
-8.0, 2.0, -4.0; 2
-7.0, 2.0, -4.0; 2
-6.0, 2.0, -4.0; 35
-5.0, 2.0, -4.0; 79
-4.0, 2.0, -4.0; 18
-2.0, 2.0, -4.0; 1
0.0, 2.0, -4.0; 3
1.0, 2.0, -4.0; 16
2.0, 2.0, -4.0; 18
3.0, 2.0, -4.0; 9
4.0, 2.0, -4.0; 4
5.0, 2.0, -4.0; 2
6.0, 2.0, -4.0; 1
8.0, 2.0, -4.0; 1
-9.0, 3.0, -4.0; 4
-8.0, 3.0, -4.0; 13
-7.0, 3.0, -4.0; 5
-6.0, 3.0, -4.0; 18
-5.0, 3.0, -4.0; 10
-4.0, 3.0, -4.0; 12
-1.0, 3.0, -4.0; 12
0.0, 3.0, -4.0; 97
1.0, 3.0, -4.0; 301
2.0, 3.0, -4.0; 118
3.0, 3.0, -4.0; 8
4.0, 3.0, -4.0; 3
5.0, 3.0, -4.0; 2
-9.0, 4.0, -4.0; 3
-8.0, 4.0, -4.0; 11
-7.0, 4.0, -4.0; 8
-6.0, 4.0, -4.0; 6
-5.0, 4.0, -4.0; 5
-4.0, 4.0, -4.0; 4
-3.0, 4.0, -4.0; 6
-2.0, 4.0, -4.0; 9
-1.0, 4.0, -4.0; 24
0.0, 4.0, -4.0; 198
1.0, 4.0, -4.0; 258
2.0, 4.0, -4.0; 30
3.0, 4.0, -4.0; 8
4.0, 4.0, -4.0; 2
5.0, 4.0, -4.0; 3
6.0, 4.0, -4.0; 2
8.0, 4.0, -4.0; 1
-8.0, 5.0, -4.0; 3
-7.0, 5.0, -4.0; 11
-6.0, 5.0, -4.0; 8
-5.0, 5.0, -4.0; 13
-4.0, 5.0, -4.0; 2
-3.0, 5.0, -4.0; 5
-2.0, 5.0, -4.0; 18
-1.0, 5.0, -4.0; 57
0.0, 5.0, -4.0; 48
1.0, 5.0, -4.0; 20
2.0, 5.0, -4.0; 5
4.0, 5.0, -4.0; 1
5.0, 5.0, -4.0; 4
6.0, 5.0, -4.0; 1
-8.0, 6.0, -4.0; 1
-7.0, 6.0, -4.0; 6
-6.0, 6.0, -4.0; 15
-5.0, 6.0, -4.0; 8
-4.0, 6.0, -4.0; 4
-3.0, 6.0, -4.0; 5
-2.0, 6.0, -4.0; 4
-1.0, 6.0, -4.0; 5
0.0, 6.0, -4.0; 16
1.0, 6.0, -4.0; 6
2.0, 6.0, -4.0; 2
3.0, 6.0, -4.0; 2
4.0, 6.0, -4.0; 7
5.0, 6.0, -4.0; 1
-7.0, 7.0, -4.0; 1
-6.0, 7.0, -4.0; 5
-5.0, 7.0, -4.0; 1
-4.0, 7.0, -4.0; 13
-3.0, 7.0, -4.0; 41
-2.0, 7.0, -4.0; 33
-1.0, 7.0, -4.0; 6
0.0, 7.0, -4.0; 5
1.0, 7.0, -4.0; 7
2.0, 7.0, -4.0; 7
3.0, 7.0, -4.0; 5
4.0, 7.0, -4.0; 3
5.0, 7.0, -4.0; 2
-4.0, 8.0, -4.0; 5
-3.0, 8.0, -4.0; 15
-2.0, 8.0, -4.0; 34
-1.0, 8.0, -4.0; 14
0.0, 8.0, -4.0; 8
1.0, 8.0, -4.0; 5
2.0, 8.0, -4.0; 5
3.0, 8.0, -4.0; 5
-2.0, 9.0, -4.0; 2
-1.0, 9.0, -4.0; 8
0.0, 9.0, -4.0; 2
1.0, 9.0, -4.0; 3
-3.0, -10.0, -3.0; 4
-2.0, -10.0, -3.0; 4
-1.0, -10.0, -3.0; 11
1.0, -10.0, -3.0; 7
2.0, -10.0, -3.0; 1
-5.0, -9.0, -3.0; 2
-4.0, -9.0, -3.0; 8
-3.0, -9.0, -3.0; 10
-2.0, -9.0, -3.0; 14
-1.0, -9.0, -3.0; 13
0.0, -9.0, -3.0; 18
1.0, -9.0, -3.0; 5
2.0, -9.0, -3.0; 5
3.0, -9.0, -3.0; 2
-7.0, -8.0, -3.0; 4
-6.0, -8.0, -3.0; 15
-5.0, -8.0, -3.0; 16
-4.0, -8.0, -3.0; 15
-3.0, -8.0, -3.0; 24
-2.0, -8.0, -3.0; 25
-1.0, -8.0, -3.0; 24
0.0, -8.0, -3.0; 21
1.0, -8.0, -3.0; 6
2.0, -8.0, -3.0; 6
3.0, -8.0, -3.0; 3
4.0, -8.0, -3.0; 5
-8.0, -7.0, -3.0; 3
-7.0, -7.0, -3.0; 27
-6.0, -7.0, -3.0; 13
-5.0, -7.0, -3.0; 2
-4.0, -7.0, -3.0; 2
-3.0, -7.0, -3.0; 3
-1.0, -7.0, -3.0; 1
0.0, -7.0, -3.0; 34
1.0, -7.0, -3.0; 44
2.0, -7.0, -3.0; 2
3.0, -7.0, -3.0; 3
4.0, -7.0, -3.0; 1
5.0, -7.0, -3.0; 2
6.0, -7.0, -3.0; 2
-9.0, -6.0, -3.0; 1
-8.0, -6.0, -3.0; 19
-7.0, -6.0, -3.0; 25
-6.0, -6.0, -3.0; 1
-5.0, -6.0, -3.0; 3
-2.0, -6.0, -3.0; 2
-1.0, -6.0, -3.0; 56
0.0, -6.0, -3.0; 108
1.0, -6.0, -3.0; 1747
2.0, -6.0, -3.0; 107
3.0, -6.0, -3.0; 3
4.0, -6.0, -3.0; 1
5.0, -6.0, -3.0; 2
6.0, -6.0, -3.0; 2
7.0, -6.0, -3.0; 1
-9.0, -5.0, -3.0; 6
-8.0, -5.0, -3.0; 28
-7.0, -5.0, -3.0; 2
-6.0, -5.0, -3.0; 2
-5.0, -5.0, -3.0; 1
-4.0, -5.0, -3.0; 3
-3.0, -5.0, -3.0; 1
-2.0, -5.0, -3.0; 2
-1.0, -5.0, -3.0; 39
0.0, -5.0, -3.0; 62
1.0, -5.0, -3.0; 83
2.0, -5.0, -3.0; 140
3.0, -5.0, -3.0; 77
5.0, -5.0, -3.0; 1
6.0, -5.0, -3.0; 2
7.0, -5.0, -3.0; 1
8.0, -5.0, -3.0; 2
-9.0, -4.0, -3.0; 11
-8.0, -4.0, -3.0; 15
-7.0, -4.0, -3.0; 9
-6.0, -4.0, -3.0; 9
-5.0, -4.0, -3.0; 8
-4.0, -4.0, -3.0; 1
-3.0, -4.0, -3.0; 2
-2.0, -4.0, -3.0; 4
-1.0, -4.0, -3.0; 1
1.0, -4.0, -3.0; 14
2.0, -4.0, -3.0; 85
3.0, -4.0, -3.0; 85
4.0, -4.0, -3.0; 2
5.0, -4.0, -3.0; 7
6.0, -4.0, -3.0; 3
7.0, -4.0, -3.0; 1
8.0, -4.0, -3.0; 8
9.0, -4.0, -3.0; 1
-10.0, -3.0, -3.0; 2
-9.0, -3.0, -3.0; 2
-8.0, -3.0, -3.0; 14
-7.0, -3.0, -3.0; 7
-6.0, -3.0, -3.0; 21
-5.0, -3.0, -3.0; 73
-4.0, -3.0, -3.0; 2
-3.0, -3.0, -3.0; 9
2.0, -3.0, -3.0; 4
3.0, -3.0, -3.0; 4
4.0, -3.0, -3.0; 3
5.0, -3.0, -3.0; 24
6.0, -3.0, -3.0; 3
8.0, -3.0, -3.0; 5
9.0, -3.0, -3.0; 1
-9.0, -2.0, -3.0; 5
-8.0, -2.0, -3.0; 12
-7.0, -2.0, -3.0; 10
-6.0, -2.0, -3.0; 31
-5.0, -2.0, -3.0; 37
-4.0, -2.0, -3.0; 1
-3.0, -2.0, -3.0; 1
4.0, -2.0, -3.0; 2
5.0, -2.0, -3.0; 21
6.0, -2.0, -3.0; 4
7.0, -2.0, -3.0; 1
8.0, -2.0, -3.0; 1
9.0, -2.0, -3.0; 11
-10.0, -1.0, -3.0; 2
-9.0, -1.0, -3.0; 2
-8.0, -1.0, -3.0; 27
-7.0, -1.0, -3.0; 20
-6.0, -1.0, -3.0; 1
-5.0, -1.0, -3.0; 7
-4.0, -1.0, -3.0; 1
4.0, -1.0, -3.0; 3
5.0, -1.0, -3.0; 9
6.0, -1.0, -3.0; 2
8.0, -1.0, -3.0; 1
9.0, -1.0, -3.0; 6
-10.0, 0.0, -3.0; 3
-9.0, 0.0, -3.0; 5
-8.0, 0.0, -3.0; 9
-7.0, 0.0, -3.0; 3
-6.0, 0.0, -3.0; 11
-5.0, 0.0, -3.0; 13
-4.0, 0.0, -3.0; 2
4.0, 0.0, -3.0; 2
5.0, 0.0, -3.0; 1
6.0, 0.0, -3.0; 1
8.0, 0.0, -3.0; 1
-10.0, 1.0, -3.0; 3
-9.0, 1.0, -3.0; 8
-8.0, 1.0, -3.0; 4
-7.0, 1.0, -3.0; 8
-6.0, 1.0, -3.0; 75
-5.0, 1.0, -3.0; 38
-4.0, 1.0, -3.0; 4
3.0, 1.0, -3.0; 2
4.0, 1.0, -3.0; 6
5.0, 1.0, -3.0; 4
6.0, 1.0, -3.0; 1
-10.0, 2.0, -3.0; 3
-9.0, 2.0, -3.0; 9
-8.0, 2.0, -3.0; 7
-7.0, 2.0, -3.0; 11
-6.0, 2.0, -3.0; 35
-5.0, 2.0, -3.0; 22
-3.0, 2.0, -3.0; 1
4.0, 2.0, -3.0; 5
5.0, 2.0, -3.0; 1
6.0, 2.0, -3.0; 2
7.0, 2.0, -3.0; 1
8.0, 2.0, -3.0; 1
-9.0, 3.0, -3.0; 11
-8.0, 3.0, -3.0; 5
-7.0, 3.0, -3.0; 4
-6.0, 3.0, -3.0; 32
-5.0, 3.0, -3.0; 3
-4.0, 3.0, -3.0; 1
-1.0, 3.0, -3.0; 1
1.0, 3.0, -3.0; 5
2.0, 3.0, -3.0; 26
3.0, 3.0, -3.0; 3
4.0, 3.0, -3.0; 3
5.0, 3.0, -3.0; 4
7.0, 3.0, -3.0; 1
-9.0, 4.0, -3.0; 8
-8.0, 4.0, -3.0; 19
-7.0, 4.0, -3.0; 8
-6.0, 4.0, -3.0; 8
-5.0, 4.0, -3.0; 7
-4.0, 4.0, -3.0; 1
-3.0, 4.0, -3.0; 1
-1.0, 4.0, -3.0; 2
0.0, 4.0, -3.0; 103
1.0, 4.0, -3.0; 231
2.0, 4.0, -3.0; 151
3.0, 4.0, -3.0; 9
4.0, 4.0, -3.0; 5
5.0, 4.0, -3.0; 4
6.0, 4.0, -3.0; 1
7.0, 4.0, -3.0; 3
8.0, 4.0, -3.0; 1
-8.0, 5.0, -3.0; 12
-7.0, 5.0, -3.0; 14
-6.0, 5.0, -3.0; 4
-5.0, 5.0, -3.0; 2
-4.0, 5.0, -3.0; 2
-3.0, 5.0, -3.0; 7
-2.0, 5.0, -3.0; 11
-1.0, 5.0, -3.0; 22
0.0, 5.0, -3.0; 101
1.0, 5.0, -3.0; 54
2.0, 5.0, -3.0; 13
3.0, 5.0, -3.0; 3
4.0, 5.0, -3.0; 4
5.0, 5.0, -3.0; 1
7.0, 5.0, -3.0; 1
-8.0, 6.0, -3.0; 2
-7.0, 6.0, -3.0; 13
-6.0, 6.0, -3.0; 16
-5.0, 6.0, -3.0; 8
-4.0, 6.0, -3.0; 1
-2.0, 6.0, -3.0; 5
-1.0, 6.0, -3.0; 31
0.0, 6.0, -3.0; 43
1.0, 6.0, -3.0; 14
2.0, 6.0, -3.0; 6
3.0, 6.0, -3.0; 3
4.0, 6.0, -3.0; 1
5.0, 6.0, -3.0; 1
6.0, 6.0, -3.0; 1
-7.0, 7.0, -3.0; 1
-6.0, 7.0, -3.0; 3
-5.0, 7.0, -3.0; 11
-4.0, 7.0, -3.0; 14
-3.0, 7.0, -3.0; 15
-2.0, 7.0, -3.0; 9
-1.0, 7.0, -3.0; 10
0.0, 7.0, -3.0; 18
1.0, 7.0, -3.0; 13
2.0, 7.0, -3.0; 3
3.0, 7.0, -3.0; 3
4.0, 7.0, -3.0; 3
5.0, 7.0, -3.0; 2
-5.0, 8.0, -3.0; 1
-4.0, 8.0, -3.0; 10
-3.0, 8.0, -3.0; 21
-2.0, 8.0, -3.0; 16
-1.0, 8.0, -3.0; 14
0.0, 8.0, -3.0; 9
1.0, 8.0, -3.0; 6
2.0, 8.0, -3.0; 4
3.0, 8.0, -3.0; 3
4.0, 8.0, -3.0; 2
5.0, 8.0, -3.0; 1
-3.0, 9.0, -3.0; 5
-2.0, 9.0, -3.0; 6
-1.0, 9.0, -3.0; 6
0.0, 9.0, -3.0; 8
1.0, 9.0, -3.0; 10
2.0, 9.0, -3.0; 6
-4.0, -10.0, -2.0; 3
-3.0, -10.0, -2.0; 13
-2.0, -10.0, -2.0; 16
-1.0, -10.0, -2.0; 23
0.0, -10.0, -2.0; 12
1.0, -10.0, -2.0; 8
2.0, -10.0, -2.0; 2
-6.0, -9.0, -2.0; 5
-5.0, -9.0, -2.0; 12
-4.0, -9.0, -2.0; 9
-3.0, -9.0, -2.0; 11
-2.0, -9.0, -2.0; 5
-1.0, -9.0, -2.0; 12
0.0, -9.0, -2.0; 7
1.0, -9.0, -2.0; 13
2.0, -9.0, -2.0; 3
3.0, -9.0, -2.0; 6
4.0, -9.0, -2.0; 2
5.0, -9.0, -2.0; 1
-7.0, -8.0, -2.0; 12
-6.0, -8.0, -2.0; 14
-5.0, -8.0, -2.0; 11
-4.0, -8.0, -2.0; 5
-3.0, -8.0, -2.0; 2
-2.0, -8.0, -2.0; 7
-1.0, -8.0, -2.0; 14
0.0, -8.0, -2.0; 11
1.0, -8.0, -2.0; 6
3.0, -8.0, -2.0; 5
4.0, -8.0, -2.0; 2
5.0, -8.0, -2.0; 3
-8.0, -7.0, -2.0; 13
-7.0, -7.0, -2.0; 21
-5.0, -7.0, -2.0; 5
-4.0, -7.0, -2.0; 2
-2.0, -7.0, -2.0; 3
-1.0, -7.0, -2.0; 14
0.0, -7.0, -2.0; 53
1.0, -7.0, -2.0; 39
2.0, -7.0, -2.0; 4
3.0, -7.0, -2.0; 3
5.0, -7.0, -2.0; 5
6.0, -7.0, -2.0; 2
-9.0, -6.0, -2.0; 2
-8.0, -6.0, -2.0; 18
-7.0, -6.0, -2.0; 7
-6.0, -6.0, -2.0; 2
-4.0, -6.0, -2.0; 1
-1.0, -6.0, -2.0; 14
0.0, -6.0, -2.0; 61
1.0, -6.0, -2.0; 1090
2.0, -6.0, -2.0; 85
3.0, -6.0, -2.0; 6
5.0, -6.0, -2.0; 3
6.0, -6.0, -2.0; 2
7.0, -6.0, -2.0; 1
-9.0, -5.0, -2.0; 8
-8.0, -5.0, -2.0; 20
-7.0, -5.0, -2.0; 11
-6.0, -5.0, -2.0; 4
-5.0, -5.0, -2.0; 2
-4.0, -5.0, -2.0; 2
-1.0, -5.0, -2.0; 1
0.0, -5.0, -2.0; 7
1.0, -5.0, -2.0; 22
2.0, -5.0, -2.0; 48
3.0, -5.0, -2.0; 60
4.0, -5.0, -2.0; 1
5.0, -5.0, -2.0; 2
6.0, -5.0, -2.0; 1
7.0, -5.0, -2.0; 2
8.0, -5.0, -2.0; 4
-10.0, -4.0, -2.0; 2
-9.0, -4.0, -2.0; 16
-8.0, -4.0, -2.0; 18
-7.0, -4.0, -2.0; 14
-6.0, -4.0, -2.0; 10
-5.0, -4.0, -2.0; 17
-4.0, -4.0, -2.0; 1
2.0, -4.0, -2.0; 8
3.0, -4.0, -2.0; 22
4.0, -4.0, -2.0; 3
5.0, -4.0, -2.0; 15
6.0, -4.0, -2.0; 4
8.0, -4.0, -2.0; 2
-10.0, -3.0, -2.0; 3
-9.0, -3.0, -2.0; 14
-8.0, -3.0, -2.0; 8
-7.0, -3.0, -2.0; 17
-6.0, -3.0, -2.0; 32
-5.0, -3.0, -2.0; 44
3.0, -3.0, -2.0; 2
5.0, -3.0, -2.0; 5
6.0, -3.0, -2.0; 1
7.0, -3.0, -2.0; 1
8.0, -3.0, -2.0; 3
9.0, -3.0, -2.0; 5
-10.0, -2.0, -2.0; 2
-9.0, -2.0, -2.0; 6
-8.0, -2.0, -2.0; 8
-7.0, -2.0, -2.0; 14
-6.0, -2.0, -2.0; 21
-5.0, -2.0, -2.0; 15
8.0, -2.0, -2.0; 1
9.0, -2.0, -2.0; 5
-10.0, -1.0, -2.0; 2
-9.0, -1.0, -2.0; 4
-8.0, -1.0, -2.0; 20
-7.0, -1.0, -2.0; 4
-6.0, -1.0, -2.0; 4
5.0, -1.0, -2.0; 3
9.0, -1.0, -2.0; 2
-9.0, 0.0, -2.0; 5
-8.0, 0.0, -2.0; 9
-7.0, 0.0, -2.0; 7
-6.0, 0.0, -2.0; 32
-5.0, 0.0, -2.0; 6
5.0, 0.0, -2.0; 2
6.0, 0.0, -2.0; 3
9.0, 0.0, -2.0; 1
-10.0, 1.0, -2.0; 2
-9.0, 1.0, -2.0; 7
-8.0, 1.0, -2.0; 4
-7.0, 1.0, -2.0; 5
-6.0, 1.0, -2.0; 407
-5.0, 1.0, -2.0; 34
4.0, 1.0, -2.0; 1
5.0, 1.0, -2.0; 3
6.0, 1.0, -2.0; 1
7.0, 1.0, -2.0; 1
8.0, 1.0, -2.0; 2
-10.0, 2.0, -2.0; 1
-9.0, 2.0, -2.0; 4
-8.0, 2.0, -2.0; 3
-7.0, 2.0, -2.0; 15
-6.0, 2.0, -2.0; 36
-5.0, 2.0, -2.0; 15
3.0, 2.0, -2.0; 2
4.0, 2.0, -2.0; 1
5.0, 2.0, -2.0; 1
6.0, 2.0, -2.0; 1
7.0, 2.0, -2.0; 2
-10.0, 3.0, -2.0; 1
-9.0, 3.0, -2.0; 9
-8.0, 3.0, -2.0; 6
-7.0, 3.0, -2.0; 13
-6.0, 3.0, -2.0; 42
-5.0, 3.0, -2.0; 3
2.0, 3.0, -2.0; 2
3.0, 3.0, -2.0; 5
4.0, 3.0, -2.0; 5
6.0, 3.0, -2.0; 1
-9.0, 4.0, -2.0; 5
-8.0, 4.0, -2.0; 17
-7.0, 4.0, -2.0; 2
-6.0, 4.0, -2.0; 17
-5.0, 4.0, -2.0; 19
-1.0, 4.0, -2.0; 2
0.0, 4.0, -2.0; 20
1.0, 4.0, -2.0; 100
2.0, 4.0, -2.0; 67
3.0, 4.0, -2.0; 6
4.0, 4.0, -2.0; 3
5.0, 4.0, -2.0; 1
7.0, 4.0, -2.0; 2
8.0, 4.0, -2.0; 1
-9.0, 5.0, -2.0; 2
-8.0, 5.0, -2.0; 13
-7.0, 5.0, -2.0; 7
-6.0, 5.0, -2.0; 2
-5.0, 5.0, -2.0; 6
-4.0, 5.0, -2.0; 2
-3.0, 5.0, -2.0; 3
-2.0, 5.0, -2.0; 5
-1.0, 5.0, -2.0; 13
0.0, 5.0, -2.0; 313
1.0, 5.0, -2.0; 238
2.0, 5.0, -2.0; 21
3.0, 5.0, -2.0; 2
4.0, 5.0, -2.0; 2
5.0, 5.0, -2.0; 1
-8.0, 6.0, -2.0; 3
-7.0, 6.0, -2.0; 18
-6.0, 6.0, -2.0; 33
-5.0, 6.0, -2.0; 9
-4.0, 6.0, -2.0; 3
-3.0, 6.0, -2.0; 2
-2.0, 6.0, -2.0; 34
-1.0, 6.0, -2.0; 43
0.0, 6.0, -2.0; 78
1.0, 6.0, -2.0; 42
2.0, 6.0, -2.0; 5
3.0, 6.0, -2.0; 2
-7.0, 7.0, -2.0; 4
-6.0, 7.0, -2.0; 6
-5.0, 7.0, -2.0; 22
-4.0, 7.0, -2.0; 32
-3.0, 7.0, -2.0; 10
-2.0, 7.0, -2.0; 4
-1.0, 7.0, -2.0; 10
0.0, 7.0, -2.0; 14
1.0, 7.0, -2.0; 17
2.0, 7.0, -2.0; 7
3.0, 7.0, -2.0; 6
4.0, 7.0, -2.0; 3
5.0, 7.0, -2.0; 2
6.0, 7.0, -2.0; 2
-6.0, 8.0, -2.0; 2
-5.0, 8.0, -2.0; 2
-4.0, 8.0, -2.0; 11
-3.0, 8.0, -2.0; 22
-2.0, 8.0, -2.0; 13
-1.0, 8.0, -2.0; 10
0.0, 8.0, -2.0; 10
1.0, 8.0, -2.0; 15
2.0, 8.0, -2.0; 9
3.0, 8.0, -2.0; 5
-4.0, 9.0, -2.0; 2
-3.0, 9.0, -2.0; 6
-2.0, 9.0, -2.0; 7
-1.0, 9.0, -2.0; 7
0.0, 9.0, -2.0; 7
1.0, 9.0, -2.0; 15
2.0, 9.0, -2.0; 5
3.0, 9.0, -2.0; 2
-5.0, -10.0, -1.0; 2
-4.0, -10.0, -1.0; 12
-3.0, -10.0, -1.0; 22
-2.0, -10.0, -1.0; 21
-1.0, -10.0, -1.0; 20
0.0, -10.0, -1.0; 15
1.0, -10.0, -1.0; 7
2.0, -10.0, -1.0; 3
-6.0, -9.0, -1.0; 16
-5.0, -9.0, -1.0; 30
-4.0, -9.0, -1.0; 15
-3.0, -9.0, -1.0; 8
-2.0, -9.0, -1.0; 6
-1.0, -9.0, -1.0; 5
0.0, -9.0, -1.0; 9
1.0, -9.0, -1.0; 11
2.0, -9.0, -1.0; 9
3.0, -9.0, -1.0; 1
5.0, -9.0, -1.0; 1
-7.0, -8.0, -1.0; 16
-6.0, -8.0, -1.0; 25
-5.0, -8.0, -1.0; 8
-4.0, -8.0, -1.0; 4
-2.0, -8.0, -1.0; 6
-1.0, -8.0, -1.0; 20
0.0, -8.0, -1.0; 10
1.0, -8.0, -1.0; 3
2.0, -8.0, -1.0; 2
3.0, -8.0, -1.0; 6
4.0, -8.0, -1.0; 5
5.0, -8.0, -1.0; 1
6.0, -8.0, -1.0; 4
-8.0, -7.0, -1.0; 11
-7.0, -7.0, -1.0; 31
-6.0, -7.0, -1.0; 5
-3.0, -7.0, -1.0; 2
-2.0, -7.0, -1.0; 13
-1.0, -7.0, -1.0; 61
0.0, -7.0, -1.0; 89
1.0, -7.0, -1.0; 34
2.0, -7.0, -1.0; 5
3.0, -7.0, -1.0; 2
4.0, -7.0, -1.0; 3
5.0, -7.0, -1.0; 3
-9.0, -6.0, -1.0; 2
-8.0, -6.0, -1.0; 33
-7.0, -6.0, -1.0; 10
-6.0, -6.0, -1.0; 5
-4.0, -6.0, -1.0; 1
-3.0, -6.0, -1.0; 2
-2.0, -6.0, -1.0; 2
-1.0, -6.0, -1.0; 16
0.0, -6.0, -1.0; 30
1.0, -6.0, -1.0; 60
2.0, -6.0, -1.0; 23
3.0, -6.0, -1.0; 3
4.0, -6.0, -1.0; 4
5.0, -6.0, -1.0; 1
6.0, -6.0, -1.0; 2
7.0, -6.0, -1.0; 1
-9.0, -5.0, -1.0; 9
-8.0, -5.0, -1.0; 26
-7.0, -5.0, -1.0; 7
-6.0, -5.0, -1.0; 5
-5.0, -5.0, -1.0; 3
-2.0, -5.0, -1.0; 1
-1.0, -5.0, -1.0; 3
1.0, -5.0, -1.0; 7
2.0, -5.0, -1.0; 23
3.0, -5.0, -1.0; 15
4.0, -5.0, -1.0; 3
5.0, -5.0, -1.0; 2
-10.0, -4.0, -1.0; 12
-9.0, -4.0, -1.0; 23
-8.0, -4.0, -1.0; 19
-7.0, -4.0, -1.0; 30
-6.0, -4.0, -1.0; 8
-5.0, -4.0, -1.0; 3
2.0, -4.0, -1.0; 1
3.0, -4.0, -1.0; 5
4.0, -4.0, -1.0; 3
5.0, -4.0, -1.0; 1
6.0, -4.0, -1.0; 3
8.0, -4.0, -1.0; 1
-10.0, -3.0, -1.0; 8
-9.0, -3.0, -1.0; 14
-8.0, -3.0, -1.0; 11
-7.0, -3.0, -1.0; 10
-6.0, -3.0, -1.0; 26
-5.0, -3.0, -1.0; 31
-4.0, -3.0, -1.0; 1
5.0, -3.0, -1.0; 3
7.0, -3.0, -1.0; 2
9.0, -3.0, -1.0; 3
-10.0, -2.0, -1.0; 2
-9.0, -2.0, -1.0; 11
-8.0, -2.0, -1.0; 16
-7.0, -2.0, -1.0; 8
-6.0, -2.0, -1.0; 16
-5.0, -2.0, -1.0; 2
4.0, -2.0, -1.0; 1
5.0, -2.0, -1.0; 1
-10.0, -1.0, -1.0; 2
-9.0, -1.0, -1.0; 11
-8.0, -1.0, -1.0; 10
-7.0, -1.0, -1.0; 6
-6.0, -1.0, -1.0; 1
-5.0, -1.0, -1.0; 2
5.0, -1.0, -1.0; 2
9.0, -1.0, -1.0; 2
-10.0, 0.0, -1.0; 4
-9.0, 0.0, -1.0; 10
-8.0, 0.0, -1.0; 11
-7.0, 0.0, -1.0; 3
-6.0, 0.0, -1.0; 25
-5.0, 0.0, -1.0; 1
4.0, 0.0, -1.0; 1
5.0, 0.0, -1.0; 2
6.0, 0.0, -1.0; 3
-10.0, 1.0, -1.0; 1
-9.0, 1.0, -1.0; 6
-8.0, 1.0, -1.0; 7
-7.0, 1.0, -1.0; 6
-6.0, 1.0, -1.0; 1160
-5.0, 1.0, -1.0; 100
4.0, 1.0, -1.0; 2
5.0, 1.0, -1.0; 1
7.0, 1.0, -1.0; 3
-10.0, 2.0, -1.0; 3
-9.0, 2.0, -1.0; 10
-8.0, 2.0, -1.0; 7
-7.0, 2.0, -1.0; 12
-6.0, 2.0, -1.0; 91
-5.0, 2.0, -1.0; 57
4.0, 2.0, -1.0; 2
5.0, 2.0, -1.0; 2
6.0, 2.0, -1.0; 1
-10.0, 3.0, -1.0; 3
-9.0, 3.0, -1.0; 13
-8.0, 3.0, -1.0; 5
-7.0, 3.0, -1.0; 15
-6.0, 3.0, -1.0; 54
-5.0, 3.0, -1.0; 12
-3.0, 3.0, -1.0; 1
2.0, 3.0, -1.0; 1
5.0, 3.0, -1.0; 2
8.0, 3.0, -1.0; 2
-9.0, 4.0, -1.0; 9
-8.0, 4.0, -1.0; 27
-7.0, 4.0, -1.0; 7
-6.0, 4.0, -1.0; 34
-5.0, 4.0, -1.0; 74
-4.0, 4.0, -1.0; 2
-3.0, 4.0, -1.0; 1
-1.0, 4.0, -1.0; 1
0.0, 4.0, -1.0; 1
1.0, 4.0, -1.0; 16
2.0, 4.0, -1.0; 18
3.0, 4.0, -1.0; 2
4.0, 4.0, -1.0; 3
5.0, 4.0, -1.0; 3
7.0, 4.0, -1.0; 1
-9.0, 5.0, -1.0; 3
-8.0, 5.0, -1.0; 22
-7.0, 5.0, -1.0; 19
-6.0, 5.0, -1.0; 7
-5.0, 5.0, -1.0; 27
-4.0, 5.0, -1.0; 53
-3.0, 5.0, -1.0; 40
-2.0, 5.0, -1.0; 4
-1.0, 5.0, -1.0; 35
0.0, 5.0, -1.0; 415
1.0, 5.0, -1.0; 167
2.0, 5.0, -1.0; 15
3.0, 5.0, -1.0; 7
4.0, 5.0, -1.0; 1
5.0, 5.0, -1.0; 4
6.0, 5.0, -1.0; 2
7.0, 5.0, -1.0; 1
8.0, 5.0, -1.0; 2
-8.0, 6.0, -1.0; 8
-7.0, 6.0, -1.0; 81
-6.0, 6.0, -1.0; 358
-5.0, 6.0, -1.0; 54
-4.0, 6.0, -1.0; 13
-3.0, 6.0, -1.0; 29
-2.0, 6.0, -1.0; 54
-1.0, 6.0, -1.0; 69
0.0, 6.0, -1.0; 122
1.0, 6.0, -1.0; 49
2.0, 6.0, -1.0; 3
3.0, 6.0, -1.0; 3
4.0, 6.0, -1.0; 2
5.0, 6.0, -1.0; 2
6.0, 6.0, -1.0; 4
7.0, 6.0, -1.0; 1
-7.0, 7.0, -1.0; 5
-6.0, 7.0, -1.0; 39
-5.0, 7.0, -1.0; 58
-4.0, 7.0, -1.0; 28
-3.0, 7.0, -1.0; 13
-2.0, 7.0, -1.0; 4
-1.0, 7.0, -1.0; 18
0.0, 7.0, -1.0; 38
1.0, 7.0, -1.0; 6
2.0, 7.0, -1.0; 7
3.0, 7.0, -1.0; 4
4.0, 7.0, -1.0; 1
5.0, 7.0, -1.0; 4
6.0, 7.0, -1.0; 1
-6.0, 8.0, -1.0; 1
-5.0, 8.0, -1.0; 7
-4.0, 8.0, -1.0; 16
-3.0, 8.0, -1.0; 16
-2.0, 8.0, -1.0; 11
-1.0, 8.0, -1.0; 7
0.0, 8.0, -1.0; 11
1.0, 8.0, -1.0; 4
2.0, 8.0, -1.0; 8
3.0, 8.0, -1.0; 2
4.0, 8.0, -1.0; 3
5.0, 8.0, -1.0; 1
-4.0, 9.0, -1.0; 2
-3.0, 9.0, -1.0; 5
-2.0, 9.0, -1.0; 9
-1.0, 9.0, -1.0; 12
0.0, 9.0, -1.0; 10
1.0, 9.0, -1.0; 4
2.0, 9.0, -1.0; 4
3.0, 9.0, -1.0; 1
-5.0, -10.0, 0.0; 1
-4.0, -10.0, 0.0; 16
-3.0, -10.0, 0.0; 24
-2.0, -10.0, 0.0; 22
-1.0, -10.0, 0.0; 24
0.0, -10.0, 0.0; 8
1.0, -10.0, 0.0; 11
2.0, -10.0, 0.0; 3
3.0, -10.0, 0.0; 1
-6.0, -9.0, 0.0; 9
-5.0, -9.0, 0.0; 35
-4.0, -9.0, 0.0; 23
-3.0, -9.0, 0.0; 9
-2.0, -9.0, 0.0; 10
-1.0, -9.0, 0.0; 7
0.0, -9.0, 0.0; 17
1.0, -9.0, 0.0; 9
2.0, -9.0, 0.0; 2
3.0, -9.0, 0.0; 2
4.0, -9.0, 0.0; 2
-7.0, -8.0, 0.0; 22
-6.0, -8.0, 0.0; 25
-5.0, -8.0, 0.0; 13
-3.0, -8.0, 0.0; 1
-2.0, -8.0, 0.0; 12
-1.0, -8.0, 0.0; 18
0.0, -8.0, 0.0; 6
1.0, -8.0, 0.0; 9
2.0, -8.0, 0.0; 3
3.0, -8.0, 0.0; 4
4.0, -8.0, 0.0; 1
5.0, -8.0, 0.0; 2
-8.0, -7.0, 0.0; 11
-7.0, -7.0, 0.0; 24
-6.0, -7.0, 0.0; 10
-5.0, -7.0, 0.0; 2
-4.0, -7.0, 0.0; 21
-3.0, -7.0, 0.0; 61
-2.0, -7.0, 0.0; 154
-1.0, -7.0, 0.0; 164
0.0, -7.0, 0.0; 83
1.0, -7.0, 0.0; 15
2.0, -7.0, 0.0; 5
3.0, -7.0, 0.0; 3
4.0, -7.0, 0.0; 4
5.0, -7.0, 0.0; 2
-9.0, -6.0, 0.0; 2
-8.0, -6.0, 0.0; 20
-7.0, -6.0, 0.0; 17
-6.0, -6.0, 0.0; 15
-5.0, -6.0, 0.0; 33
-4.0, -6.0, 0.0; 16
-3.0, -6.0, 0.0; 44
-2.0, -6.0, 0.0; 72
-1.0, -6.0, 0.0; 26
0.0, -6.0, 0.0; 37
1.0, -6.0, 0.0; 32
2.0, -6.0, 0.0; 15
3.0, -6.0, 0.0; 6
4.0, -6.0, 0.0; 1
5.0, -6.0, 0.0; 1
6.0, -6.0, 0.0; 1
8.0, -6.0, 0.0; 1
-9.0, -5.0, 0.0; 8
-8.0, -5.0, 0.0; 30
-7.0, -5.0, 0.0; 8
-6.0, -5.0, 0.0; 93
-5.0, -5.0, 0.0; 5
-4.0, -5.0, 0.0; 14
-3.0, -5.0, 0.0; 23
-2.0, -5.0, 0.0; 4
-1.0, -5.0, 0.0; 2
0.0, -5.0, 0.0; 1
2.0, -5.0, 0.0; 10
3.0, -5.0, 0.0; 4
4.0, -5.0, 0.0; 3
5.0, -5.0, 0.0; 1
6.0, -5.0, 0.0; 1
-10.0, -4.0, 0.0; 1
-9.0, -4.0, 0.0; 11
-8.0, -4.0, 0.0; 19
-7.0, -4.0, 0.0; 19
-6.0, -4.0, 0.0; 36
-5.0, -4.0, 0.0; 14
-4.0, -4.0, 0.0; 5
2.0, -4.0, 0.0; 1
3.0, -4.0, 0.0; 5
4.0, -4.0, 0.0; 3
5.0, -4.0, 0.0; 1
6.0, -4.0, 0.0; 1
8.0, -4.0, 0.0; 1
-10.0, -3.0, 0.0; 4
-9.0, -3.0, 0.0; 12
-8.0, -3.0, 0.0; 15
-7.0, -3.0, 0.0; 2
-6.0, -3.0, 0.0; 18
-5.0, -3.0, 0.0; 14
3.0, -3.0, 0.0; 1
5.0, -3.0, 0.0; 3
6.0, -3.0, 0.0; 1
7.0, -3.0, 0.0; 1
-10.0, -2.0, 0.0; 7
-9.0, -2.0, 0.0; 11
-8.0, -2.0, 0.0; 9
-7.0, -2.0, 0.0; 6
-6.0, -2.0, 0.0; 7
4.0, -2.0, 0.0; 1
5.0, -2.0, 0.0; 1
-10.0, -1.0, 0.0; 9
-9.0, -1.0, 0.0; 7
-8.0, -1.0, 0.0; 20
-7.0, -1.0, 0.0; 13
-6.0, -1.0, 0.0; 12
-5.0, -1.0, 0.0; 3
5.0, -1.0, 0.0; 1
6.0, -1.0, 0.0; 1
-10.0, 0.0, 0.0; 3
-9.0, 0.0, 0.0; 13
-8.0, 0.0, 0.0; 23
-7.0, 0.0, 0.0; 19
-6.0, 0.0, 0.0; 8
-5.0, 0.0, 0.0; 1
5.0
17.0096426546
