4.0, 0.0, 0.0; 2
7.0, 0.0, 0.0; 2
-10.0, 1.0, 0.0; 2
-9.0, 1.0, 0.0; 9
-8.0, 1.0, 0.0; 8
-7.0, 1.0, 0.0; 3
-6.0, 1.0, 0.0; 115
-5.0, 1.0, 0.0; 15
-4.0, 1.0, 0.0; 1
5.0, 1.0, 0.0; 1
6.0, 1.0, 0.0; 1
7.0, 1.0, 0.0; 1
8.0, 1.0, 0.0; 1
-9.0, 2.0, 0.0; 15
-8.0, 2.0, 0.0; 10
-7.0, 2.0, 0.0; 4
-6.0, 2.0, 0.0; 55
-5.0, 2.0, 0.0; 101
-4.0, 2.0, 0.0; 1
-10.0, 3.0, 0.0; 1
-9.0, 3.0, 0.0; 19
-8.0, 3.0, 0.0; 19
-7.0, 3.0, 0.0; 8
-6.0, 3.0, 0.0; 31
-5.0, 3.0, 0.0; 44
-4.0, 3.0, 0.0; 2
2.0, 3.0, 0.0; 1
6.0, 3.0, 0.0; 1
-9.0, 4.0, 0.0; 12
-8.0, 4.0, 0.0; 26
-7.0, 4.0, 0.0; 14
-6.0, 4.0, 0.0; 57
-5.0, 4.0, 0.0; 81
-4.0, 4.0, 0.0; 27
-3.0, 4.0, 0.0; 2
0.0, 4.0, 0.0; 1
1.0, 4.0, 0.0; 7
2.0, 4.0, 0.0; 3
3.0, 4.0, 0.0; 5
4.0, 4.0, 0.0; 3
5.0, 4.0, 0.0; 3
7.0, 4.0, 0.0; 2
8.0, 4.0, 0.0; 1
-9.0, 5.0, 0.0; 3
-8.0, 5.0, 0.0; 27
-7.0, 5.0, 0.0; 17
-6.0, 5.0, 0.0; 4
-5.0, 5.0, 0.0; 39
-4.0, 5.0, 0.0; 132
-3.0, 5.0, 0.0; 70
-2.0, 5.0, 0.0; 19
-1.0, 5.0, 0.0; 58
0.0, 5.0, 0.0; 336
1.0, 5.0, 0.0; 139
2.0, 5.0, 0.0; 6
3.0, 5.0, 0.0; 9
4.0, 5.0, 0.0; 2
5.0, 5.0, 0.0; 5
6.0, 5.0, 0.0; 1
7.0, 5.0, 0.0; 1
-8.0, 6.0, 0.0; 22
-7.0, 6.0, 0.0; 64
-6.0, 6.0, 0.0; 401
-5.0, 6.0, 0.0; 77
-4.0, 6.0, 0.0; 16
-3.0, 6.0, 0.0; 61
-2.0, 6.0, 0.0; 77
-1.0, 6.0, 0.0; 71
0.0, 6.0, 0.0; 53
1.0, 6.0, 0.0; 17
2.0, 6.0, 0.0; 1
3.0, 6.0, 0.0; 3
4.0, 6.0, 0.0; 1
5.0, 6.0, 0.0; 2
-7.0, 7.0, 0.0; 7
-6.0, 7.0, 0.0; 31
-5.0, 7.0, 0.0; 65
-4.0, 7.0, 0.0; 20
-3.0, 7.0, 0.0; 11
-2.0, 7.0, 0.0; 19
-1.0, 7.0, 0.0; 44
0.0, 7.0, 0.0; 15
1.0, 7.0, 0.0; 3
2.0, 7.0, 0.0; 5
3.0, 7.0, 0.0; 4
4.0, 7.0, 0.0; 2
6.0, 7.0, 0.0; 2
-6.0, 8.0, 0.0; 7
-5.0, 8.0, 0.0; 8
-4.0, 8.0, 0.0; 11
-3.0, 8.0, 0.0; 7
-2.0, 8.0, 0.0; 3
-1.0, 8.0, 0.0; 2
0.0, 8.0, 0.0; 3
1.0, 8.0, 0.0; 8
2.0, 8.0, 0.0; 6
3.0, 8.0, 0.0; 3
4.0, 8.0, 0.0; 3
5.0, 8.0, 0.0; 1
-4.0, 9.0, 0.0; 4
-3.0, 9.0, 0.0; 11
-2.0, 9.0, 0.0; 13
-1.0, 9.0, 0.0; 20
0.0, 9.0, 0.0; 13
1.0, 9.0, 0.0; 10
2.0, 9.0, 0.0; 4
-4.0, -10.0, 1.0; 8
-3.0, -10.0, 1.0; 24
-2.0, -10.0, 1.0; 14
-1.0, -10.0, 1.0; 21
0.0, -10.0, 1.0; 6
1.0, -10.0, 1.0; 2
2.0, -10.0, 1.0; 1
-6.0, -9.0, 1.0; 8
-5.0, -9.0, 1.0; 28
-4.0, -9.0, 1.0; 21
-3.0, -9.0, 1.0; 12
-2.0, -9.0, 1.0; 14
-1.0, -9.0, 1.0; 8
0.0, -9.0, 1.0; 5
1.0, -9.0, 1.0; 3
2.0, -9.0, 1.0; 3
3.0, -9.0, 1.0; 1
4.0, -9.0, 1.0; 2
-7.0, -8.0, 1.0; 12
-6.0, -8.0, 1.0; 32
-5.0, -8.0, 1.0; 17
-4.0, -8.0, 1.0; 3
-1.0, -8.0, 1.0; 4
0.0, -8.0, 1.0; 2
1.0, -8.0, 1.0; 1
2.0, -8.0, 1.0; 4
3.0, -8.0, 1.0; 2
4.0, -8.0, 1.0; 4
5.0, -8.0, 1.0; 2
-8.0, -7.0, 1.0; 2
-7.0, -7.0, 1.0; 23
-6.0, -7.0, 1.0; 10
-5.0, -7.0, 1.0; 1
-4.0, -7.0, 1.0; 79
-3.0, -7.0, 1.0; 200
-2.0, -7.0, 1.0; 185
-1.0, -7.0, 1.0; 85
0.0, -7.0, 1.0; 17
1.0, -7.0, 1.0; 6
2.0, -7.0, 1.0; 5
5.0, -7.0, 1.0; 2
7.0, -7.0, 1.0; 1
-8.0, -6.0, 1.0; 18
-7.0, -6.0, 1.0; 24
-6.0, -6.0, 1.0; 3
-5.0, -6.0, 1.0; 204
-4.0, -6.0, 1.0; 228
-3.0, -6.0, 1.0; 107
-2.0, -6.0, 1.0; 60
-1.0, -6.0, 1.0; 56
0.0, -6.0, 1.0; 23
1.0, -6.0, 1.0; 7
2.0, -6.0, 1.0; 11
3.0, -6.0, 1.0; 3
4.0, -6.0, 1.0; 2
5.0, -6.0, 1.0; 1
6.0, -6.0, 1.0; 2
8.0, -6.0, 1.0; 1
-9.0, -5.0, 1.0; 8
-8.0, -5.0, 1.0; 35
-7.0, -5.0, 1.0; 12
-6.0, -5.0, 1.0; 110
-5.0, -5.0, 1.0; 130
-4.0, -5.0, 1.0; 8
-3.0, -5.0, 1.0; 6
-2.0, -5.0, 1.0; 4
0.0, -5.0, 1.0; 4
1.0, -5.0, 1.0; 4
2.0, -5.0, 1.0; 2
3.0, -5.0, 1.0; 2
4.0, -5.0, 1.0; 3
6.0, -5.0, 1.0; 1
8.0, -5.0, 1.0; 2
-10.0, -4.0, 1.0; 1
-9.0, -4.0, 1.0; 10
-8.0, -4.0, 1.0; 33
-7.0, -4.0, 1.0; 5
-6.0, -4.0, 1.0; 67
-5.0, -4.0, 1.0; 13
-4.0, -4.0, 1.0; 2
3.0, -4.0, 1.0; 2
-9.0, -3.0, 1.0; 12
-8.0, -3.0, 1.0; 19
-7.0, -3.0, 1.0; 2
-6.0, -3.0, 1.0; 10
-5.0, -3.0, 1.0; 1
7.0, -3.0, 1.0; 1
8.0, -3.0, 1.0; 1
-10.0, -2.0, 1.0; 4
-9.0, -2.0, 1.0; 7
-8.0, -2.0, 1.0; 16
-7.0, -2.0, 1.0; 7
-6.0, -2.0, 1.0; 12
-5.0, -2.0, 1.0; 17
3.0, -2.0, 1.0; 1
5.0, -2.0, 1.0; 2
-10.0, -1.0, 1.0; 6
-9.0, -1.0, 1.0; 4
-8.0, -1.0, 1.0; 17
-7.0, -1.0, 1.0; 11
-6.0, -1.0, 1.0; 11
-5.0, -1.0, 1.0; 3
4.0, -1.0, 1.0; 1
-10.0, 0.0, 1.0; 1
-9.0, 0.0, 1.0; 5
-8.0, 0.0, 1.0; 22
-7.0, 0.0, 1.0; 18
-6.0, 0.0, 1.0; 9
-5.0, 0.0, 1.0; 4
4.0, 0.0, 1.0; 2
6.0, 0.0, 1.0; 1
-10.0, 1.0, 1.0; 1
-9.0, 1.0, 1.0; 8
-8.0, 1.0, 1.0; 13
-7.0, 1.0, 1.0; 12
-6.0, 1.0, 1.0; 16
-5.0, 1.0, 1.0; 21
-4.0, 1.0, 1.0; 1
4.0, 1.0, 1.0; 1
6.0, 1.0, 1.0; 3
8.0, 1.0, 1.0; 1
-9.0, 2.0, 1.0; 14
-8.0, 2.0, 1.0; 13
-7.0, 2.0, 1.0; 4
-6.0, 2.0, 1.0; 19
-5.0, 2.0, 1.0; 60
-4.0, 2.0, 1.0; 3
2.0, 2.0, 1.0; 1
3.0, 2.0, 1.0; 2
4.0, 2.0, 1.0; 1
8.0, 2.0, 1.0; 1
-10.0, 3.0, 1.0; 1
-9.0, 3.0, 1.0; 11
-8.0, 3.0, 1.0; 24
-7.0, 3.0, 1.0; 13
-6.0, 3.0, 1.0; 12
-5.0, 3.0, 1.0; 25
-4.0, 3.0, 1.0; 12
-3.0, 3.0, 1.0; 1
1.0, 3.0, 1.0; 1
3.0, 3.0, 1.0; 1
4.0, 3.0, 1.0; 2
5.0, 3.0, 1.0; 2
6.0, 3.0, 1.0; 2
7.0, 3.0, 1.0; 1
-9.0, 4.0, 1.0; 5
-8.0, 4.0, 1.0; 32
-7.0, 4.0, 1.0; 29
-6.0, 4.0, 1.0; 55
-5.0, 4.0, 1.0; 51
-4.0, 4.0, 1.0; 37
-3.0, 4.0, 1.0; 24
-2.0, 4.0, 1.0; 3
-1.0, 4.0, 1.0; 5
0.0, 4.0, 1.0; 4
1.0, 4.0, 1.0; 4
2.0, 4.0, 1.0; 1
3.0, 4.0, 1.0; 3
4.0, 4.0, 1.0; 12
-9.0, 5.0, 1.0; 2
-8.0, 5.0, 1.0; 17
-7.0, 5.0, 1.0; 24
-6.0, 5.0, 1.0; 12
-5.0, 5.0, 1.0; 35
-4.0, 5.0, 1.0; 129
-3.0, 5.0, 1.0; 696
-2.0, 5.0, 1.0; 307
-1.0, 5.0, 1.0; 62
0.0, 5.0, 1.0; 239
1.0, 5.0, 1.0; 62
2.0, 5.0, 1.0; 2
3.0, 5.0, 1.0; 7
4.0, 5.0, 1.0; 2
6.0, 5.0, 1.0; 1
-8.0, 6.0, 1.0; 10
-7.0, 6.0, 1.0; 34
-6.0, 6.0, 1.0; 49
-5.0, 6.0, 1.0; 18
-4.0, 6.0, 1.0; 30
-3.0, 6.0, 1.0; 58
-2.0, 6.0, 1.0; 52
-1.0, 6.0, 1.0; 23
0.0, 6.0, 1.0; 6
1.0, 6.0, 1.0; 1
2.0, 6.0, 1.0; 2
4.0, 6.0, 1.0; 2
5.0, 6.0, 1.0; 1
6.0, 6.0, 1.0; 1
-7.0, 7.0, 1.0; 9
-6.0, 7.0, 1.0; 24
-5.0, 7.0, 1.0; 19
-4.0, 7.0, 1.0; 2
-3.0, 7.0, 1.0; 6
-2.0, 7.0, 1.0; 12
-1.0, 7.0, 1.0; 10
0.0, 7.0, 1.0; 5
1.0, 7.0, 1.0; 5
2.0, 7.0, 1.0; 6
3.0, 7.0, 1.0; 2
4.0, 7.0, 1.0; 2
5.0, 7.0, 1.0; 3
-6.0, 8.0, 1.0; 4
-5.0, 8.0, 1.0; 5
-4.0, 8.0, 1.0; 20
-3.0, 8.0, 1.0; 10
-2.0, 8.0, 1.0; 2
-1.0, 8.0, 1.0; 11
0.0, 8.0, 1.0; 6
1.0, 8.0, 1.0; 4
2.0, 8.0, 1.0; 6
3.0, 8.0, 1.0; 1
4.0, 8.0, 1.0; 1
-4.0, 9.0, 1.0; 6
-3.0, 9.0, 1.0; 8
-2.0, 9.0, 1.0; 14
-1.0, 9.0, 1.0; 15
0.0, 9.0, 1.0; 11
1.0, 9.0, 1.0; 6
2.0, 9.0, 1.0; 2
-4.0, -10.0, 2.0; 3
-3.0, -10.0, 2.0; 4
-2.0, -10.0, 2.0; 10
-1.0, -10.0, 2.0; 3
0.0, -10.0, 2.0; 2
2.0, -10.0, 2.0; 2
-6.0, -9.0, 2.0; 1
-5.0, -9.0, 2.0; 14
-4.0, -9.0, 2.0; 22
-3.0, -9.0, 2.0; 19
-2.0, -9.0, 2.0; 14
-1.0, -9.0, 2.0; 18
0.0, -9.0, 2.0; 7
1.0, -9.0, 2.0; 7
2.0, -9.0, 2.0; 3
3.0, -9.0, 2.0; 2
-7.0, -8.0, 2.0; 7
-6.0, -8.0, 2.0; 20
-5.0, -8.0, 2.0; 19
-4.0, -8.0, 2.0; 13
-3.0, -8.0, 2.0; 9
-2.0, -8.0, 2.0; 6
-1.0, -8.0, 2.0; 5
0.0, -8.0, 2.0; 9
1.0, -8.0, 2.0; 4
2.0, -8.0, 2.0; 2
5.0, -8.0, 2.0; 3
-8.0, -7.0, 2.0; 1
-7.0, -7.0, 2.0; 15
-6.0, -7.0, 2.0; 25
-5.0, -7.0, 2.0; 6
-4.0, -7.0, 2.0; 2
-3.0, -7.0, 2.0; 15
-2.0, -7.0, 2.0; 9
-1.0, -7.0, 2.0; 7
0.0, -7.0, 2.0; 4
1.0, -7.0, 2.0; 3
2.0, -7.0, 2.0; 8
3.0, -7.0, 2.0; 2
4.0, -7.0, 2.0; 1
6.0, -7.0, 2.0; 3
-8.0, -6.0, 2.0; 6
-7.0, -6.0, 2.0; 22
-6.0, -6.0, 2.0; 14
-5.0, -6.0, 2.0; 9
-4.0, -6.0, 2.0; 123
-3.0, -6.0, 2.0; 167
-2.0, -6.0, 2.0; 66
-1.0, -6.0, 2.0; 13
0.0, -6.0, 2.0; 6
1.0, -6.0, 2.0; 5
2.0, -6.0, 2.0; 8
4.0, -6.0, 2.0; 1
6.0, -6.0, 2.0; 1
7.0, -6.0, 2.0; 2
-9.0, -5.0, 2.0; 2
-8.0, -5.0, 2.0; 9
-7.0, -5.0, 2.0; 22
-6.0, -5.0, 2.0; 2
-5.0, -5.0, 2.0; 77
-4.0, -5.0, 2.0; 94
-3.0, -5.0, 2.0; 22
-2.0, -5.0, 2.0; 2
-1.0, -5.0, 2.0; 1
0.0, -5.0, 2.0; 4
1.0, -5.0, 2.0; 5
2.0, -5.0, 2.0; 2
3.0, -5.0, 2.0; 4
4.0, -5.0, 2.0; 2
6.0, -5.0, 2.0; 1
8.0, -5.0, 2.0; 1
-9.0, -4.0, 2.0; 6
-8.0, -4.0, 2.0; 15
-7.0, -4.0, 2.0; 30
-6.0, -4.0, 2.0; 6
-5.0, -4.0, 2.0; 32
-4.0, -4.0, 2.0; 5
-3.0, -4.0, 2.0; 2
0.0, -4.0, 2.0; 1
2.0, -4.0, 2.0; 3
3.0, -4.0, 2.0; 4
4.0, -4.0, 2.0; 2
5.0, -4.0, 2.0; 2
6.0, -4.0, 2.0; 1
-9.0, -3.0, 2.0; 4
-8.0, -3.0, 2.0; 24
-7.0, -3.0, 2.0; 12
-6.0, -3.0, 2.0; 4
-5.0, -3.0, 2.0; 5
-4.0, -3.0, 2.0; 7
-3.0, -3.0, 2.0; 1
2.0, -3.0, 2.0; 2
3.0, -3.0, 2.0; 3
4.0, -3.0, 2.0; 1
6.0, -3.0, 2.0; 1
8.0, -3.0, 2.0; 1
-10.0, -2.0, 2.0; 2
-9.0, -2.0, 2.0; 4
-8.0, -2.0, 2.0; 11
-7.0, -2.0, 2.0; 15
-6.0, -2.0, 2.0; 10
-5.0, -2.0, 2.0; 11
-4.0, -2.0, 2.0; 3
-2.0, -2.0, 2.0; 1
2.0, -2.0, 2.0; 1
4.0, -2.0, 2.0; 1
-10.0, -1.0, 2.0; 1
-9.0, -1.0, 2.0; 5
-8.0, -1.0, 2.0; 7
-7.0, -1.0, 2.0; 7
-6.0, -1.0, 2.0; 12
-5.0, -1.0, 2.0; 6
7.0, -1.0, 2.0; 2
-10.0, 0.0, 2.0; 2
-9.0, 0.0, 2.0; 2
-8.0, 0.0, 2.0; 19
-7.0, 0.0, 2.0; 13
-6.0, 0.0, 2.0; 23
-5.0, 0.0, 2.0; 13
-4.0, 0.0, 2.0; 1
4.0, 0.0, 2.0; 1
-10.0, 1.0, 2.0; 1
-9.0, 1.0, 2.0; 2
-8.0, 1.0, 2.0; 7
-7.0, 1.0, 2.0; 6
-6.0, 1.0, 2.0; 10
-5.0, 1.0, 2.0; 184
-4.0, 1.0, 2.0; 136
3.0, 1.0, 2.0; 2
-10.0, 2.0, 2.0; 1
-9.0, 2.0, 2.0; 6
-8.0, 2.0, 2.0; 20
-7.0, 2.0, 2.0; 9
-6.0, 2.0, 2.0; 4
-5.0, 2.0, 2.0; 218
-4.0, 2.0, 2.0; 645
-3.0, 2.0, 2.0; 13
3.0, 2.0, 2.0; 2
4.0, 2.0, 2.0; 2
5.0, 2.0, 2.0; 3
6.0, 2.0, 2.0; 1
7.0, 2.0, 2.0; 1
-9.0, 3.0, 2.0; 2
-8.0, 3.0, 2.0; 9
-7.0, 3.0, 2.0; 21
-6.0, 3.0, 2.0; 11
-5.0, 3.0, 2.0; 20
-4.0, 3.0, 2.0; 42
-3.0, 3.0, 2.0; 14
-2.0, 3.0, 2.0; 1
-1.0, 3.0, 2.0; 5
0.0, 3.0, 2.0; 2
1.0, 3.0, 2.0; 7
2.0, 3.0, 2.0; 2
3.0, 3.0, 2.0; 2
4.0, 3.0, 2.0; 6
5.0, 3.0, 2.0; 4
6.0, 3.0, 2.0; 1
-9.0, 4.0, 2.0; 6
-8.0, 4.0, 2.0; 13
-7.0, 4.0, 2.0; 34
-6.0, 4.0, 2.0; 16
-5.0, 4.0, 2.0; 17
-4.0, 4.0, 2.0; 26
-3.0, 4.0, 2.0; 43
-2.0, 4.0, 2.0; 44
-1.0, 4.0, 2.0; 38
0.0, 4.0, 2.0; 23
1.0, 4.0, 2.0; 10
2.0, 4.0, 2.0; 6
3.0, 4.0, 2.0; 1
4.0, 4.0, 2.0; 9
-9.0, 5.0, 2.0; 2
-8.0, 5.0, 2.0; 11
-7.0, 5.0, 2.0; 11
-6.0, 5.0, 2.0; 8
-5.0, 5.0, 2.0; 18
-4.0, 5.0, 2.0; 28
-3.0, 5.0, 2.0; 115
-2.0, 5.0, 2.0; 141
-1.0, 5.0, 2.0; 25
0.0, 5.0, 2.0; 33
1.0, 5.0, 2.0; 4
2.0, 5.0, 2.0; 3
3.0, 5.0, 2.0; 2
7.0, 5.0, 2.0; 1
-8.0, 6.0, 2.0; 7
-7.0, 6.0, 2.0; 11
-6.0, 6.0, 2.0; 14
-5.0, 6.0, 2.0; 8
-4.0, 6.0, 2.0; 10
-3.0, 6.0, 2.0; 9
-2.0, 6.0, 2.0; 5
-1.0, 6.0, 2.0; 4
0.0, 6.0, 2.0; 1
1.0, 6.0, 2.0; 2
2.0, 6.0, 2.0; 5
3.0, 6.0, 2.0; 2
4.0, 6.0, 2.0; 1
5.0, 6.0, 2.0; 3
6.0, 6.0, 2.0; 2
-7.0, 7.0, 2.0; 1
-6.0, 7.0, 2.0; 13
-5.0, 7.0, 2.0; 13
-4.0, 7.0, 2.0; 15
-3.0, 7.0, 2.0; 12
-2.0, 7.0, 2.0; 4
-1.0, 7.0, 2.0; 4
0.0, 7.0, 2.0; 8
1.0, 7.0, 2.0; 5
2.0, 7.0, 2.0; 5
3.0, 7.0, 2.0; 2
4.0, 7.0, 2.0; 1
5.0, 7.0, 2.0; 3
6.0, 7.0, 2.0; 1
-5.0, 8.0, 2.0; 9
-4.0, 8.0, 2.0; 14
-3.0, 8.0, 2.0; 11
-2.0, 8.0, 2.0; 8
-1.0, 8.0, 2.0; 9
0.0, 8.0, 2.0; 9
1.0, 8.0, 2.0; 7
2.0, 8.0, 2.0; 4
3.0, 8.0, 2.0; 2
-4.0, 9.0, 2.0; 2
-3.0, 9.0, 2.0; 1
-2.0, 9.0, 2.0; 4
-1.0, 9.0, 2.0; 8
0.0, 9.0, 2.0; 1
1.0, 9.0, 2.0; 1
2.0, 9.0, 2.0; 1
-3.0, -10.0, 3.0; 1
-1.0, -10.0, 3.0; 2
-5.0, -9.0, 3.0; 2
-4.0, -9.0, 3.0; 7
-3.0, -9.0, 3.0; 10
-2.0, -9.0, 3.0; 9
-1.0, -9.0, 3.0; 8
0.0, -9.0, 3.0; 4
1.0, -9.0, 3.0; 3
2.0, -9.0, 3.0; 3
3.0, -9.0, 3.0; 1
4.0, -9.0, 3.0; 1
-7.0, -8.0, 3.0; 1
-6.0, -8.0, 3.0; 14
-5.0, -8.0, 3.0; 18
-4.0, -8.0, 3.0; 25
-3.0, -8.0, 3.0; 13
-2.0, -8.0, 3.0; 9
-1.0, -8.0, 3.0; 5
0.0, -8.0, 3.0; 6
1.0, -8.0, 3.0; 4
2.0, -8.0, 3.0; 1
3.0, -8.0, 3.0; 1
4.0, -8.0, 3.0; 1
-8.0, -7.0, 3.0; 1
-7.0, -7.0, 3.0; 4
-6.0, -7.0, 3.0; 11
-5.0, -7.0, 3.0; 17
-4.0, -7.0, 3.0; 6
-3.0, -7.0, 3.0; 12
-2.0, -7.0, 3.0; 5
-1.0, -7.0, 3.0; 2
0.0, -7.0, 3.0; 3
1.0, -7.0, 3.0; 1
2.0, -7.0, 3.0; 1
4.0, -7.0, 3.0; 1
5.0, -7.0, 3.0; 2
-8.0, -6.0, 3.0; 4
-7.0, -6.0, 3.0; 4
-6.0, -6.0, 3.0; 16
-5.0, -6.0, 3.0; 10
-4.0, -6.0, 3.0; 10
-3.0, -6.0, 3.0; 1
-1.0, -6.0, 3.0; 2
0.0, -6.0, 3.0; 5
1.0, -6.0, 3.0; 6
2.0, -6.0, 3.0; 2
5.0, -6.0, 3.0; 1
7.0, -6.0, 3.0; 1
-9.0, -5.0, 3.0; 1
-8.0, -5.0, 3.0; 3
-7.0, -5.0, 3.0; 11
-6.0, -5.0, 3.0; 24
-5.0, -5.0, 3.0; 6
-4.0, -5.0, 3.0; 6
-3.0, -5.0, 3.0; 5
-2.0, -5.0, 3.0; 3
-1.0, -5.0, 3.0; 3
0.0, -5.0, 3.0; 3
1.0, -5.0, 3.0; 5
2.0, -5.0, 3.0; 2
4.0, -5.0, 3.0; 1
-9.0, -4.0, 3.0; 1
-8.0, -4.0, 3.0; 3
-7.0, -4.0, 3.0; 18
-6.0, -4.0, 3.0; 25
-5.0, -4.0, 3.0; 5
-4.0, -4.0, 3.0; 1
-3.0, -4.0, 3.0; 4
-2.0, -4.0, 3.0; 6
-1.0, -4.0, 3.0; 5
0.0, -4.0, 3.0; 2
1.0, -4.0, 3.0; 3
2.0, -4.0, 3.0; 1
5.0, -4.0, 3.0; 1
-10.0, -3.0, 3.0; 1
-9.0, -3.0, 3.0; 8
-8.0, -3.0, 3.0; 9
-7.0, -3.0, 3.0; 22
-6.0, -3.0, 3.0; 20
-5.0, -3.0, 3.0; 6
-4.0, -3.0, 3.0; 7
-3.0, -3.0, 3.0; 9
-2.0, -3.0, 3.0; 8
-1.0, -3.0, 3.0; 1
0.0, -3.0, 3.0; 3
1.0, -3.0, 3.0; 1
2.0, -3.0, 3.0; 1
3.0, -3.0, 3.0; 1
4.0, -3.0, 3.0; 1
8.0, -3.0, 3.0; 1
-10.0, -2.0, 3.0; 3
-9.0, -2.0, 3.0; 5
-8.0, -2.0, 3.0; 7
-7.0, -2.0, 3.0; 8
-6.0, -2.0, 3.0; 37
-5.0, -2.0, 3.0; 15
-4.0, -2.0, 3.0; 4
-3.0, -2.0, 3.0; 3
-1.0, -2.0, 3.0; 1
0.0, -2.0, 3.0; 2
1.0, -2.0, 3.0; 1
2.0, -2.0, 3.0; 1
5.0, -2.0, 3.0; 3
-10.0, -1.0, 3.0; 1
-9.0, -1.0, 3.0; 11
-8.0, -1.0, 3.0; 2
-7.0, -1.0, 3.0; 8
-6.0, -1.0, 3.0; 6
-5.0, -1.0, 3.0; 9
-4.0, -1.0, 3.0; 6
-3.0, -1.0, 3.0; 5
-2.0, -1.0, 3.0; 6
-1.0, -1.0, 3.0; 2
0.0, -1.0, 3.0; 2
1.0, -1.0, 3.0; 1
2.0, -1.0, 3.0; 1
3.0, -1.0, 3.0; 3
4.0, -1.0, 3.0; 1
5.0, -1.0, 3.0; 1
6.0, -1.0, 3.0; 1
-10.0, 0.0, 3.0; 3
-9.0, 0.0, 3.0; 9
-8.0, 0.0, 3.0; 6
-7.0, 0.0, 3.0; 8
-6.0, 0.0, 3.0; 15
-5.0, 0.0, 3.0; 6
-4.0, 0.0, 3.0; 1
-3.0, 0.0, 3.0; 3
-2.0, 0.0, 3.0; 1
-1.0, 0.0, 3.0; 1
1.0, 0.0, 3.0; 1
2.0, 0.0, 3.0; 1
3.0, 0.0, 3.0; 2
-10.0, 1.0, 3.0; 1
-9.0, 1.0, 3.0; 3
-8.0, 1.0, 3.0; 7
-7.0, 1.0, 3.0; 7
-6.0, 1.0, 3.0; 8
-5.0, 1.0, 3.0; 19
-4.0, 1.0, 3.0; 87
-3.0, 1.0, 3.0; 23
-2.0, 1.0, 3.0; 2
-1.0, 1.0, 3.0; 1
0.0, 1.0, 3.0; 1
1.0, 1.0, 3.0; 3
2.0, 1.0, 3.0; 1
3.0, 1.0, 3.0; 1
4.0, 1.0, 3.0; 2
-9.0, 2.0, 3.0; 8
-8.0, 2.0, 3.0; 8
-7.0, 2.0, 3.0; 17
-6.0, 2.0, 3.0; 10
-5.0, 2.0, 3.0; 7
-4.0, 2.0, 3.0; 154
-3.0, 2.0, 3.0; 63
-2.0, 2.0, 3.0; 3
-1.0, 2.0, 3.0; 3
0.0, 2.0, 3.0; 3
1.0, 2.0, 3.0; 2
2.0, 2.0, 3.0; 1
4.0, 2.0, 3.0; 3
6.0, 2.0, 3.0; 1
-9.0, 3.0, 3.0; 2
-8.0, 3.0, 3.0; 12
-7.0, 3.0, 3.0; 21
-6.0, 3.0, 3.0; 18
-5.0, 3.0, 3.0; 8
-4.0, 3.0, 3.0; 13
-3.0, 3.0, 3.0; 27
-2.0, 3.0, 3.0; 19
-1.0, 3.0, 3.0; 9
0.0, 3.0, 3.0; 5
1.0, 3.0, 3.0; 10
2.0, 3.0, 3.0; 8
3.0, 3.0, 3.0; 6
5.0, 3.0, 3.0; 1
7.0, 3.0, 3.0; 1
-8.0, 4.0, 3.0; 5
-7.0, 4.0, 3.0; 10
-6.0, 4.0, 3.0; 9
-5.0, 4.0, 3.0; 11
-4.0, 4.0, 3.0; 9
-3.0, 4.0, 3.0; 6
-2.0, 4.0, 3.0; 23
-1.0, 4.0, 3.0; 11
0.0, 4.0, 3.0; 2
1.0, 4.0, 3.0; 2
2.0, 4.0, 3.0; 1
3.0, 4.0, 3.0; 4
4.0, 4.0, 3.0; 1
5.0, 4.0, 3.0; 1
-8.0, 5.0, 3.0; 7
-7.0, 5.0, 3.0; 13
-6.0, 5.0, 3.0; 13
-5.0, 5.0, 3.0; 11
-4.0, 5.0, 3.0; 9
-3.0, 5.0, 3.0; 6
-2.0, 5.0, 3.0; 2
-1.0, 5.0, 3.0; 2
1.0, 5.0, 3.0; 1
2.0, 5.0, 3.0; 4
3.0, 5.0, 3.0; 2
4.0, 5.0, 3.0; 3
5.0, 5.0, 3.0; 2
6.0, 5.0, 3.0; 1
-8.0, 6.0, 3.0; 1
-7.0, 6.0, 3.0; 5
-6.0, 6.0, 3.0; 16
-5.0, 6.0, 3.0; 5
-4.0, 6.0, 3.0; 10
-3.0, 6.0, 3.0; 5
-2.0, 6.0, 3.0; 1
-1.0, 6.0, 3.0; 1
0.0, 6.0, 3.0; 2
1.0, 6.0, 3.0; 1
2.0, 6.0, 3.0; 2
3.0, 6.0, 3.0; 1
4.0, 6.0, 3.0; 1
5.0, 6.0, 3.0; 2
-7.0, 7.0, 3.0; 1
-6.0, 7.0, 3.0; 5
-5.0, 7.0, 3.0; 6
-4.0, 7.0, 3.0; 10
-3.0, 7.0, 3.0; 14
-2.0, 7.0, 3.0; 9
-1.0, 7.0, 3.0; 5
0.0, 7.0, 3.0; 4
1.0, 7.0, 3.0; 4
3.0, 7.0, 3.0; 1
4.0, 7.0, 3.0; 2
5.0, 7.0, 3.0; 1
-5.0, 8.0, 3.0; 1
-4.0, 8.0, 3.0; 14
-3.0, 8.0, 3.0; 10
-2.0, 8.0, 3.0; 4
-1.0, 8.0, 3.0; 7
0.0, 8.0, 3.0; 6
1.0, 8.0, 3.0; 2
2.0, 8.0, 3.0; 2
-2.0, 9.0, 3.0; 2
-1.0, 9.0, 3.0; 3
0.0, 9.0, 3.0; 1
1.0, 9.0, 3.0; 1
-1.0, -10.0, 4.0; 1
-4.0, -9.0, 4.0; 1
-3.0, -9.0, 4.0; 4
-2.0, -9.0, 4.0; 1
-1.0, -9.0, 4.0; 6
1.0, -9.0, 4.0; 2
-6.0, -8.0, 4.0; 4
-5.0, -8.0, 4.0; 4
-4.0, -8.0, 4.0; 8
-3.0, -8.0, 4.0; 8
-2.0, -8.0, 4.0; 6
-1.0, -8.0, 4.0; 2
0.0, -8.0, 4.0; 2
1.0, -8.0, 4.0; 2
2.0, -8.0, 4.0; 3
4.0, -8.0, 4.0; 1
-7.0, -7.0, 4.0; 3
-6.0, -7.0, 4.0; 10
-5.0, -7.0, 4.0; 15
-4.0, -7.0, 4.0; 16
-3.0, -7.0, 4.0; 5
-2.0, -7.0, 4.0; 20
-1.0, -7.0, 4.0; 9
0.0, -7.0, 4.0; 7
1.0, -7.0, 4.0; 2
-7.0, -6.0, 4.0; 5
-6.0, -6.0, 4.0; 10
-5.0, -6.0, 4.0; 9
-4.0, -6.0, 4.0; 20
-3.0, -6.0, 4.0; 8
-2.0, -6.0, 4.0; 11
-1.0, -6.0, 4.0; 11
0.0, -6.0, 4.0; 6
1.0, -6.0, 4.0; 1
2.0, -6.0, 4.0; 2
-8.0, -5.0, 4.0; 2
-7.0, -5.0, 4.0; 3
-6.0, -5.0, 4.0; 9
-5.0, -5.0, 4.0; 24
-4.0, -5.0, 4.0; 12
-3.0, -5.0, 4.0; 11
-2.0, -5.0, 4.0; 4
-1.0, -5.0, 4.0; 9
0.0, -5.0, 4.0; 2
1.0, -5.0, 4.0; 1
6.0, -5.0, 4.0; 1
-8.0, -4.0, 4.0; 3
-7.0, -4.0, 4.0; 7
-6.0, -4.0, 4.0; 23
-5.0, -4.0, 4.0; 22
-4.0, -4.0, 4.0; 7
-3.0, -4.0, 4.0; 5
-2.0, -4.0, 4.0; 9
-1.0, -4.0, 4.0; 6
0.0, -4.0, 4.0; 2
1.0, -4.0, 4.0; 2
2.0, -4.0, 4.0; 4
6.0, -4.0, 4.0; 1
-9.0, -3.0, 4.0; 1
-8.0, -3.0, 4.0; 3
-7.0, -3.0, 4.0; 13
-6.0, -3.0, 4.0; 11
-5.0, -3.0, 4.0; 24
-4.0, -3.0, 4.0; 10
-3.0, -3.0, 4.0; 15
-2.0, -3.0, 4.0; 7
-1.0, -3.0, 4.0; 5
0.0, -3.0, 4.0; 2
1.0, -3.0, 4.0; 1
2.0, -3.0, 4.0; 1
3.0, -3.0, 4.0; 1
-9.0, -2.0, 4.0; 3
-8.0, -2.0, 4.0; 2
-7.0, -2.0, 4.0; 3
-6.0, -2.0, 4.0; 13
-5.0, -2.0, 4.0; 8
-4.0, -2.0, 4.0; 9
-3.0, -2.0, 4.0; 9
-2.0, -2.0, 4.0; 7
-1.0, -2.0, 4.0; 8
0.0, -2.0, 4.0; 10
1.0, -2.0, 4.0; 2
2.0, -2.0, 4.0; 1
6.0, -2.0, 4.0; 1
-10.0, -1.0, 4.0; 1
-9.0, -1.0, 4.0; 3
-8.0, -1.0, 4.0; 2
-7.0, -1.0, 4.0; 3
-6.0, -1.0, 4.0; 6
-5.0, -1.0, 4.0; 2
-4.0, -1.0, 4.0; 3
-3.0, -1.0, 4.0; 8
-2.0, -1.0, 4.0; 10
-1.0, -1.0, 4.0; 13
0.0, -1.0, 4.0; 6
1.0, -1.0, 4.0; 4
2.0, -1.0, 4.0; 1
-9.0, 0.0, 4.0; 6
-8.0, 0.0, 4.0; 6
-7.0, 0.0, 4.0; 2
-5.0, 0.0, 4.0; 2
-4.0, 0.0, 4.0; 7
-3.0, 0.0, 4.0; 8
-2.0, 0.0, 4.0; 2
-1.0, 0.0, 4.0; 1
0.0, 0.0, 4.0; 4
1.0, 0.0, 4.0; 2
2.0, 0.0, 4.0; 1
6.0, 0.0, 4.0; 1
-9.0, 1.0, 4.0; 7
-8.0, 1.0, 4.0; 10
-7.0, 1.0, 4.0; 7
-6.0, 1.0, 4.0; 4
-5.0, 1.0, 4.0; 5
-4.0, 1.0, 4.0; 11
-3.0, 1.0, 4.0; 11
-2.0, 1.0, 4.0; 1
-1.0, 1.0, 4.0; 4
0.0, 1.0, 4.0; 4
1.0, 1.0, 4.0; 2
2.0, 1.0, 4.0; 1
3.0, 1.0, 4.0; 1
6.0, 1.0, 4.0; 1
-9.0, 2.0, 4.0; 4
-8.0, 2.0, 4.0; 6
-7.0, 2.0, 4.0; 8
-6.0, 2.0, 4.0; 17
-5.0, 2.0, 4.0; 4
-4.0, 2.0, 4.0; 7
-3.0, 2.0, 4.0; 4
-2.0, 2.0, 4.0; 1
-1.0, 2.0, 4.0; 5
0.0, 2.0, 4.0; 12
1.0, 2.0, 4.0; 6
2.0, 2.0, 4.0; 2
-9.0, 3.0, 4.0; 1
-8.0, 3.0, 4.0; 5
-7.0, 3.0, 4.0; 7
-6.0, 3.0, 4.0; 14
-5.0, 3.0, 4.0; 4
-4.0, 3.0, 4.0; 1
-3.0, 3.0, 4.0; 8
-2.0, 3.0, 4.0; 3
-1.0, 3.0, 4.0; 7
0.0, 3.0, 4.0; 9
1.0, 3.0, 4.0; 9
2.0, 3.0, 4.0; 3
3.0, 3.0, 4.0; 3
-8.0, 4.0, 4.0; 3
-7.0, 4.0, 4.0; 2
-6.0, 4.0, 4.0; 8
-5.0, 4.0, 4.0; 14
-4.0, 4.0, 4.0; 8
-3.0, 4.0, 4.0; 1
-2.0, 4.0, 4.0; 1
-1.0, 4.0, 4.0; 1
0.0, 4.0, 4.0; 3
2.0, 4.0, 4.0; 1
3.0, 4.0, 4.0; 2
4.0, 4.0, 4.0; 3
5.0, 4.0, 4.0; 1
-7.0, 5.0, 4.0; 5
-6.0, 5.0, 4.0; 4
-5.0, 5.0, 4.0; 6
-4.0, 5.0, 4.0; 11
-3.0, 5.0, 4.0; 1
-2.0, 5.0, 4.0; 1
-1.0, 5.0, 4.0; 3
0.0, 5.0, 4.0; 2
1.0, 5.0, 4.0; 1
2.0, 5.0, 4.0; 1
-6.0, 6.0, 4.0; 3
-5.0, 6.0, 4.0; 9
-4.0, 6.0, 4.0; 7
-3.0, 6.0, 4.0; 3
-2.0, 6.0, 4.0; 11
-1.0, 6.0, 4.0; 7
0.0, 6.0, 4.0; 7
1.0, 6.0, 4.0; 3
2.0, 6.0, 4.0; 2
4.0, 6.0, 4.0; 1
-5.0, 7.0, 4.0; 5
-4.0, 7.0, 4.0; 9
-3.0, 7.0, 4.0; 3
-2.0, 7.0, 4.0; 3
-1.0, 7.0, 4.0; 6
0.0, 7.0, 4.0; 3
1.0, 7.0, 4.0; 2
2.0, 7.0, 4.0; 1
3.0, 7.0, 4.0; 1
-4.0, 8.0, 4.0; 2
-3.0, 8.0, 4.0; 2
-2.0, 8.0, 4.0; 1
-1.0, 8.0, 4.0; 2
0.0, 8.0, 4.0; 1
-3.0, -9.0, 5.0; 1
-4.0, -8.0, 5.0; 2
-3.0, -8.0, 5.0; 2
-2.0, -8.0, 5.0; 2
-1.0, -8.0, 5.0; 1
3.0, -8.0, 5.0; 1
-6.0, -7.0, 5.0; 1
-5.0, -7.0, 5.0; 5
-4.0, -7.0, 5.0; 6
-3.0, -7.0, 5.0; 4
-2.0, -7.0, 5.0; 2
-1.0, -7.0, 5.0; 4
0.0, -7.0, 5.0; 3
1.0, -7.0, 5.0; 2
2.0, -7.0, 5.0; 1
3.0, -7.0, 5.0; 1
-7.0, -6.0, 5.0; 1
-6.0, -6.0, 5.0; 5
-5.0, -6.0, 5.0; 5
-4.0, -6.0, 5.0; 6
-3.0, -6.0, 5.0; 6
-2.0, -6.0, 5.0; 4
-1.0, -6.0, 5.0; 3
0.0, -6.0, 5.0; 2
1.0, -6.0, 5.0; 2
2.0, -6.0, 5.0; 1
-7.0, -5.0, 5.0; 6
-6.0, -5.0, 5.0; 5
-5.0, -5.0, 5.0; 5
-4.0, -5.0, 5.0; 13
-3.0, -5.0, 5.0; 6
-2.0, -5.0, 5.0; 4
-1.0, -5.0, 5.0; 2
0.0, -5.0, 5.0; 1
1.0, -5.0, 5.0; 2
2.0, -5.0, 5.0; 1
4.0, -5.0, 5.0; 1
-8.0, -4.0, 5.0; 3
-7.0, -4.0, 5.0; 4
-6.0, -4.0, 5.0; 2
-5.0, -4.0, 5.0; 4
-4.0, -4.0, 5.0; 8
-3.0, -4.0, 5.0; 6
-2.0, -4.0, 5.0; 1
-1.0, -4.0, 5.0; 2
0.0, -4.0, 5.0; 1
3.0, -4.0, 5.0; 1
-8.0, -3.0, 5.0; 2
-7.0, -3.0, 5.0; 3
-6.0, -3.0, 5.0; 1
-5.0, -3.0, 5.0; 3
-4.0, -3.0, 5.0; 2
-3.0, -3.0, 5.0; 2
-2.0, -3.0, 5.0; 7
0.0, -3.0, 5.0; 2
1.0, -3.0, 5.0; 1
7.0, -3.0, 5.0; 1
-9.0, -2.0, 5.0; 1
-8.0, -2.0, 5.0; 4
-7.0, -2.0, 5.0; 3
-6.0, -2.0, 5.0; 2
-5.0, -2.0, 5.0; 1
-4.0, -2.0, 5.0; 1
-3.0, -2.0, 5.0; 2
-1.0, -2.0, 5.0; 2
0.0, -2.0, 5.0; 1
1.0, -2.0, 5.0; 2
-8.0, -1.0, 5.0; 5
-7.0, -1.0, 5.0; 8
-6.0, -1.0, 5.0; 1
-4.0, -1.0, 5.0; 4
-3.0, -1.0, 5.0; 4
-2.0, -1.0, 5.0; 5
-1.0, -1.0, 5.0; 2
0.0, -1.0, 5.0; 1
1.0, -1.0, 5.0; 1
3.0, -1.0, 5.0; 2
-9.0, 0.0, 5.0; 2
-8.0, 0.0, 5.0; 2
-7.0, 0.0, 5.0; 3
-6.0, 0.0, 5.0; 2
-5.0, 0.0, 5.0; 2
-4.0, 0.0, 5.0; 1
-3.0, 0.0, 5.0; 3
-2.0, 0.0, 5.0; 2
-1.0, 0.0, 5.0; 3
0.0, 0.0, 5.0; 3
2.0, 0.0, 5.0; 2
-9.0, 1.0, 5.0; 2
-8.0, 1.0, 5.0; 3
-7.0, 1.0, 5.0; 4
-6.0, 1.0, 5.0; 2
-5.0, 1.0, 5.0; 3
-4.0, 1.0, 5.0; 2
-3.0, 1.0, 5.0; 5
-2.0, 1.0, 5.0; 4
-1.0, 1.0, 5.0; 1
0.0, 1.0, 5.0; 7
1.0, 1.0, 5.0; 1
-9.0, 2.0, 5.0; 1
-8.0, 2.0, 5.0; 1
-7.0, 2.0, 5.0; 7
-6.0, 2.0, 5.0; 2
-5.0, 2.0, 5.0; 4
-4.0, 2.0, 5.0; 10
-3.0, 2.0, 5.0; 6
-2.0, 2.0, 5.0; 9
-1.0, 2.0, 5.0; 9
0.0, 2.0, 5.0; 5
1.0, 2.0, 5.0; 1
2.0, 2.0, 5.0; 1
-8.0, 3.0, 5.0; 2
-7.0, 3.0, 5.0; 10
-6.0, 3.0, 5.0; 1
-5.0, 3.0, 5.0; 5
-4.0, 3.0, 5.0; 3
-3.0, 3.0, 5.0; 2
-2.0, 3.0, 5.0; 6
-1.0, 3.0, 5.0; 5
0.0, 3.0, 5.0; 1
3.0, 3.0, 5.0; 1
6.0, 3.0, 5.0; 1
-8.0, 4.0, 5.0; 1
-7.0, 4.0, 5.0; 4
-6.0, 4.0, 5.0; 5
-5.0, 4.0, 5.0; 3
-4.0, 4.0, 5.0; 4
-3.0, 4.0, 5.0; 8
-2.0, 4.0, 5.0; 5
-1.0, 4.0, 5.0; 4
0.0, 4.0, 5.0; 4
1.0, 4.0, 5.0; 1
2.0, 4.0, 5.0; 2
3.0, 4.0, 5.0; 2
4.0, 4.0, 5.0; 2
-7.0, 5.0, 5.0; 1
-6.0, 5.0, 5.0; 4
-5.0, 5.0, 5.0; 2
-4.0, 5.0, 5.0; 4
-3.0, 5.0, 5.0; 4
-2.0, 5.0, 5.0; 1
-1.0, 5.0, 5.0; 3
0.0, 5.0, 5.0; 4
1.0, 5.0, 5.0; 3
2.0, 5.0, 5.0; 2
3.0, 5.0, 5.0; 1
5.0, 5.0, 5.0; 1
-5.0, 6.0, 5.0; 2
-4.0, 6.0, 5.0; 5
-3.0, 6.0, 5.0; 6
-2.0, 6.0, 5.0; 7
-1.0, 6.0, 5.0; 3
0.0, 6.0, 5.0; 1
1.0, 6.0, 5.0; 2
3.0, 6.0, 5.0; 2
-4.0, 7.0, 5.0; 1
-3.0, 7.0, 5.0; 6
-2.0, 7.0, 5.0; 2
-1.0, 7.0, 5.0; 4
0.0, 7.0, 5.0; 4
1.0, 7.0, 5.0; 1
2.0, 7.0, 5.0; 2
-2.0, -8.0, 6.0; 1
-1.0, -8.0, 6.0; 1
1.0, -8.0, 6.0; 1
-5.0, -7.0, 6.0; 2
-4.0, -7.0, 6.0; 6
-3.0, -7.0, 6.0; 2
-2.0, -7.0, 6.0; 5
-1.0, -7.0, 6.0; 2
0.0, -7.0, 6.0; 4
1.0, -7.0, 6.0; 1
3.0, -7.0, 6.0; 1
-6.0, -6.0, 6.0; 2
-5.0, -6.0, 6.0; 2
-4.0, -6.0, 6.0; 4
-3.0, -6.0, 6.0; 4
-2.0, -6.0, 6.0; 5
-1.0, -6.0, 6.0; 7
0.0, -6.0, 6.0; 3
1.0, -6.0, 6.0; 1
2.0, -6.0, 6.0; 1
-6.0, -5.0, 6.0; 1
-5.0, -5.0, 6.0; 1
-4.0, -5.0, 6.0; 3
-3.0, -5.0, 6.0; 3
-2.0, -5.0, 6.0; 2
0.0, -5.0, 6.0; 3
1.0, -5.0, 6.0; 2
-7.0, -4.0, 6.0; 5
-6.0, -4.0, 6.0; 6
-5.0, -4.0, 6.0; 5
-4.0, -4.0, 6.0; 1
-3.0, -4.0, 6.0; 3
-2.0, -4.0, 6.0; 3
-1.0, -4.0, 6.0; 2
0.0, -4.0, 6.0; 2
1.0, -4.0, 6.0; 1
3.0, -4.0, 6.0; 1
-7.0, -3.0, 6.0; 5
-6.0, -3.0, 6.0; 3
-5.0, -3.0, 6.0; 1
-4.0, -3.0, 6.0; 3
-3.0, -3.0, 6.0; 2
-1.0, -3.0, 6.0; 1
4.0, -3.0, 6.0; 1
-8.0, -2.0, 6.0; 1
-7.0, -2.0, 6.0; 6
-6.0, -2.0, 6.0; 2
-5.0, -2.0, 6.0; 2
-4.0, -2.0, 6.0; 1
-3.0, -2.0, 6.0; 4
-2.0, -2.0, 6.0; 2
-1.0, -2.0, 6.0; 1
0.0, -2.0, 6.0; 2
1.0, -2.0, 6.0; 1
4.0, -2.0, 6.0; 1
-8.0, -1.0, 6.0; 2
-7.0, -1.0, 6.0; 6
-6.0, -1.0, 6.0; 7
-5.0, -1.0, 6.0; 3
-3.0, -1.0, 6.0; 2
-2.0, -1.0, 6.0; 2
0.0, -1.0, 6.0; 1
1.0, -1.0, 6.0; 1
2.0, -1.0, 6.0; 1
-7.0, 0.0, 6.0; 1
-6.0, 0.0, 6.0; 6
-5.0, 0.0, 6.0; 3
-3.0, 0.0, 6.0; 2
-1.0, 0.0, 6.0; 1
0.0, 0.0, 6.0; 2
1.0, 0.0, 6.0; 1
-8.0, 1.0, 6.0; 2
-7.0, 1.0, 6.0; 2
-6.0, 1.0, 6.0; 2
-5.0, 1.0, 6.0; 2
-2.0, 1.0, 6.0; 1
-1.0, 1.0, 6.0; 2
1.0, 1.0, 6.0; 1
2.0, 1.0, 6.0; 1
6.0, 1.0, 6.0; 1
-7.0, 2.0, 6.0; 2
-6.0, 2.0, 6.0; 7
-5.0, 2.0, 6.0; 5
-4.0, 2.0, 6.0; 3
-3.0, 2.0, 6.0; 1
-1.0, 2.0, 6.0; 4
0.0, 2.0, 6.0; 1
1.0, 2.0, 6.0; 1
2.0, 2.0, 6.0; 1
6.0, 2.0, 6.0; 1
-8.0, 3.0, 6.0; 1
-7.0, 3.0, 6.0; 2
-6.0, 3.0, 6.0; 9
-5.0, 3.0, 6.0; 1
-4.0, 3.0, 6.0; 1
-3.0, 3.0, 6.0; 2
-2.0, 3.0, 6.0; 5
-1.0, 3.0, 6.0; 2
0.0, 3.0, 6.0; 1
1.0, 3.0, 6.0; 2
-7.0, 4.0, 6.0; 1
-6.0, 4.0, 6.0; 7
-5.0, 4.0, 6.0; 3
-4.0, 4.0, 6.0; 2
-3.0, 4.0, 6.0; 1
-1.0, 4.0, 6.0; 4
0.0, 4.0, 6.0; 4
1.0, 4.0, 6.0; 1
2.0, 4.0, 6.0; 1
3.0, 4.0, 6.0; 2
6.0, 4.0, 6.0; 1
-6.0, 5.0, 6.0; 1
-5.0, 5.0, 6.0; 3
-4.0, 5.0, 6.0; 1
-3.0, 5.0, 6.0; 5
-2.0, 5.0, 6.0; 2
-1.0, 5.0, 6.0; 1
0.0, 5.0, 6.0; 1
2.0, 5.0, 6.0; 1
-4.0, 6.0, 6.0; 2
-3.0, 6.0, 6.0; 1
-2.0, 6.0, 6.0; 1
-1.0, 6.0, 6.0; 2
0.0, 6.0, 6.0; 1
2.0, 6.0, 6.0; 1
-3.0, 7.0, 6.0; 1
-2.0, 7.0, 6.0; 1
1.0, 7.0, 6.0; 1
-2.0, -7.0, 7.0; 1
-1.0, -7.0, 7.0; 1
0.0, -7.0, 7.0; 1
-4.0, -6.0, 7.0; 1
-3.0, -6.0, 7.0; 2
-1.0, -6.0, 7.0; 2
-6.0, -5.0, 7.0; 1
-5.0, -5.0, 7.0; 2
-4.0, -5.0, 7.0; 3
-3.0, -5.0, 7.0; 3
-2.0, -5.0, 7.0; 1
-1.0, -5.0, 7.0; 2
0.0, -5.0, 7.0; 1
-7.0, -4.0, 7.0; 1
-6.0, -4.0, 7.0; 7
-5.0, -4.0, 7.0; 6
-4.0, -4.0, 7.0; 1
-3.0, -4.0, 7.0; 1
-1.0, -4.0, 7.0; 1
-6.0, -3.0, 7.0; 4
-5.0, -3.0, 7.0; 8
-4.0, -3.0, 7.0; 4
-3.0, -3.0, 7.0; 3
0.0, -3.0, 7.0; 1
1.0, -3.0, 7.0; 2
-7.0, -2.0, 7.0; 1
-6.0, -2.0, 7.0; 3
-5.0, -2.0, 7.0; 2
-4.0, -2.0, 7.0; 2
-1.0, -2.0, 7.0; 2
-6.0, -1.0, 7.0; 2
-5.0, -1.0, 7.0; 1
-4.0, -1.0, 7.0; 1
-1.0, -1.0, 7.0; 1
0.0, -1.0, 7.0; 4
-7.0, 0.0, 7.0; 2
-6.0, 0.0, 7.0; 3
-5.0, 0.0, 7.0; 3
-4.0, 0.0, 7.0; 2
-3.0, 0.0, 7.0; 1
-2.0, 0.0, 7.0; 2
-1.0, 0.0, 7.0; 1
0.0, 0.0, 7.0; 1
1.0, 0.0, 7.0; 1
5.0, 0.0, 7.0; 1
-7.0, 1.0, 7.0; 1
-6.0, 1.0, 7.0; 3
-5.0, 1.0, 7.0; 4
-3.0, 1.0, 7.0; 2
-2.0, 1.0, 7.0; 4
-1.0, 1.0, 7.0; 2
0.0, 1.0, 7.0; 1
2.0, 1.0, 7.0; 2
-6.0, 2.0, 7.0; 1
-5.0, 2.0, 7.0; 2
-4.0, 2.0, 7.0; 3
-3.0, 2.0, 7.0; 4
-2.0, 2.0, 7.0; 1
0.0, 2.0, 7.0; 4
2.0, 2.0, 7.0; 1
-6.0, 3.0, 7.0; 3
-5.0, 3.0, 7.0; 1
-4.0, 3.0, 7.0; 2
-3.0, 3.0, 7.0; 2
-1.0, 3.0, 7.0; 3
0.0, 3.0, 7.0; 1
2.0, 3.0, 7.0; 1
4.0, 3.0, 7.0; 1
-5.0, 4.0, 7.0; 1
-2.0, 4.0, 7.0; 1
1.0, 4.0, 7.0; 1
3.0, 4.0, 7.0; 1
-3.0, 5.0, 7.0; 1
2.0, 5.0, 7.0; 1
-1.0, 6.0, 7.0; 1
0.0, 6.0, 7.0; 1
-3.0, -5.0, 8.0; 2
-2.0, -5.0, 8.0; 1
-1.0, -5.0, 8.0; 3
-5.0, -4.0, 8.0; 1
-4.0, -4.0, 8.0; 1
-3.0, -4.0, 8.0; 2
-2.0, -4.0, 8.0; 2
-1.0, -4.0, 8.0; 1
2.0, -4.0, 8.0; 1
-3.0, -3.0, 8.0; 2
-1.0, -3.0, 8.0; 2
-5.0, -2.0, 8.0; 2
-4.0, -2.0, 8.0; 3
-2.0, -2.0, 8.0; 2
1.0, -2.0, 8.0; 1
-5.0, -1.0, 8.0; 1
-1.0, -1.0, 8.0; 1
0.0, -1.0, 8.0; 1
-5.0, 0.0, 8.0; 1
-4.0, 0.0, 8.0; 2
-2.0, 0.0, 8.0; 2
0.0, 0.0, 8.0; 1
-6.0, 1.0, 8.0; 1
-5.0, 1.0, 8.0; 1
-4.0, 1.0, 8.0; 1
-2.0, 1.0, 8.0; 3
-1.0, 1.0, 8.0; 1
1.0, 1.0, 8.0; 1
-6.0, 2.0, 8.0; 1
-5.0, 2.0, 8.0; 1
-3.0, 2.0, 8.0; 1
-2.0, 2.0, 8.0; 1
0.0, 2.0, 8.0; 1
1.0, 2.0, 8.0; 2
-5.0, 3.0, 8.0; 1
-4.0, 3.0, 8.0; 2
-3.0, 3.0, 8.0; 1
-2.0, 3.0, 8.0; 1
-1.0, 3.0, 8.0; 1
0.0, 3.0, 8.0; 1
1.0, 3.0, 8.0; 1
0.0, 4.0, 8.0; 2
-1.0, 5.0, 8.0; 1
-1.0, -4.0, 9.0; 1
-3.0, -2.0, 9.0; 1
-2.0, -2.0, 9.0; 1
0.0, -2.0, 9.0; 1
-3.0, 0.0, 9.0; 2
-1.0, 0.0, 9.0; 1
-3.0, 1.0, 9.0; 1
-2.0, 1.0, 9.0; 2
-1.0, 2.0, 9.0; 1
-3.0, -4.0, -10.0; 1
-1.0, -4.0, -10.0; 1
0.0, -4.0, -10.0; 3
1.0, -4.0, -10.0; 2
-4.0, -3.0, -10.0; 2
-3.0, -3.0, -10.0; 1
-2.0, -3.0, -10.0; 1
-1.0, -3.0, -10.0; 1
0.0, -3.0, -10.0; 2
1.0, -3.0, -10.0; 1
2.0, -3.0, -10.0; 2
-1.0, -2.0, -10.0; 4
0.0, -2.0, -10.0; 1
1.0, -2.0, -10.0; 2
2.0, -2.0, -10.0; 1
3.0, -2.0, -10.0; 1
-4.0, -1.0, -10.0; 4
-3.0, -1.0, -10.0; 1
-2.0, -1.0, -10.0; 6
-1.0, -1.0, -10.0; 6
0.0, -1.0, -10.0; 3
1.0, -1.0, -10.0; 3
2.0, -1.0, -10.0; 2
3.0, -1.0, -10.0; 1
-4.0, 0.0, -10.0; 3
-3.0, 0.0, -10.0; 3
-2.0, 0.0, -10.0; 6
-1.0, 0.0, -10.0; 3
0.0, 0.0, -10.0; 3
1.0, 0.0, -10.0; 1
2.0, 0.0, -10.0; 1
3.0, 0.0, -10.0; 2
-4.0, 1.0, -10.0; 2
-3.0, 1.0, -10.0; 2
-1.0, 1.0, -10.0; 4
0.0, 1.0, -10.0; 5
1.0, 1.0, -10.0; 2
2.0, 1.0, -10.0; 2
-3.0, 2.0, -10.0; 2
-2.0, 2.0, -10.0; 3
-1.0, 2.0, -10.0; 2
0.0, 2.0, -10.0; 1
1.0, 2.0, -10.0; 5
2.0, 2.0, -10.0; 2
3.0, 2.0, -10.0; 3
-2.0, 3.0, -10.0; 2
-1.0, 3.0, -10.0; 1
0.0, 3.0, -10.0; 1
1.0, 3.0, -10.0; 1
-2.0, -6.0, -9.0; 1
-1.0, -6.0, -9.0; 3
0.0, -6.0, -9.0; 5
1.0, -6.0, -9.0; 2
-4.0, -5.0, -9.0; 2
-3.0, -5.0, -9.0; 2
-2.0, -5.0, -9.0; 5
-1.0, -5.0, -9.0; 4
0.0, -5.0, -9.0; 3
1.0, -5.0, -9.0; 4
3.0, -5.0, -9.0; 1
-4.0, -4.0, -9.0; 8
-3.0, -4.0, -9.0; 8
-2.0, -4.0, -9.0; 6
-1.0, -4.0, -9.0; 5
0.0, -4.0, -9.0; 5
1.0, -4.0, -9.0; 3
2.0, -4.0, -9.0; 2
3.0, -4.0, -9.0; 3
-6.0, -3.0, -9.0; 1
-5.0, -3.0, -9.0; 4
-4.0, -3.0, -9.0; 6
-3.0, -3.0, -9.0; 9
-2.0, -3.0, -9.0; 7
-1.0, -3.0, -9.0; 3
0.0, -3.0, -9.0; 5
1.0, -3.0, -9.0; 4
2.0, -3.0, -9.0; 5
3.0, -3.0, -9.0; 2
-6.0, -2.0, -9.0; 1
-5.0, -2.0, -9.0; 4
-4.0, -2.0, -9.0; 4
-3.0, -2.0, -9.0; 2
-2.0, -2.0, -9.0; 3
-1.0, -2.0, -9.0; 4
0.0, -2.0, -9.0; 11
1.0, -2.0, -9.0; 1
2.0, -2.0, -9.0; 2
5.0, -2.0, -9.0; 1
-6.0, -1.0, -9.0; 3
-5.0, -1.0, -9.0; 9
-4.0, -1.0, -9.0; 3
-3.0, -1.0, -9.0; 7
-2.0, -1.0, -9.0; 7
-1.0, -1.0, -9.0; 6
0.0, -1.0, -9.0; 5
1.0, -1.0, -9.0; 2
2.0, -1.0, -9.0; 2
4.0, -1.0, -9.0; 2
-5.0, 0.0, -9.0; 11
-4.0, 0.0, -9.0; 10
-3.0, 0.0, -9.0; 15
-2.0, 0.0, -9.0; 11
-1.0, 0.0, -9.0; 15
0.0, 0.0, -9.0; 8
1.0, 0.0, -9.0; 3
2.0, 0.0, -9.0; 2
3.0, 0.0, -9.0; 2
4.0, 0.0, -9.0; 3
5.0, 0.0, -9.0; 2
-6.0, 1.0, -9.0; 2
-5.0, 1.0, -9.0; 10
-4.0, 1.0, -9.0; 9
-3.0, 1.0, -9.0; 28
-2.0, 1.0, -9.0; 17
-1.0, 1.0, -9.0; 15
0.0, 1.0, -9.0; 11
1.0, 1.0, -9.0; 2
2.0, 1.0, -9.0; 1
3.0, 1.0, -9.0; 1
4.0, 1.0, -9.0; 5
5.0, 1.0, -9.0; 3
-5.0, 2.0, -9.0; 2
-4.0, 2.0, -9.0; 11
-3.0, 2.0, -9.0; 32
-2.0, 2.0, -9.0; 22
-1.0, 2.0, -9.0; 13
0.0, 2.0, -9.0; 10
2.0, 2.0, -9.0; 2
3.0, 2.0, -9.0; 6
4.0, 2.0, -9.0; 4
-5.0, 3.0, -9.0; 1
-4.0, 3.0, -9.0; 9
-3.0, 3.0, -9.0; 11
-2.0, 3.0, -9.0; 12
-1.0, 3.0, -9.0; 10
0.0, 3.0, -9.0; 6
1.0, 3.0, -9.0; 7
2.0, 3.0, -9.0; 5
3.0, 3.0, -9.0; 4
4.0, 3.0, -9.0; 3
-3.0, 4.0, -9.0; 2
-2.0, 4.0, -9.0; 8
-1.0, 4.0, -9.0; 2
0.0, 4.0, -9.0; 5
1.0, 4.0, -9.0; 2
2.0, 4.0, -9.0; 3
3.0, 4.0, -9.0; 1
-3.0, 5.0, -9.0; 2
-2.0, 5.0, -9.0; 1
-1.0, 5.0, -9.0; 2
-2.0, -7.0, -8.0; 3
-1.0, -7.0, -8.0; 4
0.0, -7.0, -8.0; 8
1.0, -7.0, -8.0; 9
2.0, -7.0, -8.0; 2
-4.0, -6.0, -8.0; 2
-3.0, -6.0, -8.0; 4
-2.0, -6.0, -8.0; 1
-1.0, -6.0, -8.0; 6
0.0, -6.0, -8.0; 1
1.0, -6.0, -8.0; 8
2.0, -6.0, -8.0; 2
3.0, -6.0, -8.0; 2
-5.0, -5.0, -8.0; 3
-4.0, -5.0, -8.0; 7
-3.0, -5.0, -8.0; 14
-2.0, -5.0, -8.0; 10
-1.0, -5.0, -8.0; 3
0.0, -5.0, -8.0; 3
1.0, -5.0, -8.0; 7
2.0, -5.0, -8.0; 8
3.0, -5.0, -8.0; 1
4.0, -5.0, -8.0; 1
-6.0, -4.0, -8.0; 4
-5.0, -4.0, -8.0; 9
-4.0, -4.0, -8.0; 13
-3.0, -4.0, -8.0; 17
-2.0, -4.0, -8.0; 7
-1.0, -4.0, -8.0; 6
0.0, -4.0, -8.0; 1
1.0, -4.0, -8.0; 3
2.0, -4.0, -8.0; 5
3.0, -4.0, -8.0; 4
4.0, -4.0, -8.0; 1
-7.0, -3.0, -8.0; 1
-6.0, -3.0, -8.0; 5
-5.0, -3.0, -8.0; 12
-4.0, -3.0, -8.0; 14
-3.0, -3.0, -8.0; 13
-2.0, -3.0, -8.0; 4
-1.0, -3.0, -8.0; 4
0.0, -3.0, -8.0; 3
1.0, -3.0, -8.0; 4
2.0, -3.0, -8.0; 6
3.0, -3.0, -8.0; 5
4.0, -3.0, -8.0; 1
5.0, -3.0, -8.0; 1
-7.0, -2.0, -8.0; 5
-6.0, -2.0, -8.0; 7
-5.0, -2.0, -8.0; 18
-4.0, -2.0, -8.0; 45
-3.0, -2.0, -8.0; 15
-2.0, -2.0, -8.0; 18
-1.0, -2.0, -8.0; 2
0.0, -2.0, -8.0; 5
1.0, -2.0, -8.0; 3
2.0, -2.0, -8.0; 8
3.0, -2.0, -8.0; 8
4.0, -2.0, -8.0; 2
-8.0, -1.0, -8.0; 1
-7.0, -1.0, -8.0; 6
-6.0, -1.0, -8.0; 11
-5.0, -1.0, -8.0; 16
-4.0, -1.0, -8.0; 31
-3.0, -1.0, -8.0; 28
-2.0, -1.0, -8.0; 8
-1.0, -1.0, -8.0; 2
0.0, -1.0, -8.0; 6
1.0, -1.0, -8.0; 5
2.0, -1.0, -8.0; 13
3.0, -1.0, -8.0; 10
4.0, -1.0, -8.0; 1
5.0, -1.0, -8.0; 1
6.0, -1.0, -8.0; 4
-7.0, 0.0, -8.0; 2
-6.0, 0.0, -8.0; 13
-5.0, 0.0, -8.0; 22
-4.0, 0.0, -8.0; 24
-3.0, 0.0, -8.0; 6
-2.0, 0.0, -8.0; 10
-1.0, 0.0, -8.0; 5
0.0, 0.0, -8.0; 5
1.0, 0.0, -8.0; 2
2.0, 0.0, -8.0; 4
3.0, 0.0, -8.0; 3
5.0, 0.0, -8.0; 3
6.0, 0.0, -8.0; 5
-7.0, 1.0, -8.0; 3
-6.0, 1.0, -8.0; 5
-5.0, 1.0, -8.0; 15
-4.0, 1.0, -8.0; 14
-3.0, 1.0, -8.0; 9
-2.0, 1.0, -8.0; 19
-1.0, 1.0, -8.0; 14
0.0, 1.0, -8.0; 4
1.0, 1.0, -8.0; 5
2.0, 1.0, -8.0; 3
3.0, 1.0, -8.0; 3
4.0, 1.0, -8.0; 1
5.0, 1.0, -8.0; 6
6.0, 1.0, -8.0; 6
-7.0, 2.0, -8.0; 1
-6.0, 2.0, -8.0; 9
-5.0, 2.0, -8.0; 14
-4.0, 2.0, -8.0; 25
-3.0, 2.0, -8.0; 11
-2.0, 2.0, -8.0; 15
-1.0, 2.0, -8.0; 13
0.0, 2.0, -8.0; 2
1.0, 2.0, -8.0; 3
2.0, 2.0, -8.0; 1
3.0, 2.0, -8.0; 3
4.0, 2.0, -8.0; 8
5.0, 2.0, -8.0; 3
6.0, 2.0, -8.0; 3
-6.0, 3.0, -8.0; 11
-5.0, 3.0, -8.0; 9
-4.0, 3.0, -8.0; 8
-3.0, 3.0, -8.0; 12
-2.0, 3.0, -8.0; 15
-1.0, 3.0, -8.0; 13
0.0, 3.0, -8.0; 9
1.0, 3.0, -8.0; 3
2.0, 3.0, -8.0; 1
3.0, 3.0, -8.0; 1
4.0, 3.0, -8.0; 5
5.0, 3.0, -8.0; 1
-6.0, 4.0, -8.0; 1
-5.0, 4.0, -8.0; 3
-4.0, 4.0, -8.0; 7
-3.0, 4.0, -8.0; 14
-2.0, 4.0, -8.0; 17
-1.0, 4.0, -8.0; 14
0.0, 4.0, -8.0; 12
1.0, 4.0, -8.0; 7
2.0, 4.0, -8.0; 2
3.0, 4.0, -8.0; 7
4.0, 4.0, -8.0; 1
-5.0, 5.0, -8.0; 1
-4.0, 5.0, -8.0; 5
-3.0, 5.0, -8.0; 5
-2.0, 5.0, -8.0; 4
-1.0, 5.0, -8.0; 8
0.0, 5.0, -8.0; 7
1.0, 5.0, -8.0; 7
2.0, 5.0, -8.0; 5
3.0, 5.0, -8.0; 2
-3.0, 6.0, -8.0; 3
-2.0, 6.0, -8.0; 1
-1.0, 6.0, -8.0; 5
0.0, 6.0, -8.0; 6
1.0, 6.0, -8.0; 2
2.0, 6.0, -8.0; 1
-3.0, -8.0, -7.0; 2
-2.0, -8.0, -7.0; 2
-1.0, -8.0, -7.0; 2
1.0, -8.0, -7.0; 3
2.0, -8.0, -7.0; 1
-5.0, -7.0, -7.0; 6
-4.0, -7.0, -7.0; 12
-3.0, -7.0, -7.0; 14
-2.0, -7.0, -7.0; 19
-1.0, -7.0, -7.0; 15
0.0, -7.0, -7.0; 7
1.0, -7.0, -7.0; 10
2.0, -7.0, -7.0; 4
3.0, -7.0, -7.0; 1
4.0, -7.0, -7.0; 2
-6.0, -6.0, -7.0; 10
-5.0, -6.0, -7.0; 16
-4.0, -6.0, -7.0; 33
-3.0, -6.0, -7.0; 16
-2.0, -6.0, -7.0; 15
-1.0, -6.0, -7.0; 11
0.0, -6.0, -7.0; 4
1.0, -6.0, -7.0; 10
2.0, -6.0, -7.0; 12
3.0, -6.0, -7.0; 3
4.0, -6.0, -7.0; 2
-7.0, -5.0, -7.0; 3
-6.0, -5.0, -7.0; 8
-5.0, -5.0, -7.0; 28
-4.0, -5.0, -7.0; 19
-3.0, -5.0, -7.0; 5
-2.0, -5.0, -7.0; 10
-1.0, -5.0, -7.0; 5
0.0, -5.0, -7.0; 3
1.0, -5.0, -7.0; 4
2.0, -5.0, -7.0; 5
3.0, -5.0, -7.0; 3
4.0, -5.0, -7.0; 2
5.0, -5.0, -7.0; 2
-7.0, -4.0, -7.0; 5
-6.0, -4.0, -7.0; 33
-5.0, -4.0, -7.0; 32
-4.0, -4.0, -7.0; 10
-3.0, -4.0, -7.0; 8
-2.0, -4.0, -7.0; 3
-1.0, -4.0, -7.0; 2
0.0, -4.0, -7.0; 4
1.0, -4.0, -7.0; 3
2.0, -4.0, -7.0; 1
3.0, -4.0, -7.0; 5
4.0, -4.0, -7.0; 5
5.0, -4.0, -7.0; 1
-8.0, -3.0, -7.0; 1
-7.0, -3.0, -7.0; 13
-6.0, -3.0, -7.0; 39
-5.0, -3.0, -7.0; 20
-4.0, -3.0, -7.0; 11
-3.0, -3.0, -7.0; 3
-2.0, -3.0, -7.0; 2
-1.0, -3.0, -7.0; 4
0.0, -3.0, -7.0; 6
1.0, -3.0, -7.0; 2
2.0, -3.0, -7.0; 4
3.0, -3.0, -7.0; 5
4.0, -3.0, -7.0; 10
7.0, -3.0, -7.0; 2
-8.0, -2.0, -7.0; 3
-7.0, -2.0, -7.0; 14
-6.0, -2.0, -7.0; 35
-5.0, -2.0, -7.0; 44
-4.0, -2.0, -7.0; 9
-3.0, -2.0, -7.0; 6
-2.0, -2.0, -7.0; 5
-1.0, -2.0, -7.0; 9
0.0, -2.0, -7.0; 8
1.0, -2.0, -7.0; 12
2.0, -2.0, -7.0; 7
3.0, -2.0, -7.0; 10
4.0, -2.0, -7.0; 5
5.0, -2.0, -7.0; 1
7.0, -2.0, -7.0; 2
-8.0, -1.0, -7.0; 3
-7.0, -1.0, -7.0; 10
-6.0, -1.0, -7.0; 45
-5.0, -1.0, -7.0; 79
-4.0, -1.0, -7.0; 20
-3.0, -1.0, -7.0; 14
-2.0, -1.0, -7.0; 7
-1.0, -1.0, -7.0; 13
0.0, -1.0, -7.0; 13
1.0, -1.0, -7.0; 22
2.0, -1.0, -7.0; 57
3.0, -1.0, -7.0; 28
4.0, -1.0, -7.0; 15
6.0, -1.0, -7.0; 3
7.0, -1.0, -7.0; 7
-8.0, 0.0, -7.0; 4
-7.0, 0.0, -7.0; 17
-6.0, 0.0, -7.0; 45
-5.0, 0.0, -7.0; 23
-4.0, 0.0, -7.0; 11
-3.0, 0.0, -7.0; 3
-2.0, 0.0, -7.0; 6
-1.0, 0.0, -7.0; 5
0.0, 0.0, -7.0; 5
1.0, 0.0, -7.0; 18
2.0, 0.0, -7.0; 40
3.0, 0.0, -7.0; 13
4.0, 0.0, -7.0; 5
6.0, 0.0, -7.0; 1
7.0, 0.0, -7.0; 3
-7.0, 1.0, -7.0; 9
-6.0, 1.0, -7.0; 21
-5.0, 1.0, -7.0; 21
-4.0, 1.0, -7.0; 5
-3.0, 1.0, -7.0; 2
-2.0, 1.0, -7.0; 1
-1.0, 1.0, -7.0; 2
0.0, 1.0, -7.0; 5
1.0, 1.0, -7.0; 10
2.0, 1.0, -7.0; 9
3.0, 1.0, -7.0; 4
4.0, 1.0, -7.0; 3
6.0, 1.0, -7.0; 7
7.0, 1.0, -7.0; 1
-8.0, 2.0, -7.0; 3
-7.0, 2.0, -7.0; 12
-6.0, 2.0, -7.0; 18
-5.0, 2.0, -7.0; 8
-4.0, 2.0, -7.0; 10
-3.0, 2.0, -7.0; 10
-2.0, 2.0, -7.0; 9
-1.0, 2.0, -7.0; 4
0.0, 2.0, -7.0; 4
1.0, 2.0, -7.0; 5
2.0, 2.0, -7.0; 5
3.0, 2.0, -7.0; 4
4.0, 2.0, -7.0; 1
5.0, 2.0, -7.0; 5
6.0, 2.0, -7.0; 1
-7.0, 3.0, -7.0; 6
-6.0, 3.0, -7.0; 12
-5.0, 3.0, -7.0; 10
-4.0, 3.0, -7.0; 3
-3.0, 3.0, -7.0; 5
-2.0, 3.0, -7.0; 5
-1.0, 3.0, -7.0; 5
0.0, 3.0, -7.0; 4
1.0, 3.0, -7.0; 3
4.0, 3.0, -7.0; 7
5.0, 3.0, -7.0; 1
6.0, 3.0, -7.0; 1
7.0, 3.0, -7.0; 1
-7.0, 4.0, -7.0; 4
-6.0, 4.0, -7.0; 11
-5.0, 4.0, -7.0; 12
-4.0, 4.0, -7.0; 3
-3.0, 4.0, -7.0; 10
-2.0, 4.0, -7.0; 15
-1.0, 4.0, -7.0; 3
0.0, 4.0, -7.0; 6
1.0, 4.0, -7.0; 4
2.0, 4.0, -7.0; 4
3.0, 4.0, -7.0; 1
4.0, 4.0, -7.0; 2
5.0, 4.0, -7.0; 3
-6.0, 5.0, -7.0; 1
-5.0, 5.0, -7.0; 6
-4.0, 5.0, -7.0; 7
-3.0, 5.0, -7.0; 5
-2.0, 5.0, -7.0; 14
-1.0, 5.0, -7.0; 12
0.0, 5.0, -7.0; 13
1.0, 5.0, -7.0; 14
2.0, 5.0, -7.0; 5
3.0, 5.0, -7.0; 4
4.0, 5.0, -7.0; 3
-5.0, 6.0, -7.0; 2
-4.0, 6.0, -7.0; 3
-3.0, 6.0, -7.0; 7
-2.0, 6.0, -7.0; 3
-1.0, 6.0, -7.0; 8
0.0, 6.0, -7.0; 15
1.0, 6.0, -7.0; 10
2.0, 6.0, -7.0; 7
3.0, 6.0, -7.0; 2
-4.0, 7.0, -7.0; 1
-3.0, 7.0, -7.0; 2
-2.0, 7.0, -7.0; 4
-1.0, 7.0, -7.0; 12
0.0, 7.0, -7.0; 4
1.0, 7.0, -7.0; 2
-2.0, -9.0, -6.0; 1
-1.0, -9.0, -6.0; 2
0.0, -9.0, -6.0; 1
1.0, -9.0, -6.0; 2
-5.0, -8.0, -6.0; 2
-4.0, -8.0, -6.0; 5
-3.0, -8.0, -6.0; 10
-2.0, -8.0, -6.0; 39
-1.0, -8.0, -6.0; 76
0.0, -8.0, -6.0; 21
1.0, -8.0, -6.0; 5
2.0, -8.0, -6.0; 4
3.0, -8.0, -6.0; 2
4.0, -8.0, -6.0; 1
-6.0, -7.0, -6.0; 7
-5.0, -7.0, -6.0; 20
-4.0, -7.0, -6.0; 32
-3.0, -7.0, -6.0; 43
-2.0, -7.0, -6.0; 91
-1.0, -7.0, -6.0; 113
0.0, -7.0, -6.0; 24
1.0, -7.0, -6.0; 17
2.0, -7.0, -6.0; 3
3.0, -7.0, -6.0; 2
4.0, -7.0, -6.0; 1
-7.0, -6.0, -6.0; 10
-6.0, -6.0, -6.0; 39
-5.0, -6.0, -6.0; 43
-4.0, -6.0, -6.0; 21
-3.0, -6.0, -6.0; 17
-2.0, -6.0, -6.0; 32
-1.0, -6.0, -6.0; 15
0.0, -6.0, -6.0; 18
1.0, -6.0, -6.0; 11
2.0, -6.0, -6.0; 19
3.0, -6.0, -6.0; 1
4.0, -6.0, -6.0; 2
-8.0, -5.0, -6.0; 5
-7.0, -5.0, -6.0; 20
-6.0, -5.0, -6.0; 32
-5.0, -5.0, -6.0; 15
-4.0, -5.0, -6.0; 10
-3.0, -5.0, -6.0; 17
-2.0, -5.0, -6.0; 21
-1.0, -5.0, -6.0; 9
0.0, -5.0, -6.0; 8
1.0, -5.0, -6.0; 2
2.0, -5.0, -6.0; 6
3.0, -5.0, -6.0; 2
4.0, -5.0, -6.0; 4
6.0, -5.0, -6.0; 2
-8.0, -4.0, -6.0; 6
-7.0, -4.0, -6.0; 31
-6.0, -4.0, -6.0; 19
-5.0, -4.0, -6.0; 6
-4.0, -4.0, -6.0; 23
-3.0, -4.0, -6.0; 20
-2.0, -4.0, -6.0; 11
-1.0, -4.0, -6.0; 7
0.0, -4.0, -6.0; 7
1.0, -4.0, -6.0; 13
2.0, -4.0, -6.0; 3
3.0, -4.0, -6.0; 1
4.0, -4.0, -6.0; 4
5.0, -4.0, -6.0; 6
7.0, -4.0, -6.0; 1
-9.0, -3.0, -6.0; 2
-8.0, -3.0, -6.0; 5
-7.0, -3.0, -6.0; 27
-6.0, -3.0, -6.0; 29
-5.0, -3.0, -6.0; 21
-4.0, -3.0, -6.0; 12
-3.0, -3.0, -6.0; 17
-2.0, -3.0, -6.0; 18
-1.0, -3.0, -6.0; 36
0.0, -3.0, -6.0; 45
1.0, -3.0, -6.0; 14
2.0, -3.0, -6.0; 3
3.0, -3.0, -6.0; 2
4.0, -3.0, -6.0; 10
5.0, -3.0, -6.0; 1
7.0, -3.0, -6.0; 2
8.0, -3.0, -6.0; 1
-8.0, -2.0, -6.0; 9
-7.0, -2.0, -6.0; 31
-6.0, -2.0, -6.0; 23
-5.0, -2.0, -6.0; 7
-4.0, -2.0, -6.0; 6
-3.0, -2.0, -6.0; 16
-2.0, -2.0, -6.0; 18
-1.0, -2.0, -6.0; 63
0.0, -2.0, -6.0; 77
1.0, -2.0, -6.0; 17
2.0, -2.0, -6.0; 6
3.0, -2.0, -6.0; 9
4.0, -2.0, -6.0; 12
5.0, -2.0, -6.0; 4
6.0, -2.0, -6.0; 2
7.0, -2.0, -6.0; 4
8.0, -2.0, -6.0; 2
-9.0, -1.0, -6.0; 1
-8.0, -1.0, -6.0; 11
-7.0, -1.0, -6.0; 23
-6.0, -1.0, -6.0; 76
-5.0, -1.0, -6.0; 10
-4.0, -1.0, -6.0; 4
-3.0, -1.0, -6.0; 7
-2.0, -1.0, -6.0; 66
-1.0, -1.0, -6.0; 64
0.0, -1.0, -6.0; 77
1.0, -1.0, -6.0; 12
2.0, -1.0, -6.0; 20
3.0, -1.0, -6.0; 24
4.0, -1.0, -6.0; 21
5.0, -1.0, -6.0; 7
6.0, -1.0, -6.0; 1
7.0, -1.0, -6.0; 10
8.0, -1.0, -6.0; 3
-9.0, 0.0, -6.0; 1
-8.0, 0.0, -6.0; 7
-7.0, 0.0, -6.0; 15
-6.0, 0.0, -6.0; 34
-5.0, 0.0, -6.0; 9
-4.0, 0.0, -6.0; 1
-3.0, 0.0, -6.0; 19
-2.0, 0.0, -6.0; 99
-1.0, 0.0, -6.0; 29
0.0, 0.0, -6.0; 13
1.0, 0.0, -6.0; 2
2.0, 0.0, -6.0; 12
3.0, 0.0, -6.0; 44
4.0, 0.0, -6.0; 3
5.0, 0.0, -6.0; 1
6.0, 0.0, -6.0; 1
7.0, 0.0, -6.0; 3
8.0, 0.0, -6.0; 4
-9.0, 1.0, -6.0; 2
-8.0, 1.0, -6.0; 11
-7.0, 1.0, -6.0; 18
-6.0, 1.0, -6.0; 6
-5.0, 1.0, -6.0; 9
-4.0, 1.0, -6.0; 4
-3.0, 1.0, -6.0; 16
-2.0, 1.0, -6.0; 213
-1.0, 1.0, -6.0; 144
0.0, 1.0, -6.0; 40
1.0, 1.0, -6.0; 13
2.0, 1.0, -6.0; 18
3.0, 1.0, -6.0; 12
4.0, 1.0, -6.0; 3
6.0, 1.0, -6.0; 2
7.0, 1.0, -6.0; 6
8.0, 1.0, -6.0; 1
-9.0, 2.0, -6.0; 2
-8.0, 2.0, -6.0; 10
-7.0, 2.0, -6.0; 17
-6.0, 2.0, -6.0; 5
-5.0, 2.0, -6.0; 12
-4.0, 2.0, -6.0; 10
-3.0, 2.0, -6.0; 40
-2.0, 2.0, -6.0; 76
-1.0, 2.0, -6.0; 249
0.0, 2.0, -6.0; 75
1.0, 2.0, -6.0; 10
2.0, 2.0, -6.0; 16
3.0, 2.0, -6.0; 8
4.0, 2.0, -6.0; 2
5.0, 2.0, -6.0; 1
6.0, 2.0, -6.0; 3
7.0, 2.0, -6.0; 4
-8.0, 3.0, -6.0; 3
-7.0, 3.0, -6.0; 15
-6.0, 3.0, -6.0; 7
-5.0, 3.0, -6.0; 4
-4.0, 3.0, -6.0; 17
-3.0, 3.0, -6.0; 21
-2.0, 3.0, -6.0; 23
-1.0, 3.0, -6.0; 15
0.0, 3.0, -6.0; 15
1.0, 3.0, -6.0; 9
2.0, 3.0, -6.0; 4
3.0, 3.0, -6.0; 2
4.0, 3.0, -6.0; 3
6.0, 3.0, -6.0; 2
7.0, 3.0, -6.0; 1
-8.0, 4.0, -6.0; 4
-7.0, 4.0, -6.0; 7
-6.0, 4.0, -6.0; 16
-5.0, 4.0, -6.0; 8
-4.0, 4.0, -6.0; 14
-3.0, 4.0, -6.0; 14
-2.0, 4.0, -6.0; 10
-1.0, 4.0, -6.0; 7
1.0, 4.0, -6.0; 2
2.0, 4.0, -6.0; 5
3.0, 4.0, -6.0; 3
4.0, 4.0, -6.0; 4
6.0, 4.0, -6.0; 1
-7.0, 5.0, -6.0; 2
-6.0, 5.0, -6.0; 3
-5.0, 5.0, -6.0; 30
-4.0, 5.0, -6.0; 37
-3.0, 5.0, -6.0; 13
-2.0, 5.0, -6.0; 9
-1.0, 5.0, -6.0; 5
0.0, 5.0, -6.0; 4
1.0, 5.0, -6.0; 5
2.0, 5.0, -6.0; 5
3.0, 5.0, -6.0; 3
4.0, 5.0, -6.0; 4
5.0, 5.0, -6.0; 1
-6.0, 6.0, -6.0; 1
-5.0, 6.0, -6.0; 5
-4.0, 6.0, -6.0; 21
-3.0, 6.0, -6.0; 39
-2.0, 6.0, -6.0; 8
-1.0, 6.0, -6.0; 3
0.0, 6.0, -6.0; 10
1.0, 6.0, -6.0; 10
2.0, 6.0, -6.0; 8
3.0, 6.0, -6.0; 4
5.0, 6.0, -6.0; 1
-4.0, 7.0, -6.0; 2
-3.0, 7.0, -6.0; 4
-2.0, 7.0, -6.0; 9
-1.0, 7.0, -6.0; 9
0.0, 7.0, -6.0; 9
1.0, 7.0, -6.0; 6
2.0, 7.0, -6.0; 4
-3.0, 8.0, -6.0; 1
-2.0, 8.0, -6.0; 4
-1.0, 8.0, -6.0; 7
0.0, 8.0, -6.0; 9
1.0, 8.0, -6.0; 4
-4.0, -9.0, -5.0; 1
-2.0, -9.0, -5.0; 3
-1.0, -9.0, -5.0; 14
0.0, -9.0, -5.0; 5
1.0, -9.0, -5.0; 2
2.0, -9.0, -5.0; 1
-6.0, -8.0, -5.0; 1
-5.0, -8.0, -5.0; 9
-4.0, -8.0, -5.0; 12
-3.0, -8.0, -5.0; 15
-2.0, -8.0, -5.0; 169
-1.0, -8.0, -5.0; 568
0.0, -8.0, -5.0; 65
1.0, -8.0, -5.0; 9
2.0, -8.0, -5.0; 6
3.0, -8.0, -5.0; 10
4.0, -8.0, -5.0; 5
-7.0, -7.0, -5.0; 5
-6.0, -7.0, -5.0; 21
-5.0, -7.0, -5.0; 21
-4.0, -7.0, -5.0; 23
-3.0, -7.0, -5.0; 28
-2.0, -7.0, -5.0; 50
-1.0, -7.0, -5.0; 71
0.0, -7.0, -5.0; 27
1.0, -7.0, -5.0; 8
2.0, -7.0, -5.0; 7
3.0, -7.0, -5.0; 2
4.0, -7.0, -5.0; 4
5.0, -7.0, -5.0; 2
-7.0, -6.0, -5.0; 24
-6.0, -6.0, -5.0; 23
-5.0, -6.0, -5.0; 4
-4.0, -6.0, -5.0; 4
-3.0, -6.0, -5.0; 4
-2.0, -6.0, -5.0; 7
-1.0, -6.0, -5.0; 10
0.0, -6.0, -5.0; 16
1.0, -6.0, -5.0; 4
2.0, -6.0, -5.0; 3
3.0, -6.0, -5.0; 2
4.0, -6.0, -5.0; 1
5.0, -6.0, -5.0; 4
6.0, -6.0, -5.0; 1
-8.0, -5.0, -5.0; 17
-7.0, -5.0, -5.0; 22
-6.0, -5.0, -5.0; 13
-5.0, -5.0, -5.0; 4
-4.0, -5.0, -5.0; 2
-3.0, -5.0, -5.0; 9
-2.0, -5.0, -5.0; 10
-1.0, -5.0, -5.0; 9
0.0, -5.0, -5.0; 10
1.0, -5.0, -5.0; 12
2.0, -5.0, -5.0; 6
3.0, -5.0, -5.0; 4
4.0, -5.0, -5.0; 3
5.0, -5.0, -5.0; 2
-9.0, -4.0, -5.0; 3
-8.0, -4.0, -5.0; 21
-7.0, -4.0, -5.0; 11
-6.0, -4.0, -5.0; 1
-5.0, -4.0, -5.0; 16
-4.0, -4.0, -5.0; 29
-3.0, -4.0, -5.0; 72
-2.0, -4.0, -5.0; 251
-1.0, -4.0, -5.0; 52
0.0, -4.0, -5.0; 13
1.0, -4.0, -5.0; 144
2.0, -4.0, -5.0; 12
3.0, -4.0, -5.0; 1
5.0, -4.0, -5.0; 2
6.0, -4.0, -5.0; 1
7.0, -4.0, -5.0; 3
8.0, -4.0, -5.0; 1
-9.0, -3.0, -5.0; 1
-8.0, -3.0, -5.0; 16
-7.0, -3.0, -5.0; 18
-6.0, -3.0, -5.0; 6
-5.0, -3.0, -5.0; 30
-4.0, -3.0, -5.0; 66
-3.0, -3.0, -5.0; 1371
-2.0, -3.0, -5.0; 1308
-1.0, -3.0, -5.0; 62
0.0, -3.0, -5.0; 73
1.0, -3.0, -5.0; 1082
2.0, -3.0, -5.0; 52
3.0, -3.0, -5.0; 2
4.0, -3.0, -5.0; 1
5.0, -3.0, -5.0; 9
6.0, -3.0, -5.0; 1
7.0, -3.0, -5.0; 7
8.0, -3.0, -5.0; 4
-9.0, -2.0, -5.0; 8
-8.0, -2.0, -5.0; 14
-7.0, -2.0, -5.0; 22
-6.0, -2.0, -5.0; 6
-5.0, -2.0, -5.0; 31
-4.0, -2.0, -5.0; 16
-3.0, -2.0, -5.0; 115
-2.0, -2.0, -5.0; 43
-1.0, -2.0, -5.0; 15
0.0, -2.0, -5.0; 46
1.0, -2.0, -5.0; 74
2.0, -2.0, -5.0; 10
3.0, -2.0, -5.0; 2
4.0, -2.0, -5.0; 18
5.0, -2.0, -5.0; 2
6.0, -2.0, -5.0; 2
7.0, -2.0, -5.0; 5
8.0, -2.0, -5.0; 8
-9.0, -1.0, -5.0; 4
-8.0, -1.0, -5.0; 11
-7.0, -1.0, -5.0; 28
-6.0, -1.0, -5.0; 4
-5.0, -1.0, -5.0; 4
-4.0, -1.0, -5.0; 10
-3.0, -1.0, -5.0; 42
-2.0, -1.0, -5.0; 44
-1.0, -1.0, -5.0; 15
0.0, -1.0, -5.0; 13
1.0, -1.0, -5.0; 3
2.0, -1.0, -5.0; 2
3.0, -1.0, -5.0; 4
4.0, -1.0, -5.0; 28
5.0, -1.0, -5.0; 9
7.0, -1.0, -5.0; 8
8.0, -1.0, -5.0; 9
-9.0, 0.0, -5.0; 5
-8.0, 0.0, -5.0; 12
-7.0, 0.0, -5.0; 27
-6.0, 0.0, -5.0; 7
-5.0, 0.0, -5.0; 10
-4.0, 0.0, -5.0; 59
-3.0, 0.0, -5.0; 102
-2.0, 0.0, -5.0; 48
-1.0, 0.0, -5.0; 8
0.0, 0.0, -5.0; 10
1.0, 0.0, -5.0; 1
2.0, 0.0, -5.0; 3
3.0, 0.0, -5.0; 15
4.0, 0.0, -5.0; 6
5.0, 0.0, -5.0; 10
6.0, 0.0, -5.0; 1
7.0, 0.0, -5.0; 2
8.0, 0.0, -5.0; 9
-9.0, 1.0, -5.0; 6
-8.0, 1.0, -5.0; 8
-7.0, 1.0, -5.0; 12
-6.0, 1.0, -5.0; 10
-5.0, 1.0, -5.0; 5
-4.0, 1.0, -5.0; 29
-3.0, 1.0, -5.0; 45
-2.0, 1.0, -5.0; 38
-1.0, 1.0, -5.0; 9
0.0, 1.0, -5.0; 30
1.0, 1.0, -5.0; 9
2.0, 1.0, -5.0; 7
3.0, 1.0, -5.0; 6
4.0, 1.0, -5.0; 5
5.0, 1.0, -5.0; 2
6.0, 1.0, -5.0; 1
7.0, 1.0, -5.0; 2
-9.0, 2.0, -5.0; 10
-8.0, 2.0, -5.0; 8
-7.0, 2.0, -5.0; 6
-6.0, 2.0, -5.0; 30
-5.0, 2.0, -5.0; 57
-4.0, 2.0, -5.0; 46
-3.0, 2.0, -5.0; 63
-2.0, 2.0, -5.0; 78
-1.0, 2.0, -5.0; 273
0.0, 2.0, -5.0; 136
1.0, 2.0, -5.0; 173
2.0, 2.0, -5.0; 113
3.0, 2.0, -5.0; 17
4.0, 2.0, -5.0; 7
5.0, 2.0, -5.0; 3
6.0, 2.0, -5.0; 2
7.0, 2.0, -5.0; 3
-9.0, 3.0, -5.0; 1
-8.0, 3.0, -5.0; 8
-7.0, 3.0, -5.0; 6
-6.0, 3.0, -5.0; 7
-5.0, 3.0, -5.0; 19
-4.0, 3.0, -5.0; 24
-3.0, 3.0, -5.0; 34
-2.0, 3.0, -5.0; 46
-1.0, 3.0, -5.0; 306
0.0, 3.0, -5.0; 279
1.0, 3.0, -5.0; 317
2.0, 3.0, -5.0; 44
3.0, 3.0, -5.0; 6
6.0, 3.0, -5.0; 1
7.0, 3.0, -5.0; 3
-8.0, 4.0, -5.0; 6
-7.0, 4.0, -5.0; 19
-6.0, 4.0, -5.0; 10
-5.0, 4.0, -5.0; 8
-4.0, 4.0, -5.0; 19
-3.0, 4.0, -5.0; 12
-2.0, 4.0, -5.0; 24
-1.0, 4.0, -5.0; 38
0.0, 4.0, -5.0; 35
1.0, 4.0, -5.0; 12
3.0, 4.0, -5.0; 3
4.0, 4.0, -5.0; 2
5.0, 4.0, -5.0; 1
6.0, 4.0, -5.0; 2
-8.0, 5.0, -5.0; 2
-7.0, 5.0, -5.0; 17
-6.0, 5.0, -5.0; 17
-5.0, 5.0, -5.0; 42
-4.0, 5.0, -5.0; 13
-3.0, 5.0, -5.0; 9
-2.0, 5.0, -5.0; 11
-1.0, 5.0, -5.0; 7
0.0, 5.0, -5.0; 7
1.0, 5.0, -5.0; 2
2.0, 5.0, -5.0; 2
3.0, 5.0, -5.0; 1
4.0, 5.0, -5.0; 2
5.0, 5.0, -5.0; 1
6.0, 5.0, -5.0; 3
-7.0, 6.0, -5.0; 1
-6.0, 6.0, -5.0; 9
-5.0, 6.0, -5.0; 11
-4.0, 6.0, -5.0; 27
-3.0, 6.0, -5.0; 74
-2.0, 6.0, -5.0; 9
-1.0, 6.0, -5.0; 3
0.0, 6.0, -5.0; 8
1.0, 6.0, -5.0; 7
2.0, 6.0, -5.0; 9
3.0, 6.0, -5.0; 2
4.0, 6.0, -5.0; 2
5.0, 6.0, -5.0; 1
-6.0, 7.0, -5.0; 1
-5.0, 7.0, -5.0; 7
-4.0, 7.0, -5.0; 6
-3.0, 7.0, -5.0; 42
-2.0, 7.0, -5.0; 29
-1.0, 7.0, -5.0; 4
0.0, 7.0, -5.0; 7
1.0, 7.0, -5.0; 11
2.0, 7.0, -5.0; 7
3.0, 7.0, -5.0; 5
4.0, 7.0, -5.0; 2
5.0, 7.0, -5.0; 1
-3.0, 8.0, -5.0; 4
-2.0, 8.0, -5.0; 12
-1.0, 8.0, -5.0; 11
0.0, 8.0, -5.0; 9
1.0, 8.0, -5.0; 7
2.0, 8.0, -5.0; 5
3.0, 8.0, -5.0; 2
-2.0, -10.0, -4.0; 5
-1.0, -10.0, -4.0; 4
0.0, -10.0, -4.0; 3
1.0, -10.0, -4.0; 2
-5.0, -9.0, -4.0; 2
-4.0, -9.0, -4.0; 4
-3.0, -9.0, -4.0; 10
-2.0, -9.0, -4.0; 11
-1.0, -9.0, -4.0; 16
0.0, -9.0, -4.0; 10
1.0, -9.0, -4.0; 5
2.0, -9.0, -4.0; 5
3.0, -9.0, -4.0; 2
-7.0, -8.0, -4.0; 1
-6.0, -8.0, -4.0; 9
-5.0, -8.0, -4.0; 9
-4.0, -8.0, -4.0; 12
-3.0, -8.0, -4.0; 17
-2.0, -8.0, -4.0; 19
-1.0, -8.0, -4.0; 71
0.0, -8.0, -4.0; 22
1.0, -8.0, -4.0; 9
2.0, -8.0, -4.0; 6
3.0, -8.0, -4.0; 6
4.0, -8.0, -4.0; 2
-7.0, -7.0, -4.0; 22
-6.0, -7.0, -4.0; 25
-5.0, -7.0, -4.0; 11
-4.0, -7.0, -4.0; 3
-3.0, -7.0, -4.0; 2
-2.0, -7.0, -4.0; 2
-1.0, -7.0, -4.0; 11
0.0, -7.0, -4.0; 29
1.0, -7.0, -4.0; 12
2.0, -7.0, -4.0; 2
3.0, -7.0, -4.0; 5
5.0, -7.0, -4.0; 2
6.0, -7.0, -4.0; 1
-8.0, -6.0, -4.0; 9
-7.0, -6.0, -4.0; 31
-6.0, -6.0, -4.0; 5
-5.0, -6.0, -4.0; 2
-2.0, -6.0, -4.0; 20
-1.0, -6.0, -4.0; 82
0.0, -6.0, -4.0; 39
1.0, -6.0, -4.0; 29
2.0, -6.0, -4.0; 2
3.0, -6.0, -4.0; 5
4.0, -6.0, -4.0; 1
5.0, -6.0, -4.0; 3
-9.0, -5.0, -4.0; 2
-8.0, -5.0, -4.0; 19
-7.0, -5.0, -4.0; 7
-6.0, -5.0, -4.0; 3
-5.0, -5.0, -4.0; 2
-4.0, -5.0, -4.0; 3
-3.0, -5.0, -4.0; 8
-2.0, -5.0, -4.0; 30
-1.0, -5.0, -4.0; 186
0.0, -5.0, -4.0; 51
1.0, -5.0, -4.0; 67
2.0, -5.0, -4.0; 45
3.0, -5.0, -4.0; 4
5.0, -5.0, -4.0; 4
7.0, -5.0, -4.0; 1
-9.0, -4.0, -4.0; 10
-8.0, -4.0, -4.0; 30
-7.0, -4.0, -4.0; 8
-6.0, -4.0, -4.0; 6
-5.0, -4.0, -4.0; 16
-4.0, -4.0, -4.0; 41
-3.0, -4.0, -4.0; 43
-2.0, -4.0, -4.0; 48
-1.0, -4.0, -4.0; 109
0.0, -4.0, -4.0; 14
1.0, -4.0, -4.0; 355
2.0, -4.0, -4.0; 205
3.0, -4.0, -4.0; 5
4.0, -4.0, -4.0; 4
5.0, -4.0, -4.0; 7
6.0, -4.0, -4.0; 1
7.0, -4.0, -4.0; 2
8.0, -4.0, -4.0; 12
-10.0, -3.0, -4.0; 1
-9.0, -3.0, -4.0; 8
-8.0, -3.0, -4.0; 13
-7.0, -3.0, -4.0; 4
-6.0, -3.0, -4.0; 50
-5.0, -3.0, -4.0; 51
-4.0, -3.0, -4.0; 210
-3.0, -3.0, -4.0; 141
-2.0, -3.0, -4.0; 5
-1.0, -3.0, -4.0; 2
0.0, -3.0, -4.0; 2
1.0, -3.0, -4.0; 579
2.0, -3.0, -4.0; 183
3.0, -3.0, -4.0; 12
4.0, -3.0, -4.0; 4
5.0, -3.0, -4.0; 21
6.0, -3.0, -4.0; 2
7.0, -3.0, -4.0; 3
8.0, -3.0, -4.0; 13
-9.0, -2.0, -4.0; 8
-8.0, -2.0, -4.0; 21
-7.0, -2.0, -4.0; 7
-6.0, -2.0, -4.0; 20
-5.0, -2.0, -4.0; 30
-4.0, -2.0, -4.0; 59
-3.0, -2.0, -4.0; 14
-2.0, -2.0, -4.0; 2
0.0, -2.0, -4.0; 1
1.0, -2.0, -4.0; 8
2.0, -2.0, -4.0; 6
4.0, -2.0, -4.0; 18
5.0, -2.0, -4.0; 29
6.0, -2.0, -4.0; 2
7.0, -2.0, -4.0; 3
8.0, -2.0, -4.0; 5
9.0, -2.0, -4.0; 3
-9.0, -1.0, -4.0; 4
-8.0, -1.0, -4.0; 8
-7.0, -1.0, -4.0; 18
-6.0, -1.0, -4.0; 2
-5.0, -1.0, -4.0; 9
-4.0, -1.0, -4.0; 7
1.0, -1.0, -4.0; 2
4.0, -1.0, -4.0; 30
5.0, -1.0, -4.0; 12
6.0, -1.0, -4.0; 4
7.0, -1.0, -4.0; 1
8.0, -1.0, -4.0; 13
9.0, -1.0, -4.0; 4
-9.0, 0.0, -4.0; 7
-8.0, 0.0, -4.0; 13
-7.0, 0.0, -4.0; 12
-6.0, 0.0, -4.0; 6
-5.0, 0.0, -4.0; 11
-4.0, 0.0, -4.0; 14
-3.0, 0.0, -4.0; 4
1.0, 0.0, -4.0; 1
3.0, 0.0, -4.0; 1
4.0, 0.0, -4.0; 6
5.0, 0.0, -4.0; 7
7.0, 0.0, -4.0; 1
8.0, 0.0, -4.0; 5
9.0, 0.0, -4.0; 2
-10.0, 1.0, -4.0; 3
-9.0, 1.0, -4.0; 10
-8.0, 1.0, -4.0; 8
-7.0, 1.0, -4.0; 3
-6.0, 1.0, -4.0; 25
-5.0, 1.0, -4.0; 44
-4.0, 1.0, -4.0; 14
-3.0, 1.0, -4.0; 1
2.0, 1.0, -4.0; 2
3.0, 1.0, -4.0; 2
4.0, 1.0, -4.0; 2
5.0, 1.0, -4.0; 8
6.0, 1.0, -4.0; 3
7.0, 1.0, -4.0; 1
8.0, 1.0, -4.0; 1
-10.0, 2.0, -4.0; 1
-9.0, 2.0, -4.0; 13
-8.0, 2.0, -4.0; 11
-7.0, 2.0, -4.0; 3
-6.0, 2.0, -4.0; 70
-5.0, 2.0, -4.0; 55
-4.0, 2.0, -4.0; 14
-3.0, 2.0, -4.0; 1
1.0, 2.0, -4.0; 6
2.0, 2.0, -4.0; 25
3.0, 2.0, -4.0; 4
4.0, 2.0, -4.0; 8
5.0, 2.0, -4.0; 6
6.0, 2.0, -4.0; 2
7.0, 2.0, -4.0; 3
8.0, 2.0, -4.0; 1
-9.0, 3.0, -4.0; 2
-8.0, 3.0, -4.0; 18
-7.0, 3.0, -4.0; 11
-6.0, 3.0, -4.0; 21
-5.0, 3.0, -4.0; 15
-3.0, 3.0, -4.0; 2
-1.0, 3.0, -4.0; 5
0.0, 3.0, -4.0; 63
1.0, 3.0, -4.0; 142
2.0, 3.0, -4.0; 111
3.0, 3.0, -4.0; 14
4.0, 3.0, -4.0; 7
5.0, 3.0, -4.0; 6
6.0, 3.0, -4.0; 1
-9.0, 4.0, -4.0; 1
-8.0, 4.0, -4.0; 14
-7.0, 4.0, -4.0; 8
-6.0, 4.0, -4.0; 8
-5.0, 4.0, -4.0; 3
-4.0, 4.0, -4.0; 2
-3.0, 4.0, -4.0; 8
-2.0, 4.0, -4.0; 18
-1.0, 4.0, -4.0; 29
0.0, 4.0, -4.0; 134
1.0, 4.0, -4.0; 143
2.0, 4.0, -4.0; 52
3.0, 4.0, -4.0; 6
4.0, 4.0, -4.0; 1
5.0, 4.0, -4.0; 1
7.0, 4.0, -4.0; 1
-8.0, 5.0, -4.0; 7
-7.0, 5.0, -4.0; 12
-6.0, 5.0, -4.0; 13
-5.0, 5.0, -4.0; 5
-4.0, 5.0, -4.0; 1
-3.0, 5.0, -4.0; 4
-2.0, 5.0, -4.0; 25
-1.0, 5.0, -4.0; 56
0.0, 5.0, -4.0; 37
1.0, 5.0, -4.0; 16
2.0, 5.0, -4.0; 2
3.0, 5.0, -4.0; 3
4.0, 5.0, -4.0; 1
5.0, 5.0, -4.0; 2
6.0, 5.0, -4.0; 1
7.0, 5.0, -4.0; 1
-7.0, 6.0, -4.0; 9
-6.0, 6.0, -4.0; 11
-5.0, 6.0, -4.0; 10
-4.0, 6.0, -4.0; 15
-3.0, 6.0, -4.0; 9
-2.0, 6.0, -4.0; 3
-1.0, 6.0, -4.0; 5
0.0, 6.0, -4.0; 9
1.0, 6.0, -4.0; 4
2.0, 6.0, -4.0; 4
3.0, 6.0, -4.0; 10
4.0, 6.0, -4.0; 3
5.0, 6.0, -4.0; 4
-6.0, 7.0, -4.0; 4
-5.0, 7.0, -4.0; 2
-4.0, 7.0, -4.0; 7
-3.0, 7.0, -4.0; 24
-2.0, 7.0, -4.0; 21
-1.0, 7.0, -4.0; 7
0.0, 7.0, -4.0; 4
1.0, 7.0, -4.0; 12
2.0, 7.0, -4.0; 9
3.0, 7.0, -4.0; 3
4.0, 7.0, -4.0; 6
-5.0, 8.0, -4.0; 1
-4.0, 8.0, -4.0; 1
-3.0, 8.0, -4.0; 12
-2.0, 8.0, -4.0; 17
-1.0, 8.0, -4.0; 9
0.0, 8.0, -4.0; 6
1.0, 8.0, -4.0; 6
2.0, 8.0, -4.0; 8
3.0, 8.0, -4.0; 1
-2.0, 9.0, -4.0; 2
-1.0, 9.0, -4.0; 3
0.0, 9.0, -4.0; 8
1.0, 9.0, -4.0; 7
2.0, 9.0, -4.0; 1
-4.0, -10.0, -3.0; 1
-3.0, -10.0, -3.0; 9
-2.0, -10.0, -3.0; 6
-1.0, -10.0, -3.0; 14
0.0, -10.0, -3.0; 12
1.0, -10.0, -3.0; 2
2.0, -10.0, -3.0; 1
-6.0, -9.0, -3.0; 1
-5.0, -9.0, -3.0; 3
-4.0, -9.0, -3.0; 7
-3.0, -9.0, -3.0; 12
-2.0, -9.0, -3.0; 5
-1.0, -9.0, -3.0; 8
0.0, -9.0, -3.0; 10
1.0, -9.0, -3.0; 8
2.0, -9.0, -3.0; 6
3.0, -9.0, -3.0; 2
4.0, -9.0, -3.0; 3
-7.0, -8.0, -3.0; 2
-6.0, -8.0, -3.0; 12
-5.0, -8.0, -3.0; 14
-4.0, -8.0, -3.0; 14
-3.0, -8.0, -3.0; 15
-2.0, -8.0, -3.0; 18
-1.0, -8.0, -3.0; 12
0.0, -8.0, -3.0; 14
1.0, -8.0, -3.0; 6
2.0, -8.0, -3.0; 4
3.0, -8.0, -3.0; 2
4.0, -8.0, -3.0; 8
5.0, -8.0, -3.0; 2
-8.0, -7.0, -3.0; 4
-7.0, -7.0, -3.0; 24
-6.0, -7.0, -3.0; 17
-5.0, -7.0, -3.0; 1
-4.0, -7.0, -3.0; 1
-3.0, -7.0, -3.0; 3
-1.0, -7.0, -3.0; 2
0.0, -7.0, -3.0; 25
1.0, -7.0, -3.0; 18
2.0, -7.0, -3.0; 5
4.0, -7.0, -3.0; 2
5.0, -7.0, -3.0; 4
-9.0, -6.0, -3.0; 3
-8.0, -6.0, -3.0; 25
-7.0, -6.0, -3.0; 12
-6.0, -6.0, -3.0; 3
-3.0, -6.0, -3.0; 1
-1.0, -6.0, -3.0; 44
0.0, -6.0, -3.0; 80
1.0, -6.0, -3.0; 595
2.0, -6.0, -3.0; 47
3.0, -6.0, -3.0; 5
4.0, -6.0, -3.0; 3
5.0, -6.0, -3.0; 1
6.0, -6.0, -3.0; 1
-9.0, -5.0, -3.0; 9
-8.0, -5.0, -3.0; 22
-7.0, -5.0, -3.0; 8
-6.0, -5.0, -3.0; 1
-5.0, -5.0, -3.0; 3
-1.0, -5.0, -3.0; 32
0.0, -5.0, -3.0; 92
1.0, -5.0, -3.0; 50
2.0, -5.0, -3.0; 71
3.0, -5.0, -3.0; 13
4.0, -5.0, -3.0; 1
5.0, -5.0, -3.0; 2
6.0, -5.0, -3.0; 1
7.0, -5.0, -3.0; 4
8.0, -5.0, -3.0; 1
-10.0, -4.0, -3.0; 1
-9.0, -4.0, -3.0; 13
-8.0, -4.0, -3.0; 11
-7.0, -4.0, -3.0; 1
-6.0, -4.0, -3.0; 3
-5.0, -4.0, -3.0; 15
-4.0, -4.0, -3.0; 1
-2.0, -4.0, -3.0; 1
0.0, -4.0, -3.0; 1
1.0, -4.0, -3.0; 4
2.0, -4.0, -3.0; 23
3.0, -4.0, -3.0; 15
4.0, -4.0, -3.0; 1
5.0, -4.0, -3.0; 8
7.0, -4.0, -3.0; 3
8.0, -4.0, -3.0; 8
-10.0, -3.0, -3.0; 2
-9.0, -3.0, -3.0; 11
-8.0, -3.0, -3.0; 13
-7.0, -3.0, -3.0; 6
-6.0, -3.0, -3.0; 39
-5.0, -3.0, -3.0; 77
-4.0, -3.0, -3.0; 11
-3.0, -3.0, -3.0; 6
-2.0, -3.0, -3.0; 1
2.0, -3.0, -3.0; 2
3.0, -3.0, -3.0; 3
4.0, -3.0, -3.0; 2
5.0, -3.0, -3.0; 20
6.0, -3.0, -3.0; 1
7.0, -3.0, -3.0; 2
8.0, -3.0, -3.0; 5
9.0, -3.0, -3.0; 2
-10.0, -2.0, -3.0; 2
-9.0, -2.0, -3.0; 11
-8.0, -2.0, -3.0; 13
-7.0, -2.0, -3.0; 9
-6.0, -2.0, -3.0; 36
-5.0, -2.0, -3.0; 24
-4.0, -2.0, -3.0; 1
-3.0, -2.0, -3.0; 2
4.0, -2.0, -3.0; 2
5.0, -2.0, -3.0; 14
6.0, -2.0, -3.0; 5
7.0, -2.0, -3.0; 1
8.0, -2.0, -3.0; 3
9.0, -2.0, -3.0; 10
-10.0, -1.0, -3.0; 2
-9.0, -1.0, -3.0; 3
-8.0, -1.0, -3.0; 20
-7.0, -1.0, -3.0; 22
-6.0, -1.0, -3.0; 3
-5.0, -1.0, -3.0; 3
4.0, -1.0, -3.0; 1
5.0, -1.0, -3.0; 5
6.0, -1.0, -3.0; 3
9.0, -1.0, -3.0; 3
-10.0, 0.0, -3.0; 4
-9.0, 0.0, -3.0; 5
-8.0, 0.0, -3.0; 14
-7.0, 0.0, -3.0; 3
-6.0, 0.0, -3.0; 15
-5.0, 0.0, -3.0; 9
-4.0, 0.0, -3.0; 1
4.0, 0.0, -3.0; 1
5.0, 0.0, -3.0; 6
6.0, 0.0, -3.0; 4
7.0, 0.0, -3.0; 2
8.0, 0.0, -3.0; 3
9.0, 0.0, -3.0; 2
-10.0, 1.0, -3.0; 6
-9.0, 1.0, -3.0; 7
-8.0, 1.0, -3.0; 9
-7.0, 1.0, -3.0; 5
-6.0, 1.0, -3.0; 59
-5.0, 1.0, -3.0; 19
-4.0, 1.0, -3.0; 3
3.0, 1.0, -3.0; 1
4.0, 1.0, -3.0; 7
5.0, 1.0, -3.0; 5
6.0, 1.0, -3.0; 1
7.0, 1.0, -3.0; 1
9.0, 1.0, -3.0; 1
-10.0, 2.0, -3.0; 2
-9.0, 2.0, -3.0; 10
-8.0, 2.0, -3.0; 13
-7.0, 2.0, -3.0; 22
-6.0, 2.0, -3.0; 21
-5.0, 2.0, -3.0; 17
-4.0, 2.0, -3.0; 1
2.0, 2.0, -3.0; 1
3.0, 2.0, -3.0; 3
4.0, 2.0, -3.0; 3
5.0, 2.0, -3.0; 2
6.0, 2.0, -3.0; 5
7.0, 2.0, -3.0; 2
9.0, 2.0, -3.0; 1
-9.0, 3.0, -3.0; 14
-8.0, 3.0, -3.0; 10
-7.0, 3.0, -3.0; 6
-6.0, 3.0, -3.0; 25
-5.0, 3.0, -3.0; 5
-3.0, 3.0, -3.0; 1
1.0, 3.0, -3.0; 3
2.0, 3.0, -3.0; 4
3.0, 3.0, -3.0; 3
4.0, 3.0, -3.0; 4
5.0, 3.0, -3.0; 3
6.0, 3.0, -3.0; 1
7.0, 3.0, -3.0; 1
-9.0, 4.0, -3.0; 9
-8.0, 4.0, -3.0; 15
-7.0, 4.0, -3.0; 7
-6.0, 4.0, -3.0; 6
-5.0, 4.0, -3.0; 9
-4.0, 4.0, -3.0; 2
-3.0, 4.0, -3.0; 1
-2.0, 4.0, -3.0; 1
0.0, 4.0, -3.0; 47
1.0, 4.0, -3.0; 104
2.0, 4.0, -3.0; 82
3.0, 4.0, -3.0; 3
4.0, 4.0, -3.0; 4
5.0, 4.0, -3.0; 4
6.0, 4.0, -3.0; 1
7.0, 4.0, -3.0; 1
-9.0, 5.0, -3.0; 1
-8.0, 5.0, -3.0; 17
-7.0, 5.0, -3.0; 17
-6.0, 5.0, -3.0; 2
-4.0, 5.0, -3.0; 1
-2.0, 5.0, -3.0; 5
-1.0, 5.0, -3.0; 28
0.0, 5.0, -3.0; 59
1.0, 5.0, -3.0; 61
2.0, 5.0, -3.0; 12
3.0, 5.0, -3.0; 3
4.0, 5.0, -3.0; 2
6.0, 5.0, -3.0; 2
7.0, 5.0, -3.0; 2
-8.0, 6.0, -3.0; 2
-7.0, 6.0, -3.0; 11
-6.0, 6.0, -3.0; 11
-5.0, 6.0, -3.0; 6
-4.0, 6.0, -3.0; 2
-3.0, 6.0, -3.0; 1
-2.0, 6.0, -3.0; 2
-1.0, 6.0, -3.0; 17
0.0, 6.0, -3.0; 31
1.0, 6.0, -3.0; 13
2.0, 6.0, -3.0; 2
3.0, 6.0, -3.0; 4
5.0, 6.0, -3.0; 5
-6.0, 7.0, -3.0; 7
-5.0, 7.0, -3.0; 11
-4.0, 7.0, -3.0; 15
-3.0, 7.0, -3.0; 8
-2.0, 7.0, -3.0; 3
-1.0, 7.0, -3.0; 7
0.0, 7.0, -3.0; 13
1.0, 7.0, -3.0; 11
2.0, 7.0, -3.0; 10
3.0, 7.0, -3.0; 2
4.0, 7.0, -3.0; 2
5.0, 7.0, -3.0; 2
-5.0, 8.0, -3.0; 3
-4.0, 8.0, -3.0; 11
-3.0, 8.0, -3.0; 17
-2.0, 8.0, -3.0; 14
-1.0, 8.0, -3.0; 10
0.0, 8.0, -3.0; 6
1.0, 8.0, -3.0; 16
2.0, 8.0, -3.0; 10
3.0, 8.0, -3.0; 2
4.0, 8.0, -3.0; 1
-3.0, 9.0, -3.0; 3
-2.0, 9.0, -3.0; 7
-1.0, 9.0, -3.0; 22
0.0, 9.0, -3.0; 12
1.0, 9.0, -3.0; 9
2.0, 9.0, -3.0; 3
-4.0, -10.0, -2.0; 5
-3.0, -10.0, -2.0; 18
-2.0, -10.0, -2.0; 24
-1.0, -10.0, -2.0; 23
0.0, -10.0, -2.0; 20
1.0, -10.0, -2.0; 6
2.0, -10.0, -2.0; 4
-6.0, -9.0, -2.0; 4
-5.0, -9.0, -2.0; 9
-4.0, -9.0, -2.0; 6
-3.0, -9.0, -2.0; 10
-2.0, -9.0, -2.0; 9
-1.0, -9.0, -2.0; 7
0.0, -9.0, -2.0; 5
1.0, -9.0, -2.0; 11
2.0, -9.0, -2.0; 4
4.0, -9.0, -2.0; 2
-7.0, -8.0, -2.0; 5
-6.0, -8.0, -2.0; 13
-5.0, -8.0, -2.0; 3
-4.0, -8.0, -2.0; 5
-3.0, -8.0, -2.0; 5
-2.0, -8.0, -2.0; 5
-1.0, -8.0, -2.0; 10
0.0, -8.0, -2.0; 7
1.0, -8.0, -2.0; 8
2.0, -8.0, -2.0; 6
3.0, -8.0, -2.0; 5
4.0, -8.0, -2.0; 3
5.0, -8.0, -2.0; 2
-8.0, -7.0, -2.0; 8
-7.0, -7.0, -2.0; 14
-6.0, -7.0, -2.0; 5
-4.0, -7.0, -2.0; 1
-2.0, -7.0, -2.0; 1
-1.0, -7.0, -2.0; 14
0.0, -7.0, -2.0; 48
1.0, -7.0, -2.0; 14
2.0, -7.0, -2.0; 5
3.0, -7.0, -2.0; 7
4.0, -7.0, -2.0; 1
5.0, -7.0, -2.0; 4
-9.0, -6.0, -2.0; 7
-8.0, -6.0, -2.0; 18
-7.0, -6.0, -2.0; 12
-6.0, -6.0, -2.0; 1
-5.0, -6.0, -2.0; 1
-1.0, -6.0, -2.0; 15
0.0, -6.0, -2.0; 74
1.0, -6.0, -2.0; 333
2.0, -6.0, -2.0; 44
4.0, -6.0, -2.0; 2
8.0, -6.0, -2.0; 1
-9.0, -5.0, -2.0; 10
-8.0, -5.0, -2.0; 43
-7.0, -5.0, -2.0; 3
-6.0, -5.0, -2.0; 1
-5.0, -5.0, -2.0; 2
-4.0, -5.0, -2.0; 1
-2.0, -5.0, -2.0; 1
-1.0, -5.0, -2.0; 1
0.0, -5.0, -2.0; 16
1.0, -5.0, -2.0; 6
2.0, -5.0, -2.0; 34
3.0, -5.0, -2.0; 12
5.0, -5.0, -2.0; 2
6.0, -5.0, -2.0; 2
8.0, -5.0, -2.0; 2
-10.0, -4.0, -2.0; 5
-9.0, -4.0, -2.0; 19
-8.0, -4.0, -2.0; 12
-7.0, -4.0, -2.0; 9
-6.0, -4.0, -2.0; 9
-5.0, -4.0, -2.0; 6
2.0, -4.0, -2.0; 3
3.0, -4.0, -2.0; 4
5.0, -4.0, -2.0; 7
6.0, -4.0, -2.0; 6
8.0, -4.0, -2.0; 1
-10.0, -3.0, -2.0; 7
-9.0, -3.0, -2.0; 12
-8.0, -3.0, -2.0; 11
-7.0, -3.0, -2.0; 5
-6.0, -3.0, -2.0; 24
-5.0, -3.0, -2.0; 31
-4.0, -3.0, -2.0; 1
3.0, -3.0, -2.0; 1
5.0, -3.0, -2.0; 3
6.0, -3.0, -2.0; 5
7.0, -3.0, -2.0; 1
8.0, -3.0, -2.0; 1
9.0, -3.0, -2.0; 2
-10.0, -2.0, -2.0; 4
-9.0, -2.0, -2.0; 8
-8.0, -2.0, -2.0; 8
-7.0, -2.0, -2.0; 4
-6.0, -2.0, -2.0; 17
-5.0, -2.0, -2.0; 9
4.0, -2.0, -2.0; 1
5.0, -2.0, -2.0; 3
6.0, -2.0, -2.0; 1
8.0, -2.0, -2.0; 1
9.0, -2.0, -2.0; 3
-10.0, -1.0, -2.0; 2
-9.0, -1.0, -2.0; 14
-8.0, -1.0, -2.0; 21
-7.0, -1.0, -2.0; 3
-6.0, -1.0, -2.0; 4
5.0, -1.0, -2.0; 1
6.0, -1.0, -2.0; 1
9.0, -1.0, -2.0; 2
-10.0, 0.0, -2.0; 3
-9.0, 0.0, -2.0; 8
-8.0, 0.0, -2.0; 15
-7.0, 0.0, -2.0; 6
-6.0, 0.0, -2.0; 20
-5.0, 0.0, -2.0; 2
5.0, 0.0, -2.0; 1
6.0, 0.0, -2.0; 2
7.0, 0.0, -2.0; 1
-10.0, 1.0, -2.0; 5
-9.0, 1.0, -2.0; 10
-8.0, 1.0, -2.0; 3
-7.0, 1.0, -2.0; 7
-6.0, 1.0, -2.0; 417
-5.0, 1.0, -2.0; 42
5.0, 1.0, -2.0; 2
7.0, 1.0, -2.0; 3
8.0, 1.0, -2.0; 1
-10.0, 2.0, -2.0; 4
-9.0, 2.0, -2.0; 15
-8.0, 2.0, -2.0; 4
-7.0, 2.0, -2.0; 23
-6.0, 2.0, -2.0; 45
-5.0, 2.0, -2.0; 19
-4.0, 2.0, -2.0; 1
4.0, 2.0, -2.0; 1
-10.0, 3.0, -2.0; 2
-9.0, 3.0, -2.0; 20
-8.0, 3.0, -2.0; 10
-7.0, 3.0, -2.0; 21
-6.0, 3.0, -2.0; 23
-5.0, 3.0, -2.0; 7
-3.0, 3.0, -2.0; 1
5.0, 3.0, -2.0; 1
6.0, 3.0, -2.0; 1
7.0, 3.0, -2.0; 1
8.0, 3.0, -2.0; 1
-9.0, 4.0, -2.0; 12
-8.0, 4.0, -2.0; 18
-7.0, 4.0, -2.0; 3
-6.0, 4.0, -2.0; 19
-5.0, 4.0, -2.0; 16
-4.0, 4.0, -2.0; 1
-2.0, 4.0, -2.0; 1
0.0, 4.0, -2.0; 16
1.0, 4.0, -2.0; 45
2.0, 4.0, -2.0; 26
3.0, 4.0, -2.0; 5
4.0, 4.0, -2.0; 2
5.0, 4.0, -2.0; 5
6.0, 4.0, -2.0; 1
-9.0, 5.0, -2.0; 3
-8.0, 5.0, -2.0; 23
-7.0, 5.0, -2.0; 11
-5.0, 5.0, -2.0; 5
-4.0, 5.0, -2.0; 3
-3.0, 5.0, -2.0; 2
-2.0, 5.0, -2.0; 3
-1.0, 5.0, -2.0; 13
0.0, 5.0, -2.0; 264
1.0, 5.0, -2.0; 177
2.0, 5.0, -2.0; 43
3.0, 5.0, -2.0; 17
4.0, 5.0, -2.0; 5
5.0, 5.0, -2.0; 1
-8.0, 6.0, -2.0; 9
-7.0, 6.0, -2.0; 23
-6.0, 6.0, -2.0; 14
-5.0, 6.0, -2.0; 7
-4.0, 6.0, -2.0; 1
-3.0, 6.0, -2.0; 9
-2.0, 6.0, -2.0; 19
-1.0, 6.0, -2.0; 38
0.0, 6.0, -2.0; 82
1.0, 6.0, -2.0; 41
2.0, 6.0, -2.0; 4
4.0, 6.0, -2.0; 2
5.0, 6.0, -2.0; 2
6.0, 6.0, -2.0; 1
-7.0, 7.0, -2.0; 3
-6.0, 7.0, -2.0; 16
-5.0, 7.0, -2.0; 22
-4.0, 7.0, -2.0; 6
-3.0, 7.0, -2.0; 8
-2.0, 7.0, -2.0; 4
-1.0, 7.0, -2.0; 8
0.0, 7.0, -2.0; 20
1.0, 7.0, -2.0; 4
2.0, 7.0, -2.0; 12
3.0, 7.0, -2.0; 3
5.0, 7.0, -2.0; 1
-5.0, 8.0, -2.0; 3
-4.0, 8.0, -2.0; 11
-3.0, 8.0, -2.0; 11
-2.0, 8.0, -2.0; 14
-1.0, 8.0, -2.0; 9
0.0, 8.0, -2.0; 11
1.0, 8.0, -2.0; 17
2.0, 8.0, -2.0; 9
3.0, 8.0, -2.0; 7
4.0, 8.0, -2.0; 1
-4.0, 9.0, -2.0; 1
-3.0, 9.0, -2.0; 6
-2.0, 9.0, -2.0; 13
-1.0, 9.0, -2.0; 13
0.0, 9.0, -2.0; 15
1.0, 9.0, -2.0; 16
2.0, 9.0, -2.0; 9
3.0, 9.0, -2.0; 1
-5.0, -10.0, -1.0; 1
-4.0, -10.0, -1.0; 21
-3.0, -10.0, -1.0; 30
-2.0, -10.0, -1.0; 39
-1.0, -10.0, -1.0; 31
0.0, -10.0, -1.0; 25
1.0, -10.0, -1.0; 9
2.0, -10.0, -1.0; 2
3.0, -10.0, -1.0; 2
-6.0, -9.0, -1.0; 11
-5.0, -9.0, -1.0; 23
-4.0, -9.0, -1.0; 11
-3.0, -9.0, -1.0; 2
-2.0, -9.0, -1.0; 6
-1.0, -9.0, -1.0; 3
0.0, -9.0, -1.0; 6
1.0, -9.0, -1.0; 9
2.0, -9.0, -1.0; 5
3.0, -9.0, -1.0; 2
4.0, -9.0, -1.0; 3
5.0, -9.0, -1.0; 1
-7.0, -8.0, -1.0; 13
-6.0, -8.0, -1.0; 18
-5.0, -8.0, -1.0; 5
-4.0, -8.0, -1.0; 1
-3.0, -8.0, -1.0; 3
-2.0, -8.0, -1.0; 10
-1.0, -8.0, -1.0; 21
0.0, -8.0, -1.0; 3
1.0, -8.0, -1.0; 5
2.0, -8.0, -1.0; 4
3.0, -8.0, -1.0; 5
4.0, -8.0, -1.0; 1
5.0, -8.0, -1.0; 2
-8.0, -7.0, -1.0; 10
-7.0, -7.0, -1.0; 14
-6.0, -7.0, -1.0; 7
-5.0, -7.0, -1.0; 1
-3.0, -7.0, -1.0; 4
-2.0, -7.0, -1.0; 19
-1.0, -7.0, -1.0; 61
0.0, -7.0, -1.0; 100
1.0, -7.0, -1.0; 30
2.0, -7.0, -1.0; 1
3.0, -7.0, -1.0; 4
4.0, -7.0, -1.0; 7
6.0, -7.0, -1.0; 3
7.0, -7.0, -1.0; 1
-9.0, -6.0, -1.0; 3
-8.0, -6.0, -1.0; 32
-7.0, -6.0, -1.0; 13
-3.0, -6.0, -1.0; 2
-2.0, -6.0, -1.0; 4
-1.0, -6.0, -1.0; 10
0.0, -6.0, -1.0; 32
1.0, -6.0, -1.0; 25
2.0, -6.0, -1.0; 13
3.0, -6.0, -1.0; 4
4.0, -6.0, -1.0; 3
5.0, -6.0, -1.0; 4
8.0, -6.0, -1.0; 1
-9.0, -5.0, -1.0; 13
-8.0, -5.0, -1.0; 43
-7.0, -5.0, -1.0; 14
-6.0, -5.0, -1.0; 15
-5.0, -5.0, -1.0; 3
-4.0, -5.0, -1.0; 1
-3.0, -5.0, -1.0; 1
-2.0, -5.0, -1.0; 1
0.0, -5.0, -1.0; 2
1.0, -5.0, -1.0; 6
2.0, -5.0, -1.0; 10
3.0, -5.0, -1.0; 2
4.0, -5.0, -1.0; 1
5.0, -5.0, -1.0; 2
-10.0, -4.0, -1.0; 3
-9.0, -4.0, -1.0; 18
-8.0, -4.0, -1.0; 6
-7.0, -4.0, -1.0; 20
-6.0, -4.0, -1.0; 22
-5.0, -4.0, -1.0; 1
2.0, -4.0, -1.0; 2
3.0, -4.0, -1.0; 4
4.0, -4.0, -1.0; 1
5.0, -4.0, -1.0; 5
8.0, -4.0, -1.0; 1
9.0, -4.0, -1.0; 1
-10.0, -3.0, -1.0; 6
-9.0, -3.0, -1.0; 11
-8.0, -3.0, -1.0; 10
-7.0, -3.0, -1.0; 17
-6.0, -3.0, -1.0; 20
-5.0, -3.0, -1.0; 18
4.0, -3.0, -1.0; 1
5.0, -3.0, -1.0; 3
6.0, -3.0, -1.0; 1
7.0, -3.0, -1.0; 1
9.0, -3.0, -1.0; 2
-9.0, -2.0, -1.0; 7
-8.0, -2.0, -1.0; 13
-7.0, -2.0, -1.0; 6
-6.0, -2.0, -1.0; 5
-5.0, -2.0, -1.0; 2
3.0, -2.0, -1.0; 1
4.0, -2.0, -1.0; 1
5.0, -2.0, -1.0; 2
6.0, -2.0, -1.0; 3
9.0, -2.0, -1.0; 1
-10.0, -1.0, -1.0; 4
-9.0, -1.0, -1.0; 9
-8.0, -1.0, -1.0; 12
-7.0, -1.0, -1.0; 5
-6.0, -1.0, -1.0; 2
-5.0, -1.0, -1.0; 1
5.0, -1.0, -1.0; 1
6.0, -1.0, -1.0; 2
-10.0, 0.0, -1.0; 3
-9.0, 0.0, -1.0; 8
-8.0, 0.0, -1.0; 15
-7.0, 0.0, -1.0; 6
-6.0, 0.0, -1.0; 5
6.0, 0.0, -1.0; 1
-10.0, 1.0, -1.0; 5
-9.0, 1.0, -1.0; 22
-8.0, 1.0, -1.0; 6
-7.0, 1.0, -1.0; 9
-6.0, 1.0, -1.0; 756
-5.0, 1.0, -1.0; 48
5.0, 1.0, -1.0; 2
-10.0, 2.0, -1.0; 2
-9.0, 2.0, -1.0; 13
-8.0, 2.0, -1.0; 9
-7.0, 2.0, -1.0; 12
-6.0, 2.0, -1.0; 112
-5.0, 2.0, -1.0; 74
4.0, 2.0, -1.0; 1
6.0, 2.0, -1.0; 3
7.0, 2.0, -1.0; 2
-10.0, 3.0, -1.0; 3
-9.0, 3.0, -1.0; 18
-8.0, 3.0, -1.0; 8
-7.0, 3.0, -1.0; 18
-6.0, 3.0, -1.0; 47
-5.0, 3.0, -1.0; 13
-4.0, 3.0, -1.0; 2
-3.0, 3.0, -1.0; 1
3.0, 3.0, -1.0; 1
4.0, 3.0, -1.0; 1
6.0, 3.0, -1.0; 1
7.0, 3.0, -1.0; 1
8.0, 3.0, -1.0; 1
-9.0, 4.0, -1.0; 18
-8.0, 4.0, -1.0; 20
-7.0, 4.0, -1.0; 5
-6.0, 4.0, -1.0; 60
-5.0, 4.0, -1.0; 68
-4.0, 4.0, -1.0; 2
0.0, 4.0, -1.0; 1
1.0, 4.0, -1.0; 8
2.0, 4.0, -1.0; 3
3.0, 4.0, -1.0; 3
4.0, 4.0, -1.0; 12
5.0, 4.0, -1.0; 3
6.0, 4.0, -1.0; 2
7.0, 4.0, -1.0; 3
-9.0, 5.0, -1.0; 7
-8.0, 5.0, -1.0; 18
-7.0, 5.0, -1.0; 9
-6.0, 5.0, -1.0; 4
-5.0, 5.0, -1.0; 32
-4.0, 5.0, -1.0; 53
-3.0, 5.0, -1.0; 17
-2.0, 5.0, -1.0; 6
-1.0, 5.0, -1.0; 15
0.0, 5.0, -1.0; 531
1.0, 5.0, -1.0; 154
2.0, 5.0, -1.0; 30
3.0, 5.0, -1.0; 20
4.0, 5.0, -1.0; 2
5.0, 5.0, -1.0; 1
6.0, 5.0, -1.0; 2
-8.0, 6.0, -1.0; 14
-7.0, 6.0, -1.0; 59
-6.0, 6.0, -1.0; 305
-5.0, 6.0, -1.0; 50
-4.0, 6.0, -1.0; 7
-3.0, 6.0, -1.0; 33
-2.0, 6.0, -1.0; 56
-1.0, 6.0, -1.0; 77
0.0, 6.0, -1.0; 128
1.0, 6.0, -1.0; 57
2.0, 6.0, -1.0; 1
3.0, 6.0, -1.0; 1
4.0, 6.0, -1.0; 2
5.0, 6.0, -1.0; 2
-7.0, 7.0, -1.0; 11
-6.0, 7.0, -1.0; 22
-5.0, 7.0, -1.0; 77
-4.0, 7.0, -1.0; 17
-3.0, 7.0, -1.0; 11
-2.0, 7.0, -1.0; 4
-1.0, 7.0, -1.0; 28
0.0, 7.0, -1.0; 29
1.0, 7.0, -1.0; 4
2.0, 7.0, -1.0; 6
3.0, 7.0, -1.0; 6
4.0, 7.0, -1.0; 4
5.0, 7.0, -1.0; 3
6.0, 7.0, -1.0; 1
-6.0, 8.0, -1.0; 2
-5.0, 8.0, -1.0; 6
-4.0, 8.0, -1.0; 10
-3.0, 8.0, -1.0; 19
-2.0, 8.0, -1.0; 8
-1.0, 8.0, -1.0; 2
0.0, 8.0, -1.0; 9
1.0, 8.0, -1.0; 7
2.0, 8.0, -1.0; 12
3.0, 8.0, -1.0; 6
4.0, 8.0, -1.0; 1
-5.0, 9.0, -1.0; 1
-4.0, 9.0, -1.0; 4
-3.0, 9.0, -1.0; 8
-2.0, 9.0, -1.0; 16
-1.0, 9.0, -1.0; 20
0.0, 9.0, -1.0; 22
1.0, 9.0, -1.0; 9
2.0, 9.0, -1.0; 4
-4.0, -10.0, 0.0; 28
-3.0, -10.0, 0.0; 18
-2.0, -10.0, 0.0; 26
-1.0, -10.0, 0.0; 20
0.0, -10.0, 0.0; 16
1.0, -10.0, 0.0; 4
2.0, -10.0, 0.0; 3
-6.0, -9.0, 0.0; 11
-5.0, -9.0, 0.0; 30
-4.0, -9.0, 0.0; 24
-3.0, -9.0, 0.0; 9
-2.0, -9.0, 0.0; 5
-1.0, -9.0, 0.0; 9
0.0, -9.0, 0.0; 5
1.0, -9.0, 0.0; 8
2.0, -9.0, 0.0; 5
3.0, -9.0, 0.0; 3
4.0, -9.0, 0.0; 2
5.0, -9.0, 0.0; 1
-7.0, -8.0, 0.0; 20
-6.0, -8.0, 0.0; 17
-5.0, -8.0, 0.0; 7
-4.0, -8.0, 0.0; 2
-3.0, -8.0, 0.0; 6
-2.0, -8.0, 0.0; 17
-1.0, -8.0, 0.0; 13
0.0, -8.0, 0.0; 8
1.0, -8.0, 0.0; 4
2.0, -8.0, 0.0; 4
3.0, -8.0, 0.0; 6
4.0, -8.0, 0.0; 1
5.0, -8.0, 0.0; 2
6.0, -8.0, 0.0; 2
-8.0, -7.0, 0.0; 6
-7.0, -7.0, 0.0; 19
-6.0, -7.0, 0.0; 7
-5.0, -7.0, 0.0; 5
-4.0, -7.0, 0.0; 25
-3.0, -7.0, 0.0; 72
-2.0, -7.0, 0.0; 159
-1.0, -7.0, 0.0; 197
0.0, -7.0, 0.0; 103
1.0, -7.0, 0.0; 9
2.0, -7.0, 0.0; 4
3.0, -7.0, 0.0; 5
7.0, -7.0, 0.0; 1
-9.0, -6.0, 0.0; 4
-8.0, -6.0, 0.0; 20
-7.0, -6.0, 0.0; 16
-6.0, -6.0, 0.0; 11
-5.0, -6.0, 0.0; 44
-4.0, -6.0, 0.0; 12
-3.0, -6.0, 0.0; 14
-2.0, -6.0, 0.0; 30
-1.0, -6.0, 0.0; 34
0.0, -6.0, 0.0; 28
1.0, -6.0, 0.0; 13
2.0, -6.0, 0.0; 12
3.0, -6.0, 0.0; 6
4.0, -6.0, 0.0; 1
5.0, -6.0, 0.0; 3
-9.0, -5.0, 0.0; 11
-8.0, -5.0, 0.0; 30
-7.0, -5.0, 0.0; 4
-6.0, -5.0, 0.0; 102
-5.0, -5.0, 0.0; 13
-4.0, -5.0, 0.0; 7
-3.0, -5.0, 0.0; 3
-2.0, -5.0, 0.0; 1
-1.0, -5.0, 0.0; 2
0.0, -5.0, 0.0; 1
2.0, -5.0, 0.0; 6
3.0, -5.0, 0.0; 4
5.0, -5.0, 0.0; 1
6.0, -5.0, 0.0; 1
-10.0, -4.0, 0.0; 1
-9.0, -4.0, 0.0; 23
-8.0, -4.0, 0.0; 21
-7.0, -4.0, 0.0; 20
-6.0, -4.0, 0.0; 32
-5.0, -4.0, 0.0; 7
-4.0, -4.0, 0.0; 6
2.0, -4.0, 0.0; 1
5.0, -4.0, 0.0; 1
6.0, -4.0, 0.0; 1
8.0, -4.0, 0.0; 1
9.0, -4.0, 0.0; 1
-10.0, -3.0, 0.0; 2
-9.0, -3.0, 0.0; 20
-8.0, -3.0, 0.0; 13
-7.0, -3.0, 0.0; 7
-6.0, -3.0, 0.0; 9
-5.0, -3.0, 0.0; 12
5.0, -3.0, 0.0; 1
7.0, -3.0, 0.0; 2
-10.0, -2.0, 0.0; 3
-9.0, -2.0, 0.0; 12
-8.0, -2.0, 0.0; 14
-7.0, -2.0, 0.0; 8
-6.0, -2.0, 0.0; 5
4.0, -2.0, 0.0; 2
5.0, -2.0, 0.0; 1
6.0, -2.0, 0.0; 1
-10.0, -1.0, 0.0; 3
-9.0, -1.0, 0.0; 12
-8.0, -1.0, 0.0; 16
-7.0, -1.0, 0.0; 7
-6.0, -1.0, 0.0; 4
4.0, -1.0, 0.0; 1
6.0, -1.0, 0.0; 2
9.0, -1.0, 0.0; 1
-10.0, 0.0, 0.0; 1
-9.0, 0.0, 0.0; 9
-8.0, 0.0, 0.0; 19
-7.0, 0.0, 0.0; 17
-6.0, 0.0, 0.0; 8
-5.0, 0.0, 0.0; 1
5.0
14.7364787112
