5.0, 0.0, 0.0; 1
6.0, 0.0, 0.0; 2
-10.0, 1.0, 0.0; 4
-9.0, 1.0, 0.0; 9
-8.0, 1.0, 0.0; 3
-7.0, 1.0, 0.0; 8
-6.0, 1.0, 0.0; 114
-5.0, 1.0, 0.0; 29
6.0, 1.0, 0.0; 2
-10.0, 2.0, 0.0; 3
-9.0, 2.0, 0.0; 9
-8.0, 2.0, 0.0; 5
-7.0, 2.0, 0.0; 5
-6.0, 2.0, 0.0; 63
-5.0, 2.0, 0.0; 100
4.0, 2.0, 0.0; 1
6.0, 2.0, 0.0; 2
-10.0, 3.0, 0.0; 3
-9.0, 3.0, 0.0; 11
-8.0, 3.0, 0.0; 29
-7.0, 3.0, 0.0; 27
-6.0, 3.0, 0.0; 41
-5.0, 3.0, 0.0; 45
-4.0, 3.0, 0.0; 3
2.0, 3.0, 0.0; 2
3.0, 3.0, 0.0; 2
5.0, 3.0, 0.0; 1
6.0, 3.0, 0.0; 2
-9.0, 4.0, 0.0; 9
-8.0, 4.0, 0.0; 28
-7.0, 4.0, 0.0; 35
-6.0, 4.0, 0.0; 49
-5.0, 4.0, 0.0; 104
-4.0, 4.0, 0.0; 24
-3.0, 4.0, 0.0; 1
0.0, 4.0, 0.0; 1
1.0, 4.0, 0.0; 6
2.0, 4.0, 0.0; 3
3.0, 4.0, 0.0; 3
4.0, 4.0, 0.0; 12
5.0, 4.0, 0.0; 19
6.0, 4.0, 0.0; 2
7.0, 4.0, 0.0; 1
-9.0, 5.0, 0.0; 1
-8.0, 5.0, 0.0; 12
-7.0, 5.0, 0.0; 49
-6.0, 5.0, 0.0; 17
-5.0, 5.0, 0.0; 45
-4.0, 5.0, 0.0; 135
-3.0, 5.0, 0.0; 98
-2.0, 5.0, 0.0; 45
-1.0, 5.0, 0.0; 184
0.0, 5.0, 0.0; 229
1.0, 5.0, 0.0; 63
2.0, 5.0, 0.0; 6
3.0, 5.0, 0.0; 3
4.0, 5.0, 0.0; 12
5.0, 5.0, 0.0; 3
7.0, 5.0, 0.0; 1
-8.0, 6.0, 0.0; 10
-7.0, 6.0, 0.0; 55
-6.0, 6.0, 0.0; 325
-5.0, 6.0, 0.0; 53
-4.0, 6.0, 0.0; 22
-3.0, 6.0, 0.0; 58
-2.0, 6.0, 0.0; 73
-1.0, 6.0, 0.0; 55
0.0, 6.0, 0.0; 59
1.0, 6.0, 0.0; 16
2.0, 6.0, 0.0; 1
3.0, 6.0, 0.0; 4
5.0, 6.0, 0.0; 2
6.0, 6.0, 0.0; 3
7.0, 6.0, 0.0; 2
-8.0, 7.0, 0.0; 1
-7.0, 7.0, 0.0; 8
-6.0, 7.0, 0.0; 23
-5.0, 7.0, 0.0; 55
-4.0, 7.0, 0.0; 13
-3.0, 7.0, 0.0; 10
-2.0, 7.0, 0.0; 19
-1.0, 7.0, 0.0; 38
0.0, 7.0, 0.0; 17
1.0, 7.0, 0.0; 3
2.0, 7.0, 0.0; 9
3.0, 7.0, 0.0; 4
5.0, 7.0, 0.0; 1
-6.0, 8.0, 0.0; 6
-5.0, 8.0, 0.0; 13
-4.0, 8.0, 0.0; 13
-3.0, 8.0, 0.0; 12
-2.0, 8.0, 0.0; 7
-1.0, 8.0, 0.0; 10
0.0, 8.0, 0.0; 15
1.0, 8.0, 0.0; 9
2.0, 8.0, 0.0; 2
3.0, 8.0, 0.0; 1
4.0, 8.0, 0.0; 3
-4.0, 9.0, 0.0; 9
-3.0, 9.0, 0.0; 9
-2.0, 9.0, 0.0; 12
-1.0, 9.0, 0.0; 8
0.0, 9.0, 0.0; 14
1.0, 9.0, 0.0; 14
2.0, 9.0, 0.0; 5
3.0, 9.0, 0.0; 2
-4.0, -10.0, 1.0; 2
-3.0, -10.0, 1.0; 7
-2.0, -10.0, 1.0; 10
-1.0, -10.0, 1.0; 11
0.0, -10.0, 1.0; 8
1.0, -10.0, 1.0; 3
2.0, -10.0, 1.0; 2
3.0, -10.0, 1.0; 1
-6.0, -9.0, 1.0; 8
-5.0, -9.0, 1.0; 16
-4.0, -9.0, 1.0; 14
-3.0, -9.0, 1.0; 11
-2.0, -9.0, 1.0; 15
-1.0, -9.0, 1.0; 8
0.0, -9.0, 1.0; 7
1.0, -9.0, 1.0; 10
2.0, -9.0, 1.0; 3
3.0, -9.0, 1.0; 1
4.0, -9.0, 1.0; 2
-7.0, -8.0, 1.0; 5
-6.0, -8.0, 1.0; 22
-5.0, -8.0, 1.0; 18
-4.0, -8.0, 1.0; 8
-3.0, -8.0, 1.0; 4
-2.0, -8.0, 1.0; 6
-1.0, -8.0, 1.0; 6
0.0, -8.0, 1.0; 9
1.0, -8.0, 1.0; 13
2.0, -8.0, 1.0; 6
3.0, -8.0, 1.0; 4
4.0, -8.0, 1.0; 2
5.0, -8.0, 1.0; 3
6.0, -8.0, 1.0; 1
-8.0, -7.0, 1.0; 6
-7.0, -7.0, 1.0; 28
-6.0, -7.0, 1.0; 13
-5.0, -7.0, 1.0; 4
-4.0, -7.0, 1.0; 59
-3.0, -7.0, 1.0; 154
-2.0, -7.0, 1.0; 168
-1.0, -7.0, 1.0; 80
0.0, -7.0, 1.0; 22
1.0, -7.0, 1.0; 9
2.0, -7.0, 1.0; 9
3.0, -7.0, 1.0; 1
4.0, -7.0, 1.0; 1
5.0, -7.0, 1.0; 2
6.0, -7.0, 1.0; 1
-9.0, -6.0, 1.0; 1
-8.0, -6.0, 1.0; 17
-7.0, -6.0, 1.0; 20
-6.0, -6.0, 1.0; 5
-5.0, -6.0, 1.0; 163
-4.0, -6.0, 1.0; 229
-3.0, -6.0, 1.0; 100
-2.0, -6.0, 1.0; 77
-1.0, -6.0, 1.0; 33
0.0, -6.0, 1.0; 16
1.0, -6.0, 1.0; 17
2.0, -6.0, 1.0; 9
3.0, -6.0, 1.0; 2
5.0, -6.0, 1.0; 1
6.0, -6.0, 1.0; 1
-9.0, -5.0, 1.0; 6
-8.0, -5.0, 1.0; 32
-7.0, -5.0, 1.0; 17
-6.0, -5.0, 1.0; 68
-5.0, -5.0, 1.0; 117
-4.0, -5.0, 1.0; 11
-3.0, -5.0, 1.0; 33
-2.0, -5.0, 1.0; 14
-1.0, -5.0, 1.0; 3
1.0, -5.0, 1.0; 5
2.0, -5.0, 1.0; 7
3.0, -5.0, 1.0; 3
5.0, -5.0, 1.0; 1
-10.0, -4.0, 1.0; 2
-9.0, -4.0, 1.0; 17
-8.0, -4.0, 1.0; 31
-7.0, -4.0, 1.0; 3
-6.0, -4.0, 1.0; 33
-5.0, -4.0, 1.0; 10
-4.0, -4.0, 1.0; 2
1.0, -4.0, 1.0; 1
3.0, -4.0, 1.0; 3
5.0, -4.0, 1.0; 1
6.0, -4.0, 1.0; 1
8.0, -4.0, 1.0; 1
-10.0, -3.0, 1.0; 8
-9.0, -3.0, 1.0; 9
-8.0, -3.0, 1.0; 30
-7.0, -3.0, 1.0; 4
-6.0, -3.0, 1.0; 2
-5.0, -3.0, 1.0; 5
-4.0, -3.0, 1.0; 1
2.0, -3.0, 1.0; 1
-10.0, -2.0, 1.0; 11
-9.0, -2.0, 1.0; 5
-8.0, -2.0, 1.0; 14
-7.0, -2.0, 1.0; 4
-6.0, -2.0, 1.0; 26
-5.0, -2.0, 1.0; 36
-4.0, -2.0, 1.0; 1
4.0, -2.0, 1.0; 1
5.0, -2.0, 1.0; 1
-10.0, -1.0, 1.0; 9
-9.0, -1.0, 1.0; 4
-8.0, -1.0, 1.0; 8
-7.0, -1.0, 1.0; 10
-6.0, -1.0, 1.0; 15
-5.0, -1.0, 1.0; 4
-10.0, 0.0, 1.0; 6
-9.0, 0.0, 1.0; 6
-8.0, 0.0, 1.0; 18
-7.0, 0.0, 1.0; 11
-6.0, 0.0, 1.0; 5
-5.0, 0.0, 1.0; 5
5.0, 0.0, 1.0; 1
6.0, 0.0, 1.0; 1
-10.0, 1.0, 1.0; 4
-9.0, 1.0, 1.0; 5
-8.0, 1.0, 1.0; 12
-7.0, 1.0, 1.0; 4
-6.0, 1.0, 1.0; 15
-5.0, 1.0, 1.0; 16
-4.0, 1.0, 1.0; 2
4.0, 1.0, 1.0; 1
6.0, 1.0, 1.0; 2
-10.0, 2.0, 1.0; 5
-9.0, 2.0, 1.0; 4
-8.0, 2.0, 1.0; 20
-7.0, 2.0, 1.0; 4
-6.0, 2.0, 1.0; 17
-5.0, 2.0, 1.0; 40
-4.0, 2.0, 1.0; 2
5.0, 2.0, 1.0; 1
-9.0, 3.0, 1.0; 8
-8.0, 3.0, 1.0; 34
-7.0, 3.0, 1.0; 9
-6.0, 3.0, 1.0; 23
-5.0, 3.0, 1.0; 32
-4.0, 3.0, 1.0; 31
0.0, 3.0, 1.0; 1
2.0, 3.0, 1.0; 1
3.0, 3.0, 1.0; 1
4.0, 3.0, 1.0; 2
5.0, 3.0, 1.0; 2
6.0, 3.0, 1.0; 6
7.0, 3.0, 1.0; 1
-9.0, 4.0, 1.0; 7
-8.0, 4.0, 1.0; 33
-7.0, 4.0, 1.0; 34
-6.0, 4.0, 1.0; 69
-5.0, 4.0, 1.0; 73
-4.0, 4.0, 1.0; 65
-3.0, 4.0, 1.0; 70
-2.0, 4.0, 1.0; 16
-1.0, 4.0, 1.0; 9
0.0, 4.0, 1.0; 6
1.0, 4.0, 1.0; 8
2.0, 4.0, 1.0; 2
3.0, 4.0, 1.0; 3
4.0, 4.0, 1.0; 28
5.0, 4.0, 1.0; 22
7.0, 4.0, 1.0; 1
8.0, 4.0, 1.0; 1
-9.0, 5.0, 1.0; 1
-8.0, 5.0, 1.0; 10
-7.0, 5.0, 1.0; 24
-6.0, 5.0, 1.0; 16
-5.0, 5.0, 1.0; 54
-4.0, 5.0, 1.0; 107
-3.0, 5.0, 1.0; 839
-2.0, 5.0, 1.0; 469
-1.0, 5.0, 1.0; 104
0.0, 5.0, 1.0; 80
1.0, 5.0, 1.0; 16
2.0, 5.0, 1.0; 1
3.0, 5.0, 1.0; 2
4.0, 5.0, 1.0; 11
5.0, 5.0, 1.0; 2
6.0, 5.0, 1.0; 1
7.0, 5.0, 1.0; 1
-8.0, 6.0, 1.0; 10
-7.0, 6.0, 1.0; 24
-6.0, 6.0, 1.0; 40
-5.0, 6.0, 1.0; 17
-4.0, 6.0, 1.0; 45
-3.0, 6.0, 1.0; 65
-2.0, 6.0, 1.0; 47
-1.0, 6.0, 1.0; 41
0.0, 6.0, 1.0; 8
2.0, 6.0, 1.0; 1
3.0, 6.0, 1.0; 7
4.0, 6.0, 1.0; 3
6.0, 6.0, 1.0; 2
-7.0, 7.0, 1.0; 1
-6.0, 7.0, 1.0; 24
-5.0, 7.0, 1.0; 20
-4.0, 7.0, 1.0; 10
-3.0, 7.0, 1.0; 4
-2.0, 7.0, 1.0; 8
-1.0, 7.0, 1.0; 7
0.0, 7.0, 1.0; 6
1.0, 7.0, 1.0; 4
2.0, 7.0, 1.0; 6
3.0, 7.0, 1.0; 4
4.0, 7.0, 1.0; 2
5.0, 7.0, 1.0; 1
-6.0, 8.0, 1.0; 2
-5.0, 8.0, 1.0; 10
-4.0, 8.0, 1.0; 10
-3.0, 8.0, 1.0; 10
-2.0, 8.0, 1.0; 9
-1.0, 8.0, 1.0; 13
0.0, 8.0, 1.0; 12
1.0, 8.0, 1.0; 13
2.0, 8.0, 1.0; 3
3.0, 8.0, 1.0; 2
4.0, 8.0, 1.0; 1
-4.0, 9.0, 1.0; 1
-3.0, 9.0, 1.0; 11
-2.0, 9.0, 1.0; 19
-1.0, 9.0, 1.0; 11
0.0, 9.0, 1.0; 12
1.0, 9.0, 1.0; 5
2.0, 9.0, 1.0; 1
-3.0, -10.0, 2.0; 3
-2.0, -10.0, 2.0; 2
-1.0, -10.0, 2.0; 3
0.0, -10.0, 2.0; 2
2.0, -10.0, 2.0; 3
-5.0, -9.0, 2.0; 11
-4.0, -9.0, 2.0; 17
-3.0, -9.0, 2.0; 11
-2.0, -9.0, 2.0; 10
-1.0, -9.0, 2.0; 12
0.0, -9.0, 2.0; 8
1.0, -9.0, 2.0; 2
2.0, -9.0, 2.0; 1
3.0, -9.0, 2.0; 1
-7.0, -8.0, 2.0; 11
-6.0, -8.0, 2.0; 22
-5.0, -8.0, 2.0; 22
-4.0, -8.0, 2.0; 14
-3.0, -8.0, 2.0; 8
-2.0, -8.0, 2.0; 9
-1.0, -8.0, 2.0; 6
0.0, -8.0, 2.0; 9
1.0, -8.0, 2.0; 6
2.0, -8.0, 2.0; 8
3.0, -8.0, 2.0; 4
4.0, -8.0, 2.0; 3
-8.0, -7.0, 2.0; 6
-7.0, -7.0, 2.0; 17
-6.0, -7.0, 2.0; 27
-5.0, -7.0, 2.0; 4
-4.0, -7.0, 2.0; 3
-3.0, -7.0, 2.0; 13
-2.0, -7.0, 2.0; 10
-1.0, -7.0, 2.0; 2
0.0, -7.0, 2.0; 2
1.0, -7.0, 2.0; 5
2.0, -7.0, 2.0; 1
5.0, -7.0, 2.0; 3
6.0, -7.0, 2.0; 1
-8.0, -6.0, 2.0; 3
-7.0, -6.0, 2.0; 34
-6.0, -6.0, 2.0; 15
-5.0, -6.0, 2.0; 19
-4.0, -6.0, 2.0; 123
-3.0, -6.0, 2.0; 161
-2.0, -6.0, 2.0; 72
-1.0, -6.0, 2.0; 17
0.0, -6.0, 2.0; 6
1.0, -6.0, 2.0; 7
2.0, -6.0, 2.0; 4
4.0, -6.0, 2.0; 1
6.0, -6.0, 2.0; 2
7.0, -6.0, 2.0; 1
-8.0, -5.0, 2.0; 24
-7.0, -5.0, 2.0; 34
-6.0, -5.0, 2.0; 4
-5.0, -5.0, 2.0; 84
-4.0, -5.0, 2.0; 70
-3.0, -5.0, 2.0; 18
-1.0, -5.0, 2.0; 2
0.0, -5.0, 2.0; 2
1.0, -5.0, 2.0; 2
2.0, -5.0, 2.0; 1
3.0, -5.0, 2.0; 1
5.0, -5.0, 2.0; 1
-9.0, -4.0, 2.0; 6
-8.0, -4.0, 2.0; 39
-7.0, -4.0, 2.0; 22
-6.0, -4.0, 2.0; 2
-5.0, -4.0, 2.0; 24
-4.0, -4.0, 2.0; 4
-3.0, -4.0, 2.0; 1
-1.0, -4.0, 2.0; 1
1.0, -4.0, 2.0; 3
2.0, -4.0, 2.0; 3
5.0, -4.0, 2.0; 1
-10.0, -3.0, 2.0; 2
-9.0, -3.0, 2.0; 7
-8.0, -3.0, 2.0; 24
-7.0, -3.0, 2.0; 17
-6.0, -3.0, 2.0; 7
-5.0, -3.0, 2.0; 4
-4.0, -3.0, 2.0; 22
-3.0, -3.0, 2.0; 1
2.0, -3.0, 2.0; 2
3.0, -3.0, 2.0; 1
5.0, -3.0, 2.0; 1
6.0, -3.0, 2.0; 1
-10.0, -2.0, 2.0; 4
-9.0, -2.0, 2.0; 11
-8.0, -2.0, 2.0; 10
-7.0, -2.0, 2.0; 13
-6.0, -2.0, 2.0; 12
-5.0, -2.0, 2.0; 80
-4.0, -2.0, 2.0; 11
2.0, -2.0, 2.0; 1
4.0, -2.0, 2.0; 1
-10.0, -1.0, 2.0; 6
-9.0, -1.0, 2.0; 2
-8.0, -1.0, 2.0; 14
-7.0, -1.0, 2.0; 16
-6.0, -1.0, 2.0; 18
-5.0, -1.0, 2.0; 11
-4.0, -1.0, 2.0; 2
6.0, -1.0, 2.0; 1
9.0, -1.0, 2.0; 1
-10.0, 0.0, 2.0; 5
-9.0, 0.0, 2.0; 7
-8.0, 0.0, 2.0; 9
-7.0, 0.0, 2.0; 12
-6.0, 0.0, 2.0; 20
-5.0, 0.0, 2.0; 8
3.0, 0.0, 2.0; 1
6.0, 0.0, 2.0; 1
-10.0, 1.0, 2.0; 6
-9.0, 1.0, 2.0; 2
-8.0, 1.0, 2.0; 10
-7.0, 1.0, 2.0; 5
-6.0, 1.0, 2.0; 8
-5.0, 1.0, 2.0; 131
-4.0, 1.0, 2.0; 198
-3.0, 1.0, 2.0; 1
3.0, 1.0, 2.0; 1
4.0, 1.0, 2.0; 1
5.0, 1.0, 2.0; 2
7.0, 1.0, 2.0; 1
-10.0, 2.0, 2.0; 1
-9.0, 2.0, 2.0; 5
-8.0, 2.0, 2.0; 17
-7.0, 2.0, 2.0; 8
-6.0, 2.0, 2.0; 4
-5.0, 2.0, 2.0; 136
-4.0, 2.0, 2.0; 838
-3.0, 2.0, 2.0; 9
1.0, 2.0, 2.0; 1
3.0, 2.0, 2.0; 2
4.0, 2.0, 2.0; 3
-10.0, 3.0, 2.0; 3
-9.0, 3.0, 2.0; 3
-8.0, 3.0, 2.0; 26
-7.0, 3.0, 2.0; 32
-6.0, 3.0, 2.0; 17
-5.0, 3.0, 2.0; 7
-4.0, 3.0, 2.0; 39
-3.0, 3.0, 2.0; 26
-2.0, 3.0, 2.0; 2
-1.0, 3.0, 2.0; 1
0.0, 3.0, 2.0; 1
1.0, 3.0, 2.0; 10
2.0, 3.0, 2.0; 1
3.0, 3.0, 2.0; 2
4.0, 3.0, 2.0; 2
5.0, 3.0, 2.0; 3
6.0, 3.0, 2.0; 5
8.0, 3.0, 2.0; 1
-9.0, 4.0, 2.0; 10
-8.0, 4.0, 2.0; 15
-7.0, 4.0, 2.0; 39
-6.0, 4.0, 2.0; 29
-5.0, 4.0, 2.0; 30
-4.0, 4.0, 2.0; 29
-3.0, 4.0, 2.0; 58
-2.0, 4.0, 2.0; 59
-1.0, 4.0, 2.0; 45
0.0, 4.0, 2.0; 19
1.0, 4.0, 2.0; 10
2.0, 4.0, 2.0; 1
3.0, 4.0, 2.0; 6
4.0, 4.0, 2.0; 10
6.0, 4.0, 2.0; 2
-8.0, 5.0, 2.0; 14
-7.0, 5.0, 2.0; 11
-6.0, 5.0, 2.0; 20
-5.0, 5.0, 2.0; 19
-4.0, 5.0, 2.0; 44
-3.0, 5.0, 2.0; 98
-2.0, 5.0, 2.0; 124
-1.0, 5.0, 2.0; 29
0.0, 5.0, 2.0; 13
1.0, 5.0, 2.0; 2
2.0, 5.0, 2.0; 2
3.0, 5.0, 2.0; 1
5.0, 5.0, 2.0; 2
-8.0, 6.0, 2.0; 5
-7.0, 6.0, 2.0; 15
-6.0, 6.0, 2.0; 22
-5.0, 6.0, 2.0; 28
-4.0, 6.0, 2.0; 7
-3.0, 6.0, 2.0; 18
-2.0, 6.0, 2.0; 6
-1.0, 6.0, 2.0; 3
0.0, 6.0, 2.0; 3
1.0, 6.0, 2.0; 1
2.0, 6.0, 2.0; 2
3.0, 6.0, 2.0; 2
4.0, 6.0, 2.0; 2
7.0, 6.0, 2.0; 1
-7.0, 7.0, 2.0; 1
-6.0, 7.0, 2.0; 15
-5.0, 7.0, 2.0; 15
-4.0, 7.0, 2.0; 13
-3.0, 7.0, 2.0; 9
-2.0, 7.0, 2.0; 7
-1.0, 7.0, 2.0; 3
0.0, 7.0, 2.0; 17
1.0, 7.0, 2.0; 8
2.0, 7.0, 2.0; 2
3.0, 7.0, 2.0; 2
4.0, 7.0, 2.0; 1
5.0, 7.0, 2.0; 3
-6.0, 8.0, 2.0; 2
-5.0, 8.0, 2.0; 8
-4.0, 8.0, 2.0; 14
-3.0, 8.0, 2.0; 7
-2.0, 8.0, 2.0; 8
-1.0, 8.0, 2.0; 12
0.0, 8.0, 2.0; 16
1.0, 8.0, 2.0; 10
2.0, 8.0, 2.0; 3
3.0, 8.0, 2.0; 3
4.0, 8.0, 2.0; 1
-4.0, 9.0, 2.0; 2
-3.0, 9.0, 2.0; 2
-2.0, 9.0, 2.0; 2
-1.0, 9.0, 2.0; 3
0.0, 9.0, 2.0; 3
1.0, 9.0, 2.0; 4
2.0, 9.0, 2.0; 2
-3.0, -10.0, 3.0; 3
-2.0, -10.0, 3.0; 2
1.0, -10.0, 3.0; 1
-5.0, -9.0, 3.0; 3
-4.0, -9.0, 3.0; 7
-3.0, -9.0, 3.0; 11
-2.0, -9.0, 3.0; 10
-1.0, -9.0, 3.0; 6
0.0, -9.0, 3.0; 5
1.0, -9.0, 3.0; 3
2.0, -9.0, 3.0; 3
-7.0, -8.0, 3.0; 1
-6.0, -8.0, 3.0; 11
-5.0, -8.0, 3.0; 18
-4.0, -8.0, 3.0; 22
-3.0, -8.0, 3.0; 24
-2.0, -8.0, 3.0; 8
-1.0, -8.0, 3.0; 16
0.0, -8.0, 3.0; 14
1.0, -8.0, 3.0; 3
2.0, -8.0, 3.0; 1
3.0, -8.0, 3.0; 4
4.0, -8.0, 3.0; 2
-7.0, -7.0, 3.0; 13
-6.0, -7.0, 3.0; 16
-5.0, -7.0, 3.0; 28
-4.0, -7.0, 3.0; 10
-3.0, -7.0, 3.0; 9
-2.0, -7.0, 3.0; 9
-1.0, -7.0, 3.0; 7
0.0, -7.0, 3.0; 6
1.0, -7.0, 3.0; 4
2.0, -7.0, 3.0; 2
3.0, -7.0, 3.0; 1
4.0, -7.0, 3.0; 2
5.0, -7.0, 3.0; 1
-8.0, -6.0, 3.0; 3
-7.0, -6.0, 3.0; 13
-6.0, -6.0, 3.0; 28
-5.0, -6.0, 3.0; 11
-4.0, -6.0, 3.0; 5
-3.0, -6.0, 3.0; 2
-2.0, -6.0, 3.0; 4
-1.0, -6.0, 3.0; 1
0.0, -6.0, 3.0; 3
1.0, -6.0, 3.0; 3
2.0, -6.0, 3.0; 2
3.0, -6.0, 3.0; 2
7.0, -6.0, 3.0; 2
-8.0, -5.0, 3.0; 9
-7.0, -5.0, 3.0; 18
-6.0, -5.0, 3.0; 31
-5.0, -5.0, 3.0; 6
-4.0, -5.0, 3.0; 3
-3.0, -5.0, 3.0; 4
-2.0, -5.0, 3.0; 8
-1.0, -5.0, 3.0; 2
0.0, -5.0, 3.0; 2
1.0, -5.0, 3.0; 1
4.0, -5.0, 3.0; 1
6.0, -5.0, 3.0; 1
-9.0, -4.0, 3.0; 6
-8.0, -4.0, 3.0; 7
-7.0, -4.0, 3.0; 27
-6.0, -4.0, 3.0; 18
-5.0, -4.0, 3.0; 6
-4.0, -4.0, 3.0; 3
-3.0, -4.0, 3.0; 15
-2.0, -4.0, 3.0; 6
-1.0, -4.0, 3.0; 2
1.0, -4.0, 3.0; 1
2.0, -4.0, 3.0; 1
3.0, -4.0, 3.0; 2
6.0, -4.0, 3.0; 1
-9.0, -3.0, 3.0; 3
-8.0, -3.0, 3.0; 14
-7.0, -3.0, 3.0; 18
-6.0, -3.0, 3.0; 11
-5.0, -3.0, 3.0; 9
-4.0, -3.0, 3.0; 17
-3.0, -3.0, 3.0; 26
-2.0, -3.0, 3.0; 5
-1.0, -3.0, 3.0; 2
0.0, -3.0, 3.0; 2
1.0, -3.0, 3.0; 1
4.0, -3.0, 3.0; 1
-9.0, -2.0, 3.0; 13
-8.0, -2.0, 3.0; 5
-7.0, -2.0, 3.0; 11
-6.0, -2.0, 3.0; 23
-5.0, -2.0, 3.0; 15
-4.0, -2.0, 3.0; 5
-3.0, -2.0, 3.0; 3
-1.0, -2.0, 3.0; 2
0.0, -2.0, 3.0; 1
1.0, -2.0, 3.0; 1
2.0, -2.0, 3.0; 1
4.0, -2.0, 3.0; 1
-10.0, -1.0, 3.0; 4
-9.0, -1.0, 3.0; 6
-8.0, -1.0, 3.0; 8
-7.0, -1.0, 3.0; 4
-6.0, -1.0, 3.0; 14
-5.0, -1.0, 3.0; 3
-4.0, -1.0, 3.0; 4
-3.0, -1.0, 3.0; 2
-2.0, -1.0, 3.0; 1
1.0, -1.0, 3.0; 1
-10.0, 0.0, 3.0; 3
-9.0, 0.0, 3.0; 17
-8.0, 0.0, 3.0; 5
-7.0, 0.0, 3.0; 6
-6.0, 0.0, 3.0; 3
-5.0, 0.0, 3.0; 8
-4.0, 0.0, 3.0; 8
-3.0, 0.0, 3.0; 3
-1.0, 0.0, 3.0; 1
4.0, 0.0, 3.0; 1
-10.0, 1.0, 3.0; 2
-9.0, 1.0, 3.0; 14
-8.0, 1.0, 3.0; 13
-7.0, 1.0, 3.0; 8
-5.0, 1.0, 3.0; 8
-4.0, 1.0, 3.0; 83
-3.0, 1.0, 3.0; 19
-2.0, 1.0, 3.0; 1
0.0, 1.0, 3.0; 2
1.0, 1.0, 3.0; 1
5.0, 1.0, 3.0; 1
8.0, 1.0, 3.0; 1
-10.0, 2.0, 3.0; 1
-9.0, 2.0, 3.0; 11
-8.0, 2.0, 3.0; 13
-7.0, 2.0, 3.0; 21
-6.0, 2.0, 3.0; 12
-5.0, 2.0, 3.0; 3
-4.0, 2.0, 3.0; 109
-3.0, 2.0, 3.0; 48
-2.0, 2.0, 3.0; 3
-1.0, 2.0, 3.0; 2
0.0, 2.0, 3.0; 2
1.0, 2.0, 3.0; 1
2.0, 2.0, 3.0; 4
3.0, 2.0, 3.0; 2
-9.0, 3.0, 3.0; 1
-8.0, 3.0, 3.0; 9
-7.0, 3.0, 3.0; 27
-6.0, 3.0, 3.0; 19
-5.0, 3.0, 3.0; 6
-4.0, 3.0, 3.0; 8
-3.0, 3.0, 3.0; 14
-2.0, 3.0, 3.0; 24
-1.0, 3.0, 3.0; 8
0.0, 3.0, 3.0; 5
1.0, 3.0, 3.0; 5
2.0, 3.0, 3.0; 4
3.0, 3.0, 3.0; 1
5.0, 3.0, 3.0; 1
-9.0, 4.0, 3.0; 2
-8.0, 4.0, 3.0; 12
-7.0, 4.0, 3.0; 26
-6.0, 4.0, 3.0; 31
-5.0, 4.0, 3.0; 18
-4.0, 4.0, 3.0; 6
-3.0, 4.0, 3.0; 11
-2.0, 4.0, 3.0; 13
-1.0, 4.0, 3.0; 12
0.0, 4.0, 3.0; 6
1.0, 4.0, 3.0; 3
2.0, 4.0, 3.0; 1
3.0, 4.0, 3.0; 5
4.0, 4.0, 3.0; 1
5.0, 4.0, 3.0; 1
7.0, 4.0, 3.0; 2
-8.0, 5.0, 3.0; 9
-7.0, 5.0, 3.0; 9
-6.0, 5.0, 3.0; 25
-5.0, 5.0, 3.0; 20
-4.0, 5.0, 3.0; 4
-3.0, 5.0, 3.0; 5
-2.0, 5.0, 3.0; 3
-1.0, 5.0, 3.0; 2
0.0, 5.0, 3.0; 1
1.0, 5.0, 3.0; 8
2.0, 5.0, 3.0; 3
3.0, 5.0, 3.0; 3
5.0, 5.0, 3.0; 2
-8.0, 6.0, 3.0; 1
-7.0, 6.0, 3.0; 7
-6.0, 6.0, 3.0; 14
-5.0, 6.0, 3.0; 20
-4.0, 6.0, 3.0; 18
-3.0, 6.0, 3.0; 6
-2.0, 6.0, 3.0; 4
-1.0, 6.0, 3.0; 5
0.0, 6.0, 3.0; 9
1.0, 6.0, 3.0; 12
2.0, 6.0, 3.0; 4
3.0, 6.0, 3.0; 3
4.0, 6.0, 3.0; 1
5.0, 6.0, 3.0; 3
6.0, 6.0, 3.0; 1
-7.0, 7.0, 3.0; 1
-6.0, 7.0, 3.0; 10
-5.0, 7.0, 3.0; 12
-4.0, 7.0, 3.0; 13
-3.0, 7.0, 3.0; 12
-2.0, 7.0, 3.0; 5
-1.0, 7.0, 3.0; 16
0.0, 7.0, 3.0; 14
1.0, 7.0, 3.0; 5
2.0, 7.0, 3.0; 5
3.0, 7.0, 3.0; 3
5.0, 7.0, 3.0; 2
-5.0, 8.0, 3.0; 1
-4.0, 8.0, 3.0; 9
-3.0, 8.0, 3.0; 14
-2.0, 8.0, 3.0; 11
-1.0, 8.0, 3.0; 11
0.0, 8.0, 3.0; 9
1.0, 8.0, 3.0; 4
3.0, 8.0, 3.0; 1
-3.0, 9.0, 3.0; 3
-2.0, 9.0, 3.0; 1
-1.0, 9.0, 3.0; 2
0.0, 9.0, 3.0; 1
-3.0, -9.0, 4.0; 1
-2.0, -9.0, 4.0; 2
-1.0, -9.0, 4.0; 3
0.0, -9.0, 4.0; 4
1.0, -9.0, 4.0; 1
2.0, -9.0, 4.0; 2
-6.0, -8.0, 4.0; 1
-5.0, -8.0, 4.0; 8
-4.0, -8.0, 4.0; 13
-3.0, -8.0, 4.0; 13
-2.0, -8.0, 4.0; 6
-1.0, -8.0, 4.0; 7
0.0, -8.0, 4.0; 4
1.0, -8.0, 4.0; 4
2.0, -8.0, 4.0; 1
3.0, -8.0, 4.0; 1
-7.0, -7.0, 4.0; 3
-6.0, -7.0, 4.0; 7
-5.0, -7.0, 4.0; 10
-4.0, -7.0, 4.0; 16
-3.0, -7.0, 4.0; 20
-2.0, -7.0, 4.0; 15
-1.0, -7.0, 4.0; 7
0.0, -7.0, 4.0; 2
1.0, -7.0, 4.0; 2
3.0, -7.0, 4.0; 1
4.0, -7.0, 4.0; 1
5.0, -7.0, 4.0; 1
-8.0, -6.0, 4.0; 2
-7.0, -6.0, 4.0; 3
-6.0, -6.0, 4.0; 17
-5.0, -6.0, 4.0; 31
-4.0, -6.0, 4.0; 33
-3.0, -6.0, 4.0; 27
-2.0, -6.0, 4.0; 17
-1.0, -6.0, 4.0; 11
0.0, -6.0, 4.0; 6
1.0, -6.0, 4.0; 2
3.0, -6.0, 4.0; 1
-8.0, -5.0, 4.0; 6
-7.0, -5.0, 4.0; 8
-6.0, -5.0, 4.0; 27
-5.0, -5.0, 4.0; 41
-4.0, -5.0, 4.0; 26
-3.0, -5.0, 4.0; 17
-2.0, -5.0, 4.0; 7
-1.0, -5.0, 4.0; 6
0.0, -5.0, 4.0; 1
1.0, -5.0, 4.0; 2
4.0, -5.0, 4.0; 1
5.0, -5.0, 4.0; 1
-9.0, -4.0, 4.0; 3
-8.0, -4.0, 4.0; 7
-7.0, -4.0, 4.0; 8
-6.0, -4.0, 4.0; 20
-5.0, -4.0, 4.0; 28
-4.0, -4.0, 4.0; 25
-3.0, -4.0, 4.0; 5
-2.0, -4.0, 4.0; 8
-1.0, -4.0, 4.0; 6
0.0, -4.0, 4.0; 3
1.0, -4.0, 4.0; 2
8.0, -4.0, 4.0; 1
-9.0, -3.0, 4.0; 2
-8.0, -3.0, 4.0; 5
-7.0, -3.0, 4.0; 17
-6.0, -3.0, 4.0; 12
-5.0, -3.0, 4.0; 15
-4.0, -3.0, 4.0; 12
-3.0, -3.0, 4.0; 7
-2.0, -3.0, 4.0; 5
-1.0, -3.0, 4.0; 8
0.0, -3.0, 4.0; 2
1.0, -3.0, 4.0; 2
3.0, -3.0, 4.0; 1
-9.0, -2.0, 4.0; 4
-8.0, -2.0, 4.0; 4
-7.0, -2.0, 4.0; 11
-6.0, -2.0, 4.0; 6
-5.0, -2.0, 4.0; 9
-4.0, -2.0, 4.0; 8
-3.0, -2.0, 4.0; 8
-2.0, -2.0, 4.0; 7
-1.0, -2.0, 4.0; 3
0.0, -2.0, 4.0; 8
5.0, -2.0, 4.0; 1
6.0, -2.0, 4.0; 1
-9.0, -1.0, 4.0; 2
-8.0, -1.0, 4.0; 11
-7.0, -1.0, 4.0; 4
-6.0, -1.0, 4.0; 2
-5.0, -1.0, 4.0; 5
-4.0, -1.0, 4.0; 8
-3.0, -1.0, 4.0; 7
-2.0, -1.0, 4.0; 4
-1.0, -1.0, 4.0; 4
0.0, -1.0, 4.0; 3
1.0, -1.0, 4.0; 2
2.0, -1.0, 4.0; 3
6.0, -1.0, 4.0; 1
-10.0, 0.0, 4.0; 1
-9.0, 0.0, 4.0; 6
-8.0, 0.0, 4.0; 8
-7.0, 0.0, 4.0; 4
-6.0, 0.0, 4.0; 2
-5.0, 0.0, 4.0; 2
-4.0, 0.0, 4.0; 3
-3.0, 0.0, 4.0; 6
-2.0, 0.0, 4.0; 1
-1.0, 0.0, 4.0; 1
0.0, 0.0, 4.0; 1
-9.0, 1.0, 4.0; 7
-8.0, 1.0, 4.0; 11
-7.0, 1.0, 4.0; 8
-6.0, 1.0, 4.0; 9
-5.0, 1.0, 4.0; 4
-4.0, 1.0, 4.0; 3
-3.0, 1.0, 4.0; 4
-2.0, 1.0, 4.0; 2
-1.0, 1.0, 4.0; 1
0.0, 1.0, 4.0; 6
3.0, 1.0, 4.0; 1
-9.0, 2.0, 4.0; 6
-8.0, 2.0, 4.0; 7
-7.0, 2.0, 4.0; 12
-6.0, 2.0, 4.0; 12
-5.0, 2.0, 4.0; 10
-4.0, 2.0, 4.0; 1
-3.0, 2.0, 4.0; 1
-2.0, 2.0, 4.0; 4
-1.0, 2.0, 4.0; 5
0.0, 2.0, 4.0; 2
1.0, 2.0, 4.0; 2
2.0, 2.0, 4.0; 3
3.0, 2.0, 4.0; 1
4.0, 2.0, 4.0; 1
-9.0, 3.0, 4.0; 3
-8.0, 3.0, 4.0; 6
-7.0, 3.0, 4.0; 12
-6.0, 3.0, 4.0; 17
-5.0, 3.0, 4.0; 16
-4.0, 3.0, 4.0; 4
-3.0, 3.0, 4.0; 1
-2.0, 3.0, 4.0; 5
-1.0, 3.0, 4.0; 1
1.0, 3.0, 4.0; 1
2.0, 3.0, 4.0; 2
4.0, 3.0, 4.0; 1
-8.0, 4.0, 4.0; 4
-7.0, 4.0, 4.0; 7
-6.0, 4.0, 4.0; 33
-5.0, 4.0, 4.0; 23
-4.0, 4.0, 4.0; 9
-3.0, 4.0, 4.0; 8
-2.0, 4.0, 4.0; 10
-1.0, 4.0, 4.0; 1
0.0, 4.0, 4.0; 2
1.0, 4.0, 4.0; 4
2.0, 4.0, 4.0; 2
3.0, 4.0, 4.0; 3
4.0, 4.0, 4.0; 2
5.0, 4.0, 4.0; 3
-8.0, 5.0, 4.0; 1
-7.0, 5.0, 4.0; 8
-6.0, 5.0, 4.0; 4
-5.0, 5.0, 4.0; 13
-4.0, 5.0, 4.0; 15
-3.0, 5.0, 4.0; 9
-2.0, 5.0, 4.0; 7
-1.0, 5.0, 4.0; 2
0.0, 5.0, 4.0; 4
1.0, 5.0, 4.0; 4
2.0, 5.0, 4.0; 3
3.0, 5.0, 4.0; 5
4.0, 5.0, 4.0; 2
-6.0, 6.0, 4.0; 2
-5.0, 6.0, 4.0; 7
-4.0, 6.0, 4.0; 12
-3.0, 6.0, 4.0; 12
-2.0, 6.0, 4.0; 11
-1.0, 6.0, 4.0; 18
0.0, 6.0, 4.0; 12
1.0, 6.0, 4.0; 4
2.0, 6.0, 4.0; 4
3.0, 6.0, 4.0; 2
4.0, 6.0, 4.0; 2
5.0, 6.0, 4.0; 1
6.0, 6.0, 4.0; 1
-6.0, 7.0, 4.0; 2
-5.0, 7.0, 4.0; 6
-4.0, 7.0, 4.0; 8
-3.0, 7.0, 4.0; 6
-2.0, 7.0, 4.0; 9
-1.0, 7.0, 4.0; 7
0.0, 7.0, 4.0; 7
1.0, 7.0, 4.0; 2
2.0, 7.0, 4.0; 1
3.0, 7.0, 4.0; 2
4.0, 7.0, 4.0; 3
-4.0, 8.0, 4.0; 2
-3.0, 8.0, 4.0; 6
-2.0, 8.0, 4.0; 2
-1.0, 8.0, 4.0; 3
0.0, 8.0, 4.0; 1
-3.0, -9.0, 5.0; 1
-4.0, -8.0, 5.0; 7
-3.0, -8.0, 5.0; 5
-2.0, -8.0, 5.0; 9
-1.0, -8.0, 5.0; 2
0.0, -8.0, 5.0; 4
1.0, -8.0, 5.0; 2
2.0, -8.0, 5.0; 2
3.0, -8.0, 5.0; 1
4.0, -8.0, 5.0; 1
-5.0, -7.0, 5.0; 6
-4.0, -7.0, 5.0; 7
-3.0, -7.0, 5.0; 5
-2.0, -7.0, 5.0; 3
-1.0, -7.0, 5.0; 4
0.0, -7.0, 5.0; 5
1.0, -7.0, 5.0; 4
3.0, -7.0, 5.0; 1
4.0, -7.0, 5.0; 1
-5.0, -6.0, 5.0; 11
-4.0, -6.0, 5.0; 19
-3.0, -6.0, 5.0; 8
-2.0, -6.0, 5.0; 5
-1.0, -6.0, 5.0; 2
0.0, -6.0, 5.0; 2
1.0, -6.0, 5.0; 3
3.0, -6.0, 5.0; 2
-8.0, -5.0, 5.0; 2
-7.0, -5.0, 5.0; 16
-6.0, -5.0, 5.0; 8
-5.0, -5.0, 5.0; 12
-4.0, -5.0, 5.0; 12
-3.0, -5.0, 5.0; 7
-2.0, -5.0, 5.0; 5
-1.0, -5.0, 5.0; 2
3.0, -5.0, 5.0; 1
4.0, -5.0, 5.0; 1
5.0, -5.0, 5.0; 1
-8.0, -4.0, 5.0; 5
-7.0, -4.0, 5.0; 13
-6.0, -4.0, 5.0; 8
-5.0, -4.0, 5.0; 10
-4.0, -4.0, 5.0; 8
-3.0, -4.0, 5.0; 6
-2.0, -4.0, 5.0; 3
0.0, -4.0, 5.0; 3
-8.0, -3.0, 5.0; 5
-7.0, -3.0, 5.0; 7
-6.0, -3.0, 5.0; 5
-5.0, -3.0, 5.0; 3
-4.0, -3.0, 5.0; 2
-3.0, -3.0, 5.0; 3
0.0, -3.0, 5.0; 2
1.0, -3.0, 5.0; 1
-9.0, -2.0, 5.0; 2
-8.0, -2.0, 5.0; 6
-7.0, -2.0, 5.0; 6
-6.0, -2.0, 5.0; 2
-5.0, -2.0, 5.0; 2
-4.0, -2.0, 5.0; 1
-3.0, -2.0, 5.0; 4
-2.0, -2.0, 5.0; 1
-1.0, -2.0, 5.0; 2
0.0, -2.0, 5.0; 2
1.0, -2.0, 5.0; 1
-9.0, -1.0, 5.0; 3
-8.0, -1.0, 5.0; 11
-7.0, -1.0, 5.0; 2
-6.0, -1.0, 5.0; 7
-5.0, -1.0, 5.0; 2
-4.0, -1.0, 5.0; 2
-2.0, -1.0, 5.0; 1
0.0, -1.0, 5.0; 1
3.0, -1.0, 5.0; 1
5.0, -1.0, 5.0; 1
-9.0, 0.0, 5.0; 1
-8.0, 0.0, 5.0; 9
-7.0, 0.0, 5.0; 5
-2.0, 0.0, 5.0; 1
0.0, 0.0, 5.0; 1
-9.0, 1.0, 5.0; 1
-8.0, 1.0, 5.0; 8
-7.0, 1.0, 5.0; 5
-6.0, 1.0, 5.0; 9
-5.0, 1.0, 5.0; 6
-3.0, 1.0, 5.0; 1
-2.0, 1.0, 5.0; 6
-1.0, 1.0, 5.0; 1
1.0, 1.0, 5.0; 2
2.0, 1.0, 5.0; 1
-9.0, 2.0, 5.0; 1
-8.0, 2.0, 5.0; 9
-7.0, 2.0, 5.0; 11
-6.0, 2.0, 5.0; 7
-5.0, 2.0, 5.0; 6
-4.0, 2.0, 5.0; 9
-2.0, 2.0, 5.0; 7
-1.0, 2.0, 5.0; 3
0.0, 2.0, 5.0; 2
1.0, 2.0, 5.0; 2
6.0, 2.0, 5.0; 1
-8.0, 3.0, 5.0; 6
-7.0, 3.0, 5.0; 9
-6.0, 3.0, 5.0; 10
-5.0, 3.0, 5.0; 10
-4.0, 3.0, 5.0; 7
-3.0, 3.0, 5.0; 8
-2.0, 3.0, 5.0; 11
-1.0, 3.0, 5.0; 10
0.0, 3.0, 5.0; 2
2.0, 3.0, 5.0; 2
6.0, 3.0, 5.0; 1
-7.0, 4.0, 5.0; 3
-6.0, 4.0, 5.0; 9
-5.0, 4.0, 5.0; 9
-4.0, 4.0, 5.0; 7
-3.0, 4.0, 5.0; 11
-2.0, 4.0, 5.0; 13
-1.0, 4.0, 5.0; 3
2.0, 4.0, 5.0; 2
3.0, 4.0, 5.0; 2
-7.0, 5.0, 5.0; 1
-5.0, 5.0, 5.0; 10
-4.0, 5.0, 5.0; 6
-3.0, 5.0, 5.0; 6
-2.0, 5.0, 5.0; 5
-1.0, 5.0, 5.0; 5
0.0, 5.0, 5.0; 5
1.0, 5.0, 5.0; 7
2.0, 5.0, 5.0; 1
4.0, 5.0, 5.0; 1
-5.0, 6.0, 5.0; 5
-4.0, 6.0, 5.0; 6
-3.0, 6.0, 5.0; 3
-2.0, 6.0, 5.0; 4
-1.0, 6.0, 5.0; 4
0.0, 6.0, 5.0; 4
1.0, 6.0, 5.0; 2
2.0, 6.0, 5.0; 1
3.0, 6.0, 5.0; 1
-5.0, 7.0, 5.0; 2
-4.0, 7.0, 5.0; 2
-3.0, 7.0, 5.0; 2
-2.0, 7.0, 5.0; 7
-1.0, 7.0, 5.0; 4
0.0, 7.0, 5.0; 2
-2.0, 8.0, 5.0; 1
0.0, 8.0, 5.0; 1
-2.0, -8.0, 6.0; 3
-1.0, -8.0, 6.0; 4
0.0, -8.0, 6.0; 2
1.0, -8.0, 6.0; 3
2.0, -8.0, 6.0; 2
-5.0, -7.0, 6.0; 2
-4.0, -7.0, 6.0; 4
-3.0, -7.0, 6.0; 10
-2.0, -7.0, 6.0; 7
-1.0, -7.0, 6.0; 6
0.0, -7.0, 6.0; 4
1.0, -7.0, 6.0; 3
2.0, -7.0, 6.0; 1
-6.0, -6.0, 6.0; 5
-5.0, -6.0, 6.0; 7
-4.0, -6.0, 6.0; 11
-3.0, -6.0, 6.0; 4
-2.0, -6.0, 6.0; 4
-1.0, -6.0, 6.0; 6
0.0, -6.0, 6.0; 2
1.0, -6.0, 6.0; 1
2.0, -6.0, 6.0; 1
5.0, -6.0, 6.0; 1
-7.0, -5.0, 6.0; 1
-6.0, -5.0, 6.0; 7
-5.0, -5.0, 6.0; 8
-4.0, -5.0, 6.0; 11
-3.0, -5.0, 6.0; 3
-2.0, -5.0, 6.0; 8
-1.0, -5.0, 6.0; 1
0.0, -5.0, 6.0; 3
1.0, -5.0, 6.0; 1
2.0, -5.0, 6.0; 1
4.0, -5.0, 6.0; 2
-7.0, -4.0, 6.0; 6
-6.0, -4.0, 6.0; 3
-5.0, -4.0, 6.0; 1
-4.0, -4.0, 6.0; 10
-3.0, -4.0, 6.0; 9
-2.0, -4.0, 6.0; 3
0.0, -4.0, 6.0; 2
-7.0, -3.0, 6.0; 4
-6.0, -3.0, 6.0; 6
-5.0, -3.0, 6.0; 5
-4.0, -3.0, 6.0; 3
-3.0, -3.0, 6.0; 7
-2.0, -3.0, 6.0; 2
-1.0, -3.0, 6.0; 1
0.0, -3.0, 6.0; 1
1.0, -3.0, 6.0; 2
-8.0, -2.0, 6.0; 1
-7.0, -2.0, 6.0; 3
-6.0, -2.0, 6.0; 2
-5.0, -2.0, 6.0; 1
-4.0, -2.0, 6.0; 2
-3.0, -2.0, 6.0; 1
-1.0, -2.0, 6.0; 2
0.0, -2.0, 6.0; 1
3.0, -2.0, 6.0; 2
-8.0, -1.0, 6.0; 4
-7.0, -1.0, 6.0; 3
-6.0, -1.0, 6.0; 3
-5.0, -1.0, 6.0; 5
-1.0, -1.0, 6.0; 1
0.0, -1.0, 6.0; 2
1.0, -1.0, 6.0; 1
2.0, -1.0, 6.0; 1
-8.0, 0.0, 6.0; 4
-7.0, 0.0, 6.0; 4
-6.0, 0.0, 6.0; 5
-5.0, 0.0, 6.0; 4
-4.0, 0.0, 6.0; 1
-2.0, 0.0, 6.0; 2
-1.0, 0.0, 6.0; 2
0.0, 0.0, 6.0; 2
-8.0, 1.0, 6.0; 1
-7.0, 1.0, 6.0; 4
-6.0, 1.0, 6.0; 9
-5.0, 1.0, 6.0; 1
-4.0, 1.0, 6.0; 2
-3.0, 1.0, 6.0; 3
-2.0, 1.0, 6.0; 1
-1.0, 1.0, 6.0; 3
0.0, 1.0, 6.0; 2
2.0, 1.0, 6.0; 1
-8.0, 2.0, 6.0; 2
-7.0, 2.0, 6.0; 4
-6.0, 2.0, 6.0; 6
-5.0, 2.0, 6.0; 9
-4.0, 2.0, 6.0; 2
-3.0, 2.0, 6.0; 3
-2.0, 2.0, 6.0; 5
-1.0, 2.0, 6.0; 2
1.0, 2.0, 6.0; 2
-8.0, 3.0, 6.0; 1
-7.0, 3.0, 6.0; 2
-6.0, 3.0, 6.0; 4
-5.0, 3.0, 6.0; 3
-4.0, 3.0, 6.0; 1
-3.0, 3.0, 6.0; 1
-2.0, 3.0, 6.0; 1
-1.0, 3.0, 6.0; 3
0.0, 3.0, 6.0; 3
1.0, 3.0, 6.0; 1
4.0, 3.0, 6.0; 1
-7.0, 4.0, 6.0; 1
-6.0, 4.0, 6.0; 1
-5.0, 4.0, 6.0; 3
-3.0, 4.0, 6.0; 5
-2.0, 4.0, 6.0; 1
-1.0, 4.0, 6.0; 3
0.0, 4.0, 6.0; 2
1.0, 4.0, 6.0; 4
2.0, 4.0, 6.0; 1
-6.0, 5.0, 6.0; 2
-5.0, 5.0, 6.0; 2
-4.0, 5.0, 6.0; 2
-3.0, 5.0, 6.0; 3
-2.0, 5.0, 6.0; 2
0.0, 5.0, 6.0; 3
1.0, 5.0, 6.0; 2
2.0, 5.0, 6.0; 1
3.0, 5.0, 6.0; 1
-5.0, 6.0, 6.0; 2
-3.0, 6.0, 6.0; 3
0.0, 6.0, 6.0; 3
1.0, 6.0, 6.0; 2
2.0, 6.0, 6.0; 2
-3.0, 7.0, 6.0; 1
-1.0, 7.0, 6.0; 1
1.0, 7.0, 6.0; 1
-3.0, -7.0, 7.0; 1
-2.0, -7.0, 7.0; 1
-1.0, -7.0, 7.0; 2
0.0, -7.0, 7.0; 2
-5.0, -6.0, 7.0; 2
-4.0, -6.0, 7.0; 3
-3.0, -6.0, 7.0; 4
-2.0, -6.0, 7.0; 5
-1.0, -6.0, 7.0; 1
1.0, -6.0, 7.0; 1
-5.0, -5.0, 7.0; 5
-4.0, -5.0, 7.0; 4
-3.0, -5.0, 7.0; 6
-2.0, -5.0, 7.0; 4
-1.0, -5.0, 7.0; 1
0.0, -5.0, 7.0; 2
1.0, -5.0, 7.0; 2
-6.0, -4.0, 7.0; 5
-5.0, -4.0, 7.0; 3
-4.0, -4.0, 7.0; 5
-3.0, -4.0, 7.0; 2
-2.0, -4.0, 7.0; 2
-1.0, -4.0, 7.0; 1
0.0, -4.0, 7.0; 2
-6.0, -3.0, 7.0; 2
-5.0, -3.0, 7.0; 5
-4.0, -3.0, 7.0; 12
-3.0, -3.0, 7.0; 7
-2.0, -3.0, 7.0; 3
-1.0, -3.0, 7.0; 2
-6.0, -2.0, 7.0; 3
-5.0, -2.0, 7.0; 7
-4.0, -2.0, 7.0; 2
-3.0, -2.0, 7.0; 4
-2.0, -2.0, 7.0; 4
-1.0, -2.0, 7.0; 2
1.0, -2.0, 7.0; 1
-7.0, -1.0, 7.0; 1
-6.0, -1.0, 7.0; 3
-5.0, -1.0, 7.0; 1
-4.0, -1.0, 7.0; 2
-3.0, -1.0, 7.0; 2
-2.0, -1.0, 7.0; 2
-1.0, -1.0, 7.0; 3
0.0, -1.0, 7.0; 1
1.0, -1.0, 7.0; 3
-7.0, 0.0, 7.0; 2
-6.0, 0.0, 7.0; 5
-5.0, 0.0, 7.0; 1
-4.0, 0.0, 7.0; 2
-3.0, 0.0, 7.0; 2
-2.0, 0.0, 7.0; 3
-1.0, 0.0, 7.0; 1
0.0, 0.0, 7.0; 1
1.0, 0.0, 7.0; 3
-7.0, 1.0, 7.0; 1
-6.0, 1.0, 7.0; 3
-5.0, 1.0, 7.0; 3
-4.0, 1.0, 7.0; 4
-3.0, 1.0, 7.0; 3
-2.0, 1.0, 7.0; 2
-1.0, 1.0, 7.0; 1
1.0, 1.0, 7.0; 1
2.0, 1.0, 7.0; 1
4.0, 1.0, 7.0; 1
-7.0, 2.0, 7.0; 1
-6.0, 2.0, 7.0; 5
-5.0, 2.0, 7.0; 1
-3.0, 2.0, 7.0; 3
-2.0, 2.0, 7.0; 3
-1.0, 2.0, 7.0; 5
0.0, 2.0, 7.0; 1
1.0, 2.0, 7.0; 1
-6.0, 3.0, 7.0; 3
-5.0, 3.0, 7.0; 1
-4.0, 3.0, 7.0; 1
-3.0, 3.0, 7.0; 7
-2.0, 3.0, 7.0; 3
-1.0, 3.0, 7.0; 1
0.0, 3.0, 7.0; 4
1.0, 3.0, 7.0; 2
2.0, 3.0, 7.0; 1
3.0, 3.0, 7.0; 1
-4.0, 4.0, 7.0; 1
-3.0, 4.0, 7.0; 2
-1.0, 4.0, 7.0; 1
1.0, 4.0, 7.0; 2
2.0, 4.0, 7.0; 1
-3.0, 5.0, 7.0; 1
-2.0, 5.0, 7.0; 3
-1.0, 5.0, 7.0; 3
0.0, 5.0, 7.0; 2
1.0, 5.0, 7.0; 1
3.0, 5.0, 7.0; 1
-1.0, 6.0, 7.0; 2
1.0, 6.0, 7.0; 1
2.0, 6.0, 7.0; 1
-2.0, -6.0, 8.0; 1
-5.0, -5.0, 8.0; 1
-3.0, -5.0, 8.0; 1
-2.0, -5.0, 8.0; 1
-4.0, -4.0, 8.0; 1
-3.0, -4.0, 8.0; 2
2.0, -4.0, 8.0; 1
-5.0, -3.0, 8.0; 1
-4.0, -3.0, 8.0; 2
1.0, -3.0, 8.0; 1
-5.0, -2.0, 8.0; 2
-3.0, -2.0, 8.0; 1
-2.0, -2.0, 8.0; 1
-1.0, -2.0, 8.0; 2
-6.0, -1.0, 8.0; 1
-5.0, -1.0, 8.0; 3
-4.0, -1.0, 8.0; 1
-3.0, -1.0, 8.0; 1
-2.0, -1.0, 8.0; 2
0.0, -1.0, 8.0; 1
2.0, -1.0, 8.0; 1
-6.0, 0.0, 8.0; 1
-5.0, 0.0, 8.0; 1
-4.0, 0.0, 8.0; 2
-3.0, 0.0, 8.0; 4
1.0, 0.0, 8.0; 1
2.0, 0.0, 8.0; 1
-5.0, 1.0, 8.0; 1
-3.0, 1.0, 8.0; 3
-2.0, 1.0, 8.0; 1
-1.0, 1.0, 8.0; 1
0.0, 1.0, 8.0; 1
1.0, 1.0, 8.0; 1
3.0, 1.0, 8.0; 2
-4.0, 2.0, 8.0; 2
-3.0, 2.0, 8.0; 1
-1.0, 2.0, 8.0; 1
4.0, 2.0, 8.0; 1
-3.0, 3.0, 8.0; 1
-1.0, 3.0, 8.0; 3
-2.0, 4.0, 8.0; 1
0.0, 5.0, 8.0; 1
-2.0, -4.0, 9.0; 1
-3.0, -3.0, 9.0; 2
-3.0, -2.0, 9.0; 1
-4.0, -1.0, 9.0; 2
-3.0, -1.0, 9.0; 2
-1.0, -1.0, 9.0; 1
-4.0, 0.0, 9.0; 1
-3.0, 0.0, 9.0; 1
-2.0, 0.0, 9.0; 3
1.0, 0.0, 9.0; 1
-1.0, 1.0, 9.0; 2
-3.0, -4.0, -10.0; 1
-2.0, -4.0, -10.0; 2
-1.0, -4.0, -10.0; 2
0.0, -4.0, -10.0; 1
1.0, -4.0, -10.0; 1
-3.0, -3.0, -10.0; 1
-2.0, -3.0, -10.0; 3
-1.0, -3.0, -10.0; 5
0.0, -3.0, -10.0; 5
1.0, -3.0, -10.0; 1
-3.0, -2.0, -10.0; 7
-2.0, -2.0, -10.0; 7
-1.0, -2.0, -10.0; 13
0.0, -2.0, -10.0; 9
1.0, -2.0, -10.0; 6
2.0, -2.0, -10.0; 2
-4.0, -1.0, -10.0; 3
-3.0, -1.0, -10.0; 6
-2.0, -1.0, -10.0; 9
-1.0, -1.0, -10.0; 8
0.0, -1.0, -10.0; 6
1.0, -1.0, -10.0; 5
2.0, -1.0, -10.0; 5
3.0, -1.0, -10.0; 3
4.0, -1.0, -10.0; 1
-5.0, 0.0, -10.0; 1
-4.0, 0.0, -10.0; 6
-3.0, 0.0, -10.0; 4
-2.0, 0.0, -10.0; 10
-1.0, 0.0, -10.0; 10
0.0, 0.0, -10.0; 4
1.0, 0.0, -10.0; 1
2.0, 0.0, -10.0; 2
3.0, 0.0, -10.0; 4
-4.0, 1.0, -10.0; 1
-3.0, 1.0, -10.0; 2
-2.0, 1.0, -10.0; 9
-1.0, 1.0, -10.0; 5
0.0, 1.0, -10.0; 3
1.0, 1.0, -10.0; 2
2.0, 1.0, -10.0; 5
3.0, 1.0, -10.0; 3
-4.0, 2.0, -10.0; 2
-3.0, 2.0, -10.0; 5
-2.0, 2.0, -10.0; 7
-1.0, 2.0, -10.0; 1
0.0, 2.0, -10.0; 7
1.0, 2.0, -10.0; 3
2.0, 2.0, -10.0; 2
-1.0, 3.0, -10.0; 2
2.0, 3.0, -10.0; 1
-1.0, 4.0, -10.0; 1
-1.0, -6.0, -9.0; 3
0.0, -6.0, -9.0; 1
1.0, -6.0, -9.0; 2
2.0, -6.0, -9.0; 1
-4.0, -5.0, -9.0; 2
-3.0, -5.0, -9.0; 2
-2.0, -5.0, -9.0; 5
-1.0, -5.0, -9.0; 10
0.0, -5.0, -9.0; 7
1.0, -5.0, -9.0; 5
2.0, -5.0, -9.0; 1
-3.0, -4.0, -9.0; 4
-2.0, -4.0, -9.0; 14
-1.0, -4.0, -9.0; 8
0.0, -4.0, -9.0; 3
1.0, -4.0, -9.0; 5
2.0, -4.0, -9.0; 5
3.0, -4.0, -9.0; 3
-6.0, -3.0, -9.0; 1
-5.0, -3.0, -9.0; 1
-4.0, -3.0, -9.0; 5
-3.0, -3.0, -9.0; 5
-2.0, -3.0, -9.0; 1
-1.0, -3.0, -9.0; 4
0.0, -3.0, -9.0; 5
1.0, -3.0, -9.0; 5
2.0, -3.0, -9.0; 5
3.0, -3.0, -9.0; 1
4.0, -3.0, -9.0; 1
-6.0, -2.0, -9.0; 1
-5.0, -2.0, -9.0; 3
-4.0, -2.0, -9.0; 5
-3.0, -2.0, -9.0; 8
-2.0, -2.0, -9.0; 2
-1.0, -2.0, -9.0; 5
0.0, -2.0, -9.0; 10
1.0, -2.0, -9.0; 7
2.0, -2.0, -9.0; 2
-6.0, -1.0, -9.0; 5
-5.0, -1.0, -9.0; 5
-4.0, -1.0, -9.0; 5
-3.0, -1.0, -9.0; 7
-2.0, -1.0, -9.0; 2
-1.0, -1.0, -9.0; 6
0.0, -1.0, -9.0; 6
1.0, -1.0, -9.0; 4
2.0, -1.0, -9.0; 1
5.0, -1.0, -9.0; 2
-6.0, 0.0, -9.0; 2
-5.0, 0.0, -9.0; 13
-4.0, 0.0, -9.0; 11
-3.0, 0.0, -9.0; 7
-2.0, 0.0, -9.0; 9
-1.0, 0.0, -9.0; 8
0.0, 0.0, -9.0; 4
1.0, 0.0, -9.0; 5
2.0, 0.0, -9.0; 4
3.0, 0.0, -9.0; 3
4.0, 0.0, -9.0; 6
-6.0, 1.0, -9.0; 2
-5.0, 1.0, -9.0; 3
-4.0, 1.0, -9.0; 15
-3.0, 1.0, -9.0; 13
-2.0, 1.0, -9.0; 11
-1.0, 1.0, -9.0; 12
0.0, 1.0, -9.0; 9
1.0, 1.0, -9.0; 1
2.0, 1.0, -9.0; 5
3.0, 1.0, -9.0; 3
4.0, 1.0, -9.0; 6
5.0, 1.0, -9.0; 4
-5.0, 2.0, -9.0; 6
-4.0, 2.0, -9.0; 10
-3.0, 2.0, -9.0; 19
-2.0, 2.0, -9.0; 16
-1.0, 2.0, -9.0; 7
0.0, 2.0, -9.0; 3
1.0, 2.0, -9.0; 8
2.0, 2.0, -9.0; 4
3.0, 2.0, -9.0; 5
4.0, 2.0, -9.0; 5
5.0, 2.0, -9.0; 2
-5.0, 3.0, -9.0; 5
-4.0, 3.0, -9.0; 6
-3.0, 3.0, -9.0; 9
-2.0, 3.0, -9.0; 9
-1.0, 3.0, -9.0; 7
0.0, 3.0, -9.0; 11
1.0, 3.0, -9.0; 5
2.0, 3.0, -9.0; 3
3.0, 3.0, -9.0; 5
4.0, 3.0, -9.0; 1
-4.0, 4.0, -9.0; 2
-3.0, 4.0, -9.0; 7
-2.0, 4.0, -9.0; 2
-1.0, 4.0, -9.0; 7
0.0, 4.0, -9.0; 3
1.0, 4.0, -9.0; 1
2.0, 4.0, -9.0; 2
3.0, 4.0, -9.0; 2
-3.0, 5.0, -9.0; 2
-2.0, 5.0, -9.0; 2
-1.0, 5.0, -9.0; 3
0.0, 5.0, -9.0; 2
1.0, 5.0, -9.0; 3
2.0, 5.0, -9.0; 1
-3.0, -7.0, -8.0; 1
-2.0, -7.0, -8.0; 1
-1.0, -7.0, -8.0; 3
0.0, -7.0, -8.0; 3
1.0, -7.0, -8.0; 7
2.0, -7.0, -8.0; 4
-4.0, -6.0, -8.0; 1
-3.0, -6.0, -8.0; 5
-2.0, -6.0, -8.0; 12
-1.0, -6.0, -8.0; 5
0.0, -6.0, -8.0; 10
1.0, -6.0, -8.0; 14
2.0, -6.0, -8.0; 4
-6.0, -5.0, -8.0; 1
-5.0, -5.0, -8.0; 1
-4.0, -5.0, -8.0; 7
-3.0, -5.0, -8.0; 9
-2.0, -5.0, -8.0; 11
-1.0, -5.0, -8.0; 5
0.0, -5.0, -8.0; 6
1.0, -5.0, -8.0; 4
2.0, -5.0, -8.0; 7
3.0, -5.0, -8.0; 2
4.0, -5.0, -8.0; 2
-6.0, -4.0, -8.0; 2
-5.0, -4.0, -8.0; 5
-4.0, -4.0, -8.0; 13
-3.0, -4.0, -8.0; 14
-2.0, -4.0, -8.0; 14
-1.0, -4.0, -8.0; 7
0.0, -4.0, -8.0; 1
1.0, -4.0, -8.0; 7
2.0, -4.0, -8.0; 2
3.0, -4.0, -8.0; 3
4.0, -4.0, -8.0; 1
5.0, -4.0, -8.0; 1
-7.0, -3.0, -8.0; 2
-6.0, -3.0, -8.0; 4
-5.0, -3.0, -8.0; 14
-4.0, -3.0, -8.0; 19
-3.0, -3.0, -8.0; 14
-2.0, -3.0, -8.0; 14
-1.0, -3.0, -8.0; 4
0.0, -3.0, -8.0; 5
1.0, -3.0, -8.0; 2
2.0, -3.0, -8.0; 3
3.0, -3.0, -8.0; 2
4.0, -3.0, -8.0; 3
5.0, -3.0, -8.0; 3
6.0, -3.0, -8.0; 1
-7.0, -2.0, -8.0; 5
-6.0, -2.0, -8.0; 6
-5.0, -2.0, -8.0; 7
-4.0, -2.0, -8.0; 22
-3.0, -2.0, -8.0; 14
-2.0, -2.0, -8.0; 8
-1.0, -2.0, -8.0; 6
0.0, -2.0, -8.0; 4
1.0, -2.0, -8.0; 1
2.0, -2.0, -8.0; 6
3.0, -2.0, -8.0; 7
4.0, -2.0, -8.0; 1
5.0, -2.0, -8.0; 3
6.0, -2.0, -8.0; 1
-7.0, -1.0, -8.0; 1
-6.0, -1.0, -8.0; 4
-5.0, -1.0, -8.0; 8
-4.0, -1.0, -8.0; 17
-3.0, -1.0, -8.0; 7
-2.0, -1.0, -8.0; 9
-1.0, -1.0, -8.0; 3
0.0, -1.0, -8.0; 2
1.0, -1.0, -8.0; 4
2.0, -1.0, -8.0; 4
3.0, -1.0, -8.0; 8
4.0, -1.0, -8.0; 2
5.0, -1.0, -8.0; 2
6.0, -1.0, -8.0; 2
-7.0, 0.0, -8.0; 7
-6.0, 0.0, -8.0; 7
-5.0, 0.0, -8.0; 21
-4.0, 0.0, -8.0; 16
-3.0, 0.0, -8.0; 4
-2.0, 0.0, -8.0; 13
-1.0, 0.0, -8.0; 3
0.0, 0.0, -8.0; 2
1.0, 0.0, -8.0; 4
2.0, 0.0, -8.0; 5
3.0, 0.0, -8.0; 3
4.0, 0.0, -8.0; 2
5.0, 0.0, -8.0; 4
6.0, 0.0, -8.0; 7
-7.0, 1.0, -8.0; 5
-6.0, 1.0, -8.0; 15
-5.0, 1.0, -8.0; 22
-4.0, 1.0, -8.0; 18
-3.0, 1.0, -8.0; 12
-2.0, 1.0, -8.0; 10
-1.0, 1.0, -8.0; 14
0.0, 1.0, -8.0; 7
1.0, 1.0, -8.0; 5
2.0, 1.0, -8.0; 2
3.0, 1.0, -8.0; 3
4.0, 1.0, -8.0; 2
5.0, 1.0, -8.0; 3
-7.0, 2.0, -8.0; 2
-6.0, 2.0, -8.0; 7
-5.0, 2.0, -8.0; 13
-4.0, 2.0, -8.0; 16
-3.0, 2.0, -8.0; 13
-2.0, 2.0, -8.0; 14
-1.0, 2.0, -8.0; 15
0.0, 2.0, -8.0; 1
1.0, 2.0, -8.0; 2
2.0, 2.0, -8.0; 2
4.0, 2.0, -8.0; 5
5.0, 2.0, -8.0; 8
-6.0, 3.0, -8.0; 7
-5.0, 3.0, -8.0; 7
-4.0, 3.0, -8.0; 10
-3.0, 3.0, -8.0; 14
-2.0, 3.0, -8.0; 20
-1.0, 3.0, -8.0; 20
0.0, 3.0, -8.0; 7
1.0, 3.0, -8.0; 7
2.0, 3.0, -8.0; 9
3.0, 3.0, -8.0; 1
4.0, 3.0, -8.0; 2
-6.0, 4.0, -8.0; 1
-5.0, 4.0, -8.0; 8
-4.0, 4.0, -8.0; 9
-3.0, 4.0, -8.0; 7
-2.0, 4.0, -8.0; 15
-1.0, 4.0, -8.0; 19
0.0, 4.0, -8.0; 15
1.0, 4.0, -8.0; 6
2.0, 4.0, -8.0; 12
3.0, 4.0, -8.0; 9
4.0, 4.0, -8.0; 2
-5.0, 5.0, -8.0; 2
-4.0, 5.0, -8.0; 2
-3.0, 5.0, -8.0; 5
-2.0, 5.0, -8.0; 12
-1.0, 5.0, -8.0; 9
0.0, 5.0, -8.0; 6
1.0, 5.0, -8.0; 7
2.0, 5.0, -8.0; 9
3.0, 5.0, -8.0; 1
4.0, 5.0, -8.0; 1
-3.0, 6.0, -8.0; 2
-1.0, 6.0, -8.0; 4
0.0, 6.0, -8.0; 6
1.0, 6.0, -8.0; 1
2.0, 6.0, -8.0; 1
-4.0, -8.0, -7.0; 1
-3.0, -8.0, -7.0; 1
-2.0, -8.0, -7.0; 5
-1.0, -8.0, -7.0; 4
0.0, -8.0, -7.0; 6
2.0, -8.0, -7.0; 1
-5.0, -7.0, -7.0; 1
-4.0, -7.0, -7.0; 3
-3.0, -7.0, -7.0; 10
-2.0, -7.0, -7.0; 17
-1.0, -7.0, -7.0; 12
0.0, -7.0, -7.0; 9
1.0, -7.0, -7.0; 14
2.0, -7.0, -7.0; 3
3.0, -7.0, -7.0; 3
-6.0, -6.0, -7.0; 3
-5.0, -6.0, -7.0; 15
-4.0, -6.0, -7.0; 33
-3.0, -6.0, -7.0; 13
-2.0, -6.0, -7.0; 11
-1.0, -6.0, -7.0; 10
0.0, -6.0, -7.0; 8
1.0, -6.0, -7.0; 20
2.0, -6.0, -7.0; 27
3.0, -6.0, -7.0; 3
-7.0, -5.0, -7.0; 1
-6.0, -5.0, -7.0; 15
-5.0, -5.0, -7.0; 33
-4.0, -5.0, -7.0; 15
-3.0, -5.0, -7.0; 15
-2.0, -5.0, -7.0; 16
-1.0, -5.0, -7.0; 7
0.0, -5.0, -7.0; 3
1.0, -5.0, -7.0; 4
2.0, -5.0, -7.0; 2
3.0, -5.0, -7.0; 3
4.0, -5.0, -7.0; 2
5.0, -5.0, -7.0; 2
-7.0, -4.0, -7.0; 4
-6.0, -4.0, -7.0; 29
-5.0, -4.0, -7.0; 27
-4.0, -4.0, -7.0; 4
-3.0, -4.0, -7.0; 7
-2.0, -4.0, -7.0; 10
-1.0, -4.0, -7.0; 3
0.0, -4.0, -7.0; 7
1.0, -4.0, -7.0; 2
2.0, -4.0, -7.0; 3
3.0, -4.0, -7.0; 4
4.0, -4.0, -7.0; 2
5.0, -4.0, -7.0; 1
-7.0, -3.0, -7.0; 13
-6.0, -3.0, -7.0; 22
-5.0, -3.0, -7.0; 11
-4.0, -3.0, -7.0; 7
-3.0, -3.0, -7.0; 25
-2.0, -3.0, -7.0; 8
-1.0, -3.0, -7.0; 4
0.0, -3.0, -7.0; 6
1.0, -3.0, -7.0; 5
2.0, -3.0, -7.0; 1
3.0, -3.0, -7.0; 4
4.0, -3.0, -7.0; 7
5.0, -3.0, -7.0; 1
-8.0, -2.0, -7.0; 4
-7.0, -2.0, -7.0; 4
-6.0, -2.0, -7.0; 17
-5.0, -2.0, -7.0; 13
-4.0, -2.0, -7.0; 13
-3.0, -2.0, -7.0; 16
-2.0, -2.0, -7.0; 9
-1.0, -2.0, -7.0; 4
0.0, -2.0, -7.0; 8
1.0, -2.0, -7.0; 6
2.0, -2.0, -7.0; 1
3.0, -2.0, -7.0; 7
4.0, -2.0, -7.0; 3
5.0, -2.0, -7.0; 1
6.0, -2.0, -7.0; 1
7.0, -2.0, -7.0; 2
-8.0, -1.0, -7.0; 6
-7.0, -1.0, -7.0; 7
-6.0, -1.0, -7.0; 16
-5.0, -1.0, -7.0; 28
-4.0, -1.0, -7.0; 8
-3.0, -1.0, -7.0; 9
-2.0, -1.0, -7.0; 10
-1.0, -1.0, -7.0; 17
0.0, -1.0, -7.0; 8
1.0, -1.0, -7.0; 3
2.0, -1.0, -7.0; 7
3.0, -1.0, -7.0; 10
4.0, -1.0, -7.0; 3
5.0, -1.0, -7.0; 1
6.0, -1.0, -7.0; 1
7.0, -1.0, -7.0; 4
-8.0, 0.0, -7.0; 2
-7.0, 0.0, -7.0; 17
-6.0, 0.0, -7.0; 30
-5.0, 0.0, -7.0; 13
-4.0, 0.0, -7.0; 8
-3.0, 0.0, -7.0; 6
-2.0, 0.0, -7.0; 7
-1.0, 0.0, -7.0; 3
0.0, 0.0, -7.0; 4
1.0, 0.0, -7.0; 6
2.0, 0.0, -7.0; 8
3.0, 0.0, -7.0; 9
4.0, 0.0, -7.0; 3
5.0, 0.0, -7.0; 1
6.0, 0.0, -7.0; 5
7.0, 0.0, -7.0; 2
-8.0, 1.0, -7.0; 1
-7.0, 1.0, -7.0; 11
-6.0, 1.0, -7.0; 17
-5.0, 1.0, -7.0; 10
-4.0, 1.0, -7.0; 2
-3.0, 1.0, -7.0; 1
-2.0, 1.0, -7.0; 3
-1.0, 1.0, -7.0; 2
0.0, 1.0, -7.0; 3
2.0, 1.0, -7.0; 6
3.0, 1.0, -7.0; 1
5.0, 1.0, -7.0; 3
6.0, 1.0, -7.0; 4
7.0, 1.0, -7.0; 1
-8.0, 2.0, -7.0; 1
-7.0, 2.0, -7.0; 6
-6.0, 2.0, -7.0; 10
-5.0, 2.0, -7.0; 7
-4.0, 2.0, -7.0; 4
-3.0, 2.0, -7.0; 3
-2.0, 2.0, -7.0; 7
-1.0, 2.0, -7.0; 1
0.0, 2.0, -7.0; 2
1.0, 2.0, -7.0; 6
2.0, 2.0, -7.0; 3
3.0, 2.0, -7.0; 1
4.0, 2.0, -7.0; 1
5.0, 2.0, -7.0; 1
6.0, 2.0, -7.0; 4
-7.0, 3.0, -7.0; 4
-6.0, 3.0, -7.0; 10
-5.0, 3.0, -7.0; 5
-4.0, 3.0, -7.0; 6
-3.0, 3.0, -7.0; 8
-2.0, 3.0, -7.0; 4
-1.0, 3.0, -7.0; 4
0.0, 3.0, -7.0; 1
1.0, 3.0, -7.0; 6
2.0, 3.0, -7.0; 4
4.0, 3.0, -7.0; 5
5.0, 3.0, -7.0; 4
6.0, 3.0, -7.0; 1
-7.0, 4.0, -7.0; 1
-6.0, 4.0, -7.0; 13
-5.0, 4.0, -7.0; 12
-4.0, 4.0, -7.0; 5
-3.0, 4.0, -7.0; 4
-2.0, 4.0, -7.0; 8
-1.0, 4.0, -7.0; 7
0.0, 4.0, -7.0; 6
1.0, 4.0, -7.0; 2
2.0, 4.0, -7.0; 1
3.0, 4.0, -7.0; 2
4.0, 4.0, -7.0; 4
5.0, 4.0, -7.0; 2
-6.0, 5.0, -7.0; 4
-5.0, 5.0, -7.0; 12
-4.0, 5.0, -7.0; 5
-3.0, 5.0, -7.0; 7
-2.0, 5.0, -7.0; 5
-1.0, 5.0, -7.0; 9
0.0, 5.0, -7.0; 16
1.0, 5.0, -7.0; 11
2.0, 5.0, -7.0; 13
3.0, 5.0, -7.0; 6
4.0, 5.0, -7.0; 4
5.0, 5.0, -7.0; 2
-5.0, 6.0, -7.0; 2
-4.0, 6.0, -7.0; 6
-3.0, 6.0, -7.0; 4
-2.0, 6.0, -7.0; 9
-1.0, 6.0, -7.0; 19
0.0, 6.0, -7.0; 11
1.0, 6.0, -7.0; 7
2.0, 6.0, -7.0; 9
3.0, 6.0, -7.0; 1
-3.0, 7.0, -7.0; 1
-2.0, 7.0, -7.0; 2
-1.0, 7.0, -7.0; 6
0.0, 7.0, -7.0; 4
1.0, 7.0, -7.0; 4
2.0, 7.0, -7.0; 1
-2.0, -9.0, -6.0; 1
-1.0, -9.0, -6.0; 3
0.0, -9.0, -6.0; 2
1.0, -9.0, -6.0; 2
-5.0, -8.0, -6.0; 3
-4.0, -8.0, -6.0; 6
-3.0, -8.0, -6.0; 13
-2.0, -8.0, -6.0; 36
-1.0, -8.0, -6.0; 85
0.0, -8.0, -6.0; 22
1.0, -8.0, -6.0; 15
2.0, -8.0, -6.0; 11
3.0, -8.0, -6.0; 8
4.0, -8.0, -6.0; 1
-6.0, -7.0, -6.0; 1
-5.0, -7.0, -6.0; 14
-4.0, -7.0, -6.0; 31
-3.0, -7.0, -6.0; 38
-2.0, -7.0, -6.0; 85
-1.0, -7.0, -6.0; 89
0.0, -7.0, -6.0; 19
1.0, -7.0, -6.0; 29
2.0, -7.0, -6.0; 12
3.0, -7.0, -6.0; 3
4.0, -7.0, -6.0; 2
5.0, -7.0, -6.0; 1
-7.0, -6.0, -6.0; 2
-6.0, -6.0, -6.0; 14
-5.0, -6.0, -6.0; 37
-4.0, -6.0, -6.0; 40
-3.0, -6.0, -6.0; 24
-2.0, -6.0, -6.0; 76
-1.0, -6.0, -6.0; 89
0.0, -6.0, -6.0; 30
1.0, -6.0, -6.0; 10
2.0, -6.0, -6.0; 19
3.0, -6.0, -6.0; 4
4.0, -6.0, -6.0; 2
5.0, -6.0, -6.0; 3
6.0, -6.0, -6.0; 3
-8.0, -5.0, -6.0; 2
-7.0, -5.0, -6.0; 8
-6.0, -5.0, -6.0; 27
-5.0, -5.0, -6.0; 14
-4.0, -5.0, -6.0; 16
-3.0, -5.0, -6.0; 26
-2.0, -5.0, -6.0; 28
-1.0, -5.0, -6.0; 35
0.0, -5.0, -6.0; 16
1.0, -5.0, -6.0; 7
2.0, -5.0, -6.0; 3
4.0, -5.0, -6.0; 3
5.0, -5.0, -6.0; 3
-8.0, -4.0, -6.0; 2
-7.0, -4.0, -6.0; 14
-6.0, -4.0, -6.0; 23
-5.0, -4.0, -6.0; 11
-4.0, -4.0, -6.0; 41
-3.0, -4.0, -6.0; 28
-2.0, -4.0, -6.0; 17
-1.0, -4.0, -6.0; 22
0.0, -4.0, -6.0; 17
1.0, -4.0, -6.0; 6
3.0, -4.0, -6.0; 1
4.0, -4.0, -6.0; 1
5.0, -4.0, -6.0; 3
7.0, -4.0, -6.0; 1
-8.0, -3.0, -6.0; 3
-7.0, -3.0, -6.0; 18
-6.0, -3.0, -6.0; 14
-5.0, -3.0, -6.0; 7
-4.0, -3.0, -6.0; 44
-3.0, -3.0, -6.0; 28
-2.0, -3.0, -6.0; 19
-1.0, -3.0, -6.0; 36
0.0, -3.0, -6.0; 93
1.0, -3.0, -6.0; 21
2.0, -3.0, -6.0; 1
3.0, -3.0, -6.0; 3
4.0, -3.0, -6.0; 5
5.0, -3.0, -6.0; 3
6.0, -3.0, -6.0; 1
7.0, -3.0, -6.0; 5
-8.0, -2.0, -6.0; 7
-7.0, -2.0, -6.0; 15
-6.0, -2.0, -6.0; 17
-5.0, -2.0, -6.0; 11
-4.0, -2.0, -6.0; 19
-3.0, -2.0, -6.0; 42
-2.0, -2.0, -6.0; 47
-1.0, -2.0, -6.0; 57
0.0, -2.0, -6.0; 54
1.0, -2.0, -6.0; 12
2.0, -2.0, -6.0; 2
4.0, -2.0, -6.0; 4
5.0, -2.0, -6.0; 1
7.0, -2.0, -6.0; 6
8.0, -2.0, -6.0; 2
-8.0, -1.0, -6.0; 13
-7.0, -1.0, -6.0; 12
-6.0, -1.0, -6.0; 17
-5.0, -1.0, -6.0; 6
-4.0, -1.0, -6.0; 5
-3.0, -1.0, -6.0; 20
-2.0, -1.0, -6.0; 57
-1.0, -1.0, -6.0; 27
0.0, -1.0, -6.0; 13
1.0, -1.0, -6.0; 4
2.0, -1.0, -6.0; 4
3.0, -1.0, -6.0; 2
4.0, -1.0, -6.0; 9
5.0, -1.0, -6.0; 2
7.0, -1.0, -6.0; 9
8.0, -1.0, -6.0; 2
-9.0, 0.0, -6.0; 1
-8.0, 0.0, -6.0; 4
-7.0, 0.0, -6.0; 16
-6.0, 0.0, -6.0; 11
-5.0, 0.0, -6.0; 5
-4.0, 0.0, -6.0; 2
-3.0, 0.0, -6.0; 19
-2.0, 0.0, -6.0; 50
-1.0, 0.0, -6.0; 25
0.0, 0.0, -6.0; 12
1.0, 0.0, -6.0; 3
2.0, 0.0, -6.0; 2
3.0, 0.0, -6.0; 11
4.0, 0.0, -6.0; 4
6.0, 0.0, -6.0; 7
7.0, 0.0, -6.0; 5
8.0, 0.0, -6.0; 2
-9.0, 1.0, -6.0; 3
-8.0, 1.0, -6.0; 16
-7.0, 1.0, -6.0; 12
-6.0, 1.0, -6.0; 9
-5.0, 1.0, -6.0; 1
-4.0, 1.0, -6.0; 5
-3.0, 1.0, -6.0; 19
-2.0, 1.0, -6.0; 113
-1.0, 1.0, -6.0; 99
0.0, 1.0, -6.0; 15
1.0, 1.0, -6.0; 3
2.0, 1.0, -6.0; 2
3.0, 1.0, -6.0; 3
4.0, 1.0, -6.0; 1
5.0, 1.0, -6.0; 3
6.0, 1.0, -6.0; 3
-8.0, 2.0, -6.0; 11
-7.0, 2.0, -6.0; 16
-6.0, 2.0, -6.0; 8
-5.0, 2.0, -6.0; 5
-4.0, 2.0, -6.0; 9
-3.0, 2.0, -6.0; 11
-2.0, 2.0, -6.0; 30
-1.0, 2.0, -6.0; 76
0.0, 2.0, -6.0; 27
1.0, 2.0, -6.0; 5
2.0, 2.0, -6.0; 3
3.0, 2.0, -6.0; 5
4.0, 2.0, -6.0; 2
6.0, 2.0, -6.0; 3
-8.0, 3.0, -6.0; 8
-7.0, 3.0, -6.0; 11
-6.0, 3.0, -6.0; 11
-5.0, 3.0, -6.0; 7
-4.0, 3.0, -6.0; 13
-3.0, 3.0, -6.0; 13
-2.0, 3.0, -6.0; 4
-1.0, 3.0, -6.0; 7
0.0, 3.0, -6.0; 5
1.0, 3.0, -6.0; 4
2.0, 3.0, -6.0; 4
3.0, 3.0, -6.0; 3
5.0, 3.0, -6.0; 4
6.0, 3.0, -6.0; 2
-8.0, 4.0, -6.0; 1
-7.0, 4.0, -6.0; 15
-6.0, 4.0, -6.0; 19
-5.0, 4.0, -6.0; 11
-4.0, 4.0, -6.0; 9
-3.0, 4.0, -6.0; 7
-2.0, 4.0, -6.0; 6
-1.0, 4.0, -6.0; 4
0.0, 4.0, -6.0; 1
1.0, 4.0, -6.0; 4
2.0, 4.0, -6.0; 2
3.0, 4.0, -6.0; 1
4.0, 4.0, -6.0; 2
5.0, 4.0, -6.0; 4
-6.0, 5.0, -6.0; 15
-5.0, 5.0, -6.0; 42
-4.0, 5.0, -6.0; 13
-3.0, 5.0, -6.0; 15
-2.0, 5.0, -6.0; 3
-1.0, 5.0, -6.0; 3
0.0, 5.0, -6.0; 2
1.0, 5.0, -6.0; 7
2.0, 5.0, -6.0; 5
3.0, 5.0, -6.0; 1
4.0, 5.0, -6.0; 2
5.0, 5.0, -6.0; 6
6.0, 5.0, -6.0; 1
-6.0, 6.0, -6.0; 9
-5.0, 6.0, -6.0; 13
-4.0, 6.0, -6.0; 29
-3.0, 6.0, -6.0; 40
-2.0, 6.0, -6.0; 10
-1.0, 6.0, -6.0; 2
0.0, 6.0, -6.0; 4
1.0, 6.0, -6.0; 14
2.0, 6.0, -6.0; 7
3.0, 6.0, -6.0; 8
4.0, 6.0, -6.0; 3
-4.0, 7.0, -6.0; 3
-3.0, 7.0, -6.0; 8
-2.0, 7.0, -6.0; 9
-1.0, 7.0, -6.0; 18
0.0, 7.0, -6.0; 10
1.0, 7.0, -6.0; 9
3.0, 7.0, -6.0; 1
-2.0, 8.0, -6.0; 5
-1.0, 8.0, -6.0; 5
0.0, 8.0, -6.0; 2
1.0, 8.0, -6.0; 3
2.0, 8.0, -6.0; 2
-4.0, -9.0, -5.0; 3
-2.0, -9.0, -5.0; 8
-1.0, -9.0, -5.0; 8
0.0, -9.0, -5.0; 9
1.0, -9.0, -5.0; 3
2.0, -9.0, -5.0; 4
3.0, -9.0, -5.0; 2
-6.0, -8.0, -5.0; 4
-5.0, -8.0, -5.0; 7
-4.0, -8.0, -5.0; 14
-3.0, -8.0, -5.0; 25
-2.0, -8.0, -5.0; 207
-1.0, -8.0, -5.0; 534
0.0, -8.0, -5.0; 49
1.0, -8.0, -5.0; 14
2.0, -8.0, -5.0; 9
3.0, -8.0, -5.0; 16
4.0, -8.0, -5.0; 5
-7.0, -7.0, -5.0; 1
-6.0, -7.0, -5.0; 18
-5.0, -7.0, -5.0; 13
-4.0, -7.0, -5.0; 13
-3.0, -7.0, -5.0; 24
-2.0, -7.0, -5.0; 68
-1.0, -7.0, -5.0; 99
0.0, -7.0, -5.0; 44
1.0, -7.0, -5.0; 16
2.0, -7.0, -5.0; 16
3.0, -7.0, -5.0; 2
4.0, -7.0, -5.0; 3
5.0, -7.0, -5.0; 3
-8.0, -6.0, -5.0; 2
-7.0, -6.0, -5.0; 20
-6.0, -6.0, -5.0; 19
-5.0, -6.0, -5.0; 21
-4.0, -6.0, -5.0; 4
-3.0, -6.0, -5.0; 5
-2.0, -6.0, -5.0; 12
-1.0, -6.0, -5.0; 19
0.0, -6.0, -5.0; 39
1.0, -6.0, -5.0; 7
2.0, -6.0, -5.0; 12
3.0, -6.0, -5.0; 5
4.0, -6.0, -5.0; 3
5.0, -6.0, -5.0; 5
6.0, -6.0, -5.0; 4
-8.0, -5.0, -5.0; 13
-7.0, -5.0, -5.0; 15
-6.0, -5.0, -5.0; 7
-5.0, -5.0, -5.0; 5
-4.0, -5.0, -5.0; 4
-3.0, -5.0, -5.0; 3
-2.0, -5.0, -5.0; 11
-1.0, -5.0, -5.0; 9
0.0, -5.0, -5.0; 14
1.0, -5.0, -5.0; 19
2.0, -5.0, -5.0; 2
3.0, -5.0, -5.0; 3
5.0, -5.0, -5.0; 3
6.0, -5.0, -5.0; 2
7.0, -5.0, -5.0; 1
-9.0, -4.0, -5.0; 2
-8.0, -4.0, -5.0; 14
-7.0, -4.0, -5.0; 7
-6.0, -4.0, -5.0; 5
-5.0, -4.0, -5.0; 13
-4.0, -4.0, -5.0; 18
-3.0, -4.0, -5.0; 99
-2.0, -4.0, -5.0; 398
-1.0, -4.0, -5.0; 71
0.0, -4.0, -5.0; 21
1.0, -4.0, -5.0; 217
2.0, -4.0, -5.0; 14
4.0, -4.0, -5.0; 3
5.0, -4.0, -5.0; 3
6.0, -4.0, -5.0; 1
7.0, -4.0, -5.0; 5
8.0, -4.0, -5.0; 3
-9.0, -3.0, -5.0; 3
-8.0, -3.0, -5.0; 10
-7.0, -3.0, -5.0; 12
-6.0, -3.0, -5.0; 4
-5.0, -3.0, -5.0; 37
-4.0, -3.0, -5.0; 77
-3.0, -3.0, -5.0; 1860
-2.0, -3.0, -5.0; 1174
-1.0, -3.0, -5.0; 49
0.0, -3.0, -5.0; 81
1.0, -3.0, -5.0; 1298
2.0, -3.0, -5.0; 53
5.0, -3.0, -5.0; 4
7.0, -3.0, -5.0; 5
8.0, -3.0, -5.0; 10
-9.0, -2.0, -5.0; 6
-8.0, -2.0, -5.0; 12
-7.0, -2.0, -5.0; 10
-6.0, -2.0, -5.0; 8
-5.0, -2.0, -5.0; 22
-4.0, -2.0, -5.0; 25
-3.0, -2.0, -5.0; 85
-2.0, -2.0, -5.0; 33
-1.0, -2.0, -5.0; 3
0.0, -2.0, -5.0; 42
1.0, -2.0, -5.0; 122
2.0, -2.0, -5.0; 15
3.0, -2.0, -5.0; 1
4.0, -2.0, -5.0; 12
5.0, -2.0, -5.0; 24
6.0, -2.0, -5.0; 1
7.0, -2.0, -5.0; 2
8.0, -2.0, -5.0; 13
-9.0, -1.0, -5.0; 4
-8.0, -1.0, -5.0; 7
-7.0, -1.0, -5.0; 18
-6.0, -1.0, -5.0; 3
-5.0, -1.0, -5.0; 7
-4.0, -1.0, -5.0; 12
-3.0, -1.0, -5.0; 60
-2.0, -1.0, -5.0; 25
-1.0, -1.0, -5.0; 11
0.0, -1.0, -5.0; 6
1.0, -1.0, -5.0; 9
2.0, -1.0, -5.0; 2
4.0, -1.0, -5.0; 11
5.0, -1.0, -5.0; 4
7.0, -1.0, -5.0; 6
8.0, -1.0, -5.0; 20
-9.0, 0.0, -5.0; 4
-8.0, 0.0, -5.0; 8
-7.0, 0.0, -5.0; 19
-6.0, 0.0, -5.0; 3
-5.0, 0.0, -5.0; 4
-4.0, 0.0, -5.0; 52
-3.0, 0.0, -5.0; 195
-2.0, 0.0, -5.0; 39
-1.0, 0.0, -5.0; 15
0.0, 0.0, -5.0; 5
1.0, 0.0, -5.0; 2
2.0, 0.0, -5.0; 1
3.0, 0.0, -5.0; 5
4.0, 0.0, -5.0; 1
6.0, 0.0, -5.0; 1
7.0, 0.0, -5.0; 2
8.0, 0.0, -5.0; 5
-9.0, 1.0, -5.0; 6
-8.0, 1.0, -5.0; 10
-7.0, 1.0, -5.0; 10
-6.0, 1.0, -5.0; 9
-5.0, 1.0, -5.0; 7
-4.0, 1.0, -5.0; 29
-3.0, 1.0, -5.0; 52
-2.0, 1.0, -5.0; 28
-1.0, 1.0, -5.0; 34
0.0, 1.0, -5.0; 27
1.0, 1.0, -5.0; 15
2.0, 1.0, -5.0; 6
3.0, 1.0, -5.0; 2
4.0, 1.0, -5.0; 2
5.0, 1.0, -5.0; 1
6.0, 1.0, -5.0; 3
7.0, 1.0, -5.0; 3
8.0, 1.0, -5.0; 2
-9.0, 2.0, -5.0; 5
-8.0, 2.0, -5.0; 9
-7.0, 2.0, -5.0; 9
-6.0, 2.0, -5.0; 10
-5.0, 2.0, -5.0; 25
-4.0, 2.0, -5.0; 10
-3.0, 2.0, -5.0; 33
-2.0, 2.0, -5.0; 76
-1.0, 2.0, -5.0; 118
0.0, 2.0, -5.0; 170
1.0, 2.0, -5.0; 110
2.0, 2.0, -5.0; 19
3.0, 2.0, -5.0; 6
4.0, 2.0, -5.0; 3
6.0, 2.0, -5.0; 1
-9.0, 3.0, -5.0; 2
-8.0, 3.0, -5.0; 10
-7.0, 3.0, -5.0; 10
-6.0, 3.0, -5.0; 3
-5.0, 3.0, -5.0; 12
-4.0, 3.0, -5.0; 15
-3.0, 3.0, -5.0; 31
-2.0, 3.0, -5.0; 38
-1.0, 3.0, -5.0; 368
0.0, 3.0, -5.0; 304
1.0, 3.0, -5.0; 99
2.0, 3.0, -5.0; 3
3.0, 3.0, -5.0; 1
4.0, 3.0, -5.0; 3
5.0, 3.0, -5.0; 1
7.0, 3.0, -5.0; 1
-8.0, 4.0, -5.0; 8
-7.0, 4.0, -5.0; 21
-6.0, 4.0, -5.0; 17
-5.0, 4.0, -5.0; 13
-4.0, 4.0, -5.0; 13
-3.0, 4.0, -5.0; 2
-2.0, 4.0, -5.0; 19
-1.0, 4.0, -5.0; 37
0.0, 4.0, -5.0; 25
1.0, 4.0, -5.0; 2
2.0, 4.0, -5.0; 3
3.0, 4.0, -5.0; 3
4.0, 4.0, -5.0; 3
5.0, 4.0, -5.0; 1
7.0, 4.0, -5.0; 1
-7.0, 5.0, -5.0; 19
-6.0, 5.0, -5.0; 17
-5.0, 5.0, -5.0; 46
-4.0, 5.0, -5.0; 17
-3.0, 5.0, -5.0; 14
-2.0, 5.0, -5.0; 4
-1.0, 5.0, -5.0; 10
0.0, 5.0, -5.0; 10
1.0, 5.0, -5.0; 1
2.0, 5.0, -5.0; 4
3.0, 5.0, -5.0; 4
4.0, 5.0, -5.0; 1
6.0, 5.0, -5.0; 3
-7.0, 6.0, -5.0; 1
-6.0, 6.0, -5.0; 12
-5.0, 6.0, -5.0; 29
-4.0, 6.0, -5.0; 42
-3.0, 6.0, -5.0; 51
-2.0, 6.0, -5.0; 6
-1.0, 6.0, -5.0; 6
0.0, 6.0, -5.0; 12
1.0, 6.0, -5.0; 1
3.0, 6.0, -5.0; 2
4.0, 6.0, -5.0; 4
5.0, 6.0, -5.0; 5
-5.0, 7.0, -5.0; 4
-4.0, 7.0, -5.0; 18
-3.0, 7.0, -5.0; 64
-2.0, 7.0, -5.0; 28
-1.0, 7.0, -5.0; 6
0.0, 7.0, -5.0; 10
1.0, 7.0, -5.0; 8
2.0, 7.0, -5.0; 6
3.0, 7.0, -5.0; 3
4.0, 7.0, -5.0; 1
-4.0, 8.0, -5.0; 2
-3.0, 8.0, -5.0; 12
-2.0, 8.0, -5.0; 10
-1.0, 8.0, -5.0; 11
0.0, 8.0, -5.0; 10
1.0, 8.0, -5.0; 9
2.0, 8.0, -5.0; 5
3.0, 8.0, -5.0; 1
-3.0, -10.0, -4.0; 1
-2.0, -10.0, -4.0; 5
-1.0, -10.0, -4.0; 1
0.0, -10.0, -4.0; 2
-5.0, -9.0, -4.0; 1
-4.0, -9.0, -4.0; 4
-3.0, -9.0, -4.0; 7
-2.0, -9.0, -4.0; 15
-1.0, -9.0, -4.0; 8
0.0, -9.0, -4.0; 23
1.0, -9.0, -4.0; 12
2.0, -9.0, -4.0; 7
3.0, -9.0, -4.0; 2
-6.0, -8.0, -4.0; 8
-5.0, -8.0, -4.0; 15
-4.0, -8.0, -4.0; 14
-3.0, -8.0, -4.0; 24
-2.0, -8.0, -4.0; 40
-1.0, -8.0, -4.0; 93
0.0, -8.0, -4.0; 32
1.0, -8.0, -4.0; 8
2.0, -8.0, -4.0; 8
3.0, -8.0, -4.0; 7
4.0, -8.0, -4.0; 2
5.0, -8.0, -4.0; 1
-7.0, -7.0, -4.0; 8
-6.0, -7.0, -4.0; 19
-5.0, -7.0, -4.0; 5
-4.0, -7.0, -4.0; 4
-3.0, -7.0, -4.0; 3
-2.0, -7.0, -4.0; 7
-1.0, -7.0, -4.0; 16
0.0, -7.0, -4.0; 35
1.0, -7.0, -4.0; 15
2.0, -7.0, -4.0; 5
3.0, -7.0, -4.0; 6
4.0, -7.0, -4.0; 8
5.0, -7.0, -4.0; 3
6.0, -7.0, -4.0; 2
-8.0, -6.0, -4.0; 9
-7.0, -6.0, -4.0; 19
-6.0, -6.0, -4.0; 13
-5.0, -6.0, -4.0; 3
-4.0, -6.0, -4.0; 1
-3.0, -6.0, -4.0; 2
-2.0, -6.0, -4.0; 7
-1.0, -6.0, -4.0; 26
0.0, -6.0, -4.0; 21
1.0, -6.0, -4.0; 54
2.0, -6.0, -4.0; 6
4.0, -6.0, -4.0; 1
5.0, -6.0, -4.0; 4
6.0, -6.0, -4.0; 5
7.0, -6.0, -4.0; 2
-9.0, -5.0, -4.0; 1
-8.0, -5.0, -4.0; 26
-7.0, -5.0, -4.0; 12
-6.0, -5.0, -4.0; 1
-5.0, -5.0, -4.0; 2
-4.0, -5.0, -4.0; 4
-3.0, -5.0, -4.0; 6
-2.0, -5.0, -4.0; 45
-1.0, -5.0, -4.0; 208
0.0, -5.0, -4.0; 35
1.0, -5.0, -4.0; 79
2.0, -5.0, -4.0; 53
3.0, -5.0, -4.0; 3
4.0, -5.0, -4.0; 1
6.0, -5.0, -4.0; 1
8.0, -5.0, -4.0; 2
-9.0, -4.0, -4.0; 8
-8.0, -4.0, -4.0; 17
-7.0, -4.0, -4.0; 9
-6.0, -4.0, -4.0; 3
-5.0, -4.0, -4.0; 12
-4.0, -4.0, -4.0; 50
-3.0, -4.0, -4.0; 40
-2.0, -4.0, -4.0; 46
-1.0, -4.0, -4.0; 48
0.0, -4.0, -4.0; 13
1.0, -4.0, -4.0; 156
2.0, -4.0, -4.0; 191
3.0, -4.0, -4.0; 9
4.0, -4.0, -4.0; 1
5.0, -4.0, -4.0; 5
6.0, -4.0, -4.0; 2
7.0, -4.0, -4.0; 5
8.0, -4.0, -4.0; 6
-10.0, -3.0, -4.0; 1
-9.0, -3.0, -4.0; 5
-8.0, -3.0, -4.0; 16
-7.0, -3.0, -4.0; 5
-6.0, -3.0, -4.0; 21
-5.0, -3.0, -4.0; 64
-4.0, -3.0, -4.0; 250
-3.0, -3.0, -4.0; 131
-2.0, -3.0, -4.0; 6
-1.0, -3.0, -4.0; 3
0.0, -3.0, -4.0; 3
1.0, -3.0, -4.0; 258
2.0, -3.0, -4.0; 208
3.0, -3.0, -4.0; 8
4.0, -3.0, -4.0; 2
5.0, -3.0, -4.0; 13
6.0, -3.0, -4.0; 1
7.0, -3.0, -4.0; 4
8.0, -3.0, -4.0; 7
-9.0, -2.0, -4.0; 2
-8.0, -2.0, -4.0; 17
-7.0, -2.0, -4.0; 8
-6.0, -2.0, -4.0; 13
-5.0, -2.0, -4.0; 18
-4.0, -2.0, -4.0; 37
-3.0, -2.0, -4.0; 16
0.0, -2.0, -4.0; 1
1.0, -2.0, -4.0; 4
2.0, -2.0, -4.0; 7
4.0, -2.0, -4.0; 9
5.0, -2.0, -4.0; 21
6.0, -2.0, -4.0; 1
7.0, -2.0, -4.0; 1
8.0, -2.0, -4.0; 7
9.0, -2.0, -4.0; 2
-10.0, -1.0, -4.0; 2
-9.0, -1.0, -4.0; 5
-8.0, -1.0, -4.0; 3
-7.0, -1.0, -4.0; 26
-6.0, -1.0, -4.0; 5
-5.0, -1.0, -4.0; 6
-4.0, -1.0, -4.0; 7
1.0, -1.0, -4.0; 1
2.0, -1.0, -4.0; 2
3.0, -1.0, -4.0; 1
4.0, -1.0, -4.0; 12
5.0, -1.0, -4.0; 6
7.0, -1.0, -4.0; 2
8.0, -1.0, -4.0; 5
9.0, -1.0, -4.0; 1
-10.0, 0.0, -4.0; 2
-9.0, 0.0, -4.0; 7
-8.0, 0.0, -4.0; 9
-7.0, 0.0, -4.0; 10
-6.0, 0.0, -4.0; 4
-5.0, 0.0, -4.0; 20
-4.0, 0.0, -4.0; 12
-3.0, 0.0, -4.0; 1
3.0, 0.0, -4.0; 6
4.0, 0.0, -4.0; 7
8.0, 0.0, -4.0; 1
9.0, 0.0, -4.0; 1
-10.0, 1.0, -4.0; 1
-9.0, 1.0, -4.0; 9
-8.0, 1.0, -4.0; 5
-7.0, 1.0, -4.0; 3
-6.0, 1.0, -4.0; 28
-5.0, 1.0, -4.0; 14
-4.0, 1.0, -4.0; 6
-3.0, 1.0, -4.0; 2
1.0, 1.0, -4.0; 1
4.0, 1.0, -4.0; 5
5.0, 1.0, -4.0; 1
6.0, 1.0, -4.0; 1
7.0, 1.0, -4.0; 1
8.0, 1.0, -4.0; 2
-9.0, 2.0, -4.0; 13
-8.0, 2.0, -4.0; 8
-7.0, 2.0, -4.0; 6
-6.0, 2.0, -4.0; 37
-5.0, 2.0, -4.0; 53
-4.0, 2.0, -4.0; 10
1.0, 2.0, -4.0; 10
2.0, 2.0, -4.0; 11
3.0, 2.0, -4.0; 6
4.0, 2.0, -4.0; 4
5.0, 2.0, -4.0; 1
7.0, 2.0, -4.0; 4
-9.0, 3.0, -4.0; 8
-8.0, 3.0, -4.0; 14
-7.0, 3.0, -4.0; 8
-6.0, 3.0, -4.0; 18
-5.0, 3.0, -4.0; 22
-4.0, 3.0, -4.0; 4
-3.0, 3.0, -4.0; 3
-2.0, 3.0, -4.0; 2
-1.0, 3.0, -4.0; 11
0.0, 3.0, -4.0; 88
1.0, 3.0, -4.0; 144
2.0, 3.0, -4.0; 56
3.0, 3.0, -4.0; 3
4.0, 3.0, -4.0; 3
5.0, 3.0, -4.0; 2
7.0, 3.0, -4.0; 1
-9.0, 4.0, -4.0; 5
-8.0, 4.0, -4.0; 21
-7.0, 4.0, -4.0; 16
-6.0, 4.0, -4.0; 10
-5.0, 4.0, -4.0; 1
-4.0, 4.0, -4.0; 3
-3.0, 4.0, -4.0; 10
-2.0, 4.0, -4.0; 11
-1.0, 4.0, -4.0; 36
0.0, 4.0, -4.0; 184
1.0, 4.0, -4.0; 96
2.0, 4.0, -4.0; 24
3.0, 4.0, -4.0; 1
4.0, 4.0, -4.0; 2
5.0, 4.0, -4.0; 1
6.0, 4.0, -4.0; 3
-8.0, 5.0, -4.0; 5
-7.0, 5.0, -4.0; 22
-6.0, 5.0, -4.0; 14
-5.0, 5.0, -4.0; 6
-4.0, 5.0, -4.0; 1
-3.0, 5.0, -4.0; 5
-2.0, 5.0, -4.0; 21
-1.0, 5.0, -4.0; 44
0.0, 5.0, -4.0; 39
1.0, 5.0, -4.0; 6
2.0, 5.0, -4.0; 6
3.0, 5.0, -4.0; 2
4.0, 5.0, -4.0; 1
6.0, 5.0, -4.0; 2
7.0, 5.0, -4.0; 1
-7.0, 6.0, -4.0; 7
-6.0, 6.0, -4.0; 22
-5.0, 6.0, -4.0; 16
-4.0, 6.0, -4.0; 7
-3.0, 6.0, -4.0; 5
-2.0, 6.0, -4.0; 1
-1.0, 6.0, -4.0; 6
0.0, 6.0, -4.0; 12
1.0, 6.0, -4.0; 7
2.0, 6.0, -4.0; 5
3.0, 6.0, -4.0; 4
4.0, 6.0, -4.0; 2
5.0, 6.0, -4.0; 1
6.0, 6.0, -4.0; 2
-7.0, 7.0, -4.0; 1
-6.0, 7.0, -4.0; 9
-5.0, 7.0, -4.0; 16
-4.0, 7.0, -4.0; 17
-3.0, 7.0, -4.0; 34
-2.0, 7.0, -4.0; 24
-1.0, 7.0, -4.0; 6
0.0, 7.0, -4.0; 13
1.0, 7.0, -4.0; 12
2.0, 7.0, -4.0; 19
3.0, 7.0, -4.0; 9
4.0, 7.0, -4.0; 3
5.0, 7.0, -4.0; 2
-5.0, 8.0, -4.0; 6
-4.0, 8.0, -4.0; 11
-3.0, 8.0, -4.0; 25
-2.0, 8.0, -4.0; 15
-1.0, 8.0, -4.0; 12
0.0, 8.0, -4.0; 12
1.0, 8.0, -4.0; 9
2.0, 8.0, -4.0; 11
3.0, 8.0, -4.0; 3
4.0, 8.0, -4.0; 2
-2.0, 9.0, -4.0; 4
-1.0, 9.0, -4.0; 2
0.0, 9.0, -4.0; 6
1.0, 9.0, -4.0; 8
2.0, 9.0, -4.0; 2
-4.0, -10.0, -3.0; 1
-3.0, -10.0, -3.0; 5
-2.0, -10.0, -3.0; 1
-1.0, -10.0, -3.0; 13
0.0, -10.0, -3.0; 4
1.0, -10.0, -3.0; 2
-5.0, -9.0, -3.0; 7
-4.0, -9.0, -3.0; 11
-3.0, -9.0, -3.0; 10
-2.0, -9.0, -3.0; 10
-1.0, -9.0, -3.0; 9
0.0, -9.0, -3.0; 13
1.0, -9.0, -3.0; 9
2.0, -9.0, -3.0; 12
3.0, -9.0, -3.0; 4
-7.0, -8.0, -3.0; 4
-6.0, -8.0, -3.0; 11
-5.0, -8.0, -3.0; 11
-4.0, -8.0, -3.0; 25
-3.0, -8.0, -3.0; 31
-2.0, -8.0, -3.0; 37
-1.0, -8.0, -3.0; 19
0.0, -8.0, -3.0; 22
1.0, -8.0, -3.0; 13
2.0, -8.0, -3.0; 7
3.0, -8.0, -3.0; 4
4.0, -8.0, -3.0; 7
5.0, -8.0, -3.0; 2
-8.0, -7.0, -3.0; 4
-7.0, -7.0, -3.0; 24
-6.0, -7.0, -3.0; 16
-5.0, -7.0, -3.0; 4
-4.0, -7.0, -3.0; 2
-3.0, -7.0, -3.0; 1
-1.0, -7.0, -3.0; 5
0.0, -7.0, -3.0; 44
1.0, -7.0, -3.0; 34
2.0, -7.0, -3.0; 3
3.0, -7.0, -3.0; 3
4.0, -7.0, -3.0; 3
5.0, -7.0, -3.0; 3
-8.0, -6.0, -3.0; 13
-7.0, -6.0, -3.0; 17
-6.0, -6.0, -3.0; 3
-5.0, -6.0, -3.0; 1
-4.0, -6.0, -3.0; 1
-1.0, -6.0, -3.0; 69
0.0, -6.0, -3.0; 88
1.0, -6.0, -3.0; 787
2.0, -6.0, -3.0; 74
3.0, -6.0, -3.0; 2
4.0, -6.0, -3.0; 2
5.0, -6.0, -3.0; 3
7.0, -6.0, -3.0; 3
-9.0, -5.0, -3.0; 8
-8.0, -5.0, -3.0; 26
-7.0, -5.0, -3.0; 6
-5.0, -5.0, -3.0; 2
-2.0, -5.0, -3.0; 1
-1.0, -5.0, -3.0; 40
0.0, -5.0, -3.0; 40
1.0, -5.0, -3.0; 48
2.0, -5.0, -3.0; 160
3.0, -5.0, -3.0; 12
5.0, -5.0, -3.0; 1
7.0, -5.0, -3.0; 3
8.0, -5.0, -3.0; 6
-10.0, -4.0, -3.0; 1
-9.0, -4.0, -3.0; 11
-8.0, -4.0, -3.0; 24
-7.0, -4.0, -3.0; 3
-6.0, -4.0, -3.0; 7
-5.0, -4.0, -3.0; 16
-1.0, -4.0, -3.0; 1
0.0, -4.0, -3.0; 1
1.0, -4.0, -3.0; 5
2.0, -4.0, -3.0; 61
3.0, -4.0, -3.0; 19
5.0, -4.0, -3.0; 6
6.0, -4.0, -3.0; 4
7.0, -4.0, -3.0; 2
8.0, -4.0, -3.0; 14
-10.0, -3.0, -3.0; 2
-9.0, -3.0, -3.0; 10
-8.0, -3.0, -3.0; 9
-7.0, -3.0, -3.0; 5
-6.0, -3.0, -3.0; 16
-5.0, -3.0, -3.0; 50
-4.0, -3.0, -3.0; 2
-3.0, -3.0, -3.0; 6
3.0, -3.0, -3.0; 2
4.0, -3.0, -3.0; 1
5.0, -3.0, -3.0; 8
7.0, -3.0, -3.0; 1
8.0, -3.0, -3.0; 5
-10.0, -2.0, -3.0; 3
-9.0, -2.0, -3.0; 3
-8.0, -2.0, -3.0; 14
-7.0, -2.0, -3.0; 17
-6.0, -2.0, -3.0; 15
-5.0, -2.0, -3.0; 19
-4.0, -2.0, -3.0; 2
-3.0, -2.0, -3.0; 2
3.0, -2.0, -3.0; 1
5.0, -2.0, -3.0; 1
6.0, -2.0, -3.0; 1
8.0, -2.0, -3.0; 2
9.0, -2.0, -3.0; 4
-9.0, -1.0, -3.0; 6
-8.0, -1.0, -3.0; 14
-7.0, -1.0, -3.0; 24
-6.0, -1.0, -3.0; 2
-5.0, -1.0, -3.0; 2
5.0, -1.0, -3.0; 2
8.0, -1.0, -3.0; 2
9.0, -1.0, -3.0; 2
-10.0, 0.0, -3.0; 1
-9.0, 0.0, -3.0; 6
-8.0, 0.0, -3.0; 6
-7.0, 0.0, -3.0; 1
-6.0, 0.0, -3.0; 21
-5.0, 0.0, -3.0; 5
4.0, 0.0, -3.0; 1
5.0, 0.0, -3.0; 3
-10.0, 1.0, -3.0; 2
-9.0, 1.0, -3.0; 6
-8.0, 1.0, -3.0; 8
-7.0, 1.0, -3.0; 6
-6.0, 1.0, -3.0; 55
-5.0, 1.0, -3.0; 9
4.0, 1.0, -3.0; 1
-10.0, 2.0, -3.0; 1
-9.0, 2.0, -3.0; 10
-8.0, 2.0, -3.0; 7
-7.0, 2.0, -3.0; 23
-6.0, 2.0, -3.0; 28
-5.0, 2.0, -3.0; 11
-3.0, 2.0, -3.0; 1
3.0, 2.0, -3.0; 1
4.0, 2.0, -3.0; 3
5.0, 2.0, -3.0; 1
6.0, 2.0, -3.0; 2
-10.0, 3.0, -3.0; 1
-9.0, 3.0, -3.0; 13
-8.0, 3.0, -3.0; 9
-7.0, 3.0, -3.0; 6
-6.0, 3.0, -3.0; 45
-5.0, 3.0, -3.0; 4
-4.0, 3.0, -3.0; 1
0.0, 3.0, -3.0; 1
1.0, 3.0, -3.0; 9
2.0, 3.0, -3.0; 14
3.0, 3.0, -3.0; 4
4.0, 3.0, -3.0; 5
5.0, 3.0, -3.0; 4
6.0, 3.0, -3.0; 1
7.0, 3.0, -3.0; 1
-9.0, 4.0, -3.0; 8
-8.0, 4.0, -3.0; 30
-7.0, 4.0, -3.0; 5
-6.0, 4.0, -3.0; 9
-5.0, 4.0, -3.0; 8
-3.0, 4.0, -3.0; 1
-1.0, 4.0, -3.0; 1
0.0, 4.0, -3.0; 116
1.0, 4.0, -3.0; 176
2.0, 4.0, -3.0; 43
3.0, 4.0, -3.0; 6
4.0, 4.0, -3.0; 4
5.0, 4.0, -3.0; 3
6.0, 4.0, -3.0; 1
7.0, 4.0, -3.0; 2
8.0, 4.0, -3.0; 1
-9.0, 5.0, -3.0; 1
-8.0, 5.0, -3.0; 19
-7.0, 5.0, -3.0; 24
-6.0, 5.0, -3.0; 6
-5.0, 5.0, -3.0; 2
-4.0, 5.0, -3.0; 1
-3.0, 5.0, -3.0; 2
-2.0, 5.0, -3.0; 14
-1.0, 5.0, -3.0; 42
0.0, 5.0, -3.0; 103
1.0, 5.0, -3.0; 46
2.0, 5.0, -3.0; 8
3.0, 5.0, -3.0; 3
4.0, 5.0, -3.0; 3
5.0, 5.0, -3.0; 2
6.0, 5.0, -3.0; 3
7.0, 5.0, -3.0; 1
-8.0, 6.0, -3.0; 3
-7.0, 6.0, -3.0; 21
-6.0, 6.0, -3.0; 14
-5.0, 6.0, -3.0; 13
-4.0, 6.0, -3.0; 1
-3.0, 6.0, -3.0; 4
-2.0, 6.0, -3.0; 7
-1.0, 6.0, -3.0; 31
0.0, 6.0, -3.0; 40
1.0, 6.0, -3.0; 22
2.0, 6.0, -3.0; 5
3.0, 6.0, -3.0; 5
5.0, 6.0, -3.0; 3
6.0, 6.0, -3.0; 1
-7.0, 7.0, -3.0; 1
-6.0, 7.0, -3.0; 15
-5.0, 7.0, -3.0; 13
-4.0, 7.0, -3.0; 15
-3.0, 7.0, -3.0; 13
-2.0, 7.0, -3.0; 7
-1.0, 7.0, -3.0; 12
0.0, 7.0, -3.0; 29
1.0, 7.0, -3.0; 25
2.0, 7.0, -3.0; 3
3.0, 7.0, -3.0; 5
4.0, 7.0, -3.0; 1
5.0, 7.0, -3.0; 3
-6.0, 8.0, -3.0; 2
-5.0, 8.0, -3.0; 7
-4.0, 8.0, -3.0; 11
-3.0, 8.0, -3.0; 22
-2.0, 8.0, -3.0; 16
-1.0, 8.0, -3.0; 11
0.0, 8.0, -3.0; 8
1.0, 8.0, -3.0; 23
2.0, 8.0, -3.0; 13
3.0, 8.0, -3.0; 3
5.0, 8.0, -3.0; 1
-4.0, 9.0, -3.0; 1
-3.0, 9.0, -3.0; 5
-2.0, 9.0, -3.0; 9
-1.0, 9.0, -3.0; 5
0.0, 9.0, -3.0; 5
1.0, 9.0, -3.0; 6
2.0, 9.0, -3.0; 3
-4.0, -10.0, -2.0; 5
-3.0, -10.0, -2.0; 8
-2.0, -10.0, -2.0; 13
-1.0, -10.0, -2.0; 13
0.0, -10.0, -2.0; 5
1.0, -10.0, -2.0; 4
2.0, -10.0, -2.0; 8
-6.0, -9.0, -2.0; 4
-5.0, -9.0, -2.0; 10
-4.0, -9.0, -2.0; 6
-3.0, -9.0, -2.0; 3
-2.0, -9.0, -2.0; 6
-1.0, -9.0, -2.0; 10
0.0, -9.0, -2.0; 15
1.0, -9.0, -2.0; 6
2.0, -9.0, -2.0; 6
3.0, -9.0, -2.0; 7
4.0, -9.0, -2.0; 1
-7.0, -8.0, -2.0; 3
-6.0, -8.0, -2.0; 18
-5.0, -8.0, -2.0; 9
-4.0, -8.0, -2.0; 4
-3.0, -8.0, -2.0; 2
-2.0, -8.0, -2.0; 7
-1.0, -8.0, -2.0; 8
0.0, -8.0, -2.0; 6
1.0, -8.0, -2.0; 11
2.0, -8.0, -2.0; 5
3.0, -8.0, -2.0; 7
4.0, -8.0, -2.0; 3
5.0, -8.0, -2.0; 2
6.0, -8.0, -2.0; 1
-8.0, -7.0, -2.0; 6
-7.0, -7.0, -2.0; 18
-6.0, -7.0, -2.0; 4
-5.0, -7.0, -2.0; 2
-4.0, -7.0, -2.0; 2
-3.0, -7.0, -2.0; 1
-2.0, -7.0, -2.0; 2
-1.0, -7.0, -2.0; 16
0.0, -7.0, -2.0; 36
1.0, -7.0, -2.0; 40
2.0, -7.0, -2.0; 10
3.0, -7.0, -2.0; 4
4.0, -7.0, -2.0; 2
5.0, -7.0, -2.0; 3
6.0, -7.0, -2.0; 1
7.0, -7.0, -2.0; 1
-9.0, -6.0, -2.0; 1
-8.0, -6.0, -2.0; 18
-7.0, -6.0, -2.0; 12
-6.0, -6.0, -2.0; 4
-2.0, -6.0, -2.0; 2
-1.0, -6.0, -2.0; 18
0.0, -6.0, -2.0; 100
1.0, -6.0, -2.0; 496
2.0, -6.0, -2.0; 70
3.0, -6.0, -2.0; 2
4.0, -6.0, -2.0; 1
5.0, -6.0, -2.0; 1
6.0, -6.0, -2.0; 1
7.0, -6.0, -2.0; 2
-10.0, -5.0, -2.0; 1
-9.0, -5.0, -2.0; 12
-8.0, -5.0, -2.0; 23
-7.0, -5.0, -2.0; 8
-6.0, -5.0, -2.0; 3
-5.0, -5.0, -2.0; 1
-4.0, -5.0, -2.0; 3
-2.0, -5.0, -2.0; 1
0.0, -5.0, -2.0; 8
1.0, -5.0, -2.0; 21
2.0, -5.0, -2.0; 79
3.0, -5.0, -2.0; 4
4.0, -5.0, -2.0; 1
5.0, -5.0, -2.0; 1
6.0, -5.0, -2.0; 3
7.0, -5.0, -2.0; 1
8.0, -5.0, -2.0; 3
-10.0, -4.0, -2.0; 2
-9.0, -4.0, -2.0; 20
-8.0, -4.0, -2.0; 14
-7.0, -4.0, -2.0; 5
-6.0, -4.0, -2.0; 8
-5.0, -4.0, -2.0; 7
2.0, -4.0, -2.0; 4
3.0, -4.0, -2.0; 8
4.0, -4.0, -2.0; 3
6.0, -4.0, -2.0; 1
8.0, -4.0, -2.0; 5
9.0, -4.0, -2.0; 1
-10.0, -3.0, -2.0; 6
-9.0, -3.0, -2.0; 15
-8.0, -3.0, -2.0; 10
-7.0, -3.0, -2.0; 8
-6.0, -3.0, -2.0; 32
-5.0, -3.0, -2.0; 17
3.0, -3.0, -2.0; 2
5.0, -3.0, -2.0; 2
6.0, -3.0, -2.0; 1
8.0, -3.0, -2.0; 2
9.0, -3.0, -2.0; 3
-10.0, -2.0, -2.0; 4
-9.0, -2.0, -2.0; 3
-8.0, -2.0, -2.0; 19
-7.0, -2.0, -2.0; 10
-6.0, -2.0, -2.0; 22
-5.0, -2.0, -2.0; 6
5.0, -2.0, -2.0; 1
6.0, -2.0, -2.0; 2
8.0, -2.0, -2.0; 1
9.0, -2.0, -2.0; 6
-10.0, -1.0, -2.0; 1
-9.0, -1.0, -2.0; 5
-8.0, -1.0, -2.0; 11
-7.0, -1.0, -2.0; 5
-6.0, -1.0, -2.0; 6
3.0, -1.0, -2.0; 1
6.0, -1.0, -2.0; 1
9.0, -1.0, -2.0; 1
-10.0, 0.0, -2.0; 3
-9.0, 0.0, -2.0; 8
-8.0, 0.0, -2.0; 6
-7.0, 0.0, -2.0; 4
-6.0, 0.0, -2.0; 37
-5.0, 0.0, -2.0; 2
4.0, 0.0, -2.0; 1
5.0, 0.0, -2.0; 1
6.0, 0.0, -2.0; 2
7.0, 0.0, -2.0; 1
-10.0, 1.0, -2.0; 3
-9.0, 1.0, -2.0; 11
-8.0, 1.0, -2.0; 7
-7.0, 1.0, -2.0; 9
-6.0, 1.0, -2.0; 280
-5.0, 1.0, -2.0; 15
4.0, 1.0, -2.0; 3
5.0, 1.0, -2.0; 1
7.0, 1.0, -2.0; 2
-10.0, 2.0, -2.0; 2
-9.0, 2.0, -2.0; 8
-8.0, 2.0, -2.0; 6
-7.0, 2.0, -2.0; 25
-6.0, 2.0, -2.0; 31
-5.0, 2.0, -2.0; 21
3.0, 2.0, -2.0; 1
6.0, 2.0, -2.0; 1
7.0, 2.0, -2.0; 1
-9.0, 3.0, -2.0; 22
-8.0, 3.0, -2.0; 25
-7.0, 3.0, -2.0; 18
-6.0, 3.0, -2.0; 49
-5.0, 3.0, -2.0; 5
-1.0, 3.0, -2.0; 1
2.0, 3.0, -2.0; 1
3.0, 3.0, -2.0; 2
5.0, 3.0, -2.0; 1
6.0, 3.0, -2.0; 2
7.0, 3.0, -2.0; 1
-9.0, 4.0, -2.0; 12
-8.0, 4.0, -2.0; 28
-7.0, 4.0, -2.0; 4
-6.0, 4.0, -2.0; 33
-5.0, 4.0, -2.0; 30
0.0, 4.0, -2.0; 15
1.0, 4.0, -2.0; 96
2.0, 4.0, -2.0; 28
3.0, 4.0, -2.0; 9
4.0, 4.0, -2.0; 9
5.0, 4.0, -2.0; 3
6.0, 4.0, -2.0; 1
8.0, 4.0, -2.0; 1
-9.0, 5.0, -2.0; 3
-8.0, 5.0, -2.0; 19
-7.0, 5.0, -2.0; 25
-6.0, 5.0, -2.0; 2
-5.0, 5.0, -2.0; 3
-4.0, 5.0, -2.0; 6
-3.0, 5.0, -2.0; 1
-2.0, 5.0, -2.0; 6
-1.0, 5.0, -2.0; 9
0.0, 5.0, -2.0; 324
1.0, 5.0, -2.0; 213
2.0, 5.0, -2.0; 14
3.0, 5.0, -2.0; 7
4.0, 5.0, -2.0; 1
7.0, 5.0, -2.0; 2
-8.0, 6.0, -2.0; 3
-7.0, 6.0, -2.0; 31
-6.0, 6.0, -2.0; 26
-5.0, 6.0, -2.0; 17
-4.0, 6.0, -2.0; 3
-3.0, 6.0, -2.0; 8
-2.0, 6.0, -2.0; 18
-1.0, 6.0, -2.0; 37
0.0, 6.0, -2.0; 64
1.0, 6.0, -2.0; 63
2.0, 6.0, -2.0; 2
3.0, 6.0, -2.0; 2
5.0, 6.0, -2.0; 2
6.0, 6.0, -2.0; 1
-7.0, 7.0, -2.0; 2
-6.0, 7.0, -2.0; 18
-5.0, 7.0, -2.0; 28
-4.0, 7.0, -2.0; 24
-3.0, 7.0, -2.0; 8
-2.0, 7.0, -2.0; 3
-1.0, 7.0, -2.0; 10
0.0, 7.0, -2.0; 28
1.0, 7.0, -2.0; 14
2.0, 7.0, -2.0; 8
3.0, 7.0, -2.0; 7
4.0, 7.0, -2.0; 3
5.0, 7.0, -2.0; 1
6.0, 7.0, -2.0; 2
-6.0, 8.0, -2.0; 1
-5.0, 8.0, -2.0; 12
-4.0, 8.0, -2.0; 15
-3.0, 8.0, -2.0; 15
-2.0, 8.0, -2.0; 20
-1.0, 8.0, -2.0; 7
0.0, 8.0, -2.0; 13
1.0, 8.0, -2.0; 18
2.0, 8.0, -2.0; 7
3.0, 8.0, -2.0; 4
4.0, 8.0, -2.0; 2
-4.0, 9.0, -2.0; 3
-3.0, 9.0, -2.0; 10
-2.0, 9.0, -2.0; 10
-1.0, 9.0, -2.0; 11
0.0, 9.0, -2.0; 15
1.0, 9.0, -2.0; 10
2.0, 9.0, -2.0; 6
-4.0, -10.0, -1.0; 8
-3.0, -10.0, -1.0; 18
-2.0, -10.0, -1.0; 13
-1.0, -10.0, -1.0; 13
0.0, -10.0, -1.0; 9
1.0, -10.0, -1.0; 7
2.0, -10.0, -1.0; 2
3.0, -10.0, -1.0; 4
-6.0, -9.0, -1.0; 10
-5.0, -9.0, -1.0; 21
-4.0, -9.0, -1.0; 9
-3.0, -9.0, -1.0; 5
-2.0, -9.0, -1.0; 2
-1.0, -9.0, -1.0; 9
0.0, -9.0, -1.0; 4
1.0, -9.0, -1.0; 8
2.0, -9.0, -1.0; 5
3.0, -9.0, -1.0; 4
4.0, -9.0, -1.0; 1
5.0, -9.0, -1.0; 1
-8.0, -8.0, -1.0; 1
-7.0, -8.0, -1.0; 18
-6.0, -8.0, -1.0; 16
-5.0, -8.0, -1.0; 11
-4.0, -8.0, -1.0; 6
-2.0, -8.0, -1.0; 11
-1.0, -8.0, -1.0; 26
0.0, -8.0, -1.0; 17
1.0, -8.0, -1.0; 2
2.0, -8.0, -1.0; 5
3.0, -8.0, -1.0; 9
4.0, -8.0, -1.0; 3
5.0, -8.0, -1.0; 2
6.0, -8.0, -1.0; 2
-8.0, -7.0, -1.0; 11
-7.0, -7.0, -1.0; 14
-6.0, -7.0, -1.0; 4
-5.0, -7.0, -1.0; 1
-4.0, -7.0, -1.0; 3
-3.0, -7.0, -1.0; 5
-2.0, -7.0, -1.0; 16
-1.0, -7.0, -1.0; 60
0.0, -7.0, -1.0; 97
1.0, -7.0, -1.0; 30
2.0, -7.0, -1.0; 4
3.0, -7.0, -1.0; 3
4.0, -7.0, -1.0; 1
5.0, -7.0, -1.0; 2
6.0, -7.0, -1.0; 4
-8.0, -6.0, -1.0; 26
-7.0, -6.0, -1.0; 18
-6.0, -6.0, -1.0; 2
-5.0, -6.0, -1.0; 2
-4.0, -6.0, -1.0; 2
-2.0, -6.0, -1.0; 1
-1.0, -6.0, -1.0; 13
0.0, -6.0, -1.0; 45
1.0, -6.0, -1.0; 30
2.0, -6.0, -1.0; 20
3.0, -6.0, -1.0; 3
4.0, -6.0, -1.0; 4
5.0, -6.0, -1.0; 3
-9.0, -5.0, -1.0; 16
-8.0, -5.0, -1.0; 23
-7.0, -5.0, -1.0; 9
-6.0, -5.0, -1.0; 8
-5.0, -5.0, -1.0; 2
-3.0, -5.0, -1.0; 1
-2.0, -5.0, -1.0; 2
-1.0, -5.0, -1.0; 1
0.0, -5.0, -1.0; 4
1.0, -5.0, -1.0; 3
2.0, -5.0, -1.0; 28
3.0, -5.0, -1.0; 7
4.0, -5.0, -1.0; 1
5.0, -5.0, -1.0; 2
6.0, -5.0, -1.0; 1
7.0, -5.0, -1.0; 1
8.0, -5.0, -1.0; 1
-10.0, -4.0, -1.0; 4
-9.0, -4.0, -1.0; 27
-8.0, -4.0, -1.0; 17
-7.0, -4.0, -1.0; 13
-6.0, -4.0, -1.0; 15
-5.0, -4.0, -1.0; 14
-4.0, -4.0, -1.0; 1
2.0, -4.0, -1.0; 1
3.0, -4.0, -1.0; 4
4.0, -4.0, -1.0; 2
5.0, -4.0, -1.0; 2
7.0, -4.0, -1.0; 1
9.0, -4.0, -1.0; 1
-10.0, -3.0, -1.0; 2
-9.0, -3.0, -1.0; 11
-8.0, -3.0, -1.0; 6
-7.0, -3.0, -1.0; 5
-6.0, -3.0, -1.0; 15
-5.0, -3.0, -1.0; 18
6.0, -3.0, -1.0; 1
7.0, -3.0, -1.0; 1
8.0, -3.0, -1.0; 2
-10.0, -2.0, -1.0; 5
-9.0, -2.0, -1.0; 10
-8.0, -2.0, -1.0; 7
-7.0, -2.0, -1.0; 6
-6.0, -2.0, -1.0; 27
-5.0, -2.0, -1.0; 2
7.0, -2.0, -1.0; 2
8.0, -2.0, -1.0; 2
9.0, -2.0, -1.0; 2
-10.0, -1.0, -1.0; 5
-9.0, -1.0, -1.0; 10
-8.0, -1.0, -1.0; 8
-7.0, -1.0, -1.0; 8
-6.0, -1.0, -1.0; 1
-5.0, -1.0, -1.0; 1
6.0, -1.0, -1.0; 1
-10.0, 0.0, -1.0; 8
-9.0, 0.0, -1.0; 7
-8.0, 0.0, -1.0; 5
-7.0, 0.0, -1.0; 4
-6.0, 0.0, -1.0; 25
-5.0, 0.0, -1.0; 4
5.0, 0.0, -1.0; 1
6.0, 0.0, -1.0; 1
-10.0, 1.0, -1.0; 4
-9.0, 1.0, -1.0; 10
-8.0, 1.0, -1.0; 7
-7.0, 1.0, -1.0; 7
-6.0, 1.0, -1.0; 708
-5.0, 1.0, -1.0; 61
4.0, 1.0, -1.0; 1
7.0, 1.0, -1.0; 1
-10.0, 2.0, -1.0; 4
-9.0, 2.0, -1.0; 11
-8.0, 2.0, -1.0; 4
-7.0, 2.0, -1.0; 15
-6.0, 2.0, -1.0; 89
-5.0, 2.0, -1.0; 73
-4.0, 2.0, -1.0; 1
7.0, 2.0, -1.0; 1
-10.0, 3.0, -1.0; 2
-9.0, 3.0, -1.0; 22
-8.0, 3.0, -1.0; 17
-7.0, 3.0, -1.0; 36
-6.0, 3.0, -1.0; 57
-5.0, 3.0, -1.0; 12
-4.0, 3.0, -1.0; 2
-3.0, 3.0, -1.0; 1
3.0, 3.0, -1.0; 1
4.0, 3.0, -1.0; 2
6.0, 3.0, -1.0; 2
7.0, 3.0, -1.0; 1
-9.0, 4.0, -1.0; 9
-8.0, 4.0, -1.0; 34
-7.0, 4.0, -1.0; 13
-6.0, 4.0, -1.0; 65
-5.0, 4.0, -1.0; 81
-4.0, 4.0, -1.0; 3
-2.0, 4.0, -1.0; 1
0.0, 4.0, -1.0; 2
1.0, 4.0, -1.0; 7
2.0, 4.0, -1.0; 9
3.0, 4.0, -1.0; 2
4.0, 4.0, -1.0; 5
5.0, 4.0, -1.0; 4
-9.0, 5.0, -1.0; 8
-8.0, 5.0, -1.0; 28
-7.0, 5.0, -1.0; 24
-6.0, 5.0, -1.0; 5
-5.0, 5.0, -1.0; 30
-4.0, 5.0, -1.0; 65
-3.0, 5.0, -1.0; 31
-2.0, 5.0, -1.0; 8
-1.0, 5.0, -1.0; 39
0.0, 5.0, -1.0; 416
1.0, 5.0, -1.0; 144
2.0, 5.0, -1.0; 15
3.0, 5.0, -1.0; 2
4.0, 5.0, -1.0; 7
5.0, 5.0, -1.0; 2
7.0, 5.0, -1.0; 1
8.0, 5.0, -1.0; 1
-8.0, 6.0, -1.0; 3
-7.0, 6.0, -1.0; 54
-6.0, 6.0, -1.0; 227
-5.0, 6.0, -1.0; 32
-4.0, 6.0, -1.0; 7
-3.0, 6.0, -1.0; 43
-2.0, 6.0, -1.0; 52
-1.0, 6.0, -1.0; 72
0.0, 6.0, -1.0; 80
1.0, 6.0, -1.0; 48
2.0, 6.0, -1.0; 2
3.0, 6.0, -1.0; 2
4.0, 6.0, -1.0; 2
5.0, 6.0, -1.0; 3
6.0, 6.0, -1.0; 3
7.0, 6.0, -1.0; 1
-7.0, 7.0, -1.0; 6
-6.0, 7.0, -1.0; 27
-5.0, 7.0, -1.0; 51
-4.0, 7.0, -1.0; 22
-3.0, 7.0, -1.0; 10
-2.0, 7.0, -1.0; 4
-1.0, 7.0, -1.0; 25
0.0, 7.0, -1.0; 24
1.0, 7.0, -1.0; 9
2.0, 7.0, -1.0; 3
3.0, 7.0, -1.0; 10
4.0, 7.0, -1.0; 4
5.0, 7.0, -1.0; 2
-6.0, 8.0, -1.0; 5
-5.0, 8.0, -1.0; 9
-4.0, 8.0, -1.0; 16
-3.0, 8.0, -1.0; 18
-2.0, 8.0, -1.0; 7
-1.0, 8.0, -1.0; 13
0.0, 8.0, -1.0; 12
1.0, 8.0, -1.0; 17
2.0, 8.0, -1.0; 11
3.0, 8.0, -1.0; 1
4.0, 8.0, -1.0; 2
5.0, 8.0, -1.0; 1
-4.0, 9.0, -1.0; 7
-3.0, 9.0, -1.0; 8
-2.0, 9.0, -1.0; 18
-1.0, 9.0, -1.0; 20
0.0, 9.0, -1.0; 12
1.0, 9.0, -1.0; 19
2.0, 9.0, -1.0; 5
3.0, 9.0, -1.0; 2
-5.0, -10.0, 0.0; 1
-4.0, -10.0, 0.0; 15
-3.0, -10.0, 0.0; 12
-2.0, -10.0, 0.0; 9
-1.0, -10.0, 0.0; 13
0.0, -10.0, 0.0; 12
1.0, -10.0, 0.0; 1
2.0, -10.0, 0.0; 1
3.0, -10.0, 0.0; 1
-6.0, -9.0, 0.0; 7
-5.0, -9.0, 0.0; 17
-4.0, -9.0, 0.0; 19
-3.0, -9.0, 0.0; 9
-2.0, -9.0, 0.0; 6
-1.0, -9.0, 0.0; 10
0.0, -9.0, 0.0; 10
1.0, -9.0, 0.0; 4
2.0, -9.0, 0.0; 10
3.0, -9.0, 0.0; 3
4.0, -9.0, 0.0; 2
-7.0, -8.0, 0.0; 10
-6.0, -8.0, 0.0; 19
-5.0, -8.0, 0.0; 6
-4.0, -8.0, 0.0; 1
-3.0, -8.0, 0.0; 3
-2.0, -8.0, 0.0; 11
-1.0, -8.0, 0.0; 15
0.0, -8.0, 0.0; 12
1.0, -8.0, 0.0; 6
2.0, -8.0, 0.0; 3
3.0, -8.0, 0.0; 5
4.0, -8.0, 0.0; 1
5.0, -8.0, 0.0; 3
6.0, -8.0, 0.0; 2
-8.0, -7.0, 0.0; 4
-7.0, -7.0, 0.0; 19
-6.0, -7.0, 0.0; 7
-5.0, -7.0, 0.0; 4
-4.0, -7.0, 0.0; 25
-3.0, -7.0, 0.0; 62
-2.0, -7.0, 0.0; 91
-1.0, -7.0, 0.0; 144
0.0, -7.0, 0.0; 101
1.0, -7.0, 0.0; 18
2.0, -7.0, 0.0; 2
3.0, -7.0, 0.0; 4
4.0, -7.0, 0.0; 2
5.0, -7.0, 0.0; 1
6.0, -7.0, 0.0; 4
-9.0, -6.0, 0.0; 2
-8.0, -6.0, 0.0; 19
-7.0, -6.0, 0.0; 11
-6.0, -6.0, 0.0; 14
-5.0, -6.0, 0.0; 30
-4.0, -6.0, 0.0; 12
-3.0, -6.0, 0.0; 28
-2.0, -6.0, 0.0; 53
-1.0, -6.0, 0.0; 25
0.0, -6.0, 0.0; 18
1.0, -6.0, 0.0; 21
2.0, -6.0, 0.0; 13
3.0, -6.0, 0.0; 3
4.0, -6.0, 0.0; 1
6.0, -6.0, 0.0; 2
7.0, -6.0, 0.0; 3
8.0, -6.0, 0.0; 1
-9.0, -5.0, 0.0; 13
-8.0, -5.0, 0.0; 34
-7.0, -5.0, 0.0; 4
-6.0, -5.0, 0.0; 77
-5.0, -5.0, 0.0; 5
-4.0, -5.0, 0.0; 20
-3.0, -5.0, 0.0; 23
-2.0, -5.0, 0.0; 3
-1.0, -5.0, 0.0; 1
0.0, -5.0, 0.0; 2
1.0, -5.0, 0.0; 4
2.0, -5.0, 0.0; 11
3.0, -5.0, 0.0; 1
4.0, -5.0, 0.0; 2
-10.0, -4.0, 0.0; 4
-9.0, -4.0, 0.0; 21
-8.0, -4.0, 0.0; 26
-7.0, -4.0, 0.0; 21
-6.0, -4.0, 0.0; 22
-5.0, -4.0, 0.0; 9
-4.0, -4.0, 0.0; 9
2.0, -4.0, 0.0; 1
-10.0, -3.0, 0.0; 7
-9.0, -3.0, 0.0; 21
-8.0, -3.0, 0.0; 15
-7.0, -3.0, 0.0; 6
-6.0, -3.0, 0.0; 10
-5.0, -3.0, 0.0; 7
3.0, -3.0, 0.0; 1
9.0, -3.0, 0.0; 1
-10.0, -2.0, 0.0; 5
-9.0, -2.0, 0.0; 8
-8.0, -2.0, 0.0; 13
-7.0, -2.0, 0.0; 5
-6.0, -2.0, 0.0; 2
9.0, -2.0, 0.0; 1
-10.0, -1.0, 0.0; 6
-9.0, -1.0, 0.0; 11
-8.0, -1.0, 0.0; 19
-7.0, -1.0, 0.0; 5
-6.0, -1.0, 0.0; 5
-5.0, -1.0, 0.0; 1
-10.0, 0.0, 0.0; 6
-9.0, 0.0, 0.0; 11
-8.0, 0.0, 0.0; 9
-7.0, 0.0, 0.0; 5
-6.0, 0.0, 0.0; 13
-5.0, 0.0, 0.0; 3
5.0
14.8862395863
