-10.0, 1.0, 0.0; 1
-9.0, 1.0, 0.0; 1
-8.0, 1.0, 0.0; 2
-7.0, 1.0, 0.0; 1
-6.0, 1.0, 0.0; 31
-5.0, 1.0, 0.0; 10
-10.0, 2.0, 0.0; 1
-6.0, 2.0, 0.0; 7
-5.0, 2.0, 0.0; 25
4.0, 2.0, 0.0; 2
5.0, 2.0, 0.0; 3
-10.0, 3.0, 0.0; 1
-9.0, 3.0, 0.0; 2
-8.0, 3.0, 0.0; 2
-7.0, 3.0, 0.0; 2
-6.0, 3.0, 0.0; 1
-5.0, 3.0, 0.0; 12
3.0, 3.0, 0.0; 1
4.0, 3.0, 0.0; 3
5.0, 3.0, 0.0; 2
-9.0, 4.0, 0.0; 3
-8.0, 4.0, 0.0; 4
-7.0, 4.0, 0.0; 2
-5.0, 4.0, 0.0; 10
-4.0, 4.0, 0.0; 1
-1.0, 4.0, 0.0; 1
1.0, 4.0, 0.0; 1
3.0, 4.0, 0.0; 1
4.0, 4.0, 0.0; 2
5.0, 4.0, 0.0; 1
7.0, 4.0, 0.0; 1
-8.0, 5.0, 0.0; 2
-7.0, 5.0, 0.0; 5
-5.0, 5.0, 0.0; 3
-4.0, 5.0, 0.0; 3
-3.0, 5.0, 0.0; 8
-2.0, 5.0, 0.0; 5
-1.0, 5.0, 0.0; 4
0.0, 5.0, 0.0; 12
1.0, 5.0, 0.0; 16
2.0, 5.0, 0.0; 3
4.0, 5.0, 0.0; 4
5.0, 5.0, 0.0; 1
6.0, 5.0, 0.0; 2
-7.0, 6.0, 0.0; 12
-6.0, 6.0, 0.0; 135
-5.0, 6.0, 0.0; 21
-4.0, 6.0, 0.0; 1
-3.0, 6.0, 0.0; 8
-2.0, 6.0, 0.0; 14
-1.0, 6.0, 0.0; 13
0.0, 6.0, 0.0; 17
1.0, 6.0, 0.0; 3
2.0, 6.0, 0.0; 1
4.0, 6.0, 0.0; 1
-7.0, 7.0, 0.0; 1
-6.0, 7.0, 0.0; 8
-5.0, 7.0, 0.0; 20
-4.0, 7.0, 0.0; 2
-3.0, 7.0, 0.0; 2
-2.0, 7.0, 0.0; 2
-1.0, 7.0, 0.0; 9
0.0, 7.0, 0.0; 4
1.0, 7.0, 0.0; 2
2.0, 7.0, 0.0; 1
3.0, 7.0, 0.0; 1
5.0, 7.0, 0.0; 1
-5.0, 8.0, 0.0; 1
-3.0, 8.0, 0.0; 1
-2.0, 8.0, 0.0; 1
-1.0, 8.0, 0.0; 2
0.0, 8.0, 0.0; 3
1.0, 8.0, 0.0; 1
2.0, 8.0, 0.0; 1
-4.0, 9.0, 0.0; 1
-2.0, 9.0, 0.0; 3
-1.0, 9.0, 0.0; 7
0.0, 9.0, 0.0; 7
1.0, 9.0, 0.0; 2
2.0, 9.0, 0.0; 1
-4.0, -10.0, 1.0; 3
-3.0, -10.0, 1.0; 2
-2.0, -10.0, 1.0; 7
-1.0, -10.0, 1.0; 3
2.0, -10.0, 1.0; 2
-6.0, -9.0, 1.0; 1
-5.0, -9.0, 1.0; 1
-4.0, -9.0, 1.0; 2
-3.0, -9.0, 1.0; 3
0.0, -9.0, 1.0; 3
1.0, -9.0, 1.0; 1
2.0, -9.0, 1.0; 2
3.0, -9.0, 1.0; 1
5.0, -9.0, 1.0; 1
-6.0, -8.0, 1.0; 2
-5.0, -8.0, 1.0; 2
-4.0, -8.0, 1.0; 1
-2.0, -8.0, 1.0; 1
-1.0, -8.0, 1.0; 1
0.0, -8.0, 1.0; 2
1.0, -8.0, 1.0; 1
2.0, -8.0, 1.0; 2
5.0, -8.0, 1.0; 2
-7.0, -7.0, 1.0; 2
-6.0, -7.0, 1.0; 1
-4.0, -7.0, 1.0; 7
-3.0, -7.0, 1.0; 8
-2.0, -7.0, 1.0; 19
-1.0, -7.0, 1.0; 21
0.0, -7.0, 1.0; 5
1.0, -7.0, 1.0; 3
2.0, -7.0, 1.0; 2
4.0, -7.0, 1.0; 2
-8.0, -6.0, 1.0; 1
-7.0, -6.0, 1.0; 3
-5.0, -6.0, 1.0; 14
-4.0, -6.0, 1.0; 17
-3.0, -6.0, 1.0; 8
-2.0, -6.0, 1.0; 4
-1.0, -6.0, 1.0; 7
0.0, -6.0, 1.0; 4
1.0, -6.0, 1.0; 3
2.0, -6.0, 1.0; 7
3.0, -6.0, 1.0; 1
4.0, -6.0, 1.0; 4
5.0, -6.0, 1.0; 1
6.0, -6.0, 1.0; 2
-8.0, -5.0, 1.0; 1
-6.0, -5.0, 1.0; 6
-5.0, -5.0, 1.0; 12
-3.0, -5.0, 1.0; 1
-2.0, -5.0, 1.0; 1
2.0, -5.0, 1.0; 1
3.0, -5.0, 1.0; 1
4.0, -5.0, 1.0; 1
6.0, -5.0, 1.0; 1
8.0, -5.0, 1.0; 1
-8.0, -4.0, 1.0; 1
-7.0, -4.0, 1.0; 1
-6.0, -4.0, 1.0; 7
-4.0, -4.0, 1.0; 1
-2.0, -4.0, 1.0; 1
3.0, -4.0, 1.0; 1
5.0, -4.0, 1.0; 1
-8.0, -3.0, 1.0; 5
-7.0, -3.0, 1.0; 1
-9.0, -2.0, 1.0; 1
-8.0, -2.0, 1.0; 1
-6.0, -2.0, 1.0; 2
-8.0, -1.0, 1.0; 1
-7.0, -1.0, 1.0; 2
-6.0, -1.0, 1.0; 1
-10.0, 0.0, 1.0; 1
-8.0, 0.0, 1.0; 1
-6.0, 0.0, 1.0; 4
-5.0, 0.0, 1.0; 1
-9.0, 1.0, 1.0; 1
-8.0, 1.0, 1.0; 1
-6.0, 1.0, 1.0; 2
-5.0, 1.0, 1.0; 1
5.0, 1.0, 1.0; 3
-6.0, 2.0, 1.0; 2
-5.0, 2.0, 1.0; 3
-4.0, 2.0, 1.0; 1
4.0, 2.0, 1.0; 1
5.0, 2.0, 1.0; 2
-9.0, 3.0, 1.0; 1
-8.0, 3.0, 1.0; 5
-7.0, 3.0, 1.0; 2
-6.0, 3.0, 1.0; 1
-5.0, 3.0, 1.0; 6
-4.0, 3.0, 1.0; 3
3.0, 3.0, 1.0; 3
4.0, 3.0, 1.0; 1
5.0, 3.0, 1.0; 1
7.0, 3.0, 1.0; 1
8.0, 3.0, 1.0; 1
-8.0, 4.0, 1.0; 1
-7.0, 4.0, 1.0; 2
-6.0, 4.0, 1.0; 1
-5.0, 4.0, 1.0; 5
-4.0, 4.0, 1.0; 3
-3.0, 4.0, 1.0; 8
-2.0, 4.0, 1.0; 3
-1.0, 4.0, 1.0; 1
1.0, 4.0, 1.0; 4
2.0, 4.0, 1.0; 1
3.0, 4.0, 1.0; 5
4.0, 4.0, 1.0; 1
5.0, 4.0, 1.0; 1
6.0, 4.0, 1.0; 2
-8.0, 5.0, 1.0; 3
-7.0, 5.0, 1.0; 2
-6.0, 5.0, 1.0; 2
-5.0, 5.0, 1.0; 2
-4.0, 5.0, 1.0; 10
-3.0, 5.0, 1.0; 129
-2.0, 5.0, 1.0; 63
-1.0, 5.0, 1.0; 6
0.0, 5.0, 1.0; 13
1.0, 5.0, 1.0; 3
2.0, 5.0, 1.0; 2
3.0, 5.0, 1.0; 1
7.0, 5.0, 1.0; 3
-7.0, 6.0, 1.0; 4
-6.0, 6.0, 1.0; 12
-5.0, 6.0, 1.0; 10
-4.0, 6.0, 1.0; 4
-3.0, 6.0, 1.0; 6
-2.0, 6.0, 1.0; 9
-1.0, 6.0, 1.0; 7
0.0, 6.0, 1.0; 3
1.0, 6.0, 1.0; 1
2.0, 6.0, 1.0; 1
4.0, 6.0, 1.0; 1
-6.0, 7.0, 1.0; 4
-5.0, 7.0, 1.0; 5
-4.0, 7.0, 1.0; 2
-3.0, 7.0, 1.0; 2
-2.0, 7.0, 1.0; 1
-1.0, 7.0, 1.0; 2
0.0, 7.0, 1.0; 1
1.0, 7.0, 1.0; 3
2.0, 7.0, 1.0; 4
5.0, 7.0, 1.0; 1
-4.0, 8.0, 1.0; 2
-3.0, 8.0, 1.0; 3
-1.0, 8.0, 1.0; 3
0.0, 8.0, 1.0; 4
1.0, 8.0, 1.0; 1
2.0, 8.0, 1.0; 2
-3.0, 9.0, 1.0; 3
-2.0, 9.0, 1.0; 2
-1.0, 9.0, 1.0; 2
0.0, 9.0, 1.0; 3
1.0, 9.0, 1.0; 2
-2.0, -10.0, 2.0; 1
-1.0, -10.0, 2.0; 1
0.0, -10.0, 2.0; 2
2.0, -10.0, 2.0; 1
-6.0, -9.0, 2.0; 1
-4.0, -9.0, 2.0; 3
-3.0, -9.0, 2.0; 3
-2.0, -9.0, 2.0; 3
-1.0, -9.0, 2.0; 2
0.0, -9.0, 2.0; 3
1.0, -9.0, 2.0; 1
2.0, -9.0, 2.0; 1
3.0, -9.0, 2.0; 1
4.0, -9.0, 2.0; 1
-7.0, -8.0, 2.0; 1
-6.0, -8.0, 2.0; 2
-5.0, -8.0, 2.0; 2
-1.0, -8.0, 2.0; 1
0.0, -8.0, 2.0; 4
1.0, -8.0, 2.0; 4
2.0, -8.0, 2.0; 1
3.0, -8.0, 2.0; 1
4.0, -8.0, 2.0; 1
-7.0, -7.0, 2.0; 1
-6.0, -7.0, 2.0; 2
-2.0, -7.0, 2.0; 3
0.0, -7.0, 2.0; 1
2.0, -7.0, 2.0; 2
3.0, -7.0, 2.0; 1
5.0, -7.0, 2.0; 2
-8.0, -6.0, 2.0; 3
-7.0, -6.0, 2.0; 2
-6.0, -6.0, 2.0; 1
-5.0, -6.0, 2.0; 1
-4.0, -6.0, 2.0; 16
-3.0, -6.0, 2.0; 16
-2.0, -6.0, 2.0; 7
-1.0, -6.0, 2.0; 3
0.0, -6.0, 2.0; 2
2.0, -6.0, 2.0; 2
3.0, -6.0, 2.0; 1
-8.0, -5.0, 2.0; 2
-7.0, -5.0, 2.0; 1
-5.0, -5.0, 2.0; 13
-4.0, -5.0, 2.0; 16
-3.0, -5.0, 2.0; 6
3.0, -5.0, 2.0; 2
6.0, -5.0, 2.0; 1
-8.0, -4.0, 2.0; 1
-7.0, -4.0, 2.0; 3
-6.0, -4.0, 2.0; 1
-5.0, -4.0, 2.0; 2
-3.0, -4.0, 2.0; 1
2.0, -4.0, 2.0; 1
3.0, -4.0, 2.0; 1
-8.0, -3.0, 2.0; 2
-4.0, -3.0, 2.0; 1
-8.0, -2.0, 2.0; 1
-6.0, -2.0, 2.0; 2
-5.0, -2.0, 2.0; 1
8.0, -2.0, 2.0; 1
9.0, -2.0, 2.0; 1
-9.0, -1.0, 2.0; 1
-8.0, -1.0, 2.0; 1
-6.0, -1.0, 2.0; 1
-5.0, -1.0, 2.0; 1
-4.0, -1.0, 2.0; 1
-6.0, 0.0, 2.0; 1
-5.0, 0.0, 2.0; 2
4.0, 0.0, 2.0; 1
-10.0, 1.0, 2.0; 1
-9.0, 1.0, 2.0; 2
-8.0, 1.0, 2.0; 1
-6.0, 1.0, 2.0; 1
-5.0, 1.0, 2.0; 21
-4.0, 1.0, 2.0; 28
4.0, 1.0, 2.0; 2
-9.0, 2.0, 2.0; 1
-8.0, 2.0, 2.0; 1
-7.0, 2.0, 2.0; 2
-6.0, 2.0, 2.0; 1
-5.0, 2.0, 2.0; 37
-4.0, 2.0, 2.0; 160
-3.0, 2.0, 2.0; 5
4.0, 2.0, 2.0; 4
-7.0, 3.0, 2.0; 3
-6.0, 3.0, 2.0; 1
-5.0, 3.0, 2.0; 3
-4.0, 3.0, 2.0; 15
-3.0, 3.0, 2.0; 4
-2.0, 3.0, 2.0; 1
-1.0, 3.0, 2.0; 1
0.0, 3.0, 2.0; 1
1.0, 3.0, 2.0; 1
3.0, 3.0, 2.0; 2
-8.0, 4.0, 2.0; 1
-7.0, 4.0, 2.0; 2
-4.0, 4.0, 2.0; 7
-3.0, 4.0, 2.0; 9
-2.0, 4.0, 2.0; 10
-1.0, 4.0, 2.0; 10
0.0, 4.0, 2.0; 6
1.0, 4.0, 2.0; 2
2.0, 4.0, 2.0; 2
3.0, 4.0, 2.0; 6
4.0, 4.0, 2.0; 1
5.0, 4.0, 2.0; 1
7.0, 4.0, 2.0; 1
-8.0, 5.0, 2.0; 2
-7.0, 5.0, 2.0; 1
-5.0, 5.0, 2.0; 1
-4.0, 5.0, 2.0; 5
-3.0, 5.0, 2.0; 12
-2.0, 5.0, 2.0; 18
-1.0, 5.0, 2.0; 2
0.0, 5.0, 2.0; 2
2.0, 5.0, 2.0; 4
3.0, 5.0, 2.0; 2
4.0, 5.0, 2.0; 1
5.0, 5.0, 2.0; 1
6.0, 5.0, 2.0; 2
-7.0, 6.0, 2.0; 2
-6.0, 6.0, 2.0; 1
-4.0, 6.0, 2.0; 3
-3.0, 6.0, 2.0; 1
-2.0, 6.0, 2.0; 1
1.0, 6.0, 2.0; 2
2.0, 6.0, 2.0; 2
3.0, 6.0, 2.0; 1
4.0, 6.0, 2.0; 1
6.0, 6.0, 2.0; 1
7.0, 6.0, 2.0; 1
-6.0, 7.0, 2.0; 2
-5.0, 7.0, 2.0; 2
-4.0, 7.0, 2.0; 2
-2.0, 7.0, 2.0; 1
-1.0, 7.0, 2.0; 2
0.0, 7.0, 2.0; 2
1.0, 7.0, 2.0; 3
2.0, 7.0, 2.0; 1
-4.0, 8.0, 2.0; 3
-3.0, 8.0, 2.0; 4
-2.0, 8.0, 2.0; 1
-1.0, 8.0, 2.0; 3
0.0, 8.0, 2.0; 1
1.0, 8.0, 2.0; 3
2.0, 8.0, 2.0; 1
-2.0, 9.0, 2.0; 2
-1.0, 9.0, 2.0; 2
0.0, 9.0, 2.0; 3
2.0, 9.0, 2.0; 1
3.0, 9.0, 2.0; 1
-2.0, -9.0, 3.0; 4
-1.0, -9.0, 3.0; 1
0.0, -9.0, 3.0; 1
3.0, -9.0, 3.0; 1
-5.0, -8.0, 3.0; 3
-4.0, -8.0, 3.0; 1
-3.0, -8.0, 3.0; 3
-2.0, -8.0, 3.0; 2
-1.0, -8.0, 3.0; 3
0.0, -8.0, 3.0; 2
1.0, -8.0, 3.0; 1
2.0, -8.0, 3.0; 2
3.0, -8.0, 3.0; 1
-6.0, -7.0, 3.0; 2
-4.0, -7.0, 3.0; 4
-3.0, -7.0, 3.0; 2
0.0, -7.0, 3.0; 2
1.0, -7.0, 3.0; 1
2.0, -7.0, 3.0; 2
4.0, -7.0, 3.0; 2
-7.0, -6.0, 3.0; 2
-6.0, -6.0, 3.0; 6
-5.0, -6.0, 3.0; 4
-3.0, -6.0, 3.0; 1
0.0, -6.0, 3.0; 1
-8.0, -5.0, 3.0; 1
-7.0, -5.0, 3.0; 4
-5.0, -5.0, 3.0; 2
-3.0, -5.0, 3.0; 2
-7.0, -4.0, 3.0; 6
-6.0, -4.0, 3.0; 2
-3.0, -4.0, 3.0; 2
5.0, -4.0, 3.0; 1
-9.0, -3.0, 3.0; 1
-7.0, -3.0, 3.0; 2
-6.0, -3.0, 3.0; 1
-5.0, -3.0, 3.0; 1
-4.0, -3.0, 3.0; 2
1.0, -3.0, 3.0; 1
-10.0, -2.0, 3.0; 1
-9.0, -2.0, 3.0; 1
-7.0, -2.0, 3.0; 3
-6.0, -2.0, 3.0; 1
-5.0, -2.0, 3.0; 5
-4.0, -2.0, 3.0; 1
-1.0, -2.0, 3.0; 1
1.0, -1.0, 3.0; 2
-10.0, 0.0, 3.0; 1
-5.0, 0.0, 3.0; 2
-4.0, 0.0, 3.0; 3
-3.0, 0.0, 3.0; 1
3.0, 0.0, 3.0; 1
4.0, 0.0, 3.0; 2
7.0, 0.0, 3.0; 1
8.0, 0.0, 3.0; 1
-7.0, 1.0, 3.0; 2
-6.0, 1.0, 3.0; 1
-5.0, 1.0, 3.0; 2
-4.0, 1.0, 3.0; 15
-3.0, 1.0, 3.0; 4
4.0, 1.0, 3.0; 1
-7.0, 2.0, 3.0; 2
-6.0, 2.0, 3.0; 1
-4.0, 2.0, 3.0; 20
-3.0, 2.0, 3.0; 8
-2.0, 2.0, 3.0; 1
0.0, 2.0, 3.0; 1
1.0, 2.0, 3.0; 3
2.0, 2.0, 3.0; 4
3.0, 2.0, 3.0; 3
4.0, 2.0, 3.0; 1
7.0, 2.0, 3.0; 1
-7.0, 3.0, 3.0; 1
-6.0, 3.0, 3.0; 4
-4.0, 3.0, 3.0; 2
-2.0, 3.0, 3.0; 5
-1.0, 3.0, 3.0; 4
3.0, 3.0, 3.0; 2
-8.0, 4.0, 3.0; 1
-7.0, 4.0, 3.0; 3
-5.0, 4.0, 3.0; 1
-4.0, 4.0, 3.0; 1
-3.0, 4.0, 3.0; 2
-2.0, 4.0, 3.0; 3
-1.0, 4.0, 3.0; 2
0.0, 4.0, 3.0; 2
1.0, 4.0, 3.0; 3
3.0, 4.0, 3.0; 1
7.0, 4.0, 3.0; 1
-7.0, 5.0, 3.0; 1
-6.0, 5.0, 3.0; 1
-4.0, 5.0, 3.0; 1
-3.0, 5.0, 3.0; 1
-2.0, 5.0, 3.0; 1
0.0, 5.0, 3.0; 1
1.0, 5.0, 3.0; 1
2.0, 5.0, 3.0; 2
3.0, 5.0, 3.0; 1
5.0, 5.0, 3.0; 1
6.0, 5.0, 3.0; 1
7.0, 5.0, 3.0; 2
-7.0, 6.0, 3.0; 2
-5.0, 6.0, 3.0; 1
-4.0, 6.0, 3.0; 1
-3.0, 6.0, 3.0; 1
-2.0, 6.0, 3.0; 2
0.0, 6.0, 3.0; 2
1.0, 6.0, 3.0; 4
3.0, 6.0, 3.0; 3
-6.0, 7.0, 3.0; 1
-4.0, 7.0, 3.0; 3
-3.0, 7.0, 3.0; 1
-2.0, 7.0, 3.0; 3
0.0, 7.0, 3.0; 3
1.0, 7.0, 3.0; 1
2.0, 7.0, 3.0; 2
3.0, 7.0, 3.0; 1
4.0, 7.0, 3.0; 1
-5.0, 8.0, 3.0; 1
-4.0, 8.0, 3.0; 3
-3.0, 8.0, 3.0; 1
-1.0, 8.0, 3.0; 3
0.0, 8.0, 3.0; 2
1.0, 8.0, 3.0; 2
-2.0, 9.0, 3.0; 1
-1.0, 9.0, 3.0; 1
0.0, -9.0, 4.0; 1
1.0, -9.0, 4.0; 1
-5.0, -8.0, 4.0; 1
-2.0, -8.0, 4.0; 1
-1.0, -8.0, 4.0; 2
0.0, -8.0, 4.0; 3
-4.0, -7.0, 4.0; 3
-3.0, -7.0, 4.0; 2
-2.0, -7.0, 4.0; 4
-1.0, -7.0, 4.0; 1
1.0, -7.0, 4.0; 3
-7.0, -6.0, 4.0; 1
-5.0, -6.0, 4.0; 1
-4.0, -6.0, 4.0; 4
-2.0, -6.0, 4.0; 3
-1.0, -6.0, 4.0; 2
0.0, -6.0, 4.0; 1
0.0, -5.0, 4.0; 1
1.0, -5.0, 4.0; 2
2.0, -5.0, 4.0; 1
4.0, -5.0, 4.0; 1
7.0, -5.0, 4.0; 1
-8.0, -4.0, 4.0; 1
-7.0, -4.0, 4.0; 1
-6.0, -4.0, 4.0; 1
-1.0, -4.0, 4.0; 2
1.0, -4.0, 4.0; 1
7.0, -4.0, 4.0; 1
-8.0, -3.0, 4.0; 1
-7.0, -3.0, 4.0; 1
-6.0, -3.0, 4.0; 1
-5.0, -3.0, 4.0; 3
-2.0, -3.0, 4.0; 1
2.0, -3.0, 4.0; 1
4.0, -3.0, 4.0; 2
-6.0, -2.0, 4.0; 1
-5.0, -2.0, 4.0; 2
-2.0, -2.0, 4.0; 2
-1.0, -2.0, 4.0; 4
0.0, -2.0, 4.0; 4
1.0, -2.0, 4.0; 1
8.0, -2.0, 4.0; 1
-2.0, -1.0, 4.0; 5
-1.0, -1.0, 4.0; 2
0.0, -1.0, 4.0; 7
1.0, -1.0, 4.0; 2
2.0, -1.0, 4.0; 1
-8.0, 0.0, 4.0; 1
-7.0, 0.0, 4.0; 1
-6.0, 0.0, 4.0; 1
-5.0, 0.0, 4.0; 1
-2.0, 0.0, 4.0; 2
0.0, 0.0, 4.0; 1
1.0, 0.0, 4.0; 1
-9.0, 1.0, 4.0; 1
-6.0, 1.0, 4.0; 1
-4.0, 1.0, 4.0; 1
-3.0, 1.0, 4.0; 1
-1.0, 1.0, 4.0; 1
1.0, 1.0, 4.0; 2
-8.0, 2.0, 4.0; 1
-6.0, 2.0, 4.0; 1
-5.0, 2.0, 4.0; 3
-3.0, 2.0, 4.0; 1
-2.0, 2.0, 4.0; 1
-1.0, 2.0, 4.0; 2
0.0, 2.0, 4.0; 7
1.0, 2.0, 4.0; 5
2.0, 2.0, 4.0; 2
5.0, 2.0, 4.0; 1
-9.0, 3.0, 4.0; 1
-7.0, 3.0, 4.0; 1
-6.0, 3.0, 4.0; 3
-3.0, 3.0, 4.0; 2
-2.0, 3.0, 4.0; 2
-1.0, 3.0, 4.0; 3
0.0, 3.0, 4.0; 3
1.0, 3.0, 4.0; 2
6.0, 3.0, 4.0; 1
-8.0, 4.0, 4.0; 1
-7.0, 4.0, 4.0; 1
-6.0, 4.0, 4.0; 1
-5.0, 4.0, 4.0; 1
-4.0, 4.0, 4.0; 1
5.0, 4.0, 4.0; 1
6.0, 4.0, 4.0; 1
7.0, 4.0, 4.0; 1
-6.0, 5.0, 4.0; 1
-5.0, 5.0, 4.0; 1
-4.0, 5.0, 4.0; 4
-3.0, 5.0, 4.0; 3
0.0, 5.0, 4.0; 3
2.0, 5.0, 4.0; 1
4.0, 5.0, 4.0; 1
6.0, 5.0, 4.0; 1
-6.0, 6.0, 4.0; 2
-5.0, 6.0, 4.0; 3
-4.0, 6.0, 4.0; 2
-2.0, 6.0, 4.0; 2
-1.0, 6.0, 4.0; 1
0.0, 6.0, 4.0; 2
1.0, 6.0, 4.0; 3
3.0, 6.0, 4.0; 1
5.0, 6.0, 4.0; 1
-4.0, 7.0, 4.0; 1
-2.0, 7.0, 4.0; 3
-1.0, 7.0, 4.0; 1
3.0, 7.0, 4.0; 1
0.0, 8.0, 4.0; 2
-2.0, -8.0, 5.0; 3
1.0, -8.0, 5.0; 1
3.0, -8.0, 5.0; 1
-4.0, -7.0, 5.0; 2
-3.0, -7.0, 5.0; 1
-2.0, -7.0, 5.0; 2
1.0, -7.0, 5.0; 1
-4.0, -6.0, 5.0; 2
-3.0, -6.0, 5.0; 2
-1.0, -6.0, 5.0; 2
0.0, -6.0, 5.0; 1
1.0, -6.0, 5.0; 2
2.0, -6.0, 5.0; 1
-7.0, -5.0, 5.0; 1
-1.0, -5.0, 5.0; 2
-2.0, -4.0, 5.0; 1
-1.0, -4.0, 5.0; 1
3.0, -4.0, 5.0; 1
-2.0, -3.0, 5.0; 3
-1.0, -3.0, 5.0; 1
1.0, -3.0, 5.0; 1
-8.0, -2.0, 5.0; 1
-3.0, -2.0, 5.0; 1
-2.0, -2.0, 5.0; 1
1.0, -2.0, 5.0; 3
-3.0, -1.0, 5.0; 1
0.0, -1.0, 5.0; 1
-4.0, 0.0, 5.0; 1
-2.0, 0.0, 5.0; 1
-1.0, 0.0, 5.0; 1
1.0, 0.0, 5.0; 1
5.0, 0.0, 5.0; 2
-8.0, 1.0, 5.0; 1
-5.0, 1.0, 5.0; 1
0.0, 1.0, 5.0; 1
2.0, 1.0, 5.0; 1
6.0, 1.0, 5.0; 1
-4.0, 2.0, 5.0; 2
-3.0, 2.0, 5.0; 1
-1.0, 2.0, 5.0; 3
0.0, 2.0, 5.0; 2
-4.0, 3.0, 5.0; 1
-1.0, 3.0, 5.0; 2
2.0, 3.0, 5.0; 1
-6.0, 4.0, 5.0; 1
-5.0, 4.0, 5.0; 2
-3.0, 4.0, 5.0; 2
-2.0, 4.0, 5.0; 1
0.0, 4.0, 5.0; 1
2.0, 4.0, 5.0; 4
3.0, 4.0, 5.0; 1
5.0, 4.0, 5.0; 1
-6.0, 5.0, 5.0; 1
-5.0, 5.0, 5.0; 1
-4.0, 5.0, 5.0; 2
-3.0, 5.0, 5.0; 2
-1.0, 5.0, 5.0; 1
-4.0, 6.0, 5.0; 2
-3.0, 6.0, 5.0; 2
-1.0, 6.0, 5.0; 2
0.0, 6.0, 5.0; 1
-4.0, 7.0, 5.0; 1
-3.0, 7.0, 5.0; 2
0.0, 7.0, 5.0; 1
2.0, 7.0, 5.0; 1
-4.0, -7.0, 6.0; 1
-3.0, -7.0, 6.0; 1
-1.0, -7.0, 6.0; 1
0.0, -7.0, 6.0; 2
-4.0, -6.0, 6.0; 1
0.0, -6.0, 6.0; 1
-7.0, -5.0, 6.0; 1
-4.0, -5.0, 6.0; 1
4.0, -4.0, 6.0; 1
-6.0, -3.0, 6.0; 1
-8.0, -2.0, 6.0; 1
-6.0, -2.0, 6.0; 1
3.0, -2.0, 6.0; 1
-7.0, -1.0, 6.0; 1
-1.0, -1.0, 6.0; 1
0.0, -1.0, 6.0; 1
-6.0, 0.0, 6.0; 1
-5.0, 0.0, 6.0; 2
-5.0, 1.0, 6.0; 1
-4.0, 1.0, 6.0; 1
1.0, 1.0, 6.0; 1
-7.0, 2.0, 6.0; 1
-4.0, 2.0, 6.0; 3
-2.0, 2.0, 6.0; 1
0.0, 3.0, 6.0; 3
-5.0, 4.0, 6.0; 1
-1.0, 4.0, 6.0; 1
0.0, 4.0, 6.0; 1
-4.0, 5.0, 6.0; 1
-3.0, 5.0, 6.0; 1
-2.0, 5.0, 6.0; 4
-1.0, 5.0, 6.0; 1
-3.0, 6.0, 6.0; 1
1.0, -7.0, 7.0; 1
-3.0, -6.0, 7.0; 2
-4.0, -5.0, 7.0; 1
-1.0, -5.0, 7.0; 1
0.0, -5.0, 7.0; 1
-5.0, -4.0, 7.0; 1
-4.0, -4.0, 7.0; 1
-2.0, -4.0, 7.0; 1
3.0, -4.0, 7.0; 1
-2.0, -1.0, 7.0; 3
4.0, -1.0, 7.0; 1
-5.0, 0.0, 7.0; 1
-1.0, 1.0, 7.0; 1
4.0, 1.0, 7.0; 1
-1.0, 2.0, 7.0; 1
1.0, 5.0, 7.0; 1
-2.0, -5.0, 8.0; 1
1.0, -4.0, 8.0; 1
-3.0, -3.0, 8.0; 1
-5.0, 0.0, 8.0; 1
0.0, 0.0, 8.0; 1
-4.0, 2.0, 8.0; 1
-3.0, 2.0, 8.0; 1
-1.0, 2.0, 8.0; 2
-3.0, 3.0, 8.0; 1
-2.0, 3.0, 8.0; 1
0.0, 3.0, 8.0; 1
3.0, -2.0, 9.0; 1
-2.0, -1.0, 9.0; 1
2.0, 0.0, 9.0; 1
-2.0, -3.0, -10.0; 1
-3.0, -2.0, -10.0; 1
0.0, -2.0, -10.0; 2
0.0, -1.0, -10.0; 2
1.0, -1.0, -10.0; 2
1.0, 0.0, -10.0; 1
2.0, 0.0, -10.0; 1
3.0, 0.0, -10.0; 1
-2.0, 1.0, -10.0; 1
0.0, 3.0, -10.0; 1
-2.0, -6.0, -9.0; 1
-1.0, -6.0, -9.0; 1
0.0, -6.0, -9.0; 1
0.0, -5.0, -9.0; 1
-4.0, -4.0, -9.0; 1
-3.0, -4.0, -9.0; 1
-1.0, -4.0, -9.0; 1
0.0, -4.0, -9.0; 1
1.0, -4.0, -9.0; 1
-2.0, -3.0, -9.0; 1
-1.0, -3.0, -9.0; 1
0.0, -3.0, -9.0; 1
1.0, -3.0, -9.0; 2
2.0, -3.0, -9.0; 2
1.0, -2.0, -9.0; 2
2.0, -2.0, -9.0; 1
5.0, -2.0, -9.0; 1
-4.0, -1.0, -9.0; 1
-1.0, -1.0, -9.0; 1
2.0, -1.0, -9.0; 1
-3.0, 0.0, -9.0; 1
-2.0, 0.0, -9.0; 1
0.0, 0.0, -9.0; 2
-3.0, 1.0, -9.0; 4
-2.0, 1.0, -9.0; 2
-1.0, 1.0, -9.0; 2
0.0, 1.0, -9.0; 3
1.0, 1.0, -9.0; 1
-4.0, 2.0, -9.0; 2
-3.0, 2.0, -9.0; 1
-1.0, 2.0, -9.0; 1
0.0, 2.0, -9.0; 1
-3.0, 3.0, -9.0; 1
-1.0, 3.0, -9.0; 1
0.0, 3.0, -9.0; 2
2.0, 3.0, -9.0; 2
-2.0, 4.0, -9.0; 3
-1.0, 4.0, -9.0; 1
0.0, 4.0, -9.0; 1
2.0, 4.0, -9.0; 1
0.0, -7.0, -8.0; 2
1.0, -7.0, -8.0; 1
-1.0, -6.0, -8.0; 1
0.0, -6.0, -8.0; 1
1.0, -6.0, -8.0; 1
-4.0, -5.0, -8.0; 4
-3.0, -5.0, -8.0; 1
-2.0, -5.0, -8.0; 2
0.0, -5.0, -8.0; 2
1.0, -5.0, -8.0; 1
2.0, -5.0, -8.0; 1
4.0, -5.0, -8.0; 1
-5.0, -4.0, -8.0; 2
-4.0, -4.0, -8.0; 2
0.0, -4.0, -8.0; 1
2.0, -4.0, -8.0; 1
4.0, -4.0, -8.0; 1
-7.0, -3.0, -8.0; 1
-6.0, -3.0, -8.0; 1
-5.0, -3.0, -8.0; 1
-4.0, -3.0, -8.0; 3
-3.0, -3.0, -8.0; 1
3.0, -3.0, -8.0; 2
-5.0, -2.0, -8.0; 1
-2.0, -2.0, -8.0; 1
-1.0, -2.0, -8.0; 2
1.0, -2.0, -8.0; 1
2.0, -2.0, -8.0; 1
3.0, -2.0, -8.0; 3
4.0, -2.0, -8.0; 1
-7.0, -1.0, -8.0; 1
-5.0, -1.0, -8.0; 1
-4.0, -1.0, -8.0; 1
-2.0, -1.0, -8.0; 1
0.0, -1.0, -8.0; 1
1.0, -1.0, -8.0; 2
2.0, -1.0, -8.0; 2
3.0, -1.0, -8.0; 2
6.0, -1.0, -8.0; 1
-6.0, 0.0, -8.0; 1
-4.0, 0.0, -8.0; 1
-3.0, 0.0, -8.0; 1
-1.0, 0.0, -8.0; 1
0.0, 0.0, -8.0; 1
2.0, 0.0, -8.0; 2
-6.0, 1.0, -8.0; 1
-5.0, 1.0, -8.0; 2
-4.0, 1.0, -8.0; 4
-3.0, 1.0, -8.0; 4
-1.0, 1.0, -8.0; 1
3.0, 1.0, -8.0; 2
4.0, 1.0, -8.0; 3
5.0, 1.0, -8.0; 1
6.0, 1.0, -8.0; 1
-6.0, 2.0, -8.0; 1
-5.0, 2.0, -8.0; 1
-3.0, 2.0, -8.0; 1
-1.0, 2.0, -8.0; 1
0.0, 2.0, -8.0; 1
1.0, 2.0, -8.0; 1
5.0, 2.0, -8.0; 2
3.0, 3.0, -8.0; 1
4.0, 3.0, -8.0; 1
-4.0, 4.0, -8.0; 1
-2.0, 4.0, -8.0; 1
2.0, 4.0, -8.0; 2
-5.0, 5.0, -8.0; 1
-2.0, 5.0, -8.0; 3
-1.0, 5.0, -8.0; 1
0.0, 5.0, -8.0; 1
1.0, 6.0, -8.0; 1
-3.0, -8.0, -7.0; 1
0.0, -8.0, -7.0; 2
-3.0, -7.0, -7.0; 3
-2.0, -7.0, -7.0; 1
-1.0, -7.0, -7.0; 2
0.0, -7.0, -7.0; 4
-5.0, -6.0, -7.0; 2
-4.0, -6.0, -7.0; 2
-3.0, -6.0, -7.0; 1
-2.0, -6.0, -7.0; 3
-1.0, -6.0, -7.0; 2
0.0, -6.0, -7.0; 5
1.0, -6.0, -7.0; 1
2.0, -6.0, -7.0; 1
3.0, -6.0, -7.0; 1
4.0, -6.0, -7.0; 2
-5.0, -5.0, -7.0; 2
-4.0, -5.0, -7.0; 2
-3.0, -5.0, -7.0; 2
0.0, -5.0, -7.0; 2
1.0, -5.0, -7.0; 1
5.0, -5.0, -7.0; 1
-5.0, -4.0, -7.0; 5
-3.0, -4.0, -7.0; 2
-2.0, -4.0, -7.0; 1
-1.0, -4.0, -7.0; 1
1.0, -4.0, -7.0; 1
2.0, -4.0, -7.0; 1
4.0, -4.0, -7.0; 2
-6.0, -3.0, -7.0; 2
-5.0, -3.0, -7.0; 3
-4.0, -3.0, -7.0; 1
4.0, -3.0, -7.0; 1
-6.0, -2.0, -7.0; 1
-5.0, -2.0, -7.0; 2
-2.0, -2.0, -7.0; 1
-1.0, -2.0, -7.0; 1
1.0, -2.0, -7.0; 1
3.0, -2.0, -7.0; 1
4.0, -2.0, -7.0; 2
6.0, -2.0, -7.0; 1
-6.0, -1.0, -7.0; 1
-5.0, -1.0, -7.0; 3
-1.0, -1.0, -7.0; 2
0.0, -1.0, -7.0; 9
2.0, -1.0, -7.0; 1
4.0, -1.0, -7.0; 1
6.0, -1.0, -7.0; 1
7.0, -1.0, -7.0; 1
-5.0, 0.0, -7.0; 2
-4.0, 0.0, -7.0; 1
-3.0, 0.0, -7.0; 1
0.0, 0.0, -7.0; 2
2.0, 0.0, -7.0; 3
3.0, 0.0, -7.0; 1
-5.0, 1.0, -7.0; 2
-1.0, 1.0, -7.0; 2
1.0, 1.0, -7.0; 2
3.0, 1.0, -7.0; 1
-7.0, 2.0, -7.0; 1
-6.0, 2.0, -7.0; 1
-5.0, 2.0, -7.0; 1
-4.0, 2.0, -7.0; 2
0.0, 2.0, -7.0; 2
1.0, 2.0, -7.0; 1
2.0, 2.0, -7.0; 1
3.0, 2.0, -7.0; 2
-5.0, 3.0, -7.0; 1
4.0, 3.0, -7.0; 2
-5.0, 4.0, -7.0; 1
-4.0, 4.0, -7.0; 1
0.0, 4.0, -7.0; 1
2.0, 4.0, -7.0; 1
-6.0, 5.0, -7.0; 1
-5.0, 5.0, -7.0; 2
-4.0, 5.0, -7.0; 1
-3.0, 5.0, -7.0; 2
-2.0, 5.0, -7.0; 2
-1.0, 5.0, -7.0; 2
0.0, 5.0, -7.0; 1
2.0, 5.0, -7.0; 6
3.0, 5.0, -7.0; 1
-4.0, 6.0, -7.0; 2
-3.0, 6.0, -7.0; 1
-1.0, 6.0, -7.0; 2
2.0, 6.0, -7.0; 1
3.0, 6.0, -7.0; 2
-1.0, 7.0, -7.0; 1
0.0, 7.0, -7.0; 1
-1.0, -9.0, -6.0; 1
1.0, -9.0, -6.0; 1
-4.0, -8.0, -6.0; 1
-3.0, -8.0, -6.0; 2
-2.0, -8.0, -6.0; 21
-1.0, -8.0, -6.0; 22
0.0, -8.0, -6.0; 3
1.0, -8.0, -6.0; 2
-4.0, -7.0, -6.0; 1
-3.0, -7.0, -6.0; 2
-2.0, -7.0, -6.0; 23
-1.0, -7.0, -6.0; 30
0.0, -7.0, -6.0; 1
1.0, -7.0, -6.0; 1
4.0, -7.0, -6.0; 1
-6.0, -6.0, -6.0; 1
-5.0, -6.0, -6.0; 1
-4.0, -6.0, -6.0; 4
-3.0, -6.0, -6.0; 2
-2.0, -6.0, -6.0; 6
-1.0, -6.0, -6.0; 4
1.0, -6.0, -6.0; 1
4.0, -6.0, -6.0; 3
-7.0, -5.0, -6.0; 1
-5.0, -5.0, -6.0; 3
-4.0, -5.0, -6.0; 3
-3.0, -5.0, -6.0; 5
-2.0, -5.0, -6.0; 4
0.0, -5.0, -6.0; 1
-7.0, -4.0, -6.0; 1
-5.0, -4.0, -6.0; 1
-4.0, -4.0, -6.0; 4
-3.0, -4.0, -6.0; 4
-2.0, -4.0, -6.0; 2
-1.0, -4.0, -6.0; 2
0.0, -4.0, -6.0; 3
1.0, -4.0, -6.0; 4
-7.0, -3.0, -6.0; 1
-6.0, -3.0, -6.0; 1
-5.0, -3.0, -6.0; 1
-4.0, -3.0, -6.0; 1
-3.0, -3.0, -6.0; 2
-1.0, -3.0, -6.0; 6
0.0, -3.0, -6.0; 12
1.0, -3.0, -6.0; 3
2.0, -3.0, -6.0; 1
-7.0, -2.0, -6.0; 1
-6.0, -2.0, -6.0; 1
-3.0, -2.0, -6.0; 1
-2.0, -2.0, -6.0; 4
-1.0, -2.0, -6.0; 7
0.0, -2.0, -6.0; 10
1.0, -2.0, -6.0; 2
2.0, -2.0, -6.0; 1
3.0, -2.0, -6.0; 1
-6.0, -1.0, -6.0; 1
-5.0, -1.0, -6.0; 1
-4.0, -1.0, -6.0; 1
-3.0, -1.0, -6.0; 3
-2.0, -1.0, -6.0; 7
-1.0, -1.0, -6.0; 7
0.0, -1.0, -6.0; 3
1.0, -1.0, -6.0; 1
4.0, -1.0, -6.0; 1
5.0, -1.0, -6.0; 1
-8.0, 0.0, -6.0; 1
-7.0, 0.0, -6.0; 1
-6.0, 0.0, -6.0; 1
-3.0, 0.0, -6.0; 1
-2.0, 0.0, -6.0; 6
-1.0, 0.0, -6.0; 6
0.0, 0.0, -6.0; 2
2.0, 0.0, -6.0; 1
3.0, 0.0, -6.0; 1
5.0, 0.0, -6.0; 1
-4.0, 1.0, -6.0; 2
-2.0, 1.0, -6.0; 7
-1.0, 1.0, -6.0; 6
1.0, 1.0, -6.0; 3
4.0, 1.0, -6.0; 1
5.0, 1.0, -6.0; 1
7.0, 1.0, -6.0; 1
-8.0, 2.0, -6.0; 2
-6.0, 2.0, -6.0; 1
-5.0, 2.0, -6.0; 1
-4.0, 2.0, -6.0; 3
-3.0, 2.0, -6.0; 1
-2.0, 2.0, -6.0; 6
-1.0, 2.0, -6.0; 3
0.0, 2.0, -6.0; 1
1.0, 2.0, -6.0; 1
2.0, 2.0, -6.0; 1
3.0, 2.0, -6.0; 1
4.0, 2.0, -6.0; 2
-7.0, 3.0, -6.0; 2
-6.0, 3.0, -6.0; 2
-4.0, 3.0, -6.0; 1
-3.0, 3.0, -6.0; 3
-2.0, 3.0, -6.0; 2
1.0, 3.0, -6.0; 2
2.0, 3.0, -6.0; 1
3.0, 3.0, -6.0; 1
4.0, 3.0, -6.0; 2
5.0, 3.0, -6.0; 2
6.0, 3.0, -6.0; 1
-6.0, 4.0, -6.0; 3
-5.0, 4.0, -6.0; 2
-3.0, 4.0, -6.0; 1
4.0, 4.0, -6.0; 1
5.0, 4.0, -6.0; 1
6.0, 4.0, -6.0; 2
-6.0, 5.0, -6.0; 2
-5.0, 5.0, -6.0; 4
-4.0, 5.0, -6.0; 3
-3.0, 5.0, -6.0; 1
-2.0, 5.0, -6.0; 1
-1.0, 5.0, -6.0; 1
1.0, 5.0, -6.0; 1
2.0, 5.0, -6.0; 1
3.0, 5.0, -6.0; 1
-6.0, 6.0, -6.0; 1
-5.0, 6.0, -6.0; 1
-4.0, 6.0, -6.0; 3
-3.0, 6.0, -6.0; 4
-2.0, 6.0, -6.0; 2
0.0, 6.0, -6.0; 1
1.0, 6.0, -6.0; 1
2.0, 6.0, -6.0; 6
3.0, 6.0, -6.0; 3
4.0, 6.0, -6.0; 1
-2.0, 7.0, -6.0; 3
0.0, 7.0, -6.0; 3
1.0, 7.0, -6.0; 1
-2.0, 8.0, -6.0; 1
-1.0, 8.0, -6.0; 2
1.0, 8.0, -6.0; 1
-1.0, -10.0, -5.0; 1
-3.0, -9.0, -5.0; 1
-2.0, -9.0, -5.0; 1
-1.0, -9.0, -5.0; 1
0.0, -9.0, -5.0; 3
1.0, -9.0, -5.0; 2
2.0, -9.0, -5.0; 1
-4.0, -8.0, -5.0; 1
-3.0, -8.0, -5.0; 1
-2.0, -8.0, -5.0; 64
-1.0, -8.0, -5.0; 107
0.0, -8.0, -5.0; 16
1.0, -8.0, -5.0; 3
2.0, -8.0, -5.0; 1
3.0, -8.0, -5.0; 2
-6.0, -7.0, -5.0; 1
-5.0, -7.0, -5.0; 5
-2.0, -7.0, -5.0; 19
-1.0, -7.0, -5.0; 19
0.0, -7.0, -5.0; 12
1.0, -7.0, -5.0; 1
3.0, -7.0, -5.0; 1
5.0, -7.0, -5.0; 2
-7.0, -6.0, -5.0; 2
-6.0, -6.0, -5.0; 6
-5.0, -6.0, -5.0; 2
-4.0, -6.0, -5.0; 2
-2.0, -6.0, -5.0; 1
-1.0, -6.0, -5.0; 1
0.0, -6.0, -5.0; 3
1.0, -6.0, -5.0; 3
2.0, -6.0, -5.0; 1
-7.0, -5.0, -5.0; 4
-6.0, -5.0, -5.0; 1
-5.0, -5.0, -5.0; 1
-3.0, -5.0, -5.0; 2
-2.0, -5.0, -5.0; 4
-1.0, -5.0, -5.0; 3
0.0, -5.0, -5.0; 1
1.0, -5.0, -5.0; 3
5.0, -5.0, -5.0; 1
-8.0, -4.0, -5.0; 1
-7.0, -4.0, -5.0; 2
-6.0, -4.0, -5.0; 2
-5.0, -4.0, -5.0; 1
-4.0, -4.0, -5.0; 3
-3.0, -4.0, -5.0; 19
-2.0, -4.0, -5.0; 24
-1.0, -4.0, -5.0; 8
1.0, -4.0, -5.0; 9
5.0, -4.0, -5.0; 2
-8.0, -3.0, -5.0; 1
-7.0, -3.0, -5.0; 1
-5.0, -3.0, -5.0; 2
-4.0, -3.0, -5.0; 9
-3.0, -3.0, -5.0; 248
-2.0, -3.0, -5.0; 176
-1.0, -3.0, -5.0; 6
0.0, -3.0, -5.0; 13
1.0, -3.0, -5.0; 232
2.0, -3.0, -5.0; 13
5.0, -3.0, -5.0; 1
-8.0, -2.0, -5.0; 1
-5.0, -2.0, -5.0; 1
-4.0, -2.0, -5.0; 3
-3.0, -2.0, -5.0; 38
-2.0, -2.0, -5.0; 12
-1.0, -2.0, -5.0; 2
0.0, -2.0, -5.0; 8
1.0, -2.0, -5.0; 27
2.0, -2.0, -5.0; 6
4.0, -2.0, -5.0; 3
8.0, -2.0, -5.0; 1
-8.0, -1.0, -5.0; 1
-7.0, -1.0, -5.0; 3
-4.0, -1.0, -5.0; 4
-3.0, -1.0, -5.0; 7
-2.0, -1.0, -5.0; 3
-1.0, -1.0, -5.0; 4
0.0, -1.0, -5.0; 1
4.0, -1.0, -5.0; 3
-7.0, 0.0, -5.0; 1
-5.0, 0.0, -5.0; 1
-4.0, 0.0, -5.0; 3
-3.0, 0.0, -5.0; 9
-2.0, 0.0, -5.0; 6
-1.0, 0.0, -5.0; 4
0.0, 0.0, -5.0; 1
1.0, 0.0, -5.0; 1
3.0, 0.0, -5.0; 1
4.0, 0.0, -5.0; 2
-9.0, 1.0, -5.0; 2
-8.0, 1.0, -5.0; 1
-5.0, 1.0, -5.0; 1
-4.0, 1.0, -5.0; 3
-3.0, 1.0, -5.0; 4
-2.0, 1.0, -5.0; 2
-1.0, 1.0, -5.0; 2
1.0, 1.0, -5.0; 2
2.0, 1.0, -5.0; 2
-9.0, 2.0, -5.0; 1
-8.0, 2.0, -5.0; 1
-6.0, 2.0, -5.0; 2
-5.0, 2.0, -5.0; 3
-4.0, 2.0, -5.0; 1
-3.0, 2.0, -5.0; 4
-2.0, 2.0, -5.0; 8
-1.0, 2.0, -5.0; 3
0.0, 2.0, -5.0; 5
1.0, 2.0, -5.0; 5
2.0, 2.0, -5.0; 3
3.0, 2.0, -5.0; 3
-7.0, 3.0, -5.0; 1
-5.0, 3.0, -5.0; 1
-4.0, 3.0, -5.0; 1
-3.0, 3.0, -5.0; 6
-2.0, 3.0, -5.0; 2
-1.0, 3.0, -5.0; 3
0.0, 3.0, -5.0; 17
1.0, 3.0, -5.0; 3
2.0, 3.0, -5.0; 2
5.0, 3.0, -5.0; 1
-3.0, 4.0, -5.0; 2
-2.0, 4.0, -5.0; 7
-1.0, 4.0, -5.0; 5
0.0, 4.0, -5.0; 3
1.0, 4.0, -5.0; 3
2.0, 4.0, -5.0; 3
4.0, 4.0, -5.0; 1
-7.0, 5.0, -5.0; 2
-6.0, 5.0, -5.0; 3
-5.0, 5.0, -5.0; 4
-3.0, 5.0, -5.0; 1
-2.0, 5.0, -5.0; 1
-1.0, 5.0, -5.0; 3
0.0, 5.0, -5.0; 4
2.0, 5.0, -5.0; 1
3.0, 5.0, -5.0; 2
5.0, 5.0, -5.0; 1
-6.0, 6.0, -5.0; 1
-5.0, 6.0, -5.0; 1
-4.0, 6.0, -5.0; 5
-3.0, 6.0, -5.0; 5
-2.0, 6.0, -5.0; 1
1.0, 6.0, -5.0; 1
2.0, 6.0, -5.0; 1
3.0, 6.0, -5.0; 3
-5.0, 7.0, -5.0; 3
-4.0, 7.0, -5.0; 3
-3.0, 7.0, -5.0; 1
-2.0, 7.0, -5.0; 10
-1.0, 7.0, -5.0; 2
0.0, 7.0, -5.0; 2
1.0, 7.0, -5.0; 3
4.0, 7.0, -5.0; 1
-2.0, 8.0, -5.0; 2
-1.0, 8.0, -5.0; 3
0.0, 8.0, -5.0; 4
1.0, 8.0, -5.0; 3
2.0, 8.0, -5.0; 1
-3.0, -9.0, -4.0; 1
-2.0, -9.0, -4.0; 4
-1.0, -9.0, -4.0; 3
0.0, -9.0, -4.0; 3
1.0, -9.0, -4.0; 1
2.0, -9.0, -4.0; 2
3.0, -9.0, -4.0; 1
-6.0, -8.0, -4.0; 1
-3.0, -8.0, -4.0; 1
-2.0, -8.0, -4.0; 2
-1.0, -8.0, -4.0; 15
0.0, -8.0, -4.0; 3
3.0, -8.0, -4.0; 1
-7.0, -7.0, -4.0; 2
-6.0, -7.0, -4.0; 3
-4.0, -7.0, -4.0; 1
-3.0, -7.0, -4.0; 1
-2.0, -7.0, -4.0; 1
-1.0, -7.0, -4.0; 2
0.0, -7.0, -4.0; 4
1.0, -7.0, -4.0; 3
2.0, -7.0, -4.0; 1
3.0, -7.0, -4.0; 1
5.0, -7.0, -4.0; 4
-8.0, -6.0, -4.0; 1
-6.0, -6.0, -4.0; 3
-5.0, -6.0, -4.0; 1
-2.0, -6.0, -4.0; 1
-1.0, -6.0, -4.0; 3
0.0, -6.0, -4.0; 4
1.0, -6.0, -4.0; 9
2.0, -6.0, -4.0; 2
3.0, -6.0, -4.0; 2
-8.0, -5.0, -4.0; 2
-7.0, -5.0, -4.0; 2
-6.0, -5.0, -4.0; 1
-4.0, -5.0, -4.0; 2
-3.0, -5.0, -4.0; 5
-2.0, -5.0, -4.0; 13
-1.0, -5.0, -4.0; 28
0.0, -5.0, -4.0; 4
1.0, -5.0, -4.0; 13
2.0, -5.0, -4.0; 6
-6.0, -4.0, -4.0; 1
-5.0, -4.0, -4.0; 3
-4.0, -4.0, -4.0; 25
-3.0, -4.0, -4.0; 9
-2.0, -4.0, -4.0; 7
-1.0, -4.0, -4.0; 3
0.0, -4.0, -4.0; 4
1.0, -4.0, -4.0; 10
2.0, -4.0, -4.0; 11
-8.0, -3.0, -4.0; 1
-6.0, -3.0, -4.0; 1
-5.0, -3.0, -4.0; 5
-4.0, -3.0, -4.0; 30
-3.0, -3.0, -4.0; 12
1.0, -3.0, -4.0; 46
2.0, -3.0, -4.0; 34
4.0, -3.0, -4.0; 2
7.0, -3.0, -4.0; 1
8.0, -3.0, -4.0; 1
-6.0, -2.0, -4.0; 1
-5.0, -2.0, -4.0; 2
-4.0, -2.0, -4.0; 11
-3.0, -2.0, -4.0; 4
1.0, -2.0, -4.0; 1
2.0, -2.0, -4.0; 3
5.0, -2.0, -4.0; 1
8.0, -2.0, -4.0; 2
9.0, -2.0, -4.0; 1
-8.0, -1.0, -4.0; 1
-7.0, -1.0, -4.0; 3
-5.0, -1.0, -4.0; 4
-4.0, -1.0, -4.0; 2
-3.0, -1.0, -4.0; 1
1.0, -1.0, -4.0; 1
5.0, -1.0, -4.0; 1
6.0, -1.0, -4.0; 1
-9.0, 0.0, -4.0; 1
-7.0, 0.0, -4.0; 1
-4.0, 0.0, -4.0; 3
2.0, 0.0, -4.0; 1
4.0, 0.0, -4.0; 2
5.0, 0.0, -4.0; 3
-8.0, 1.0, -4.0; 1
-7.0, 1.0, -4.0; 1
-6.0, 1.0, -4.0; 1
-5.0, 1.0, -4.0; 10
-4.0, 1.0, -4.0; 1
3.0, 1.0, -4.0; 1
-6.0, 2.0, -4.0; 3
-5.0, 2.0, -4.0; 8
1.0, 2.0, -4.0; 1
2.0, 2.0, -4.0; 5
3.0, 2.0, -4.0; 4
4.0, 2.0, -4.0; 3
-9.0, 3.0, -4.0; 2
-8.0, 3.0, -4.0; 1
-7.0, 3.0, -4.0; 1
-6.0, 3.0, -4.0; 1
-5.0, 3.0, -4.0; 1
-4.0, 3.0, -4.0; 2
0.0, 3.0, -4.0; 7
1.0, 3.0, -4.0; 8
2.0, 3.0, -4.0; 6
3.0, 3.0, -4.0; 2
4.0, 3.0, -4.0; 1
5.0, 3.0, -4.0; 1
6.0, 3.0, -4.0; 1
7.0, 3.0, -4.0; 3
-6.0, 4.0, -4.0; 4
-5.0, 4.0, -4.0; 1
-3.0, 4.0, -4.0; 1
-2.0, 4.0, -4.0; 11
-1.0, 4.0, -4.0; 6
0.0, 4.0, -4.0; 14
1.0, 4.0, -4.0; 5
2.0, 4.0, -4.0; 1
3.0, 4.0, -4.0; 2
4.0, 4.0, -4.0; 5
6.0, 4.0, -4.0; 2
7.0, 4.0, -4.0; 2
-8.0, 5.0, -4.0; 1
-6.0, 5.0, -4.0; 3
-3.0, 5.0, -4.0; 2
-2.0, 5.0, -4.0; 9
-1.0, 5.0, -4.0; 20
0.0, 5.0, -4.0; 13
1.0, 5.0, -4.0; 4
2.0, 5.0, -4.0; 2
6.0, 5.0, -4.0; 1
7.0, 5.0, -4.0; 1
-7.0, 6.0, -4.0; 1
-6.0, 6.0, -4.0; 2
-5.0, 6.0, -4.0; 1
-3.0, 6.0, -4.0; 1
-2.0, 6.0, -4.0; 4
-1.0, 6.0, -4.0; 2
0.0, 6.0, -4.0; 2
1.0, 6.0, -4.0; 1
2.0, 6.0, -4.0; 1
3.0, 6.0, -4.0; 6
6.0, 6.0, -4.0; 1
-3.0, 7.0, -4.0; 2
-2.0, 7.0, -4.0; 4
-1.0, 7.0, -4.0; 3
0.0, 7.0, -4.0; 1
1.0, 7.0, -4.0; 3
2.0, 7.0, -4.0; 1
4.0, 7.0, -4.0; 1
5.0, 7.0, -4.0; 1
-4.0, 8.0, -4.0; 2
-3.0, 8.0, -4.0; 1
-2.0, 8.0, -4.0; 3
-1.0, 8.0, -4.0; 3
0.0, 8.0, -4.0; 1
1.0, 8.0, -4.0; 3
2.0, 8.0, -4.0; 2
3.0, 8.0, -4.0; 1
4.0, 8.0, -4.0; 1
-2.0, 9.0, -4.0; 1
-1.0, 9.0, -4.0; 1
0.0, 9.0, -4.0; 1
1.0, 9.0, -4.0; 1
-3.0, -10.0, -3.0; 1
-2.0, -10.0, -3.0; 1
-1.0, -10.0, -3.0; 2
0.0, -10.0, -3.0; 2
-5.0, -9.0, -3.0; 1
-2.0, -9.0, -3.0; 6
-1.0, -9.0, -3.0; 2
0.0, -9.0, -3.0; 4
1.0, -9.0, -3.0; 1
2.0, -9.0, -3.0; 2
3.0, -9.0, -3.0; 1
-6.0, -8.0, -3.0; 2
-2.0, -8.0, -3.0; 4
0.0, -8.0, -3.0; 2
1.0, -8.0, -3.0; 2
4.0, -8.0, -3.0; 1
5.0, -8.0, -3.0; 3
-7.0, -7.0, -3.0; 1
-6.0, -7.0, -3.0; 1
-3.0, -7.0, -3.0; 1
-1.0, -7.0, -3.0; 1
0.0, -7.0, -3.0; 4
1.0, -7.0, -3.0; 11
2.0, -7.0, -3.0; 6
-8.0, -6.0, -3.0; 1
-7.0, -6.0, -3.0; 4
-6.0, -6.0, -3.0; 1
-5.0, -6.0, -3.0; 1
-2.0, -6.0, -3.0; 1
-1.0, -6.0, -3.0; 9
0.0, -6.0, -3.0; 14
1.0, -6.0, -3.0; 113
2.0, -6.0, -3.0; 9
-8.0, -5.0, -3.0; 2
-4.0, -5.0, -3.0; 1
-1.0, -5.0, -3.0; 8
0.0, -5.0, -3.0; 14
1.0, -5.0, -3.0; 9
2.0, -5.0, -3.0; 7
3.0, -5.0, -3.0; 1
6.0, -5.0, -3.0; 1
7.0, -5.0, -3.0; 1
-9.0, -4.0, -3.0; 1
-8.0, -4.0, -3.0; 1
-5.0, -4.0, -3.0; 7
2.0, -4.0, -3.0; 7
3.0, -4.0, -3.0; 2
4.0, -4.0, -3.0; 1
-10.0, -3.0, -3.0; 1
-6.0, -3.0, -3.0; 2
-5.0, -3.0, -3.0; 8
-4.0, -3.0, -3.0; 1
-3.0, -3.0, -3.0; 1
4.0, -3.0, -3.0; 3
5.0, -3.0, -3.0; 2
6.0, -3.0, -3.0; 2
-7.0, -2.0, -3.0; 3
-6.0, -2.0, -3.0; 3
-5.0, -2.0, -3.0; 6
-4.0, -2.0, -3.0; 1
3.0, -2.0, -3.0; 1
4.0, -2.0, -3.0; 1
5.0, -2.0, -3.0; 1
-8.0, -1.0, -3.0; 1
4.0, -1.0, -3.0; 1
5.0, -1.0, -3.0; 2
-10.0, 0.0, -3.0; 1
-9.0, 0.0, -3.0; 2
-6.0, 0.0, -3.0; 2
-5.0, 0.0, -3.0; 5
4.0, 0.0, -3.0; 1
5.0, 0.0, -3.0; 2
7.0, 0.0, -3.0; 2
-8.0, 1.0, -3.0; 1
-7.0, 1.0, -3.0; 1
-6.0, 1.0, -3.0; 4
-5.0, 1.0, -3.0; 3
8.0, 1.0, -3.0; 1
-9.0, 2.0, -3.0; 3
-8.0, 2.0, -3.0; 1
-7.0, 2.0, -3.0; 2
-6.0, 2.0, -3.0; 5
-5.0, 2.0, -3.0; 3
3.0, 2.0, -3.0; 1
7.0, 2.0, -3.0; 2
-10.0, 3.0, -3.0; 1
-9.0, 3.0, -3.0; 1
-8.0, 3.0, -3.0; 1
-6.0, 3.0, -3.0; 1
-5.0, 3.0, -3.0; 1
2.0, 3.0, -3.0; 1
3.0, 3.0, -3.0; 2
4.0, 3.0, -3.0; 3
5.0, 3.0, -3.0; 1
-8.0, 4.0, -3.0; 4
-4.0, 4.0, -3.0; 2
0.0, 4.0, -3.0; 2
1.0, 4.0, -3.0; 18
2.0, 4.0, -3.0; 3
3.0, 4.0, -3.0; 3
4.0, 4.0, -3.0; 1
5.0, 4.0, -3.0; 1
6.0, 4.0, -3.0; 2
-8.0, 5.0, -3.0; 1
-7.0, 5.0, -3.0; 3
-4.0, 5.0, -3.0; 1
-3.0, 5.0, -3.0; 1
-2.0, 5.0, -3.0; 5
-1.0, 5.0, -3.0; 16
0.0, 5.0, -3.0; 13
1.0, 5.0, -3.0; 4
2.0, 5.0, -3.0; 3
4.0, 5.0, -3.0; 2
5.0, 5.0, -3.0; 1
6.0, 5.0, -3.0; 3
-7.0, 6.0, -3.0; 1
-6.0, 6.0, -3.0; 2
-2.0, 6.0, -3.0; 2
-1.0, 6.0, -3.0; 6
0.0, 6.0, -3.0; 12
1.0, 6.0, -3.0; 1
3.0, 6.0, -3.0; 1
4.0, 6.0, -3.0; 1
-5.0, 7.0, -3.0; 2
-4.0, 7.0, -3.0; 2
-3.0, 7.0, -3.0; 1
-2.0, 7.0, -3.0; 1
-1.0, 7.0, -3.0; 1
1.0, 7.0, -3.0; 1
2.0, 7.0, -3.0; 5
3.0, 7.0, -3.0; 2
5.0, 7.0, -3.0; 1
-5.0, 8.0, -3.0; 2
-3.0, 8.0, -3.0; 3
-1.0, 8.0, -3.0; 3
0.0, 8.0, -3.0; 2
1.0, 8.0, -3.0; 2
2.0, 8.0, -3.0; 3
3.0, 8.0, -3.0; 2
-2.0, 9.0, -3.0; 1
-1.0, 9.0, -3.0; 1
0.0, 9.0, -3.0; 2
1.0, 9.0, -3.0; 1
2.0, 9.0, -3.0; 2
-3.0, -10.0, -2.0; 3
-2.0, -10.0, -2.0; 7
-1.0, -10.0, -2.0; 7
0.0, -10.0, -2.0; 8
1.0, -10.0, -2.0; 6
2.0, -10.0, -2.0; 3
3.0, -10.0, -2.0; 1
-5.0, -9.0, -2.0; 4
-4.0, -9.0, -2.0; 2
-2.0, -9.0, -2.0; 1
-1.0, -9.0, -2.0; 1
0.0, -9.0, -2.0; 2
1.0, -9.0, -2.0; 5
2.0, -9.0, -2.0; 1
3.0, -9.0, -2.0; 2
-5.0, -8.0, -2.0; 1
-3.0, -8.0, -2.0; 1
-2.0, -8.0, -2.0; 3
-1.0, -8.0, -2.0; 2
0.0, -8.0, -2.0; 3
2.0, -8.0, -2.0; 1
4.0, -8.0, -2.0; 1
-7.0, -7.0, -2.0; 4
0.0, -7.0, -2.0; 8
1.0, -7.0, -2.0; 9
2.0, -7.0, -2.0; 2
3.0, -7.0, -2.0; 1
5.0, -7.0, -2.0; 1
-8.0, -6.0, -2.0; 1
-1.0, -6.0, -2.0; 3
0.0, -6.0, -2.0; 10
1.0, -6.0, -2.0; 48
2.0, -6.0, -2.0; 5
5.0, -6.0, -2.0; 3
7.0, -6.0, -2.0; 1
1.0, -5.0, -2.0; 2
2.0, -5.0, -2.0; 3
3.0, -5.0, -2.0; 2
5.0, -5.0, -2.0; 1
8.0, -5.0, -2.0; 1
-9.0, -4.0, -2.0; 2
-7.0, -4.0, -2.0; 1
-6.0, -4.0, -2.0; 2
-5.0, -4.0, -2.0; 2
-4.0, -4.0, -2.0; 1
2.0, -4.0, -2.0; 1
3.0, -4.0, -2.0; 1
5.0, -4.0, -2.0; 1
6.0, -4.0, -2.0; 1
-9.0, -3.0, -2.0; 2
-6.0, -3.0, -2.0; 3
-5.0, -3.0, -2.0; 2
-4.0, -3.0, -2.0; 2
4.0, -3.0, -2.0; 1
5.0, -3.0, -2.0; 1
6.0, -3.0, -2.0; 1
7.0, -3.0, -2.0; 1
8.0, -3.0, -2.0; 1
-7.0, -2.0, -2.0; 3
-6.0, -2.0, -2.0; 4
-5.0, -2.0, -2.0; 3
5.0, -2.0, -2.0; 1
6.0, -2.0, -2.0; 1
-6.0, -1.0, -2.0; 1
5.0, -1.0, -2.0; 1
6.0, -1.0, -2.0; 1
-6.0, 0.0, -2.0; 2
-4.0, 0.0, -2.0; 1
6.0, 0.0, -2.0; 2
7.0, 0.0, -2.0; 1
-9.0, 1.0, -2.0; 2
-7.0, 1.0, -2.0; 2
-6.0, 1.0, -2.0; 105
-5.0, 1.0, -2.0; 6
6.0, 1.0, -2.0; 1
-9.0, 2.0, -2.0; 1
-8.0, 2.0, -2.0; 1
-7.0, 2.0, -2.0; 1
-6.0, 2.0, -2.0; 10
-5.0, 2.0, -2.0; 5
5.0, 2.0, -2.0; 1
6.0, 2.0, -2.0; 3
-6.0, 3.0, -2.0; 5
-5.0, 3.0, -2.0; 1
4.0, 3.0, -2.0; 6
7.0, 3.0, -2.0; 1
-9.0, 4.0, -2.0; 1
-8.0, 4.0, -2.0; 1
-7.0, 4.0, -2.0; 1
-6.0, 4.0, -2.0; 1
1.0, 4.0, -2.0; 7
2.0, 4.0, -2.0; 4
3.0, 4.0, -2.0; 3
4.0, 4.0, -2.0; 5
5.0, 4.0, -2.0; 1
7.0, 4.0, -2.0; 2
-8.0, 5.0, -2.0; 2
-7.0, 5.0, -2.0; 3
-5.0, 5.0, -2.0; 1
0.0, 5.0, -2.0; 6
1.0, 5.0, -2.0; 24
2.0, 5.0, -2.0; 2
3.0, 5.0, -2.0; 1
4.0, 5.0, -2.0; 2
5.0, 5.0, -2.0; 3
6.0, 5.0, -2.0; 1
7.0, 5.0, -2.0; 1
-8.0, 6.0, -2.0; 1
-7.0, 6.0, -2.0; 5
-6.0, 6.0, -2.0; 4
-3.0, 6.0, -2.0; 1
-2.0, 6.0, -2.0; 4
-1.0, 6.0, -2.0; 10
0.0, 6.0, -2.0; 15
1.0, 6.0, -2.0; 18
4.0, 6.0, -2.0; 1
-6.0, 7.0, -2.0; 1
-5.0, 7.0, -2.0; 2
-4.0, 7.0, -2.0; 2
-3.0, 7.0, -2.0; 4
-2.0, 7.0, -2.0; 1
-1.0, 7.0, -2.0; 1
0.0, 7.0, -2.0; 2
1.0, 7.0, -2.0; 2
2.0, 7.0, -2.0; 4
3.0, 7.0, -2.0; 2
-5.0, 8.0, -2.0; 2
-4.0, 8.0, -2.0; 1
-3.0, 8.0, -2.0; 2
-1.0, 8.0, -2.0; 3
0.0, 8.0, -2.0; 2
1.0, 8.0, -2.0; 6
2.0, 8.0, -2.0; 4
4.0, 8.0, -2.0; 1
5.0, 8.0, -2.0; 1
-4.0, 9.0, -2.0; 1
-3.0, 9.0, -2.0; 1
-1.0, 9.0, -2.0; 1
0.0, 9.0, -2.0; 5
1.0, 9.0, -2.0; 5
2.0, 9.0, -2.0; 1
3.0, 9.0, -2.0; 1
-4.0, -10.0, -1.0; 1
-3.0, -10.0, -1.0; 2
-2.0, -10.0, -1.0; 6
-1.0, -10.0, -1.0; 3
0.0, -10.0, -1.0; 9
1.0, -10.0, -1.0; 2
3.0, -10.0, -1.0; 1
-6.0, -9.0, -1.0; 3
-5.0, -9.0, -1.0; 4
-4.0, -9.0, -1.0; 6
-2.0, -9.0, -1.0; 3
-1.0, -9.0, -1.0; 1
0.0, -9.0, -1.0; 1
1.0, -9.0, -1.0; 1
2.0, -9.0, -1.0; 2
3.0, -9.0, -1.0; 2
4.0, -9.0, -1.0; 2
-7.0, -8.0, -1.0; 1
-2.0, -8.0, -1.0; 3
-1.0, -8.0, -1.0; 5
0.0, -8.0, -1.0; 1
1.0, -8.0, -1.0; 4
2.0, -8.0, -1.0; 2
6.0, -8.0, -1.0; 1
-8.0, -7.0, -1.0; 2
-7.0, -7.0, -1.0; 1
-3.0, -7.0, -1.0; 2
-2.0, -7.0, -1.0; 3
-1.0, -7.0, -1.0; 13
0.0, -7.0, -1.0; 35
1.0, -7.0, -1.0; 3
2.0, -7.0, -1.0; 1
3.0, -7.0, -1.0; 1
4.0, -7.0, -1.0; 2
7.0, -7.0, -1.0; 1
-8.0, -6.0, -1.0; 4
-7.0, -6.0, -1.0; 1
-6.0, -6.0, -1.0; 1
-2.0, -6.0, -1.0; 1
-1.0, -6.0, -1.0; 4
0.0, -6.0, -1.0; 6
1.0, -6.0, -1.0; 6
2.0, -6.0, -1.0; 4
3.0, -6.0, -1.0; 2
4.0, -6.0, -1.0; 1
-9.0, -5.0, -1.0; 1
-8.0, -5.0, -1.0; 1
-6.0, -5.0, -1.0; 1
-1.0, -5.0, -1.0; 1
1.0, -5.0, -1.0; 2
2.0, -5.0, -1.0; 3
3.0, -5.0, -1.0; 2
4.0, -5.0, -1.0; 3
6.0, -5.0, -1.0; 1
8.0, -5.0, -1.0; 2
-10.0, -4.0, -1.0; 1
-9.0, -4.0, -1.0; 1
-8.0, -4.0, -1.0; 1
-7.0, -4.0, -1.0; 1
-6.0, -4.0, -1.0; 1
-5.0, -4.0, -1.0; 1
2.0, -4.0, -1.0; 1
3.0, -4.0, -1.0; 1
5.0, -4.0, -1.0; 2
-10.0, -3.0, -1.0; 1
-9.0, -3.0, -1.0; 4
-8.0, -3.0, -1.0; 1
-5.0, -3.0, -1.0; 4
-8.0, -2.0, -1.0; 2
-7.0, -2.0, -1.0; 2
-6.0, -2.0, -1.0; 1
-9.0, -1.0, -1.0; 1
-5.0, -1.0, -1.0; 1
-9.0, 0.0, -1.0; 1
-7.0, 0.0, -1.0; 1
-6.0, 0.0, -1.0; 2
5.0, 0.0, -1.0; 1
-9.0, 1.0, -1.0; 1
-8.0, 1.0, -1.0; 1
-7.0, 1.0, -1.0; 1
-6.0, 1.0, -1.0; 302
-5.0, 1.0, -1.0; 34
-9.0, 2.0, -1.0; 1
-7.0, 2.0, -1.0; 1
-6.0, 2.0, -1.0; 29
-5.0, 2.0, -1.0; 32
5.0, 2.0, -1.0; 2
6.0, 2.0, -1.0; 1
8.0, 2.0, -1.0; 1
-9.0, 3.0, -1.0; 1
-8.0, 3.0, -1.0; 3
-7.0, 3.0, -1.0; 1
-6.0, 3.0, -1.0; 5
-5.0, 3.0, -1.0; 2
4.0, 3.0, -1.0; 5
6.0, 3.0, -1.0; 2
7.0, 3.0, -1.0; 1
8.0, 3.0, -1.0; 1
-9.0, 4.0, -1.0; 1
-8.0, 4.0, -1.0; 4
-7.0, 4.0, -1.0; 1
-6.0, 4.0, -1.0; 4
-5.0, 4.0, -1.0; 1
2.0, 4.0, -1.0; 3
3.0, 4.0, -1.0; 2
4.0, 4.0, -1.0; 11
7.0, 4.0, -1.0; 1
-9.0, 5.0, -1.0; 1
-8.0, 5.0, -1.0; 2
-7.0, 5.0, -1.0; 3
-5.0, 5.0, -1.0; 3
-4.0, 5.0, -1.0; 5
-3.0, 5.0, -1.0; 1
-1.0, 5.0, -1.0; 2
0.0, 5.0, -1.0; 9
1.0, 5.0, -1.0; 17
2.0, 5.0, -1.0; 2
3.0, 5.0, -1.0; 6
5.0, 5.0, -1.0; 2
7.0, 5.0, -1.0; 1
-8.0, 6.0, -1.0; 1
-7.0, 6.0, -1.0; 11
-6.0, 6.0, -1.0; 75
-5.0, 6.0, -1.0; 13
-4.0, 6.0, -1.0; 2
-3.0, 6.0, -1.0; 2
-2.0, 6.0, -1.0; 5
-1.0, 6.0, -1.0; 19
0.0, 6.0, -1.0; 32
1.0, 6.0, -1.0; 15
3.0, 6.0, -1.0; 2
4.0, 6.0, -1.0; 2
5.0, 6.0, -1.0; 3
6.0, 6.0, -1.0; 2
7.0, 6.0, -1.0; 1
-6.0, 7.0, -1.0; 12
-5.0, 7.0, -1.0; 10
-4.0, 7.0, -1.0; 6
-2.0, 7.0, -1.0; 1
-1.0, 7.0, -1.0; 4
0.0, 7.0, -1.0; 5
1.0, 7.0, -1.0; 1
2.0, 7.0, -1.0; 2
3.0, 7.0, -1.0; 3
6.0, 7.0, -1.0; 1
-6.0, 8.0, -1.0; 1
-5.0, 8.0, -1.0; 2
-4.0, 8.0, -1.0; 2
-3.0, 8.0, -1.0; 4
-2.0, 8.0, -1.0; 3
-1.0, 8.0, -1.0; 4
0.0, 8.0, -1.0; 2
1.0, 8.0, -1.0; 2
2.0, 8.0, -1.0; 4
3.0, 8.0, -1.0; 2
-4.0, 9.0, -1.0; 1
-3.0, 9.0, -1.0; 2
-2.0, 9.0, -1.0; 1
-1.0, 9.0, -1.0; 6
0.0, 9.0, -1.0; 2
1.0, 9.0, -1.0; 7
2.0, 9.0, -1.0; 3
-4.0, -10.0, 0.0; 1
-2.0, -10.0, 0.0; 2
-1.0, -10.0, 0.0; 3
0.0, -10.0, 0.0; 4
1.0, -10.0, 0.0; 4
-5.0, -9.0, 0.0; 6
-4.0, -9.0, 0.0; 1
-2.0, -9.0, 0.0; 2
0.0, -9.0, 0.0; 1
1.0, -9.0, 0.0; 1
2.0, -9.0, 0.0; 1
3.0, -9.0, 0.0; 2
5.0, -9.0, 0.0; 2
-7.0, -8.0, 0.0; 3
-5.0, -8.0, 0.0; 1
-2.0, -8.0, 0.0; 9
-1.0, -8.0, 0.0; 2
0.0, -8.0, 0.0; 1
2.0, -8.0, 0.0; 1
3.0, -8.0, 0.0; 1
4.0, -8.0, 0.0; 1
6.0, -8.0, 0.0; 2
-8.0, -7.0, 0.0; 1
-7.0, -7.0, 0.0; 2
-5.0, -7.0, 0.0; 1
-4.0, -7.0, 0.0; 2
-3.0, -7.0, 0.0; 9
-2.0, -7.0, 0.0; 24
-1.0, -7.0, 0.0; 19
0.0, -7.0, 0.0; 35
1.0, -7.0, 0.0; 5
2.0, -7.0, 0.0; 1
3.0, -7.0, 0.0; 1
-8.0, -6.0, 0.0; 1
-7.0, -6.0, 0.0; 1
-6.0, -6.0, 0.0; 1
-5.0, -6.0, 0.0; 2
-3.0, -6.0, 0.0; 5
-2.0, -6.0, 0.0; 6
-1.0, -6.0, 0.0; 2
0.0, -6.0, 0.0; 6
1.0, -6.0, 0.0; 5
2.0, -6.0, 0.0; 1
-9.0, -5.0, 0.0; 1
-8.0, -5.0, 0.0; 3
-6.0, -5.0, 0.0; 8
-5.0, -5.0, 0.0; 2
-4.0, -5.0, 0.0; 1
-3.0, -5.0, 0.0; 1
1.0, -5.0, 0.0; 1
2.0, -5.0, 0.0; 3
3.0, -5.0, 0.0; 1
4.0, -5.0, 0.0; 3
-8.0, -4.0, 0.0; 1
-7.0, -4.0, 0.0; 2
-6.0, -4.0, 0.0; 4
-5.0, -4.0, 0.0; 2
4.0, -4.0, 0.0; 1
6.0, -4.0, 0.0; 1
-9.0, -3.0, 0.0; 1
-8.0, -3.0, 0.0; 2
-6.0, -3.0, 0.0; 1
-5.0, -3.0, 0.0; 3
5.0, -3.0, 0.0; 1
6.0, -3.0, 0.0; 1
-9.0, -2.0, 0.0; 1
-7.0, -2.0, 0.0; 1
7.0, -2.0, 0.0; 1
-7.0, -1.0, 0.0; 4
-6.0, -1.0, 0.0; 1
-8.0, 0.0, 0.0; 1
-7.0, 0.0, 0.0; 1
2.0
3.92224510814
