5.0, 0.0, 0.0; 1
6.0, 0.0, 0.0; 1
-10.0, 1.0, 0.0; 9
-9.0, 1.0, 0.0; 16
-8.0, 1.0, 0.0; 10
-7.0, 1.0, 0.0; 4
-6.0, 1.0, 0.0; 284
-5.0, 1.0, 0.0; 102
6.0, 1.0, 0.0; 1
7.0, 1.0, 0.0; 1
-10.0, 2.0, 0.0; 1
-9.0, 2.0, 0.0; 18
-8.0, 2.0, 0.0; 11
-7.0, 2.0, 0.0; 7
-6.0, 2.0, 0.0; 128
-5.0, 2.0, 0.0; 288
-4.0, 2.0, 0.0; 1
4.0, 2.0, 0.0; 3
6.0, 2.0, 0.0; 3
7.0, 2.0, 0.0; 1
-10.0, 3.0, 0.0; 1
-9.0, 3.0, 0.0; 22
-8.0, 3.0, 0.0; 12
-7.0, 3.0, 0.0; 7
-6.0, 3.0, 0.0; 20
-5.0, 3.0, 0.0; 74
-4.0, 3.0, 0.0; 3
-3.0, 3.0, 0.0; 4
3.0, 3.0, 0.0; 3
6.0, 3.0, 0.0; 2
8.0, 3.0, 0.0; 2
-9.0, 4.0, 0.0; 13
-8.0, 4.0, 0.0; 38
-7.0, 4.0, 0.0; 9
-6.0, 4.0, 0.0; 24
-5.0, 4.0, 0.0; 45
-4.0, 4.0, 0.0; 12
-3.0, 4.0, 0.0; 1
-2.0, 4.0, 0.0; 2
-1.0, 4.0, 0.0; 2
1.0, 4.0, 0.0; 5
2.0, 4.0, 0.0; 3
3.0, 4.0, 0.0; 2
4.0, 4.0, 0.0; 1
5.0, 4.0, 0.0; 4
6.0, 4.0, 0.0; 1
7.0, 4.0, 0.0; 1
-9.0, 5.0, 0.0; 8
-8.0, 5.0, 0.0; 51
-7.0, 5.0, 0.0; 36
-6.0, 5.0, 0.0; 13
-5.0, 5.0, 0.0; 15
-4.0, 5.0, 0.0; 49
-3.0, 5.0, 0.0; 33
-2.0, 5.0, 0.0; 14
-1.0, 5.0, 0.0; 9
0.0, 5.0, 0.0; 18
1.0, 5.0, 0.0; 26
2.0, 5.0, 0.0; 10
3.0, 5.0, 0.0; 3
4.0, 5.0, 0.0; 6
5.0, 5.0, 0.0; 5
6.0, 5.0, 0.0; 1
7.0, 5.0, 0.0; 1
-8.0, 6.0, 0.0; 24
-7.0, 6.0, 0.0; 320
-6.0, 6.0, 0.0; 1312
-5.0, 6.0, 0.0; 78
-4.0, 6.0, 0.0; 29
-3.0, 6.0, 0.0; 68
-2.0, 6.0, 0.0; 92
-1.0, 6.0, 0.0; 111
0.0, 6.0, 0.0; 135
1.0, 6.0, 0.0; 29
2.0, 6.0, 0.0; 1
3.0, 6.0, 0.0; 6
4.0, 6.0, 0.0; 2
5.0, 6.0, 0.0; 2
6.0, 6.0, 0.0; 1
7.0, 6.0, 0.0; 1
-7.0, 7.0, 0.0; 10
-6.0, 7.0, 0.0; 135
-5.0, 7.0, 0.0; 110
-4.0, 7.0, 0.0; 21
-3.0, 7.0, 0.0; 6
-2.0, 7.0, 0.0; 36
-1.0, 7.0, 0.0; 87
0.0, 7.0, 0.0; 39
1.0, 7.0, 0.0; 1
2.0, 7.0, 0.0; 5
3.0, 7.0, 0.0; 4
4.0, 7.0, 0.0; 2
5.0, 7.0, 0.0; 1
-6.0, 8.0, 0.0; 3
-5.0, 8.0, 0.0; 7
-4.0, 8.0, 0.0; 14
-3.0, 8.0, 0.0; 13
-2.0, 8.0, 0.0; 9
-1.0, 8.0, 0.0; 9
0.0, 8.0, 0.0; 10
1.0, 8.0, 0.0; 6
2.0, 8.0, 0.0; 6
3.0, 8.0, 0.0; 3
4.0, 8.0, 0.0; 1
-4.0, 9.0, 0.0; 9
-3.0, 9.0, 0.0; 27
-2.0, 9.0, 0.0; 54
-1.0, 9.0, 0.0; 72
0.0, 9.0, 0.0; 42
1.0, 9.0, 0.0; 43
2.0, 9.0, 0.0; 7
3.0, 9.0, 0.0; 1
-4.0, -10.0, 1.0; 11
-3.0, -10.0, 1.0; 22
-2.0, -10.0, 1.0; 25
-1.0, -10.0, 1.0; 20
0.0, -10.0, 1.0; 9
1.0, -10.0, 1.0; 3
-6.0, -9.0, 1.0; 14
-5.0, -9.0, 1.0; 22
-4.0, -9.0, 1.0; 30
-3.0, -9.0, 1.0; 23
-2.0, -9.0, 1.0; 15
-1.0, -9.0, 1.0; 12
0.0, -9.0, 1.0; 8
1.0, -9.0, 1.0; 9
2.0, -9.0, 1.0; 5
5.0, -9.0, 1.0; 1
-7.0, -8.0, 1.0; 16
-6.0, -8.0, 1.0; 26
-5.0, -8.0, 1.0; 12
-4.0, -8.0, 1.0; 3
-3.0, -8.0, 1.0; 2
-2.0, -8.0, 1.0; 9
-1.0, -8.0, 1.0; 4
0.0, -8.0, 1.0; 7
1.0, -8.0, 1.0; 9
2.0, -8.0, 1.0; 9
3.0, -8.0, 1.0; 2
5.0, -8.0, 1.0; 1
-8.0, -7.0, 1.0; 10
-7.0, -7.0, 1.0; 18
-6.0, -7.0, 1.0; 14
-5.0, -7.0, 1.0; 2
-4.0, -7.0, 1.0; 60
-3.0, -7.0, 1.0; 211
-2.0, -7.0, 1.0; 272
-1.0, -7.0, 1.0; 175
0.0, -7.0, 1.0; 39
1.0, -7.0, 1.0; 9
2.0, -7.0, 1.0; 17
3.0, -7.0, 1.0; 12
5.0, -7.0, 1.0; 1
-8.0, -6.0, 1.0; 13
-7.0, -6.0, 1.0; 18
-6.0, -6.0, 1.0; 6
-5.0, -6.0, 1.0; 196
-4.0, -6.0, 1.0; 226
-3.0, -6.0, 1.0; 139
-2.0, -6.0, 1.0; 106
-1.0, -6.0, 1.0; 95
0.0, -6.0, 1.0; 29
1.0, -6.0, 1.0; 14
2.0, -6.0, 1.0; 11
3.0, -6.0, 1.0; 11
6.0, -6.0, 1.0; 1
-9.0, -5.0, 1.0; 10
-8.0, -5.0, 1.0; 25
-7.0, -5.0, 1.0; 9
-6.0, -5.0, 1.0; 228
-5.0, -5.0, 1.0; 273
-4.0, -5.0, 1.0; 16
-3.0, -5.0, 1.0; 13
-2.0, -5.0, 1.0; 6
-1.0, -5.0, 1.0; 1
0.0, -5.0, 1.0; 2
1.0, -5.0, 1.0; 6
2.0, -5.0, 1.0; 3
3.0, -5.0, 1.0; 3
4.0, -5.0, 1.0; 1
6.0, -5.0, 1.0; 3
-10.0, -4.0, 1.0; 1
-9.0, -4.0, 1.0; 19
-8.0, -4.0, 1.0; 26
-7.0, -4.0, 1.0; 11
-6.0, -4.0, 1.0; 239
-5.0, -4.0, 1.0; 39
-4.0, -4.0, 1.0; 1
3.0, -4.0, 1.0; 2
6.0, -4.0, 1.0; 5
7.0, -4.0, 1.0; 1
-10.0, -3.0, 1.0; 4
-9.0, -3.0, 1.0; 7
-8.0, -3.0, 1.0; 24
-7.0, -3.0, 1.0; 12
-6.0, -3.0, 1.0; 6
-5.0, -3.0, 1.0; 3
-4.0, -3.0, 1.0; 1
3.0, -3.0, 1.0; 2
-10.0, -2.0, 1.0; 8
-9.0, -2.0, 1.0; 10
-8.0, -2.0, 1.0; 12
-7.0, -2.0, 1.0; 5
-6.0, -2.0, 1.0; 9
-5.0, -2.0, 1.0; 4
-4.0, -2.0, 1.0; 1
3.0, -2.0, 1.0; 1
4.0, -2.0, 1.0; 1
6.0, -2.0, 1.0; 1
7.0, -2.0, 1.0; 1
-10.0, -1.0, 1.0; 10
-9.0, -1.0, 1.0; 8
-8.0, -1.0, 1.0; 13
-7.0, -1.0, 1.0; 20
-6.0, -1.0, 1.0; 18
-5.0, -1.0, 1.0; 3
4.0, -1.0, 1.0; 2
-10.0, 0.0, 1.0; 6
-9.0, 0.0, 1.0; 8
-8.0, 0.0, 1.0; 11
-7.0, 0.0, 1.0; 20
-6.0, 0.0, 1.0; 40
-5.0, 0.0, 1.0; 4
4.0, 0.0, 1.0; 3
-10.0, 1.0, 1.0; 3
-9.0, 1.0, 1.0; 8
-8.0, 1.0, 1.0; 7
-7.0, 1.0, 1.0; 11
-6.0, 1.0, 1.0; 29
-5.0, 1.0, 1.0; 26
-4.0, 1.0, 1.0; 1
8.0, 1.0, 1.0; 1
9.0, 1.0, 1.0; 1
-10.0, 2.0, 1.0; 2
-9.0, 2.0, 1.0; 13
-8.0, 2.0, 1.0; 11
-7.0, 2.0, 1.0; 3
-6.0, 2.0, 1.0; 22
-5.0, 2.0, 1.0; 99
-4.0, 2.0, 1.0; 4
4.0, 2.0, 1.0; 1
-10.0, 3.0, 1.0; 1
-9.0, 3.0, 1.0; 7
-8.0, 3.0, 1.0; 18
-7.0, 3.0, 1.0; 10
-6.0, 3.0, 1.0; 13
-5.0, 3.0, 1.0; 47
-4.0, 3.0, 1.0; 14
-3.0, 3.0, 1.0; 4
2.0, 3.0, 1.0; 1
3.0, 3.0, 1.0; 2
5.0, 3.0, 1.0; 3
6.0, 3.0, 1.0; 1
7.0, 3.0, 1.0; 1
-9.0, 4.0, 1.0; 16
-8.0, 4.0, 1.0; 31
-7.0, 4.0, 1.0; 22
-6.0, 4.0, 1.0; 28
-5.0, 4.0, 1.0; 24
-4.0, 4.0, 1.0; 27
-3.0, 4.0, 1.0; 14
-2.0, 4.0, 1.0; 3
-1.0, 4.0, 1.0; 8
0.0, 4.0, 1.0; 5
1.0, 4.0, 1.0; 7
2.0, 4.0, 1.0; 3
3.0, 4.0, 1.0; 4
4.0, 4.0, 1.0; 5
5.0, 4.0, 1.0; 2
6.0, 4.0, 1.0; 2
-9.0, 5.0, 1.0; 9
-8.0, 5.0, 1.0; 37
-7.0, 5.0, 1.0; 18
-6.0, 5.0, 1.0; 5
-5.0, 5.0, 1.0; 30
-4.0, 5.0, 1.0; 151
-3.0, 5.0, 1.0; 1024
-2.0, 5.0, 1.0; 485
-1.0, 5.0, 1.0; 29
0.0, 5.0, 1.0; 24
1.0, 5.0, 1.0; 22
2.0, 5.0, 1.0; 4
3.0, 5.0, 1.0; 2
4.0, 5.0, 1.0; 2
5.0, 5.0, 1.0; 1
7.0, 5.0, 1.0; 2
-8.0, 6.0, 1.0; 12
-7.0, 6.0, 1.0; 82
-6.0, 6.0, 1.0; 165
-5.0, 6.0, 1.0; 36
-4.0, 6.0, 1.0; 67
-3.0, 6.0, 1.0; 150
-2.0, 6.0, 1.0; 83
-1.0, 6.0, 1.0; 35
0.0, 6.0, 1.0; 19
1.0, 6.0, 1.0; 3
2.0, 6.0, 1.0; 1
3.0, 6.0, 1.0; 3
4.0, 6.0, 1.0; 2
5.0, 6.0, 1.0; 3
-7.0, 7.0, 1.0; 8
-6.0, 7.0, 1.0; 45
-5.0, 7.0, 1.0; 32
-4.0, 7.0, 1.0; 7
-3.0, 7.0, 1.0; 5
-2.0, 7.0, 1.0; 10
-1.0, 7.0, 1.0; 18
0.0, 7.0, 1.0; 2
1.0, 7.0, 1.0; 3
2.0, 7.0, 1.0; 3
3.0, 7.0, 1.0; 2
6.0, 7.0, 1.0; 1
-6.0, 8.0, 1.0; 3
-5.0, 8.0, 1.0; 11
-4.0, 8.0, 1.0; 27
-3.0, 8.0, 1.0; 10
-2.0, 8.0, 1.0; 10
-1.0, 8.0, 1.0; 11
0.0, 8.0, 1.0; 9
1.0, 8.0, 1.0; 5
2.0, 8.0, 1.0; 11
3.0, 8.0, 1.0; 1
-4.0, 9.0, 1.0; 6
-3.0, 9.0, 1.0; 32
-2.0, 9.0, 1.0; 61
-1.0, 9.0, 1.0; 69
0.0, 9.0, 1.0; 32
1.0, 9.0, 1.0; 30
2.0, 9.0, 1.0; 2
3.0, 9.0, 1.0; 1
-3.0, -10.0, 2.0; 4
-2.0, -10.0, 2.0; 9
-1.0, -10.0, 2.0; 11
1.0, -10.0, 2.0; 1
-6.0, -9.0, 2.0; 4
-5.0, -9.0, 2.0; 18
-4.0, -9.0, 2.0; 26
-3.0, -9.0, 2.0; 26
-2.0, -9.0, 2.0; 27
-1.0, -9.0, 2.0; 10
0.0, -9.0, 2.0; 6
1.0, -9.0, 2.0; 5
2.0, -9.0, 2.0; 2
4.0, -9.0, 2.0; 1
-7.0, -8.0, 2.0; 4
-6.0, -8.0, 2.0; 24
-5.0, -8.0, 2.0; 22
-4.0, -8.0, 2.0; 14
-3.0, -8.0, 2.0; 17
-2.0, -8.0, 2.0; 5
-1.0, -8.0, 2.0; 5
0.0, -8.0, 2.0; 6
1.0, -8.0, 2.0; 9
2.0, -8.0, 2.0; 4
3.0, -8.0, 2.0; 3
4.0, -8.0, 2.0; 1
5.0, -8.0, 2.0; 1
6.0, -8.0, 2.0; 1
-8.0, -7.0, 2.0; 1
-7.0, -7.0, 2.0; 29
-6.0, -7.0, 2.0; 17
-5.0, -7.0, 2.0; 6
-4.0, -7.0, 2.0; 1
-3.0, -7.0, 2.0; 20
-2.0, -7.0, 2.0; 11
-1.0, -7.0, 2.0; 7
0.0, -7.0, 2.0; 6
1.0, -7.0, 2.0; 16
2.0, -7.0, 2.0; 10
3.0, -7.0, 2.0; 3
7.0, -7.0, 2.0; 1
-8.0, -6.0, 2.0; 8
-7.0, -6.0, 2.0; 27
-6.0, -6.0, 2.0; 7
-5.0, -6.0, 2.0; 4
-4.0, -6.0, 2.0; 94
-3.0, -6.0, 2.0; 116
-2.0, -6.0, 2.0; 79
-1.0, -6.0, 2.0; 36
0.0, -6.0, 2.0; 4
1.0, -6.0, 2.0; 7
2.0, -6.0, 2.0; 5
3.0, -6.0, 2.0; 4
5.0, -6.0, 2.0; 1
-9.0, -5.0, 2.0; 2
-8.0, -5.0, 2.0; 7
-7.0, -5.0, 2.0; 14
-6.0, -5.0, 2.0; 1
-5.0, -5.0, 2.0; 193
-4.0, -5.0, 2.0; 172
-3.0, -5.0, 2.0; 34
-2.0, -5.0, 2.0; 15
-1.0, -5.0, 2.0; 3
0.0, -5.0, 2.0; 2
1.0, -5.0, 2.0; 3
2.0, -5.0, 2.0; 1
3.0, -5.0, 2.0; 1
4.0, -5.0, 2.0; 2
5.0, -5.0, 2.0; 3
6.0, -5.0, 2.0; 1
-9.0, -4.0, 2.0; 8
-8.0, -4.0, 2.0; 25
-7.0, -4.0, 2.0; 12
-6.0, -4.0, 2.0; 8
-5.0, -4.0, 2.0; 84
-4.0, -4.0, 2.0; 11
-3.0, -4.0, 2.0; 3
-2.0, -4.0, 2.0; 1
0.0, -4.0, 2.0; 2
1.0, -4.0, 2.0; 3
2.0, -4.0, 2.0; 4
3.0, -4.0, 2.0; 1
4.0, -4.0, 2.0; 2
5.0, -4.0, 2.0; 1
6.0, -4.0, 2.0; 3
-10.0, -3.0, 2.0; 3
-9.0, -3.0, 2.0; 15
-8.0, -3.0, 2.0; 33
-7.0, -3.0, 2.0; 26
-6.0, -3.0, 2.0; 10
-5.0, -3.0, 2.0; 7
-4.0, -3.0, 2.0; 15
-3.0, -3.0, 2.0; 1
2.0, -3.0, 2.0; 2
5.0, -3.0, 2.0; 1
7.0, -3.0, 2.0; 1
-10.0, -2.0, 2.0; 10
-9.0, -2.0, 2.0; 8
-8.0, -2.0, 2.0; 21
-7.0, -2.0, 2.0; 30
-6.0, -2.0, 2.0; 18
-5.0, -2.0, 2.0; 19
-4.0, -2.0, 2.0; 8
-10.0, -1.0, 2.0; 6
-9.0, -1.0, 2.0; 3
-8.0, -1.0, 2.0; 10
-7.0, -1.0, 2.0; 11
-6.0, -1.0, 2.0; 13
-5.0, -1.0, 2.0; 5
-4.0, -1.0, 2.0; 2
3.0, -1.0, 2.0; 2
4.0, -1.0, 2.0; 1
-10.0, 0.0, 2.0; 5
-9.0, 0.0, 2.0; 8
-8.0, 0.0, 2.0; 3
-7.0, 0.0, 2.0; 8
-6.0, 0.0, 2.0; 39
-5.0, 0.0, 2.0; 15
-4.0, 0.0, 2.0; 1
4.0, 0.0, 2.0; 2
5.0, 0.0, 2.0; 1
-10.0, 1.0, 2.0; 4
-9.0, 1.0, 2.0; 6
-8.0, 1.0, 2.0; 19
-7.0, 1.0, 2.0; 7
-6.0, 1.0, 2.0; 19
-5.0, 1.0, 2.0; 277
-4.0, 1.0, 2.0; 145
-3.0, 1.0, 2.0; 2
4.0, 1.0, 2.0; 1
5.0, 1.0, 2.0; 1
7.0, 1.0, 2.0; 1
-10.0, 2.0, 2.0; 2
-9.0, 2.0, 2.0; 6
-8.0, 2.0, 2.0; 22
-7.0, 2.0, 2.0; 11
-6.0, 2.0, 2.0; 7
-5.0, 2.0, 2.0; 618
-4.0, 2.0, 2.0; 1708
-3.0, 2.0, 2.0; 18
2.0, 2.0, 2.0; 1
3.0, 2.0, 2.0; 2
7.0, 2.0, 2.0; 1
-9.0, 3.0, 2.0; 9
-8.0, 3.0, 2.0; 25
-7.0, 3.0, 2.0; 24
-6.0, 3.0, 2.0; 11
-5.0, 3.0, 2.0; 30
-4.0, 3.0, 2.0; 122
-3.0, 3.0, 2.0; 39
-2.0, 3.0, 2.0; 3
-1.0, 3.0, 2.0; 1
0.0, 3.0, 2.0; 1
1.0, 3.0, 2.0; 1
2.0, 3.0, 2.0; 1
3.0, 3.0, 2.0; 4
4.0, 3.0, 2.0; 1
6.0, 3.0, 2.0; 2
7.0, 3.0, 2.0; 1
-9.0, 4.0, 2.0; 12
-8.0, 4.0, 2.0; 29
-7.0, 4.0, 2.0; 23
-6.0, 4.0, 2.0; 13
-5.0, 4.0, 2.0; 29
-4.0, 4.0, 2.0; 28
-3.0, 4.0, 2.0; 41
-2.0, 4.0, 2.0; 33
-1.0, 4.0, 2.0; 19
0.0, 4.0, 2.0; 12
1.0, 4.0, 2.0; 3
2.0, 4.0, 2.0; 1
3.0, 4.0, 2.0; 6
5.0, 4.0, 2.0; 4
6.0, 4.0, 2.0; 1
-9.0, 5.0, 2.0; 1
-8.0, 5.0, 2.0; 20
-7.0, 5.0, 2.0; 18
-6.0, 5.0, 2.0; 19
-5.0, 5.0, 2.0; 10
-4.0, 5.0, 2.0; 37
-3.0, 5.0, 2.0; 146
-2.0, 5.0, 2.0; 172
-1.0, 5.0, 2.0; 16
0.0, 5.0, 2.0; 12
1.0, 5.0, 2.0; 1
3.0, 5.0, 2.0; 1
4.0, 5.0, 2.0; 6
5.0, 5.0, 2.0; 2
6.0, 5.0, 2.0; 1
7.0, 5.0, 2.0; 2
-8.0, 6.0, 2.0; 10
-7.0, 6.0, 2.0; 19
-6.0, 6.0, 2.0; 29
-5.0, 6.0, 2.0; 22
-4.0, 6.0, 2.0; 7
-3.0, 6.0, 2.0; 14
-2.0, 6.0, 2.0; 7
-1.0, 6.0, 2.0; 1
1.0, 6.0, 2.0; 4
2.0, 6.0, 2.0; 5
3.0, 6.0, 2.0; 4
4.0, 6.0, 2.0; 3
5.0, 6.0, 2.0; 2
-7.0, 7.0, 2.0; 4
-6.0, 7.0, 2.0; 11
-5.0, 7.0, 2.0; 17
-4.0, 7.0, 2.0; 11
-3.0, 7.0, 2.0; 8
-2.0, 7.0, 2.0; 1
-1.0, 7.0, 2.0; 3
0.0, 7.0, 2.0; 4
1.0, 7.0, 2.0; 8
2.0, 7.0, 2.0; 6
3.0, 7.0, 2.0; 2
5.0, 7.0, 2.0; 1
-5.0, 8.0, 2.0; 15
-4.0, 8.0, 2.0; 38
-3.0, 8.0, 2.0; 30
-2.0, 8.0, 2.0; 31
-1.0, 8.0, 2.0; 13
0.0, 8.0, 2.0; 7
1.0, 8.0, 2.0; 14
2.0, 8.0, 2.0; 6
-4.0, 9.0, 2.0; 5
-3.0, 9.0, 2.0; 36
-2.0, 9.0, 2.0; 61
-1.0, 9.0, 2.0; 44
0.0, 9.0, 2.0; 12
1.0, 9.0, 2.0; 1
0.0, -10.0, 3.0; 1
-5.0, -9.0, 3.0; 1
-4.0, -9.0, 3.0; 14
-3.0, -9.0, 3.0; 11
-2.0, -9.0, 3.0; 13
-1.0, -9.0, 3.0; 10
2.0, -9.0, 3.0; 1
-6.0, -8.0, 3.0; 15
-5.0, -8.0, 3.0; 28
-4.0, -8.0, 3.0; 20
-3.0, -8.0, 3.0; 16
-2.0, -8.0, 3.0; 9
-1.0, -8.0, 3.0; 12
0.0, -8.0, 3.0; 13
1.0, -8.0, 3.0; 3
2.0, -8.0, 3.0; 2
4.0, -8.0, 3.0; 2
5.0, -8.0, 3.0; 1
-8.0, -7.0, 3.0; 1
-7.0, -7.0, 3.0; 13
-6.0, -7.0, 3.0; 24
-5.0, -7.0, 3.0; 19
-4.0, -7.0, 3.0; 5
-3.0, -7.0, 3.0; 3
-2.0, -7.0, 3.0; 8
-1.0, -7.0, 3.0; 7
0.0, -7.0, 3.0; 4
1.0, -7.0, 3.0; 5
2.0, -7.0, 3.0; 4
4.0, -7.0, 3.0; 1
5.0, -7.0, 3.0; 2
-8.0, -6.0, 3.0; 4
-7.0, -6.0, 3.0; 16
-6.0, -6.0, 3.0; 13
-5.0, -6.0, 3.0; 2
-4.0, -6.0, 3.0; 3
-3.0, -6.0, 3.0; 3
-2.0, -6.0, 3.0; 6
-1.0, -6.0, 3.0; 6
0.0, -6.0, 3.0; 6
1.0, -6.0, 3.0; 4
2.0, -6.0, 3.0; 1
4.0, -6.0, 3.0; 4
-9.0, -5.0, 3.0; 2
-8.0, -5.0, 3.0; 8
-7.0, -5.0, 3.0; 15
-6.0, -5.0, 3.0; 14
-5.0, -5.0, 3.0; 5
-4.0, -5.0, 3.0; 2
-3.0, -5.0, 3.0; 7
-2.0, -5.0, 3.0; 4
-1.0, -5.0, 3.0; 8
0.0, -5.0, 3.0; 5
1.0, -5.0, 3.0; 4
2.0, -5.0, 3.0; 2
6.0, -5.0, 3.0; 1
-9.0, -4.0, 3.0; 4
-8.0, -4.0, 3.0; 5
-7.0, -4.0, 3.0; 32
-6.0, -4.0, 3.0; 17
-5.0, -4.0, 3.0; 6
-4.0, -4.0, 3.0; 6
-3.0, -4.0, 3.0; 6
-2.0, -4.0, 3.0; 12
-1.0, -4.0, 3.0; 3
0.0, -4.0, 3.0; 4
1.0, -4.0, 3.0; 1
2.0, -4.0, 3.0; 2
3.0, -4.0, 3.0; 1
4.0, -4.0, 3.0; 1
6.0, -4.0, 3.0; 1
-10.0, -3.0, 3.0; 2
-9.0, -3.0, 3.0; 7
-8.0, -3.0, 3.0; 14
-7.0, -3.0, 3.0; 49
-6.0, -3.0, 3.0; 27
-5.0, -3.0, 3.0; 19
-4.0, -3.0, 3.0; 11
-3.0, -3.0, 3.0; 11
-2.0, -3.0, 3.0; 6
-1.0, -3.0, 3.0; 1
0.0, -3.0, 3.0; 1
2.0, -3.0, 3.0; 1
3.0, -3.0, 3.0; 2
4.0, -3.0, 3.0; 2
6.0, -3.0, 3.0; 1
-10.0, -2.0, 3.0; 7
-9.0, -2.0, 3.0; 12
-8.0, -2.0, 3.0; 9
-7.0, -2.0, 3.0; 25
-6.0, -2.0, 3.0; 69
-5.0, -2.0, 3.0; 72
-4.0, -2.0, 3.0; 22
-3.0, -2.0, 3.0; 10
-2.0, -2.0, 3.0; 2
-1.0, -2.0, 3.0; 2
0.0, -2.0, 3.0; 2
1.0, -2.0, 3.0; 4
2.0, -2.0, 3.0; 4
3.0, -2.0, 3.0; 1
4.0, -2.0, 3.0; 1
6.0, -2.0, 3.0; 1
-10.0, -1.0, 3.0; 7
-9.0, -1.0, 3.0; 8
-8.0, -1.0, 3.0; 1
-7.0, -1.0, 3.0; 6
-6.0, -1.0, 3.0; 20
-5.0, -1.0, 3.0; 7
-4.0, -1.0, 3.0; 4
-3.0, -1.0, 3.0; 5
-2.0, -1.0, 3.0; 3
-1.0, -1.0, 3.0; 1
1.0, -1.0, 3.0; 9
2.0, -1.0, 3.0; 5
3.0, -1.0, 3.0; 1
6.0, -1.0, 3.0; 1
-10.0, 0.0, 3.0; 5
-9.0, 0.0, 3.0; 8
-8.0, 0.0, 3.0; 3
-7.0, 0.0, 3.0; 4
-6.0, 0.0, 3.0; 6
-5.0, 0.0, 3.0; 12
-4.0, 0.0, 3.0; 14
-3.0, 0.0, 3.0; 5
-2.0, 0.0, 3.0; 1
2.0, 0.0, 3.0; 2
3.0, 0.0, 3.0; 1
4.0, 0.0, 3.0; 1
6.0, 0.0, 3.0; 1
-10.0, 1.0, 3.0; 3
-9.0, 1.0, 3.0; 9
-8.0, 1.0, 3.0; 10
-7.0, 1.0, 3.0; 10
-6.0, 1.0, 3.0; 6
-5.0, 1.0, 3.0; 41
-4.0, 1.0, 3.0; 126
-3.0, 1.0, 3.0; 25
-2.0, 1.0, 3.0; 4
-1.0, 1.0, 3.0; 1
2.0, 1.0, 3.0; 1
3.0, 1.0, 3.0; 1
-10.0, 2.0, 3.0; 2
-9.0, 2.0, 3.0; 9
-8.0, 2.0, 3.0; 16
-7.0, 2.0, 3.0; 12
-6.0, 2.0, 3.0; 6
-5.0, 2.0, 3.0; 20
-4.0, 2.0, 3.0; 354
-3.0, 2.0, 3.0; 146
-2.0, 2.0, 3.0; 10
-1.0, 2.0, 3.0; 3
0.0, 2.0, 3.0; 1
1.0, 2.0, 3.0; 3
2.0, 2.0, 3.0; 6
3.0, 2.0, 3.0; 2
4.0, 2.0, 3.0; 1
6.0, 2.0, 3.0; 2
-9.0, 3.0, 3.0; 5
-8.0, 3.0, 3.0; 15
-7.0, 3.0, 3.0; 19
-6.0, 3.0, 3.0; 13
-5.0, 3.0, 3.0; 8
-4.0, 3.0, 3.0; 25
-3.0, 3.0, 3.0; 46
-2.0, 3.0, 3.0; 23
-1.0, 3.0, 3.0; 9
0.0, 3.0, 3.0; 5
1.0, 3.0, 3.0; 8
2.0, 3.0, 3.0; 3
3.0, 3.0, 3.0; 2
4.0, 3.0, 3.0; 1
5.0, 3.0, 3.0; 1
6.0, 3.0, 3.0; 1
7.0, 3.0, 3.0; 2
-8.0, 4.0, 3.0; 10
-7.0, 4.0, 3.0; 16
-6.0, 4.0, 3.0; 10
-5.0, 4.0, 3.0; 13
-4.0, 4.0, 3.0; 6
-3.0, 4.0, 3.0; 4
-2.0, 4.0, 3.0; 15
-1.0, 4.0, 3.0; 15
0.0, 4.0, 3.0; 5
1.0, 4.0, 3.0; 3
2.0, 4.0, 3.0; 2
3.0, 4.0, 3.0; 1
4.0, 4.0, 3.0; 1
6.0, 4.0, 3.0; 1
8.0, 4.0, 3.0; 1
-8.0, 5.0, 3.0; 29
-7.0, 5.0, 3.0; 17
-6.0, 5.0, 3.0; 13
-5.0, 5.0, 3.0; 8
-4.0, 5.0, 3.0; 4
-3.0, 5.0, 3.0; 6
-2.0, 5.0, 3.0; 1
-1.0, 5.0, 3.0; 1
2.0, 5.0, 3.0; 3
3.0, 5.0, 3.0; 5
4.0, 5.0, 3.0; 4
-8.0, 6.0, 3.0; 1
-7.0, 6.0, 3.0; 8
-6.0, 6.0, 3.0; 7
-5.0, 6.0, 3.0; 11
-4.0, 6.0, 3.0; 11
-3.0, 6.0, 3.0; 6
-2.0, 6.0, 3.0; 3
-1.0, 6.0, 3.0; 3
0.0, 6.0, 3.0; 5
1.0, 6.0, 3.0; 3
2.0, 6.0, 3.0; 2
3.0, 6.0, 3.0; 1
4.0, 6.0, 3.0; 2
5.0, 6.0, 3.0; 2
-7.0, 7.0, 3.0; 1
-6.0, 7.0, 3.0; 5
-5.0, 7.0, 3.0; 17
-4.0, 7.0, 3.0; 17
-3.0, 7.0, 3.0; 9
-2.0, 7.0, 3.0; 6
-1.0, 7.0, 3.0; 5
0.0, 7.0, 3.0; 5
1.0, 7.0, 3.0; 4
2.0, 7.0, 3.0; 3
3.0, 7.0, 3.0; 1
5.0, 7.0, 3.0; 1
-5.0, 8.0, 3.0; 13
-4.0, 8.0, 3.0; 31
-3.0, 8.0, 3.0; 52
-2.0, 8.0, 3.0; 46
-1.0, 8.0, 3.0; 20
0.0, 8.0, 3.0; 14
1.0, 8.0, 3.0; 4
2.0, 8.0, 3.0; 2
3.0, 8.0, 3.0; 1
-3.0, 9.0, 3.0; 8
-2.0, 9.0, 3.0; 12
-1.0, 9.0, 3.0; 3
0.0, 9.0, 3.0; 5
-4.0, -9.0, 4.0; 2
-3.0, -9.0, 4.0; 2
-2.0, -9.0, 4.0; 1
-1.0, -9.0, 4.0; 3
1.0, -9.0, 4.0; 1
-6.0, -8.0, 4.0; 1
-5.0, -8.0, 4.0; 8
-4.0, -8.0, 4.0; 12
-3.0, -8.0, 4.0; 15
-2.0, -8.0, 4.0; 9
-1.0, -8.0, 4.0; 4
0.0, -8.0, 4.0; 4
2.0, -8.0, 4.0; 1
3.0, -8.0, 4.0; 1
-7.0, -7.0, 4.0; 3
-6.0, -7.0, 4.0; 21
-5.0, -7.0, 4.0; 24
-4.0, -7.0, 4.0; 17
-3.0, -7.0, 4.0; 6
-2.0, -7.0, 4.0; 5
-1.0, -7.0, 4.0; 5
0.0, -7.0, 4.0; 7
1.0, -7.0, 4.0; 1
2.0, -7.0, 4.0; 3
3.0, -7.0, 4.0; 2
4.0, -7.0, 4.0; 1
5.0, -7.0, 4.0; 1
-8.0, -6.0, 4.0; 2
-7.0, -6.0, 4.0; 10
-6.0, -6.0, 4.0; 10
-5.0, -6.0, 4.0; 19
-4.0, -6.0, 4.0; 14
-3.0, -6.0, 4.0; 5
-2.0, -6.0, 4.0; 4
-1.0, -6.0, 4.0; 6
0.0, -6.0, 4.0; 2
1.0, -6.0, 4.0; 1
3.0, -6.0, 4.0; 1
5.0, -6.0, 4.0; 1
6.0, -6.0, 4.0; 1
-8.0, -5.0, 4.0; 4
-7.0, -5.0, 4.0; 6
-6.0, -5.0, 4.0; 8
-5.0, -5.0, 4.0; 18
-4.0, -5.0, 4.0; 11
-3.0, -5.0, 4.0; 11
-2.0, -5.0, 4.0; 10
-1.0, -5.0, 4.0; 14
0.0, -5.0, 4.0; 6
1.0, -5.0, 4.0; 3
3.0, -5.0, 4.0; 1
-9.0, -4.0, 4.0; 1
-8.0, -4.0, 4.0; 5
-7.0, -4.0, 4.0; 11
-6.0, -4.0, 4.0; 12
-5.0, -4.0, 4.0; 14
-4.0, -4.0, 4.0; 14
-3.0, -4.0, 4.0; 11
-2.0, -4.0, 4.0; 8
-1.0, -4.0, 4.0; 4
0.0, -4.0, 4.0; 5
1.0, -4.0, 4.0; 3
2.0, -4.0, 4.0; 1
3.0, -4.0, 4.0; 1
4.0, -4.0, 4.0; 1
-9.0, -3.0, 4.0; 3
-8.0, -3.0, 4.0; 3
-7.0, -3.0, 4.0; 7
-6.0, -3.0, 4.0; 11
-5.0, -3.0, 4.0; 26
-4.0, -3.0, 4.0; 20
-3.0, -3.0, 4.0; 7
-2.0, -3.0, 4.0; 8
-1.0, -3.0, 4.0; 15
0.0, -3.0, 4.0; 6
1.0, -3.0, 4.0; 3
4.0, -3.0, 4.0; 1
-9.0, -2.0, 4.0; 3
-8.0, -2.0, 4.0; 5
-7.0, -2.0, 4.0; 5
-6.0, -2.0, 4.0; 10
-5.0, -2.0, 4.0; 31
-4.0, -2.0, 4.0; 36
-3.0, -2.0, 4.0; 29
-2.0, -2.0, 4.0; 11
-1.0, -2.0, 4.0; 27
0.0, -2.0, 4.0; 23
1.0, -2.0, 4.0; 3
2.0, -2.0, 4.0; 2
3.0, -2.0, 4.0; 1
4.0, -2.0, 4.0; 1
-9.0, -1.0, 4.0; 6
-8.0, -1.0, 4.0; 6
-7.0, -1.0, 4.0; 6
-6.0, -1.0, 4.0; 15
-5.0, -1.0, 4.0; 12
-4.0, -1.0, 4.0; 20
-3.0, -1.0, 4.0; 31
-2.0, -1.0, 4.0; 32
-1.0, -1.0, 4.0; 35
0.0, -1.0, 4.0; 30
1.0, -1.0, 4.0; 14
2.0, -1.0, 4.0; 1
3.0, -1.0, 4.0; 1
-9.0, 0.0, 4.0; 8
-8.0, 0.0, 4.0; 10
-7.0, 0.0, 4.0; 4
-6.0, 0.0, 4.0; 4
-5.0, 0.0, 4.0; 9
-4.0, 0.0, 4.0; 7
-3.0, 0.0, 4.0; 7
-2.0, 0.0, 4.0; 13
-1.0, 0.0, 4.0; 4
0.0, 0.0, 4.0; 6
1.0, 0.0, 4.0; 3
3.0, 0.0, 4.0; 1
4.0, 0.0, 4.0; 1
-9.0, 1.0, 4.0; 9
-8.0, 1.0, 4.0; 10
-7.0, 1.0, 4.0; 13
-6.0, 1.0, 4.0; 3
-5.0, 1.0, 4.0; 5
-4.0, 1.0, 4.0; 9
-3.0, 1.0, 4.0; 7
-2.0, 1.0, 4.0; 12
-1.0, 1.0, 4.0; 2
0.0, 1.0, 4.0; 9
1.0, 1.0, 4.0; 4
2.0, 1.0, 4.0; 2
3.0, 1.0, 4.0; 2
4.0, 1.0, 4.0; 2
-9.0, 2.0, 4.0; 5
-8.0, 2.0, 4.0; 9
-7.0, 2.0, 4.0; 3
-6.0, 2.0, 4.0; 7
-5.0, 2.0, 4.0; 7
-4.0, 2.0, 4.0; 6
-3.0, 2.0, 4.0; 6
-2.0, 2.0, 4.0; 3
-1.0, 2.0, 4.0; 7
0.0, 2.0, 4.0; 39
1.0, 2.0, 4.0; 32
2.0, 2.0, 4.0; 5
-9.0, 3.0, 4.0; 2
-8.0, 3.0, 4.0; 10
-7.0, 3.0, 4.0; 12
-6.0, 3.0, 4.0; 9
-5.0, 3.0, 4.0; 6
-4.0, 3.0, 4.0; 5
-3.0, 3.0, 4.0; 1
-2.0, 3.0, 4.0; 8
-1.0, 3.0, 4.0; 7
0.0, 3.0, 4.0; 9
1.0, 3.0, 4.0; 12
2.0, 3.0, 4.0; 2
-8.0, 4.0, 4.0; 5
-7.0, 4.0, 4.0; 7
-6.0, 4.0, 4.0; 6
-5.0, 4.0, 4.0; 4
-4.0, 4.0, 4.0; 5
-3.0, 4.0, 4.0; 2
-2.0, 4.0, 4.0; 1
-1.0, 4.0, 4.0; 2
0.0, 4.0, 4.0; 1
1.0, 4.0, 4.0; 3
2.0, 4.0, 4.0; 1
3.0, 4.0, 4.0; 1
6.0, 4.0, 4.0; 2
-8.0, 5.0, 4.0; 6
-7.0, 5.0, 4.0; 18
-6.0, 5.0, 4.0; 11
-5.0, 5.0, 4.0; 9
-4.0, 5.0, 4.0; 8
-3.0, 5.0, 4.0; 4
-2.0, 5.0, 4.0; 2
-1.0, 5.0, 4.0; 3
1.0, 5.0, 4.0; 2
2.0, 5.0, 4.0; 1
3.0, 5.0, 4.0; 1
4.0, 5.0, 4.0; 1
-7.0, 6.0, 4.0; 4
-6.0, 6.0, 4.0; 11
-5.0, 6.0, 4.0; 5
-4.0, 6.0, 4.0; 13
-3.0, 6.0, 4.0; 10
-2.0, 6.0, 4.0; 5
-1.0, 6.0, 4.0; 2
0.0, 6.0, 4.0; 4
1.0, 6.0, 4.0; 1
2.0, 6.0, 4.0; 4
3.0, 6.0, 4.0; 1
4.0, 6.0, 4.0; 1
6.0, 6.0, 4.0; 1
-6.0, 7.0, 4.0; 1
-5.0, 7.0, 4.0; 14
-4.0, 7.0, 4.0; 16
-3.0, 7.0, 4.0; 12
-2.0, 7.0, 4.0; 5
-1.0, 7.0, 4.0; 6
0.0, 7.0, 4.0; 6
1.0, 7.0, 4.0; 3
-5.0, 8.0, 4.0; 1
-4.0, 8.0, 4.0; 5
-3.0, 8.0, 4.0; 13
-2.0, 8.0, 4.0; 12
-1.0, 8.0, 4.0; 9
0.0, 8.0, 4.0; 5
2.0, 8.0, 4.0; 1
3.0, 8.0, 4.0; 1
-1.0, 9.0, 4.0; 1
-4.0, -8.0, 5.0; 3
-3.0, -8.0, 5.0; 1
-1.0, -8.0, 5.0; 2
0.0, -8.0, 5.0; 1
2.0, -8.0, 5.0; 1
3.0, -8.0, 5.0; 1
-5.0, -7.0, 5.0; 4
-4.0, -7.0, 5.0; 10
-3.0, -7.0, 5.0; 4
-2.0, -7.0, 5.0; 7
2.0, -7.0, 5.0; 2
3.0, -7.0, 5.0; 1
4.0, -7.0, 5.0; 1
-7.0, -6.0, 5.0; 2
-6.0, -6.0, 5.0; 2
-5.0, -6.0, 5.0; 10
-4.0, -6.0, 5.0; 8
-3.0, -6.0, 5.0; 10
-2.0, -6.0, 5.0; 4
-1.0, -6.0, 5.0; 2
0.0, -6.0, 5.0; 2
1.0, -6.0, 5.0; 1
2.0, -6.0, 5.0; 1
-7.0, -5.0, 5.0; 2
-6.0, -5.0, 5.0; 3
-5.0, -5.0, 5.0; 10
-4.0, -5.0, 5.0; 6
-3.0, -5.0, 5.0; 6
-2.0, -5.0, 5.0; 3
-1.0, -5.0, 5.0; 3
0.0, -5.0, 5.0; 3
2.0, -5.0, 5.0; 1
4.0, -5.0, 5.0; 1
5.0, -5.0, 5.0; 1
-8.0, -4.0, 5.0; 2
-7.0, -4.0, 5.0; 5
-6.0, -4.0, 5.0; 8
-5.0, -4.0, 5.0; 8
-4.0, -4.0, 5.0; 2
-3.0, -4.0, 5.0; 11
-2.0, -4.0, 5.0; 9
-1.0, -4.0, 5.0; 8
0.0, -4.0, 5.0; 4
-8.0, -3.0, 5.0; 2
-7.0, -3.0, 5.0; 4
-6.0, -3.0, 5.0; 3
-5.0, -3.0, 5.0; 3
-4.0, -3.0, 5.0; 3
-3.0, -3.0, 5.0; 1
-2.0, -3.0, 5.0; 4
-1.0, -3.0, 5.0; 11
0.0, -3.0, 5.0; 6
1.0, -3.0, 5.0; 2
2.0, -3.0, 5.0; 1
-9.0, -2.0, 5.0; 1
-8.0, -2.0, 5.0; 5
-7.0, -2.0, 5.0; 5
-6.0, -2.0, 5.0; 4
-5.0, -2.0, 5.0; 1
-4.0, -2.0, 5.0; 1
-3.0, -2.0, 5.0; 2
-2.0, -2.0, 5.0; 7
-1.0, -2.0, 5.0; 6
0.0, -2.0, 5.0; 3
1.0, -2.0, 5.0; 7
2.0, -2.0, 5.0; 2
3.0, -2.0, 5.0; 1
4.0, -2.0, 5.0; 1
-9.0, -1.0, 5.0; 1
-8.0, -1.0, 5.0; 11
-7.0, -1.0, 5.0; 3
-6.0, -1.0, 5.0; 7
-5.0, -1.0, 5.0; 3
-4.0, -1.0, 5.0; 2
-3.0, -1.0, 5.0; 1
-2.0, -1.0, 5.0; 2
-1.0, -1.0, 5.0; 2
0.0, -1.0, 5.0; 4
1.0, -1.0, 5.0; 6
2.0, -1.0, 5.0; 1
4.0, -1.0, 5.0; 1
6.0, -1.0, 5.0; 1
-9.0, 0.0, 5.0; 1
-8.0, 0.0, 5.0; 10
-7.0, 0.0, 5.0; 9
-6.0, 0.0, 5.0; 2
-5.0, 0.0, 5.0; 3
-4.0, 0.0, 5.0; 3
-3.0, 0.0, 5.0; 5
-2.0, 0.0, 5.0; 2
-1.0, 0.0, 5.0; 2
0.0, 0.0, 5.0; 2
1.0, 0.0, 5.0; 2
2.0, 0.0, 5.0; 2
3.0, 0.0, 5.0; 1
4.0, 0.0, 5.0; 1
-9.0, 1.0, 5.0; 3
-8.0, 1.0, 5.0; 7
-7.0, 1.0, 5.0; 10
-6.0, 1.0, 5.0; 4
-5.0, 1.0, 5.0; 6
-4.0, 1.0, 5.0; 2
-3.0, 1.0, 5.0; 3
-2.0, 1.0, 5.0; 4
-1.0, 1.0, 5.0; 2
0.0, 1.0, 5.0; 3
6.0, 1.0, 5.0; 1
-9.0, 2.0, 5.0; 1
-8.0, 2.0, 5.0; 14
-7.0, 2.0, 5.0; 8
-6.0, 2.0, 5.0; 8
-5.0, 2.0, 5.0; 4
-4.0, 2.0, 5.0; 4
-3.0, 2.0, 5.0; 2
-2.0, 2.0, 5.0; 6
-1.0, 2.0, 5.0; 12
0.0, 2.0, 5.0; 13
1.0, 2.0, 5.0; 3
2.0, 2.0, 5.0; 2
3.0, 2.0, 5.0; 1
4.0, 2.0, 5.0; 1
5.0, 2.0, 5.0; 1
-8.0, 3.0, 5.0; 7
-7.0, 3.0, 5.0; 13
-6.0, 3.0, 5.0; 7
-5.0, 3.0, 5.0; 3
-4.0, 3.0, 5.0; 2
-3.0, 3.0, 5.0; 2
-2.0, 3.0, 5.0; 3
-1.0, 3.0, 5.0; 3
0.0, 3.0, 5.0; 2
1.0, 3.0, 5.0; 1
3.0, 3.0, 5.0; 2
-8.0, 4.0, 5.0; 1
-7.0, 4.0, 5.0; 6
-6.0, 4.0, 5.0; 6
-5.0, 4.0, 5.0; 8
-4.0, 4.0, 5.0; 2
-3.0, 4.0, 5.0; 5
-2.0, 4.0, 5.0; 5
-1.0, 4.0, 5.0; 2
0.0, 4.0, 5.0; 1
1.0, 4.0, 5.0; 3
2.0, 4.0, 5.0; 1
3.0, 4.0, 5.0; 2
-7.0, 5.0, 5.0; 3
-6.0, 5.0, 5.0; 8
-5.0, 5.0, 5.0; 5
-4.0, 5.0, 5.0; 10
-3.0, 5.0, 5.0; 7
-2.0, 5.0, 5.0; 7
-1.0, 5.0, 5.0; 4
0.0, 5.0, 5.0; 2
1.0, 5.0, 5.0; 3
2.0, 5.0, 5.0; 1
3.0, 5.0, 5.0; 1
-5.0, 6.0, 5.0; 10
-4.0, 6.0, 5.0; 6
-3.0, 6.0, 5.0; 5
-2.0, 6.0, 5.0; 9
-1.0, 6.0, 5.0; 2
0.0, 6.0, 5.0; 1
2.0, 6.0, 5.0; 1
-5.0, 7.0, 5.0; 2
-4.0, 7.0, 5.0; 3
-3.0, 7.0, 5.0; 5
-2.0, 7.0, 5.0; 5
-1.0, 7.0, 5.0; 4
0.0, 7.0, 5.0; 2
3.0, 7.0, 5.0; 1
-1.0, -8.0, 6.0; 2
-5.0, -7.0, 6.0; 1
-4.0, -7.0, 6.0; 1
-3.0, -7.0, 6.0; 3
-2.0, -7.0, 6.0; 2
-1.0, -7.0, 6.0; 2
0.0, -7.0, 6.0; 1
2.0, -7.0, 6.0; 2
3.0, -7.0, 6.0; 1
-6.0, -6.0, 6.0; 2
-5.0, -6.0, 6.0; 5
-3.0, -6.0, 6.0; 4
-2.0, -6.0, 6.0; 3
-1.0, -6.0, 6.0; 1
0.0, -6.0, 6.0; 1
1.0, -6.0, 6.0; 2
2.0, -6.0, 6.0; 2
3.0, -6.0, 6.0; 2
-7.0, -5.0, 6.0; 1
-6.0, -5.0, 6.0; 6
-5.0, -5.0, 6.0; 2
-4.0, -5.0, 6.0; 3
-3.0, -5.0, 6.0; 4
-2.0, -5.0, 6.0; 3
-1.0, -5.0, 6.0; 3
1.0, -5.0, 6.0; 3
-7.0, -4.0, 6.0; 4
-6.0, -4.0, 6.0; 4
-5.0, -4.0, 6.0; 1
-4.0, -4.0, 6.0; 2
-3.0, -4.0, 6.0; 3
-2.0, -4.0, 6.0; 5
-1.0, -4.0, 6.0; 1
2.0, -4.0, 6.0; 2
-8.0, -3.0, 6.0; 2
-7.0, -3.0, 6.0; 4
-6.0, -3.0, 6.0; 1
-5.0, -3.0, 6.0; 3
-4.0, -3.0, 6.0; 3
-3.0, -3.0, 6.0; 1
-2.0, -3.0, 6.0; 7
0.0, -3.0, 6.0; 6
2.0, -3.0, 6.0; 2
-8.0, -2.0, 6.0; 8
-7.0, -2.0, 6.0; 6
-6.0, -2.0, 6.0; 2
-5.0, -2.0, 6.0; 2
-4.0, -2.0, 6.0; 3
-3.0, -2.0, 6.0; 2
-2.0, -2.0, 6.0; 2
-1.0, -2.0, 6.0; 1
0.0, -2.0, 6.0; 2
-8.0, -1.0, 6.0; 1
-7.0, -1.0, 6.0; 3
-5.0, -1.0, 6.0; 4
-4.0, -1.0, 6.0; 2
-3.0, -1.0, 6.0; 1
-2.0, -1.0, 6.0; 4
-1.0, -1.0, 6.0; 3
1.0, -1.0, 6.0; 2
5.0, -1.0, 6.0; 2
-8.0, 0.0, 6.0; 4
-7.0, 0.0, 6.0; 8
-6.0, 0.0, 6.0; 5
-5.0, 0.0, 6.0; 4
-4.0, 0.0, 6.0; 1
-3.0, 0.0, 6.0; 2
-1.0, 0.0, 6.0; 2
0.0, 0.0, 6.0; 1
1.0, 0.0, 6.0; 2
2.0, 0.0, 6.0; 1
3.0, 0.0, 6.0; 1
5.0, 0.0, 6.0; 1
-8.0, 1.0, 6.0; 2
-7.0, 1.0, 6.0; 4
-6.0, 1.0, 6.0; 1
-5.0, 1.0, 6.0; 3
-4.0, 1.0, 6.0; 2
-3.0, 1.0, 6.0; 2
-2.0, 1.0, 6.0; 1
-1.0, 1.0, 6.0; 2
0.0, 1.0, 6.0; 2
3.0, 1.0, 6.0; 1
-8.0, 2.0, 6.0; 5
-7.0, 2.0, 6.0; 8
-6.0, 2.0, 6.0; 8
-5.0, 2.0, 6.0; 2
-4.0, 2.0, 6.0; 3
-3.0, 2.0, 6.0; 3
-1.0, 2.0, 6.0; 1
2.0, 2.0, 6.0; 3
-7.0, 3.0, 6.0; 5
-6.0, 3.0, 6.0; 4
-5.0, 3.0, 6.0; 8
-4.0, 3.0, 6.0; 4
-3.0, 3.0, 6.0; 9
-2.0, 3.0, 6.0; 2
0.0, 3.0, 6.0; 3
4.0, 3.0, 6.0; 1
-6.0, 4.0, 6.0; 3
-5.0, 4.0, 6.0; 3
-4.0, 4.0, 6.0; 2
-3.0, 4.0, 6.0; 1
-2.0, 4.0, 6.0; 3
0.0, 4.0, 6.0; 1
1.0, 4.0, 6.0; 1
5.0, 4.0, 6.0; 1
-6.0, 5.0, 6.0; 2
-5.0, 5.0, 6.0; 3
-4.0, 5.0, 6.0; 3
-3.0, 5.0, 6.0; 2
-2.0, 5.0, 6.0; 1
-1.0, 5.0, 6.0; 3
0.0, 5.0, 6.0; 2
1.0, 5.0, 6.0; 1
3.0, 5.0, 6.0; 2
-5.0, 6.0, 6.0; 2
-4.0, 6.0, 6.0; 2
-3.0, 6.0, 6.0; 2
-2.0, 6.0, 6.0; 4
-1.0, 6.0, 6.0; 2
0.0, 6.0, 6.0; 2
-1.0, 7.0, 6.0; 2
0.0, 7.0, 6.0; 2
-2.0, -7.0, 7.0; 1
-1.0, -7.0, 7.0; 2
0.0, -7.0, 7.0; 1
-4.0, -6.0, 7.0; 2
-3.0, -6.0, 7.0; 5
-2.0, -6.0, 7.0; 3
-1.0, -6.0, 7.0; 1
1.0, -6.0, 7.0; 2
2.0, -6.0, 7.0; 1
-5.0, -5.0, 7.0; 3
-4.0, -5.0, 7.0; 2
-3.0, -5.0, 7.0; 3
-2.0, -5.0, 7.0; 2
-1.0, -5.0, 7.0; 2
0.0, -5.0, 7.0; 1
2.0, -5.0, 7.0; 1
3.0, -5.0, 7.0; 1
-6.0, -4.0, 7.0; 8
-5.0, -4.0, 7.0; 4
-4.0, -4.0, 7.0; 2
-3.0, -4.0, 7.0; 2
-2.0, -4.0, 7.0; 1
-1.0, -4.0, 7.0; 2
-7.0, -3.0, 7.0; 1
-6.0, -3.0, 7.0; 3
-5.0, -3.0, 7.0; 7
-4.0, -3.0, 7.0; 5
-2.0, -3.0, 7.0; 1
-7.0, -2.0, 7.0; 4
-6.0, -2.0, 7.0; 3
-5.0, -2.0, 7.0; 2
-4.0, -2.0, 7.0; 3
-3.0, -2.0, 7.0; 5
-2.0, -2.0, 7.0; 1
-1.0, -2.0, 7.0; 1
0.0, -2.0, 7.0; 1
4.0, -2.0, 7.0; 1
-7.0, -1.0, 7.0; 2
-6.0, -1.0, 7.0; 5
-5.0, -1.0, 7.0; 3
-3.0, -1.0, 7.0; 1
-2.0, -1.0, 7.0; 4
2.0, -1.0, 7.0; 1
-7.0, 0.0, 7.0; 2
-6.0, 0.0, 7.0; 7
-5.0, 0.0, 7.0; 2
-4.0, 0.0, 7.0; 1
-3.0, 0.0, 7.0; 2
0.0, 0.0, 7.0; 1
-7.0, 1.0, 7.0; 2
-6.0, 1.0, 7.0; 1
-5.0, 1.0, 7.0; 2
-3.0, 1.0, 7.0; 2
-1.0, 1.0, 7.0; 2
0.0, 1.0, 7.0; 1
2.0, 1.0, 7.0; 1
-7.0, 2.0, 7.0; 2
-6.0, 2.0, 7.0; 2
-5.0, 2.0, 7.0; 3
-4.0, 2.0, 7.0; 3
-3.0, 2.0, 7.0; 2
-2.0, 2.0, 7.0; 1
-1.0, 2.0, 7.0; 2
1.0, 2.0, 7.0; 2
-6.0, 3.0, 7.0; 1
-5.0, 3.0, 7.0; 2
-3.0, 3.0, 7.0; 5
-2.0, 3.0, 7.0; 4
0.0, 3.0, 7.0; 1
-5.0, 4.0, 7.0; 3
-4.0, 4.0, 7.0; 2
-3.0, 4.0, 7.0; 2
-2.0, 4.0, 7.0; 3
-1.0, 4.0, 7.0; 1
0.0, 4.0, 7.0; 4
2.0, 4.0, 7.0; 1
3.0, 4.0, 7.0; 1
4.0, 4.0, 7.0; 1
-3.0, 5.0, 7.0; 2
-1.0, 5.0, 7.0; 1
0.0, 5.0, 7.0; 1
-1.0, 6.0, 7.0; 2
0.0, 6.0, 7.0; 2
-2.0, -6.0, 8.0; 1
-3.0, -5.0, 8.0; 2
-1.0, -5.0, 8.0; 1
3.0, -5.0, 8.0; 1
-5.0, -4.0, 8.0; 1
-4.0, -4.0, 8.0; 2
-3.0, -4.0, 8.0; 3
-1.0, -4.0, 8.0; 1
1.0, -4.0, 8.0; 1
-5.0, -3.0, 8.0; 3
-4.0, -3.0, 8.0; 3
-3.0, -3.0, 8.0; 2
-2.0, -3.0, 8.0; 2
1.0, -3.0, 8.0; 1
3.0, -3.0, 8.0; 1
-6.0, -2.0, 8.0; 1
1.0, -2.0, 8.0; 2
2.0, -2.0, 8.0; 2
-6.0, -1.0, 8.0; 1
-5.0, -1.0, 8.0; 2
-4.0, -1.0, 8.0; 2
-1.0, -1.0, 8.0; 3
0.0, -1.0, 8.0; 1
2.0, -1.0, 8.0; 1
3.0, -1.0, 8.0; 1
-6.0, 0.0, 8.0; 2
-5.0, 0.0, 8.0; 1
-2.0, 0.0, 8.0; 1
1.0, 0.0, 8.0; 1
-6.0, 1.0, 8.0; 2
-5.0, 1.0, 8.0; 4
-4.0, 1.0, 8.0; 2
-2.0, 1.0, 8.0; 1
-1.0, 1.0, 8.0; 1
0.0, 1.0, 8.0; 1
-5.0, 2.0, 8.0; 2
-1.0, 2.0, 8.0; 2
0.0, 2.0, 8.0; 1
-5.0, 3.0, 8.0; 1
-4.0, 3.0, 8.0; 1
-3.0, 3.0, 8.0; 1
-2.0, 3.0, 8.0; 1
-1.0, 3.0, 8.0; 1
-4.0, 4.0, 8.0; 1
-1.0, 4.0, 8.0; 1
1.0, 4.0, 8.0; 1
-1.0, -4.0, 9.0; 1
-3.0, -3.0, 9.0; 1
-2.0, -2.0, 9.0; 1
-3.0, -1.0, 9.0; 1
0.0, -1.0, 9.0; 1
1.0, -1.0, 9.0; 1
-5.0, 0.0, 9.0; 1
-4.0, 0.0, 9.0; 1
-3.0, 0.0, 9.0; 2
-2.0, 0.0, 9.0; 1
-4.0, 1.0, 9.0; 1
-3.0, 1.0, 9.0; 1
-2.0, 1.0, 9.0; 2
-4.0, 2.0, 9.0; 1
-2.0, -4.0, -10.0; 4
0.0, -4.0, -10.0; 2
1.0, -4.0, -10.0; 1
-3.0, -3.0, -10.0; 4
-2.0, -3.0, -10.0; 8
-1.0, -3.0, -10.0; 7
0.0, -3.0, -10.0; 2
1.0, -3.0, -10.0; 1
2.0, -3.0, -10.0; 2
-4.0, -2.0, -10.0; 2
-3.0, -2.0, -10.0; 7
-2.0, -2.0, -10.0; 7
-1.0, -2.0, -10.0; 4
0.0, -2.0, -10.0; 3
1.0, -2.0, -10.0; 4
2.0, -2.0, -10.0; 1
-5.0, -1.0, -10.0; 1
-4.0, -1.0, -10.0; 5
-3.0, -1.0, -10.0; 5
-2.0, -1.0, -10.0; 7
-1.0, -1.0, -10.0; 4
0.0, -1.0, -10.0; 5
1.0, -1.0, -10.0; 4
3.0, -1.0, -10.0; 2
-4.0, 0.0, -10.0; 5
-3.0, 0.0, -10.0; 9
-2.0, 0.0, -10.0; 4
-1.0, 0.0, -10.0; 6
0.0, 0.0, -10.0; 4
1.0, 0.0, -10.0; 4
-4.0, 1.0, -10.0; 1
-3.0, 1.0, -10.0; 9
-2.0, 1.0, -10.0; 4
-1.0, 1.0, -10.0; 8
0.0, 1.0, -10.0; 4
2.0, 1.0, -10.0; 1
3.0, 1.0, -10.0; 1
-3.0, 2.0, -10.0; 2
-2.0, 2.0, -10.0; 1
-1.0, 2.0, -10.0; 2
1.0, 2.0, -10.0; 1
2.0, 2.0, -10.0; 2
3.0, 2.0, -10.0; 1
0.0, 3.0, -10.0; 1
1.0, 3.0, -10.0; 1
-3.0, -6.0, -9.0; 1
-1.0, -6.0, -9.0; 2
0.0, -6.0, -9.0; 2
1.0, -6.0, -9.0; 1
2.0, -6.0, -9.0; 1
-2.0, -5.0, -9.0; 7
-1.0, -5.0, -9.0; 4
0.0, -5.0, -9.0; 4
1.0, -5.0, -9.0; 1
2.0, -5.0, -9.0; 1
-5.0, -4.0, -9.0; 2
-4.0, -4.0, -9.0; 10
-3.0, -4.0, -9.0; 6
-2.0, -4.0, -9.0; 5
-1.0, -4.0, -9.0; 4
0.0, -4.0, -9.0; 7
1.0, -4.0, -9.0; 14
2.0, -4.0, -9.0; 4
3.0, -4.0, -9.0; 1
-5.0, -3.0, -9.0; 3
-4.0, -3.0, -9.0; 7
-3.0, -3.0, -9.0; 10
-2.0, -3.0, -9.0; 4
-1.0, -3.0, -9.0; 3
0.0, -3.0, -9.0; 6
1.0, -3.0, -9.0; 5
2.0, -3.0, -9.0; 4
3.0, -3.0, -9.0; 2
-6.0, -2.0, -9.0; 4
-5.0, -2.0, -9.0; 8
-4.0, -2.0, -9.0; 6
-3.0, -2.0, -9.0; 7
-2.0, -2.0, -9.0; 6
-1.0, -2.0, -9.0; 5
0.0, -2.0, -9.0; 14
1.0, -2.0, -9.0; 15
2.0, -2.0, -9.0; 10
3.0, -2.0, -9.0; 1
4.0, -2.0, -9.0; 1
-6.0, -1.0, -9.0; 4
-5.0, -1.0, -9.0; 11
-4.0, -1.0, -9.0; 9
-3.0, -1.0, -9.0; 8
-2.0, -1.0, -9.0; 1
-1.0, -1.0, -9.0; 6
0.0, -1.0, -9.0; 9
1.0, -1.0, -9.0; 16
2.0, -1.0, -9.0; 3
4.0, -1.0, -9.0; 2
5.0, -1.0, -9.0; 3
-6.0, 0.0, -9.0; 3
-5.0, 0.0, -9.0; 8
-4.0, 0.0, -9.0; 15
-3.0, 0.0, -9.0; 13
-2.0, 0.0, -9.0; 13
-1.0, 0.0, -9.0; 12
0.0, 0.0, -9.0; 4
1.0, 0.0, -9.0; 4
2.0, 0.0, -9.0; 2
3.0, 0.0, -9.0; 1
4.0, 0.0, -9.0; 5
5.0, 0.0, -9.0; 5
-6.0, 1.0, -9.0; 5
-5.0, 1.0, -9.0; 10
-4.0, 1.0, -9.0; 13
-3.0, 1.0, -9.0; 15
-2.0, 1.0, -9.0; 14
-1.0, 1.0, -9.0; 11
0.0, 1.0, -9.0; 6
1.0, 1.0, -9.0; 1
2.0, 1.0, -9.0; 1
3.0, 1.0, -9.0; 1
4.0, 1.0, -9.0; 12
5.0, 1.0, -9.0; 4
-6.0, 2.0, -9.0; 1
-5.0, 2.0, -9.0; 4
-4.0, 2.0, -9.0; 10
-3.0, 2.0, -9.0; 30
-2.0, 2.0, -9.0; 23
-1.0, 2.0, -9.0; 11
0.0, 2.0, -9.0; 4
2.0, 2.0, -9.0; 3
3.0, 2.0, -9.0; 5
4.0, 2.0, -9.0; 6
5.0, 2.0, -9.0; 2
-5.0, 3.0, -9.0; 3
-4.0, 3.0, -9.0; 8
-3.0, 3.0, -9.0; 9
-2.0, 3.0, -9.0; 4
-1.0, 3.0, -9.0; 10
0.0, 3.0, -9.0; 2
1.0, 3.0, -9.0; 4
2.0, 3.0, -9.0; 8
3.0, 3.0, -9.0; 1
-4.0, 4.0, -9.0; 2
-3.0, 4.0, -9.0; 1
-2.0, 4.0, -9.0; 6
-1.0, 4.0, -9.0; 5
0.0, 4.0, -9.0; 2
1.0, 4.0, -9.0; 2
-3.0, 5.0, -9.0; 1
-2.0, 5.0, -9.0; 1
-1.0, 5.0, -9.0; 2
0.0, 5.0, -9.0; 1
1.0, 5.0, -9.0; 1
2.0, 5.0, -9.0; 2
-1.0, -8.0, -8.0; 1
-3.0, -7.0, -8.0; 2
-2.0, -7.0, -8.0; 2
-1.0, -7.0, -8.0; 8
0.0, -7.0, -8.0; 8
1.0, -7.0, -8.0; 23
2.0, -7.0, -8.0; 2
-5.0, -6.0, -8.0; 2
-4.0, -6.0, -8.0; 2
-3.0, -6.0, -8.0; 4
-2.0, -6.0, -8.0; 3
-1.0, -6.0, -8.0; 4
0.0, -6.0, -8.0; 10
1.0, -6.0, -8.0; 13
2.0, -6.0, -8.0; 7
3.0, -6.0, -8.0; 2
-6.0, -5.0, -8.0; 2
-5.0, -5.0, -8.0; 6
-4.0, -5.0, -8.0; 13
-3.0, -5.0, -8.0; 12
-2.0, -5.0, -8.0; 5
-1.0, -5.0, -8.0; 5
0.0, -5.0, -8.0; 5
1.0, -5.0, -8.0; 1
2.0, -5.0, -8.0; 5
3.0, -5.0, -8.0; 6
4.0, -5.0, -8.0; 1
5.0, -5.0, -8.0; 1
-6.0, -4.0, -8.0; 6
-5.0, -4.0, -8.0; 11
-4.0, -4.0, -8.0; 24
-3.0, -4.0, -8.0; 10
-2.0, -4.0, -8.0; 5
-1.0, -4.0, -8.0; 4
0.0, -4.0, -8.0; 1
1.0, -4.0, -8.0; 1
2.0, -4.0, -8.0; 2
3.0, -4.0, -8.0; 3
4.0, -4.0, -8.0; 5
5.0, -4.0, -8.0; 1
-6.0, -3.0, -8.0; 7
-5.0, -3.0, -8.0; 35
-4.0, -3.0, -8.0; 53
-3.0, -3.0, -8.0; 25
-2.0, -3.0, -8.0; 9
-1.0, -3.0, -8.0; 4
0.0, -3.0, -8.0; 2
1.0, -3.0, -8.0; 3
2.0, -3.0, -8.0; 7
3.0, -3.0, -8.0; 8
-7.0, -2.0, -8.0; 4
-6.0, -2.0, -8.0; 9
-5.0, -2.0, -8.0; 73
-4.0, -2.0, -8.0; 145
-3.0, -2.0, -8.0; 27
-2.0, -2.0, -8.0; 9
-1.0, -2.0, -8.0; 7
0.0, -2.0, -8.0; 5
1.0, -2.0, -8.0; 2
2.0, -2.0, -8.0; 9
3.0, -2.0, -8.0; 10
6.0, -2.0, -8.0; 1
-7.0, -1.0, -8.0; 6
-6.0, -1.0, -8.0; 10
-5.0, -1.0, -8.0; 36
-4.0, -1.0, -8.0; 102
-3.0, -1.0, -8.0; 44
-2.0, -1.0, -8.0; 13
-1.0, -1.0, -8.0; 5
0.0, -1.0, -8.0; 3
1.0, -1.0, -8.0; 6
2.0, -1.0, -8.0; 27
3.0, -1.0, -8.0; 9
4.0, -1.0, -8.0; 1
5.0, -1.0, -8.0; 2
6.0, -1.0, -8.0; 6
-7.0, 0.0, -8.0; 15
-6.0, 0.0, -8.0; 27
-5.0, 0.0, -8.0; 31
-4.0, 0.0, -8.0; 15
-3.0, 0.0, -8.0; 10
-2.0, 0.0, -8.0; 4
-1.0, 0.0, -8.0; 9
0.0, 0.0, -8.0; 4
1.0, 0.0, -8.0; 22
2.0, 0.0, -8.0; 18
3.0, 0.0, -8.0; 5
4.0, 0.0, -8.0; 1
5.0, 0.0, -8.0; 10
6.0, 0.0, -8.0; 14
7.0, 0.0, -8.0; 1
-7.0, 1.0, -8.0; 6
-6.0, 1.0, -8.0; 35
-5.0, 1.0, -8.0; 34
-4.0, 1.0, -8.0; 19
-3.0, 1.0, -8.0; 22
-2.0, 1.0, -8.0; 13
-1.0, 1.0, -8.0; 8
0.0, 1.0, -8.0; 6
1.0, 1.0, -8.0; 6
2.0, 1.0, -8.0; 2
3.0, 1.0, -8.0; 1
4.0, 1.0, -8.0; 2
5.0, 1.0, -8.0; 16
6.0, 1.0, -8.0; 14
-7.0, 2.0, -8.0; 6
-6.0, 2.0, -8.0; 11
-5.0, 2.0, -8.0; 9
-4.0, 2.0, -8.0; 19
-3.0, 2.0, -8.0; 15
-2.0, 2.0, -8.0; 5
-1.0, 2.0, -8.0; 6
0.0, 2.0, -8.0; 2
2.0, 2.0, -8.0; 6
3.0, 2.0, -8.0; 2
4.0, 2.0, -8.0; 10
5.0, 2.0, -8.0; 13
6.0, 2.0, -8.0; 3
-6.0, 3.0, -8.0; 9
-5.0, 3.0, -8.0; 14
-4.0, 3.0, -8.0; 14
-3.0, 3.0, -8.0; 13
-2.0, 3.0, -8.0; 4
-1.0, 3.0, -8.0; 6
0.0, 3.0, -8.0; 6
1.0, 3.0, -8.0; 8
2.0, 3.0, -8.0; 10
3.0, 3.0, -8.0; 2
4.0, 3.0, -8.0; 2
-6.0, 4.0, -8.0; 4
-5.0, 4.0, -8.0; 7
-4.0, 4.0, -8.0; 5
-3.0, 4.0, -8.0; 9
-2.0, 4.0, -8.0; 4
-1.0, 4.0, -8.0; 7
0.0, 4.0, -8.0; 5
1.0, 4.0, -8.0; 3
2.0, 4.0, -8.0; 2
3.0, 4.0, -8.0; 1
4.0, 4.0, -8.0; 2
-5.0, 5.0, -8.0; 1
-4.0, 5.0, -8.0; 4
-3.0, 5.0, -8.0; 4
-2.0, 5.0, -8.0; 6
-1.0, 5.0, -8.0; 5
0.0, 5.0, -8.0; 2
1.0, 5.0, -8.0; 4
2.0, 5.0, -8.0; 1
-3.0, 6.0, -8.0; 1
-2.0, 6.0, -8.0; 1
-1.0, 6.0, -8.0; 2
0.0, 6.0, -8.0; 1
1.0, 6.0, -8.0; 1
-3.0, -8.0, -7.0; 3
-2.0, -8.0, -7.0; 3
-1.0, -8.0, -7.0; 6
0.0, -8.0, -7.0; 2
1.0, -8.0, -7.0; 4
2.0, -8.0, -7.0; 1
-5.0, -7.0, -7.0; 2
-4.0, -7.0, -7.0; 5
-3.0, -7.0, -7.0; 8
-2.0, -7.0, -7.0; 17
-1.0, -7.0, -7.0; 11
0.0, -7.0, -7.0; 6
1.0, -7.0, -7.0; 4
2.0, -7.0, -7.0; 7
3.0, -7.0, -7.0; 1
-6.0, -6.0, -7.0; 2
-5.0, -6.0, -7.0; 19
-4.0, -6.0, -7.0; 29
-3.0, -6.0, -7.0; 19
-2.0, -6.0, -7.0; 11
-1.0, -6.0, -7.0; 7
0.0, -6.0, -7.0; 9
1.0, -6.0, -7.0; 12
2.0, -6.0, -7.0; 5
3.0, -6.0, -7.0; 5
-6.0, -5.0, -7.0; 19
-5.0, -5.0, -7.0; 47
-4.0, -5.0, -7.0; 24
-3.0, -5.0, -7.0; 17
-2.0, -5.0, -7.0; 9
-1.0, -5.0, -7.0; 3
0.0, -5.0, -7.0; 3
2.0, -5.0, -7.0; 4
3.0, -5.0, -7.0; 3
4.0, -5.0, -7.0; 1
-8.0, -4.0, -7.0; 1
-7.0, -4.0, -7.0; 13
-6.0, -4.0, -7.0; 40
-5.0, -4.0, -7.0; 48
-4.0, -4.0, -7.0; 9
-3.0, -4.0, -7.0; 7
-2.0, -4.0, -7.0; 5
-1.0, -4.0, -7.0; 2
0.0, -4.0, -7.0; 3
1.0, -4.0, -7.0; 4
2.0, -4.0, -7.0; 1
3.0, -4.0, -7.0; 1
4.0, -4.0, -7.0; 2
5.0, -4.0, -7.0; 2
6.0, -4.0, -7.0; 1
-8.0, -3.0, -7.0; 3
-7.0, -3.0, -7.0; 12
-6.0, -3.0, -7.0; 69
-5.0, -3.0, -7.0; 105
-4.0, -3.0, -7.0; 17
-3.0, -3.0, -7.0; 2
-2.0, -3.0, -7.0; 2
-1.0, -3.0, -7.0; 3
0.0, -3.0, -7.0; 2
3.0, -3.0, -7.0; 5
4.0, -3.0, -7.0; 2
-8.0, -2.0, -7.0; 3
-7.0, -2.0, -7.0; 9
-6.0, -2.0, -7.0; 96
-5.0, -2.0, -7.0; 184
-4.0, -2.0, -7.0; 17
-3.0, -2.0, -7.0; 5
-2.0, -2.0, -7.0; 6
-1.0, -2.0, -7.0; 3
0.0, -2.0, -7.0; 3
1.0, -2.0, -7.0; 3
2.0, -2.0, -7.0; 1
3.0, -2.0, -7.0; 5
4.0, -2.0, -7.0; 5
6.0, -2.0, -7.0; 3
7.0, -2.0, -7.0; 1
-8.0, -1.0, -7.0; 4
-7.0, -1.0, -7.0; 20
-6.0, -1.0, -7.0; 55
-5.0, -1.0, -7.0; 150
-4.0, -1.0, -7.0; 25
-3.0, -1.0, -7.0; 5
-2.0, -1.0, -7.0; 5
-1.0, -1.0, -7.0; 7
0.0, -1.0, -7.0; 2
1.0, -1.0, -7.0; 3
2.0, -1.0, -7.0; 7
3.0, -1.0, -7.0; 24
4.0, -1.0, -7.0; 6
6.0, -1.0, -7.0; 5
7.0, -1.0, -7.0; 6
-8.0, 0.0, -7.0; 10
-7.0, 0.0, -7.0; 37
-6.0, 0.0, -7.0; 34
-5.0, 0.0, -7.0; 26
-4.0, 0.0, -7.0; 11
-3.0, 0.0, -7.0; 2
-2.0, 0.0, -7.0; 1
-1.0, 0.0, -7.0; 3
1.0, 0.0, -7.0; 9
2.0, 0.0, -7.0; 32
3.0, 0.0, -7.0; 28
5.0, 0.0, -7.0; 1
6.0, 0.0, -7.0; 16
7.0, 0.0, -7.0; 10
-8.0, 1.0, -7.0; 4
-7.0, 1.0, -7.0; 30
-6.0, 1.0, -7.0; 57
-5.0, 1.0, -7.0; 25
-4.0, 1.0, -7.0; 5
-3.0, 1.0, -7.0; 1
-1.0, 1.0, -7.0; 2
0.0, 1.0, -7.0; 5
1.0, 1.0, -7.0; 24
2.0, 1.0, -7.0; 9
3.0, 1.0, -7.0; 5
4.0, 1.0, -7.0; 2
5.0, 1.0, -7.0; 4
6.0, 1.0, -7.0; 28
7.0, 1.0, -7.0; 12
-8.0, 2.0, -7.0; 8
-7.0, 2.0, -7.0; 12
-6.0, 2.0, -7.0; 28
-5.0, 2.0, -7.0; 25
-4.0, 2.0, -7.0; 8
-3.0, 2.0, -7.0; 1
-2.0, 2.0, -7.0; 5
-1.0, 2.0, -7.0; 2
0.0, 2.0, -7.0; 5
1.0, 2.0, -7.0; 3
2.0, 2.0, -7.0; 6
3.0, 2.0, -7.0; 5
4.0, 2.0, -7.0; 2
5.0, 2.0, -7.0; 9
6.0, 2.0, -7.0; 11
-8.0, 3.0, -7.0; 1
-7.0, 3.0, -7.0; 14
-6.0, 3.0, -7.0; 15
-5.0, 3.0, -7.0; 11
-4.0, 3.0, -7.0; 3
-3.0, 3.0, -7.0; 2
-2.0, 3.0, -7.0; 4
-1.0, 3.0, -7.0; 1
0.0, 3.0, -7.0; 2
1.0, 3.0, -7.0; 8
2.0, 3.0, -7.0; 2
3.0, 3.0, -7.0; 5
4.0, 3.0, -7.0; 4
5.0, 3.0, -7.0; 3
-7.0, 4.0, -7.0; 4
-6.0, 4.0, -7.0; 12
-5.0, 4.0, -7.0; 10
-4.0, 4.0, -7.0; 5
-3.0, 4.0, -7.0; 1
-2.0, 4.0, -7.0; 2
-1.0, 4.0, -7.0; 3
0.0, 4.0, -7.0; 3
1.0, 4.0, -7.0; 4
2.0, 4.0, -7.0; 2
3.0, 4.0, -7.0; 1
4.0, 4.0, -7.0; 1
6.0, 4.0, -7.0; 1
-6.0, 5.0, -7.0; 4
-5.0, 5.0, -7.0; 8
-4.0, 5.0, -7.0; 3
-3.0, 5.0, -7.0; 9
-2.0, 5.0, -7.0; 5
-1.0, 5.0, -7.0; 8
0.0, 5.0, -7.0; 2
1.0, 5.0, -7.0; 2
2.0, 5.0, -7.0; 6
3.0, 5.0, -7.0; 4
4.0, 5.0, -7.0; 1
-5.0, 6.0, -7.0; 3
-4.0, 6.0, -7.0; 7
-3.0, 6.0, -7.0; 3
-2.0, 6.0, -7.0; 7
-1.0, 6.0, -7.0; 7
0.0, 6.0, -7.0; 7
1.0, 6.0, -7.0; 2
2.0, 6.0, -7.0; 2
3.0, 6.0, -7.0; 2
4.0, 6.0, -7.0; 1
-4.0, 7.0, -7.0; 2
-3.0, 7.0, -7.0; 4
-2.0, 7.0, -7.0; 4
-1.0, 7.0, -7.0; 4
0.0, 7.0, -7.0; 5
1.0, 7.0, -7.0; 1
-3.0, -9.0, -6.0; 1
-1.0, -9.0, -6.0; 1
0.0, -9.0, -6.0; 2
1.0, -9.0, -6.0; 3
-4.0, -8.0, -6.0; 5
-3.0, -8.0, -6.0; 10
-2.0, -8.0, -6.0; 122
-1.0, -8.0, -6.0; 218
0.0, -8.0, -6.0; 19
1.0, -8.0, -6.0; 4
2.0, -8.0, -6.0; 3
3.0, -8.0, -6.0; 3
-6.0, -7.0, -6.0; 2
-5.0, -7.0, -6.0; 14
-4.0, -7.0, -6.0; 35
-3.0, -7.0, -6.0; 52
-2.0, -7.0, -6.0; 203
-1.0, -7.0, -6.0; 250
0.0, -7.0, -6.0; 31
1.0, -7.0, -6.0; 11
2.0, -7.0, -6.0; 4
4.0, -7.0, -6.0; 2
-7.0, -6.0, -6.0; 9
-6.0, -6.0, -6.0; 19
-5.0, -6.0, -6.0; 52
-4.0, -6.0, -6.0; 22
-3.0, -6.0, -6.0; 18
-2.0, -6.0, -6.0; 23
-1.0, -6.0, -6.0; 18
0.0, -6.0, -6.0; 13
1.0, -6.0, -6.0; 4
2.0, -6.0, -6.0; 4
3.0, -6.0, -6.0; 3
5.0, -6.0, -6.0; 2
6.0, -6.0, -6.0; 1
-8.0, -5.0, -6.0; 3
-7.0, -5.0, -6.0; 22
-6.0, -5.0, -6.0; 51
-5.0, -5.0, -6.0; 32
-4.0, -5.0, -6.0; 4
-3.0, -5.0, -6.0; 16
-2.0, -5.0, -6.0; 13
-1.0, -5.0, -6.0; 7
0.0, -5.0, -6.0; 11
1.0, -5.0, -6.0; 13
2.0, -5.0, -6.0; 4
3.0, -5.0, -6.0; 2
4.0, -5.0, -6.0; 5
5.0, -5.0, -6.0; 2
6.0, -5.0, -6.0; 2
-8.0, -4.0, -6.0; 8
-7.0, -4.0, -6.0; 26
-6.0, -4.0, -6.0; 31
-5.0, -4.0, -6.0; 17
-4.0, -4.0, -6.0; 16
-3.0, -4.0, -6.0; 22
-2.0, -4.0, -6.0; 9
-1.0, -4.0, -6.0; 7
0.0, -4.0, -6.0; 14
1.0, -4.0, -6.0; 17
2.0, -4.0, -6.0; 7
3.0, -4.0, -6.0; 1
4.0, -4.0, -6.0; 2
-9.0, -3.0, -6.0; 1
-8.0, -3.0, -6.0; 15
-7.0, -3.0, -6.0; 24
-6.0, -3.0, -6.0; 47
-5.0, -3.0, -6.0; 11
-4.0, -3.0, -6.0; 19
-3.0, -3.0, -6.0; 10
-2.0, -3.0, -6.0; 16
-1.0, -3.0, -6.0; 22
0.0, -3.0, -6.0; 45
1.0, -3.0, -6.0; 19
2.0, -3.0, -6.0; 5
3.0, -3.0, -6.0; 2
4.0, -3.0, -6.0; 7
7.0, -3.0, -6.0; 4
8.0, -3.0, -6.0; 1
-9.0, -2.0, -6.0; 4
-8.0, -2.0, -6.0; 11
-7.0, -2.0, -6.0; 36
-6.0, -2.0, -6.0; 48
-5.0, -2.0, -6.0; 5
-4.0, -2.0, -6.0; 7
-3.0, -2.0, -6.0; 30
-2.0, -2.0, -6.0; 54
-1.0, -2.0, -6.0; 72
0.0, -2.0, -6.0; 77
1.0, -2.0, -6.0; 26
2.0, -2.0, -6.0; 5
3.0, -2.0, -6.0; 8
4.0, -2.0, -6.0; 33
7.0, -2.0, -6.0; 3
8.0, -2.0, -6.0; 1
-9.0, -1.0, -6.0; 1
-8.0, -1.0, -6.0; 19
-7.0, -1.0, -6.0; 25
-6.0, -1.0, -6.0; 38
-5.0, -1.0, -6.0; 10
-4.0, -1.0, -6.0; 4
-3.0, -1.0, -6.0; 14
-2.0, -1.0, -6.0; 60
-1.0, -1.0, -6.0; 49
0.0, -1.0, -6.0; 25
1.0, -1.0, -6.0; 12
2.0, -1.0, -6.0; 4
3.0, -1.0, -6.0; 47
4.0, -1.0, -6.0; 35
5.0, -1.0, -6.0; 1
7.0, -1.0, -6.0; 8
-9.0, 0.0, -6.0; 2
-8.0, 0.0, -6.0; 14
-7.0, 0.0, -6.0; 34
-6.0, 0.0, -6.0; 39
-5.0, 0.0, -6.0; 8
-4.0, 0.0, -6.0; 5
-3.0, 0.0, -6.0; 6
-2.0, 0.0, -6.0; 14
-1.0, 0.0, -6.0; 9
0.0, 0.0, -6.0; 2
1.0, 0.0, -6.0; 5
2.0, 0.0, -6.0; 27
3.0, 0.0, -6.0; 130
4.0, 0.0, -6.0; 11
5.0, 0.0, -6.0; 1
6.0, 0.0, -6.0; 1
7.0, 0.0, -6.0; 7
8.0, 0.0, -6.0; 1
-9.0, 1.0, -6.0; 4
-8.0, 1.0, -6.0; 20
-7.0, 1.0, -6.0; 14
-6.0, 1.0, -6.0; 25
-5.0, 1.0, -6.0; 10
-4.0, 1.0, -6.0; 7
-3.0, 1.0, -6.0; 13
-2.0, 1.0, -6.0; 44
-1.0, 1.0, -6.0; 41
0.0, 1.0, -6.0; 18
1.0, 1.0, -6.0; 5
2.0, 1.0, -6.0; 46
3.0, 1.0, -6.0; 16
4.0, 1.0, -6.0; 5
5.0, 1.0, -6.0; 2
6.0, 1.0, -6.0; 5
7.0, 1.0, -6.0; 10
-9.0, 2.0, -6.0; 1
-8.0, 2.0, -6.0; 20
-7.0, 2.0, -6.0; 13
-6.0, 2.0, -6.0; 5
-5.0, 2.0, -6.0; 45
-4.0, 2.0, -6.0; 36
-3.0, 2.0, -6.0; 11
-2.0, 2.0, -6.0; 21
-1.0, 2.0, -6.0; 46
0.0, 2.0, -6.0; 16
1.0, 2.0, -6.0; 5
2.0, 2.0, -6.0; 13
3.0, 2.0, -6.0; 12
4.0, 2.0, -6.0; 5
5.0, 2.0, -6.0; 2
6.0, 2.0, -6.0; 4
7.0, 2.0, -6.0; 5
-8.0, 3.0, -6.0; 11
-7.0, 3.0, -6.0; 13
-6.0, 3.0, -6.0; 6
-5.0, 3.0, -6.0; 9
-4.0, 3.0, -6.0; 36
-3.0, 3.0, -6.0; 30
-2.0, 3.0, -6.0; 8
-1.0, 3.0, -6.0; 7
0.0, 3.0, -6.0; 12
1.0, 3.0, -6.0; 5
2.0, 3.0, -6.0; 5
3.0, 3.0, -6.0; 8
4.0, 3.0, -6.0; 3
5.0, 3.0, -6.0; 3
6.0, 3.0, -6.0; 2
7.0, 3.0, -6.0; 1
-8.0, 4.0, -6.0; 5
-7.0, 4.0, -6.0; 17
-6.0, 4.0, -6.0; 12
-5.0, 4.0, -6.0; 6
-4.0, 4.0, -6.0; 12
-3.0, 4.0, -6.0; 7
-2.0, 4.0, -6.0; 10
-1.0, 4.0, -6.0; 3
0.0, 4.0, -6.0; 1
1.0, 4.0, -6.0; 2
2.0, 4.0, -6.0; 4
3.0, 4.0, -6.0; 1
4.0, 4.0, -6.0; 3
5.0, 4.0, -6.0; 2
-7.0, 5.0, -6.0; 3
-6.0, 5.0, -6.0; 10
-5.0, 5.0, -6.0; 12
-4.0, 5.0, -6.0; 21
-3.0, 5.0, -6.0; 11
-2.0, 5.0, -6.0; 7
-1.0, 5.0, -6.0; 1
1.0, 5.0, -6.0; 2
2.0, 5.0, -6.0; 1
3.0, 5.0, -6.0; 1
4.0, 5.0, -6.0; 3
5.0, 5.0, -6.0; 1
-6.0, 6.0, -6.0; 2
-5.0, 6.0, -6.0; 8
-4.0, 6.0, -6.0; 18
-3.0, 6.0, -6.0; 10
-2.0, 6.0, -6.0; 8
-1.0, 6.0, -6.0; 2
0.0, 6.0, -6.0; 1
1.0, 6.0, -6.0; 7
2.0, 6.0, -6.0; 3
3.0, 6.0, -6.0; 2
4.0, 6.0, -6.0; 1
-4.0, 7.0, -6.0; 4
-3.0, 7.0, -6.0; 8
-2.0, 7.0, -6.0; 1
-1.0, 7.0, -6.0; 1
0.0, 7.0, -6.0; 9
1.0, 7.0, -6.0; 4
2.0, 7.0, -6.0; 1
4.0, 7.0, -6.0; 1
-3.0, 8.0, -6.0; 2
-2.0, 8.0, -6.0; 2
-1.0, 8.0, -6.0; 10
0.0, 8.0, -6.0; 4
0.0, -10.0, -5.0; 1
-4.0, -9.0, -5.0; 1
-3.0, -9.0, -5.0; 3
-2.0, -9.0, -5.0; 8
-1.0, -9.0, -5.0; 14
0.0, -9.0, -5.0; 9
1.0, -9.0, -5.0; 8
2.0, -9.0, -5.0; 3
3.0, -9.0, -5.0; 1
-6.0, -8.0, -5.0; 1
-5.0, -8.0, -5.0; 7
-4.0, -8.0, -5.0; 18
-3.0, -8.0, -5.0; 37
-2.0, -8.0, -5.0; 751
-1.0, -8.0, -5.0; 1573
0.0, -8.0, -5.0; 86
1.0, -8.0, -5.0; 6
2.0, -8.0, -5.0; 9
3.0, -8.0, -5.0; 3
4.0, -8.0, -5.0; 2
5.0, -8.0, -5.0; 2
-7.0, -7.0, -5.0; 5
-6.0, -7.0, -5.0; 21
-5.0, -7.0, -5.0; 15
-4.0, -7.0, -5.0; 17
-3.0, -7.0, -5.0; 19
-2.0, -7.0, -5.0; 117
-1.0, -7.0, -5.0; 159
0.0, -7.0, -5.0; 30
1.0, -7.0, -5.0; 5
2.0, -7.0, -5.0; 3
3.0, -7.0, -5.0; 1
4.0, -7.0, -5.0; 3
5.0, -7.0, -5.0; 1
6.0, -7.0, -5.0; 1
-8.0, -6.0, -5.0; 3
-7.0, -6.0, -5.0; 30
-6.0, -6.0, -5.0; 21
-5.0, -6.0, -5.0; 9
-4.0, -6.0, -5.0; 1
-3.0, -6.0, -5.0; 5
-2.0, -6.0, -5.0; 6
-1.0, -6.0, -5.0; 11
0.0, -6.0, -5.0; 13
1.0, -6.0, -5.0; 6
2.0, -6.0, -5.0; 5
5.0, -6.0, -5.0; 1
-8.0, -5.0, -5.0; 17
-7.0, -5.0, -5.0; 19
-6.0, -5.0, -5.0; 14
-5.0, -5.0, -5.0; 5
-4.0, -5.0, -5.0; 3
-3.0, -5.0, -5.0; 4
-2.0, -5.0, -5.0; 20
-1.0, -5.0, -5.0; 8
0.0, -5.0, -5.0; 6
1.0, -5.0, -5.0; 28
2.0, -5.0, -5.0; 14
3.0, -5.0, -5.0; 1
4.0, -5.0, -5.0; 1
5.0, -5.0, -5.0; 2
6.0, -5.0, -5.0; 2
-9.0, -4.0, -5.0; 2
-8.0, -4.0, -5.0; 18
-7.0, -4.0, -5.0; 28
-6.0, -4.0, -5.0; 5
-5.0, -4.0, -5.0; 21
-4.0, -4.0, -5.0; 30
-3.0, -4.0, -5.0; 109
-2.0, -4.0, -5.0; 203
-1.0, -4.0, -5.0; 52
0.0, -4.0, -5.0; 22
1.0, -4.0, -5.0; 74
2.0, -4.0, -5.0; 27
3.0, -4.0, -5.0; 6
4.0, -4.0, -5.0; 1
5.0, -4.0, -5.0; 3
7.0, -4.0, -5.0; 3
8.0, -4.0, -5.0; 1
-9.0, -3.0, -5.0; 5
-8.0, -3.0, -5.0; 23
-7.0, -3.0, -5.0; 19
-6.0, -3.0, -5.0; 16
-5.0, -3.0, -5.0; 33
-4.0, -3.0, -5.0; 123
-3.0, -3.0, -5.0; 3710
-2.0, -3.0, -5.0; 1886
-1.0, -3.0, -5.0; 31
0.0, -3.0, -5.0; 103
1.0, -3.0, -5.0; 2009
2.0, -3.0, -5.0; 51
4.0, -3.0, -5.0; 6
5.0, -3.0, -5.0; 6
7.0, -3.0, -5.0; 1
8.0, -3.0, -5.0; 1
-9.0, -2.0, -5.0; 4
-8.0, -2.0, -5.0; 15
-7.0, -2.0, -5.0; 26
-6.0, -2.0, -5.0; 7
-5.0, -2.0, -5.0; 16
-4.0, -2.0, -5.0; 21
-3.0, -2.0, -5.0; 345
-2.0, -2.0, -5.0; 106
-1.0, -2.0, -5.0; 13
0.0, -2.0, -5.0; 84
1.0, -2.0, -5.0; 186
2.0, -2.0, -5.0; 16
3.0, -2.0, -5.0; 2
4.0, -2.0, -5.0; 31
5.0, -2.0, -5.0; 16
8.0, -2.0, -5.0; 1
-9.0, -1.0, -5.0; 6
-8.0, -1.0, -5.0; 11
-7.0, -1.0, -5.0; 48
-6.0, -1.0, -5.0; 10
-5.0, -1.0, -5.0; 3
-4.0, -1.0, -5.0; 20
-3.0, -1.0, -5.0; 48
-2.0, -1.0, -5.0; 31
-1.0, -1.0, -5.0; 14
0.0, -1.0, -5.0; 10
1.0, -1.0, -5.0; 3
2.0, -1.0, -5.0; 1
3.0, -1.0, -5.0; 8
4.0, -1.0, -5.0; 135
5.0, -1.0, -5.0; 13
6.0, -1.0, -5.0; 3
7.0, -1.0, -5.0; 1
-9.0, 0.0, -5.0; 7
-8.0, 0.0, -5.0; 24
-7.0, 0.0, -5.0; 93
-6.0, 0.0, -5.0; 6
-5.0, 0.0, -5.0; 3
-4.0, 0.0, -5.0; 16
-3.0, 0.0, -5.0; 22
-2.0, 0.0, -5.0; 13
-1.0, 0.0, -5.0; 6
0.0, 0.0, -5.0; 1
1.0, 0.0, -5.0; 1
2.0, 0.0, -5.0; 2
3.0, 0.0, -5.0; 130
4.0, 0.0, -5.0; 79
5.0, 0.0, -5.0; 2
6.0, 0.0, -5.0; 1
7.0, 0.0, -5.0; 1
8.0, 0.0, -5.0; 2
-9.0, 1.0, -5.0; 6
-8.0, 1.0, -5.0; 10
-7.0, 1.0, -5.0; 22
-6.0, 1.0, -5.0; 17
-5.0, 1.0, -5.0; 23
-4.0, 1.0, -5.0; 23
-3.0, 1.0, -5.0; 29
-2.0, 1.0, -5.0; 5
-1.0, 1.0, -5.0; 6
0.0, 1.0, -5.0; 12
1.0, 1.0, -5.0; 2
2.0, 1.0, -5.0; 5
3.0, 1.0, -5.0; 42
4.0, 1.0, -5.0; 9
5.0, 1.0, -5.0; 1
6.0, 1.0, -5.0; 1
-9.0, 2.0, -5.0; 6
-8.0, 2.0, -5.0; 15
-7.0, 2.0, -5.0; 5
-6.0, 2.0, -5.0; 68
-5.0, 2.0, -5.0; 121
-4.0, 2.0, -5.0; 25
-3.0, 2.0, -5.0; 32
-2.0, 2.0, -5.0; 15
-1.0, 2.0, -5.0; 40
0.0, 2.0, -5.0; 59
1.0, 2.0, -5.0; 16
2.0, 2.0, -5.0; 5
3.0, 2.0, -5.0; 27
4.0, 2.0, -5.0; 16
-9.0, 3.0, -5.0; 8
-8.0, 3.0, -5.0; 18
-7.0, 3.0, -5.0; 3
-6.0, 3.0, -5.0; 9
-5.0, 3.0, -5.0; 32
-4.0, 3.0, -5.0; 30
-3.0, 3.0, -5.0; 23
-2.0, 3.0, -5.0; 11
-1.0, 3.0, -5.0; 52
0.0, 3.0, -5.0; 71
1.0, 3.0, -5.0; 20
2.0, 3.0, -5.0; 7
3.0, 3.0, -5.0; 17
4.0, 3.0, -5.0; 8
6.0, 3.0, -5.0; 1
-8.0, 4.0, -5.0; 11
-7.0, 4.0, -5.0; 15
-6.0, 4.0, -5.0; 24
-5.0, 4.0, -5.0; 12
-4.0, 4.0, -5.0; 7
-3.0, 4.0, -5.0; 9
-2.0, 4.0, -5.0; 36
-1.0, 4.0, -5.0; 29
0.0, 4.0, -5.0; 8
1.0, 4.0, -5.0; 11
2.0, 4.0, -5.0; 5
3.0, 4.0, -5.0; 3
4.0, 4.0, -5.0; 2
5.0, 4.0, -5.0; 2
6.0, 4.0, -5.0; 1
-8.0, 5.0, -5.0; 6
-7.0, 5.0, -5.0; 18
-6.0, 5.0, -5.0; 20
-5.0, 5.0, -5.0; 25
-4.0, 5.0, -5.0; 24
-3.0, 5.0, -5.0; 2
-2.0, 5.0, -5.0; 5
-1.0, 5.0, -5.0; 9
0.0, 5.0, -5.0; 1
1.0, 5.0, -5.0; 4
2.0, 5.0, -5.0; 3
3.0, 5.0, -5.0; 6
5.0, 5.0, -5.0; 1
6.0, 5.0, -5.0; 2
-7.0, 6.0, -5.0; 5
-6.0, 6.0, -5.0; 18
-5.0, 6.0, -5.0; 11
-4.0, 6.0, -5.0; 29
-3.0, 6.0, -5.0; 15
-2.0, 6.0, -5.0; 14
-1.0, 6.0, -5.0; 5
0.0, 6.0, -5.0; 1
1.0, 6.0, -5.0; 4
2.0, 6.0, -5.0; 3
3.0, 6.0, -5.0; 4
4.0, 6.0, -5.0; 2
5.0, 6.0, -5.0; 5
-6.0, 7.0, -5.0; 2
-5.0, 7.0, -5.0; 3
-4.0, 7.0, -5.0; 3
-3.0, 7.0, -5.0; 13
-2.0, 7.0, -5.0; 5
-1.0, 7.0, -5.0; 4
0.0, 7.0, -5.0; 1
1.0, 7.0, -5.0; 13
2.0, 7.0, -5.0; 5
3.0, 7.0, -5.0; 3
4.0, 7.0, -5.0; 1
-3.0, 8.0, -5.0; 5
-2.0, 8.0, -5.0; 4
-1.0, 8.0, -5.0; 15
0.0, 8.0, -5.0; 24
1.0, 8.0, -5.0; 11
2.0, 8.0, -5.0; 5
3.0, 8.0, -5.0; 1
-1.0, 9.0, -5.0; 1
-3.0, -10.0, -4.0; 2
-2.0, -10.0, -4.0; 3
-1.0, -10.0, -4.0; 7
0.0, -10.0, -4.0; 10
1.0, -10.0, -4.0; 11
-4.0, -9.0, -4.0; 4
-3.0, -9.0, -4.0; 9
-2.0, -9.0, -4.0; 11
-1.0, -9.0, -4.0; 39
0.0, -9.0, -4.0; 13
1.0, -9.0, -4.0; 7
2.0, -9.0, -4.0; 5
3.0, -9.0, -4.0; 2
4.0, -9.0, -4.0; 1
-6.0, -8.0, -4.0; 7
-5.0, -8.0, -4.0; 20
-4.0, -8.0, -4.0; 12
-3.0, -8.0, -4.0; 12
-2.0, -8.0, -4.0; 87
-1.0, -8.0, -4.0; 146
0.0, -8.0, -4.0; 34
1.0, -8.0, -4.0; 5
2.0, -8.0, -4.0; 3
3.0, -8.0, -4.0; 1
4.0, -8.0, -4.0; 1
-7.0, -7.0, -4.0; 23
-6.0, -7.0, -4.0; 25
-5.0, -7.0, -4.0; 8
-4.0, -7.0, -4.0; 6
-3.0, -7.0, -4.0; 2
-2.0, -7.0, -4.0; 5
-1.0, -7.0, -4.0; 13
0.0, -7.0, -4.0; 12
1.0, -7.0, -4.0; 6
2.0, -7.0, -4.0; 3
3.0, -7.0, -4.0; 2
4.0, -7.0, -4.0; 1
5.0, -7.0, -4.0; 3
6.0, -7.0, -4.0; 1
-8.0, -6.0, -4.0; 17
-7.0, -6.0, -4.0; 32
-6.0, -6.0, -4.0; 2
-5.0, -6.0, -4.0; 3
-4.0, -6.0, -4.0; 2
-3.0, -6.0, -4.0; 1
-2.0, -6.0, -4.0; 4
-1.0, -6.0, -4.0; 9
0.0, -6.0, -4.0; 23
1.0, -6.0, -4.0; 52
2.0, -6.0, -4.0; 13
3.0, -6.0, -4.0; 3
5.0, -6.0, -4.0; 5
6.0, -6.0, -4.0; 1
7.0, -6.0, -4.0; 2
-9.0, -5.0, -4.0; 5
-8.0, -5.0, -4.0; 27
-7.0, -5.0, -4.0; 11
-6.0, -5.0, -4.0; 2
-5.0, -5.0, -4.0; 1
-4.0, -5.0, -4.0; 3
-3.0, -5.0, -4.0; 5
-2.0, -5.0, -4.0; 20
-1.0, -5.0, -4.0; 154
0.0, -5.0, -4.0; 28
1.0, -5.0, -4.0; 58
2.0, -5.0, -4.0; 39
3.0, -5.0, -4.0; 8
4.0, -5.0, -4.0; 1
5.0, -5.0, -4.0; 4
-9.0, -4.0, -4.0; 15
-8.0, -4.0, -4.0; 26
-7.0, -4.0, -4.0; 14
-6.0, -4.0, -4.0; 5
-5.0, -4.0, -4.0; 17
-4.0, -4.0, -4.0; 62
-3.0, -4.0, -4.0; 28
-2.0, -4.0, -4.0; 21
-1.0, -4.0, -4.0; 33
0.0, -4.0, -4.0; 4
1.0, -4.0, -4.0; 67
2.0, -4.0, -4.0; 80
3.0, -4.0, -4.0; 10
4.0, -4.0, -4.0; 4
5.0, -4.0, -4.0; 5
6.0, -4.0, -4.0; 2
-9.0, -3.0, -4.0; 19
-8.0, -3.0, -4.0; 18
-7.0, -3.0, -4.0; 13
-6.0, -3.0, -4.0; 41
-5.0, -3.0, -4.0; 52
-4.0, -3.0, -4.0; 179
-3.0, -3.0, -4.0; 69
-2.0, -3.0, -4.0; 4
-1.0, -3.0, -4.0; 1
0.0, -3.0, -4.0; 1
1.0, -3.0, -4.0; 385
2.0, -3.0, -4.0; 175
3.0, -3.0, -4.0; 9
4.0, -3.0, -4.0; 1
5.0, -3.0, -4.0; 9
6.0, -3.0, -4.0; 2
7.0, -3.0, -4.0; 1
-10.0, -2.0, -4.0; 1
-9.0, -2.0, -4.0; 9
-8.0, -2.0, -4.0; 26
-7.0, -2.0, -4.0; 18
-6.0, -2.0, -4.0; 16
-5.0, -2.0, -4.0; 24
-4.0, -2.0, -4.0; 19
-3.0, -2.0, -4.0; 11
0.0, -2.0, -4.0; 3
1.0, -2.0, -4.0; 6
2.0, -2.0, -4.0; 16
3.0, -2.0, -4.0; 2
4.0, -2.0, -4.0; 6
5.0, -2.0, -4.0; 14
6.0, -2.0, -4.0; 2
8.0, -2.0, -4.0; 1
9.0, -2.0, -4.0; 1
-10.0, -1.0, -4.0; 3
-9.0, -1.0, -4.0; 8
-8.0, -1.0, -4.0; 17
-7.0, -1.0, -4.0; 80
-6.0, -1.0, -4.0; 3
-5.0, -1.0, -4.0; 9
-4.0, -1.0, -4.0; 2
4.0, -1.0, -4.0; 12
5.0, -1.0, -4.0; 17
6.0, -1.0, -4.0; 2
-10.0, 0.0, -4.0; 1
-9.0, 0.0, -4.0; 12
-8.0, 0.0, -4.0; 40
-7.0, 0.0, -4.0; 47
-6.0, 0.0, -4.0; 11
-5.0, 0.0, -4.0; 21
-4.0, 0.0, -4.0; 8
-3.0, 0.0, -4.0; 1
2.0, 0.0, -4.0; 3
3.0, 0.0, -4.0; 4
4.0, 0.0, -4.0; 8
5.0, 0.0, -4.0; 3
6.0, 0.0, -4.0; 1
7.0, 0.0, -4.0; 2
-9.0, 1.0, -4.0; 10
-8.0, 1.0, -4.0; 12
-7.0, 1.0, -4.0; 9
-6.0, 1.0, -4.0; 67
-5.0, 1.0, -4.0; 49
-4.0, 1.0, -4.0; 46
-3.0, 1.0, -4.0; 1
1.0, 1.0, -4.0; 3
2.0, 1.0, -4.0; 2
3.0, 1.0, -4.0; 6
4.0, 1.0, -4.0; 13
5.0, 1.0, -4.0; 6
8.0, 1.0, -4.0; 1
-10.0, 2.0, -4.0; 2
-9.0, 2.0, -4.0; 6
-8.0, 2.0, -4.0; 14
-7.0, 2.0, -4.0; 11
-6.0, 2.0, -4.0; 127
-5.0, 2.0, -4.0; 48
-4.0, 2.0, -4.0; 17
-2.0, 2.0, -4.0; 4
-1.0, 2.0, -4.0; 2
0.0, 2.0, -4.0; 3
1.0, 2.0, -4.0; 1
3.0, 2.0, -4.0; 24
4.0, 2.0, -4.0; 41
5.0, 2.0, -4.0; 2
6.0, 2.0, -4.0; 1
7.0, 2.0, -4.0; 4
-9.0, 3.0, -4.0; 12
-8.0, 3.0, -4.0; 20
-7.0, 3.0, -4.0; 9
-6.0, 3.0, -4.0; 33
-5.0, 3.0, -4.0; 14
-4.0, 3.0, -4.0; 11
-2.0, 3.0, -4.0; 1
-1.0, 3.0, -4.0; 1
0.0, 3.0, -4.0; 15
1.0, 3.0, -4.0; 20
2.0, 3.0, -4.0; 3
3.0, 3.0, -4.0; 17
4.0, 3.0, -4.0; 8
5.0, 3.0, -4.0; 3
6.0, 3.0, -4.0; 2
7.0, 3.0, -4.0; 1
-9.0, 4.0, -4.0; 6
-8.0, 4.0, -4.0; 23
-7.0, 4.0, -4.0; 11
-6.0, 4.0, -4.0; 13
-5.0, 4.0, -4.0; 4
-4.0, 4.0, -4.0; 5
-3.0, 4.0, -4.0; 16
-2.0, 4.0, -4.0; 49
-1.0, 4.0, -4.0; 50
0.0, 4.0, -4.0; 94
1.0, 4.0, -4.0; 28
2.0, 4.0, -4.0; 6
3.0, 4.0, -4.0; 8
4.0, 4.0, -4.0; 7
5.0, 4.0, -4.0; 4
6.0, 4.0, -4.0; 1
-8.0, 5.0, -4.0; 31
-7.0, 5.0, -4.0; 19
-6.0, 5.0, -4.0; 11
-5.0, 5.0, -4.0; 13
-4.0, 5.0, -4.0; 1
-3.0, 5.0, -4.0; 9
-2.0, 5.0, -4.0; 130
-1.0, 5.0, -4.0; 377
0.0, 5.0, -4.0; 183
1.0, 5.0, -4.0; 24
2.0, 5.0, -4.0; 7
3.0, 5.0, -4.0; 5
4.0, 5.0, -4.0; 1
5.0, 5.0, -4.0; 2
6.0, 5.0, -4.0; 1
7.0, 5.0, -4.0; 1
-8.0, 6.0, -4.0; 1
-7.0, 6.0, -4.0; 15
-6.0, 6.0, -4.0; 22
-5.0, 6.0, -4.0; 10
-4.0, 6.0, -4.0; 2
-3.0, 6.0, -4.0; 2
-2.0, 6.0, -4.0; 3
-1.0, 6.0, -4.0; 9
0.0, 6.0, -4.0; 7
1.0, 6.0, -4.0; 3
2.0, 6.0, -4.0; 4
3.0, 6.0, -4.0; 4
5.0, 6.0, -4.0; 3
6.0, 6.0, -4.0; 1
-6.0, 7.0, -4.0; 4
-5.0, 7.0, -4.0; 8
-4.0, 7.0, -4.0; 5
-3.0, 7.0, -4.0; 10
-2.0, 7.0, -4.0; 4
-1.0, 7.0, -4.0; 5
0.0, 7.0, -4.0; 2
1.0, 7.0, -4.0; 5
2.0, 7.0, -4.0; 7
3.0, 7.0, -4.0; 6
4.0, 7.0, -4.0; 1
-5.0, 8.0, -4.0; 1
-4.0, 8.0, -4.0; 3
-3.0, 8.0, -4.0; 10
-2.0, 8.0, -4.0; 5
-1.0, 8.0, -4.0; 12
0.0, 8.0, -4.0; 18
1.0, 8.0, -4.0; 21
2.0, 8.0, -4.0; 11
3.0, 8.0, -4.0; 5
4.0, 8.0, -4.0; 1
-3.0, 9.0, -4.0; 1
-2.0, 9.0, -4.0; 8
-1.0, 9.0, -4.0; 15
0.0, 9.0, -4.0; 13
1.0, 9.0, -4.0; 6
2.0, 9.0, -4.0; 1
-4.0, -10.0, -3.0; 3
-3.0, -10.0, -3.0; 8
-2.0, -10.0, -3.0; 36
-1.0, -10.0, -3.0; 34
0.0, -10.0, -3.0; 35
1.0, -10.0, -3.0; 16
2.0, -10.0, -3.0; 3
-5.0, -9.0, -3.0; 5
-4.0, -9.0, -3.0; 6
-3.0, -9.0, -3.0; 10
-2.0, -9.0, -3.0; 19
-1.0, -9.0, -3.0; 24
0.0, -9.0, -3.0; 14
1.0, -9.0, -3.0; 5
2.0, -9.0, -3.0; 8
3.0, -9.0, -3.0; 6
-7.0, -8.0, -3.0; 7
-6.0, -8.0, -3.0; 13
-5.0, -8.0, -3.0; 10
-4.0, -8.0, -3.0; 14
-3.0, -8.0, -3.0; 9
-2.0, -8.0, -3.0; 12
-1.0, -8.0, -3.0; 14
0.0, -8.0, -3.0; 14
1.0, -8.0, -3.0; 4
2.0, -8.0, -3.0; 2
3.0, -8.0, -3.0; 4
4.0, -8.0, -3.0; 2
5.0, -8.0, -3.0; 2
-8.0, -7.0, -3.0; 8
-7.0, -7.0, -3.0; 43
-6.0, -7.0, -3.0; 8
-5.0, -7.0, -3.0; 3
-2.0, -7.0, -3.0; 4
-1.0, -7.0, -3.0; 2
0.0, -7.0, -3.0; 33
1.0, -7.0, -3.0; 42
2.0, -7.0, -3.0; 5
3.0, -7.0, -3.0; 1
4.0, -7.0, -3.0; 1
5.0, -7.0, -3.0; 4
6.0, -7.0, -3.0; 1
-9.0, -6.0, -3.0; 1
-8.0, -6.0, -3.0; 22
-7.0, -6.0, -3.0; 22
-6.0, -6.0, -3.0; 6
-5.0, -6.0, -3.0; 1
-4.0, -6.0, -3.0; 2
-3.0, -6.0, -3.0; 1
-2.0, -6.0, -3.0; 2
-1.0, -6.0, -3.0; 27
0.0, -6.0, -3.0; 106
1.0, -6.0, -3.0; 1368
2.0, -6.0, -3.0; 86
3.0, -6.0, -3.0; 2
4.0, -6.0, -3.0; 2
5.0, -6.0, -3.0; 5
6.0, -6.0, -3.0; 1
-9.0, -5.0, -3.0; 19
-8.0, -5.0, -3.0; 30
-7.0, -5.0, -3.0; 14
-6.0, -5.0, -3.0; 6
-5.0, -5.0, -3.0; 3
-2.0, -5.0, -3.0; 1
-1.0, -5.0, -3.0; 18
0.0, -5.0, -3.0; 18
1.0, -5.0, -3.0; 38
2.0, -5.0, -3.0; 64
3.0, -5.0, -3.0; 6
4.0, -5.0, -3.0; 4
5.0, -5.0, -3.0; 2
6.0, -5.0, -3.0; 1
-10.0, -4.0, -3.0; 3
-9.0, -4.0, -3.0; 44
-8.0, -4.0, -3.0; 42
-7.0, -4.0, -3.0; 11
-6.0, -4.0, -3.0; 13
-5.0, -4.0, -3.0; 29
-4.0, -4.0, -3.0; 5
-1.0, -4.0, -3.0; 1
1.0, -4.0, -3.0; 2
2.0, -4.0, -3.0; 21
3.0, -4.0, -3.0; 13
4.0, -4.0, -3.0; 1
5.0, -4.0, -3.0; 1
6.0, -4.0, -3.0; 2
8.0, -4.0, -3.0; 1
-10.0, -3.0, -3.0; 2
-9.0, -3.0, -3.0; 15
-8.0, -3.0, -3.0; 21
-7.0, -3.0, -3.0; 8
-6.0, -3.0, -3.0; 37
-5.0, -3.0, -3.0; 167
-4.0, -3.0, -3.0; 2
-3.0, -3.0, -3.0; 4
1.0, -3.0, -3.0; 1
2.0, -3.0, -3.0; 4
5.0, -3.0, -3.0; 4
-10.0, -2.0, -3.0; 10
-9.0, -2.0, -3.0; 16
-8.0, -2.0, -3.0; 20
-7.0, -2.0, -3.0; 33
-6.0, -2.0, -3.0; 18
-5.0, -2.0, -3.0; 15
-3.0, -2.0, -3.0; 1
3.0, -2.0, -3.0; 3
5.0, -2.0, -3.0; 4
6.0, -2.0, -3.0; 2
8.0, -2.0, -3.0; 1
-10.0, -1.0, -3.0; 3
-9.0, -1.0, -3.0; 12
-8.0, -1.0, -3.0; 31
-7.0, -1.0, -3.0; 45
-6.0, -1.0, -3.0; 4
-5.0, -1.0, -3.0; 5
5.0, -1.0, -3.0; 1
6.0, -1.0, -3.0; 1
7.0, -1.0, -3.0; 2
-10.0, 0.0, -3.0; 4
-9.0, 0.0, -3.0; 7
-8.0, 0.0, -3.0; 24
-7.0, 0.0, -3.0; 5
-6.0, 0.0, -3.0; 36
-5.0, 0.0, -3.0; 15
3.0, 0.0, -3.0; 1
4.0, 0.0, -3.0; 1
8.0, 0.0, -3.0; 1
-10.0, 1.0, -3.0; 3
-9.0, 1.0, -3.0; 13
-8.0, 1.0, -3.0; 17
-7.0, 1.0, -3.0; 7
-6.0, 1.0, -3.0; 186
-5.0, 1.0, -3.0; 76
-4.0, 1.0, -3.0; 2
4.0, 1.0, -3.0; 2
5.0, 1.0, -3.0; 5
-10.0, 2.0, -3.0; 2
-9.0, 2.0, -3.0; 11
-8.0, 2.0, -3.0; 10
-7.0, 2.0, -3.0; 18
-6.0, 2.0, -3.0; 71
-5.0, 2.0, -3.0; 21
-3.0, 2.0, -3.0; 1
2.0, 2.0, -3.0; 1
3.0, 2.0, -3.0; 13
4.0, 2.0, -3.0; 8
5.0, 2.0, -3.0; 2
6.0, 2.0, -3.0; 2
7.0, 2.0, -3.0; 1
-10.0, 3.0, -3.0; 2
-9.0, 3.0, -3.0; 19
-8.0, 3.0, -3.0; 9
-7.0, 3.0, -3.0; 8
-6.0, 3.0, -3.0; 38
-5.0, 3.0, -3.0; 14
-4.0, 3.0, -3.0; 7
-2.0, 3.0, -3.0; 1
-1.0, 3.0, -3.0; 2
0.0, 3.0, -3.0; 1
1.0, 3.0, -3.0; 3
2.0, 3.0, -3.0; 1
3.0, 3.0, -3.0; 4
4.0, 3.0, -3.0; 10
5.0, 3.0, -3.0; 3
6.0, 3.0, -3.0; 2
7.0, 3.0, -3.0; 1
-9.0, 4.0, -3.0; 17
-8.0, 4.0, -3.0; 19
-7.0, 4.0, -3.0; 12
-6.0, 4.0, -3.0; 6
-5.0, 4.0, -3.0; 1
-4.0, 4.0, -3.0; 1
-2.0, 4.0, -3.0; 2
-1.0, 4.0, -3.0; 1
0.0, 4.0, -3.0; 20
1.0, 4.0, -3.0; 48
2.0, 4.0, -3.0; 13
3.0, 4.0, -3.0; 6
4.0, 4.0, -3.0; 15
5.0, 4.0, -3.0; 2
6.0, 4.0, -3.0; 1
-9.0, 5.0, -3.0; 2
-8.0, 5.0, -3.0; 31
-7.0, 5.0, -3.0; 9
-6.0, 5.0, -3.0; 3
-4.0, 5.0, -3.0; 2
-3.0, 5.0, -3.0; 2
-2.0, 5.0, -3.0; 37
-1.0, 5.0, -3.0; 241
0.0, 5.0, -3.0; 403
1.0, 5.0, -3.0; 136
2.0, 5.0, -3.0; 12
3.0, 5.0, -3.0; 11
4.0, 5.0, -3.0; 9
6.0, 5.0, -3.0; 2
-8.0, 6.0, -3.0; 9
-7.0, 6.0, -3.0; 31
-6.0, 6.0, -3.0; 24
-5.0, 6.0, -3.0; 9
-4.0, 6.0, -3.0; 1
-3.0, 6.0, -3.0; 1
-2.0, 6.0, -3.0; 25
-1.0, 6.0, -3.0; 102
0.0, 6.0, -3.0; 106
1.0, 6.0, -3.0; 21
2.0, 6.0, -3.0; 4
3.0, 6.0, -3.0; 6
4.0, 6.0, -3.0; 5
5.0, 6.0, -3.0; 1
6.0, 6.0, -3.0; 4
7.0, 6.0, -3.0; 1
-7.0, 7.0, -3.0; 5
-6.0, 7.0, -3.0; 20
-5.0, 7.0, -3.0; 13
-4.0, 7.0, -3.0; 6
-3.0, 7.0, -3.0; 2
-2.0, 7.0, -3.0; 2
-1.0, 7.0, -3.0; 2
0.0, 7.0, -3.0; 2
1.0, 7.0, -3.0; 11
2.0, 7.0, -3.0; 9
3.0, 7.0, -3.0; 5
4.0, 7.0, -3.0; 1
5.0, 7.0, -3.0; 1
-6.0, 8.0, -3.0; 2
-5.0, 8.0, -3.0; 8
-4.0, 8.0, -3.0; 4
-3.0, 8.0, -3.0; 9
-2.0, 8.0, -3.0; 21
-1.0, 8.0, -3.0; 16
0.0, 8.0, -3.0; 15
1.0, 8.0, -3.0; 19
2.0, 8.0, -3.0; 12
3.0, 8.0, -3.0; 1
-3.0, 9.0, -3.0; 6
-2.0, 9.0, -3.0; 12
-1.0, 9.0, -3.0; 23
0.0, 9.0, -3.0; 26
1.0, 9.0, -3.0; 14
2.0, 9.0, -3.0; 6
-4.0, -10.0, -2.0; 13
-3.0, -10.0, -2.0; 51
-2.0, -10.0, -2.0; 84
-1.0, -10.0, -2.0; 65
0.0, -10.0, -2.0; 49
1.0, -10.0, -2.0; 23
2.0, -10.0, -2.0; 7
-6.0, -9.0, -2.0; 7
-5.0, -9.0, -2.0; 18
-4.0, -9.0, -2.0; 15
-3.0, -9.0, -2.0; 10
-2.0, -9.0, -2.0; 11
-1.0, -9.0, -2.0; 20
0.0, -9.0, -2.0; 10
1.0, -9.0, -2.0; 7
2.0, -9.0, -2.0; 4
3.0, -9.0, -2.0; 1
4.0, -9.0, -2.0; 2
-7.0, -8.0, -2.0; 14
-6.0, -8.0, -2.0; 8
-5.0, -8.0, -2.0; 3
-4.0, -8.0, -2.0; 4
-3.0, -8.0, -2.0; 5
-2.0, -8.0, -2.0; 5
-1.0, -8.0, -2.0; 13
0.0, -8.0, -2.0; 8
1.0, -8.0, -2.0; 2
3.0, -8.0, -2.0; 3
4.0, -8.0, -2.0; 3
-8.0, -7.0, -2.0; 21
-7.0, -7.0, -2.0; 27
-6.0, -7.0, -2.0; 6
-5.0, -7.0, -2.0; 1
-4.0, -7.0, -2.0; 2
-3.0, -7.0, -2.0; 1
-2.0, -7.0, -2.0; 1
-1.0, -7.0, -2.0; 10
0.0, -7.0, -2.0; 68
1.0, -7.0, -2.0; 47
2.0, -7.0, -2.0; 4
3.0, -7.0, -2.0; 1
4.0, -7.0, -2.0; 3
-9.0, -6.0, -2.0; 4
-8.0, -6.0, -2.0; 42
-7.0, -6.0, -2.0; 10
-6.0, -6.0, -2.0; 1
-5.0, -6.0, -2.0; 1
-2.0, -6.0, -2.0; 2
-1.0, -6.0, -2.0; 8
0.0, -6.0, -2.0; 52
1.0, -6.0, -2.0; 574
2.0, -6.0, -2.0; 63
3.0, -6.0, -2.0; 2
4.0, -6.0, -2.0; 3
5.0, -6.0, -2.0; 6
7.0, -6.0, -2.0; 2
-9.0, -5.0, -2.0; 24
-8.0, -5.0, -2.0; 21
-7.0, -5.0, -2.0; 7
-6.0, -5.0, -2.0; 7
-5.0, -5.0, -2.0; 1
-3.0, -5.0, -2.0; 1
-2.0, -5.0, -2.0; 1
0.0, -5.0, -2.0; 2
1.0, -5.0, -2.0; 4
2.0, -5.0, -2.0; 25
3.0, -5.0, -2.0; 9
4.0, -5.0, -2.0; 1
5.0, -5.0, -2.0; 2
6.0, -5.0, -2.0; 1
-10.0, -4.0, -2.0; 8
-9.0, -4.0, -2.0; 45
-8.0, -4.0, -2.0; 45
-7.0, -4.0, -2.0; 12
-6.0, -4.0, -2.0; 9
-5.0, -4.0, -2.0; 31
-4.0, -4.0, -2.0; 1
-2.0, -4.0, -2.0; 1
2.0, -4.0, -2.0; 4
3.0, -4.0, -2.0; 3
5.0, -4.0, -2.0; 2
6.0, -4.0, -2.0; 3
7.0, -4.0, -2.0; 2
-10.0, -3.0, -2.0; 9
-9.0, -3.0, -2.0; 13
-8.0, -3.0, -2.0; 12
-7.0, -3.0, -2.0; 15
-6.0, -3.0, -2.0; 73
-5.0, -3.0, -2.0; 115
2.0, -3.0, -2.0; 2
3.0, -3.0, -2.0; 2
4.0, -3.0, -2.0; 1
5.0, -3.0, -2.0; 3
6.0, -3.0, -2.0; 1
7.0, -3.0, -2.0; 2
9.0, -3.0, -2.0; 1
-10.0, -2.0, -2.0; 4
-9.0, -2.0, -2.0; 18
-8.0, -2.0, -2.0; 17
-7.0, -2.0, -2.0; 23
-6.0, -2.0, -2.0; 27
-5.0, -2.0, -2.0; 11
3.0, -2.0, -2.0; 1
4.0, -2.0, -2.0; 1
7.0, -2.0, -2.0; 1
8.0, -2.0, -2.0; 1
-10.0, -1.0, -2.0; 4
-9.0, -1.0, -2.0; 18
-8.0, -1.0, -2.0; 24
-7.0, -1.0, -2.0; 10
-6.0, -1.0, -2.0; 1
-5.0, -1.0, -2.0; 1
4.0, -1.0, -2.0; 1
5.0, -1.0, -2.0; 1
-10.0, 0.0, -2.0; 4
-9.0, 0.0, -2.0; 11
-8.0, 0.0, -2.0; 14
-7.0, 0.0, -2.0; 7
-6.0, 0.0, -2.0; 46
-5.0, 0.0, -2.0; 5
4.0, 0.0, -2.0; 1
5.0, 0.0, -2.0; 1
6.0, 0.0, -2.0; 1
-10.0, 1.0, -2.0; 5
-9.0, 1.0, -2.0; 14
-8.0, 1.0, -2.0; 6
-7.0, 1.0, -2.0; 11
-6.0, 1.0, -2.0; 1370
-5.0, 1.0, -2.0; 79
5.0, 1.0, -2.0; 1
6.0, 1.0, -2.0; 2
7.0, 1.0, -2.0; 1
8.0, 1.0, -2.0; 1
-10.0, 2.0, -2.0; 8
-9.0, 2.0, -2.0; 13
-8.0, 2.0, -2.0; 6
-7.0, 2.0, -2.0; 19
-6.0, 2.0, -2.0; 150
-5.0, 2.0, -2.0; 49
-4.0, 2.0, -2.0; 1
3.0, 2.0, -2.0; 1
5.0, 2.0, -2.0; 2
6.0, 2.0, -2.0; 1
-10.0, 3.0, -2.0; 2
-9.0, 3.0, -2.0; 17
-8.0, 3.0, -2.0; 14
-7.0, 3.0, -2.0; 7
-6.0, 3.0, -2.0; 34
-5.0, 3.0, -2.0; 8
-3.0, 3.0, -2.0; 1
-1.0, 3.0, -2.0; 1
1.0, 3.0, -2.0; 1
2.0, 3.0, -2.0; 1
4.0, 3.0, -2.0; 5
5.0, 3.0, -2.0; 4
6.0, 3.0, -2.0; 2
7.0, 3.0, -2.0; 2
-9.0, 4.0, -2.0; 24
-8.0, 4.0, -2.0; 23
-7.0, 4.0, -2.0; 4
-6.0, 4.0, -2.0; 10
-5.0, 4.0, -2.0; 20
-1.0, 4.0, -2.0; 1
0.0, 4.0, -2.0; 3
1.0, 4.0, -2.0; 11
2.0, 4.0, -2.0; 12
3.0, 4.0, -2.0; 4
4.0, 4.0, -2.0; 9
5.0, 4.0, -2.0; 4
6.0, 4.0, -2.0; 1
-9.0, 5.0, -2.0; 5
-8.0, 5.0, -2.0; 30
-7.0, 5.0, -2.0; 20
-6.0, 5.0, -2.0; 3
-5.0, 5.0, -2.0; 6
-4.0, 5.0, -2.0; 2
-3.0, 5.0, -2.0; 1
-2.0, 5.0, -2.0; 1
-1.0, 5.0, -2.0; 15
0.0, 5.0, -2.0; 99
1.0, 5.0, -2.0; 126
2.0, 5.0, -2.0; 22
3.0, 5.0, -2.0; 7
4.0, 5.0, -2.0; 7
5.0, 5.0, -2.0; 1
-8.0, 6.0, -2.0; 13
-7.0, 6.0, -2.0; 53
-6.0, 6.0, -2.0; 43
-5.0, 6.0, -2.0; 8
-4.0, 6.0, -2.0; 3
-3.0, 6.0, -2.0; 5
-2.0, 6.0, -2.0; 34
-1.0, 6.0, -2.0; 166
0.0, 6.0, -2.0; 257
1.0, 6.0, -2.0; 107
2.0, 6.0, -2.0; 1
3.0, 6.0, -2.0; 1
4.0, 6.0, -2.0; 3
5.0, 6.0, -2.0; 1
6.0, 6.0, -2.0; 1
-7.0, 7.0, -2.0; 9
-6.0, 7.0, -2.0; 29
-5.0, 7.0, -2.0; 36
-4.0, 7.0, -2.0; 17
-3.0, 7.0, -2.0; 2
-2.0, 7.0, -2.0; 3
-1.0, 7.0, -2.0; 7
0.0, 7.0, -2.0; 6
1.0, 7.0, -2.0; 2
2.0, 7.0, -2.0; 4
3.0, 7.0, -2.0; 6
4.0, 7.0, -2.0; 1
6.0, 7.0, -2.0; 3
-6.0, 8.0, -2.0; 3
-5.0, 8.0, -2.0; 4
-4.0, 8.0, -2.0; 14
-3.0, 8.0, -2.0; 20
-2.0, 8.0, -2.0; 19
-1.0, 8.0, -2.0; 10
0.0, 8.0, -2.0; 18
1.0, 8.0, -2.0; 11
2.0, 8.0, -2.0; 12
3.0, 8.0, -2.0; 6
4.0, 8.0, -2.0; 1
-4.0, 9.0, -2.0; 3
-3.0, 9.0, -2.0; 11
-2.0, 9.0, -2.0; 17
-1.0, 9.0, -2.0; 23
0.0, 9.0, -2.0; 37
1.0, 9.0, -2.0; 25
2.0, 9.0, -2.0; 12
3.0, 9.0, -2.0; 2
-5.0, -10.0, -1.0; 4
-4.0, -10.0, -1.0; 38
-3.0, -10.0, -1.0; 78
-2.0, -10.0, -1.0; 97
-1.0, -10.0, -1.0; 69
0.0, -10.0, -1.0; 36
1.0, -10.0, -1.0; 16
2.0, -10.0, -1.0; 5
3.0, -10.0, -1.0; 1
-6.0, -9.0, -1.0; 26
-5.0, -9.0, -1.0; 43
-4.0, -9.0, -1.0; 15
-3.0, -9.0, -1.0; 8
-2.0, -9.0, -1.0; 12
-1.0, -9.0, -1.0; 19
0.0, -9.0, -1.0; 7
1.0, -9.0, -1.0; 8
2.0, -9.0, -1.0; 4
3.0, -9.0, -1.0; 1
4.0, -9.0, -1.0; 2
5.0, -9.0, -1.0; 1
-8.0, -8.0, -1.0; 2
-7.0, -8.0, -1.0; 28
-6.0, -8.0, -1.0; 21
-5.0, -8.0, -1.0; 5
-4.0, -8.0, -1.0; 3
-3.0, -8.0, -1.0; 1
-2.0, -8.0, -1.0; 7
-1.0, -8.0, -1.0; 45
0.0, -8.0, -1.0; 12
1.0, -8.0, -1.0; 3
2.0, -8.0, -1.0; 2
3.0, -8.0, -1.0; 3
5.0, -8.0, -1.0; 1
-8.0, -7.0, -1.0; 18
-7.0, -7.0, -1.0; 21
-6.0, -7.0, -1.0; 2
-5.0, -7.0, -1.0; 2
-4.0, -7.0, -1.0; 3
-3.0, -7.0, -1.0; 1
-2.0, -7.0, -1.0; 18
-1.0, -7.0, -1.0; 107
0.0, -7.0, -1.0; 217
1.0, -7.0, -1.0; 57
2.0, -7.0, -1.0; 2
3.0, -7.0, -1.0; 12
4.0, -7.0, -1.0; 4
5.0, -7.0, -1.0; 3
-9.0, -6.0, -1.0; 4
-8.0, -6.0, -1.0; 30
-7.0, -6.0, -1.0; 17
-6.0, -6.0, -1.0; 1
-5.0, -6.0, -1.0; 3
-3.0, -6.0, -1.0; 1
-1.0, -6.0, -1.0; 10
0.0, -6.0, -1.0; 16
1.0, -6.0, -1.0; 24
2.0, -6.0, -1.0; 11
3.0, -6.0, -1.0; 5
4.0, -6.0, -1.0; 4
5.0, -6.0, -1.0; 4
7.0, -6.0, -1.0; 1
-9.0, -5.0, -1.0; 16
-8.0, -5.0, -1.0; 26
-7.0, -5.0, -1.0; 5
-6.0, -5.0, -1.0; 41
-5.0, -5.0, -1.0; 3
-4.0, -5.0, -1.0; 1
-1.0, -5.0, -1.0; 1
0.0, -5.0, -1.0; 1
1.0, -5.0, -1.0; 3
2.0, -5.0, -1.0; 11
3.0, -5.0, -1.0; 2
5.0, -5.0, -1.0; 1
7.0, -5.0, -1.0; 1
8.0, -5.0, -1.0; 1
-10.0, -4.0, -1.0; 7
-9.0, -4.0, -1.0; 37
-8.0, -4.0, -1.0; 32
-7.0, -4.0, -1.0; 57
-6.0, -4.0, -1.0; 23
-5.0, -4.0, -1.0; 18
-4.0, -4.0, -1.0; 1
2.0, -4.0, -1.0; 3
3.0, -4.0, -1.0; 1
4.0, -4.0, -1.0; 2
5.0, -4.0, -1.0; 1
6.0, -4.0, -1.0; 2
-10.0, -3.0, -1.0; 14
-9.0, -3.0, -1.0; 19
-8.0, -3.0, -1.0; 15
-7.0, -3.0, -1.0; 19
-6.0, -3.0, -1.0; 55
-5.0, -3.0, -1.0; 42
-4.0, -3.0, -1.0; 1
3.0, -3.0, -1.0; 1
4.0, -3.0, -1.0; 1
5.0, -3.0, -1.0; 1
9.0, -3.0, -1.0; 2
-10.0, -2.0, -1.0; 5
-9.0, -2.0, -1.0; 19
-8.0, -2.0, -1.0; 15
-7.0, -2.0, -1.0; 10
-6.0, -2.0, -1.0; 17
-5.0, -2.0, -1.0; 1
4.0, -2.0, -1.0; 1
5.0, -2.0, -1.0; 1
6.0, -2.0, -1.0; 3
8.0, -2.0, -1.0; 1
-10.0, -1.0, -1.0; 5
-9.0, -1.0, -1.0; 18
-8.0, -1.0, -1.0; 15
-7.0, -1.0, -1.0; 11
-6.0, -1.0, -1.0; 1
-5.0, -1.0, -1.0; 1
4.0, -1.0, -1.0; 2
-10.0, 0.0, -1.0; 8
-9.0, 0.0, -1.0; 13
-8.0, 0.0, -1.0; 18
-7.0, 0.0, -1.0; 7
-6.0, 0.0, -1.0; 24
-5.0, 0.0, -1.0; 2
7.0, 0.0, -1.0; 1
-10.0, 1.0, -1.0; 5
-9.0, 1.0, -1.0; 16
-8.0, 1.0, -1.0; 5
-7.0, 1.0, -1.0; 8
-6.0, 1.0, -1.0; 4039
-5.0, 1.0, -1.0; 244
4.0, 1.0, -1.0; 2
6.0, 1.0, -1.0; 2
7.0, 1.0, -1.0; 1
-10.0, 2.0, -1.0; 3
-9.0, 2.0, -1.0; 13
-8.0, 2.0, -1.0; 10
-7.0, 2.0, -1.0; 9
-6.0, 2.0, -1.0; 433
-5.0, 2.0, -1.0; 217
5.0, 2.0, -1.0; 1
6.0, 2.0, -1.0; 2
7.0, 2.0, -1.0; 1
-10.0, 3.0, -1.0; 3
-9.0, 3.0, -1.0; 21
-8.0, 3.0, -1.0; 10
-7.0, 3.0, -1.0; 12
-6.0, 3.0, -1.0; 31
-5.0, 3.0, -1.0; 29
-4.0, 3.0, -1.0; 2
-3.0, 3.0, -1.0; 3
3.0, 3.0, -1.0; 2
4.0, 3.0, -1.0; 2
5.0, 3.0, -1.0; 1
6.0, 3.0, -1.0; 3
7.0, 3.0, -1.0; 1
-9.0, 4.0, -1.0; 20
-8.0, 4.0, -1.0; 25
-7.0, 4.0, -1.0; 6
-6.0, 4.0, -1.0; 24
-5.0, 4.0, -1.0; 55
-2.0, 4.0, -1.0; 2
2.0, 4.0, -1.0; 10
3.0, 4.0, -1.0; 2
4.0, 4.0, -1.0; 4
5.0, 4.0, -1.0; 4
6.0, 4.0, -1.0; 3
7.0, 4.0, -1.0; 1
-9.0, 5.0, -1.0; 13
-8.0, 5.0, -1.0; 38
-7.0, 5.0, -1.0; 39
-6.0, 5.0, -1.0; 2
-5.0, 5.0, -1.0; 15
-4.0, 5.0, -1.0; 32
-3.0, 5.0, -1.0; 13
-2.0, 5.0, -1.0; 3
-1.0, 5.0, -1.0; 5
0.0, 5.0, -1.0; 16
1.0, 5.0, -1.0; 33
2.0, 5.0, -1.0; 17
3.0, 5.0, -1.0; 7
4.0, 5.0, -1.0; 3
5.0, 5.0, -1.0; 1
6.0, 5.0, -1.0; 1
-8.0, 6.0, -1.0; 24
-7.0, 6.0, -1.0; 310
-6.0, 6.0, -1.0; 798
-5.0, 6.0, -1.0; 50
-4.0, 6.0, -1.0; 18
-3.0, 6.0, -1.0; 21
-2.0, 6.0, -1.0; 36
-1.0, 6.0, -1.0; 155
0.0, 6.0, -1.0; 331
1.0, 6.0, -1.0; 116
2.0, 6.0, -1.0; 1
3.0, 6.0, -1.0; 2
4.0, 6.0, -1.0; 6
-7.0, 7.0, -1.0; 15
-6.0, 7.0, -1.0; 137
-5.0, 7.0, -1.0; 140
-4.0, 7.0, -1.0; 50
-3.0, 7.0, -1.0; 15
-2.0, 7.0, -1.0; 13
-1.0, 7.0, -1.0; 47
0.0, 7.0, -1.0; 30
1.0, 7.0, -1.0; 3
2.0, 7.0, -1.0; 9
3.0, 7.0, -1.0; 6
4.0, 7.0, -1.0; 2
5.0, 7.0, -1.0; 1
6.0, 7.0, -1.0; 1
-6.0, 8.0, -1.0; 1
-5.0, 8.0, -1.0; 15
-4.0, 8.0, -1.0; 21
-3.0, 8.0, -1.0; 18
-2.0, 8.0, -1.0; 11
-1.0, 8.0, -1.0; 10
0.0, 8.0, -1.0; 8
1.0, 8.0, -1.0; 12
2.0, 8.0, -1.0; 16
3.0, 8.0, -1.0; 1
4.0, 8.0, -1.0; 3
-4.0, 9.0, -1.0; 5
-3.0, 9.0, -1.0; 18
-2.0, 9.0, -1.0; 24
-1.0, 9.0, -1.0; 45
0.0, 9.0, -1.0; 54
1.0, 9.0, -1.0; 37
2.0, 9.0, -1.0; 11
3.0, 9.0, -1.0; 2
-5.0, -10.0, 0.0; 5
-4.0, -10.0, 0.0; 26
-3.0, -10.0, 0.0; 49
-2.0, -10.0, 0.0; 50
-1.0, -10.0, 0.0; 32
0.0, -10.0, 0.0; 19
1.0, -10.0, 0.0; 13
2.0, -10.0, 0.0; 1
3.0, -10.0, 0.0; 2
-6.0, -9.0, 0.0; 23
-5.0, -9.0, 0.0; 48
-4.0, -9.0, 0.0; 23
-3.0, -9.0, 0.0; 10
-2.0, -9.0, 0.0; 8
-1.0, -9.0, 0.0; 17
0.0, -9.0, 0.0; 14
1.0, -9.0, 0.0; 9
2.0, -9.0, 0.0; 12
3.0, -9.0, 0.0; 1
-7.0, -8.0, 0.0; 29
-6.0, -8.0, 0.0; 24
-5.0, -8.0, 0.0; 10
-4.0, -8.0, 0.0; 2
-3.0, -8.0, 0.0; 3
-2.0, -8.0, 0.0; 32
-1.0, -8.0, 0.0; 51
0.0, -8.0, 0.0; 3
1.0, -8.0, 0.0; 9
2.0, -8.0, 0.0; 5
3.0, -8.0, 0.0; 2
4.0, -8.0, 0.0; 1
5.0, -8.0, 0.0; 1
-8.0, -7.0, 0.0; 12
-7.0, -7.0, 0.0; 20
-6.0, -7.0, 0.0; 5
-4.0, -7.0, 0.0; 25
-3.0, -7.0, 0.0; 107
-2.0, -7.0, 0.0; 221
-1.0, -7.0, 0.0; 379
0.0, -7.0, 0.0; 198
1.0, -7.0, 0.0; 31
2.0, -7.0, 0.0; 8
3.0, -7.0, 0.0; 16
5.0, -7.0, 0.0; 1
6.0, -7.0, 0.0; 2
-9.0, -6.0, 0.0; 3
-8.0, -6.0, 0.0; 16
-7.0, -6.0, 0.0; 19
-6.0, -6.0, 0.0; 13
-5.0, -6.0, 0.0; 42
-4.0, -6.0, 0.0; 7
-3.0, -6.0, 0.0; 14
-2.0, -6.0, 0.0; 25
-1.0, -6.0, 0.0; 33
0.0, -6.0, 0.0; 24
1.0, -6.0, 0.0; 14
2.0, -6.0, 0.0; 2
3.0, -6.0, 0.0; 8
4.0, -6.0, 0.0; 4
5.0, -6.0, 0.0; 1
6.0, -6.0, 0.0; 2
7.0, -6.0, 0.0; 1
-10.0, -5.0, 0.0; 1
-9.0, -5.0, 0.0; 14
-8.0, -5.0, 0.0; 26
-7.0, -5.0, 0.0; 17
-6.0, -5.0, 0.0; 182
-5.0, -5.0, 0.0; 11
-4.0, -5.0, 0.0; 4
-3.0, -5.0, 0.0; 4
-2.0, -5.0, 0.0; 2
-1.0, -5.0, 0.0; 1
0.0, -5.0, 0.0; 1
1.0, -5.0, 0.0; 1
2.0, -5.0, 0.0; 5
3.0, -5.0, 0.0; 4
5.0, -5.0, 0.0; 1
6.0, -5.0, 0.0; 2
8.0, -5.0, 0.0; 1
-10.0, -4.0, 0.0; 8
-9.0, -4.0, 0.0; 29
-8.0, -4.0, 0.0; 26
-7.0, -4.0, 0.0; 38
-6.0, -4.0, 0.0; 122
-5.0, -4.0, 0.0; 11
3.0, -4.0, 0.0; 2
5.0, -4.0, 0.0; 1
6.0, -4.0, 0.0; 1
7.0, -4.0, 0.0; 1
8.0, -4.0, 0.0; 2
-10.0, -3.0, 0.0; 12
-9.0, -3.0, 0.0; 13
-8.0, -3.0, 0.0; 21
-7.0, -3.0, 0.0; 10
-6.0, -3.0, 0.0; 19
-5.0, -3.0, 0.0; 11
5.0, -3.0, 0.0; 2
8.0, -3.0, 0.0; 1
-10.0, -2.0, 0.0; 7
-9.0, -2.0, 0.0; 11
-8.0, -2.0, 0.0; 18
-7.0, -2.0, 0.0; 4
-6.0, -2.0, 0.0; 9
-5.0, -2.0, 0.0; 1
4.0, -2.0, 0.0; 1
6.0, -2.0, 0.0; 1
-10.0, -1.0, 0.0; 8
-9.0, -1.0, 0.0; 14
-8.0, -1.0, 0.0; 22
-7.0, -1.0, 0.0; 20
-6.0, -1.0, 0.0; 4
-5.0, -1.0, 0.0; 1
-10.0, 0.0, 0.0; 3
-9.0, 0.0, 0.0; 22
-8.0, 0.0, 0.0; 17
-7.0, 0.0, 0.0; 10
-6.0, 0.0, 0.0; 11
-5.0, 0.0, 0.0; 1
-4.0, 0.0, 0.0; 1
5.0
21.4548313322
