4.0, 0.0, 0.0; 1
7.0, 0.0, 0.0; 1
-10.0, 1.0, 0.0; 1
-9.0, 1.0, 0.0; 3
-8.0, 1.0, 0.0; 1
-7.0, 1.0, 0.0; 5
-6.0, 1.0, 0.0; 85
-5.0, 1.0, 0.0; 36
-10.0, 2.0, 0.0; 1
-9.0, 2.0, 0.0; 4
-8.0, 2.0, 0.0; 4
-7.0, 2.0, 0.0; 3
-6.0, 2.0, 0.0; 32
-5.0, 2.0, 0.0; 78
-4.0, 2.0, 0.0; 2
4.0, 2.0, 0.0; 1
-9.0, 3.0, 0.0; 10
-8.0, 3.0, 0.0; 9
-7.0, 3.0, 0.0; 8
-6.0, 3.0, 0.0; 12
-5.0, 3.0, 0.0; 37
-3.0, 3.0, 0.0; 1
-2.0, 3.0, 0.0; 1
3.0, 3.0, 0.0; 2
7.0, 3.0, 0.0; 1
8.0, 3.0, 0.0; 1
-9.0, 4.0, 0.0; 8
-8.0, 4.0, 0.0; 13
-7.0, 4.0, 0.0; 9
-6.0, 4.0, 0.0; 9
-5.0, 4.0, 0.0; 26
-4.0, 4.0, 0.0; 11
-1.0, 4.0, 0.0; 2
1.0, 4.0, 0.0; 3
2.0, 4.0, 0.0; 2
3.0, 4.0, 0.0; 1
4.0, 4.0, 0.0; 1
5.0, 4.0, 0.0; 2
6.0, 4.0, 0.0; 1
7.0, 4.0, 0.0; 1
-8.0, 5.0, 0.0; 13
-7.0, 5.0, 0.0; 15
-6.0, 5.0, 0.0; 10
-5.0, 5.0, 0.0; 19
-4.0, 5.0, 0.0; 38
-3.0, 5.0, 0.0; 27
-2.0, 5.0, 0.0; 15
-1.0, 5.0, 0.0; 9
0.0, 5.0, 0.0; 16
1.0, 5.0, 0.0; 19
2.0, 5.0, 0.0; 2
3.0, 5.0, 0.0; 4
4.0, 5.0, 0.0; 5
5.0, 5.0, 0.0; 1
6.0, 5.0, 0.0; 1
7.0, 5.0, 0.0; 1
-8.0, 6.0, 0.0; 4
-7.0, 6.0, 0.0; 92
-6.0, 6.0, 0.0; 696
-5.0, 6.0, 0.0; 71
-4.0, 6.0, 0.0; 21
-3.0, 6.0, 0.0; 31
-2.0, 6.0, 0.0; 38
-1.0, 6.0, 0.0; 70
0.0, 6.0, 0.0; 73
1.0, 6.0, 0.0; 13
3.0, 6.0, 0.0; 5
4.0, 6.0, 0.0; 2
5.0, 6.0, 0.0; 1
6.0, 6.0, 0.0; 2
7.0, 6.0, 0.0; 1
-7.0, 7.0, 0.0; 5
-6.0, 7.0, 0.0; 42
-5.0, 7.0, 0.0; 73
-4.0, 7.0, 0.0; 10
-3.0, 7.0, 0.0; 7
-2.0, 7.0, 0.0; 12
-1.0, 7.0, 0.0; 33
0.0, 7.0, 0.0; 8
2.0, 7.0, 0.0; 7
3.0, 7.0, 0.0; 4
4.0, 7.0, 0.0; 1
5.0, 7.0, 0.0; 1
6.0, 7.0, 0.0; 2
-5.0, 8.0, 0.0; 6
-4.0, 8.0, 0.0; 3
-3.0, 8.0, 0.0; 2
-1.0, 8.0, 0.0; 3
0.0, 8.0, 0.0; 6
1.0, 8.0, 0.0; 8
2.0, 8.0, 0.0; 5
3.0, 8.0, 0.0; 2
4.0, 8.0, 0.0; 1
-5.0, 9.0, 0.0; 1
-4.0, 9.0, 0.0; 1
-3.0, 9.0, 0.0; 7
-2.0, 9.0, 0.0; 8
-1.0, 9.0, 0.0; 13
0.0, 9.0, 0.0; 5
1.0, 9.0, 0.0; 6
2.0, 9.0, 0.0; 1
-4.0, -10.0, 1.0; 1
-3.0, -10.0, 1.0; 8
-2.0, -10.0, 1.0; 3
-1.0, -10.0, 1.0; 5
0.0, -10.0, 1.0; 2
1.0, -10.0, 1.0; 4
3.0, -10.0, 1.0; 1
-6.0, -9.0, 1.0; 5
-5.0, -9.0, 1.0; 5
-4.0, -9.0, 1.0; 18
-3.0, -9.0, 1.0; 8
-2.0, -9.0, 1.0; 5
-1.0, -9.0, 1.0; 4
0.0, -9.0, 1.0; 7
1.0, -9.0, 1.0; 4
2.0, -9.0, 1.0; 4
3.0, -9.0, 1.0; 1
4.0, -9.0, 1.0; 3
-7.0, -8.0, 1.0; 2
-6.0, -8.0, 1.0; 11
-5.0, -8.0, 1.0; 3
-4.0, -8.0, 1.0; 2
-3.0, -8.0, 1.0; 1
-2.0, -8.0, 1.0; 1
-1.0, -8.0, 1.0; 3
0.0, -8.0, 1.0; 2
1.0, -8.0, 1.0; 7
4.0, -8.0, 1.0; 2
-8.0, -7.0, 1.0; 3
-7.0, -7.0, 1.0; 7
-6.0, -7.0, 1.0; 3
-5.0, -7.0, 1.0; 2
-4.0, -7.0, 1.0; 25
-3.0, -7.0, 1.0; 59
-2.0, -7.0, 1.0; 95
-1.0, -7.0, 1.0; 64
0.0, -7.0, 1.0; 20
1.0, -7.0, 1.0; 7
2.0, -7.0, 1.0; 9
3.0, -7.0, 1.0; 7
4.0, -7.0, 1.0; 1
5.0, -7.0, 1.0; 1
-8.0, -6.0, 1.0; 8
-7.0, -6.0, 1.0; 10
-6.0, -6.0, 1.0; 2
-5.0, -6.0, 1.0; 38
-4.0, -6.0, 1.0; 61
-3.0, -6.0, 1.0; 33
-2.0, -6.0, 1.0; 23
-1.0, -6.0, 1.0; 15
0.0, -6.0, 1.0; 14
1.0, -6.0, 1.0; 8
2.0, -6.0, 1.0; 16
3.0, -6.0, 1.0; 9
4.0, -6.0, 1.0; 1
5.0, -6.0, 1.0; 3
6.0, -6.0, 1.0; 1
-9.0, -5.0, 1.0; 1
-8.0, -5.0, 1.0; 7
-7.0, -5.0, 1.0; 5
-6.0, -5.0, 1.0; 24
-5.0, -5.0, 1.0; 27
-4.0, -5.0, 1.0; 2
-3.0, -5.0, 1.0; 11
-2.0, -5.0, 1.0; 11
-1.0, -5.0, 1.0; 2
0.0, -5.0, 1.0; 1
1.0, -5.0, 1.0; 2
2.0, -5.0, 1.0; 6
3.0, -5.0, 1.0; 5
5.0, -5.0, 1.0; 1
-10.0, -4.0, 1.0; 2
-9.0, -4.0, 1.0; 4
-8.0, -4.0, 1.0; 13
-7.0, -4.0, 1.0; 3
-6.0, -4.0, 1.0; 33
-5.0, -4.0, 1.0; 5
-4.0, -4.0, 1.0; 1
-3.0, -4.0, 1.0; 3
2.0, -4.0, 1.0; 2
3.0, -4.0, 1.0; 3
-10.0, -3.0, 1.0; 6
-9.0, -3.0, 1.0; 3
-8.0, -3.0, 1.0; 6
-7.0, -3.0, 1.0; 4
-6.0, -3.0, 1.0; 1
-5.0, -3.0, 1.0; 1
-10.0, -2.0, 1.0; 4
-9.0, -2.0, 1.0; 3
-8.0, -2.0, 1.0; 5
-7.0, -2.0, 1.0; 3
-6.0, -2.0, 1.0; 10
-5.0, -2.0, 1.0; 4
-4.0, -2.0, 1.0; 1
4.0, -2.0, 1.0; 1
5.0, -2.0, 1.0; 1
6.0, -2.0, 1.0; 1
-10.0, -1.0, 1.0; 2
-9.0, -1.0, 1.0; 1
-8.0, -1.0, 1.0; 5
-7.0, -1.0, 1.0; 3
-6.0, -1.0, 1.0; 5
-5.0, -1.0, 1.0; 2
3.0, -1.0, 1.0; 1
-10.0, 0.0, 1.0; 3
-8.0, 0.0, 1.0; 7
-7.0, 0.0, 1.0; 7
-6.0, 0.0, 1.0; 10
-5.0, 0.0, 1.0; 3
-10.0, 1.0, 1.0; 1
-9.0, 1.0, 1.0; 1
-8.0, 1.0, 1.0; 4
-7.0, 1.0, 1.0; 4
-6.0, 1.0, 1.0; 9
-5.0, 1.0, 1.0; 9
4.0, 1.0, 1.0; 1
5.0, 1.0, 1.0; 1
-9.0, 2.0, 1.0; 10
-8.0, 2.0, 1.0; 12
-7.0, 2.0, 1.0; 1
-6.0, 2.0, 1.0; 6
-5.0, 2.0, 1.0; 39
-4.0, 2.0, 1.0; 6
5.0, 2.0, 1.0; 1
6.0, 2.0, 1.0; 1
-9.0, 3.0, 1.0; 2
-8.0, 3.0, 1.0; 16
-7.0, 3.0, 1.0; 4
-6.0, 3.0, 1.0; 6
-5.0, 3.0, 1.0; 21
-4.0, 3.0, 1.0; 14
-3.0, 3.0, 1.0; 1
2.0, 3.0, 1.0; 2
3.0, 3.0, 1.0; 1
4.0, 3.0, 1.0; 1
-9.0, 4.0, 1.0; 5
-8.0, 4.0, 1.0; 12
-7.0, 4.0, 1.0; 11
-6.0, 4.0, 1.0; 14
-5.0, 4.0, 1.0; 16
-4.0, 4.0, 1.0; 24
-3.0, 4.0, 1.0; 7
-2.0, 4.0, 1.0; 4
-1.0, 4.0, 1.0; 1
0.0, 4.0, 1.0; 3
1.0, 4.0, 1.0; 13
2.0, 4.0, 1.0; 2
3.0, 4.0, 1.0; 6
6.0, 4.0, 1.0; 1
-9.0, 5.0, 1.0; 1
-8.0, 5.0, 1.0; 12
-7.0, 5.0, 1.0; 5
-6.0, 5.0, 1.0; 10
-5.0, 5.0, 1.0; 18
-4.0, 5.0, 1.0; 119
-3.0, 5.0, 1.0; 1067
-2.0, 5.0, 1.0; 367
-1.0, 5.0, 1.0; 16
0.0, 5.0, 1.0; 17
1.0, 5.0, 1.0; 6
3.0, 5.0, 1.0; 7
4.0, 5.0, 1.0; 3
6.0, 5.0, 1.0; 1
7.0, 5.0, 1.0; 2
-8.0, 6.0, 1.0; 10
-7.0, 6.0, 1.0; 17
-6.0, 6.0, 1.0; 93
-5.0, 6.0, 1.0; 22
-4.0, 6.0, 1.0; 41
-3.0, 6.0, 1.0; 44
-2.0, 6.0, 1.0; 30
-1.0, 6.0, 1.0; 19
0.0, 6.0, 1.0; 4
1.0, 6.0, 1.0; 1
2.0, 6.0, 1.0; 1
3.0, 6.0, 1.0; 6
4.0, 6.0, 1.0; 3
-7.0, 7.0, 1.0; 6
-6.0, 7.0, 1.0; 10
-5.0, 7.0, 1.0; 28
-4.0, 7.0, 1.0; 9
-3.0, 7.0, 1.0; 3
-2.0, 7.0, 1.0; 3
-1.0, 7.0, 1.0; 10
0.0, 7.0, 1.0; 3
1.0, 7.0, 1.0; 7
2.0, 7.0, 1.0; 3
3.0, 7.0, 1.0; 5
4.0, 7.0, 1.0; 3
-6.0, 8.0, 1.0; 2
-5.0, 8.0, 1.0; 4
-4.0, 8.0, 1.0; 1
-3.0, 8.0, 1.0; 7
-2.0, 8.0, 1.0; 8
-1.0, 8.0, 1.0; 9
0.0, 8.0, 1.0; 10
1.0, 8.0, 1.0; 4
2.0, 8.0, 1.0; 3
4.0, 8.0, 1.0; 1
-3.0, 9.0, 1.0; 2
-2.0, 9.0, 1.0; 2
-1.0, 9.0, 1.0; 3
0.0, 9.0, 1.0; 8
1.0, 9.0, 1.0; 5
2.0, 9.0, 1.0; 2
-3.0, -10.0, 2.0; 1
-2.0, -10.0, 2.0; 1
-1.0, -10.0, 2.0; 1
0.0, -10.0, 2.0; 4
2.0, -10.0, 2.0; 1
3.0, -10.0, 2.0; 1
-6.0, -9.0, 2.0; 1
-5.0, -9.0, 2.0; 3
-4.0, -9.0, 2.0; 9
-3.0, -9.0, 2.0; 5
-2.0, -9.0, 2.0; 8
-1.0, -9.0, 2.0; 4
0.0, -9.0, 2.0; 1
1.0, -9.0, 2.0; 1
2.0, -9.0, 2.0; 2
3.0, -9.0, 2.0; 3
-7.0, -8.0, 2.0; 1
-6.0, -8.0, 2.0; 15
-5.0, -8.0, 2.0; 8
-4.0, -8.0, 2.0; 12
-3.0, -8.0, 2.0; 6
-2.0, -8.0, 2.0; 6
-1.0, -8.0, 2.0; 1
0.0, -8.0, 2.0; 5
1.0, -8.0, 2.0; 8
2.0, -8.0, 2.0; 3
3.0, -8.0, 2.0; 3
4.0, -8.0, 2.0; 3
5.0, -8.0, 2.0; 1
-8.0, -7.0, 2.0; 1
-7.0, -7.0, 2.0; 4
-6.0, -7.0, 2.0; 19
-5.0, -7.0, 2.0; 5
-3.0, -7.0, 2.0; 2
-2.0, -7.0, 2.0; 4
-1.0, -7.0, 2.0; 8
0.0, -7.0, 2.0; 3
1.0, -7.0, 2.0; 3
2.0, -7.0, 2.0; 2
3.0, -7.0, 2.0; 2
5.0, -7.0, 2.0; 2
-8.0, -6.0, 2.0; 1
-7.0, -6.0, 2.0; 10
-6.0, -6.0, 2.0; 1
-5.0, -6.0, 2.0; 9
-4.0, -6.0, 2.0; 41
-3.0, -6.0, 2.0; 35
-2.0, -6.0, 2.0; 49
-1.0, -6.0, 2.0; 21
0.0, -6.0, 2.0; 7
1.0, -6.0, 2.0; 6
2.0, -6.0, 2.0; 3
3.0, -6.0, 2.0; 2
5.0, -6.0, 2.0; 1
-8.0, -5.0, 2.0; 3
-7.0, -5.0, 2.0; 13
-6.0, -5.0, 2.0; 2
-5.0, -5.0, 2.0; 30
-4.0, -5.0, 2.0; 39
-3.0, -5.0, 2.0; 13
-2.0, -5.0, 2.0; 4
-1.0, -5.0, 2.0; 2
0.0, -5.0, 2.0; 2
1.0, -5.0, 2.0; 4
2.0, -5.0, 2.0; 4
5.0, -5.0, 2.0; 1
7.0, -5.0, 2.0; 1
-8.0, -4.0, 2.0; 8
-7.0, -4.0, 2.0; 6
-6.0, -4.0, 2.0; 6
-5.0, -4.0, 2.0; 4
-4.0, -4.0, 2.0; 1
-2.0, -4.0, 2.0; 1
2.0, -4.0, 2.0; 1
-9.0, -3.0, 2.0; 2
-8.0, -3.0, 2.0; 4
-7.0, -3.0, 2.0; 6
-6.0, -3.0, 2.0; 4
-5.0, -3.0, 2.0; 2
-4.0, -3.0, 2.0; 6
-3.0, -3.0, 2.0; 1
0.0, -3.0, 2.0; 1
4.0, -3.0, 2.0; 1
-10.0, -2.0, 2.0; 3
-9.0, -2.0, 2.0; 2
-8.0, -2.0, 2.0; 6
-7.0, -2.0, 2.0; 13
-6.0, -2.0, 2.0; 3
-5.0, -2.0, 2.0; 10
-4.0, -2.0, 2.0; 12
-3.0, -2.0, 2.0; 1
4.0, -2.0, 2.0; 1
6.0, -2.0, 2.0; 1
-10.0, -1.0, 2.0; 2
-9.0, -1.0, 2.0; 2
-8.0, -1.0, 2.0; 5
-7.0, -1.0, 2.0; 4
-6.0, -1.0, 2.0; 5
-5.0, -1.0, 2.0; 5
-4.0, -1.0, 2.0; 4
-10.0, 0.0, 2.0; 1
-9.0, 0.0, 2.0; 3
-8.0, 0.0, 2.0; 9
-7.0, 0.0, 2.0; 6
-6.0, 0.0, 2.0; 15
-5.0, 0.0, 2.0; 11
-4.0, 0.0, 2.0; 1
9.0, 0.0, 2.0; 1
-10.0, 1.0, 2.0; 2
-9.0, 1.0, 2.0; 1
-8.0, 1.0, 2.0; 4
-7.0, 1.0, 2.0; 5
-6.0, 1.0, 2.0; 19
-5.0, 1.0, 2.0; 126
-4.0, 1.0, 2.0; 165
-3.0, 1.0, 2.0; 1
5.0, 1.0, 2.0; 1
-10.0, 2.0, 2.0; 2
-9.0, 2.0, 2.0; 2
-8.0, 2.0, 2.0; 3
-7.0, 2.0, 2.0; 6
-6.0, 2.0, 2.0; 4
-5.0, 2.0, 2.0; 253
-4.0, 2.0, 2.0; 1368
-3.0, 2.0, 2.0; 23
-2.0, 2.0, 2.0; 1
3.0, 2.0, 2.0; 1
4.0, 2.0, 2.0; 1
5.0, 2.0, 2.0; 1
-9.0, 3.0, 2.0; 2
-8.0, 3.0, 2.0; 7
-7.0, 3.0, 2.0; 7
-6.0, 3.0, 2.0; 5
-5.0, 3.0, 2.0; 14
-4.0, 3.0, 2.0; 89
-3.0, 3.0, 2.0; 30
-2.0, 3.0, 2.0; 5
-1.0, 3.0, 2.0; 1
0.0, 3.0, 2.0; 1
1.0, 3.0, 2.0; 5
2.0, 3.0, 2.0; 2
5.0, 3.0, 2.0; 1
6.0, 3.0, 2.0; 2
-9.0, 4.0, 2.0; 3
-8.0, 4.0, 2.0; 8
-7.0, 4.0, 2.0; 8
-6.0, 4.0, 2.0; 8
-5.0, 4.0, 2.0; 7
-4.0, 4.0, 2.0; 12
-3.0, 4.0, 2.0; 34
-2.0, 4.0, 2.0; 42
-1.0, 4.0, 2.0; 26
0.0, 4.0, 2.0; 7
1.0, 4.0, 2.0; 2
2.0, 4.0, 2.0; 1
3.0, 4.0, 2.0; 2
4.0, 4.0, 2.0; 1
5.0, 4.0, 2.0; 2
-8.0, 5.0, 2.0; 2
-7.0, 5.0, 2.0; 3
-6.0, 5.0, 2.0; 5
-5.0, 5.0, 2.0; 10
-4.0, 5.0, 2.0; 32
-3.0, 5.0, 2.0; 142
-2.0, 5.0, 2.0; 114
-1.0, 5.0, 2.0; 14
0.0, 5.0, 2.0; 4
1.0, 5.0, 2.0; 3
2.0, 5.0, 2.0; 1
3.0, 5.0, 2.0; 3
4.0, 5.0, 2.0; 4
-8.0, 6.0, 2.0; 2
-7.0, 6.0, 2.0; 8
-6.0, 6.0, 2.0; 12
-5.0, 6.0, 2.0; 4
-4.0, 6.0, 2.0; 4
-3.0, 6.0, 2.0; 7
-2.0, 6.0, 2.0; 7
-1.0, 6.0, 2.0; 3
1.0, 6.0, 2.0; 3
2.0, 6.0, 2.0; 4
3.0, 6.0, 2.0; 4
4.0, 6.0, 2.0; 1
5.0, 6.0, 2.0; 1
-7.0, 7.0, 2.0; 2
-6.0, 7.0, 2.0; 8
-5.0, 7.0, 2.0; 7
-4.0, 7.0, 2.0; 5
-3.0, 7.0, 2.0; 2
-2.0, 7.0, 2.0; 2
-1.0, 7.0, 2.0; 1
0.0, 7.0, 2.0; 3
1.0, 7.0, 2.0; 3
3.0, 7.0, 2.0; 1
4.0, 7.0, 2.0; 2
-5.0, 8.0, 2.0; 7
-4.0, 8.0, 2.0; 8
-3.0, 8.0, 2.0; 3
-2.0, 8.0, 2.0; 4
-1.0, 8.0, 2.0; 7
0.0, 8.0, 2.0; 1
1.0, 8.0, 2.0; 4
2.0, 8.0, 2.0; 3
-3.0, 9.0, 2.0; 3
-2.0, 9.0, 2.0; 5
-1.0, 9.0, 2.0; 2
0.0, 9.0, 2.0; 2
-2.0, -10.0, 3.0; 1
0.0, -10.0, 3.0; 1
2.0, -10.0, 3.0; 1
-4.0, -9.0, 3.0; 2
-3.0, -9.0, 3.0; 2
-2.0, -9.0, 3.0; 3
-1.0, -9.0, 3.0; 5
0.0, -9.0, 3.0; 2
1.0, -9.0, 3.0; 3
3.0, -9.0, 3.0; 3
-6.0, -8.0, 3.0; 2
-5.0, -8.0, 3.0; 6
-4.0, -8.0, 3.0; 10
-3.0, -8.0, 3.0; 8
-2.0, -8.0, 3.0; 8
-1.0, -8.0, 3.0; 7
0.0, -8.0, 3.0; 7
1.0, -8.0, 3.0; 4
2.0, -8.0, 3.0; 1
3.0, -8.0, 3.0; 1
4.0, -8.0, 3.0; 1
5.0, -8.0, 3.0; 1
-7.0, -7.0, 3.0; 3
-6.0, -7.0, 3.0; 11
-5.0, -7.0, 3.0; 8
-4.0, -7.0, 3.0; 9
-3.0, -7.0, 3.0; 2
-1.0, -7.0, 3.0; 4
0.0, -7.0, 3.0; 5
1.0, -7.0, 3.0; 5
2.0, -7.0, 3.0; 2
3.0, -7.0, 3.0; 2
5.0, -7.0, 3.0; 1
-7.0, -6.0, 3.0; 8
-6.0, -6.0, 3.0; 5
-5.0, -6.0, 3.0; 6
-3.0, -6.0, 3.0; 2
-2.0, -6.0, 3.0; 2
-1.0, -6.0, 3.0; 5
0.0, -6.0, 3.0; 3
1.0, -6.0, 3.0; 5
2.0, -6.0, 3.0; 3
5.0, -6.0, 3.0; 2
6.0, -6.0, 3.0; 1
-9.0, -5.0, 3.0; 1
-8.0, -5.0, 3.0; 2
-7.0, -5.0, 3.0; 6
-6.0, -5.0, 3.0; 2
-5.0, -5.0, 3.0; 1
-4.0, -5.0, 3.0; 3
-3.0, -5.0, 3.0; 5
-2.0, -5.0, 3.0; 3
-1.0, -5.0, 3.0; 2
0.0, -5.0, 3.0; 4
1.0, -5.0, 3.0; 4
2.0, -5.0, 3.0; 3
5.0, -5.0, 3.0; 1
-9.0, -4.0, 3.0; 2
-7.0, -4.0, 3.0; 10
-6.0, -4.0, 3.0; 2
-5.0, -4.0, 3.0; 1
-4.0, -4.0, 3.0; 2
-3.0, -4.0, 3.0; 6
-2.0, -4.0, 3.0; 14
-1.0, -4.0, 3.0; 3
2.0, -4.0, 3.0; 1
5.0, -4.0, 3.0; 1
-9.0, -3.0, 3.0; 2
-7.0, -3.0, 3.0; 7
-6.0, -3.0, 3.0; 7
-5.0, -3.0, 3.0; 6
-4.0, -3.0, 3.0; 9
-3.0, -3.0, 3.0; 24
-2.0, -3.0, 3.0; 6
-1.0, -3.0, 3.0; 2
0.0, -3.0, 3.0; 1
4.0, -3.0, 3.0; 2
5.0, -3.0, 3.0; 1
-10.0, -2.0, 3.0; 2
-9.0, -2.0, 3.0; 1
-8.0, -2.0, 3.0; 2
-7.0, -2.0, 3.0; 4
-6.0, -2.0, 3.0; 11
-5.0, -2.0, 3.0; 11
-4.0, -2.0, 3.0; 4
-3.0, -2.0, 3.0; 5
0.0, -2.0, 3.0; 2
1.0, -2.0, 3.0; 5
2.0, -2.0, 3.0; 4
-9.0, -1.0, 3.0; 1
-8.0, -1.0, 3.0; 1
-7.0, -1.0, 3.0; 1
-6.0, -1.0, 3.0; 5
-5.0, -1.0, 3.0; 7
-4.0, -1.0, 3.0; 3
-3.0, -1.0, 3.0; 7
-2.0, -1.0, 3.0; 1
-1.0, -1.0, 3.0; 1
1.0, -1.0, 3.0; 3
2.0, -1.0, 3.0; 3
6.0, -1.0, 3.0; 1
7.0, -1.0, 3.0; 1
-9.0, 0.0, 3.0; 4
-8.0, 0.0, 3.0; 1
-7.0, 0.0, 3.0; 1
-6.0, 0.0, 3.0; 3
-5.0, 0.0, 3.0; 8
-4.0, 0.0, 3.0; 7
-3.0, 0.0, 3.0; 1
-2.0, 0.0, 3.0; 1
-9.0, 1.0, 3.0; 3
-8.0, 1.0, 3.0; 6
-7.0, 1.0, 3.0; 1
-6.0, 1.0, 3.0; 4
-5.0, 1.0, 3.0; 15
-4.0, 1.0, 3.0; 74
-3.0, 1.0, 3.0; 22
-2.0, 1.0, 3.0; 2
3.0, 1.0, 3.0; 3
-9.0, 2.0, 3.0; 3
-8.0, 2.0, 3.0; 4
-7.0, 2.0, 3.0; 3
-6.0, 2.0, 3.0; 2
-5.0, 2.0, 3.0; 4
-4.0, 2.0, 3.0; 193
-3.0, 2.0, 3.0; 123
-2.0, 2.0, 3.0; 5
-1.0, 2.0, 3.0; 2
0.0, 2.0, 3.0; 1
1.0, 2.0, 3.0; 3
2.0, 2.0, 3.0; 6
3.0, 2.0, 3.0; 2
-9.0, 3.0, 3.0; 2
-8.0, 3.0, 3.0; 8
-7.0, 3.0, 3.0; 3
-6.0, 3.0, 3.0; 8
-5.0, 3.0, 3.0; 2
-4.0, 3.0, 3.0; 8
-3.0, 3.0, 3.0; 21
-2.0, 3.0, 3.0; 8
-1.0, 3.0, 3.0; 5
0.0, 3.0, 3.0; 4
1.0, 3.0, 3.0; 6
2.0, 3.0, 3.0; 1
4.0, 3.0, 3.0; 1
5.0, 3.0, 3.0; 2
6.0, 3.0, 3.0; 1
7.0, 3.0, 3.0; 1
-9.0, 4.0, 3.0; 1
-8.0, 4.0, 3.0; 4
-7.0, 4.0, 3.0; 9
-6.0, 4.0, 3.0; 3
-5.0, 4.0, 3.0; 4
-4.0, 4.0, 3.0; 2
-3.0, 4.0, 3.0; 5
-2.0, 4.0, 3.0; 10
-1.0, 4.0, 3.0; 6
0.0, 4.0, 3.0; 1
2.0, 4.0, 3.0; 3
3.0, 4.0, 3.0; 1
4.0, 4.0, 3.0; 1
5.0, 4.0, 3.0; 1
6.0, 4.0, 3.0; 1
-8.0, 5.0, 3.0; 11
-7.0, 5.0, 3.0; 10
-6.0, 5.0, 3.0; 8
-5.0, 5.0, 3.0; 6
-4.0, 5.0, 3.0; 5
-3.0, 5.0, 3.0; 4
-2.0, 5.0, 3.0; 2
-1.0, 5.0, 3.0; 1
2.0, 5.0, 3.0; 3
3.0, 5.0, 3.0; 2
4.0, 5.0, 3.0; 5
5.0, 5.0, 3.0; 1
-8.0, 6.0, 3.0; 2
-7.0, 6.0, 3.0; 6
-6.0, 6.0, 3.0; 9
-5.0, 6.0, 3.0; 5
-4.0, 6.0, 3.0; 8
-3.0, 6.0, 3.0; 3
-2.0, 6.0, 3.0; 1
-1.0, 6.0, 3.0; 2
0.0, 6.0, 3.0; 4
2.0, 6.0, 3.0; 6
3.0, 6.0, 3.0; 2
4.0, 6.0, 3.0; 1
-6.0, 7.0, 3.0; 2
-5.0, 7.0, 3.0; 6
-4.0, 7.0, 3.0; 10
-3.0, 7.0, 3.0; 7
-2.0, 7.0, 3.0; 6
-1.0, 7.0, 3.0; 4
0.0, 7.0, 3.0; 3
1.0, 7.0, 3.0; 7
2.0, 7.0, 3.0; 2
3.0, 7.0, 3.0; 1
4.0, 7.0, 3.0; 1
-5.0, 8.0, 3.0; 2
-4.0, 8.0, 3.0; 7
-3.0, 8.0, 3.0; 4
-2.0, 8.0, 3.0; 5
-1.0, 8.0, 3.0; 6
0.0, 8.0, 3.0; 1
3.0, 8.0, 3.0; 2
-3.0, 9.0, 3.0; 2
-2.0, 9.0, 3.0; 3
0.0, 9.0, 3.0; 2
-2.0, -9.0, 4.0; 3
-1.0, -9.0, 4.0; 1
0.0, -9.0, 4.0; 2
2.0, -9.0, 4.0; 2
-5.0, -8.0, 4.0; 2
-4.0, -8.0, 4.0; 5
-3.0, -8.0, 4.0; 3
-2.0, -8.0, 4.0; 2
-1.0, -8.0, 4.0; 2
1.0, -8.0, 4.0; 3
2.0, -8.0, 4.0; 1
5.0, -8.0, 4.0; 1
-7.0, -7.0, 4.0; 1
-6.0, -7.0, 4.0; 3
-5.0, -7.0, 4.0; 6
-4.0, -7.0, 4.0; 14
-3.0, -7.0, 4.0; 8
-2.0, -7.0, 4.0; 8
-1.0, -7.0, 4.0; 9
0.0, -7.0, 4.0; 5
1.0, -7.0, 4.0; 3
6.0, -7.0, 4.0; 1
-7.0, -6.0, 4.0; 1
-6.0, -6.0, 4.0; 6
-5.0, -6.0, 4.0; 8
-4.0, -6.0, 4.0; 9
-3.0, -6.0, 4.0; 5
-2.0, -6.0, 4.0; 2
-1.0, -6.0, 4.0; 4
0.0, -6.0, 4.0; 6
1.0, -6.0, 4.0; 1
2.0, -6.0, 4.0; 2
4.0, -6.0, 4.0; 4
6.0, -6.0, 4.0; 2
-8.0, -5.0, 4.0; 1
-7.0, -5.0, 4.0; 3
-6.0, -5.0, 4.0; 3
-5.0, -5.0, 4.0; 8
-4.0, -5.0, 4.0; 6
-3.0, -5.0, 4.0; 4
-2.0, -5.0, 4.0; 5
-1.0, -5.0, 4.0; 4
0.0, -5.0, 4.0; 3
1.0, -5.0, 4.0; 2
2.0, -5.0, 4.0; 1
6.0, -5.0, 4.0; 1
-8.0, -4.0, 4.0; 1
-7.0, -4.0, 4.0; 3
-6.0, -4.0, 4.0; 6
-5.0, -4.0, 4.0; 3
-4.0, -4.0, 4.0; 4
-3.0, -4.0, 4.0; 6
-2.0, -4.0, 4.0; 1
-1.0, -4.0, 4.0; 5
0.0, -4.0, 4.0; 6
1.0, -4.0, 4.0; 2
2.0, -4.0, 4.0; 2
7.0, -4.0, 4.0; 1
-8.0, -3.0, 4.0; 3
-6.0, -3.0, 4.0; 7
-5.0, -3.0, 4.0; 4
-4.0, -3.0, 4.0; 5
-3.0, -3.0, 4.0; 3
-2.0, -3.0, 4.0; 5
-1.0, -3.0, 4.0; 1
0.0, -3.0, 4.0; 2
1.0, -3.0, 4.0; 1
5.0, -3.0, 4.0; 1
6.0, -3.0, 4.0; 1
-9.0, -2.0, 4.0; 1
-8.0, -2.0, 4.0; 2
-7.0, -2.0, 4.0; 4
-6.0, -2.0, 4.0; 4
-5.0, -2.0, 4.0; 5
-4.0, -2.0, 4.0; 6
-3.0, -2.0, 4.0; 5
-2.0, -2.0, 4.0; 2
-1.0, -2.0, 4.0; 6
0.0, -2.0, 4.0; 7
1.0, -2.0, 4.0; 2
2.0, -2.0, 4.0; 2
-9.0, -1.0, 4.0; 2
-8.0, -1.0, 4.0; 3
-7.0, -1.0, 4.0; 2
-6.0, -1.0, 4.0; 3
-5.0, -1.0, 4.0; 1
-4.0, -1.0, 4.0; 2
-3.0, -1.0, 4.0; 2
-2.0, -1.0, 4.0; 3
-1.0, -1.0, 4.0; 11
0.0, -1.0, 4.0; 10
1.0, -1.0, 4.0; 4
2.0, -1.0, 4.0; 2
-9.0, 0.0, 4.0; 3
-8.0, 0.0, 4.0; 2
-7.0, 0.0, 4.0; 4
-6.0, 0.0, 4.0; 2
-4.0, 0.0, 4.0; 2
-3.0, 0.0, 4.0; 7
-2.0, 0.0, 4.0; 7
-1.0, 0.0, 4.0; 1
0.0, 0.0, 4.0; 2
1.0, 0.0, 4.0; 1
2.0, 0.0, 4.0; 1
3.0, 0.0, 4.0; 1
5.0, 0.0, 4.0; 1
6.0, 0.0, 4.0; 1
8.0, 0.0, 4.0; 1
-9.0, 1.0, 4.0; 1
-8.0, 1.0, 4.0; 4
-7.0, 1.0, 4.0; 3
-6.0, 1.0, 4.0; 4
-5.0, 1.0, 4.0; 1
-4.0, 1.0, 4.0; 4
-3.0, 1.0, 4.0; 1
-2.0, 1.0, 4.0; 4
-1.0, 1.0, 4.0; 2
0.0, 1.0, 4.0; 2
1.0, 1.0, 4.0; 2
2.0, 1.0, 4.0; 2
3.0, 1.0, 4.0; 1
-8.0, 2.0, 4.0; 2
-7.0, 2.0, 4.0; 4
-6.0, 2.0, 4.0; 3
-5.0, 2.0, 4.0; 4
-4.0, 2.0, 4.0; 2
-3.0, 2.0, 4.0; 1
-2.0, 2.0, 4.0; 5
-1.0, 2.0, 4.0; 4
0.0, 2.0, 4.0; 12
1.0, 2.0, 4.0; 13
2.0, 2.0, 4.0; 3
3.0, 2.0, 4.0; 1
-8.0, 3.0, 4.0; 5
-7.0, 3.0, 4.0; 6
-6.0, 3.0, 4.0; 4
-4.0, 3.0, 4.0; 5
-2.0, 3.0, 4.0; 1
-1.0, 3.0, 4.0; 2
0.0, 3.0, 4.0; 4
1.0, 3.0, 4.0; 6
2.0, 3.0, 4.0; 2
4.0, 3.0, 4.0; 2
-8.0, 4.0, 4.0; 2
-7.0, 4.0, 4.0; 4
-6.0, 4.0, 4.0; 4
-5.0, 4.0, 4.0; 3
-4.0, 4.0, 4.0; 4
-3.0, 4.0, 4.0; 2
-2.0, 4.0, 4.0; 1
1.0, 4.0, 4.0; 1
2.0, 4.0, 4.0; 1
3.0, 4.0, 4.0; 1
4.0, 4.0, 4.0; 1
5.0, 4.0, 4.0; 2
-8.0, 5.0, 4.0; 2
-7.0, 5.0, 4.0; 5
-6.0, 5.0, 4.0; 3
-5.0, 5.0, 4.0; 3
-4.0, 5.0, 4.0; 5
-3.0, 5.0, 4.0; 3
-2.0, 5.0, 4.0; 3
-1.0, 5.0, 4.0; 6
0.0, 5.0, 4.0; 4
1.0, 5.0, 4.0; 2
2.0, 5.0, 4.0; 1
5.0, 5.0, 4.0; 1
-6.0, 6.0, 4.0; 4
-5.0, 6.0, 4.0; 3
-4.0, 6.0, 4.0; 6
-3.0, 6.0, 4.0; 5
-2.0, 6.0, 4.0; 5
-1.0, 6.0, 4.0; 3
0.0, 6.0, 4.0; 9
1.0, 6.0, 4.0; 2
2.0, 6.0, 4.0; 1
-4.0, 7.0, 4.0; 3
-3.0, 7.0, 4.0; 3
-2.0, 7.0, 4.0; 9
-1.0, 7.0, 4.0; 5
0.0, 7.0, 4.0; 2
1.0, 7.0, 4.0; 2
-4.0, 8.0, 4.0; 2
-3.0, 8.0, 4.0; 4
-2.0, 8.0, 4.0; 3
-1.0, 8.0, 4.0; 4
1.0, 8.0, 4.0; 1
-1.0, -9.0, 5.0; 1
0.0, -9.0, 5.0; 1
1.0, -9.0, 5.0; 2
-3.0, -8.0, 5.0; 3
-2.0, -8.0, 5.0; 1
1.0, -8.0, 5.0; 1
2.0, -8.0, 5.0; 1
-6.0, -7.0, 5.0; 2
-5.0, -7.0, 5.0; 1
-4.0, -7.0, 5.0; 3
-3.0, -7.0, 5.0; 1
-2.0, -7.0, 5.0; 1
-1.0, -7.0, 5.0; 1
0.0, -7.0, 5.0; 1
2.0, -7.0, 5.0; 2
-6.0, -6.0, 5.0; 1
-5.0, -6.0, 5.0; 4
-3.0, -6.0, 5.0; 2
-2.0, -6.0, 5.0; 2
0.0, -6.0, 5.0; 1
1.0, -6.0, 5.0; 2
2.0, -6.0, 5.0; 2
4.0, -6.0, 5.0; 2
-8.0, -5.0, 5.0; 2
-7.0, -5.0, 5.0; 3
-6.0, -5.0, 5.0; 2
-5.0, -5.0, 5.0; 3
-4.0, -5.0, 5.0; 7
-3.0, -5.0, 5.0; 3
-2.0, -5.0, 5.0; 4
-1.0, -5.0, 5.0; 1
0.0, -5.0, 5.0; 2
1.0, -5.0, 5.0; 2
2.0, -5.0, 5.0; 1
-6.0, -4.0, 5.0; 1
-5.0, -4.0, 5.0; 6
-3.0, -4.0, 5.0; 7
-2.0, -4.0, 5.0; 4
-1.0, -4.0, 5.0; 6
0.0, -4.0, 5.0; 1
1.0, -4.0, 5.0; 2
-8.0, -3.0, 5.0; 1
-7.0, -3.0, 5.0; 1
-6.0, -3.0, 5.0; 1
-5.0, -3.0, 5.0; 3
-4.0, -3.0, 5.0; 2
-3.0, -3.0, 5.0; 2
-2.0, -3.0, 5.0; 2
-1.0, -3.0, 5.0; 1
0.0, -3.0, 5.0; 2
1.0, -3.0, 5.0; 3
3.0, -3.0, 5.0; 1
4.0, -3.0, 5.0; 1
-9.0, -2.0, 5.0; 1
-7.0, -2.0, 5.0; 1
-6.0, -2.0, 5.0; 2
-1.0, -2.0, 5.0; 2
0.0, -2.0, 5.0; 6
1.0, -2.0, 5.0; 3
2.0, -2.0, 5.0; 1
5.0, -2.0, 5.0; 1
-8.0, -1.0, 5.0; 4
-6.0, -1.0, 5.0; 2
-5.0, -1.0, 5.0; 3
-4.0, -1.0, 5.0; 1
-3.0, -1.0, 5.0; 1
-2.0, -1.0, 5.0; 1
0.0, -1.0, 5.0; 1
1.0, -1.0, 5.0; 4
2.0, -1.0, 5.0; 1
-8.0, 0.0, 5.0; 4
-7.0, 0.0, 5.0; 3
-6.0, 0.0, 5.0; 2
-5.0, 0.0, 5.0; 1
-4.0, 0.0, 5.0; 3
-3.0, 0.0, 5.0; 1
2.0, 0.0, 5.0; 1
3.0, 0.0, 5.0; 1
-8.0, 1.0, 5.0; 1
-7.0, 1.0, 5.0; 7
-6.0, 1.0, 5.0; 4
-5.0, 1.0, 5.0; 3
-3.0, 1.0, 5.0; 2
-2.0, 1.0, 5.0; 1
-1.0, 1.0, 5.0; 1
0.0, 1.0, 5.0; 4
2.0, 1.0, 5.0; 1
-8.0, 2.0, 5.0; 4
-7.0, 2.0, 5.0; 5
-6.0, 2.0, 5.0; 2
-4.0, 2.0, 5.0; 1
-2.0, 2.0, 5.0; 2
-1.0, 2.0, 5.0; 5
0.0, 2.0, 5.0; 4
4.0, 2.0, 5.0; 1
7.0, 2.0, 5.0; 1
-6.0, 3.0, 5.0; 1
-5.0, 3.0, 5.0; 1
-4.0, 3.0, 5.0; 1
-3.0, 3.0, 5.0; 1
-2.0, 3.0, 5.0; 4
-1.0, 3.0, 5.0; 4
0.0, 3.0, 5.0; 1
3.0, 3.0, 5.0; 1
4.0, 3.0, 5.0; 1
-7.0, 4.0, 5.0; 2
-6.0, 4.0, 5.0; 3
-4.0, 4.0, 5.0; 3
-3.0, 4.0, 5.0; 2
0.0, 4.0, 5.0; 3
1.0, 4.0, 5.0; 1
2.0, 4.0, 5.0; 1
-6.0, 5.0, 5.0; 3
-5.0, 5.0, 5.0; 7
-4.0, 5.0, 5.0; 8
-3.0, 5.0, 5.0; 3
-2.0, 5.0, 5.0; 2
2.0, 5.0, 5.0; 1
3.0, 5.0, 5.0; 3
-5.0, 6.0, 5.0; 2
-4.0, 6.0, 5.0; 1
-3.0, 6.0, 5.0; 1
-2.0, 6.0, 5.0; 3
-1.0, 6.0, 5.0; 1
0.0, 6.0, 5.0; 3
-5.0, 7.0, 5.0; 1
-3.0, 7.0, 5.0; 1
-2.0, 7.0, 5.0; 1
-1.0, 7.0, 5.0; 1
2.0, 7.0, 5.0; 1
-4.0, -7.0, 6.0; 1
-3.0, -7.0, 6.0; 6
-2.0, -7.0, 6.0; 2
-1.0, -7.0, 6.0; 3
1.0, -7.0, 6.0; 1
2.0, -7.0, 6.0; 1
-6.0, -6.0, 6.0; 1
-5.0, -6.0, 6.0; 1
-4.0, -6.0, 6.0; 2
-3.0, -6.0, 6.0; 1
-2.0, -6.0, 6.0; 3
-1.0, -6.0, 6.0; 2
3.0, -6.0, 6.0; 2
-7.0, -5.0, 6.0; 1
-6.0, -5.0, 6.0; 5
-5.0, -5.0, 6.0; 6
-3.0, -5.0, 6.0; 1
-2.0, -5.0, 6.0; 1
1.0, -5.0, 6.0; 1
2.0, -5.0, 6.0; 1
4.0, -5.0, 6.0; 1
-7.0, -4.0, 6.0; 1
-6.0, -4.0, 6.0; 5
-5.0, -4.0, 6.0; 5
-4.0, -4.0, 6.0; 2
-3.0, -4.0, 6.0; 1
-2.0, -4.0, 6.0; 2
-1.0, -4.0, 6.0; 2
0.0, -4.0, 6.0; 2
2.0, -4.0, 6.0; 2
-8.0, -3.0, 6.0; 1
-7.0, -3.0, 6.0; 2
-6.0, -3.0, 6.0; 1
-4.0, -3.0, 6.0; 5
-3.0, -3.0, 6.0; 2
-2.0, -3.0, 6.0; 2
-1.0, -3.0, 6.0; 1
0.0, -3.0, 6.0; 1
2.0, -3.0, 6.0; 1
-7.0, -2.0, 6.0; 1
-4.0, -2.0, 6.0; 1
0.0, -2.0, 6.0; 4
1.0, -2.0, 6.0; 1
3.0, -2.0, 6.0; 1
-8.0, -1.0, 6.0; 2
-7.0, -1.0, 6.0; 1
-5.0, -1.0, 6.0; 1
-4.0, -1.0, 6.0; 1
-2.0, -1.0, 6.0; 3
1.0, -1.0, 6.0; 4
-7.0, 0.0, 6.0; 2
-6.0, 0.0, 6.0; 1
-5.0, 0.0, 6.0; 4
-4.0, 0.0, 6.0; 2
-3.0, 0.0, 6.0; 1
0.0, 0.0, 6.0; 1
1.0, 0.0, 6.0; 2
-8.0, 1.0, 6.0; 1
-7.0, 1.0, 6.0; 1
-6.0, 1.0, 6.0; 3
-5.0, 1.0, 6.0; 1
-4.0, 1.0, 6.0; 1
-2.0, 1.0, 6.0; 1
0.0, 1.0, 6.0; 2
1.0, 1.0, 6.0; 1
2.0, 1.0, 6.0; 3
-8.0, 2.0, 6.0; 1
-7.0, 2.0, 6.0; 4
-4.0, 2.0, 6.0; 5
-3.0, 2.0, 6.0; 3
-2.0, 2.0, 6.0; 1
-1.0, 2.0, 6.0; 1
2.0, 2.0, 6.0; 1
3.0, 2.0, 6.0; 1
-7.0, 3.0, 6.0; 1
-5.0, 3.0, 6.0; 1
-4.0, 3.0, 6.0; 1
-1.0, 3.0, 6.0; 1
1.0, 3.0, 6.0; 2
6.0, 3.0, 6.0; 1
-5.0, 4.0, 6.0; 2
-4.0, 4.0, 6.0; 1
-3.0, 4.0, 6.0; 1
-2.0, 4.0, 6.0; 1
0.0, 4.0, 6.0; 1
3.0, 4.0, 6.0; 1
-4.0, 5.0, 6.0; 2
-2.0, 5.0, 6.0; 3
-1.0, 5.0, 6.0; 2
0.0, 5.0, 6.0; 1
-4.0, 6.0, 6.0; 1
-3.0, 6.0, 6.0; 1
-2.0, 6.0, 6.0; 1
-1.0, 6.0, 6.0; 1
0.0, 6.0, 6.0; 1
-1.0, 7.0, 6.0; 1
-2.0, -7.0, 7.0; 3
-1.0, -7.0, 7.0; 4
1.0, -7.0, 7.0; 1
-4.0, -6.0, 7.0; 1
-3.0, -6.0, 7.0; 2
-1.0, -6.0, 7.0; 2
0.0, -6.0, 7.0; 1
-4.0, -5.0, 7.0; 1
-3.0, -5.0, 7.0; 2
-1.0, -5.0, 7.0; 1
1.0, -5.0, 7.0; 1
2.0, -5.0, 7.0; 1
-5.0, -4.0, 7.0; 2
-4.0, -4.0, 7.0; 1
-2.0, -4.0, 7.0; 1
-1.0, -4.0, 7.0; 2
0.0, -4.0, 7.0; 2
3.0, -4.0, 7.0; 1
-7.0, -3.0, 7.0; 2
-6.0, -3.0, 7.0; 2
-3.0, -3.0, 7.0; 1
-2.0, -3.0, 7.0; 1
-1.0, -3.0, 7.0; 2
0.0, -3.0, 7.0; 2
5.0, -3.0, 7.0; 2
-7.0, -2.0, 7.0; 1
-4.0, -2.0, 7.0; 4
-3.0, -2.0, 7.0; 3
-2.0, -2.0, 7.0; 4
-1.0, -2.0, 7.0; 3
1.0, -2.0, 7.0; 2
-4.0, -1.0, 7.0; 2
-2.0, -1.0, 7.0; 2
0.0, -1.0, 7.0; 1
6.0, -1.0, 7.0; 1
-5.0, 0.0, 7.0; 1
-4.0, 0.0, 7.0; 1
-3.0, 0.0, 7.0; 1
-2.0, 0.0, 7.0; 2
2.0, 0.0, 7.0; 1
-4.0, 1.0, 7.0; 1
-1.0, 1.0, 7.0; 2
0.0, 1.0, 7.0; 1
2.0, 1.0, 7.0; 1
4.0, 1.0, 7.0; 1
-6.0, 2.0, 7.0; 1
-5.0, 2.0, 7.0; 1
-3.0, 2.0, 7.0; 2
-2.0, 2.0, 7.0; 1
-1.0, 2.0, 7.0; 2
0.0, 2.0, 7.0; 3
-6.0, 3.0, 7.0; 1
-3.0, 3.0, 7.0; 4
-2.0, 3.0, 7.0; 2
0.0, 3.0, 7.0; 1
-2.0, 4.0, 7.0; 1
-1.0, 4.0, 7.0; 1
-5.0, 5.0, 7.0; 1
-3.0, 5.0, 7.0; 1
0.0, 5.0, 7.0; 1
-1.0, 6.0, 7.0; 2
0.0, 6.0, 7.0; 1
-2.0, -6.0, 8.0; 1
1.0, -6.0, 8.0; 1
-4.0, -5.0, 8.0; 1
0.0, -5.0, 8.0; 1
-4.0, -4.0, 8.0; 2
1.0, -4.0, 8.0; 1
-4.0, -3.0, 8.0; 1
-1.0, -3.0, 8.0; 1
4.0, -3.0, 8.0; 1
-6.0, -2.0, 8.0; 1
-5.0, -2.0, 8.0; 1
-2.0, -2.0, 8.0; 4
1.0, -2.0, 8.0; 1
-4.0, -1.0, 8.0; 1
-3.0, -1.0, 8.0; 1
-2.0, -1.0, 8.0; 1
-1.0, -1.0, 8.0; 2
0.0, -1.0, 8.0; 1
-5.0, 0.0, 8.0; 1
-3.0, 0.0, 8.0; 1
-2.0, 1.0, 8.0; 1
-1.0, 1.0, 8.0; 3
-5.0, 2.0, 8.0; 1
0.0, 2.0, 8.0; 1
-3.0, 3.0, 8.0; 1
-1.0, 3.0, 8.0; 1
2.0, 4.0, 8.0; 1
-2.0, -4.0, 9.0; 1
1.0, -3.0, 9.0; 1
-3.0, -2.0, 9.0; 2
-3.0, -1.0, 9.0; 1
-3.0, 1.0, 9.0; 1
0.0, 1.0, 9.0; 1
-1.0, -4.0, -10.0; 2
0.0, -4.0, -10.0; 1
-3.0, -3.0, -10.0; 2
-2.0, -3.0, -10.0; 1
-1.0, -3.0, -10.0; 3
1.0, -3.0, -10.0; 1
-3.0, -2.0, -10.0; 3
-2.0, -2.0, -10.0; 1
-1.0, -2.0, -10.0; 1
0.0, -2.0, -10.0; 1
1.0, -2.0, -10.0; 2
-4.0, -1.0, -10.0; 1
-3.0, -1.0, -10.0; 1
-2.0, -1.0, -10.0; 2
-1.0, -1.0, -10.0; 1
0.0, -1.0, -10.0; 2
-4.0, 0.0, -10.0; 1
-2.0, 0.0, -10.0; 1
0.0, 0.0, -10.0; 3
3.0, 0.0, -10.0; 1
-3.0, 1.0, -10.0; 3
-2.0, 1.0, -10.0; 1
2.0, 1.0, -10.0; 2
3.0, 1.0, -10.0; 1
-1.0, 2.0, -10.0; 1
0.0, 2.0, -10.0; 1
2.0, 2.0, -10.0; 2
-2.0, -6.0, -9.0; 1
-1.0, -6.0, -9.0; 1
0.0, -6.0, -9.0; 1
1.0, -6.0, -9.0; 3
-3.0, -5.0, -9.0; 1
-1.0, -5.0, -9.0; 3
0.0, -5.0, -9.0; 4
1.0, -5.0, -9.0; 1
2.0, -5.0, -9.0; 1
-3.0, -4.0, -9.0; 2
-2.0, -4.0, -9.0; 1
-1.0, -4.0, -9.0; 1
0.0, -4.0, -9.0; 3
1.0, -4.0, -9.0; 4
2.0, -4.0, -9.0; 3
-6.0, -3.0, -9.0; 1
-4.0, -3.0, -9.0; 1
-3.0, -3.0, -9.0; 2
-2.0, -3.0, -9.0; 2
-1.0, -3.0, -9.0; 1
0.0, -3.0, -9.0; 2
1.0, -3.0, -9.0; 2
2.0, -3.0, -9.0; 1
-5.0, -2.0, -9.0; 1
-4.0, -2.0, -9.0; 5
-2.0, -2.0, -9.0; 2
-1.0, -2.0, -9.0; 3
0.0, -2.0, -9.0; 2
1.0, -2.0, -9.0; 5
2.0, -2.0, -9.0; 3
4.0, -2.0, -9.0; 1
-6.0, -1.0, -9.0; 1
-5.0, -1.0, -9.0; 1
-4.0, -1.0, -9.0; 1
-3.0, -1.0, -9.0; 1
-2.0, -1.0, -9.0; 1
-1.0, -1.0, -9.0; 1
0.0, -1.0, -9.0; 4
1.0, -1.0, -9.0; 5
4.0, -1.0, -9.0; 4
5.0, -1.0, -9.0; 2
-6.0, 0.0, -9.0; 1
-5.0, 0.0, -9.0; 2
-4.0, 0.0, -9.0; 5
-3.0, 0.0, -9.0; 7
-2.0, 0.0, -9.0; 4
-1.0, 0.0, -9.0; 2
0.0, 0.0, -9.0; 2
1.0, 0.0, -9.0; 3
4.0, 0.0, -9.0; 2
5.0, 0.0, -9.0; 2
-6.0, 1.0, -9.0; 1
-5.0, 1.0, -9.0; 3
-4.0, 1.0, -9.0; 7
-3.0, 1.0, -9.0; 7
-2.0, 1.0, -9.0; 3
-1.0, 1.0, -9.0; 3
1.0, 1.0, -9.0; 1
4.0, 1.0, -9.0; 3
-5.0, 2.0, -9.0; 1
-4.0, 2.0, -9.0; 13
-3.0, 2.0, -9.0; 20
-2.0, 2.0, -9.0; 9
-1.0, 2.0, -9.0; 3
0.0, 2.0, -9.0; 2
2.0, 2.0, -9.0; 2
3.0, 2.0, -9.0; 4
-3.0, 3.0, -9.0; 3
-2.0, 3.0, -9.0; 7
-1.0, 3.0, -9.0; 3
0.0, 3.0, -9.0; 4
1.0, 3.0, -9.0; 2
2.0, 3.0, -9.0; 2
3.0, 3.0, -9.0; 1
-5.0, 4.0, -9.0; 1
-4.0, 4.0, -9.0; 1
-2.0, 4.0, -9.0; 1
-1.0, 4.0, -9.0; 2
0.0, 4.0, -9.0; 1
-3.0, 5.0, -9.0; 1
-1.0, 5.0, -9.0; 1
-4.0, -7.0, -8.0; 1
-2.0, -7.0, -8.0; 1
-1.0, -7.0, -8.0; 1
0.0, -7.0, -8.0; 1
1.0, -7.0, -8.0; 6
2.0, -7.0, -8.0; 4
-4.0, -6.0, -8.0; 1
-3.0, -6.0, -8.0; 2
-2.0, -6.0, -8.0; 4
-1.0, -6.0, -8.0; 3
0.0, -6.0, -8.0; 3
1.0, -6.0, -8.0; 11
2.0, -6.0, -8.0; 2
-5.0, -5.0, -8.0; 1
-4.0, -5.0, -8.0; 4
-3.0, -5.0, -8.0; 1
-2.0, -5.0, -8.0; 2
-1.0, -5.0, -8.0; 1
0.0, -5.0, -8.0; 1
1.0, -5.0, -8.0; 5
2.0, -5.0, -8.0; 6
3.0, -5.0, -8.0; 2
-6.0, -4.0, -8.0; 1
-5.0, -4.0, -8.0; 3
-4.0, -4.0, -8.0; 7
-3.0, -4.0, -8.0; 1
-2.0, -4.0, -8.0; 2
0.0, -4.0, -8.0; 2
1.0, -4.0, -8.0; 1
2.0, -4.0, -8.0; 4
3.0, -4.0, -8.0; 4
4.0, -4.0, -8.0; 1
-5.0, -3.0, -8.0; 4
-4.0, -3.0, -8.0; 5
-3.0, -3.0, -8.0; 3
-2.0, -3.0, -8.0; 3
-1.0, -3.0, -8.0; 1
0.0, -3.0, -8.0; 1
2.0, -3.0, -8.0; 4
3.0, -3.0, -8.0; 3
-7.0, -2.0, -8.0; 2
-6.0, -2.0, -8.0; 1
-5.0, -2.0, -8.0; 4
-4.0, -2.0, -8.0; 14
-3.0, -2.0, -8.0; 4
-2.0, -2.0, -8.0; 3
0.0, -2.0, -8.0; 2
1.0, -2.0, -8.0; 2
2.0, -2.0, -8.0; 5
3.0, -2.0, -8.0; 3
6.0, -2.0, -8.0; 2
-7.0, -1.0, -8.0; 3
-6.0, -1.0, -8.0; 2
-5.0, -1.0, -8.0; 5
-4.0, -1.0, -8.0; 11
-3.0, -1.0, -8.0; 3
-2.0, -1.0, -8.0; 1
-1.0, -1.0, -8.0; 3
0.0, -1.0, -8.0; 2
1.0, -1.0, -8.0; 2
2.0, -1.0, -8.0; 5
3.0, -1.0, -8.0; 1
-7.0, 0.0, -8.0; 3
-6.0, 0.0, -8.0; 8
-5.0, 0.0, -8.0; 6
-4.0, 0.0, -8.0; 3
-3.0, 0.0, -8.0; 3
-2.0, 0.0, -8.0; 1
-1.0, 0.0, -8.0; 1
0.0, 0.0, -8.0; 2
1.0, 0.0, -8.0; 5
2.0, 0.0, -8.0; 3
5.0, 0.0, -8.0; 9
6.0, 0.0, -8.0; 18
-7.0, 1.0, -8.0; 1
-6.0, 1.0, -8.0; 3
-5.0, 1.0, -8.0; 9
-4.0, 1.0, -8.0; 6
-3.0, 1.0, -8.0; 4
-2.0, 1.0, -8.0; 1
-1.0, 1.0, -8.0; 4
0.0, 1.0, -8.0; 1
1.0, 1.0, -8.0; 5
2.0, 1.0, -8.0; 3
3.0, 1.0, -8.0; 1
5.0, 1.0, -8.0; 8
6.0, 1.0, -8.0; 3
-6.0, 2.0, -8.0; 5
-5.0, 2.0, -8.0; 6
-4.0, 2.0, -8.0; 4
-3.0, 2.0, -8.0; 4
-2.0, 2.0, -8.0; 1
-1.0, 2.0, -8.0; 1
0.0, 2.0, -8.0; 2
1.0, 2.0, -8.0; 1
3.0, 2.0, -8.0; 1
5.0, 2.0, -8.0; 5
6.0, 2.0, -8.0; 1
-5.0, 3.0, -8.0; 4
-4.0, 3.0, -8.0; 8
-3.0, 3.0, -8.0; 3
-2.0, 3.0, -8.0; 4
-1.0, 3.0, -8.0; 5
3.0, 3.0, -8.0; 1
4.0, 3.0, -8.0; 2
-5.0, 4.0, -8.0; 6
-4.0, 4.0, -8.0; 7
-3.0, 4.0, -8.0; 3
-2.0, 4.0, -8.0; 9
-1.0, 4.0, -8.0; 3
1.0, 4.0, -8.0; 2
2.0, 4.0, -8.0; 1
3.0, 4.0, -8.0; 1
4.0, 4.0, -8.0; 1
-5.0, 5.0, -8.0; 2
-4.0, 5.0, -8.0; 3
-3.0, 5.0, -8.0; 1
-2.0, 5.0, -8.0; 1
-1.0, 5.0, -8.0; 5
0.0, 5.0, -8.0; 1
1.0, 5.0, -8.0; 1
2.0, 5.0, -8.0; 1
3.0, 5.0, -8.0; 2
-3.0, 6.0, -8.0; 1
-1.0, 6.0, -8.0; 4
0.0, 6.0, -8.0; 1
1.0, 6.0, -8.0; 1
-3.0, -8.0, -7.0; 1
-1.0, -8.0, -7.0; 6
0.0, -8.0, -7.0; 3
-3.0, -7.0, -7.0; 9
-2.0, -7.0, -7.0; 7
-1.0, -7.0, -7.0; 3
0.0, -7.0, -7.0; 7
1.0, -7.0, -7.0; 5
2.0, -7.0, -7.0; 1
3.0, -7.0, -7.0; 2
-5.0, -6.0, -7.0; 8
-4.0, -6.0, -7.0; 13
-3.0, -6.0, -7.0; 13
-2.0, -6.0, -7.0; 1
-1.0, -6.0, -7.0; 4
0.0, -6.0, -7.0; 2
1.0, -6.0, -7.0; 8
2.0, -6.0, -7.0; 5
4.0, -6.0, -7.0; 3
5.0, -6.0, -7.0; 1
-6.0, -5.0, -7.0; 4
-5.0, -5.0, -7.0; 14
-4.0, -5.0, -7.0; 8
-3.0, -5.0, -7.0; 5
-2.0, -5.0, -7.0; 8
-1.0, -5.0, -7.0; 1
0.0, -5.0, -7.0; 3
2.0, -5.0, -7.0; 1
3.0, -5.0, -7.0; 4
4.0, -5.0, -7.0; 1
5.0, -5.0, -7.0; 1
-7.0, -4.0, -7.0; 1
-6.0, -4.0, -7.0; 8
-5.0, -4.0, -7.0; 9
-4.0, -4.0, -7.0; 4
-3.0, -4.0, -7.0; 2
-2.0, -4.0, -7.0; 2
-1.0, -4.0, -7.0; 1
0.0, -4.0, -7.0; 1
1.0, -4.0, -7.0; 3
3.0, -4.0, -7.0; 1
4.0, -4.0, -7.0; 1
-7.0, -3.0, -7.0; 4
-6.0, -3.0, -7.0; 4
-5.0, -3.0, -7.0; 13
-4.0, -3.0, -7.0; 3
-3.0, -3.0, -7.0; 4
-1.0, -3.0, -7.0; 1
0.0, -3.0, -7.0; 1
2.0, -3.0, -7.0; 1
4.0, -3.0, -7.0; 4
5.0, -3.0, -7.0; 1
7.0, -3.0, -7.0; 1
-8.0, -2.0, -7.0; 1
-7.0, -2.0, -7.0; 5
-6.0, -2.0, -7.0; 11
-5.0, -2.0, -7.0; 17
-4.0, -2.0, -7.0; 2
-3.0, -2.0, -7.0; 3
-2.0, -2.0, -7.0; 2
-1.0, -2.0, -7.0; 2
0.0, -2.0, -7.0; 3
1.0, -2.0, -7.0; 2
3.0, -2.0, -7.0; 5
4.0, -2.0, -7.0; 1
6.0, -2.0, -7.0; 1
7.0, -2.0, -7.0; 1
-7.0, -1.0, -7.0; 6
-6.0, -1.0, -7.0; 14
-5.0, -1.0, -7.0; 19
-4.0, -1.0, -7.0; 6
-3.0, -1.0, -7.0; 2
-2.0, -1.0, -7.0; 4
-1.0, -1.0, -7.0; 2
1.0, -1.0, -7.0; 2
2.0, -1.0, -7.0; 3
3.0, -1.0, -7.0; 2
4.0, -1.0, -7.0; 1
5.0, -1.0, -7.0; 1
6.0, -1.0, -7.0; 2
7.0, -1.0, -7.0; 8
-8.0, 0.0, -7.0; 2
-7.0, 0.0, -7.0; 3
-6.0, 0.0, -7.0; 7
-5.0, 0.0, -7.0; 11
-4.0, 0.0, -7.0; 1
-3.0, 0.0, -7.0; 1
-2.0, 0.0, -7.0; 1
-1.0, 0.0, -7.0; 3
0.0, 0.0, -7.0; 1
1.0, 0.0, -7.0; 4
2.0, 0.0, -7.0; 2
5.0, 0.0, -7.0; 1
6.0, 0.0, -7.0; 6
7.0, 0.0, -7.0; 2
-8.0, 1.0, -7.0; 2
-7.0, 1.0, -7.0; 4
-6.0, 1.0, -7.0; 9
-5.0, 1.0, -7.0; 8
-4.0, 1.0, -7.0; 2
-2.0, 1.0, -7.0; 3
-1.0, 1.0, -7.0; 1
0.0, 1.0, -7.0; 4
1.0, 1.0, -7.0; 1
5.0, 1.0, -7.0; 2
6.0, 1.0, -7.0; 14
7.0, 1.0, -7.0; 3
-7.0, 2.0, -7.0; 5
-6.0, 2.0, -7.0; 3
-5.0, 2.0, -7.0; 7
-4.0, 2.0, -7.0; 1
-3.0, 2.0, -7.0; 1
-1.0, 2.0, -7.0; 1
1.0, 2.0, -7.0; 3
2.0, 2.0, -7.0; 2
5.0, 2.0, -7.0; 3
6.0, 2.0, -7.0; 10
-7.0, 3.0, -7.0; 1
-6.0, 3.0, -7.0; 7
-4.0, 3.0, -7.0; 3
-2.0, 3.0, -7.0; 1
0.0, 3.0, -7.0; 1
1.0, 3.0, -7.0; 2
2.0, 3.0, -7.0; 1
4.0, 3.0, -7.0; 3
5.0, 3.0, -7.0; 2
6.0, 3.0, -7.0; 1
-6.0, 4.0, -7.0; 7
-5.0, 4.0, -7.0; 8
-4.0, 4.0, -7.0; 1
-3.0, 4.0, -7.0; 3
-1.0, 4.0, -7.0; 1
0.0, 4.0, -7.0; 2
1.0, 4.0, -7.0; 2
2.0, 4.0, -7.0; 2
4.0, 4.0, -7.0; 2
-6.0, 5.0, -7.0; 1
-5.0, 5.0, -7.0; 6
-4.0, 5.0, -7.0; 2
-2.0, 5.0, -7.0; 2
-1.0, 5.0, -7.0; 3
0.0, 5.0, -7.0; 4
1.0, 5.0, -7.0; 5
3.0, 5.0, -7.0; 2
-4.0, 6.0, -7.0; 2
-2.0, 6.0, -7.0; 2
-1.0, 6.0, -7.0; 1
0.0, 6.0, -7.0; 3
2.0, 6.0, -7.0; 1
-4.0, 7.0, -7.0; 1
-2.0, 7.0, -7.0; 4
0.0, 7.0, -7.0; 1
-2.0, -9.0, -6.0; 1
0.0, -9.0, -6.0; 2
-5.0, -8.0, -6.0; 1
-3.0, -8.0, -6.0; 9
-2.0, -8.0, -6.0; 70
-1.0, -8.0, -6.0; 89
0.0, -8.0, -6.0; 25
1.0, -8.0, -6.0; 11
2.0, -8.0, -6.0; 4
3.0, -8.0, -6.0; 1
-6.0, -7.0, -6.0; 2
-5.0, -7.0, -6.0; 6
-4.0, -7.0, -6.0; 9
-3.0, -7.0, -6.0; 22
-2.0, -7.0, -6.0; 105
-1.0, -7.0, -6.0; 115
0.0, -7.0, -6.0; 13
1.0, -7.0, -6.0; 6
2.0, -7.0, -6.0; 2
3.0, -7.0, -6.0; 2
4.0, -7.0, -6.0; 1
-6.0, -6.0, -6.0; 6
-5.0, -6.0, -6.0; 11
-4.0, -6.0, -6.0; 9
-3.0, -6.0, -6.0; 11
-2.0, -6.0, -6.0; 28
-1.0, -6.0, -6.0; 14
0.0, -6.0, -6.0; 5
1.0, -6.0, -6.0; 4
2.0, -6.0, -6.0; 3
3.0, -6.0, -6.0; 3
4.0, -6.0, -6.0; 1
5.0, -6.0, -6.0; 2
-7.0, -5.0, -6.0; 2
-6.0, -5.0, -6.0; 9
-5.0, -5.0, -6.0; 6
-4.0, -5.0, -6.0; 5
-3.0, -5.0, -6.0; 9
-2.0, -5.0, -6.0; 16
-1.0, -5.0, -6.0; 2
0.0, -5.0, -6.0; 7
1.0, -5.0, -6.0; 3
2.0, -5.0, -6.0; 4
3.0, -5.0, -6.0; 1
4.0, -5.0, -6.0; 1
5.0, -5.0, -6.0; 1
6.0, -5.0, -6.0; 1
-8.0, -4.0, -6.0; 1
-7.0, -4.0, -6.0; 4
-6.0, -4.0, -6.0; 9
-5.0, -4.0, -6.0; 10
-4.0, -4.0, -6.0; 9
-3.0, -4.0, -6.0; 14
-2.0, -4.0, -6.0; 8
0.0, -4.0, -6.0; 7
1.0, -4.0, -6.0; 7
3.0, -4.0, -6.0; 1
4.0, -4.0, -6.0; 2
5.0, -4.0, -6.0; 3
6.0, -4.0, -6.0; 2
7.0, -4.0, -6.0; 1
-8.0, -3.0, -6.0; 3
-7.0, -3.0, -6.0; 9
-6.0, -3.0, -6.0; 3
-5.0, -3.0, -6.0; 4
-4.0, -3.0, -6.0; 6
-3.0, -3.0, -6.0; 4
-2.0, -3.0, -6.0; 2
-1.0, -3.0, -6.0; 8
0.0, -3.0, -6.0; 20
1.0, -3.0, -6.0; 12
2.0, -3.0, -6.0; 2
4.0, -3.0, -6.0; 1
5.0, -3.0, -6.0; 2
7.0, -3.0, -6.0; 1
-8.0, -2.0, -6.0; 4
-7.0, -2.0, -6.0; 2
-6.0, -2.0, -6.0; 4
-5.0, -2.0, -6.0; 2
-4.0, -2.0, -6.0; 3
-3.0, -2.0, -6.0; 10
-2.0, -2.0, -6.0; 18
-1.0, -2.0, -6.0; 15
0.0, -2.0, -6.0; 29
1.0, -2.0, -6.0; 15
2.0, -2.0, -6.0; 5
3.0, -2.0, -6.0; 1
4.0, -2.0, -6.0; 9
7.0, -2.0, -6.0; 4
-8.0, -1.0, -6.0; 2
-7.0, -1.0, -6.0; 3
-6.0, -1.0, -6.0; 7
-5.0, -1.0, -6.0; 3
-4.0, -1.0, -6.0; 1
-3.0, -1.0, -6.0; 8
-2.0, -1.0, -6.0; 22
-1.0, -1.0, -6.0; 16
0.0, -1.0, -6.0; 14
1.0, -1.0, -6.0; 5
2.0, -1.0, -6.0; 2
3.0, -1.0, -6.0; 4
4.0, -1.0, -6.0; 6
5.0, -1.0, -6.0; 2
7.0, -1.0, -6.0; 2
-9.0, 0.0, -6.0; 1
-8.0, 0.0, -6.0; 5
-7.0, 0.0, -6.0; 8
-6.0, 0.0, -6.0; 7
-5.0, 0.0, -6.0; 3
-3.0, 0.0, -6.0; 3
-2.0, 0.0, -6.0; 4
-1.0, 0.0, -6.0; 11
0.0, 0.0, -6.0; 4
1.0, 0.0, -6.0; 2
2.0, 0.0, -6.0; 2
3.0, 0.0, -6.0; 9
4.0, 0.0, -6.0; 6
6.0, 0.0, -6.0; 1
7.0, 0.0, -6.0; 4
8.0, 0.0, -6.0; 1
-9.0, 1.0, -6.0; 1
-8.0, 1.0, -6.0; 7
-7.0, 1.0, -6.0; 8
-6.0, 1.0, -6.0; 6
-5.0, 1.0, -6.0; 1
-4.0, 1.0, -6.0; 3
-2.0, 1.0, -6.0; 14
-1.0, 1.0, -6.0; 12
0.0, 1.0, -6.0; 5
1.0, 1.0, -6.0; 6
2.0, 1.0, -6.0; 8
3.0, 1.0, -6.0; 3
5.0, 1.0, -6.0; 3
7.0, 1.0, -6.0; 2
-8.0, 2.0, -6.0; 4
-7.0, 2.0, -6.0; 6
-6.0, 2.0, -6.0; 4
-5.0, 2.0, -6.0; 4
-4.0, 2.0, -6.0; 10
-3.0, 2.0, -6.0; 5
-2.0, 2.0, -6.0; 10
-1.0, 2.0, -6.0; 34
0.0, 2.0, -6.0; 12
2.0, 2.0, -6.0; 1
3.0, 2.0, -6.0; 3
4.0, 2.0, -6.0; 1
5.0, 2.0, -6.0; 1
7.0, 2.0, -6.0; 2
8.0, 2.0, -6.0; 1
-8.0, 3.0, -6.0; 1
-7.0, 3.0, -6.0; 6
-6.0, 3.0, -6.0; 2
-5.0, 3.0, -6.0; 1
-4.0, 3.0, -6.0; 9
-3.0, 3.0, -6.0; 9
-2.0, 3.0, -6.0; 6
-1.0, 3.0, -6.0; 2
0.0, 3.0, -6.0; 2
1.0, 3.0, -6.0; 3
2.0, 3.0, -6.0; 1
3.0, 3.0, -6.0; 1
4.0, 3.0, -6.0; 1
6.0, 3.0, -6.0; 1
7.0, 3.0, -6.0; 2
-7.0, 4.0, -6.0; 7
-6.0, 4.0, -6.0; 4
-5.0, 4.0, -6.0; 2
-4.0, 4.0, -6.0; 1
-3.0, 4.0, -6.0; 1
-2.0, 4.0, -6.0; 4
-1.0, 4.0, -6.0; 1
1.0, 4.0, -6.0; 3
2.0, 4.0, -6.0; 2
6.0, 4.0, -6.0; 1
-7.0, 5.0, -6.0; 1
-6.0, 5.0, -6.0; 5
-5.0, 5.0, -6.0; 7
-4.0, 5.0, -6.0; 11
-3.0, 5.0, -6.0; 2
-2.0, 5.0, -6.0; 1
-1.0, 5.0, -6.0; 2
0.0, 5.0, -6.0; 4
1.0, 5.0, -6.0; 1
2.0, 5.0, -6.0; 1
4.0, 5.0, -6.0; 2
5.0, 5.0, -6.0; 1
-5.0, 6.0, -6.0; 2
-4.0, 6.0, -6.0; 5
-3.0, 6.0, -6.0; 4
-2.0, 6.0, -6.0; 4
-1.0, 6.0, -6.0; 2
0.0, 6.0, -6.0; 2
1.0, 6.0, -6.0; 2
2.0, 6.0, -6.0; 3
-5.0, 7.0, -6.0; 1
-4.0, 7.0, -6.0; 2
-3.0, 7.0, -6.0; 2
-2.0, 7.0, -6.0; 2
-1.0, 7.0, -6.0; 2
0.0, 7.0, -6.0; 4
1.0, 7.0, -6.0; 1
-2.0, 8.0, -6.0; 1
-1.0, 8.0, -6.0; 4
0.0, 8.0, -6.0; 2
1.0, 8.0, -6.0; 1
-3.0, -9.0, -5.0; 1
-2.0, -9.0, -5.0; 8
-1.0, -9.0, -5.0; 8
0.0, -9.0, -5.0; 4
1.0, -9.0, -5.0; 3
2.0, -9.0, -5.0; 5
3.0, -9.0, -5.0; 1
-5.0, -8.0, -5.0; 1
-4.0, -8.0, -5.0; 7
-3.0, -8.0, -5.0; 10
-2.0, -8.0, -5.0; 363
-1.0, -8.0, -5.0; 671
0.0, -8.0, -5.0; 52
1.0, -8.0, -5.0; 5
2.0, -8.0, -5.0; 4
3.0, -8.0, -5.0; 3
4.0, -8.0, -5.0; 3
-7.0, -7.0, -5.0; 1
-6.0, -7.0, -5.0; 10
-5.0, -7.0, -5.0; 4
-4.0, -7.0, -5.0; 6
-3.0, -7.0, -5.0; 6
-2.0, -7.0, -5.0; 56
-1.0, -7.0, -5.0; 71
0.0, -7.0, -5.0; 16
1.0, -7.0, -5.0; 4
2.0, -7.0, -5.0; 3
4.0, -7.0, -5.0; 3
5.0, -7.0, -5.0; 2
-8.0, -6.0, -5.0; 1
-7.0, -6.0, -5.0; 9
-6.0, -6.0, -5.0; 6
-5.0, -6.0, -5.0; 4
-4.0, -6.0, -5.0; 1
-3.0, -6.0, -5.0; 2
-2.0, -6.0, -5.0; 3
-1.0, -6.0, -5.0; 10
0.0, -6.0, -5.0; 13
1.0, -6.0, -5.0; 7
2.0, -6.0, -5.0; 7
5.0, -6.0, -5.0; 1
-8.0, -5.0, -5.0; 2
-7.0, -5.0, -5.0; 9
-6.0, -5.0, -5.0; 4
-5.0, -5.0, -5.0; 3
-4.0, -5.0, -5.0; 6
-3.0, -5.0, -5.0; 1
-2.0, -5.0, -5.0; 6
-1.0, -5.0, -5.0; 6
0.0, -5.0, -5.0; 5
1.0, -5.0, -5.0; 9
2.0, -5.0, -5.0; 6
3.0, -5.0, -5.0; 3
5.0, -5.0, -5.0; 1
6.0, -5.0, -5.0; 1
-9.0, -4.0, -5.0; 2
-8.0, -4.0, -5.0; 8
-7.0, -4.0, -5.0; 9
-6.0, -4.0, -5.0; 5
-5.0, -4.0, -5.0; 6
-4.0, -4.0, -5.0; 8
-3.0, -4.0, -5.0; 38
-2.0, -4.0, -5.0; 99
-1.0, -4.0, -5.0; 26
0.0, -4.0, -5.0; 11
1.0, -4.0, -5.0; 73
2.0, -4.0, -5.0; 6
3.0, -4.0, -5.0; 5
4.0, -4.0, -5.0; 1
5.0, -4.0, -5.0; 3
6.0, -4.0, -5.0; 2
8.0, -4.0, -5.0; 1
-9.0, -3.0, -5.0; 4
-8.0, -3.0, -5.0; 3
-7.0, -3.0, -5.0; 1
-6.0, -3.0, -5.0; 4
-5.0, -3.0, -5.0; 4
-4.0, -3.0, -5.0; 31
-3.0, -3.0, -5.0; 1289
-2.0, -3.0, -5.0; 727
-1.0, -3.0, -5.0; 10
0.0, -3.0, -5.0; 55
1.0, -3.0, -5.0; 1301
2.0, -3.0, -5.0; 54
3.0, -3.0, -5.0; 3
4.0, -3.0, -5.0; 1
5.0, -3.0, -5.0; 5
-8.0, -2.0, -5.0; 4
-7.0, -2.0, -5.0; 5
-6.0, -2.0, -5.0; 3
-5.0, -2.0, -5.0; 3
-4.0, -2.0, -5.0; 11
-3.0, -2.0, -5.0; 99
-2.0, -2.0, -5.0; 43
-1.0, -2.0, -5.0; 3
0.0, -2.0, -5.0; 46
1.0, -2.0, -5.0; 101
2.0, -2.0, -5.0; 18
3.0, -2.0, -5.0; 1
4.0, -2.0, -5.0; 6
5.0, -2.0, -5.0; 7
8.0, -2.0, -5.0; 1
-9.0, -1.0, -5.0; 2
-8.0, -1.0, -5.0; 4
-7.0, -1.0, -5.0; 12
-6.0, -1.0, -5.0; 4
-5.0, -1.0, -5.0; 1
-4.0, -1.0, -5.0; 12
-3.0, -1.0, -5.0; 23
-2.0, -1.0, -5.0; 17
-1.0, -1.0, -5.0; 5
0.0, -1.0, -5.0; 1
1.0, -1.0, -5.0; 13
2.0, -1.0, -5.0; 4
3.0, -1.0, -5.0; 2
4.0, -1.0, -5.0; 25
5.0, -1.0, -5.0; 5
6.0, -1.0, -5.0; 1
8.0, -1.0, -5.0; 1
-9.0, 0.0, -5.0; 4
-8.0, 0.0, -5.0; 3
-7.0, 0.0, -5.0; 25
-6.0, 0.0, -5.0; 4
-5.0, 0.0, -5.0; 4
-4.0, 0.0, -5.0; 6
-3.0, 0.0, -5.0; 18
-2.0, 0.0, -5.0; 11
-1.0, 0.0, -5.0; 2
0.0, 0.0, -5.0; 5
1.0, 0.0, -5.0; 2
3.0, 0.0, -5.0; 25
4.0, 0.0, -5.0; 13
5.0, 0.0, -5.0; 2
7.0, 0.0, -5.0; 1
8.0, 0.0, -5.0; 2
-9.0, 1.0, -5.0; 2
-8.0, 1.0, -5.0; 4
-7.0, 1.0, -5.0; 3
-6.0, 1.0, -5.0; 8
-5.0, 1.0, -5.0; 3
-4.0, 1.0, -5.0; 5
-3.0, 1.0, -5.0; 18
-2.0, 1.0, -5.0; 4
-1.0, 1.0, -5.0; 3
0.0, 1.0, -5.0; 3
1.0, 1.0, -5.0; 2
2.0, 1.0, -5.0; 2
3.0, 1.0, -5.0; 7
4.0, 1.0, -5.0; 1
6.0, 1.0, -5.0; 1
7.0, 1.0, -5.0; 2
-8.0, 2.0, -5.0; 3
-7.0, 2.0, -5.0; 4
-6.0, 2.0, -5.0; 4
-5.0, 2.0, -5.0; 8
-4.0, 2.0, -5.0; 16
-3.0, 2.0, -5.0; 24
-2.0, 2.0, -5.0; 21
-1.0, 2.0, -5.0; 51
0.0, 2.0, -5.0; 23
1.0, 2.0, -5.0; 9
2.0, 2.0, -5.0; 4
3.0, 2.0, -5.0; 6
4.0, 2.0, -5.0; 1
-8.0, 3.0, -5.0; 5
-7.0, 3.0, -5.0; 3
-6.0, 3.0, -5.0; 1
-5.0, 3.0, -5.0; 4
-4.0, 3.0, -5.0; 1
-3.0, 3.0, -5.0; 8
-2.0, 3.0, -5.0; 7
-1.0, 3.0, -5.0; 30
0.0, 3.0, -5.0; 36
1.0, 3.0, -5.0; 11
2.0, 3.0, -5.0; 1
3.0, 3.0, -5.0; 3
4.0, 3.0, -5.0; 1
5.0, 3.0, -5.0; 1
-8.0, 4.0, -5.0; 8
-7.0, 4.0, -5.0; 10
-6.0, 4.0, -5.0; 5
-5.0, 4.0, -5.0; 2
-4.0, 4.0, -5.0; 4
-3.0, 4.0, -5.0; 4
-2.0, 4.0, -5.0; 9
-1.0, 4.0, -5.0; 8
0.0, 4.0, -5.0; 4
1.0, 4.0, -5.0; 6
2.0, 4.0, -5.0; 2
3.0, 4.0, -5.0; 5
6.0, 4.0, -5.0; 1
-7.0, 5.0, -5.0; 6
-6.0, 5.0, -5.0; 9
-5.0, 5.0, -5.0; 12
-4.0, 5.0, -5.0; 2
-3.0, 5.0, -5.0; 1
-2.0, 5.0, -5.0; 1
-1.0, 5.0, -5.0; 9
0.0, 5.0, -5.0; 2
1.0, 5.0, -5.0; 2
2.0, 5.0, -5.0; 1
3.0, 5.0, -5.0; 3
4.0, 5.0, -5.0; 1
5.0, 5.0, -5.0; 3
6.0, 5.0, -5.0; 1
-6.0, 6.0, -5.0; 4
-5.0, 6.0, -5.0; 5
-4.0, 6.0, -5.0; 6
-3.0, 6.0, -5.0; 4
-2.0, 6.0, -5.0; 5
-1.0, 6.0, -5.0; 2
0.0, 6.0, -5.0; 1
1.0, 6.0, -5.0; 1
2.0, 6.0, -5.0; 5
3.0, 6.0, -5.0; 6
5.0, 6.0, -5.0; 1
-3.0, 7.0, -5.0; 6
-2.0, 7.0, -5.0; 10
-1.0, 7.0, -5.0; 1
0.0, 7.0, -5.0; 3
1.0, 7.0, -5.0; 6
2.0, 7.0, -5.0; 5
3.0, 7.0, -5.0; 1
-4.0, 8.0, -5.0; 2
-3.0, 8.0, -5.0; 1
-2.0, 8.0, -5.0; 3
-1.0, 8.0, -5.0; 10
0.0, 8.0, -5.0; 11
1.0, 8.0, -5.0; 5
2.0, 8.0, -5.0; 2
1.0, 9.0, -5.0; 1
0.0, -10.0, -4.0; 2
-4.0, -9.0, -4.0; 2
-3.0, -9.0, -4.0; 5
-2.0, -9.0, -4.0; 15
-1.0, -9.0, -4.0; 14
0.0, -9.0, -4.0; 9
1.0, -9.0, -4.0; 4
2.0, -9.0, -4.0; 1
3.0, -9.0, -4.0; 2
-6.0, -8.0, -4.0; 2
-5.0, -8.0, -4.0; 8
-4.0, -8.0, -4.0; 3
-3.0, -8.0, -4.0; 7
-2.0, -8.0, -4.0; 39
-1.0, -8.0, -4.0; 65
0.0, -8.0, -4.0; 19
1.0, -8.0, -4.0; 6
2.0, -8.0, -4.0; 3
3.0, -8.0, -4.0; 4
5.0, -8.0, -4.0; 1
-7.0, -7.0, -4.0; 6
-6.0, -7.0, -4.0; 4
-5.0, -7.0, -4.0; 3
-4.0, -7.0, -4.0; 2
-2.0, -7.0, -4.0; 1
-1.0, -7.0, -4.0; 15
0.0, -7.0, -4.0; 20
1.0, -7.0, -4.0; 15
2.0, -7.0, -4.0; 4
3.0, -7.0, -4.0; 1
4.0, -7.0, -4.0; 2
5.0, -7.0, -4.0; 2
-8.0, -6.0, -4.0; 5
-7.0, -6.0, -4.0; 12
-6.0, -6.0, -4.0; 1
-5.0, -6.0, -4.0; 1
-4.0, -6.0, -4.0; 2
-2.0, -6.0, -4.0; 5
-1.0, -6.0, -4.0; 10
0.0, -6.0, -4.0; 14
1.0, -6.0, -4.0; 48
2.0, -6.0, -4.0; 14
3.0, -6.0, -4.0; 3
5.0, -6.0, -4.0; 1
6.0, -6.0, -4.0; 1
-9.0, -5.0, -4.0; 1
-8.0, -5.0, -4.0; 9
-7.0, -5.0, -4.0; 3
-5.0, -5.0, -4.0; 1
-4.0, -5.0, -4.0; 3
-3.0, -5.0, -4.0; 7
-2.0, -5.0, -4.0; 17
-1.0, -5.0, -4.0; 101
0.0, -5.0, -4.0; 31
1.0, -5.0, -4.0; 30
2.0, -5.0, -4.0; 33
3.0, -5.0, -4.0; 2
-9.0, -4.0, -4.0; 4
-8.0, -4.0, -4.0; 8
-7.0, -4.0, -4.0; 6
-6.0, -4.0, -4.0; 4
-5.0, -4.0, -4.0; 3
-4.0, -4.0, -4.0; 24
-3.0, -4.0, -4.0; 14
-2.0, -4.0, -4.0; 16
-1.0, -4.0, -4.0; 27
0.0, -4.0, -4.0; 17
1.0, -4.0, -4.0; 56
2.0, -4.0, -4.0; 86
3.0, -4.0, -4.0; 15
4.0, -4.0, -4.0; 1
5.0, -4.0, -4.0; 2
-10.0, -3.0, -4.0; 1
-9.0, -3.0, -4.0; 2
-8.0, -3.0, -4.0; 9
-7.0, -3.0, -4.0; 5
-6.0, -3.0, -4.0; 14
-5.0, -3.0, -4.0; 20
-4.0, -3.0, -4.0; 78
-3.0, -3.0, -4.0; 68
-2.0, -3.0, -4.0; 4
0.0, -3.0, -4.0; 3
1.0, -3.0, -4.0; 459
2.0, -3.0, -4.0; 184
3.0, -3.0, -4.0; 10
4.0, -3.0, -4.0; 1
5.0, -3.0, -4.0; 2
6.0, -3.0, -4.0; 4
-9.0, -2.0, -4.0; 3
-8.0, -2.0, -4.0; 5
-7.0, -2.0, -4.0; 6
-6.0, -2.0, -4.0; 4
-5.0, -2.0, -4.0; 5
-4.0, -2.0, -4.0; 18
-3.0, -2.0, -4.0; 12
0.0, -2.0, -4.0; 5
1.0, -2.0, -4.0; 8
2.0, -2.0, -4.0; 14
3.0, -2.0, -4.0; 1
5.0, -2.0, -4.0; 1
6.0, -2.0, -4.0; 1
-10.0, -1.0, -4.0; 2
-9.0, -1.0, -4.0; 2
-8.0, -1.0, -4.0; 4
-7.0, -1.0, -4.0; 22
-6.0, -1.0, -4.0; 1
-5.0, -1.0, -4.0; 2
-4.0, -1.0, -4.0; 1
-3.0, -1.0, -4.0; 3
3.0, -1.0, -4.0; 1
4.0, -1.0, -4.0; 2
6.0, -1.0, -4.0; 1
7.0, -1.0, -4.0; 1
8.0, -1.0, -4.0; 1
-9.0, 0.0, -4.0; 1
-8.0, 0.0, -4.0; 6
-7.0, 0.0, -4.0; 4
-6.0, 0.0, -4.0; 4
-5.0, 0.0, -4.0; 10
-4.0, 0.0, -4.0; 10
-3.0, 0.0, -4.0; 4
3.0, 0.0, -4.0; 1
4.0, 0.0, -4.0; 2
5.0, 0.0, -4.0; 1
6.0, 0.0, -4.0; 1
8.0, 0.0, -4.0; 1
-9.0, 1.0, -4.0; 4
-8.0, 1.0, -4.0; 6
-7.0, 1.0, -4.0; 2
-6.0, 1.0, -4.0; 12
-5.0, 1.0, -4.0; 18
-4.0, 1.0, -4.0; 24
1.0, 1.0, -4.0; 2
3.0, 1.0, -4.0; 5
4.0, 1.0, -4.0; 2
7.0, 1.0, -4.0; 2
-9.0, 2.0, -4.0; 5
-8.0, 2.0, -4.0; 5
-7.0, 2.0, -4.0; 2
-6.0, 2.0, -4.0; 28
-5.0, 2.0, -4.0; 12
-4.0, 2.0, -4.0; 11
-3.0, 2.0, -4.0; 1
-1.0, 2.0, -4.0; 1
0.0, 2.0, -4.0; 2
1.0, 2.0, -4.0; 1
3.0, 2.0, -4.0; 7
4.0, 2.0, -4.0; 3
-9.0, 3.0, -4.0; 2
-8.0, 3.0, -4.0; 6
-7.0, 3.0, -4.0; 1
-6.0, 3.0, -4.0; 4
-5.0, 3.0, -4.0; 4
-4.0, 3.0, -4.0; 8
-3.0, 3.0, -4.0; 3
-2.0, 3.0, -4.0; 1
-1.0, 3.0, -4.0; 2
0.0, 3.0, -4.0; 16
1.0, 3.0, -4.0; 4
2.0, 3.0, -4.0; 3
3.0, 3.0, -4.0; 2
4.0, 3.0, -4.0; 2
6.0, 3.0, -4.0; 1
7.0, 3.0, -4.0; 1
-9.0, 4.0, -4.0; 1
-8.0, 4.0, -4.0; 8
-7.0, 4.0, -4.0; 7
-6.0, 4.0, -4.0; 4
-5.0, 4.0, -4.0; 3
-3.0, 4.0, -4.0; 6
-2.0, 4.0, -4.0; 18
-1.0, 4.0, -4.0; 26
0.0, 4.0, -4.0; 24
1.0, 4.0, -4.0; 14
2.0, 4.0, -4.0; 1
3.0, 4.0, -4.0; 1
4.0, 4.0, -4.0; 3
5.0, 4.0, -4.0; 1
6.0, 4.0, -4.0; 1
-8.0, 5.0, -4.0; 1
-7.0, 5.0, -4.0; 4
-6.0, 5.0, -4.0; 6
-5.0, 5.0, -4.0; 1
-4.0, 5.0, -4.0; 1
-3.0, 5.0, -4.0; 2
-2.0, 5.0, -4.0; 20
-1.0, 5.0, -4.0; 91
0.0, 5.0, -4.0; 36
1.0, 5.0, -4.0; 4
2.0, 5.0, -4.0; 3
3.0, 5.0, -4.0; 1
4.0, 5.0, -4.0; 1
5.0, 5.0, -4.0; 2
6.0, 5.0, -4.0; 1
-7.0, 6.0, -4.0; 4
-6.0, 6.0, -4.0; 6
-5.0, 6.0, -4.0; 9
-4.0, 6.0, -4.0; 2
-3.0, 6.0, -4.0; 2
-1.0, 6.0, -4.0; 1
0.0, 6.0, -4.0; 5
2.0, 6.0, -4.0; 2
3.0, 6.0, -4.0; 4
4.0, 6.0, -4.0; 1
5.0, 6.0, -4.0; 2
-7.0, 7.0, -4.0; 1
-6.0, 7.0, -4.0; 1
-5.0, 7.0, -4.0; 5
-4.0, 7.0, -4.0; 3
-3.0, 7.0, -4.0; 5
-2.0, 7.0, -4.0; 4
-1.0, 7.0, -4.0; 1
0.0, 7.0, -4.0; 1
1.0, 7.0, -4.0; 4
2.0, 7.0, -4.0; 8
3.0, 7.0, -4.0; 1
5.0, 7.0, -4.0; 3
-4.0, 8.0, -4.0; 1
-3.0, 8.0, -4.0; 1
-2.0, 8.0, -4.0; 6
-1.0, 8.0, -4.0; 2
0.0, 8.0, -4.0; 4
1.0, 8.0, -4.0; 9
2.0, 8.0, -4.0; 3
3.0, 8.0, -4.0; 2
-2.0, 9.0, -4.0; 1
-1.0, 9.0, -4.0; 1
0.0, 9.0, -4.0; 1
1.0, 9.0, -4.0; 3
2.0, 9.0, -4.0; 1
-3.0, -10.0, -3.0; 1
-2.0, -10.0, -3.0; 2
-1.0, -10.0, -3.0; 6
0.0, -10.0, -3.0; 4
1.0, -10.0, -3.0; 3
2.0, -10.0, -3.0; 2
-6.0, -9.0, -3.0; 2
-5.0, -9.0, -3.0; 3
-4.0, -9.0, -3.0; 3
-3.0, -9.0, -3.0; 6
-2.0, -9.0, -3.0; 12
-1.0, -9.0, -3.0; 11
0.0, -9.0, -3.0; 8
1.0, -9.0, -3.0; 5
2.0, -9.0, -3.0; 7
3.0, -9.0, -3.0; 2
4.0, -9.0, -3.0; 1
-7.0, -8.0, -3.0; 2
-6.0, -8.0, -3.0; 2
-5.0, -8.0, -3.0; 4
-4.0, -8.0, -3.0; 2
-3.0, -8.0, -3.0; 3
-2.0, -8.0, -3.0; 5
-1.0, -8.0, -3.0; 10
0.0, -8.0, -3.0; 4
1.0, -8.0, -3.0; 3
3.0, -8.0, -3.0; 2
4.0, -8.0, -3.0; 4
-8.0, -7.0, -3.0; 1
-7.0, -7.0, -3.0; 11
-6.0, -7.0, -3.0; 4
-5.0, -7.0, -3.0; 1
-3.0, -7.0, -3.0; 1
-1.0, -7.0, -3.0; 2
0.0, -7.0, -3.0; 32
1.0, -7.0, -3.0; 68
2.0, -7.0, -3.0; 7
3.0, -7.0, -3.0; 1
4.0, -7.0, -3.0; 1
5.0, -7.0, -3.0; 1
6.0, -7.0, -3.0; 1
-8.0, -6.0, -3.0; 12
-7.0, -6.0, -3.0; 7
-6.0, -6.0, -3.0; 1
-1.0, -6.0, -3.0; 38
0.0, -6.0, -3.0; 70
1.0, -6.0, -3.0; 1092
2.0, -6.0, -3.0; 96
3.0, -6.0, -3.0; 4
4.0, -6.0, -3.0; 1
5.0, -6.0, -3.0; 2
-9.0, -5.0, -3.0; 3
-8.0, -5.0, -3.0; 9
-7.0, -5.0, -3.0; 3
-6.0, -5.0, -3.0; 3
-3.0, -5.0, -3.0; 2
-2.0, -5.0, -3.0; 1
-1.0, -5.0, -3.0; 12
0.0, -5.0, -3.0; 33
1.0, -5.0, -3.0; 51
2.0, -5.0, -3.0; 70
3.0, -5.0, -3.0; 10
4.0, -5.0, -3.0; 4
5.0, -5.0, -3.0; 2
6.0, -5.0, -3.0; 3
-9.0, -4.0, -3.0; 7
-8.0, -4.0, -3.0; 7
-7.0, -4.0, -3.0; 4
-6.0, -4.0, -3.0; 2
-5.0, -4.0, -3.0; 10
-4.0, -4.0, -3.0; 1
-2.0, -4.0, -3.0; 1
0.0, -4.0, -3.0; 1
1.0, -4.0, -3.0; 13
2.0, -4.0, -3.0; 20
3.0, -4.0, -3.0; 10
4.0, -4.0, -3.0; 2
5.0, -4.0, -3.0; 1
7.0, -4.0, -3.0; 1
8.0, -4.0, -3.0; 1
-9.0, -3.0, -3.0; 9
-8.0, -3.0, -3.0; 1
-7.0, -3.0, -3.0; 4
-6.0, -3.0, -3.0; 8
-5.0, -3.0, -3.0; 28
-4.0, -3.0, -3.0; 3
-3.0, -3.0, -3.0; 13
2.0, -3.0, -3.0; 3
3.0, -3.0, -3.0; 1
5.0, -3.0, -3.0; 1
6.0, -3.0, -3.0; 1
-10.0, -2.0, -3.0; 2
-9.0, -2.0, -3.0; 4
-8.0, -2.0, -3.0; 9
-7.0, -2.0, -3.0; 10
-6.0, -2.0, -3.0; 4
-5.0, -2.0, -3.0; 7
-3.0, -2.0, -3.0; 1
4.0, -2.0, -3.0; 1
8.0, -2.0, -3.0; 1
-10.0, -1.0, -3.0; 2
-9.0, -1.0, -3.0; 1
-8.0, -1.0, -3.0; 13
-7.0, -1.0, -3.0; 4
-6.0, -1.0, -3.0; 2
-5.0, -1.0, -3.0; 4
-4.0, -1.0, -3.0; 1
5.0, -1.0, -3.0; 1
6.0, -1.0, -3.0; 1
-10.0, 0.0, -3.0; 1
-9.0, 0.0, -3.0; 5
-8.0, 0.0, -3.0; 4
-7.0, 0.0, -3.0; 2
-6.0, 0.0, -3.0; 17
-5.0, 0.0, -3.0; 11
-4.0, 0.0, -3.0; 1
5.0, 0.0, -3.0; 1
7.0, 0.0, -3.0; 1
-9.0, 1.0, -3.0; 5
-8.0, 1.0, -3.0; 8
-7.0, 1.0, -3.0; 3
-6.0, 1.0, -3.0; 49
-5.0, 1.0, -3.0; 24
-4.0, 1.0, -3.0; 2
4.0, 1.0, -3.0; 1
5.0, 1.0, -3.0; 1
8.0, 1.0, -3.0; 1
-10.0, 2.0, -3.0; 1
-9.0, 2.0, -3.0; 6
-8.0, 2.0, -3.0; 5
-7.0, 2.0, -3.0; 7
-6.0, 2.0, -3.0; 17
-5.0, 2.0, -3.0; 9
3.0, 2.0, -3.0; 4
4.0, 2.0, -3.0; 3
5.0, 2.0, -3.0; 2
7.0, 2.0, -3.0; 2
-9.0, 3.0, -3.0; 3
-8.0, 3.0, -3.0; 6
-7.0, 3.0, -3.0; 3
-6.0, 3.0, -3.0; 10
-5.0, 3.0, -3.0; 2
-2.0, 3.0, -3.0; 3
1.0, 3.0, -3.0; 1
2.0, 3.0, -3.0; 3
3.0, 3.0, -3.0; 2
4.0, 3.0, -3.0; 5
5.0, 3.0, -3.0; 1
6.0, 3.0, -3.0; 1
-9.0, 4.0, -3.0; 2
-8.0, 4.0, -3.0; 9
-7.0, 4.0, -3.0; 1
-6.0, 4.0, -3.0; 2
-5.0, 4.0, -3.0; 1
-4.0, 4.0, -3.0; 1
0.0, 4.0, -3.0; 9
1.0, 4.0, -3.0; 28
2.0, 4.0, -3.0; 8
3.0, 4.0, -3.0; 5
4.0, 4.0, -3.0; 4
6.0, 4.0, -3.0; 1
7.0, 4.0, -3.0; 3
-9.0, 5.0, -3.0; 1
-8.0, 5.0, -3.0; 10
-7.0, 5.0, -3.0; 8
-6.0, 5.0, -3.0; 2
-2.0, 5.0, -3.0; 14
-1.0, 5.0, -3.0; 47
0.0, 5.0, -3.0; 67
1.0, 5.0, -3.0; 28
2.0, 5.0, -3.0; 3
3.0, 5.0, -3.0; 2
4.0, 5.0, -3.0; 3
7.0, 5.0, -3.0; 1
-8.0, 6.0, -3.0; 1
-7.0, 6.0, -3.0; 6
-6.0, 6.0, -3.0; 9
-5.0, 6.0, -3.0; 3
-4.0, 6.0, -3.0; 1
-3.0, 6.0, -3.0; 2
-2.0, 6.0, -3.0; 3
-1.0, 6.0, -3.0; 37
0.0, 6.0, -3.0; 36
1.0, 6.0, -3.0; 3
2.0, 6.0, -3.0; 2
6.0, 6.0, -3.0; 1
-7.0, 7.0, -3.0; 1
-6.0, 7.0, -3.0; 3
-5.0, 7.0, -3.0; 5
-4.0, 7.0, -3.0; 5
-3.0, 7.0, -3.0; 5
-2.0, 7.0, -3.0; 1
0.0, 7.0, -3.0; 2
1.0, 7.0, -3.0; 2
2.0, 7.0, -3.0; 6
3.0, 7.0, -3.0; 2
-5.0, 8.0, -3.0; 3
-4.0, 8.0, -3.0; 8
-3.0, 8.0, -3.0; 15
-2.0, 8.0, -3.0; 14
-1.0, 8.0, -3.0; 6
0.0, 8.0, -3.0; 9
1.0, 8.0, -3.0; 5
2.0, 8.0, -3.0; 6
4.0, 8.0, -3.0; 1
-3.0, 9.0, -3.0; 1
-2.0, 9.0, -3.0; 4
-1.0, 9.0, -3.0; 12
0.0, 9.0, -3.0; 11
1.0, 9.0, -3.0; 5
2.0, 9.0, -3.0; 3
-4.0, -10.0, -2.0; 3
-3.0, -10.0, -2.0; 7
-2.0, -10.0, -2.0; 13
-1.0, -10.0, -2.0; 19
0.0, -10.0, -2.0; 10
1.0, -10.0, -2.0; 12
2.0, -10.0, -2.0; 3
3.0, -10.0, -2.0; 1
-6.0, -9.0, -2.0; 1
-5.0, -9.0, -2.0; 1
-4.0, -9.0, -2.0; 5
-3.0, -9.0, -2.0; 1
-2.0, -9.0, -2.0; 8
-1.0, -9.0, -2.0; 12
0.0, -9.0, -2.0; 4
1.0, -9.0, -2.0; 7
2.0, -9.0, -2.0; 3
3.0, -9.0, -2.0; 1
4.0, -9.0, -2.0; 2
-7.0, -8.0, -2.0; 1
-6.0, -8.0, -2.0; 4
-5.0, -8.0, -2.0; 4
-4.0, -8.0, -2.0; 1
-2.0, -8.0, -2.0; 4
-1.0, -8.0, -2.0; 4
0.0, -8.0, -2.0; 6
1.0, -8.0, -2.0; 4
2.0, -8.0, -2.0; 2
3.0, -8.0, -2.0; 2
4.0, -8.0, -2.0; 3
5.0, -8.0, -2.0; 3
-8.0, -7.0, -2.0; 5
-7.0, -7.0, -2.0; 5
-6.0, -7.0, -2.0; 2
-4.0, -7.0, -2.0; 1
-2.0, -7.0, -2.0; 1
-1.0, -7.0, -2.0; 6
0.0, -7.0, -2.0; 40
1.0, -7.0, -2.0; 63
2.0, -7.0, -2.0; 9
3.0, -7.0, -2.0; 2
4.0, -7.0, -2.0; 3
5.0, -7.0, -2.0; 8
6.0, -7.0, -2.0; 2
-9.0, -6.0, -2.0; 1
-8.0, -6.0, -2.0; 7
-7.0, -6.0, -2.0; 5
-6.0, -6.0, -2.0; 2
-1.0, -6.0, -2.0; 20
0.0, -6.0, -2.0; 35
1.0, -6.0, -2.0; 456
2.0, -6.0, -2.0; 61
3.0, -6.0, -2.0; 5
5.0, -6.0, -2.0; 1
6.0, -6.0, -2.0; 2
7.0, -6.0, -2.0; 1
-9.0, -5.0, -2.0; 2
-8.0, -5.0, -2.0; 9
-7.0, -5.0, -2.0; 3
-6.0, -5.0, -2.0; 2
-5.0, -5.0, -2.0; 1
-4.0, -5.0, -2.0; 1
-2.0, -5.0, -2.0; 1
-1.0, -5.0, -2.0; 1
0.0, -5.0, -2.0; 3
1.0, -5.0, -2.0; 6
2.0, -5.0, -2.0; 30
3.0, -5.0, -2.0; 4
4.0, -5.0, -2.0; 1
5.0, -5.0, -2.0; 1
-10.0, -4.0, -2.0; 2
-9.0, -4.0, -2.0; 6
-8.0, -4.0, -2.0; 13
-7.0, -4.0, -2.0; 6
-6.0, -4.0, -2.0; 3
-5.0, -4.0, -2.0; 5
-3.0, -4.0, -2.0; 1
2.0, -4.0, -2.0; 2
3.0, -4.0, -2.0; 7
6.0, -4.0, -2.0; 3
-10.0, -3.0, -2.0; 1
-9.0, -3.0, -2.0; 4
-8.0, -3.0, -2.0; 3
-7.0, -3.0, -2.0; 6
-6.0, -3.0, -2.0; 5
-5.0, -3.0, -2.0; 15
-4.0, -3.0, -2.0; 1
2.0, -3.0, -2.0; 2
3.0, -3.0, -2.0; 1
-10.0, -2.0, -2.0; 1
-9.0, -2.0, -2.0; 2
-8.0, -2.0, -2.0; 6
-7.0, -2.0, -2.0; 5
-6.0, -2.0, -2.0; 4
-5.0, -2.0, -2.0; 4
3.0, -2.0, -2.0; 1
6.0, -2.0, -2.0; 3
7.0, -2.0, -2.0; 1
-10.0, -1.0, -2.0; 4
-8.0, -1.0, -2.0; 8
-7.0, -1.0, -2.0; 5
-6.0, -1.0, -2.0; 3
-5.0, -1.0, -2.0; 2
5.0, -1.0, -2.0; 1
6.0, -1.0, -2.0; 2
7.0, -1.0, -2.0; 1
-10.0, 0.0, -2.0; 1
-9.0, 0.0, -2.0; 5
-8.0, 0.0, -2.0; 9
-7.0, 0.0, -2.0; 4
-6.0, 0.0, -2.0; 35
-5.0, 0.0, -2.0; 11
5.0, 0.0, -2.0; 2
-10.0, 1.0, -2.0; 2
-9.0, 1.0, -2.0; 6
-8.0, 1.0, -2.0; 2
-7.0, 1.0, -2.0; 1
-6.0, 1.0, -2.0; 482
-5.0, 1.0, -2.0; 45
-4.0, 1.0, -2.0; 1
4.0, 1.0, -2.0; 1
-10.0, 2.0, -2.0; 1
-9.0, 2.0, -2.0; 1
-8.0, 2.0, -2.0; 2
-7.0, 2.0, -2.0; 5
-6.0, 2.0, -2.0; 22
-5.0, 2.0, -2.0; 16
3.0, 2.0, -2.0; 1
4.0, 2.0, -2.0; 1
-10.0, 3.0, -2.0; 2
-9.0, 3.0, -2.0; 5
-8.0, 3.0, -2.0; 2
-6.0, 3.0, -2.0; 15
-5.0, 3.0, -2.0; 3
2.0, 3.0, -2.0; 1
3.0, 3.0, -2.0; 3
4.0, 3.0, -2.0; 2
5.0, 3.0, -2.0; 4
6.0, 3.0, -2.0; 2
-9.0, 4.0, -2.0; 2
-8.0, 4.0, -2.0; 11
-7.0, 4.0, -2.0; 2
-6.0, 4.0, -2.0; 12
-5.0, 4.0, -2.0; 11
-2.0, 4.0, -2.0; 1
-1.0, 4.0, -2.0; 1
0.0, 4.0, -2.0; 1
1.0, 4.0, -2.0; 7
2.0, 4.0, -2.0; 9
3.0, 4.0, -2.0; 2
4.0, 4.0, -2.0; 3
5.0, 4.0, -2.0; 1
-9.0, 5.0, -2.0; 1
-8.0, 5.0, -2.0; 8
-7.0, 5.0, -2.0; 3
-5.0, 5.0, -2.0; 3
-4.0, 5.0, -2.0; 1
-1.0, 5.0, -2.0; 1
0.0, 5.0, -2.0; 27
1.0, 5.0, -2.0; 36
2.0, 5.0, -2.0; 5
3.0, 5.0, -2.0; 2
4.0, 5.0, -2.0; 3
5.0, 5.0, -2.0; 2
7.0, 5.0, -2.0; 1
-8.0, 6.0, -2.0; 2
-7.0, 6.0, -2.0; 18
-6.0, 6.0, -2.0; 16
-5.0, 6.0, -2.0; 10
-4.0, 6.0, -2.0; 2
-3.0, 6.0, -2.0; 2
-2.0, 6.0, -2.0; 14
-1.0, 6.0, -2.0; 40
0.0, 6.0, -2.0; 81
1.0, 6.0, -2.0; 30
2.0, 6.0, -2.0; 1
4.0, 6.0, -2.0; 3
5.0, 6.0, -2.0; 1
-7.0, 7.0, -2.0; 2
-6.0, 7.0, -2.0; 8
-5.0, 7.0, -2.0; 13
-4.0, 7.0, -2.0; 12
-3.0, 7.0, -2.0; 1
-1.0, 7.0, -2.0; 5
0.0, 7.0, -2.0; 2
1.0, 7.0, -2.0; 6
2.0, 7.0, -2.0; 3
3.0, 7.0, -2.0; 2
4.0, 7.0, -2.0; 2
-6.0, 8.0, -2.0; 2
-5.0, 8.0, -2.0; 2
-4.0, 8.0, -2.0; 10
-3.0, 8.0, -2.0; 12
-2.0, 8.0, -2.0; 10
-1.0, 8.0, -2.0; 8
0.0, 8.0, -2.0; 5
1.0, 8.0, -2.0; 15
2.0, 8.0, -2.0; 6
3.0, 8.0, -2.0; 1
5.0, 8.0, -2.0; 1
-4.0, 9.0, -2.0; 2
-3.0, 9.0, -2.0; 4
-2.0, 9.0, -2.0; 6
-1.0, 9.0, -2.0; 11
0.0, 9.0, -2.0; 13
1.0, 9.0, -2.0; 10
2.0, 9.0, -2.0; 3
-5.0, -10.0, -1.0; 1
-4.0, -10.0, -1.0; 7
-3.0, -10.0, -1.0; 10
-2.0, -10.0, -1.0; 11
-1.0, -10.0, -1.0; 21
0.0, -10.0, -1.0; 6
1.0, -10.0, -1.0; 7
2.0, -10.0, -1.0; 4
-6.0, -9.0, -1.0; 7
-5.0, -9.0, -1.0; 18
-4.0, -9.0, -1.0; 4
-3.0, -9.0, -1.0; 1
-2.0, -9.0, -1.0; 4
-1.0, -9.0, -1.0; 5
0.0, -9.0, -1.0; 6
1.0, -9.0, -1.0; 9
2.0, -9.0, -1.0; 3
3.0, -9.0, -1.0; 3
4.0, -9.0, -1.0; 1
-7.0, -8.0, -1.0; 6
-6.0, -8.0, -1.0; 4
-4.0, -8.0, -1.0; 1
-3.0, -8.0, -1.0; 3
-2.0, -8.0, -1.0; 3
-1.0, -8.0, -1.0; 18
0.0, -8.0, -1.0; 5
1.0, -8.0, -1.0; 2
2.0, -8.0, -1.0; 1
3.0, -8.0, -1.0; 4
4.0, -8.0, -1.0; 2
-8.0, -7.0, -1.0; 6
-7.0, -7.0, -1.0; 12
-6.0, -7.0, -1.0; 1
-2.0, -7.0, -1.0; 10
-1.0, -7.0, -1.0; 63
0.0, -7.0, -1.0; 83
1.0, -7.0, -1.0; 40
2.0, -7.0, -1.0; 4
3.0, -7.0, -1.0; 3
4.0, -7.0, -1.0; 5
-8.0, -6.0, -1.0; 8
-7.0, -6.0, -1.0; 7
-6.0, -6.0, -1.0; 1
-3.0, -6.0, -1.0; 1
-2.0, -6.0, -1.0; 2
-1.0, -6.0, -1.0; 12
0.0, -6.0, -1.0; 20
1.0, -6.0, -1.0; 24
2.0, -6.0, -1.0; 8
3.0, -6.0, -1.0; 3
4.0, -6.0, -1.0; 2
5.0, -6.0, -1.0; 1
6.0, -6.0, -1.0; 1
-9.0, -5.0, -1.0; 4
-8.0, -5.0, -1.0; 7
-7.0, -5.0, -1.0; 2
-6.0, -5.0, -1.0; 7
-5.0, -5.0, -1.0; 1
-4.0, -5.0, -1.0; 1
1.0, -5.0, -1.0; 1
2.0, -5.0, -1.0; 17
3.0, -5.0, -1.0; 4
4.0, -5.0, -1.0; 1
5.0, -5.0, -1.0; 1
6.0, -5.0, -1.0; 1
8.0, -5.0, -1.0; 1
-10.0, -4.0, -1.0; 5
-9.0, -4.0, -1.0; 10
-8.0, -4.0, -1.0; 4
-7.0, -4.0, -1.0; 8
-5.0, -4.0, -1.0; 1
2.0, -4.0, -1.0; 2
3.0, -4.0, -1.0; 4
4.0, -4.0, -1.0; 1
5.0, -4.0, -1.0; 1
7.0, -4.0, -1.0; 1
-10.0, -3.0, -1.0; 3
-9.0, -3.0, -1.0; 7
-8.0, -3.0, -1.0; 6
-7.0, -3.0, -1.0; 4
-6.0, -3.0, -1.0; 9
-5.0, -3.0, -1.0; 4
5.0, -3.0, -1.0; 2
6.0, -3.0, -1.0; 1
9.0, -3.0, -1.0; 1
-10.0, -2.0, -1.0; 2
-9.0, -2.0, -1.0; 5
-8.0, -2.0, -1.0; 3
-7.0, -2.0, -1.0; 2
-6.0, -2.0, -1.0; 3
-4.0, -2.0, -1.0; 1
5.0, -2.0, -1.0; 1
-9.0, -1.0, -1.0; 7
-8.0, -1.0, -1.0; 9
-7.0, -1.0, -1.0; 5
-6.0, -1.0, -1.0; 2
-10.0, 0.0, -1.0; 2
-9.0, 0.0, -1.0; 4
-8.0, 0.0, -1.0; 6
-7.0, 0.0, -1.0; 3
-6.0, 0.0, -1.0; 16
-5.0, 0.0, -1.0; 1
7.0, 0.0, -1.0; 1
-10.0, 1.0, -1.0; 3
-9.0, 1.0, -1.0; 2
-8.0, 1.0, -1.0; 6
-7.0, 1.0, -1.0; 3
-6.0, 1.0, -1.0; 1423
-5.0, 1.0, -1.0; 141
6.0, 1.0, -1.0; 1
-9.0, 2.0, -1.0; 6
-8.0, 2.0, -1.0; 1
-7.0, 2.0, -1.0; 2
-6.0, 2.0, -1.0; 76
-5.0, 2.0, -1.0; 48
6.0, 2.0, -1.0; 2
-9.0, 3.0, -1.0; 6
-8.0, 3.0, -1.0; 7
-7.0, 3.0, -1.0; 11
-6.0, 3.0, -1.0; 17
-5.0, 3.0, -1.0; 7
3.0, 3.0, -1.0; 4
4.0, 3.0, -1.0; 3
7.0, 3.0, -1.0; 1
-9.0, 4.0, -1.0; 5
-8.0, 4.0, -1.0; 8
-7.0, 4.0, -1.0; 1
-6.0, 4.0, -1.0; 22
-5.0, 4.0, -1.0; 46
-4.0, 4.0, -1.0; 1
-1.0, 4.0, -1.0; 1
1.0, 4.0, -1.0; 1
2.0, 4.0, -1.0; 8
3.0, 4.0, -1.0; 1
4.0, 4.0, -1.0; 2
5.0, 4.0, -1.0; 1
6.0, 4.0, -1.0; 1
7.0, 4.0, -1.0; 1
-9.0, 5.0, -1.0; 3
-8.0, 5.0, -1.0; 13
-7.0, 5.0, -1.0; 5
-6.0, 5.0, -1.0; 1
-5.0, 5.0, -1.0; 24
-4.0, 5.0, -1.0; 22
-3.0, 5.0, -1.0; 9
-2.0, 5.0, -1.0; 4
-1.0, 5.0, -1.0; 3
0.0, 5.0, -1.0; 20
1.0, 5.0, -1.0; 27
2.0, 5.0, -1.0; 7
3.0, 5.0, -1.0; 1
4.0, 5.0, -1.0; 4
5.0, 5.0, -1.0; 5
6.0, 5.0, -1.0; 2
7.0, 5.0, -1.0; 1
-8.0, 6.0, -1.0; 4
-7.0, 6.0, -1.0; 82
-6.0, 6.0, -1.0; 393
-5.0, 6.0, -1.0; 36
-4.0, 6.0, -1.0; 7
-3.0, 6.0, -1.0; 8
-2.0, 6.0, -1.0; 27
-1.0, 6.0, -1.0; 55
0.0, 6.0, -1.0; 132
1.0, 6.0, -1.0; 58
2.0, 6.0, -1.0; 3
3.0, 6.0, -1.0; 1
5.0, 6.0, -1.0; 1
6.0, 6.0, -1.0; 2
-7.0, 7.0, -1.0; 2
-6.0, 7.0, -1.0; 34
-5.0, 7.0, -1.0; 67
-4.0, 7.0, -1.0; 14
-3.0, 7.0, -1.0; 6
-2.0, 7.0, -1.0; 4
-1.0, 7.0, -1.0; 24
0.0, 7.0, -1.0; 18
2.0, 7.0, -1.0; 5
3.0, 7.0, -1.0; 3
4.0, 7.0, -1.0; 2
-4.0, 8.0, -1.0; 7
-3.0, 8.0, -1.0; 13
-2.0, 8.0, -1.0; 4
-1.0, 8.0, -1.0; 7
0.0, 8.0, -1.0; 9
1.0, 8.0, -1.0; 11
2.0, 8.0, -1.0; 6
3.0, 8.0, -1.0; 5
5.0, 8.0, -1.0; 1
-5.0, 9.0, -1.0; 1
-4.0, 9.0, -1.0; 2
-3.0, 9.0, -1.0; 7
-2.0, 9.0, -1.0; 11
-1.0, 9.0, -1.0; 8
0.0, 9.0, -1.0; 10
1.0, 9.0, -1.0; 7
2.0, 9.0, -1.0; 6
3.0, 9.0, -1.0; 1
-5.0, -10.0, 0.0; 1
-4.0, -10.0, 0.0; 7
-3.0, -10.0, 0.0; 9
-2.0, -10.0, 0.0; 10
-1.0, -10.0, 0.0; 13
0.0, -10.0, 0.0; 14
1.0, -10.0, 0.0; 5
2.0, -10.0, 0.0; 2
-6.0, -9.0, 0.0; 7
-5.0, -9.0, 0.0; 8
-4.0, -9.0, 0.0; 7
-3.0, -9.0, 0.0; 2
-2.0, -9.0, 0.0; 5
-1.0, -9.0, 0.0; 6
0.0, -9.0, 0.0; 8
1.0, -9.0, 0.0; 13
2.0, -9.0, 0.0; 5
3.0, -9.0, 0.0; 2
-7.0, -8.0, 0.0; 5
-6.0, -8.0, 0.0; 14
-5.0, -8.0, 0.0; 2
-3.0, -8.0, 0.0; 2
-2.0, -8.0, 0.0; 9
-1.0, -8.0, 0.0; 13
0.0, -8.0, 0.0; 7
1.0, -8.0, 0.0; 3
2.0, -8.0, 0.0; 3
3.0, -8.0, 0.0; 3
-8.0, -7.0, 0.0; 5
-7.0, -7.0, 0.0; 8
-6.0, -7.0, 0.0; 3
-4.0, -7.0, 0.0; 5
-3.0, -7.0, 0.0; 23
-2.0, -7.0, 0.0; 83
-1.0, -7.0, 0.0; 115
0.0, -7.0, 0.0; 109
1.0, -7.0, 0.0; 13
2.0, -7.0, 0.0; 7
3.0, -7.0, 0.0; 5
4.0, -7.0, 0.0; 5
5.0, -7.0, 0.0; 3
-9.0, -6.0, 0.0; 2
-8.0, -6.0, 0.0; 7
-7.0, -6.0, 0.0; 4
-6.0, -6.0, 0.0; 4
-5.0, -6.0, 0.0; 6
-4.0, -6.0, 0.0; 4
-3.0, -6.0, 0.0; 14
-2.0, -6.0, 0.0; 45
-1.0, -6.0, 0.0; 24
0.0, -6.0, 0.0; 16
1.0, -6.0, 0.0; 8
2.0, -6.0, 0.0; 4
3.0, -6.0, 0.0; 8
4.0, -6.0, 0.0; 11
5.0, -6.0, 0.0; 1
-8.0, -5.0, 0.0; 11
-7.0, -5.0, 0.0; 4
-6.0, -5.0, 0.0; 26
-5.0, -5.0, 0.0; 5
-4.0, -5.0, 0.0; 1
-3.0, -5.0, 0.0; 5
-2.0, -5.0, 0.0; 1
-1.0, -5.0, 0.0; 1
1.0, -5.0, 0.0; 1
2.0, -5.0, 0.0; 6
3.0, -5.0, 0.0; 4
4.0, -5.0, 0.0; 5
5.0, -5.0, 0.0; 2
7.0, -5.0, 0.0; 1
-10.0, -4.0, 0.0; 2
-9.0, -4.0, 0.0; 8
-8.0, -4.0, 0.0; 6
-7.0, -4.0, 0.0; 12
-6.0, -4.0, 0.0; 14
-5.0, -4.0, 0.0; 5
3.0, -4.0, 0.0; 1
6.0, -4.0, 0.0; 1
8.0, -4.0, 0.0; 1
-10.0, -3.0, 0.0; 4
-9.0, -3.0, 0.0; 4
-8.0, -3.0, 0.0; 11
-7.0, -3.0, 0.0; 1
-6.0, -3.0, 0.0; 4
-5.0, -3.0, 0.0; 4
-10.0, -2.0, 0.0; 4
-9.0, -2.0, 0.0; 7
-8.0, -2.0, 0.0; 4
-7.0, -2.0, 0.0; 5
-6.0, -2.0, 0.0; 6
-5.0, -2.0, 0.0; 1
5.0, -2.0, 0.0; 1
-9.0, -1.0, 0.0; 4
-8.0, -1.0, 0.0; 6
-7.0, -1.0, 0.0; 6
-6.0, -1.0, 0.0; 4
-5.0, -1.0, 0.0; 5
-9.0, 0.0, 0.0; 1
-8.0, 0.0, 0.0; 6
-7.0, 0.0, 0.0; 2
-6.0, 0.0, 0.0; 10
3.0
10.9593197733
