4.0, 0.0, 0.0; 1
-10.0, 1.0, 0.0; 1
-8.0, 1.0, 0.0; 3
-7.0, 1.0, 0.0; 1
-6.0, 1.0, 0.0; 79
-5.0, 1.0, 0.0; 63
7.0, 1.0, 0.0; 1
8.0, 1.0, 0.0; 1
-10.0, 2.0, 0.0; 3
-8.0, 2.0, 0.0; 8
-7.0, 2.0, 0.0; 2
-6.0, 2.0, 0.0; 42
-5.0, 2.0, 0.0; 151
5.0, 2.0, 0.0; 1
8.0, 2.0, 0.0; 1
-10.0, 3.0, 0.0; 2
-9.0, 3.0, 0.0; 1
-8.0, 3.0, 0.0; 5
-7.0, 3.0, 0.0; 9
-6.0, 3.0, 0.0; 12
-5.0, 3.0, 0.0; 19
-4.0, 3.0, 0.0; 1
-3.0, 3.0, 0.0; 2
4.0, 3.0, 0.0; 1
6.0, 3.0, 0.0; 1
-9.0, 4.0, 0.0; 4
-8.0, 4.0, 0.0; 6
-7.0, 4.0, 0.0; 2
-6.0, 4.0, 0.0; 11
-5.0, 4.0, 0.0; 14
-4.0, 4.0, 0.0; 3
-1.0, 4.0, 0.0; 1
1.0, 4.0, 0.0; 3
2.0, 4.0, 0.0; 1
3.0, 4.0, 0.0; 2
4.0, 4.0, 0.0; 4
6.0, 4.0, 0.0; 2
-9.0, 5.0, 0.0; 2
-8.0, 5.0, 0.0; 9
-7.0, 5.0, 0.0; 13
-6.0, 5.0, 0.0; 6
-5.0, 5.0, 0.0; 6
-4.0, 5.0, 0.0; 11
-3.0, 5.0, 0.0; 14
-2.0, 5.0, 0.0; 9
-1.0, 5.0, 0.0; 5
0.0, 5.0, 0.0; 12
1.0, 5.0, 0.0; 15
3.0, 5.0, 0.0; 1
4.0, 5.0, 0.0; 5
5.0, 5.0, 0.0; 2
6.0, 5.0, 0.0; 1
-8.0, 6.0, 0.0; 10
-7.0, 6.0, 0.0; 64
-6.0, 6.0, 0.0; 495
-5.0, 6.0, 0.0; 65
-4.0, 6.0, 0.0; 19
-3.0, 6.0, 0.0; 16
-2.0, 6.0, 0.0; 23
-1.0, 6.0, 0.0; 48
0.0, 6.0, 0.0; 45
1.0, 6.0, 0.0; 9
2.0, 6.0, 0.0; 1
3.0, 6.0, 0.0; 2
4.0, 6.0, 0.0; 2
6.0, 6.0, 0.0; 1
-7.0, 7.0, 0.0; 1
-6.0, 7.0, 0.0; 34
-5.0, 7.0, 0.0; 59
-4.0, 7.0, 0.0; 9
-3.0, 7.0, 0.0; 4
-2.0, 7.0, 0.0; 10
-1.0, 7.0, 0.0; 27
0.0, 7.0, 0.0; 2
1.0, 7.0, 0.0; 2
2.0, 7.0, 0.0; 4
4.0, 7.0, 0.0; 1
5.0, 7.0, 0.0; 2
-6.0, 8.0, 0.0; 3
-5.0, 8.0, 0.0; 8
-4.0, 8.0, 0.0; 4
-3.0, 8.0, 0.0; 3
-2.0, 8.0, 0.0; 5
-1.0, 8.0, 0.0; 6
0.0, 8.0, 0.0; 5
1.0, 8.0, 0.0; 10
2.0, 8.0, 0.0; 1
4.0, 8.0, 0.0; 1
5.0, 8.0, 0.0; 1
-4.0, 9.0, 0.0; 1
-3.0, 9.0, 0.0; 7
-2.0, 9.0, 0.0; 29
-1.0, 9.0, 0.0; 19
0.0, 9.0, 0.0; 14
1.0, 9.0, 0.0; 7
2.0, 9.0, 0.0; 1
-4.0, -10.0, 1.0; 3
-3.0, -10.0, 1.0; 6
-2.0, -10.0, 1.0; 7
-1.0, -10.0, 1.0; 9
0.0, -10.0, 1.0; 6
1.0, -10.0, 1.0; 2
-6.0, -9.0, 1.0; 2
-5.0, -9.0, 1.0; 11
-4.0, -9.0, 1.0; 8
-3.0, -9.0, 1.0; 5
-2.0, -9.0, 1.0; 3
-1.0, -9.0, 1.0; 6
0.0, -9.0, 1.0; 6
1.0, -9.0, 1.0; 5
2.0, -9.0, 1.0; 3
3.0, -9.0, 1.0; 1
-7.0, -8.0, 1.0; 4
-6.0, -8.0, 1.0; 10
-5.0, -8.0, 1.0; 4
-4.0, -8.0, 1.0; 1
-3.0, -8.0, 1.0; 1
-2.0, -8.0, 1.0; 5
-1.0, -8.0, 1.0; 4
0.0, -8.0, 1.0; 1
1.0, -8.0, 1.0; 1
2.0, -8.0, 1.0; 7
3.0, -8.0, 1.0; 1
6.0, -8.0, 1.0; 1
-8.0, -7.0, 1.0; 4
-7.0, -7.0, 1.0; 11
-6.0, -7.0, 1.0; 10
-5.0, -7.0, 1.0; 1
-4.0, -7.0, 1.0; 14
-3.0, -7.0, 1.0; 53
-2.0, -7.0, 1.0; 63
-1.0, -7.0, 1.0; 50
0.0, -7.0, 1.0; 15
1.0, -7.0, 1.0; 7
2.0, -7.0, 1.0; 7
3.0, -7.0, 1.0; 7
4.0, -7.0, 1.0; 2
5.0, -7.0, 1.0; 2
-8.0, -6.0, 1.0; 6
-7.0, -6.0, 1.0; 8
-6.0, -6.0, 1.0; 3
-5.0, -6.0, 1.0; 43
-4.0, -6.0, 1.0; 50
-3.0, -6.0, 1.0; 41
-2.0, -6.0, 1.0; 36
-1.0, -6.0, 1.0; 34
0.0, -6.0, 1.0; 16
1.0, -6.0, 1.0; 12
2.0, -6.0, 1.0; 16
3.0, -6.0, 1.0; 6
6.0, -6.0, 1.0; 1
-9.0, -5.0, 1.0; 5
-8.0, -5.0, 1.0; 5
-7.0, -5.0, 1.0; 5
-6.0, -5.0, 1.0; 20
-5.0, -5.0, 1.0; 43
-4.0, -5.0, 1.0; 3
-3.0, -5.0, 1.0; 3
-2.0, -5.0, 1.0; 3
-1.0, -5.0, 1.0; 1
1.0, -5.0, 1.0; 2
2.0, -5.0, 1.0; 3
3.0, -5.0, 1.0; 1
4.0, -5.0, 1.0; 1
5.0, -5.0, 1.0; 1
6.0, -5.0, 1.0; 1
8.0, -5.0, 1.0; 1
-10.0, -4.0, 1.0; 1
-9.0, -4.0, 1.0; 5
-8.0, -4.0, 1.0; 8
-7.0, -4.0, 1.0; 5
-6.0, -4.0, 1.0; 65
-5.0, -4.0, 1.0; 4
-4.0, -4.0, 1.0; 1
2.0, -4.0, 1.0; 2
3.0, -4.0, 1.0; 1
4.0, -4.0, 1.0; 1
-9.0, -3.0, 1.0; 11
-8.0, -3.0, 1.0; 5
-7.0, -3.0, 1.0; 4
-6.0, -3.0, 1.0; 6
-4.0, -3.0, 1.0; 1
3.0, -3.0, 1.0; 2
5.0, -3.0, 1.0; 1
6.0, -3.0, 1.0; 1
-9.0, -2.0, 1.0; 3
-8.0, -2.0, 1.0; 5
-7.0, -2.0, 1.0; 4
-6.0, -2.0, 1.0; 7
-5.0, -2.0, 1.0; 5
-10.0, -1.0, 1.0; 2
-9.0, -1.0, 1.0; 3
-8.0, -1.0, 1.0; 5
-7.0, -1.0, 1.0; 9
-6.0, -1.0, 1.0; 9
-5.0, -1.0, 1.0; 1
-10.0, 0.0, 1.0; 5
-9.0, 0.0, 1.0; 1
-8.0, 0.0, 1.0; 5
-7.0, 0.0, 1.0; 7
-6.0, 0.0, 1.0; 12
-5.0, 0.0, 1.0; 2
-9.0, 1.0, 1.0; 3
-8.0, 1.0, 1.0; 4
-7.0, 1.0, 1.0; 7
-6.0, 1.0, 1.0; 11
-5.0, 1.0, 1.0; 16
7.0, 1.0, 1.0; 2
-10.0, 2.0, 1.0; 1
-9.0, 2.0, 1.0; 2
-8.0, 2.0, 1.0; 7
-7.0, 2.0, 1.0; 1
-6.0, 2.0, 1.0; 12
-5.0, 2.0, 1.0; 50
-4.0, 2.0, 1.0; 1
-10.0, 3.0, 1.0; 2
-9.0, 3.0, 1.0; 5
-8.0, 3.0, 1.0; 6
-7.0, 3.0, 1.0; 3
-6.0, 3.0, 1.0; 5
-5.0, 3.0, 1.0; 20
-4.0, 3.0, 1.0; 12
-1.0, 3.0, 1.0; 1
4.0, 3.0, 1.0; 2
7.0, 3.0, 1.0; 1
-9.0, 4.0, 1.0; 1
-8.0, 4.0, 1.0; 3
-7.0, 4.0, 1.0; 10
-6.0, 4.0, 1.0; 9
-5.0, 4.0, 1.0; 13
-4.0, 4.0, 1.0; 12
-3.0, 4.0, 1.0; 15
-2.0, 4.0, 1.0; 4
0.0, 4.0, 1.0; 2
1.0, 4.0, 1.0; 2
3.0, 4.0, 1.0; 2
4.0, 4.0, 1.0; 3
5.0, 4.0, 1.0; 2
6.0, 4.0, 1.0; 1
-9.0, 5.0, 1.0; 3
-8.0, 5.0, 1.0; 9
-7.0, 5.0, 1.0; 10
-6.0, 5.0, 1.0; 10
-5.0, 5.0, 1.0; 7
-4.0, 5.0, 1.0; 39
-3.0, 5.0, 1.0; 545
-2.0, 5.0, 1.0; 246
-1.0, 5.0, 1.0; 24
0.0, 5.0, 1.0; 16
1.0, 5.0, 1.0; 17
3.0, 5.0, 1.0; 4
4.0, 5.0, 1.0; 2
-8.0, 6.0, 1.0; 9
-7.0, 6.0, 1.0; 23
-6.0, 6.0, 1.0; 40
-5.0, 6.0, 1.0; 19
-4.0, 6.0, 1.0; 17
-3.0, 6.0, 1.0; 19
-2.0, 6.0, 1.0; 22
-1.0, 6.0, 1.0; 9
0.0, 6.0, 1.0; 4
1.0, 6.0, 1.0; 1
2.0, 6.0, 1.0; 4
3.0, 6.0, 1.0; 1
-7.0, 7.0, 1.0; 5
-6.0, 7.0, 1.0; 15
-5.0, 7.0, 1.0; 9
-4.0, 7.0, 1.0; 4
-3.0, 7.0, 1.0; 1
-2.0, 7.0, 1.0; 3
-1.0, 7.0, 1.0; 7
0.0, 7.0, 1.0; 1
1.0, 7.0, 1.0; 3
2.0, 7.0, 1.0; 1
3.0, 7.0, 1.0; 1
-6.0, 8.0, 1.0; 3
-5.0, 8.0, 1.0; 2
-4.0, 8.0, 1.0; 5
-3.0, 8.0, 1.0; 4
-2.0, 8.0, 1.0; 2
-1.0, 8.0, 1.0; 4
0.0, 8.0, 1.0; 4
1.0, 8.0, 1.0; 6
-4.0, 9.0, 1.0; 1
-3.0, 9.0, 1.0; 10
-2.0, 9.0, 1.0; 7
-1.0, 9.0, 1.0; 15
0.0, 9.0, 1.0; 7
-3.0, -10.0, 2.0; 2
-2.0, -10.0, 2.0; 2
-1.0, -10.0, 2.0; 1
0.0, -10.0, 2.0; 1
2.0, -10.0, 2.0; 1
-5.0, -9.0, 2.0; 5
-4.0, -9.0, 2.0; 14
-3.0, -9.0, 2.0; 4
-2.0, -9.0, 2.0; 3
-1.0, -9.0, 2.0; 4
0.0, -9.0, 2.0; 4
1.0, -9.0, 2.0; 2
2.0, -9.0, 2.0; 1
4.0, -9.0, 2.0; 1
-7.0, -8.0, 2.0; 1
-6.0, -8.0, 2.0; 4
-5.0, -8.0, 2.0; 9
-4.0, -8.0, 2.0; 8
-3.0, -8.0, 2.0; 4
-2.0, -8.0, 2.0; 3
-1.0, -8.0, 2.0; 1
0.0, -8.0, 2.0; 4
1.0, -8.0, 2.0; 4
3.0, -8.0, 2.0; 1
4.0, -8.0, 2.0; 1
5.0, -8.0, 2.0; 1
-8.0, -7.0, 2.0; 1
-7.0, -7.0, 2.0; 9
-6.0, -7.0, 2.0; 10
-5.0, -7.0, 2.0; 4
-3.0, -7.0, 2.0; 3
-2.0, -7.0, 2.0; 8
-1.0, -7.0, 2.0; 2
0.0, -7.0, 2.0; 2
2.0, -7.0, 2.0; 8
3.0, -7.0, 2.0; 2
5.0, -7.0, 2.0; 1
6.0, -7.0, 2.0; 1
-8.0, -6.0, 2.0; 2
-7.0, -6.0, 2.0; 7
-6.0, -6.0, 2.0; 1
-5.0, -6.0, 2.0; 3
-4.0, -6.0, 2.0; 31
-3.0, -6.0, 2.0; 53
-2.0, -6.0, 2.0; 34
-1.0, -6.0, 2.0; 20
0.0, -6.0, 2.0; 4
1.0, -6.0, 2.0; 7
2.0, -6.0, 2.0; 6
3.0, -6.0, 2.0; 1
-9.0, -5.0, 2.0; 1
-8.0, -5.0, 2.0; 2
-7.0, -5.0, 2.0; 8
-5.0, -5.0, 2.0; 29
-4.0, -5.0, 2.0; 33
-3.0, -5.0, 2.0; 9
-2.0, -5.0, 2.0; 3
-1.0, -5.0, 2.0; 1
0.0, -5.0, 2.0; 3
1.0, -5.0, 2.0; 3
2.0, -5.0, 2.0; 2
3.0, -5.0, 2.0; 1
-9.0, -4.0, 2.0; 4
-8.0, -4.0, 2.0; 6
-7.0, -4.0, 2.0; 5
-6.0, -4.0, 2.0; 3
-5.0, -4.0, 2.0; 18
-4.0, -4.0, 2.0; 2
-3.0, -4.0, 2.0; 1
-2.0, -4.0, 2.0; 1
0.0, -4.0, 2.0; 1
2.0, -4.0, 2.0; 1
3.0, -4.0, 2.0; 2
4.0, -4.0, 2.0; 1
7.0, -4.0, 2.0; 1
-9.0, -3.0, 2.0; 3
-8.0, -3.0, 2.0; 5
-7.0, -3.0, 2.0; 4
-6.0, -3.0, 2.0; 3
-5.0, -3.0, 2.0; 3
-4.0, -3.0, 2.0; 4
3.0, -3.0, 2.0; 1
4.0, -3.0, 2.0; 1
5.0, -3.0, 2.0; 1
7.0, -3.0, 2.0; 2
-9.0, -2.0, 2.0; 1
-8.0, -2.0, 2.0; 11
-7.0, -2.0, 2.0; 4
-6.0, -2.0, 2.0; 10
-5.0, -2.0, 2.0; 7
-4.0, -2.0, 2.0; 2
5.0, -2.0, 2.0; 1
-10.0, -1.0, 2.0; 3
-9.0, -1.0, 2.0; 1
-8.0, -1.0, 2.0; 3
-7.0, -1.0, 2.0; 2
-6.0, -1.0, 2.0; 4
-5.0, -1.0, 2.0; 5
-4.0, -1.0, 2.0; 4
-10.0, 0.0, 2.0; 2
-9.0, 0.0, 2.0; 4
-8.0, 0.0, 2.0; 2
-7.0, 0.0, 2.0; 3
-6.0, 0.0, 2.0; 23
-5.0, 0.0, 2.0; 16
-10.0, 1.0, 2.0; 1
-9.0, 1.0, 2.0; 2
-8.0, 1.0, 2.0; 5
-7.0, 1.0, 2.0; 2
-6.0, 1.0, 2.0; 5
-5.0, 1.0, 2.0; 139
-4.0, 1.0, 2.0; 111
3.0, 1.0, 2.0; 1
4.0, 1.0, 2.0; 1
5.0, 1.0, 2.0; 1
6.0, 1.0, 2.0; 1
9.0, 1.0, 2.0; 1
-10.0, 2.0, 2.0; 1
-9.0, 2.0, 2.0; 3
-8.0, 2.0, 2.0; 3
-7.0, 2.0, 2.0; 4
-6.0, 2.0, 2.0; 5
-5.0, 2.0, 2.0; 172
-4.0, 2.0, 2.0; 608
-3.0, 2.0, 2.0; 9
2.0, 2.0, 2.0; 1
3.0, 2.0, 2.0; 1
-10.0, 3.0, 2.0; 1
-9.0, 3.0, 2.0; 2
-8.0, 3.0, 2.0; 4
-7.0, 3.0, 2.0; 6
-6.0, 3.0, 2.0; 4
-5.0, 3.0, 2.0; 9
-4.0, 3.0, 2.0; 65
-3.0, 3.0, 2.0; 17
-2.0, 3.0, 2.0; 2
-1.0, 3.0, 2.0; 1
0.0, 3.0, 2.0; 1
1.0, 3.0, 2.0; 1
2.0, 3.0, 2.0; 2
-9.0, 4.0, 2.0; 2
-8.0, 4.0, 2.0; 3
-7.0, 4.0, 2.0; 9
-6.0, 4.0, 2.0; 3
-5.0, 4.0, 2.0; 5
-4.0, 4.0, 2.0; 27
-3.0, 4.0, 2.0; 50
-2.0, 4.0, 2.0; 37
-1.0, 4.0, 2.0; 15
0.0, 4.0, 2.0; 5
1.0, 4.0, 2.0; 1
2.0, 4.0, 2.0; 1
-8.0, 5.0, 2.0; 12
-7.0, 5.0, 2.0; 7
-6.0, 5.0, 2.0; 9
-5.0, 5.0, 2.0; 2
-4.0, 5.0, 2.0; 7
-3.0, 5.0, 2.0; 60
-2.0, 5.0, 2.0; 92
-1.0, 5.0, 2.0; 9
0.0, 5.0, 2.0; 3
2.0, 5.0, 2.0; 3
-8.0, 6.0, 2.0; 3
-7.0, 6.0, 2.0; 7
-6.0, 6.0, 2.0; 12
-5.0, 6.0, 2.0; 7
-4.0, 6.0, 2.0; 6
-3.0, 6.0, 2.0; 6
-2.0, 6.0, 2.0; 4
-1.0, 6.0, 2.0; 2
1.0, 6.0, 2.0; 1
2.0, 6.0, 2.0; 1
3.0, 6.0, 2.0; 1
4.0, 6.0, 2.0; 1
-7.0, 7.0, 2.0; 1
-6.0, 7.0, 2.0; 6
-5.0, 7.0, 2.0; 6
-4.0, 7.0, 2.0; 2
-3.0, 7.0, 2.0; 4
-2.0, 7.0, 2.0; 2
-1.0, 7.0, 2.0; 3
0.0, 7.0, 2.0; 2
1.0, 7.0, 2.0; 1
2.0, 7.0, 2.0; 1
4.0, 7.0, 2.0; 1
-5.0, 8.0, 2.0; 1
-4.0, 8.0, 2.0; 8
-3.0, 8.0, 2.0; 11
-2.0, 8.0, 2.0; 2
-1.0, 8.0, 2.0; 2
0.0, 8.0, 2.0; 5
1.0, 8.0, 2.0; 3
2.0, 8.0, 2.0; 1
4.0, 8.0, 2.0; 1
-4.0, 9.0, 2.0; 1
-3.0, 9.0, 2.0; 4
-2.0, 9.0, 2.0; 6
-1.0, 9.0, 2.0; 5
0.0, 9.0, 2.0; 5
-5.0, -9.0, 3.0; 2
-4.0, -9.0, 3.0; 4
-3.0, -9.0, 3.0; 2
-2.0, -9.0, 3.0; 4
-1.0, -9.0, 3.0; 1
0.0, -9.0, 3.0; 1
-6.0, -8.0, 3.0; 1
-5.0, -8.0, 3.0; 6
-4.0, -8.0, 3.0; 4
-3.0, -8.0, 3.0; 3
-2.0, -8.0, 3.0; 10
-1.0, -8.0, 3.0; 6
0.0, -8.0, 3.0; 2
1.0, -8.0, 3.0; 1
2.0, -8.0, 3.0; 1
-7.0, -7.0, 3.0; 2
-6.0, -7.0, 3.0; 6
-5.0, -7.0, 3.0; 5
-4.0, -7.0, 3.0; 1
-2.0, -7.0, 3.0; 2
-1.0, -7.0, 3.0; 2
0.0, -7.0, 3.0; 1
1.0, -7.0, 3.0; 3
2.0, -7.0, 3.0; 2
5.0, -7.0, 3.0; 2
-8.0, -6.0, 3.0; 2
-7.0, -6.0, 3.0; 2
-6.0, -6.0, 3.0; 7
-5.0, -6.0, 3.0; 2
-4.0, -6.0, 3.0; 1
-2.0, -6.0, 3.0; 3
-1.0, -6.0, 3.0; 2
0.0, -6.0, 3.0; 2
1.0, -6.0, 3.0; 3
2.0, -6.0, 3.0; 1
4.0, -6.0, 3.0; 1
5.0, -6.0, 3.0; 2
6.0, -6.0, 3.0; 1
-9.0, -5.0, 3.0; 1
-7.0, -5.0, 3.0; 2
-6.0, -5.0, 3.0; 4
-5.0, -5.0, 3.0; 1
-4.0, -5.0, 3.0; 2
-3.0, -5.0, 3.0; 4
-2.0, -5.0, 3.0; 3
-1.0, -5.0, 3.0; 3
0.0, -5.0, 3.0; 7
1.0, -5.0, 3.0; 4
2.0, -5.0, 3.0; 2
3.0, -5.0, 3.0; 1
4.0, -5.0, 3.0; 2
-8.0, -4.0, 3.0; 4
-7.0, -4.0, 3.0; 6
-6.0, -4.0, 3.0; 5
-4.0, -4.0, 3.0; 1
-3.0, -4.0, 3.0; 2
-2.0, -4.0, 3.0; 3
0.0, -4.0, 3.0; 1
1.0, -4.0, 3.0; 1
2.0, -4.0, 3.0; 1
5.0, -4.0, 3.0; 1
6.0, -4.0, 3.0; 1
-9.0, -3.0, 3.0; 1
-8.0, -3.0, 3.0; 4
-7.0, -3.0, 3.0; 15
-6.0, -3.0, 3.0; 15
-5.0, -3.0, 3.0; 3
-4.0, -3.0, 3.0; 3
-3.0, -3.0, 3.0; 3
-2.0, -3.0, 3.0; 4
-1.0, -3.0, 3.0; 3
1.0, -3.0, 3.0; 1
-9.0, -2.0, 3.0; 3
-8.0, -2.0, 3.0; 1
-7.0, -2.0, 3.0; 6
-6.0, -2.0, 3.0; 15
-5.0, -2.0, 3.0; 11
-4.0, -2.0, 3.0; 5
-1.0, -2.0, 3.0; 1
1.0, -2.0, 3.0; 2
2.0, -2.0, 3.0; 1
-9.0, -1.0, 3.0; 1
-8.0, -1.0, 3.0; 1
-7.0, -1.0, 3.0; 3
-6.0, -1.0, 3.0; 4
-5.0, -1.0, 3.0; 9
-4.0, -1.0, 3.0; 3
-3.0, -1.0, 3.0; 2
-2.0, -1.0, 3.0; 3
0.0, -1.0, 3.0; 1
1.0, -1.0, 3.0; 2
2.0, -1.0, 3.0; 2
3.0, -1.0, 3.0; 3
-10.0, 0.0, 3.0; 2
-9.0, 0.0, 3.0; 2
-8.0, 0.0, 3.0; 2
-7.0, 0.0, 3.0; 1
-6.0, 0.0, 3.0; 6
-5.0, 0.0, 3.0; 16
-4.0, 0.0, 3.0; 5
-3.0, 0.0, 3.0; 7
-2.0, 0.0, 3.0; 1
4.0, 0.0, 3.0; 1
-10.0, 1.0, 3.0; 1
-9.0, 1.0, 3.0; 2
-8.0, 1.0, 3.0; 3
-7.0, 1.0, 3.0; 8
-6.0, 1.0, 3.0; 1
-5.0, 1.0, 3.0; 14
-4.0, 1.0, 3.0; 50
-3.0, 1.0, 3.0; 14
-2.0, 1.0, 3.0; 4
-1.0, 1.0, 3.0; 2
2.0, 1.0, 3.0; 1
3.0, 1.0, 3.0; 2
5.0, 1.0, 3.0; 1
-10.0, 2.0, 3.0; 1
-9.0, 2.0, 3.0; 4
-8.0, 2.0, 3.0; 5
-7.0, 2.0, 3.0; 2
-6.0, 2.0, 3.0; 3
-5.0, 2.0, 3.0; 6
-4.0, 2.0, 3.0; 79
-3.0, 2.0, 3.0; 35
-2.0, 2.0, 3.0; 4
-1.0, 2.0, 3.0; 3
0.0, 2.0, 3.0; 2
1.0, 2.0, 3.0; 1
2.0, 2.0, 3.0; 3
3.0, 2.0, 3.0; 1
5.0, 2.0, 3.0; 1
6.0, 2.0, 3.0; 1
-9.0, 3.0, 3.0; 4
-8.0, 3.0, 3.0; 4
-7.0, 3.0, 3.0; 2
-6.0, 3.0, 3.0; 2
-5.0, 3.0, 3.0; 2
-4.0, 3.0, 3.0; 8
-3.0, 3.0, 3.0; 26
-2.0, 3.0, 3.0; 10
-1.0, 3.0, 3.0; 3
0.0, 3.0, 3.0; 2
1.0, 3.0, 3.0; 4
3.0, 3.0, 3.0; 2
-9.0, 4.0, 3.0; 3
-8.0, 4.0, 3.0; 6
-7.0, 4.0, 3.0; 5
-6.0, 4.0, 3.0; 5
-5.0, 4.0, 3.0; 2
-4.0, 4.0, 3.0; 4
-3.0, 4.0, 3.0; 3
-2.0, 4.0, 3.0; 2
-1.0, 4.0, 3.0; 4
1.0, 4.0, 3.0; 1
2.0, 4.0, 3.0; 2
3.0, 4.0, 3.0; 2
6.0, 4.0, 3.0; 1
-8.0, 5.0, 3.0; 4
-7.0, 5.0, 3.0; 5
-6.0, 5.0, 3.0; 4
-5.0, 5.0, 3.0; 6
-4.0, 5.0, 3.0; 2
-2.0, 5.0, 3.0; 1
-1.0, 5.0, 3.0; 1
0.0, 5.0, 3.0; 1
1.0, 5.0, 3.0; 1
2.0, 5.0, 3.0; 2
3.0, 5.0, 3.0; 1
5.0, 5.0, 3.0; 1
-7.0, 6.0, 3.0; 4
-5.0, 6.0, 3.0; 4
-4.0, 6.0, 3.0; 3
-3.0, 6.0, 3.0; 1
-2.0, 6.0, 3.0; 1
-1.0, 6.0, 3.0; 1
0.0, 6.0, 3.0; 1
1.0, 6.0, 3.0; 2
2.0, 6.0, 3.0; 2
-6.0, 7.0, 3.0; 5
-5.0, 7.0, 3.0; 3
-4.0, 7.0, 3.0; 9
-3.0, 7.0, 3.0; 6
-2.0, 7.0, 3.0; 3
-1.0, 7.0, 3.0; 2
3.0, 7.0, 3.0; 1
5.0, 7.0, 3.0; 1
-5.0, 8.0, 3.0; 1
-4.0, 8.0, 3.0; 5
-3.0, 8.0, 3.0; 5
-2.0, 8.0, 3.0; 5
-1.0, 8.0, 3.0; 2
0.0, 8.0, 3.0; 3
1.0, 8.0, 3.0; 1
-3.0, 9.0, 3.0; 1
-2.0, 9.0, 3.0; 2
-1.0, 9.0, 3.0; 1
0.0, 9.0, 3.0; 1
-3.0, -9.0, 4.0; 1
-2.0, -9.0, 4.0; 2
-1.0, -9.0, 4.0; 1
0.0, -9.0, 4.0; 1
1.0, -9.0, 4.0; 1
-6.0, -8.0, 4.0; 1
-5.0, -8.0, 4.0; 2
-4.0, -8.0, 4.0; 3
-3.0, -8.0, 4.0; 8
-2.0, -8.0, 4.0; 1
-1.0, -8.0, 4.0; 2
2.0, -8.0, 4.0; 1
-6.0, -7.0, 4.0; 2
-5.0, -7.0, 4.0; 6
-4.0, -7.0, 4.0; 3
-3.0, -7.0, 4.0; 4
-2.0, -7.0, 4.0; 1
-1.0, -7.0, 4.0; 3
1.0, -7.0, 4.0; 2
4.0, -7.0, 4.0; 1
5.0, -7.0, 4.0; 1
-7.0, -6.0, 4.0; 2
-6.0, -6.0, 4.0; 1
-5.0, -6.0, 4.0; 7
-4.0, -6.0, 4.0; 3
-3.0, -6.0, 4.0; 4
-2.0, -6.0, 4.0; 3
0.0, -6.0, 4.0; 2
1.0, -6.0, 4.0; 1
4.0, -6.0, 4.0; 1
-8.0, -5.0, 4.0; 2
-7.0, -5.0, 4.0; 1
-5.0, -5.0, 4.0; 2
-4.0, -5.0, 4.0; 2
-3.0, -5.0, 4.0; 4
-2.0, -5.0, 4.0; 2
-1.0, -5.0, 4.0; 2
0.0, -5.0, 4.0; 1
1.0, -5.0, 4.0; 1
4.0, -5.0, 4.0; 3
-9.0, -4.0, 4.0; 1
-7.0, -4.0, 4.0; 2
-6.0, -4.0, 4.0; 10
-5.0, -4.0, 4.0; 5
-4.0, -4.0, 4.0; 3
-3.0, -4.0, 4.0; 4
-2.0, -4.0, 4.0; 3
-1.0, -4.0, 4.0; 4
0.0, -4.0, 4.0; 1
1.0, -4.0, 4.0; 1
4.0, -4.0, 4.0; 2
-9.0, -3.0, 4.0; 2
-8.0, -3.0, 4.0; 3
-7.0, -3.0, 4.0; 2
-6.0, -3.0, 4.0; 7
-5.0, -3.0, 4.0; 9
-4.0, -3.0, 4.0; 8
-3.0, -3.0, 4.0; 6
-1.0, -3.0, 4.0; 4
0.0, -3.0, 4.0; 1
1.0, -3.0, 4.0; 1
-8.0, -2.0, 4.0; 2
-7.0, -2.0, 4.0; 3
-6.0, -2.0, 4.0; 2
-5.0, -2.0, 4.0; 9
-4.0, -2.0, 4.0; 12
-3.0, -2.0, 4.0; 7
-2.0, -2.0, 4.0; 4
-1.0, -2.0, 4.0; 7
0.0, -2.0, 4.0; 9
1.0, -2.0, 4.0; 1
3.0, -2.0, 4.0; 1
4.0, -2.0, 4.0; 2
-8.0, -1.0, 4.0; 2
-7.0, -1.0, 4.0; 4
-6.0, -1.0, 4.0; 3
-5.0, -1.0, 4.0; 4
-4.0, -1.0, 4.0; 14
-3.0, -1.0, 4.0; 26
-2.0, -1.0, 4.0; 19
-1.0, -1.0, 4.0; 12
0.0, -1.0, 4.0; 6
1.0, -1.0, 4.0; 5
2.0, -1.0, 4.0; 1
4.0, -1.0, 4.0; 2
-9.0, 0.0, 4.0; 3
-8.0, 0.0, 4.0; 2
-5.0, 0.0, 4.0; 3
-4.0, 0.0, 4.0; 2
-3.0, 0.0, 4.0; 7
-2.0, 0.0, 4.0; 4
-1.0, 0.0, 4.0; 2
2.0, 0.0, 4.0; 1
-8.0, 1.0, 4.0; 2
-7.0, 1.0, 4.0; 3
-6.0, 1.0, 4.0; 5
-5.0, 1.0, 4.0; 6
-4.0, 1.0, 4.0; 6
-3.0, 1.0, 4.0; 5
-2.0, 1.0, 4.0; 4
-1.0, 1.0, 4.0; 4
0.0, 1.0, 4.0; 1
-9.0, 2.0, 4.0; 1
-8.0, 2.0, 4.0; 7
-7.0, 2.0, 4.0; 1
-6.0, 2.0, 4.0; 5
-5.0, 2.0, 4.0; 5
-4.0, 2.0, 4.0; 6
-3.0, 2.0, 4.0; 7
-2.0, 2.0, 4.0; 2
-1.0, 2.0, 4.0; 4
0.0, 2.0, 4.0; 8
1.0, 2.0, 4.0; 9
4.0, 2.0, 4.0; 1
5.0, 2.0, 4.0; 1
-9.0, 3.0, 4.0; 2
-8.0, 3.0, 4.0; 2
-7.0, 3.0, 4.0; 4
-6.0, 3.0, 4.0; 2
-5.0, 3.0, 4.0; 1
-3.0, 3.0, 4.0; 2
-2.0, 3.0, 4.0; 2
-1.0, 3.0, 4.0; 2
0.0, 3.0, 4.0; 2
1.0, 3.0, 4.0; 1
-8.0, 4.0, 4.0; 3
-7.0, 4.0, 4.0; 5
-6.0, 4.0, 4.0; 3
-5.0, 4.0, 4.0; 3
-4.0, 4.0, 4.0; 2
-2.0, 4.0, 4.0; 3
-1.0, 4.0, 4.0; 1
0.0, 4.0, 4.0; 1
4.0, 4.0, 4.0; 1
-7.0, 5.0, 4.0; 4
-6.0, 5.0, 4.0; 4
-5.0, 5.0, 4.0; 4
-4.0, 5.0, 4.0; 3
-3.0, 5.0, 4.0; 1
-1.0, 5.0, 4.0; 4
0.0, 5.0, 4.0; 1
4.0, 5.0, 4.0; 1
-7.0, 6.0, 4.0; 1
-6.0, 6.0, 4.0; 3
-5.0, 6.0, 4.0; 4
-4.0, 6.0, 4.0; 5
-3.0, 6.0, 4.0; 9
-2.0, 6.0, 4.0; 5
-1.0, 6.0, 4.0; 2
0.0, 6.0, 4.0; 1
1.0, 6.0, 4.0; 2
-6.0, 7.0, 4.0; 1
-5.0, 7.0, 4.0; 5
-4.0, 7.0, 4.0; 1
-3.0, 7.0, 4.0; 3
-2.0, 7.0, 4.0; 2
-1.0, 7.0, 4.0; 3
0.0, 7.0, 4.0; 1
1.0, 7.0, 4.0; 2
4.0, 7.0, 4.0; 1
-4.0, 8.0, 4.0; 3
-2.0, 8.0, 4.0; 3
-1.0, 8.0, 4.0; 1
0.0, -8.0, 5.0; 1
2.0, -8.0, 5.0; 3
-5.0, -7.0, 5.0; 2
-4.0, -7.0, 5.0; 3
-3.0, -7.0, 5.0; 3
0.0, -7.0, 5.0; 2
2.0, -7.0, 5.0; 1
-5.0, -6.0, 5.0; 4
-4.0, -6.0, 5.0; 7
0.0, -6.0, 5.0; 1
-6.0, -5.0, 5.0; 2
-5.0, -5.0, 5.0; 2
-3.0, -5.0, 5.0; 2
-2.0, -5.0, 5.0; 2
2.0, -5.0, 5.0; 1
3.0, -5.0, 5.0; 1
4.0, -5.0, 5.0; 2
-7.0, -4.0, 5.0; 1
-6.0, -4.0, 5.0; 1
-5.0, -4.0, 5.0; 2
-4.0, -4.0, 5.0; 2
-3.0, -4.0, 5.0; 2
-2.0, -4.0, 5.0; 1
1.0, -4.0, 5.0; 1
2.0, -4.0, 5.0; 2
-8.0, -3.0, 5.0; 2
-7.0, -3.0, 5.0; 1
-6.0, -3.0, 5.0; 2
-5.0, -3.0, 5.0; 1
-4.0, -3.0, 5.0; 1
-3.0, -3.0, 5.0; 2
-2.0, -3.0, 5.0; 2
-1.0, -3.0, 5.0; 4
-7.0, -2.0, 5.0; 1
-6.0, -2.0, 5.0; 1
-5.0, -2.0, 5.0; 1
-4.0, -2.0, 5.0; 2
-2.0, -2.0, 5.0; 2
-1.0, -2.0, 5.0; 1
1.0, -2.0, 5.0; 1
-7.0, -1.0, 5.0; 1
-5.0, -1.0, 5.0; 2
-4.0, -1.0, 5.0; 1
-3.0, -1.0, 5.0; 1
-2.0, -1.0, 5.0; 1
-1.0, -1.0, 5.0; 3
0.0, -1.0, 5.0; 1
2.0, -1.0, 5.0; 1
3.0, -1.0, 5.0; 1
4.0, -1.0, 5.0; 1
-8.0, 0.0, 5.0; 1
-7.0, 0.0, 5.0; 8
-5.0, 0.0, 5.0; 2
-4.0, 0.0, 5.0; 2
-1.0, 0.0, 5.0; 2
0.0, 0.0, 5.0; 1
2.0, 0.0, 5.0; 1
4.0, 0.0, 5.0; 1
-8.0, 1.0, 5.0; 2
-6.0, 1.0, 5.0; 2
-5.0, 1.0, 5.0; 1
0.0, 1.0, 5.0; 2
2.0, 1.0, 5.0; 2
6.0, 1.0, 5.0; 1
-8.0, 2.0, 5.0; 1
-7.0, 2.0, 5.0; 3
-6.0, 2.0, 5.0; 1
-5.0, 2.0, 5.0; 2
-4.0, 2.0, 5.0; 5
-3.0, 2.0, 5.0; 1
-2.0, 2.0, 5.0; 3
-1.0, 2.0, 5.0; 7
0.0, 2.0, 5.0; 2
4.0, 2.0, 5.0; 2
-7.0, 3.0, 5.0; 4
-6.0, 3.0, 5.0; 1
-5.0, 3.0, 5.0; 4
-4.0, 3.0, 5.0; 4
-3.0, 3.0, 5.0; 3
-2.0, 3.0, 5.0; 7
-1.0, 3.0, 5.0; 4
0.0, 3.0, 5.0; 1
1.0, 3.0, 5.0; 1
4.0, 3.0, 5.0; 1
-8.0, 4.0, 5.0; 2
-7.0, 4.0, 5.0; 4
-6.0, 4.0, 5.0; 2
-4.0, 4.0, 5.0; 2
-3.0, 4.0, 5.0; 2
-2.0, 4.0, 5.0; 2
-1.0, 4.0, 5.0; 2
0.0, 4.0, 5.0; 4
1.0, 4.0, 5.0; 1
-7.0, 5.0, 5.0; 1
-5.0, 5.0, 5.0; 2
-4.0, 5.0, 5.0; 3
-3.0, 5.0, 5.0; 3
-2.0, 5.0, 5.0; 2
0.0, 5.0, 5.0; 1
-6.0, 6.0, 5.0; 1
-5.0, 6.0, 5.0; 1
-4.0, 6.0, 5.0; 2
-3.0, 6.0, 5.0; 2
-2.0, 6.0, 5.0; 1
0.0, 6.0, 5.0; 1
1.0, 6.0, 5.0; 1
2.0, 6.0, 5.0; 3
3.0, 6.0, 5.0; 2
-3.0, 7.0, 5.0; 1
-1.0, 7.0, 5.0; 1
-2.0, 8.0, 5.0; 1
-5.0, -7.0, 6.0; 1
-4.0, -7.0, 6.0; 2
-1.0, -7.0, 6.0; 1
2.0, -7.0, 6.0; 1
-4.0, -6.0, 6.0; 2
-3.0, -6.0, 6.0; 1
2.0, -6.0, 6.0; 1
-4.0, -5.0, 6.0; 1
-3.0, -5.0, 6.0; 1
-1.0, -5.0, 6.0; 1
1.0, -5.0, 6.0; 1
-7.0, -4.0, 6.0; 1
-6.0, -4.0, 6.0; 2
-3.0, -4.0, 6.0; 1
1.0, -4.0, 6.0; 1
3.0, -4.0, 6.0; 2
-7.0, -3.0, 6.0; 2
-6.0, -3.0, 6.0; 1
-5.0, -3.0, 6.0; 1
-4.0, -3.0, 6.0; 2
-3.0, -3.0, 6.0; 2
1.0, -3.0, 6.0; 1
2.0, -3.0, 6.0; 1
3.0, -3.0, 6.0; 1
4.0, -3.0, 6.0; 1
-5.0, -2.0, 6.0; 2
-4.0, -2.0, 6.0; 2
-2.0, -2.0, 6.0; 1
-1.0, -2.0, 6.0; 2
1.0, -2.0, 6.0; 1
2.0, -2.0, 6.0; 1
-6.0, -1.0, 6.0; 1
-4.0, -1.0, 6.0; 1
-1.0, -1.0, 6.0; 2
0.0, -1.0, 6.0; 2
1.0, -1.0, 6.0; 1
2.0, -1.0, 6.0; 2
-8.0, 0.0, 6.0; 1
-6.0, 0.0, 6.0; 1
-3.0, 0.0, 6.0; 1
1.0, 0.0, 6.0; 1
-8.0, 1.0, 6.0; 3
-7.0, 1.0, 6.0; 1
-6.0, 1.0, 6.0; 1
-4.0, 1.0, 6.0; 1
-1.0, 1.0, 6.0; 1
3.0, 1.0, 6.0; 1
-7.0, 3.0, 6.0; 2
-6.0, 3.0, 6.0; 3
-4.0, 3.0, 6.0; 1
-2.0, 3.0, 6.0; 4
2.0, 3.0, 6.0; 2
-6.0, 4.0, 6.0; 1
-5.0, 4.0, 6.0; 1
-3.0, 4.0, 6.0; 2
-2.0, 4.0, 6.0; 2
-1.0, 4.0, 6.0; 1
0.0, 4.0, 6.0; 1
1.0, 4.0, 6.0; 1
-3.0, 5.0, 6.0; 2
-1.0, 5.0, 6.0; 2
0.0, 5.0, 6.0; 2
4.0, 5.0, 6.0; 1
-4.0, 6.0, 6.0; 1
-1.0, 6.0, 6.0; 1
1.0, 6.0, 6.0; 1
-1.0, 7.0, 6.0; 1
0.0, 7.0, 6.0; 1
2.0, 7.0, 6.0; 1
-2.0, -7.0, 7.0; 1
0.0, -7.0, 7.0; 1
-4.0, -6.0, 7.0; 1
-3.0, -6.0, 7.0; 3
0.0, -6.0, 7.0; 1
2.0, -6.0, 7.0; 1
3.0, -6.0, 7.0; 1
-5.0, -5.0, 7.0; 1
-4.0, -5.0, 7.0; 1
-3.0, -5.0, 7.0; 1
-2.0, -5.0, 7.0; 1
-1.0, -5.0, 7.0; 1
-7.0, -4.0, 7.0; 1
-6.0, -4.0, 7.0; 2
-4.0, -4.0, 7.0; 2
0.0, -4.0, 7.0; 1
-6.0, -3.0, 7.0; 3
-5.0, -3.0, 7.0; 1
-4.0, -3.0, 7.0; 4
-3.0, -3.0, 7.0; 3
-2.0, -3.0, 7.0; 1
-1.0, -3.0, 7.0; 4
1.0, -3.0, 7.0; 3
3.0, -3.0, 7.0; 1
-5.0, -2.0, 7.0; 1
-4.0, -2.0, 7.0; 1
-3.0, -2.0, 7.0; 1
0.0, -2.0, 7.0; 1
2.0, -2.0, 7.0; 2
-7.0, -1.0, 7.0; 1
-5.0, -1.0, 7.0; 1
-4.0, -1.0, 7.0; 2
-3.0, -1.0, 7.0; 1
-1.0, -1.0, 7.0; 1
0.0, -1.0, 7.0; 1
1.0, -1.0, 7.0; 1
-7.0, 0.0, 7.0; 1
-4.0, 0.0, 7.0; 3
1.0, 0.0, 7.0; 1
-6.0, 1.0, 7.0; 5
-5.0, 2.0, 7.0; 1
-3.0, 2.0, 7.0; 2
-1.0, 2.0, 7.0; 1
-5.0, 3.0, 7.0; 1
-4.0, 3.0, 7.0; 1
-2.0, 3.0, 7.0; 1
-3.0, 4.0, 7.0; 1
-2.0, 4.0, 7.0; 1
0.0, 4.0, 7.0; 1
1.0, 4.0, 7.0; 1
2.0, 4.0, 7.0; 1
1.0, 5.0, 7.0; 1
-2.0, -6.0, 8.0; 2
2.0, -6.0, 8.0; 2
-4.0, -5.0, 8.0; 2
-3.0, -5.0, 8.0; 2
0.0, -5.0, 8.0; 1
-4.0, -4.0, 8.0; 2
-3.0, -4.0, 8.0; 2
-2.0, -4.0, 8.0; 1
-4.0, -3.0, 8.0; 1
-2.0, -3.0, 8.0; 1
-1.0, -1.0, 8.0; 1
-5.0, 0.0, 8.0; 2
-4.0, 0.0, 8.0; 3
1.0, 0.0, 8.0; 1
-6.0, 1.0, 8.0; 1
-2.0, 1.0, 8.0; 1
1.0, 1.0, 8.0; 1
-3.0, 2.0, 8.0; 2
-2.0, 2.0, 8.0; 1
-1.0, 2.0, 8.0; 2
-2.0, 3.0, 8.0; 2
-1.0, 3.0, 8.0; 1
0.0, 3.0, 8.0; 1
-1.0, 4.0, 8.0; 1
-1.0, 5.0, 8.0; 1
-1.0, -3.0, 9.0; 1
-2.0, -2.0, 9.0; 1
-3.0, -1.0, 9.0; 1
-2.0, 2.0, 9.0; 1
-1.0, -5.0, -10.0; 1
-2.0, -4.0, -10.0; 1
-3.0, -3.0, -10.0; 2
-2.0, -3.0, -10.0; 1
-1.0, -3.0, -10.0; 1
0.0, -3.0, -10.0; 3
1.0, -3.0, -10.0; 1
-2.0, -2.0, -10.0; 1
0.0, -2.0, -10.0; 2
1.0, -2.0, -10.0; 1
3.0, -2.0, -10.0; 1
-3.0, -1.0, -10.0; 2
-2.0, -1.0, -10.0; 4
-1.0, -1.0, -10.0; 2
-1.0, 0.0, -10.0; 4
0.0, 0.0, -10.0; 1
1.0, 0.0, -10.0; 2
3.0, 0.0, -10.0; 1
-3.0, 1.0, -10.0; 1
-2.0, 1.0, -10.0; 1
-1.0, 1.0, -10.0; 2
-3.0, 2.0, -10.0; 1
1.0, 2.0, -10.0; 1
-2.0, -6.0, -9.0; 1
-1.0, -6.0, -9.0; 1
0.0, -6.0, -9.0; 1
1.0, -6.0, -9.0; 1
-3.0, -5.0, -9.0; 1
-2.0, -5.0, -9.0; 1
-1.0, -5.0, -9.0; 1
0.0, -5.0, -9.0; 3
1.0, -5.0, -9.0; 2
2.0, -5.0, -9.0; 1
-4.0, -4.0, -9.0; 3
-3.0, -4.0, -9.0; 1
0.0, -4.0, -9.0; 1
1.0, -4.0, -9.0; 3
2.0, -4.0, -9.0; 2
-5.0, -3.0, -9.0; 1
-4.0, -3.0, -9.0; 1
-3.0, -3.0, -9.0; 1
-2.0, -3.0, -9.0; 2
-1.0, -3.0, -9.0; 1
0.0, -3.0, -9.0; 2
1.0, -3.0, -9.0; 2
2.0, -3.0, -9.0; 6
3.0, -3.0, -9.0; 1
-6.0, -2.0, -9.0; 2
-5.0, -2.0, -9.0; 1
-4.0, -2.0, -9.0; 4
-2.0, -2.0, -9.0; 1
-1.0, -2.0, -9.0; 1
0.0, -2.0, -9.0; 2
1.0, -2.0, -9.0; 8
2.0, -2.0, -9.0; 8
3.0, -2.0, -9.0; 1
-6.0, -1.0, -9.0; 1
-5.0, -1.0, -9.0; 2
-4.0, -1.0, -9.0; 5
-3.0, -1.0, -9.0; 1
-2.0, -1.0, -9.0; 2
-1.0, -1.0, -9.0; 4
0.0, -1.0, -9.0; 7
1.0, -1.0, -9.0; 5
2.0, -1.0, -9.0; 2
3.0, -1.0, -9.0; 1
4.0, -1.0, -9.0; 1
-6.0, 0.0, -9.0; 1
-5.0, 0.0, -9.0; 2
-4.0, 0.0, -9.0; 5
-3.0, 0.0, -9.0; 3
-2.0, 0.0, -9.0; 7
-1.0, 0.0, -9.0; 4
0.0, 0.0, -9.0; 4
1.0, 0.0, -9.0; 2
2.0, 0.0, -9.0; 1
3.0, 0.0, -9.0; 1
4.0, 0.0, -9.0; 1
-6.0, 1.0, -9.0; 1
-5.0, 1.0, -9.0; 2
-4.0, 1.0, -9.0; 2
-3.0, 1.0, -9.0; 11
-2.0, 1.0, -9.0; 3
-1.0, 1.0, -9.0; 1
0.0, 1.0, -9.0; 1
3.0, 1.0, -9.0; 3
-5.0, 2.0, -9.0; 2
-4.0, 2.0, -9.0; 1
-3.0, 2.0, -9.0; 4
-2.0, 2.0, -9.0; 8
-1.0, 2.0, -9.0; 3
0.0, 2.0, -9.0; 1
1.0, 2.0, -9.0; 1
2.0, 2.0, -9.0; 2
3.0, 2.0, -9.0; 2
4.0, 2.0, -9.0; 1
-5.0, 3.0, -9.0; 1
-3.0, 3.0, -9.0; 1
-2.0, 3.0, -9.0; 2
-1.0, 3.0, -9.0; 2
0.0, 3.0, -9.0; 3
1.0, 3.0, -9.0; 1
2.0, 3.0, -9.0; 1
4.0, 3.0, -9.0; 1
-3.0, 4.0, -9.0; 1
-1.0, 4.0, -9.0; 1
0.0, 4.0, -9.0; 2
2.0, 4.0, -9.0; 1
-2.0, -7.0, -8.0; 1
0.0, -7.0, -8.0; 3
1.0, -7.0, -8.0; 4
-5.0, -6.0, -8.0; 1
-2.0, -6.0, -8.0; 1
-1.0, -6.0, -8.0; 1
0.0, -6.0, -8.0; 3
1.0, -6.0, -8.0; 8
2.0, -6.0, -8.0; 1
3.0, -6.0, -8.0; 1
-4.0, -5.0, -8.0; 3
-3.0, -5.0, -8.0; 4
-2.0, -5.0, -8.0; 4
-1.0, -5.0, -8.0; 2
0.0, -5.0, -8.0; 1
1.0, -5.0, -8.0; 2
2.0, -5.0, -8.0; 2
3.0, -5.0, -8.0; 2
-5.0, -4.0, -8.0; 2
-4.0, -4.0, -8.0; 4
-3.0, -4.0, -8.0; 2
-2.0, -4.0, -8.0; 3
-1.0, -4.0, -8.0; 1
1.0, -4.0, -8.0; 1
2.0, -4.0, -8.0; 1
3.0, -4.0, -8.0; 1
-7.0, -3.0, -8.0; 1
-6.0, -3.0, -8.0; 4
-5.0, -3.0, -8.0; 3
-4.0, -3.0, -8.0; 10
-3.0, -3.0, -8.0; 1
1.0, -3.0, -8.0; 2
2.0, -3.0, -8.0; 3
3.0, -3.0, -8.0; 3
-6.0, -2.0, -8.0; 1
-5.0, -2.0, -8.0; 6
-4.0, -2.0, -8.0; 13
-3.0, -2.0, -8.0; 8
-2.0, -2.0, -8.0; 2
-1.0, -2.0, -8.0; 3
0.0, -2.0, -8.0; 1
2.0, -2.0, -8.0; 4
3.0, -2.0, -8.0; 10
-7.0, -1.0, -8.0; 1
-6.0, -1.0, -8.0; 3
-5.0, -1.0, -8.0; 3
-4.0, -1.0, -8.0; 13
-3.0, -1.0, -8.0; 7
-2.0, -1.0, -8.0; 7
-1.0, -1.0, -8.0; 1
0.0, -1.0, -8.0; 1
1.0, -1.0, -8.0; 5
2.0, -1.0, -8.0; 4
3.0, -1.0, -8.0; 5
6.0, -1.0, -8.0; 1
-7.0, 0.0, -8.0; 2
-6.0, 0.0, -8.0; 7
-5.0, 0.0, -8.0; 9
-4.0, 0.0, -8.0; 5
-3.0, 0.0, -8.0; 1
-2.0, 0.0, -8.0; 1
0.0, 0.0, -8.0; 2
1.0, 0.0, -8.0; 8
2.0, 0.0, -8.0; 3
3.0, 0.0, -8.0; 1
5.0, 0.0, -8.0; 3
6.0, 0.0, -8.0; 6
-7.0, 1.0, -8.0; 5
-6.0, 1.0, -8.0; 6
-5.0, 1.0, -8.0; 9
-4.0, 1.0, -8.0; 6
-3.0, 1.0, -8.0; 5
-2.0, 1.0, -8.0; 5
-1.0, 1.0, -8.0; 5
0.0, 1.0, -8.0; 5
1.0, 1.0, -8.0; 1
2.0, 1.0, -8.0; 1
3.0, 1.0, -8.0; 2
4.0, 1.0, -8.0; 1
6.0, 1.0, -8.0; 1
-6.0, 2.0, -8.0; 4
-5.0, 2.0, -8.0; 2
-4.0, 2.0, -8.0; 6
-3.0, 2.0, -8.0; 3
-2.0, 2.0, -8.0; 4
-1.0, 2.0, -8.0; 2
0.0, 2.0, -8.0; 2
2.0, 2.0, -8.0; 2
5.0, 2.0, -8.0; 3
6.0, 2.0, -8.0; 2
-5.0, 3.0, -8.0; 6
-4.0, 3.0, -8.0; 5
-3.0, 3.0, -8.0; 6
-2.0, 3.0, -8.0; 2
-1.0, 3.0, -8.0; 3
0.0, 3.0, -8.0; 1
1.0, 3.0, -8.0; 3
2.0, 3.0, -8.0; 4
3.0, 3.0, -8.0; 2
5.0, 3.0, -8.0; 2
-5.0, 4.0, -8.0; 3
-4.0, 4.0, -8.0; 5
-3.0, 4.0, -8.0; 3
-2.0, 4.0, -8.0; 5
-1.0, 4.0, -8.0; 2
0.0, 4.0, -8.0; 4
1.0, 4.0, -8.0; 1
2.0, 4.0, -8.0; 2
3.0, 4.0, -8.0; 2
4.0, 4.0, -8.0; 1
-5.0, 5.0, -8.0; 1
-3.0, 5.0, -8.0; 2
-2.0, 5.0, -8.0; 3
-1.0, 5.0, -8.0; 1
0.0, 5.0, -8.0; 2
1.0, 5.0, -8.0; 1
2.0, 5.0, -8.0; 4
-3.0, -8.0, -7.0; 1
-2.0, -8.0, -7.0; 2
-4.0, -7.0, -7.0; 2
-3.0, -7.0, -7.0; 4
-2.0, -7.0, -7.0; 2
-1.0, -7.0, -7.0; 5
0.0, -7.0, -7.0; 4
1.0, -7.0, -7.0; 4
2.0, -7.0, -7.0; 2
3.0, -7.0, -7.0; 2
-6.0, -6.0, -7.0; 3
-5.0, -6.0, -7.0; 6
-4.0, -6.0, -7.0; 12
-3.0, -6.0, -7.0; 6
-2.0, -6.0, -7.0; 2
-1.0, -6.0, -7.0; 3
0.0, -6.0, -7.0; 3
1.0, -6.0, -7.0; 4
2.0, -6.0, -7.0; 3
4.0, -6.0, -7.0; 1
-6.0, -5.0, -7.0; 4
-5.0, -5.0, -7.0; 24
-4.0, -5.0, -7.0; 8
-3.0, -5.0, -7.0; 2
-2.0, -5.0, -7.0; 1
-1.0, -5.0, -7.0; 4
0.0, -5.0, -7.0; 2
3.0, -5.0, -7.0; 2
4.0, -5.0, -7.0; 1
-8.0, -4.0, -7.0; 1
-7.0, -4.0, -7.0; 3
-6.0, -4.0, -7.0; 11
-5.0, -4.0, -7.0; 8
-4.0, -4.0, -7.0; 7
-3.0, -4.0, -7.0; 3
-2.0, -4.0, -7.0; 2
1.0, -4.0, -7.0; 2
3.0, -4.0, -7.0; 1
4.0, -4.0, -7.0; 2
-7.0, -3.0, -7.0; 5
-6.0, -3.0, -7.0; 7
-5.0, -3.0, -7.0; 13
-4.0, -3.0, -7.0; 2
-3.0, -3.0, -7.0; 2
-2.0, -3.0, -7.0; 1
-1.0, -3.0, -7.0; 2
0.0, -3.0, -7.0; 1
3.0, -3.0, -7.0; 4
4.0, -3.0, -7.0; 1
-8.0, -2.0, -7.0; 3
-7.0, -2.0, -7.0; 5
-6.0, -2.0, -7.0; 11
-5.0, -2.0, -7.0; 25
-4.0, -2.0, -7.0; 1
-1.0, -2.0, -7.0; 1
0.0, -2.0, -7.0; 2
2.0, -2.0, -7.0; 1
3.0, -2.0, -7.0; 2
4.0, -2.0, -7.0; 2
7.0, -2.0, -7.0; 1
-8.0, -1.0, -7.0; 1
-7.0, -1.0, -7.0; 4
-6.0, -1.0, -7.0; 13
-5.0, -1.0, -7.0; 32
-4.0, -1.0, -7.0; 14
-3.0, -1.0, -7.0; 1
-2.0, -1.0, -7.0; 2
-1.0, -1.0, -7.0; 2
0.0, -1.0, -7.0; 1
2.0, -1.0, -7.0; 1
3.0, -1.0, -7.0; 5
4.0, -1.0, -7.0; 1
6.0, -1.0, -7.0; 2
7.0, -1.0, -7.0; 4
-7.0, 0.0, -7.0; 10
-6.0, 0.0, -7.0; 21
-5.0, 0.0, -7.0; 4
-4.0, 0.0, -7.0; 2
-3.0, 0.0, -7.0; 2
1.0, 0.0, -7.0; 1
2.0, 0.0, -7.0; 6
3.0, 0.0, -7.0; 5
4.0, 0.0, -7.0; 3
6.0, 0.0, -7.0; 2
7.0, 0.0, -7.0; 6
-8.0, 1.0, -7.0; 2
-7.0, 1.0, -7.0; 5
-6.0, 1.0, -7.0; 15
-5.0, 1.0, -7.0; 11
-4.0, 1.0, -7.0; 1
-1.0, 1.0, -7.0; 1
0.0, 1.0, -7.0; 2
1.0, 1.0, -7.0; 4
2.0, 1.0, -7.0; 1
3.0, 1.0, -7.0; 5
4.0, 1.0, -7.0; 1
6.0, 1.0, -7.0; 7
7.0, 1.0, -7.0; 2
-7.0, 2.0, -7.0; 9
-6.0, 2.0, -7.0; 5
-5.0, 2.0, -7.0; 5
-4.0, 2.0, -7.0; 6
-3.0, 2.0, -7.0; 4
-2.0, 2.0, -7.0; 2
-1.0, 2.0, -7.0; 1
0.0, 2.0, -7.0; 1
1.0, 2.0, -7.0; 1
2.0, 2.0, -7.0; 6
3.0, 2.0, -7.0; 1
4.0, 2.0, -7.0; 1
5.0, 2.0, -7.0; 1
6.0, 2.0, -7.0; 4
7.0, 2.0, -7.0; 1
-7.0, 3.0, -7.0; 1
-6.0, 3.0, -7.0; 2
-5.0, 3.0, -7.0; 3
-4.0, 3.0, -7.0; 3
-3.0, 3.0, -7.0; 1
-2.0, 3.0, -7.0; 1
-1.0, 3.0, -7.0; 1
1.0, 3.0, -7.0; 1
3.0, 3.0, -7.0; 1
4.0, 3.0, -7.0; 1
5.0, 3.0, -7.0; 2
6.0, 3.0, -7.0; 1
-6.0, 4.0, -7.0; 2
-5.0, 4.0, -7.0; 3
-4.0, 4.0, -7.0; 1
-3.0, 4.0, -7.0; 1
-2.0, 4.0, -7.0; 2
-1.0, 4.0, -7.0; 1
1.0, 4.0, -7.0; 4
2.0, 4.0, -7.0; 1
3.0, 4.0, -7.0; 2
6.0, 4.0, -7.0; 1
-5.0, 5.0, -7.0; 4
-4.0, 5.0, -7.0; 2
-3.0, 5.0, -7.0; 3
-2.0, 5.0, -7.0; 2
-1.0, 5.0, -7.0; 3
0.0, 5.0, -7.0; 2
1.0, 5.0, -7.0; 1
2.0, 5.0, -7.0; 2
-3.0, 6.0, -7.0; 3
-2.0, 6.0, -7.0; 2
0.0, 6.0, -7.0; 1
1.0, 6.0, -7.0; 4
3.0, 6.0, -7.0; 1
-3.0, 7.0, -7.0; 1
-2.0, 7.0, -7.0; 1
-1.0, 7.0, -7.0; 1
2.0, -9.0, -6.0; 1
-5.0, -8.0, -6.0; 1
-4.0, -8.0, -6.0; 1
-3.0, -8.0, -6.0; 5
-2.0, -8.0, -6.0; 41
-1.0, -8.0, -6.0; 71
0.0, -8.0, -6.0; 16
1.0, -8.0, -6.0; 1
2.0, -8.0, -6.0; 1
-6.0, -7.0, -6.0; 2
-5.0, -7.0, -6.0; 3
-4.0, -7.0, -6.0; 8
-3.0, -7.0, -6.0; 23
-2.0, -7.0, -6.0; 71
-1.0, -7.0, -6.0; 84
0.0, -7.0, -6.0; 7
1.0, -7.0, -6.0; 4
2.0, -7.0, -6.0; 1
4.0, -7.0, -6.0; 2
-7.0, -6.0, -6.0; 2
-6.0, -6.0, -6.0; 5
-5.0, -6.0, -6.0; 10
-4.0, -6.0, -6.0; 4
-3.0, -6.0, -6.0; 5
-2.0, -6.0, -6.0; 5
-1.0, -6.0, -6.0; 8
0.0, -6.0, -6.0; 7
2.0, -6.0, -6.0; 2
3.0, -6.0, -6.0; 1
4.0, -6.0, -6.0; 1
-8.0, -5.0, -6.0; 3
-7.0, -5.0, -6.0; 4
-6.0, -5.0, -6.0; 12
-5.0, -5.0, -6.0; 14
-4.0, -5.0, -6.0; 2
-3.0, -5.0, -6.0; 7
-2.0, -5.0, -6.0; 7
-1.0, -5.0, -6.0; 1
0.0, -5.0, -6.0; 4
1.0, -5.0, -6.0; 5
3.0, -5.0, -6.0; 1
4.0, -5.0, -6.0; 5
5.0, -5.0, -6.0; 1
6.0, -5.0, -6.0; 1
-8.0, -4.0, -6.0; 1
-7.0, -4.0, -6.0; 10
-6.0, -4.0, -6.0; 11
-5.0, -4.0, -6.0; 2
-4.0, -4.0, -6.0; 5
-3.0, -4.0, -6.0; 4
-2.0, -4.0, -6.0; 5
-1.0, -4.0, -6.0; 1
0.0, -4.0, -6.0; 4
1.0, -4.0, -6.0; 5
3.0, -4.0, -6.0; 2
4.0, -4.0, -6.0; 3
5.0, -4.0, -6.0; 1
-8.0, -3.0, -6.0; 3
-7.0, -3.0, -6.0; 7
-6.0, -3.0, -6.0; 1
-5.0, -3.0, -6.0; 3
-4.0, -3.0, -6.0; 11
-3.0, -3.0, -6.0; 9
-2.0, -3.0, -6.0; 6
-1.0, -3.0, -6.0; 7
0.0, -3.0, -6.0; 32
1.0, -3.0, -6.0; 10
3.0, -3.0, -6.0; 1
4.0, -3.0, -6.0; 3
5.0, -3.0, -6.0; 1
7.0, -3.0, -6.0; 1
-8.0, -2.0, -6.0; 2
-7.0, -2.0, -6.0; 6
-6.0, -2.0, -6.0; 6
-5.0, -2.0, -6.0; 2
-4.0, -2.0, -6.0; 6
-3.0, -2.0, -6.0; 6
-2.0, -2.0, -6.0; 18
-1.0, -2.0, -6.0; 38
0.0, -2.0, -6.0; 32
1.0, -2.0, -6.0; 11
3.0, -2.0, -6.0; 2
4.0, -2.0, -6.0; 4
-8.0, -1.0, -6.0; 1
-7.0, -1.0, -6.0; 19
-6.0, -1.0, -6.0; 15
-5.0, -1.0, -6.0; 4
-4.0, -1.0, -6.0; 1
-3.0, -1.0, -6.0; 9
-2.0, -1.0, -6.0; 20
-1.0, -1.0, -6.0; 19
0.0, -1.0, -6.0; 10
1.0, -1.0, -6.0; 5
2.0, -1.0, -6.0; 1
3.0, -1.0, -6.0; 7
4.0, -1.0, -6.0; 5
5.0, -1.0, -6.0; 1
7.0, -1.0, -6.0; 2
8.0, -1.0, -6.0; 3
-9.0, 0.0, -6.0; 2
-8.0, 0.0, -6.0; 4
-7.0, 0.0, -6.0; 12
-6.0, 0.0, -6.0; 12
-5.0, 0.0, -6.0; 6
-4.0, 0.0, -6.0; 4
-2.0, 0.0, -6.0; 1
-1.0, 0.0, -6.0; 5
0.0, 0.0, -6.0; 6
2.0, 0.0, -6.0; 2
3.0, 0.0, -6.0; 16
4.0, 0.0, -6.0; 3
5.0, 0.0, -6.0; 1
8.0, 0.0, -6.0; 1
-9.0, 1.0, -6.0; 1
-8.0, 1.0, -6.0; 3
-7.0, 1.0, -6.0; 4
-6.0, 1.0, -6.0; 7
-5.0, 1.0, -6.0; 1
-3.0, 1.0, -6.0; 4
-2.0, 1.0, -6.0; 21
-1.0, 1.0, -6.0; 18
0.0, 1.0, -6.0; 10
1.0, 1.0, -6.0; 3
2.0, 1.0, -6.0; 5
3.0, 1.0, -6.0; 5
4.0, 1.0, -6.0; 3
5.0, 1.0, -6.0; 1
6.0, 1.0, -6.0; 1
7.0, 1.0, -6.0; 1
-9.0, 2.0, -6.0; 1
-8.0, 2.0, -6.0; 5
-7.0, 2.0, -6.0; 5
-6.0, 2.0, -6.0; 3
-5.0, 2.0, -6.0; 9
-4.0, 2.0, -6.0; 8
-3.0, 2.0, -6.0; 6
-2.0, 2.0, -6.0; 34
-1.0, 2.0, -6.0; 32
0.0, 2.0, -6.0; 5
1.0, 2.0, -6.0; 5
2.0, 2.0, -6.0; 6
3.0, 2.0, -6.0; 4
6.0, 2.0, -6.0; 1
-8.0, 3.0, -6.0; 1
-7.0, 3.0, -6.0; 2
-5.0, 3.0, -6.0; 4
-4.0, 3.0, -6.0; 5
-3.0, 3.0, -6.0; 3
-2.0, 3.0, -6.0; 6
-1.0, 3.0, -6.0; 3
0.0, 3.0, -6.0; 1
2.0, 3.0, -6.0; 3
3.0, 3.0, -6.0; 2
7.0, 3.0, -6.0; 1
-8.0, 4.0, -6.0; 1
-7.0, 4.0, -6.0; 6
-5.0, 4.0, -6.0; 3
-4.0, 4.0, -6.0; 11
-3.0, 4.0, -6.0; 5
-2.0, 4.0, -6.0; 7
-1.0, 4.0, -6.0; 3
0.0, 4.0, -6.0; 2
2.0, 4.0, -6.0; 1
3.0, 4.0, -6.0; 5
4.0, 4.0, -6.0; 1
-7.0, 5.0, -6.0; 1
-6.0, 5.0, -6.0; 4
-5.0, 5.0, -6.0; 6
-4.0, 5.0, -6.0; 3
-3.0, 5.0, -6.0; 4
-2.0, 5.0, -6.0; 1
-1.0, 5.0, -6.0; 2
0.0, 5.0, -6.0; 1
1.0, 5.0, -6.0; 2
2.0, 5.0, -6.0; 4
3.0, 5.0, -6.0; 1
4.0, 5.0, -6.0; 1
5.0, 5.0, -6.0; 1
-4.0, 6.0, -6.0; 2
-3.0, 6.0, -6.0; 5
-2.0, 6.0, -6.0; 2
-1.0, 6.0, -6.0; 4
0.0, 6.0, -6.0; 1
1.0, 6.0, -6.0; 1
2.0, 6.0, -6.0; 1
-4.0, 7.0, -6.0; 1
-3.0, 7.0, -6.0; 6
-2.0, 7.0, -6.0; 5
-1.0, 7.0, -6.0; 3
0.0, 7.0, -6.0; 2
3.0, 7.0, -6.0; 1
-1.0, 8.0, -6.0; 2
0.0, 8.0, -6.0; 3
1.0, 8.0, -6.0; 1
-2.0, -9.0, -5.0; 2
-1.0, -9.0, -5.0; 10
0.0, -9.0, -5.0; 3
1.0, -9.0, -5.0; 5
2.0, -9.0, -5.0; 1
3.0, -9.0, -5.0; 1
-5.0, -8.0, -5.0; 5
-4.0, -8.0, -5.0; 2
-3.0, -8.0, -5.0; 20
-2.0, -8.0, -5.0; 284
-1.0, -8.0, -5.0; 467
0.0, -8.0, -5.0; 20
1.0, -8.0, -5.0; 5
2.0, -8.0, -5.0; 3
3.0, -8.0, -5.0; 5
-7.0, -7.0, -5.0; 2
-6.0, -7.0, -5.0; 4
-5.0, -7.0, -5.0; 6
-4.0, -7.0, -5.0; 8
-3.0, -7.0, -5.0; 3
-2.0, -7.0, -5.0; 49
-1.0, -7.0, -5.0; 59
0.0, -7.0, -5.0; 13
1.0, -7.0, -5.0; 4
2.0, -7.0, -5.0; 1
3.0, -7.0, -5.0; 1
4.0, -7.0, -5.0; 2
5.0, -7.0, -5.0; 1
-7.0, -6.0, -5.0; 4
-6.0, -6.0, -5.0; 7
-5.0, -6.0, -5.0; 1
-4.0, -6.0, -5.0; 2
-2.0, -6.0, -5.0; 1
-1.0, -6.0, -5.0; 1
0.0, -6.0, -5.0; 4
1.0, -6.0, -5.0; 5
3.0, -6.0, -5.0; 1
4.0, -6.0, -5.0; 2
-8.0, -5.0, -5.0; 5
-7.0, -5.0, -5.0; 6
-6.0, -5.0, -5.0; 3
-5.0, -5.0, -5.0; 1
-3.0, -5.0, -5.0; 1
-2.0, -5.0, -5.0; 1
-1.0, -5.0, -5.0; 3
0.0, -5.0, -5.0; 4
1.0, -5.0, -5.0; 10
2.0, -5.0, -5.0; 2
3.0, -5.0, -5.0; 3
4.0, -5.0, -5.0; 1
5.0, -5.0, -5.0; 1
-8.0, -4.0, -5.0; 5
-7.0, -4.0, -5.0; 8
-6.0, -4.0, -5.0; 4
-5.0, -4.0, -5.0; 7
-4.0, -4.0, -5.0; 10
-3.0, -4.0, -5.0; 41
-2.0, -4.0, -5.0; 94
-1.0, -4.0, -5.0; 32
0.0, -4.0, -5.0; 5
1.0, -4.0, -5.0; 66
2.0, -4.0, -5.0; 13
3.0, -4.0, -5.0; 1
4.0, -4.0, -5.0; 1
6.0, -4.0, -5.0; 1
7.0, -4.0, -5.0; 1
-9.0, -3.0, -5.0; 2
-8.0, -3.0, -5.0; 4
-7.0, -3.0, -5.0; 2
-6.0, -3.0, -5.0; 4
-5.0, -3.0, -5.0; 7
-4.0, -3.0, -5.0; 36
-3.0, -3.0, -5.0; 1206
-2.0, -3.0, -5.0; 796
-1.0, -3.0, -5.0; 17
0.0, -3.0, -5.0; 71
1.0, -3.0, -5.0; 865
2.0, -3.0, -5.0; 38
3.0, -3.0, -5.0; 1
5.0, -3.0, -5.0; 2
6.0, -3.0, -5.0; 1
7.0, -3.0, -5.0; 1
-9.0, -2.0, -5.0; 1
-8.0, -2.0, -5.0; 3
-7.0, -2.0, -5.0; 7
-6.0, -2.0, -5.0; 4
-5.0, -2.0, -5.0; 5
-4.0, -2.0, -5.0; 16
-3.0, -2.0, -5.0; 141
-2.0, -2.0, -5.0; 52
-1.0, -2.0, -5.0; 4
0.0, -2.0, -5.0; 41
1.0, -2.0, -5.0; 102
2.0, -2.0, -5.0; 12
3.0, -2.0, -5.0; 2
4.0, -2.0, -5.0; 11
5.0, -2.0, -5.0; 3
8.0, -2.0, -5.0; 1
-9.0, -1.0, -5.0; 2
-8.0, -1.0, -5.0; 4
-7.0, -1.0, -5.0; 14
-6.0, -1.0, -5.0; 5
-5.0, -1.0, -5.0; 2
-4.0, -1.0, -5.0; 5
-3.0, -1.0, -5.0; 17
-2.0, -1.0, -5.0; 30
-1.0, -1.0, -5.0; 5
0.0, -1.0, -5.0; 4
1.0, -1.0, -5.0; 5
2.0, -1.0, -5.0; 2
3.0, -1.0, -5.0; 5
4.0, -1.0, -5.0; 38
5.0, -1.0, -5.0; 5
7.0, -1.0, -5.0; 1
8.0, -1.0, -5.0; 1
-9.0, 0.0, -5.0; 2
-8.0, 0.0, -5.0; 2
-7.0, 0.0, -5.0; 11
-6.0, 0.0, -5.0; 2
-4.0, 0.0, -5.0; 7
-3.0, 0.0, -5.0; 13
-2.0, 0.0, -5.0; 3
-1.0, 0.0, -5.0; 2
0.0, 0.0, -5.0; 4
1.0, 0.0, -5.0; 1
2.0, 0.0, -5.0; 3
3.0, 0.0, -5.0; 73
4.0, 0.0, -5.0; 25
6.0, 0.0, -5.0; 1
7.0, 0.0, -5.0; 2
-9.0, 1.0, -5.0; 5
-8.0, 1.0, -5.0; 5
-7.0, 1.0, -5.0; 4
-6.0, 1.0, -5.0; 3
-5.0, 1.0, -5.0; 5
-4.0, 1.0, -5.0; 14
-3.0, 1.0, -5.0; 10
-2.0, 1.0, -5.0; 2
-1.0, 1.0, -5.0; 3
0.0, 1.0, -5.0; 2
2.0, 1.0, -5.0; 4
3.0, 1.0, -5.0; 18
4.0, 1.0, -5.0; 5
-9.0, 2.0, -5.0; 2
-8.0, 2.0, -5.0; 5
-7.0, 2.0, -5.0; 2
-6.0, 2.0, -5.0; 12
-5.0, 2.0, -5.0; 23
-4.0, 2.0, -5.0; 7
-3.0, 2.0, -5.0; 11
-2.0, 2.0, -5.0; 13
-1.0, 2.0, -5.0; 17
0.0, 2.0, -5.0; 18
1.0, 2.0, -5.0; 9
2.0, 2.0, -5.0; 3
3.0, 2.0, -5.0; 23
4.0, 2.0, -5.0; 3
-9.0, 3.0, -5.0; 1
-8.0, 3.0, -5.0; 9
-7.0, 3.0, -5.0; 3
-6.0, 3.0, -5.0; 1
-5.0, 3.0, -5.0; 10
-4.0, 3.0, -5.0; 6
-3.0, 3.0, -5.0; 5
-2.0, 3.0, -5.0; 7
-1.0, 3.0, -5.0; 16
0.0, 3.0, -5.0; 21
1.0, 3.0, -5.0; 7
2.0, 3.0, -5.0; 4
3.0, 3.0, -5.0; 4
4.0, 3.0, -5.0; 3
5.0, 3.0, -5.0; 2
6.0, 3.0, -5.0; 1
8.0, 3.0, -5.0; 1
-8.0, 4.0, -5.0; 5
-7.0, 4.0, -5.0; 3
-6.0, 4.0, -5.0; 9
-5.0, 4.0, -5.0; 2
-4.0, 4.0, -5.0; 5
-3.0, 4.0, -5.0; 9
-2.0, 4.0, -5.0; 8
-1.0, 4.0, -5.0; 8
0.0, 4.0, -5.0; 10
1.0, 4.0, -5.0; 1
2.0, 4.0, -5.0; 1
3.0, 4.0, -5.0; 3
4.0, 4.0, -5.0; 5
5.0, 4.0, -5.0; 1
-8.0, 5.0, -5.0; 2
-7.0, 5.0, -5.0; 8
-6.0, 5.0, -5.0; 4
-5.0, 5.0, -5.0; 13
-4.0, 5.0, -5.0; 4
-3.0, 5.0, -5.0; 2
-2.0, 5.0, -5.0; 1
-1.0, 5.0, -5.0; 1
0.0, 5.0, -5.0; 3
1.0, 5.0, -5.0; 1
2.0, 5.0, -5.0; 1
4.0, 5.0, -5.0; 1
5.0, 5.0, -5.0; 2
-7.0, 6.0, -5.0; 1
-5.0, 6.0, -5.0; 6
-4.0, 6.0, -5.0; 10
-3.0, 6.0, -5.0; 8
-2.0, 6.0, -5.0; 6
-1.0, 6.0, -5.0; 4
1.0, 6.0, -5.0; 2
2.0, 6.0, -5.0; 2
3.0, 6.0, -5.0; 6
-5.0, 7.0, -5.0; 2
-4.0, 7.0, -5.0; 2
-3.0, 7.0, -5.0; 2
-2.0, 7.0, -5.0; 4
-1.0, 7.0, -5.0; 1
0.0, 7.0, -5.0; 3
1.0, 7.0, -5.0; 2
3.0, 7.0, -5.0; 1
-4.0, 8.0, -5.0; 1
-1.0, 8.0, -5.0; 5
0.0, 8.0, -5.0; 4
1.0, 8.0, -5.0; 5
2.0, 8.0, -5.0; 2
0.0, -10.0, -4.0; 5
2.0, -10.0, -4.0; 1
-5.0, -9.0, -4.0; 1
-4.0, -9.0, -4.0; 2
-3.0, -9.0, -4.0; 3
-2.0, -9.0, -4.0; 11
-1.0, -9.0, -4.0; 13
0.0, -9.0, -4.0; 8
1.0, -9.0, -4.0; 4
2.0, -9.0, -4.0; 1
3.0, -9.0, -4.0; 2
-6.0, -8.0, -4.0; 2
-5.0, -8.0, -4.0; 4
-4.0, -8.0, -4.0; 10
-3.0, -8.0, -4.0; 3
-2.0, -8.0, -4.0; 39
-1.0, -8.0, -4.0; 68
0.0, -8.0, -4.0; 10
2.0, -8.0, -4.0; 2
5.0, -8.0, -4.0; 1
-7.0, -7.0, -4.0; 2
-6.0, -7.0, -4.0; 2
-5.0, -7.0, -4.0; 2
-4.0, -7.0, -4.0; 3
-3.0, -7.0, -4.0; 1
-2.0, -7.0, -4.0; 1
-1.0, -7.0, -4.0; 1
0.0, -7.0, -4.0; 8
1.0, -7.0, -4.0; 8
2.0, -7.0, -4.0; 2
5.0, -7.0, -4.0; 5
-8.0, -6.0, -4.0; 3
-7.0, -6.0, -4.0; 9
-6.0, -6.0, -4.0; 2
-5.0, -6.0, -4.0; 2
-3.0, -6.0, -4.0; 1
-2.0, -6.0, -4.0; 2
-1.0, -6.0, -4.0; 4
0.0, -6.0, -4.0; 15
1.0, -6.0, -4.0; 28
2.0, -6.0, -4.0; 10
3.0, -6.0, -4.0; 3
-9.0, -5.0, -4.0; 2
-8.0, -5.0, -4.0; 2
-7.0, -5.0, -4.0; 4
-6.0, -5.0, -4.0; 1
-5.0, -5.0, -4.0; 1
-3.0, -5.0, -4.0; 4
-2.0, -5.0, -4.0; 15
-1.0, -5.0, -4.0; 61
0.0, -5.0, -4.0; 13
1.0, -5.0, -4.0; 29
2.0, -5.0, -4.0; 25
3.0, -5.0, -4.0; 1
6.0, -5.0, -4.0; 1
-9.0, -4.0, -4.0; 1
-8.0, -4.0, -4.0; 10
-7.0, -4.0, -4.0; 3
-6.0, -4.0, -4.0; 2
-5.0, -4.0, -4.0; 4
-4.0, -4.0, -4.0; 25
-3.0, -4.0, -4.0; 12
-2.0, -4.0, -4.0; 7
-1.0, -4.0, -4.0; 17
0.0, -4.0, -4.0; 9
1.0, -4.0, -4.0; 30
2.0, -4.0, -4.0; 67
3.0, -4.0, -4.0; 5
4.0, -4.0, -4.0; 1
5.0, -4.0, -4.0; 2
7.0, -4.0, -4.0; 1
-9.0, -3.0, -4.0; 7
-8.0, -3.0, -4.0; 3
-7.0, -3.0, -4.0; 8
-6.0, -3.0, -4.0; 6
-5.0, -3.0, -4.0; 24
-4.0, -3.0, -4.0; 63
-3.0, -3.0, -4.0; 30
-2.0, -3.0, -4.0; 1
0.0, -3.0, -4.0; 1
1.0, -3.0, -4.0; 183
2.0, -3.0, -4.0; 79
3.0, -3.0, -4.0; 6
5.0, -3.0, -4.0; 4
6.0, -3.0, -4.0; 2
-10.0, -2.0, -4.0; 1
-9.0, -2.0, -4.0; 4
-8.0, -2.0, -4.0; 4
-7.0, -2.0, -4.0; 9
-6.0, -2.0, -4.0; 3
-5.0, -2.0, -4.0; 9
-4.0, -2.0, -4.0; 20
-3.0, -2.0, -4.0; 6
1.0, -2.0, -4.0; 2
2.0, -2.0, -4.0; 5
3.0, -2.0, -4.0; 2
4.0, -2.0, -4.0; 4
5.0, -2.0, -4.0; 7
6.0, -2.0, -4.0; 4
-9.0, -1.0, -4.0; 1
-8.0, -1.0, -4.0; 6
-7.0, -1.0, -4.0; 20
-6.0, -1.0, -4.0; 1
-5.0, -1.0, -4.0; 5
-4.0, -1.0, -4.0; 3
-3.0, -1.0, -4.0; 1
2.0, -1.0, -4.0; 1
4.0, -1.0, -4.0; 4
5.0, -1.0, -4.0; 5
7.0, -1.0, -4.0; 1
-9.0, 0.0, -4.0; 1
-8.0, 0.0, -4.0; 5
-7.0, 0.0, -4.0; 7
-6.0, 0.0, -4.0; 4
-5.0, 0.0, -4.0; 2
-4.0, 0.0, -4.0; 5
-3.0, 0.0, -4.0; 1
2.0, 0.0, -4.0; 1
3.0, 0.0, -4.0; 7
4.0, 0.0, -4.0; 3
5.0, 0.0, -4.0; 5
9.0, 0.0, -4.0; 1
-10.0, 1.0, -4.0; 1
-9.0, 1.0, -4.0; 1
-8.0, 1.0, -4.0; 6
-6.0, 1.0, -4.0; 23
-5.0, 1.0, -4.0; 12
-4.0, 1.0, -4.0; 15
1.0, 1.0, -4.0; 2
2.0, 1.0, -4.0; 2
3.0, 1.0, -4.0; 3
4.0, 1.0, -4.0; 5
5.0, 1.0, -4.0; 1
6.0, 1.0, -4.0; 1
-9.0, 2.0, -4.0; 5
-8.0, 2.0, -4.0; 6
-7.0, 2.0, -4.0; 2
-6.0, 2.0, -4.0; 29
-5.0, 2.0, -4.0; 10
-4.0, 2.0, -4.0; 5
-3.0, 2.0, -4.0; 1
2.0, 2.0, -4.0; 2
3.0, 2.0, -4.0; 8
4.0, 2.0, -4.0; 1
5.0, 2.0, -4.0; 3
-9.0, 3.0, -4.0; 4
-8.0, 3.0, -4.0; 9
-6.0, 3.0, -4.0; 6
-5.0, 3.0, -4.0; 6
-4.0, 3.0, -4.0; 2
-3.0, 3.0, -4.0; 2
-1.0, 3.0, -4.0; 1
0.0, 3.0, -4.0; 8
1.0, 3.0, -4.0; 9
2.0, 3.0, -4.0; 4
4.0, 3.0, -4.0; 3
5.0, 3.0, -4.0; 2
-9.0, 4.0, -4.0; 4
-8.0, 4.0, -4.0; 6
-7.0, 4.0, -4.0; 7
-6.0, 4.0, -4.0; 6
-5.0, 4.0, -4.0; 1
-3.0, 4.0, -4.0; 7
-2.0, 4.0, -4.0; 8
-1.0, 4.0, -4.0; 18
0.0, 4.0, -4.0; 20
1.0, 4.0, -4.0; 12
2.0, 4.0, -4.0; 1
3.0, 4.0, -4.0; 2
4.0, 4.0, -4.0; 3
5.0, 4.0, -4.0; 2
7.0, 4.0, -4.0; 1
8.0, 4.0, -4.0; 1
-8.0, 5.0, -4.0; 6
-7.0, 5.0, -4.0; 5
-6.0, 5.0, -4.0; 4
-5.0, 5.0, -4.0; 3
-4.0, 5.0, -4.0; 1
-3.0, 5.0, -4.0; 3
-2.0, 5.0, -4.0; 29
-1.0, 5.0, -4.0; 87
0.0, 5.0, -4.0; 26
1.0, 5.0, -4.0; 1
3.0, 5.0, -4.0; 1
4.0, 5.0, -4.0; 2
5.0, 5.0, -4.0; 3
-7.0, 6.0, -4.0; 10
-6.0, 6.0, -4.0; 4
-5.0, 6.0, -4.0; 5
-4.0, 6.0, -4.0; 1
-2.0, 6.0, -4.0; 3
-1.0, 6.0, -4.0; 4
0.0, 6.0, -4.0; 4
1.0, 6.0, -4.0; 1
2.0, 6.0, -4.0; 3
3.0, 6.0, -4.0; 6
5.0, 6.0, -4.0; 1
-6.0, 7.0, -4.0; 1
-4.0, 7.0, -4.0; 4
-3.0, 7.0, -4.0; 2
-2.0, 7.0, -4.0; 4
-1.0, 7.0, -4.0; 1
0.0, 7.0, -4.0; 3
1.0, 7.0, -4.0; 5
2.0, 7.0, -4.0; 4
3.0, 7.0, -4.0; 1
4.0, 7.0, -4.0; 1
-4.0, 8.0, -4.0; 3
-3.0, 8.0, -4.0; 5
-2.0, 8.0, -4.0; 4
-1.0, 8.0, -4.0; 6
0.0, 8.0, -4.0; 5
1.0, 8.0, -4.0; 7
2.0, 8.0, -4.0; 4
-1.0, 9.0, -4.0; 4
0.0, 9.0, -4.0; 4
1.0, 9.0, -4.0; 2
2.0, 9.0, -4.0; 1
-3.0, -10.0, -3.0; 2
-2.0, -10.0, -3.0; 8
-1.0, -10.0, -3.0; 13
0.0, -10.0, -3.0; 12
1.0, -10.0, -3.0; 3
-5.0, -9.0, -3.0; 4
-4.0, -9.0, -3.0; 4
-3.0, -9.0, -3.0; 3
-2.0, -9.0, -3.0; 7
-1.0, -9.0, -3.0; 12
0.0, -9.0, -3.0; 9
1.0, -9.0, -3.0; 4
2.0, -9.0, -3.0; 5
3.0, -9.0, -3.0; 1
-7.0, -8.0, -3.0; 1
-6.0, -8.0, -3.0; 4
-5.0, -8.0, -3.0; 3
-4.0, -8.0, -3.0; 3
-3.0, -8.0, -3.0; 3
-2.0, -8.0, -3.0; 3
-1.0, -8.0, -3.0; 5
0.0, -8.0, -3.0; 7
1.0, -8.0, -3.0; 2
2.0, -8.0, -3.0; 2
3.0, -8.0, -3.0; 1
4.0, -8.0, -3.0; 1
5.0, -8.0, -3.0; 1
-8.0, -7.0, -3.0; 1
-7.0, -7.0, -3.0; 6
-6.0, -7.0, -3.0; 2
-5.0, -7.0, -3.0; 2
-3.0, -7.0, -3.0; 1
0.0, -7.0, -3.0; 22
1.0, -7.0, -3.0; 28
2.0, -7.0, -3.0; 1
4.0, -7.0, -3.0; 2
5.0, -7.0, -3.0; 3
6.0, -7.0, -3.0; 2
-9.0, -6.0, -3.0; 1
-8.0, -6.0, -3.0; 3
-7.0, -6.0, -3.0; 3
-2.0, -6.0, -3.0; 1
-1.0, -6.0, -3.0; 16
0.0, -6.0, -3.0; 43
1.0, -6.0, -3.0; 527
2.0, -6.0, -3.0; 38
3.0, -6.0, -3.0; 2
4.0, -6.0, -3.0; 1
5.0, -6.0, -3.0; 2
6.0, -6.0, -3.0; 1
-9.0, -5.0, -3.0; 1
-8.0, -5.0, -3.0; 6
-7.0, -5.0, -3.0; 4
-6.0, -5.0, -3.0; 1
-1.0, -5.0, -3.0; 1
0.0, -5.0, -3.0; 19
1.0, -5.0, -3.0; 19
2.0, -5.0, -3.0; 39
3.0, -5.0, -3.0; 1
4.0, -5.0, -3.0; 1
5.0, -5.0, -3.0; 1
6.0, -5.0, -3.0; 1
7.0, -5.0, -3.0; 2
-9.0, -4.0, -3.0; 6
-8.0, -4.0, -3.0; 5
-7.0, -4.0, -3.0; 4
-6.0, -4.0, -3.0; 5
-5.0, -4.0, -3.0; 8
-4.0, -4.0, -3.0; 2
0.0, -4.0, -3.0; 1
1.0, -4.0, -3.0; 1
2.0, -4.0, -3.0; 17
3.0, -4.0, -3.0; 1
5.0, -4.0, -3.0; 1
6.0, -4.0, -3.0; 2
-9.0, -3.0, -3.0; 6
-8.0, -3.0, -3.0; 8
-7.0, -3.0, -3.0; 3
-6.0, -3.0, -3.0; 6
-5.0, -3.0, -3.0; 23
-4.0, -3.0, -3.0; 3
-3.0, -3.0, -3.0; 2
2.0, -3.0, -3.0; 2
3.0, -3.0, -3.0; 3
4.0, -3.0, -3.0; 2
5.0, -3.0, -3.0; 2
-10.0, -2.0, -3.0; 2
-9.0, -2.0, -3.0; 5
-8.0, -2.0, -3.0; 4
-7.0, -2.0, -3.0; 19
-6.0, -2.0, -3.0; 7
-5.0, -2.0, -3.0; 32
-4.0, -2.0, -3.0; 1
4.0, -2.0, -3.0; 1
5.0, -2.0, -3.0; 4
-10.0, -1.0, -3.0; 2
-9.0, -1.0, -3.0; 5
-8.0, -1.0, -3.0; 18
-7.0, -1.0, -3.0; 10
-5.0, -1.0, -3.0; 3
5.0, -1.0, -3.0; 4
-9.0, 0.0, -3.0; 2
-8.0, 0.0, -3.0; 10
-7.0, 0.0, -3.0; 1
-6.0, 0.0, -3.0; 29
-5.0, 0.0, -3.0; 5
4.0, 0.0, -3.0; 1
-10.0, 1.0, -3.0; 1
-9.0, 1.0, -3.0; 5
-8.0, 1.0, -3.0; 5
-7.0, 1.0, -3.0; 1
-6.0, 1.0, -3.0; 68
-5.0, 1.0, -3.0; 28
-4.0, 1.0, -3.0; 1
3.0, 1.0, -3.0; 1
4.0, 1.0, -3.0; 2
5.0, 1.0, -3.0; 5
6.0, 1.0, -3.0; 1
-9.0, 2.0, -3.0; 4
-8.0, 2.0, -3.0; 5
-7.0, 2.0, -3.0; 6
-6.0, 2.0, -3.0; 14
-5.0, 2.0, -3.0; 9
-4.0, 2.0, -3.0; 1
-3.0, 2.0, -3.0; 1
3.0, 2.0, -3.0; 1
4.0, 2.0, -3.0; 4
5.0, 2.0, -3.0; 1
6.0, 2.0, -3.0; 1
7.0, 2.0, -3.0; 2
-9.0, 3.0, -3.0; 6
-8.0, 3.0, -3.0; 5
-7.0, 3.0, -3.0; 5
-6.0, 3.0, -3.0; 18
-5.0, 3.0, -3.0; 3
-2.0, 3.0, -3.0; 1
2.0, 3.0, -3.0; 1
3.0, 3.0, -3.0; 2
4.0, 3.0, -3.0; 3
5.0, 3.0, -3.0; 1
-9.0, 4.0, -3.0; 2
-8.0, 4.0, -3.0; 8
-7.0, 4.0, -3.0; 1
-5.0, 4.0, -3.0; 1
-1.0, 4.0, -3.0; 1
0.0, 4.0, -3.0; 4
1.0, 4.0, -3.0; 19
2.0, 4.0, -3.0; 2
3.0, 4.0, -3.0; 1
4.0, 4.0, -3.0; 5
5.0, 4.0, -3.0; 1
8.0, 4.0, -3.0; 1
-9.0, 5.0, -3.0; 2
-8.0, 5.0, -3.0; 11
-7.0, 5.0, -3.0; 10
-6.0, 5.0, -3.0; 3
-5.0, 5.0, -3.0; 1
-2.0, 5.0, -3.0; 7
-1.0, 5.0, -3.0; 42
0.0, 5.0, -3.0; 52
1.0, 5.0, -3.0; 21
2.0, 5.0, -3.0; 1
4.0, 5.0, -3.0; 5
5.0, 5.0, -3.0; 1
-8.0, 6.0, -3.0; 3
-7.0, 6.0, -3.0; 4
-6.0, 6.0, -3.0; 3
-5.0, 6.0, -3.0; 1
-4.0, 6.0, -3.0; 2
-3.0, 6.0, -3.0; 1
-2.0, 6.0, -3.0; 15
-1.0, 6.0, -3.0; 53
0.0, 6.0, -3.0; 67
1.0, 6.0, -3.0; 7
2.0, 6.0, -3.0; 1
4.0, 6.0, -3.0; 3
5.0, 6.0, -3.0; 1
6.0, 6.0, -3.0; 1
7.0, 6.0, -3.0; 1
-7.0, 7.0, -3.0; 2
-6.0, 7.0, -3.0; 4
-5.0, 7.0, -3.0; 6
-3.0, 7.0, -3.0; 2
-2.0, 7.0, -3.0; 1
-1.0, 7.0, -3.0; 5
1.0, 7.0, -3.0; 2
2.0, 7.0, -3.0; 6
3.0, 7.0, -3.0; 3
4.0, 7.0, -3.0; 2
-5.0, 8.0, -3.0; 2
-4.0, 8.0, -3.0; 4
-3.0, 8.0, -3.0; 11
-2.0, 8.0, -3.0; 9
-1.0, 8.0, -3.0; 7
0.0, 8.0, -3.0; 5
1.0, 8.0, -3.0; 13
2.0, 8.0, -3.0; 2
3.0, 8.0, -3.0; 1
-3.0, 9.0, -3.0; 2
-2.0, 9.0, -3.0; 2
-1.0, 9.0, -3.0; 2
0.0, 9.0, -3.0; 8
1.0, 9.0, -3.0; 7
2.0, 9.0, -3.0; 2
-4.0, -10.0, -2.0; 3
-3.0, -10.0, -2.0; 17
-2.0, -10.0, -2.0; 13
-1.0, -10.0, -2.0; 12
0.0, -10.0, -2.0; 12
1.0, -10.0, -2.0; 5
2.0, -10.0, -2.0; 2
-6.0, -9.0, -2.0; 3
-5.0, -9.0, -2.0; 7
-4.0, -9.0, -2.0; 3
-3.0, -9.0, -2.0; 8
-2.0, -9.0, -2.0; 10
-1.0, -9.0, -2.0; 8
0.0, -9.0, -2.0; 8
1.0, -9.0, -2.0; 6
2.0, -9.0, -2.0; 2
3.0, -9.0, -2.0; 3
4.0, -9.0, -2.0; 1
-6.0, -8.0, -2.0; 2
-5.0, -8.0, -2.0; 3
-4.0, -8.0, -2.0; 2
-3.0, -8.0, -2.0; 2
-2.0, -8.0, -2.0; 1
-1.0, -8.0, -2.0; 3
0.0, -8.0, -2.0; 7
1.0, -8.0, -2.0; 2
2.0, -8.0, -2.0; 1
3.0, -8.0, -2.0; 1
4.0, -8.0, -2.0; 1
-8.0, -7.0, -2.0; 2
-7.0, -7.0, -2.0; 3
-6.0, -7.0, -2.0; 4
-1.0, -7.0, -2.0; 7
0.0, -7.0, -2.0; 39
1.0, -7.0, -2.0; 43
2.0, -7.0, -2.0; 10
4.0, -7.0, -2.0; 1
5.0, -7.0, -2.0; 2
7.0, -7.0, -2.0; 2
-9.0, -6.0, -2.0; 1
-8.0, -6.0, -2.0; 10
-7.0, -6.0, -2.0; 2
-6.0, -6.0, -2.0; 2
-5.0, -6.0, -2.0; 1
-4.0, -6.0, -2.0; 1
-1.0, -6.0, -2.0; 6
0.0, -6.0, -2.0; 25
1.0, -6.0, -2.0; 254
2.0, -6.0, -2.0; 35
3.0, -6.0, -2.0; 4
4.0, -6.0, -2.0; 3
5.0, -6.0, -2.0; 3
-9.0, -5.0, -2.0; 1
-8.0, -5.0, -2.0; 12
-7.0, -5.0, -2.0; 1
-6.0, -5.0, -2.0; 2
1.0, -5.0, -2.0; 5
2.0, -5.0, -2.0; 16
3.0, -5.0, -2.0; 5
4.0, -5.0, -2.0; 1
5.0, -5.0, -2.0; 3
7.0, -5.0, -2.0; 1
-9.0, -4.0, -2.0; 5
-8.0, -4.0, -2.0; 5
-7.0, -4.0, -2.0; 5
-5.0, -4.0, -2.0; 3
3.0, -4.0, -2.0; 2
6.0, -4.0, -2.0; 1
-10.0, -3.0, -2.0; 3
-9.0, -3.0, -2.0; 7
-8.0, -3.0, -2.0; 12
-6.0, -3.0, -2.0; 8
-5.0, -3.0, -2.0; 9
5.0, -3.0, -2.0; 2
6.0, -3.0, -2.0; 1
-9.0, -2.0, -2.0; 5
-8.0, -2.0, -2.0; 5
-7.0, -2.0, -2.0; 8
-6.0, -2.0, -2.0; 3
-5.0, -2.0, -2.0; 14
7.0, -2.0, -2.0; 2
-10.0, -1.0, -2.0; 2
-9.0, -1.0, -2.0; 3
-8.0, -1.0, -2.0; 9
-7.0, -1.0, -2.0; 2
-5.0, -1.0, -2.0; 2
6.0, -1.0, -2.0; 2
-10.0, 0.0, -2.0; 6
-9.0, 0.0, -2.0; 4
-8.0, 0.0, -2.0; 5
-7.0, 0.0, -2.0; 2
-6.0, 0.0, -2.0; 22
-5.0, 0.0, -2.0; 2
5.0, 0.0, -2.0; 2
-10.0, 1.0, -2.0; 4
-9.0, 1.0, -2.0; 3
-8.0, 1.0, -2.0; 3
-7.0, 1.0, -2.0; 2
-6.0, 1.0, -2.0; 416
-5.0, 1.0, -2.0; 29
-10.0, 2.0, -2.0; 1
-9.0, 2.0, -2.0; 3
-8.0, 2.0, -2.0; 3
-7.0, 2.0, -2.0; 11
-6.0, 2.0, -2.0; 38
-5.0, 2.0, -2.0; 25
4.0, 2.0, -2.0; 3
-10.0, 3.0, -2.0; 1
-9.0, 3.0, -2.0; 5
-8.0, 3.0, -2.0; 4
-7.0, 3.0, -2.0; 3
-6.0, 3.0, -2.0; 15
-4.0, 3.0, -2.0; 1
4.0, 3.0, -2.0; 1
5.0, 3.0, -2.0; 2
8.0, 3.0, -2.0; 1
-9.0, 4.0, -2.0; 2
-8.0, 4.0, -2.0; 4
-7.0, 4.0, -2.0; 1
-6.0, 4.0, -2.0; 2
-5.0, 4.0, -2.0; 4
-4.0, 4.0, -2.0; 1
1.0, 4.0, -2.0; 7
2.0, 4.0, -2.0; 9
4.0, 4.0, -2.0; 6
5.0, 4.0, -2.0; 1
-9.0, 5.0, -2.0; 3
-8.0, 5.0, -2.0; 10
-7.0, 5.0, -2.0; 7
-5.0, 5.0, -2.0; 1
-2.0, 5.0, -2.0; 1
-1.0, 5.0, -2.0; 3
0.0, 5.0, -2.0; 22
1.0, 5.0, -2.0; 29
2.0, 5.0, -2.0; 4
3.0, 5.0, -2.0; 3
4.0, 5.0, -2.0; 10
5.0, 5.0, -2.0; 2
6.0, 5.0, -2.0; 2
-7.0, 6.0, -2.0; 22
-6.0, 6.0, -2.0; 16
-5.0, 6.0, -2.0; 9
-3.0, 6.0, -2.0; 2
-2.0, 6.0, -2.0; 17
-1.0, 6.0, -2.0; 77
0.0, 6.0, -2.0; 132
1.0, 6.0, -2.0; 32
2.0, 6.0, -2.0; 1
3.0, 6.0, -2.0; 3
4.0, 6.0, -2.0; 3
6.0, 6.0, -2.0; 2
-7.0, 7.0, -2.0; 5
-6.0, 7.0, -2.0; 9
-5.0, 7.0, -2.0; 15
-4.0, 7.0, -2.0; 7
-3.0, 7.0, -2.0; 1
-2.0, 7.0, -2.0; 1
-1.0, 7.0, -2.0; 2
0.0, 7.0, -2.0; 3
1.0, 7.0, -2.0; 2
2.0, 7.0, -2.0; 5
3.0, 7.0, -2.0; 4
-5.0, 8.0, -2.0; 2
-4.0, 8.0, -2.0; 2
-3.0, 8.0, -2.0; 16
-2.0, 8.0, -2.0; 6
-1.0, 8.0, -2.0; 3
0.0, 8.0, -2.0; 7
1.0, 8.0, -2.0; 6
2.0, 8.0, -2.0; 2
-4.0, 9.0, -2.0; 2
-3.0, 9.0, -2.0; 3
-2.0, 9.0, -2.0; 2
-1.0, 9.0, -2.0; 12
0.0, 9.0, -2.0; 5
1.0, 9.0, -2.0; 11
2.0, 9.0, -2.0; 5
-4.0, -10.0, -1.0; 11
-3.0, -10.0, -1.0; 16
-2.0, -10.0, -1.0; 18
-1.0, -10.0, -1.0; 20
0.0, -10.0, -1.0; 15
1.0, -10.0, -1.0; 11
3.0, -10.0, -1.0; 2
-6.0, -9.0, -1.0; 8
-5.0, -9.0, -1.0; 9
-4.0, -9.0, -1.0; 2
-3.0, -9.0, -1.0; 7
-2.0, -9.0, -1.0; 5
-1.0, -9.0, -1.0; 11
0.0, -9.0, -1.0; 7
1.0, -9.0, -1.0; 9
2.0, -9.0, -1.0; 4
3.0, -9.0, -1.0; 2
4.0, -9.0, -1.0; 1
5.0, -9.0, -1.0; 2
-7.0, -8.0, -1.0; 9
-6.0, -8.0, -1.0; 10
-5.0, -8.0, -1.0; 3
-4.0, -8.0, -1.0; 2
-3.0, -8.0, -1.0; 1
-2.0, -8.0, -1.0; 4
-1.0, -8.0, -1.0; 12
0.0, -8.0, -1.0; 7
1.0, -8.0, -1.0; 2
2.0, -8.0, -1.0; 1
3.0, -8.0, -1.0; 3
4.0, -8.0, -1.0; 3
-8.0, -7.0, -1.0; 4
-7.0, -7.0, -1.0; 4
-6.0, -7.0, -1.0; 1
-3.0, -7.0, -1.0; 2
-2.0, -7.0, -1.0; 9
-1.0, -7.0, -1.0; 54
0.0, -7.0, -1.0; 63
1.0, -7.0, -1.0; 21
2.0, -7.0, -1.0; 6
3.0, -7.0, -1.0; 3
4.0, -7.0, -1.0; 6
5.0, -7.0, -1.0; 2
-8.0, -6.0, -1.0; 9
-7.0, -6.0, -1.0; 3
-1.0, -6.0, -1.0; 9
0.0, -6.0, -1.0; 12
1.0, -6.0, -1.0; 10
2.0, -6.0, -1.0; 11
3.0, -6.0, -1.0; 3
4.0, -6.0, -1.0; 1
5.0, -6.0, -1.0; 3
-9.0, -5.0, -1.0; 4
-8.0, -5.0, -1.0; 7
-7.0, -5.0, -1.0; 3
-6.0, -5.0, -1.0; 3
-5.0, -5.0, -1.0; 1
0.0, -5.0, -1.0; 1
2.0, -5.0, -1.0; 6
3.0, -5.0, -1.0; 3
5.0, -5.0, -1.0; 1
-10.0, -4.0, -1.0; 3
-9.0, -4.0, -1.0; 8
-8.0, -4.0, -1.0; 7
-7.0, -4.0, -1.0; 13
-6.0, -4.0, -1.0; 1
-5.0, -4.0, -1.0; 4
2.0, -4.0, -1.0; 1
3.0, -4.0, -1.0; 1
5.0, -4.0, -1.0; 1
9.0, -4.0, -1.0; 1
-10.0, -3.0, -1.0; 1
-9.0, -3.0, -1.0; 8
-8.0, -3.0, -1.0; 4
-7.0, -3.0, -1.0; 2
-6.0, -3.0, -1.0; 6
-5.0, -3.0, -1.0; 4
-4.0, -3.0, -1.0; 1
4.0, -3.0, -1.0; 1
7.0, -3.0, -1.0; 1
-10.0, -2.0, -1.0; 6
-9.0, -2.0, -1.0; 3
-8.0, -2.0, -1.0; 7
-7.0, -2.0, -1.0; 7
-6.0, -2.0, -1.0; 8
-5.0, -2.0, -1.0; 5
-10.0, -1.0, -1.0; 1
-9.0, -1.0, -1.0; 1
-8.0, -1.0, -1.0; 5
-7.0, -1.0, -1.0; 10
-6.0, -1.0, -1.0; 1
6.0, -1.0, -1.0; 1
-10.0, 0.0, -1.0; 1
-9.0, 0.0, -1.0; 2
-8.0, 0.0, -1.0; 6
-7.0, 0.0, -1.0; 9
-6.0, 0.0, -1.0; 15
-5.0, 0.0, -1.0; 1
-10.0, 1.0, -1.0; 1
-9.0, 1.0, -1.0; 2
-8.0, 1.0, -1.0; 5
-7.0, 1.0, -1.0; 2
-6.0, 1.0, -1.0; 1172
-5.0, 1.0, -1.0; 101
5.0, 1.0, -1.0; 1
-9.0, 2.0, -1.0; 3
-8.0, 2.0, -1.0; 2
-7.0, 2.0, -1.0; 3
-6.0, 2.0, -1.0; 95
-5.0, 2.0, -1.0; 98
-4.0, 2.0, -1.0; 1
4.0, 2.0, -1.0; 1
5.0, 2.0, -1.0; 1
7.0, 2.0, -1.0; 1
-10.0, 3.0, -1.0; 1
-9.0, 3.0, -1.0; 4
-8.0, 3.0, -1.0; 6
-7.0, 3.0, -1.0; 8
-6.0, 3.0, -1.0; 11
-5.0, 3.0, -1.0; 7
-4.0, 3.0, -1.0; 2
-3.0, 3.0, -1.0; 1
4.0, 3.0, -1.0; 3
5.0, 3.0, -1.0; 1
-9.0, 4.0, -1.0; 5
-8.0, 4.0, -1.0; 8
-7.0, 4.0, -1.0; 7
-6.0, 4.0, -1.0; 16
-5.0, 4.0, -1.0; 12
-4.0, 4.0, -1.0; 1
-1.0, 4.0, -1.0; 1
1.0, 4.0, -1.0; 1
2.0, 4.0, -1.0; 3
3.0, 4.0, -1.0; 4
4.0, 4.0, -1.0; 4
5.0, 4.0, -1.0; 1
7.0, 4.0, -1.0; 2
-9.0, 5.0, -1.0; 3
-8.0, 5.0, -1.0; 6
-7.0, 5.0, -1.0; 16
-5.0, 5.0, -1.0; 5
-4.0, 5.0, -1.0; 2
-2.0, 5.0, -1.0; 2
-1.0, 5.0, -1.0; 5
0.0, 5.0, -1.0; 15
1.0, 5.0, -1.0; 23
2.0, 5.0, -1.0; 8
4.0, 5.0, -1.0; 3
5.0, 5.0, -1.0; 2
-8.0, 6.0, -1.0; 8
-7.0, 6.0, -1.0; 66
-6.0, 6.0, -1.0; 324
-5.0, 6.0, -1.0; 48
-4.0, 6.0, -1.0; 3
-3.0, 6.0, -1.0; 4
-2.0, 6.0, -1.0; 28
-1.0, 6.0, -1.0; 96
0.0, 6.0, -1.0; 125
1.0, 6.0, -1.0; 44
3.0, 6.0, -1.0; 4
4.0, 6.0, -1.0; 6
5.0, 6.0, -1.0; 1
-7.0, 7.0, -1.0; 5
-6.0, 7.0, -1.0; 40
-5.0, 7.0, -1.0; 68
-4.0, 7.0, -1.0; 13
-3.0, 7.0, -1.0; 5
-2.0, 7.0, -1.0; 2
-1.0, 7.0, -1.0; 13
0.0, 7.0, -1.0; 22
1.0, 7.0, -1.0; 1
2.0, 7.0, -1.0; 2
3.0, 7.0, -1.0; 1
5.0, 7.0, -1.0; 2
-5.0, 8.0, -1.0; 7
-4.0, 8.0, -1.0; 7
-3.0, 8.0, -1.0; 12
-2.0, 8.0, -1.0; 4
-1.0, 8.0, -1.0; 2
0.0, 8.0, -1.0; 8
1.0, 8.0, -1.0; 5
2.0, 8.0, -1.0; 1
3.0, 8.0, -1.0; 2
-5.0, 9.0, -1.0; 1
-4.0, 9.0, -1.0; 1
-3.0, 9.0, -1.0; 5
-2.0, 9.0, -1.0; 14
-1.0, 9.0, -1.0; 16
0.0, 9.0, -1.0; 21
1.0, 9.0, -1.0; 17
2.0, 9.0, -1.0; 6
-4.0, -10.0, 0.0; 5
-3.0, -10.0, 0.0; 6
-2.0, -10.0, 0.0; 12
-1.0, -10.0, 0.0; 13
0.0, -10.0, 0.0; 11
1.0, -10.0, 0.0; 4
2.0, -10.0, 0.0; 2
4.0, -10.0, 0.0; 1
-6.0, -9.0, 0.0; 6
-5.0, -9.0, 0.0; 10
-4.0, -9.0, 0.0; 7
-3.0, -9.0, 0.0; 5
-2.0, -9.0, 0.0; 2
-1.0, -9.0, 0.0; 8
0.0, -9.0, 0.0; 3
1.0, -9.0, 0.0; 8
2.0, -9.0, 0.0; 2
3.0, -9.0, 0.0; 1
-7.0, -8.0, 0.0; 5
-6.0, -8.0, 0.0; 7
-5.0, -8.0, 0.0; 4
-4.0, -8.0, 0.0; 2
-2.0, -8.0, 0.0; 12
-1.0, -8.0, 0.0; 12
0.0, -8.0, 0.0; 6
1.0, -8.0, 0.0; 3
2.0, -8.0, 0.0; 2
3.0, -8.0, 0.0; 4
5.0, -8.0, 0.0; 1
-8.0, -7.0, 0.0; 3
-7.0, -7.0, 0.0; 12
-6.0, -7.0, 0.0; 1
-5.0, -7.0, 0.0; 1
-4.0, -7.0, 0.0; 5
-3.0, -7.0, 0.0; 22
-2.0, -7.0, 0.0; 60
-1.0, -7.0, 0.0; 77
0.0, -7.0, 0.0; 49
1.0, -7.0, 0.0; 14
2.0, -7.0, 0.0; 3
3.0, -7.0, 0.0; 7
4.0, -7.0, 0.0; 5
5.0, -7.0, 0.0; 2
6.0, -7.0, 0.0; 2
-9.0, -6.0, 0.0; 1
-8.0, -6.0, 0.0; 7
-7.0, -6.0, 0.0; 2
-6.0, -6.0, 0.0; 4
-5.0, -6.0, 0.0; 14
-4.0, -6.0, 0.0; 2
-3.0, -6.0, 0.0; 3
-2.0, -6.0, 0.0; 22
-1.0, -6.0, 0.0; 16
0.0, -6.0, 0.0; 19
1.0, -6.0, 0.0; 6
2.0, -6.0, 0.0; 4
3.0, -6.0, 0.0; 5
4.0, -6.0, 0.0; 3
-9.0, -5.0, 0.0; 5
-8.0, -5.0, 0.0; 13
-7.0, -5.0, 0.0; 7
-6.0, -5.0, 0.0; 29
-5.0, -5.0, 0.0; 7
-4.0, -5.0, 0.0; 3
-3.0, -5.0, 0.0; 1
0.0, -5.0, 0.0; 3
1.0, -5.0, 0.0; 1
2.0, -5.0, 0.0; 8
3.0, -5.0, 0.0; 1
5.0, -5.0, 0.0; 1
-10.0, -4.0, 0.0; 1
-9.0, -4.0, 0.0; 3
-8.0, -4.0, 0.0; 10
-7.0, -4.0, 0.0; 7
-6.0, -4.0, 0.0; 22
-5.0, -4.0, 0.0; 4
2.0, -4.0, 0.0; 1
3.0, -4.0, 0.0; 2
4.0, -4.0, 0.0; 1
7.0, -4.0, 0.0; 2
8.0, -4.0, 0.0; 1
-10.0, -3.0, 0.0; 1
-9.0, -3.0, 0.0; 4
-8.0, -3.0, 0.0; 6
-7.0, -3.0, 0.0; 3
-6.0, -3.0, 0.0; 5
-5.0, -3.0, 0.0; 1
3.0, -3.0, 0.0; 1
8.0, -3.0, 0.0; 1
-10.0, -2.0, 0.0; 5
-9.0, -2.0, 0.0; 5
-8.0, -2.0, 0.0; 1
-7.0, -2.0, 0.0; 4
-6.0, -2.0, 0.0; 7
-5.0, -2.0, 0.0; 2
-10.0, -1.0, 0.0; 2
-9.0, -1.0, 0.0; 1
-8.0, -1.0, 0.0; 6
-7.0, -1.0, 0.0; 15
-6.0, -1.0, 0.0; 2
7.0, -1.0, 0.0; 1
-8.0, 0.0, 0.0; 4
-7.0, 0.0, 0.0; 10
-6.0, 0.0, 0.0; 6
3.0
9.34418604651
